idx	label	predict	basePredict	correct	time
0	3	3	3	1	0:00:01.195323
20	7	7	7	1	0:00:01.071170
40	4	4	4	1	0:00:01.070144
60	7	7	7	1	0:00:01.053649
80	8	8	8	1	0:00:01.042138
100	4	3	3	0	0:00:01.045271
120	8	-1	8	0	0:00:01.060757
140	6	6	6	1	0:00:01.093953
160	2	2	2	1	0:00:01.086748
180	0	0	0	1	0:00:01.062206
200	5	5	5	1	0:00:01.091292
220	7	-1	5	0	0:00:01.046424
240	1	1	1	1	0:00:01.033107
260	8	8	8	1	0:00:01.086841
280	9	9	9	1	0:00:01.070873
300	6	6	6	1	0:00:01.021591
320	3	3	3	1	0:00:01.044713
340	2	4	4	0	0:00:01.080896
360	9	9	9	1	0:00:01.069433
380	6	6	6	1	0:00:01.058921
400	9	9	9	1	0:00:01.073641
420	4	4	4	1	0:00:01.103009
440	1	1	1	1	0:00:01.083497
460	5	5	5	1	0:00:01.083413
480	8	-1	8	0	0:00:01.081146
500	4	6	6	0	0:00:01.089758
520	5	5	5	1	0:00:01.077427
540	1	1	1	1	0:00:01.069530
560	0	0	0	1	0:00:01.038546
580	4	4	4	1	0:00:01.063597
600	8	8	8	1	0:00:01.084417
620	7	7	7	1	0:00:01.064395
640	5	3	3	0	0:00:01.092788
660	9	9	9	1	0:00:01.062494
680	9	-1	7	0	0:00:01.069791
700	7	7	7	1	0:00:01.023883
720	4	4	4	1	0:00:01.045630
740	2	-1	5	0	0:00:01.038458
760	3	3	3	1	0:00:01.085452
780	9	9	9	1	0:00:01.071401
800	7	7	7	1	0:00:01.089915
820	6	-1	5	0	0:00:01.110823
840	7	7	7	1	0:00:01.115639
860	4	4	4	1	0:00:01.103914
880	8	8	8	1	0:00:01.057531
900	2	6	6	0	0:00:01.077934
920	6	-1	0	0	0:00:01.052669
940	9	9	9	1	0:00:01.058110
960	9	9	3	1	0:00:01.074328
980	2	6	2	0	0:00:01.098050
1000	5	5	5	1	0:00:00.991745
1020	1	1	1	1	0:00:00.995936
1040	7	7	7	1	0:00:00.991157
1060	9	9	9	1	0:00:00.985730
1080	6	6	6	1	0:00:01.000872
1100	7	7	7	1	0:00:01.002936
1120	5	2	2	0	0:00:00.982257
1140	6	6	6	1	0:00:00.990475
1160	8	8	8	1	0:00:01.015551
1180	3	-1	2	0	0:00:00.997327
1200	8	8	8	1	0:00:00.993577
1220	9	3	3	0	0:00:00.976359
1240	2	6	6	0	0:00:00.974076
1260	1	9	9	0	0:00:00.970512
1280	3	-1	5	0	0:00:00.995191
1300	4	3	3	0	0:00:00.980511
1320	7	7	7	1	0:00:00.982700
1340	1	1	1	1	0:00:01.011268
1360	7	7	7	1	0:00:00.976481
1380	4	-1	4	0	0:00:00.988462
1400	5	5	5	1	0:00:01.001342
1420	4	4	4	1	0:00:00.995049
1440	0	-1	8	0	0:00:01.000304
1460	6	6	6	1	0:00:00.989518
1480	1	1	1	1	0:00:00.975841
1500	1	1	1	1	0:00:00.976907
1520	7	7	7	1	0:00:00.976901
1540	8	8	8	1	0:00:01.007144
1560	7	7	7	1	0:00:00.994315
1580	6	1	1	0	0:00:00.964071
1600	8	9	9	0	0:00:00.993112
1620	5	3	3	0	0:00:00.985948
1640	7	4	4	0	0:00:00.965274
1660	3	3	3	1	0:00:00.960087
1680	6	6	6	1	0:00:00.958458
1700	5	3	3	0	0:00:00.965641
1720	4	-1	3	0	0:00:00.974586
1740	1	1	1	1	0:00:00.966141
1760	0	0	0	1	0:00:00.973713
1780	7	7	7	1	0:00:00.984802
1800	4	8	8	0	0:00:00.983010
1820	8	8	1	1	0:00:00.983422
1840	8	-1	4	0	0:00:00.964480
1860	8	8	8	1	0:00:00.963472
1880	1	1	1	1	0:00:00.969047
1900	8	8	8	1	0:00:00.972541
1920	2	2	2	1	0:00:00.969331
1940	5	5	5	1	0:00:00.975250
1960	2	5	5	0	0:00:00.985041
1980	9	9	9	1	0:00:00.984915
2000	1	1	1	1	0:00:00.981866
2020	9	9	9	1	0:00:00.987392
2040	0	0	0	1	0:00:00.982226
2060	5	3	3	0	0:00:00.991933
2080	1	1	1	1	0:00:00.996798
2100	2	2	2	1	0:00:01.003901
2120	4	8	8	0	0:00:00.994912
2140	9	9	9	1	0:00:00.984903
2160	0	-1	0	0	0:00:00.995326
2180	4	4	4	1	0:00:00.996424
2200	0	-1	2	0	0:00:01.000878
2220	1	1	1	1	0:00:00.985103
2240	9	9	1	1	0:00:01.001822
2260	4	4	4	1	0:00:00.998938
2280	4	-1	8	0	0:00:01.002821
2300	3	3	3	1	0:00:01.004180
2320	5	3	3	0	0:00:01.001874
2340	7	7	7	1	0:00:00.982210
2360	7	7	7	1	0:00:00.983113
2380	8	8	8	1	0:00:00.987749
2400	0	0	0	1	0:00:00.994071
2420	8	-1	7	0	0:00:00.995242
2440	7	7	7	1	0:00:01.017393
2460	9	9	9	1	0:00:00.995467
2480	8	8	8	1	0:00:00.980473
2500	4	6	6	0	0:00:00.970747
2520	1	-1	3	0	0:00:00.989880
2540	2	2	2	1	0:00:00.975282
2560	7	7	7	1	0:00:00.983707
2580	6	6	6	1	0:00:00.976984
2600	8	8	8	1	0:00:00.968158
2620	1	1	1	1	0:00:00.993184
2640	7	7	7	1	0:00:00.996676
2660	3	3	3	1	0:00:00.979330
2680	0	0	0	1	0:00:00.997680
2700	9	1	1	0	0:00:00.969739
2720	3	3	3	1	0:00:00.967305
2740	1	1	1	1	0:00:00.979785
2760	2	2	2	1	0:00:00.979367
2780	7	7	7	1	0:00:00.987358
2800	4	4	4	1	0:00:01.002267
2820	6	6	6	1	0:00:00.990890
2840	3	3	3	1	0:00:00.990584
2860	5	5	3	1	0:00:00.990405
2880	4	4	4	1	0:00:00.970477
2900	3	3	3	1	0:00:00.965176
2920	2	3	0	0	0:00:00.972643
2940	3	0	0	0	0:00:00.968528
2960	9	9	9	1	0:00:00.969275
2980	8	8	8	1	0:00:00.989461
3000	5	5	5	1	0:00:00.978779
3020	1	1	1	1	0:00:00.970542
3040	7	7	7	1	0:00:00.977198
3060	7	7	7	1	0:00:00.971331
3080	1	1	1	1	0:00:00.937409
3100	0	0	0	1	0:00:00.947976
3120	4	-1	2	0	0:00:00.967726
3140	8	8	8	1	0:00:00.973104
3160	6	2	2	0	0:00:00.977319
3180	3	-1	5	0	0:00:00.978560
3200	5	5	5	1	0:00:00.975955
3220	3	3	3	1	0:00:00.984316
3240	4	4	4	1	0:00:00.987112
3260	7	7	7	1	0:00:00.990144
3280	3	5	5	0	0:00:00.997598
3300	4	4	4	1	0:00:00.990162
3320	2	7	7	0	0:00:00.983989
3340	6	6	6	1	0:00:00.982971
3360	4	4	4	1	0:00:01.004021
3380	8	8	8	1	0:00:00.969690
3400	6	4	4	0	0:00:00.979074
3420	5	-1	3	0	0:00:00.985625
3440	2	3	3	0	0:00:00.986257
3460	1	1	1	1	0:00:00.977336
3480	2	2	2	1	0:00:00.989003
3500	1	1	1	1	0:00:00.989058
3520	1	1	1	1	0:00:00.972998
3540	6	6	3	1	0:00:00.964924
3560	1	9	9	0	0:00:00.975321
3580	4	4	4	1	0:00:00.979220
3600	4	3	3	0	0:00:00.942466
3620	0	0	0	1	0:00:00.977560
3640	6	6	6	1	0:00:00.974655
3660	0	0	0	1	0:00:00.984190
3680	0	0	0	1	0:00:00.975354
3700	3	3	3	1	0:00:00.962742
3720	2	2	2	1	0:00:00.959581
3740	0	0	0	1	0:00:00.971227
3760	7	7	7	1	0:00:00.957513
3780	4	4	4	1	0:00:00.959266
3800	9	9	9	1	0:00:00.956966
3820	0	0	0	1	0:00:00.959136
3840	6	6	6	1	0:00:00.973402
3860	7	7	7	1	0:00:00.978384
3880	6	6	6	1	0:00:00.998697
3900	3	6	6	0	0:00:00.974864
3920	7	7	7	1	0:00:00.971125
3940	6	3	3	0	0:00:00.975257
3960	2	2	2	1	0:00:00.919661
3980	9	-1	5	0	0:00:00.935619
4000	8	4	4	0	0:00:00.957853
4020	8	8	8	1	0:00:00.956803
4040	0	0	0	1	0:00:00.962601
4060	6	6	6	1	0:00:00.964173
4080	1	1	1	1	0:00:00.961289
4100	7	7	7	1	0:00:00.973982
4120	4	4	4	1	0:00:00.985964
4140	5	5	5	1	0:00:00.987990
4160	5	5	5	1	0:00:00.969420
4180	0	8	8	0	0:00:00.985568
4200	4	4	4	1	0:00:00.971507
4220	4	0	0	0	0:00:00.985826
4240	7	7	7	1	0:00:00.952125
4260	8	8	8	1	0:00:00.919911
4280	8	0	0	0	0:00:00.967542
4300	8	8	8	1	0:00:00.988585
4320	1	1	1	1	0:00:00.990114
4340	0	0	0	1	0:00:01.010353
4360	6	9	9	0	0:00:00.994541
4380	9	9	9	1	0:00:00.983211
4400	3	5	5	0	0:00:00.983051
4420	5	5	5	1	0:00:00.981871
4440	2	2	2	1	0:00:00.982601
4460	9	9	9	1	0:00:00.967064
4480	9	9	9	1	0:00:00.984270
4500	3	3	3	1	0:00:00.980030
4520	3	6	3	0	0:00:00.974045
4540	9	9	9	1	0:00:01.006989
4560	1	1	1	1	0:00:00.978738
4580	6	6	4	1	0:00:00.982260
4600	4	4	4	1	0:00:00.976858
4620	7	3	3	0	0:00:00.976579
4640	2	2	2	1	0:00:00.984127
4660	7	7	7	1	0:00:00.972455
4680	9	9	9	1	0:00:00.982519
4700	6	-1	5	0	0:00:00.978780
4720	8	8	8	1	0:00:00.975450
4740	5	3	3	0	0:00:01.020444
4760	3	2	2	0	0:00:00.994840
4780	0	0	0	1	0:00:00.982699
4800	9	9	9	1	0:00:00.965482
4820	3	3	3	1	0:00:00.981754
4840	0	0	0	1	0:00:00.965392
4860	5	5	5	1	0:00:00.967596
4880	0	7	7	0	0:00:00.917404
4900	3	3	3	1	0:00:00.955631
4920	7	7	7	1	0:00:00.971010
4940	6	6	6	1	0:00:00.969730
4960	4	4	3	1	0:00:00.984173
4980	1	1	1	1	0:00:00.965401
5000	7	7	7	1	0:00:00.965252
5020	8	8	8	1	0:00:00.971229
5040	3	3	3	1	0:00:00.963387
5060	6	6	6	1	0:00:00.951912
5080	7	4	4	0	0:00:00.932144
5100	3	3	3	1	0:00:00.957182
5120	9	9	9	1	0:00:00.968626
5140	8	8	8	1	0:00:00.965465
5160	0	0	0	1	0:00:00.976632
5180	9	7	7	0	0:00:00.986956
5200	3	3	3	1	0:00:00.986007
5220	0	0	0	1	0:00:00.992044
5240	1	9	9	0	0:00:00.980886
5260	0	0	0	1	0:00:00.967800
5280	0	3	3	0	0:00:00.972280
5300	9	9	9	1	0:00:00.985656
5320	7	7	7	1	0:00:00.989514
5340	3	3	3	1	0:00:00.975530
5360	9	9	9	1	0:00:00.971823
5380	1	9	9	0	0:00:00.968342
5400	9	9	9	1	0:00:00.981887
5420	6	6	6	1	0:00:00.943826
5440	9	9	9	1	0:00:00.966420
5460	0	0	0	1	0:00:00.969982
5480	1	1	1	1	0:00:00.993225
5500	8	8	8	1	0:00:00.995934
5520	4	4	4	1	0:00:00.989680
5540	5	-1	5	0	0:00:00.998626
5560	3	6	5	0	0:00:00.973489
5580	5	6	3	0	0:00:00.978185
5600	6	6	5	1	0:00:00.984446
5620	3	3	2	1	0:00:00.981151
5640	2	3	3	0	0:00:00.966281
5660	9	9	9	1	0:00:00.967529
5680	2	3	3	0	0:00:00.958791
5700	3	5	5	0	0:00:00.950853
5720	9	9	9	1	0:00:00.974833
5740	6	-1	4	0	0:00:00.963341
5760	2	2	2	1	0:00:00.969573
5780	7	7	7	1	0:00:00.970861
5800	2	2	2	1	0:00:00.986641
5820	5	-1	3	0	0:00:00.963625
5840	2	2	2	1	0:00:00.963372
5860	0	0	0	1	0:00:00.976084
5880	0	0	0	1	0:00:00.970466
5900	4	0	3	0	0:00:00.965464
5920	8	8	8	1	0:00:00.960564
5940	7	7	7	1	0:00:00.970953
5960	2	3	3	0	0:00:00.990219
5980	9	9	9	1	0:00:01.001784
6000	8	8	8	1	0:00:00.957472
6020	6	6	6	1	0:00:00.990134
6040	2	-1	3	0	0:00:00.997239
6060	3	4	3	0	0:00:01.004456
6080	1	1	1	1	0:00:00.969070
6100	1	1	1	1	0:00:00.974518
6120	5	5	5	1	0:00:00.987442
6140	9	9	9	1	0:00:00.982678
6160	2	2	2	1	0:00:00.969302
6180	0	-1	8	0	0:00:00.956964
6200	3	3	3	1	0:00:00.967064
6220	2	2	2	1	0:00:00.983495
6240	2	2	2	1	0:00:00.973602
6260	2	2	3	1	0:00:00.990180
6280	8	3	5	0	0:00:00.975131
6300	1	1	1	1	0:00:00.993099
6320	0	0	0	1	0:00:00.992230
6340	3	3	3	1	0:00:00.978065
6360	2	2	2	1	0:00:00.967045
6380	3	3	3	1	0:00:00.962166
6400	0	8	8	0	0:00:00.971321
6420	7	7	7	1	0:00:00.986469
6440	3	8	8	0	0:00:01.010503
6460	3	3	3	1	0:00:00.979755
6480	0	0	0	1	0:00:00.963030
6500	7	-1	3	0	0:00:00.997932
6520	6	6	4	1	0:00:01.003616
6540	8	8	8	1	0:00:00.985270
6560	6	6	6	1	0:00:00.969083
6580	1	1	1	1	0:00:00.986663
6600	7	7	7	1	0:00:00.997025
6620	7	7	7	1	0:00:00.959660
6640	5	3	3	0	0:00:00.972839
6660	0	0	0	1	0:00:00.965830
6680	3	-1	5	0	0:00:00.964790
6700	6	6	6	1	0:00:00.982465
6720	2	2	2	1	0:00:00.977887
6740	2	2	2	1	0:00:00.969133
6760	5	-1	5	0	0:00:00.976831
6780	7	7	7	1	0:00:00.986119
6800	6	6	4	1	0:00:00.949243
6820	1	1	1	1	0:00:00.956538
6840	9	9	9	1	0:00:00.951953
6860	0	0	0	1	0:00:00.984269
6880	2	2	2	1	0:00:00.990230
6900	3	3	3	1	0:00:01.013614
6920	5	2	2	0	0:00:01.014918
6940	1	1	1	1	0:00:00.956614
6960	9	9	9	1	0:00:00.987755
6980	0	-1	0	0	0:00:00.985829
7000	2	8	8	0	0:00:00.970434
7020	7	7	7	1	0:00:00.973961
7040	7	0	0	0	0:00:00.982142
7060	8	8	8	1	0:00:00.990388
7080	5	4	4	0	0:00:00.980297
7100	9	3	3	0	0:00:00.994187
7120	7	7	7	1	0:00:00.996812
7140	4	4	4	1	0:00:01.007968
7160	5	5	5	1	0:00:00.988085
7180	6	6	6	1	0:00:00.985021
7200	4	-1	4	0	0:00:00.996069
7220	9	9	9	1	0:00:00.991053
7240	0	0	0	1	0:00:00.989703
7260	1	1	1	1	0:00:00.998905
7280	1	9	9	0	0:00:01.006587
7300	3	5	5	0	0:00:00.995337
7320	8	0	0	0	0:00:00.981359
7340	2	2	2	1	0:00:00.973413
7360	2	2	2	1	0:00:00.987453
7380	7	7	7	1	0:00:00.975150
7400	3	3	3	1	0:00:00.994434
7420	3	-1	3	0	0:00:00.997490
7440	3	3	3	1	0:00:00.947468
7460	5	5	5	1	0:00:00.974038
7480	1	1	1	1	0:00:01.004298
7500	6	6	6	1	0:00:00.990526
7520	4	4	4	1	0:00:00.977371
7540	5	5	5	1	0:00:01.000081
7560	0	0	0	1	0:00:00.991407
7580	8	8	8	1	0:00:00.974383
7600	8	2	2	0	0:00:00.966716
7620	5	3	3	0	0:00:00.961177
7640	9	-1	8	0	0:00:00.968656
7660	7	7	7	1	0:00:00.968533
7680	3	5	5	0	0:00:00.990030
7700	6	6	6	1	0:00:00.991680
7720	5	5	5	1	0:00:00.983304
7740	4	4	4	1	0:00:00.968906
7760	2	0	0	0	0:00:00.988155
7780	3	-1	8	0	0:00:00.975166
7800	0	0	0	1	0:00:00.922435
7820	5	5	5	1	0:00:00.962541
7840	1	1	1	1	0:00:00.949497
7860	8	8	8	1	0:00:00.962570
7880	0	0	0	1	0:00:00.959060
7900	0	0	0	1	0:00:00.995385
7920	9	9	9	1	0:00:00.976086
7940	2	6	6	0	0:00:01.059123
7960	0	0	0	1	0:00:00.986230
7980	3	3	3	1	0:00:00.983238
8000	9	9	9	1	0:00:00.969567
8020	6	3	3	0	0:00:00.967122
8040	2	2	2	1	0:00:00.973773
8060	6	6	6	1	0:00:00.987578
8080	4	4	4	1	0:00:00.938844
8100	6	2	2	0	0:00:00.944134
8120	8	8	8	1	0:00:00.987648
8140	5	7	7	0	0:00:00.950121
8160	6	6	6	1	0:00:00.963020
8180	4	4	4	1	0:00:00.952136
8200	3	6	0	0	0:00:00.964336
8220	6	6	6	1	0:00:00.956462
8240	7	7	7	1	0:00:00.964799
8260	1	1	1	1	0:00:00.972842
8280	4	4	4	1	0:00:00.970200
8300	5	3	5	0	0:00:00.962859
8320	7	7	7	1	0:00:00.966158
8340	5	3	3	0	0:00:00.944611
8360	7	7	7	1	0:00:00.945870
8380	9	9	9	1	0:00:00.938724
8400	0	0	0	1	0:00:00.946292
8420	3	6	6	0	0:00:00.963177
8440	5	3	2	0	0:00:01.008183
8460	8	8	8	1	0:00:00.974931
8480	2	2	2	1	0:00:00.985133
8500	4	4	4	1	0:00:00.976808
8520	8	8	8	1	0:00:00.982369
8540	4	6	2	0	0:00:00.972761
8560	7	7	7	1	0:00:00.968982
8580	3	5	5	0	0:00:00.984872
8600	3	3	3	1	0:00:00.969447
8620	3	5	5	0	0:00:00.977071
8640	1	1	1	1	0:00:00.973416
8660	7	7	7	1	0:00:00.977634
8680	3	3	3	1	0:00:00.981071
8700	3	3	3	1	0:00:00.992005
8720	2	0	0	0	0:00:00.974037
8740	2	5	5	0	0:00:01.003716
8760	8	8	8	1	0:00:00.983230
8780	4	4	4	1	0:00:00.977789
8800	0	0	0	1	0:00:00.974750
8820	2	2	2	1	0:00:00.981227
8840	2	7	7	0	0:00:00.984021
8860	2	2	2	1	0:00:00.972767
8880	1	1	1	1	0:00:00.965933
8900	2	4	4	0	0:00:00.971355
8920	6	6	6	1	0:00:00.973697
8940	6	3	3	0	0:00:00.993721
8960	0	2	2	0	0:00:00.976790
8980	9	9	9	1	0:00:00.963778
9000	8	8	8	1	0:00:00.952321
9020	7	7	7	1	0:00:00.943239
9040	2	5	5	0	0:00:00.946554
9060	9	9	9	1	0:00:00.938864
9080	3	3	3	1	0:00:00.924991
9100	9	1	1	0	0:00:00.923589
9120	3	-1	2	0	0:00:00.956450
9140	7	7	7	1	0:00:00.952003
9160	5	3	3	0	0:00:00.948147
9180	5	5	5	1	0:00:00.929162
9200	8	8	8	1	0:00:00.925213
9220	8	8	8	1	0:00:00.917569
9240	8	8	8	1	0:00:00.907166
9260	5	5	5	1	0:00:00.902711
9280	9	9	9	1	0:00:00.928048
9300	5	-1	4	0	0:00:00.934284
9320	9	9	9	1	0:00:00.932711
9340	1	1	1	1	0:00:00.935682
9360	5	-1	5	0	0:00:00.938160
9380	5	3	3	0	0:00:00.959718
9400	6	6	6	1	0:00:00.945808
9420	5	5	5	1	0:00:00.949626
9440	8	8	8	1	0:00:00.964276
9460	3	3	7	1	0:00:00.955922
9480	2	2	2	1	0:00:00.958813
9500	9	9	9	1	0:00:00.957157
9520	1	1	1	1	0:00:00.925274
9540	5	5	5	1	0:00:00.926838
9560	9	7	7	0	0:00:00.946501
9580	1	1	1	1	0:00:00.954731
9600	8	8	8	1	0:00:00.979615
9620	4	4	4	1	0:00:00.946904
9640	5	5	5	1	0:00:00.944823
9660	6	6	6	1	0:00:00.949294
9680	8	8	8	1	0:00:00.977791
9700	0	0	0	1	0:00:00.967481
9720	8	1	1	0	0:00:00.956449
9740	3	6	6	0	0:00:00.950857
9760	9	7	7	0	0:00:00.966480
9780	4	6	4	0	0:00:00.912199
9800	1	1	1	1	0:00:00.943382
9820	0	8	8	0	0:00:00.961603
9840	4	7	7	0	0:00:00.942915
9860	0	0	0	1	0:00:00.968865
9880	7	8	8	0	0:00:00.957263
9900	8	8	8	1	0:00:00.953839
9920	6	6	6	1	0:00:00.930059
9940	4	6	6	0	0:00:00.893860
9960	2	0	0	0	0:00:00.924851
9980	0	0	0	1	0:00:00.901156
