idx	label	predict	basePredict	correct	time
0	3	-1	2	0	0:00:01.294890
20	7	-1	4	0	0:00:01.090390
40	4	-1	8	0	0:00:01.083956
60	7	-1	2	0	0:00:01.087856
80	8	8	8	1	0:00:01.091502
100	4	-1	4	0	0:00:01.067681
120	8	-1	8	0	0:00:01.080206
140	6	2	2	0	0:00:01.060668
160	2	0	2	0	0:00:01.078859
180	0	-1	8	0	0:00:01.048256
200	5	7	3	0	0:00:01.028219
220	7	7	7	1	0:00:01.074044
240	1	1	8	1	0:00:01.093575
260	8	-1	6	0	0:00:01.081686
280	9	9	9	1	0:00:01.065655
300	6	-1	4	0	0:00:01.077283
320	3	-1	4	0	0:00:01.064312
340	2	4	4	0	0:00:01.069452
360	9	-1	4	0	0:00:01.082816
380	6	-1	4	0	0:00:01.066000
400	9	-1	8	0	0:00:01.049974
420	4	-1	6	0	0:00:01.012902
440	1	-1	4	0	0:00:01.080898
460	5	-1	3	0	0:00:01.065646
480	8	9	8	0	0:00:01.058587
500	4	-1	6	0	0:00:01.074891
520	5	7	7	0	0:00:01.071969
540	1	8	8	0	0:00:01.053068
560	0	0	8	1	0:00:01.076845
580	4	-1	4	0	0:00:01.076211
600	8	-1	8	0	0:00:01.113623
620	7	-1	4	0	0:00:01.075384
640	5	3	3	0	0:00:01.057301
660	9	9	3	1	0:00:00.991953
680	9	-1	4	0	0:00:00.995402
700	7	-1	4	0	0:00:00.986202
720	4	9	9	0	0:00:00.974698
740	2	5	3	0	0:00:00.979500
760	3	9	9	0	0:00:01.018757
780	9	1	8	0	0:00:01.006619
800	7	7	7	1	0:00:01.027611
820	6	-1	8	0	0:00:01.035833
840	7	7	7	1	0:00:01.041606
860	4	4	4	1	0:00:01.053750
880	8	8	8	1	0:00:01.064669
900	2	-1	4	0	0:00:01.115360
920	6	-1	2	0	0:00:01.080291
940	9	-1	9	0	0:00:01.068394
960	9	9	8	1	0:00:01.047961
980	2	6	6	0	0:00:01.072422
1000	5	5	5	1	0:00:00.982747
1020	1	-1	8	0	0:00:00.978828
1040	7	5	5	0	0:00:00.982209
1060	9	9	8	1	0:00:00.981206
1080	6	-1	6	0	0:00:00.974215
1100	7	8	8	0	0:00:00.925146
1120	5	-1	2	0	0:00:00.962204
1140	6	-1	4	0	0:00:00.976633
1160	8	0	0	0	0:00:00.980007
1180	3	-1	8	0	0:00:00.945902
1200	8	0	0	0	0:00:00.940099
1220	9	-1	4	0	0:00:00.935595
1240	2	6	6	0	0:00:00.986300
1260	1	9	9	0	0:00:00.965911
1280	3	7	7	0	0:00:00.945746
1300	4	3	3	0	0:00:00.971048
1320	7	2	2	0	0:00:00.981630
1340	1	-1	8	0	0:00:00.973353
1360	7	-1	4	0	0:00:00.972789
1380	4	5	5	0	0:00:00.965989
1400	5	-1	2	0	0:00:00.994170
1420	4	7	7	0	0:00:00.965995
1440	0	8	8	0	0:00:01.010422
1460	6	-1	4	0	0:00:01.003403
1480	1	7	7	0	0:00:00.946750
1500	1	-1	8	0	0:00:00.890815
1520	7	-1	4	0	0:00:00.886975
1540	8	-1	8	0	0:00:00.892120
1560	7	7	7	1	0:00:00.890106
1580	6	1	1	0	0:00:00.893874
1600	8	9	4	0	0:00:00.921196
1620	5	8	8	0	0:00:00.893755
1640	7	-1	3	0	0:00:00.895935
1660	3	-1	4	0	0:00:00.893944
1680	6	6	6	1	0:00:00.891970
1700	5	2	2	0	0:00:00.890958
1720	4	-1	2	0	0:00:00.924439
1740	1	9	9	0	0:00:00.916002
1760	0	8	8	0	0:00:00.957246
1780	7	-1	8	0	0:00:00.954348
1800	4	8	8	0	0:00:00.954810
1820	8	-1	8	0	0:00:00.949249
1840	8	7	4	0	0:00:00.941962
1860	8	8	8	1	0:00:00.940239
1880	1	-1	8	0	0:00:00.915351
1900	8	8	8	1	0:00:00.922975
1920	2	-1	2	0	0:00:00.920692
1940	5	3	3	0	0:00:00.931874
1960	2	5	5	0	0:00:00.921073
1980	9	9	4	1	0:00:00.921292
2000	1	6	6	0	0:00:00.955123
2020	9	9	1	1	0:00:00.987752
2040	0	8	8	0	0:00:00.995227
2060	5	-1	3	0	0:00:01.009401
2080	1	9	9	0	0:00:01.014938
2100	2	4	4	0	0:00:01.013891
2120	4	8	8	0	0:00:01.015652
2140	9	-1	1	0	0:00:01.009338
2160	0	8	8	0	0:00:00.982246
2180	4	-1	2	0	0:00:00.964966
2200	0	2	2	0	0:00:00.954084
2220	1	1	4	1	0:00:00.982983
2240	9	-1	9	0	0:00:00.962739
2260	4	-1	4	0	0:00:00.959970
2280	4	-1	8	0	0:00:00.970575
2300	3	-1	4	0	0:00:00.986475
2320	5	-1	8	0	0:00:00.962304
2340	7	7	7	1	0:00:00.952735
2360	7	-1	3	0	0:00:00.957344
2380	8	-1	8	0	0:00:00.972409
2400	0	-1	0	0	0:00:00.971551
2420	8	-1	6	0	0:00:00.949572
2440	7	-1	8	0	0:00:00.955690
2460	9	3	3	0	0:00:00.956747
2480	8	-1	8	0	0:00:00.962639
2500	4	2	2	0	0:00:00.959056
2520	1	-1	8	0	0:00:00.957545
2540	2	3	3	0	0:00:00.966638
2560	7	-1	4	0	0:00:01.003302
2580	6	-1	4	0	0:00:00.995609
2600	8	8	8	1	0:00:00.949689
2620	1	-1	4	0	0:00:00.949303
2640	7	-1	6	0	0:00:00.941040
2660	3	2	2	0	0:00:00.948744
2680	0	0	0	1	0:00:00.955349
2700	9	7	0	0	0:00:00.994517
2720	3	8	8	0	0:00:00.992890
2740	1	-1	9	0	0:00:00.935235
2760	2	-1	4	0	0:00:00.936293
2780	7	7	6	1	0:00:00.942089
2800	4	-1	4	0	0:00:00.950608
2820	6	6	4	1	0:00:00.960689
2840	3	3	3	1	0:00:00.960104
2860	5	-1	4	0	0:00:00.989165
2880	4	4	4	1	0:00:00.974264
2900	3	2	2	0	0:00:00.989755
2920	2	5	5	0	0:00:01.020682
2940	3	0	0	0	0:00:00.989465
2960	9	-1	8	0	0:00:01.011679
2980	8	-1	8	0	0:00:01.022086
3000	5	5	5	1	0:00:00.954095
3020	1	-1	8	0	0:00:00.949027
3040	7	7	7	1	0:00:00.959152
3060	7	-1	7	0	0:00:00.946854
3080	1	-1	2	0	0:00:00.962263
3100	0	0	0	1	0:00:00.968650
3120	4	6	2	0	0:00:00.973631
3140	8	-1	8	0	0:00:00.969928
3160	6	-1	4	0	0:00:00.963270
3180	3	7	8	0	0:00:00.961287
3200	5	-1	7	0	0:00:00.964634
3220	3	9	9	0	0:00:00.973954
3240	4	-1	0	0	0:00:00.977314
3260	7	0	2	0	0:00:00.999331
3280	3	0	0	0	0:00:00.981715
3300	4	-1	4	0	0:00:01.008034
3320	2	7	7	0	0:00:00.990769
3340	6	-1	4	0	0:00:00.979876
3360	4	6	6	0	0:00:00.966842
3380	8	-1	8	0	0:00:00.965075
3400	6	4	4	0	0:00:01.001803
3420	5	-1	4	0	0:00:01.013188
3440	2	9	3	0	0:00:00.997224
3460	1	1	4	1	0:00:00.996047
3480	2	2	2	1	0:00:00.971360
3500	1	1	4	1	0:00:00.978810
3520	1	1	1	1	0:00:00.965247
3540	6	6	6	1	0:00:00.966834
3560	1	-1	7	0	0:00:00.972467
3580	4	1	4	0	0:00:00.994275
3600	4	-1	2	0	0:00:00.941544
3620	0	6	6	0	0:00:00.954688
3640	6	2	2	0	0:00:00.970990
3660	0	8	8	0	0:00:00.926550
3680	0	2	2	0	0:00:00.976571
3700	3	-1	4	0	0:00:00.979720
3720	2	2	2	1	0:00:00.970334
3740	0	-1	8	0	0:00:00.955495
3760	7	7	7	1	0:00:00.969828
3780	4	-1	2	0	0:00:00.973851
3800	9	-1	8	0	0:00:00.959404
3820	0	2	2	0	0:00:00.968723
3840	6	3	3	0	0:00:00.967776
3860	7	7	7	1	0:00:00.986236
3880	6	-1	4	0	0:00:00.975071
3900	3	-1	1	0	0:00:00.963936
3920	7	-1	8	0	0:00:00.951506
3940	6	7	4	0	0:00:00.928608
3960	2	-1	5	0	0:00:00.948819
3980	9	7	7	0	0:00:00.960316
4000	8	7	0	0	0:00:00.942384
4020	8	-1	8	0	0:00:00.968401
4040	0	-1	0	0	0:00:00.940662
4060	6	3	3	0	0:00:00.928375
4080	1	8	8	0	0:00:00.923359
4100	7	7	7	1	0:00:00.920348
4120	4	0	0	0	0:00:00.986343
4140	5	3	3	0	0:00:00.973076
4160	5	-1	2	0	0:00:00.976197
4180	0	-1	8	0	0:00:00.963536
4200	4	-1	2	0	0:00:00.922204
4220	4	0	0	0	0:00:00.975157
4240	7	-1	8	0	0:00:00.947625
4260	8	-1	8	0	0:00:00.966569
4280	8	0	0	0	0:00:00.967024
4300	8	-1	8	0	0:00:00.960551
4320	1	8	8	0	0:00:00.942851
4340	0	-1	8	0	0:00:00.996881
4360	6	-1	3	0	0:00:00.972323
4380	9	-1	8	0	0:00:00.971304
4400	3	4	4	0	0:00:00.941973
4420	5	8	8	0	0:00:00.970957
4440	2	-1	2	0	0:00:00.947451
4460	9	8	8	0	0:00:00.956684
4480	9	6	6	0	0:00:00.965657
4500	3	6	6	0	0:00:00.932704
4520	3	6	6	0	0:00:00.941065
4540	9	9	1	1	0:00:00.957042
4560	1	1	4	1	0:00:00.974887
4580	6	4	4	0	0:00:00.964085
4600	4	7	7	0	0:00:00.943694
4620	7	3	3	0	0:00:00.965183
4640	2	-1	4	0	0:00:00.975134
4660	7	-1	2	0	0:00:00.971606
4680	9	1	1	0	0:00:00.967137
4700	6	1	4	0	0:00:00.958081
4720	8	0	0	0	0:00:00.963302
4740	5	-1	6	0	0:00:00.973557
4760	3	-1	4	0	0:00:00.969465
4780	0	0	8	1	0:00:00.955560
4800	9	9	9	1	0:00:00.920516
4820	3	-1	5	0	0:00:00.971448
4840	0	0	0	1	0:00:00.976904
4860	5	-1	3	0	0:00:00.949006
4880	0	2	2	0	0:00:00.959258
4900	3	-1	6	0	0:00:00.965439
4920	7	-1	2	0	0:00:00.979256
4940	6	-1	4	0	0:00:00.972282
4960	4	3	3	0	0:00:00.963296
4980	1	9	9	0	0:00:00.954638
5000	7	7	7	1	0:00:00.966576
5020	8	-1	8	0	0:00:00.972710
5040	3	-1	4	0	0:00:00.977965
5060	6	-1	4	0	0:00:00.942892
5080	7	7	7	1	0:00:00.930002
5100	3	3	3	1	0:00:00.966131
5120	9	-1	8	0	0:00:00.931544
5140	8	-1	8	0	0:00:00.970475
5160	0	-1	8	0	0:00:00.980084
5180	9	7	4	0	0:00:00.985350
5200	3	3	3	1	0:00:00.939134
5220	0	0	8	1	0:00:00.968338
5240	1	-1	2	0	0:00:00.990567
5260	0	0	0	1	0:00:00.976249
5280	0	-1	8	0	0:00:00.977655
5300	9	-1	1	0	0:00:00.970516
5320	7	-1	3	0	0:00:00.950550
5340	3	4	4	0	0:00:00.962613
5360	9	9	9	1	0:00:00.961530
5380	1	9	9	0	0:00:00.957324
5400	9	-1	8	0	0:00:00.966878
5420	6	-1	6	0	0:00:00.962616
5440	9	9	9	1	0:00:00.971270
5460	0	7	7	0	0:00:00.958808
5480	1	-1	4	0	0:00:00.934806
5500	8	1	8	0	0:00:00.922933
5520	4	-1	3	0	0:00:00.949932
5540	5	6	2	0	0:00:00.976573
5560	3	6	6	0	0:00:00.972347
5580	5	6	6	0	0:00:00.950484
5600	6	-1	0	0	0:00:00.976141
5620	3	2	2	0	0:00:00.971237
5640	2	5	3	0	0:00:00.953918
5660	9	8	8	0	0:00:00.963872
5680	2	3	8	0	0:00:00.983209
5700	3	-1	6	0	0:00:01.007404
5720	9	9	9	1	0:00:00.991442
5740	6	-1	4	0	0:00:00.964209
5760	2	-1	2	0	0:00:00.956255
5780	7	7	7	1	0:00:00.979693
5800	2	-1	4	0	0:00:00.959791
5820	5	6	6	0	0:00:00.957947
5840	2	-1	6	0	0:00:00.968301
5860	0	8	8	0	0:00:00.971498
5880	0	8	0	0	0:00:00.982266
5900	4	3	4	0	0:00:00.972730
5920	8	8	8	1	0:00:00.957037
5940	7	4	4	0	0:00:00.984587
5960	2	6	4	0	0:00:01.002054
5980	9	9	6	1	0:00:00.956739
6000	8	9	8	0	0:00:00.926162
6020	6	-1	6	0	0:00:00.926915
6040	2	7	7	0	0:00:00.926700
6060	3	4	4	0	0:00:00.918400
6080	1	9	9	0	0:00:00.912832
6100	1	-1	8	0	0:00:00.962674
6120	5	-1	5	0	0:00:00.946825
6140	9	9	9	1	0:00:00.955932
6160	2	5	5	0	0:00:00.961397
6180	0	-1	8	0	0:00:00.973958
6200	3	0	2	0	0:00:00.997122
6220	2	6	4	0	0:00:00.971161
6240	2	-1	4	0	0:00:00.946508
6260	2	9	8	0	0:00:00.967807
6280	8	-1	6	0	0:00:00.991970
6300	1	7	4	0	0:00:00.993122
6320	0	0	0	1	0:00:00.979959
6340	3	3	3	1	0:00:00.957539
6360	2	6	2	0	0:00:00.969632
6380	3	1	6	0	0:00:00.958318
6400	0	-1	4	0	0:00:00.954707
6420	7	-1	8	0	0:00:00.959575
6440	3	-1	8	0	0:00:00.955543
6460	3	1	4	0	0:00:00.947119
6480	0	-1	2	0	0:00:00.965852
6500	7	-1	8	0	0:00:00.961721
6520	6	4	4	0	0:00:00.957585
6540	8	-1	8	0	0:00:00.984588
6560	6	-1	4	0	0:00:00.980949
6580	1	-1	2	0	0:00:00.973652
6600	7	7	7	1	0:00:00.963668
6620	7	7	7	1	0:00:00.963636
6640	5	-1	8	0	0:00:00.963242
6660	0	-1	0	0	0:00:00.961258
6680	3	5	5	0	0:00:00.968805
6700	6	-1	4	0	0:00:00.959829
6720	2	4	2	0	0:00:00.952667
6740	2	4	4	0	0:00:00.959313
6760	5	-1	6	0	0:00:00.965721
6780	7	7	7	1	0:00:00.985906
6800	6	2	2	0	0:00:00.962520
6820	1	1	1	1	0:00:00.978220
6840	9	9	3	1	0:00:00.982119
6860	0	-1	2	0	0:00:00.983188
6880	2	7	7	0	0:00:00.973779
6900	3	-1	4	0	0:00:00.977552
6920	5	2	2	0	0:00:00.969310
6940	1	1	1	1	0:00:00.968015
6960	9	8	8	0	0:00:00.968135
6980	0	9	8	0	0:00:00.961323
7000	2	8	8	0	0:00:00.950193
7020	7	-1	7	0	0:00:00.950059
7040	7	8	8	0	0:00:00.955521
7060	8	-1	8	0	0:00:00.956989
7080	5	4	4	0	0:00:00.969844
7100	9	3	3	0	0:00:00.996518
7120	7	-1	6	0	0:00:00.953740
7140	4	-1	4	0	0:00:00.935470
7160	5	7	4	0	0:00:00.958450
7180	6	6	6	1	0:00:00.999998
7200	4	6	2	0	0:00:00.967983
7220	9	-1	8	0	0:00:00.966100
7240	0	8	8	0	0:00:00.959881
7260	1	-1	8	0	0:00:00.964094
7280	1	6	6	0	0:00:00.973254
7300	3	7	4	0	0:00:00.964792
7320	8	0	8	0	0:00:00.979211
7340	2	4	4	0	0:00:00.980896
7360	2	-1	4	0	0:00:00.961617
7380	7	-1	7	0	0:00:00.956341
7400	3	-1	3	0	0:00:00.964444
7420	3	0	0	0	0:00:00.989219
7440	3	-1	3	0	0:00:00.963129
7460	5	5	5	1	0:00:00.952078
7480	1	-1	5	0	0:00:00.973524
7500	6	6	6	1	0:00:00.953925
7520	4	6	4	0	0:00:00.952198
7540	5	5	5	1	0:00:00.957447
7560	0	9	8	0	0:00:00.943177
7580	8	-1	8	0	0:00:00.944433
7600	8	9	8	0	0:00:00.944613
7620	5	-1	4	0	0:00:00.943330
7640	9	-1	6	0	0:00:00.954320
7660	7	-1	4	0	0:00:00.959940
7680	3	9	3	0	0:00:00.966278
7700	6	-1	4	0	0:00:00.957702
7720	5	-1	8	0	0:00:00.948013
7740	4	6	2	0	0:00:00.952787
7760	2	9	6	0	0:00:00.960254
7780	3	1	8	0	0:00:00.980341
7800	0	0	8	1	0:00:00.979921
7820	5	8	8	0	0:00:00.976838
7840	1	1	1	1	0:00:00.958532
7860	8	1	4	0	0:00:00.975673
7880	0	-1	2	0	0:00:00.963673
7900	0	-1	8	0	0:00:00.988918
7920	9	-1	8	0	0:00:00.962452
7940	2	-1	4	0	0:00:00.965448
7960	0	-1	2	0	0:00:00.971313
7980	3	7	4	0	0:00:00.968691
8000	9	-1	0	0	0:00:00.963391
8020	6	3	3	0	0:00:00.957810
8040	2	-1	4	0	0:00:00.951664
8060	6	-1	4	0	0:00:00.960398
8080	4	6	6	0	0:00:00.962296
8100	6	-1	2	0	0:00:00.943479
8120	8	9	8	0	0:00:00.943152
8140	5	4	4	0	0:00:00.945033
8160	6	9	6	0	0:00:00.942014
8180	4	-1	4	0	0:00:00.926152
8200	3	7	4	0	0:00:00.930240
8220	6	-1	2	0	0:00:00.926448
8240	7	7	7	1	0:00:00.926009
8260	1	3	3	0	0:00:00.924550
8280	4	-1	3	0	0:00:00.947555
8300	5	2	2	0	0:00:00.971207
8320	7	-1	4	0	0:00:00.965436
8340	5	3	3	0	0:00:00.962377
8360	7	-1	4	0	0:00:00.974926
8380	9	-1	8	0	0:00:00.961039
8400	0	-1	8	0	0:00:00.988764
8420	3	-1	4	0	0:00:00.958033
8440	5	-1	3	0	0:00:00.989412
8460	8	8	8	1	0:00:00.958310
8480	2	-1	8	0	0:00:00.967670
8500	4	2	2	0	0:00:00.909094
8520	8	-1	4	0	0:00:00.957231
8540	4	-1	2	0	0:00:00.957951
8560	7	-1	4	0	0:00:00.961699
8580	3	0	2	0	0:00:00.956290
8600	3	-1	4	0	0:00:00.967689
8620	3	-1	4	0	0:00:00.959492
8640	1	1	1	1	0:00:00.969062
8660	7	-1	5	0	0:00:00.979286
8680	3	-1	8	0	0:00:00.966142
8700	3	3	3	1	0:00:00.967627
8720	2	0	0	0	0:00:00.951353
8740	2	-1	4	0	0:00:00.968487
8760	8	8	8	1	0:00:00.964544
8780	4	-1	2	0	0:00:00.965246
8800	0	0	0	1	0:00:00.960800
8820	2	-1	3	0	0:00:00.955845
8840	2	1	1	0	0:00:00.965070
8860	2	-1	6	0	0:00:00.991762
8880	1	9	6	0	0:00:00.969983
8900	2	-1	4	0	0:00:00.941489
8920	6	6	6	1	0:00:00.929535
8940	6	3	3	0	0:00:00.923116
8960	0	0	0	1	0:00:00.940788
8980	9	9	9	1	0:00:00.913119
9000	8	8	8	1	0:00:00.937371
9020	7	9	8	0	0:00:00.946602
9040	2	5	5	0	0:00:00.962184
9060	9	5	5	0	0:00:00.972699
9080	3	0	0	0	0:00:00.961649
9100	9	-1	6	0	0:00:00.979943
9120	3	0	0	0	0:00:00.989254
9140	7	-1	8	0	0:00:00.966885
9160	5	-1	4	0	0:00:00.976303
9180	5	5	5	1	0:00:00.961404
9200	8	8	8	1	0:00:00.959740
9220	8	8	8	1	0:00:00.968040
9240	8	8	8	1	0:00:00.960016
9260	5	5	5	1	0:00:00.974638
9280	9	-1	8	0	0:00:00.971116
9300	5	-1	2	0	0:00:00.971763
9320	9	9	8	1	0:00:00.965875
9340	1	1	1	1	0:00:00.977233
9360	5	-1	0	0	0:00:00.959163
9380	5	9	3	0	0:00:00.976080
9400	6	-1	2	0	0:00:00.994335
9420	5	-1	6	0	0:00:00.979800
9440	8	8	8	1	0:00:00.972588
9460	3	-1	4	0	0:00:00.967519
9480	2	4	4	0	0:00:00.974414
9500	9	-1	6	0	0:00:00.964180
9520	1	-1	1	0	0:00:00.974528
9540	5	3	4	0	0:00:00.989801
9560	9	7	7	0	0:00:01.007639
9580	1	4	4	0	0:00:00.983471
9600	8	-1	8	0	0:00:00.994414
9620	4	7	4	0	0:00:00.988438
9640	5	0	0	0	0:00:00.972535
9660	6	6	6	1	0:00:00.976298
9680	8	8	8	1	0:00:00.995150
9700	0	0	2	1	0:00:00.951916
9720	8	-1	4	0	0:00:00.971446
9740	3	-1	4	0	0:00:00.980187
9760	9	-1	4	0	0:00:00.975326
9780	4	6	4	0	0:00:00.988833
9800	1	1	1	1	0:00:00.972648
9820	0	8	8	0	0:00:00.974110
9840	4	5	5	0	0:00:00.951641
9860	0	5	8	0	0:00:00.961943
9880	7	-1	4	0	0:00:00.978588
9900	8	0	8	0	0:00:00.967972
9920	6	-1	2	0	0:00:00.973980
9940	4	-1	5	0	0:00:00.966626
9960	2	0	0	0	0:00:00.973237
9980	0	0	0	1	0:00:00.973138
