idx	label	predict	basePredict	correct	time
0	3	3	3	1	0:00:01.207870
20	7	5	5	0	0:00:01.112750
40	4	4	4	1	0:00:01.069166
60	7	7	7	1	0:00:01.065260
80	8	8	8	1	0:00:01.123333
100	4	5	5	0	0:00:01.081793
120	8	-1	8	0	0:00:01.114778
140	6	6	2	1	0:00:01.088883
160	2	2	2	1	0:00:01.091569
180	0	0	8	1	0:00:01.082842
200	5	5	5	1	0:00:01.051074
220	7	5	5	0	0:00:01.073446
240	1	1	1	1	0:00:01.058998
260	8	8	8	1	0:00:01.066584
280	9	-1	0	0	0:00:01.099216
300	6	6	6	1	0:00:01.083021
320	3	-1	5	0	0:00:01.069242
340	2	4	4	0	0:00:01.093569
360	9	9	3	1	0:00:01.063309
380	6	6	2	1	0:00:01.066221
400	9	9	9	1	0:00:01.086763
420	4	4	2	1	0:00:01.094229
440	1	1	1	1	0:00:01.091022
460	5	5	5	1	0:00:01.059751
480	8	9	9	0	0:00:01.047567
500	4	-1	3	0	0:00:01.074705
520	5	5	5	1	0:00:01.061185
540	1	1	1	1	0:00:01.061519
560	0	0	0	1	0:00:01.071527
580	4	4	4	1	0:00:01.075571
600	8	8	2	1	0:00:01.065665
620	7	7	7	1	0:00:01.069152
640	5	3	3	0	0:00:01.081285
660	9	9	8	1	0:00:01.045897
680	9	9	2	1	0:00:01.067441
700	7	7	7	1	0:00:01.079998
720	4	4	8	1	0:00:01.067281
740	2	5	5	0	0:00:01.069186
760	3	-1	4	0	0:00:01.057679
780	9	9	9	1	0:00:01.070809
800	7	7	7	1	0:00:01.092018
820	6	6	3	1	0:00:01.075028
840	7	7	7	1	0:00:01.082853
860	4	-1	2	0	0:00:01.059847
880	8	8	8	1	0:00:01.068415
900	2	6	6	0	0:00:01.082692
920	6	6	4	1	0:00:01.043100
940	9	9	9	1	0:00:01.043952
960	9	-1	3	0	0:00:01.024801
980	2	-1	2	0	0:00:01.038087
1000	5	5	5	1	0:00:00.978202
1020	1	1	1	1	0:00:00.968472
1040	7	5	3	0	0:00:00.983591
1060	9	9	9	1	0:00:00.967417
1080	6	6	2	1	0:00:00.971611
1100	7	8	8	0	0:00:00.996048
1120	5	2	2	0	0:00:00.975748
1140	6	6	3	1	0:00:01.010351
1160	8	8	8	1	0:00:00.962827
1180	3	3	3	1	0:00:00.964911
1200	8	8	8	1	0:00:00.984514
1220	9	-1	3	0	0:00:00.974979
1240	2	6	6	0	0:00:00.974480
1260	1	9	9	0	0:00:00.959151
1280	3	-1	5	0	0:00:00.947530
1300	4	3	3	0	0:00:00.995878
1320	7	7	2	1	0:00:00.992515
1340	1	1	1	1	0:00:00.980623
1360	7	-1	4	0	0:00:00.958232
1380	4	5	5	0	0:00:00.988713
1400	5	3	5	0	0:00:00.985674
1420	4	-1	7	0	0:00:00.988744
1440	0	0	8	1	0:00:00.990762
1460	6	6	2	1	0:00:00.957234
1480	1	-1	5	0	0:00:00.968071
1500	1	1	1	1	0:00:01.004091
1520	7	7	4	1	0:00:00.996960
1540	8	8	8	1	0:00:01.002084
1560	7	7	7	1	0:00:01.003651
1580	6	3	3	0	0:00:01.013135
1600	8	9	2	0	0:00:01.001721
1620	5	-1	8	0	0:00:00.995741
1640	7	3	3	0	0:00:01.000937
1660	3	3	3	1	0:00:00.971095
1680	6	6	3	1	0:00:00.978586
1700	5	3	3	0	0:00:00.991592
1720	4	4	3	1	0:00:00.989642
1740	1	1	1	1	0:00:01.011612
1760	0	0	8	1	0:00:00.996287
1780	7	7	4	1	0:00:00.989965
1800	4	4	2	1	0:00:00.996558
1820	8	8	8	1	0:00:00.978460
1840	8	-1	2	0	0:00:00.983590
1860	8	8	8	1	0:00:00.971757
1880	1	1	1	1	0:00:00.973731
1900	8	8	8	1	0:00:00.975305
1920	2	2	2	1	0:00:00.988314
1940	5	-1	2	0	0:00:00.993832
1960	2	5	5	0	0:00:01.012737
1980	9	9	9	1	0:00:00.977761
2000	1	1	1	1	0:00:00.986591
2020	9	9	9	1	0:00:00.998038
2040	0	0	0	1	0:00:01.006409
2060	5	3	3	0	0:00:00.998608
2080	1	9	9	0	0:00:00.974818
2100	2	2	2	1	0:00:00.968320
2120	4	8	8	0	0:00:00.962962
2140	9	9	9	1	0:00:01.001909
2160	0	0	8	1	0:00:00.995787
2180	4	4	4	1	0:00:00.989931
2200	0	-1	4	0	0:00:00.980501
2220	1	1	1	1	0:00:00.981991
2240	9	-1	1	0	0:00:00.983277
2260	4	4	5	1	0:00:00.991806
2280	4	-1	8	0	0:00:00.994968
2300	3	-1	4	0	0:00:00.977928
2320	5	2	2	0	0:00:00.999185
2340	7	7	7	1	0:00:00.991524
2360	7	5	5	0	0:00:01.002178
2380	8	8	8	1	0:00:00.999547
2400	0	0	0	1	0:00:00.985138
2420	8	-1	3	0	0:00:00.995677
2440	7	7	7	1	0:00:00.977188
2460	9	-1	4	0	0:00:00.995445
2480	8	8	8	1	0:00:00.991903
2500	4	-1	2	0	0:00:00.995114
2520	1	-1	8	0	0:00:01.008215
2540	2	6	3	0	0:00:00.996694
2560	7	7	5	1	0:00:00.997954
2580	6	5	5	0	0:00:00.993501
2600	8	8	8	1	0:00:00.987656
2620	1	1	8	1	0:00:00.996415
2640	7	7	7	1	0:00:00.989970
2660	3	-1	2	0	0:00:00.997322
2680	0	0	0	1	0:00:00.990814
2700	9	1	1	0	0:00:00.997211
2720	3	3	3	1	0:00:00.989107
2740	1	-1	2	0	0:00:01.008231
2760	2	2	2	1	0:00:01.001670
2780	7	7	7	1	0:00:00.996662
2800	4	4	3	1	0:00:00.995488
2820	6	6	4	1	0:00:00.997213
2840	3	3	3	1	0:00:00.998005
2860	5	4	4	0	0:00:00.998116
2880	4	4	4	1	0:00:01.005300
2900	3	7	2	0	0:00:01.001122
2920	2	3	3	0	0:00:00.969783
2940	3	0	0	0	0:00:00.973043
2960	9	0	0	0	0:00:00.989718
2980	8	8	8	1	0:00:00.995276
3000	5	5	5	1	0:00:01.001520
3020	1	1	8	1	0:00:01.007942
3040	7	7	7	1	0:00:01.008646
3060	7	7	7	1	0:00:00.992214
3080	1	-1	9	0	0:00:00.986730
3100	0	0	0	1	0:00:00.982589
3120	4	-1	3	0	0:00:00.989331
3140	8	8	8	1	0:00:00.985020
3160	6	2	2	0	0:00:00.986570
3180	3	-1	5	0	0:00:01.006027
3200	5	5	5	1	0:00:00.988288
3220	3	9	9	0	0:00:00.990529
3240	4	0	0	0	0:00:00.961815
3260	7	7	7	1	0:00:00.977279
3280	3	5	5	0	0:00:00.982675
3300	4	4	2	1	0:00:00.996478
3320	2	7	7	0	0:00:00.998100
3340	6	6	0	1	0:00:01.001146
3360	4	4	3	1	0:00:00.995780
3380	8	8	8	1	0:00:00.992424
3400	6	4	4	0	0:00:01.008060
3420	5	7	7	0	0:00:00.994319
3440	2	3	3	0	0:00:00.996279
3460	1	1	1	1	0:00:00.990628
3480	2	2	2	1	0:00:00.981452
3500	1	9	9	0	0:00:00.990452
3520	1	1	1	1	0:00:00.988964
3540	6	6	3	1	0:00:00.992938
3560	1	9	9	0	0:00:00.999284
3580	4	-1	2	0	0:00:01.018405
3600	4	2	2	0	0:00:01.011782
3620	0	0	5	1	0:00:01.000959
3640	6	2	2	0	0:00:00.999567
3660	0	0	8	1	0:00:01.012229
3680	0	-1	0	0	0:00:00.986218
3700	3	3	3	1	0:00:00.996215
3720	2	2	2	1	0:00:00.995321
3740	0	0	0	1	0:00:00.993817
3760	7	7	7	1	0:00:00.981148
3780	4	4	2	1	0:00:00.962773
3800	9	9	9	1	0:00:00.974467
3820	0	-1	2	0	0:00:00.956214
3840	6	3	3	0	0:00:00.962551
3860	7	7	7	1	0:00:00.958814
3880	6	6	5	1	0:00:00.972206
3900	3	6	6	0	0:00:00.979014
3920	7	7	7	1	0:00:00.944376
3940	6	-1	2	0	0:00:00.941699
3960	2	2	2	1	0:00:00.971601
3980	9	9	4	1	0:00:00.982398
4000	8	-1	2	0	0:00:00.978831
4020	8	8	8	1	0:00:00.987093
4040	0	0	0	1	0:00:00.962742
4060	6	6	0	1	0:00:00.973092
4080	1	1	1	1	0:00:00.975135
4100	7	7	7	1	0:00:00.971892
4120	4	4	4	1	0:00:00.971200
4140	5	5	3	1	0:00:00.971029
4160	5	-1	2	0	0:00:00.979767
4180	0	8	8	0	0:00:00.974360
4200	4	-1	2	0	0:00:00.984469
4220	4	0	0	0	0:00:00.986574
4240	7	0	0	0	0:00:00.971755
4260	8	8	8	1	0:00:00.996405
4280	8	0	0	0	0:00:00.969297
4300	8	8	8	1	0:00:00.978367
4320	1	-1	8	0	0:00:00.958045
4340	0	0	0	1	0:00:00.954261
4360	6	6	2	1	0:00:00.973557
4380	9	9	7	1	0:00:00.970191
4400	3	-1	5	0	0:00:00.975587
4420	5	5	5	1	0:00:00.983926
4440	2	-1	2	0	0:00:00.989012
4460	9	9	9	1	0:00:00.975181
4480	9	9	9	1	0:00:00.985791
4500	3	5	5	0	0:00:00.992668
4520	3	3	3	1	0:00:00.975359
4540	9	9	9	1	0:00:00.992009
4560	1	1	1	1	0:00:00.988549
4580	6	-1	4	0	0:00:00.977484
4600	4	4	4	1	0:00:00.979383
4620	7	-1	3	0	0:00:00.974936
4640	2	2	5	1	0:00:00.976244
4660	7	-1	5	0	0:00:00.972258
4680	9	9	1	1	0:00:00.974957
4700	6	5	5	0	0:00:00.980304
4720	8	8	8	1	0:00:00.984030
4740	5	3	3	0	0:00:00.963545
4760	3	2	2	0	0:00:00.944609
4780	0	0	0	1	0:00:01.003915
4800	9	9	9	1	0:00:00.945948
4820	3	3	3	1	0:00:00.982590
4840	0	0	0	1	0:00:00.953151
4860	5	5	5	1	0:00:00.972705
4880	0	8	8	0	0:00:00.978431
4900	3	3	3	1	0:00:00.978917
4920	7	7	7	1	0:00:00.972853
4940	6	6	4	1	0:00:00.988981
4960	4	4	3	1	0:00:00.968292
4980	1	9	9	0	0:00:00.973729
5000	7	7	7	1	0:00:00.968879
5020	8	8	8	1	0:00:00.982327
5040	3	3	3	1	0:00:00.985220
5060	6	-1	2	0	0:00:00.991409
5080	7	7	7	1	0:00:00.968924
5100	3	3	3	1	0:00:00.952811
5120	9	-1	8	0	0:00:00.943648
5140	8	8	8	1	0:00:00.968186
5160	0	0	8	1	0:00:00.975565
5180	9	7	7	0	0:00:00.982633
5200	3	3	3	1	0:00:00.985461
5220	0	0	8	1	0:00:00.965104
5240	1	1	9	1	0:00:00.981663
5260	0	0	0	1	0:00:00.976075
5280	0	4	4	0	0:00:00.959572
5300	9	9	9	1	0:00:00.966956
5320	7	7	7	1	0:00:00.961566
5340	3	4	4	0	0:00:00.966511
5360	9	9	5	1	0:00:00.970276
5380	1	9	9	0	0:00:00.983744
5400	9	9	9	1	0:00:00.965261
5420	6	6	6	1	0:00:00.953795
5440	9	9	9	1	0:00:00.981941
5460	0	0	0	1	0:00:00.978242
5480	1	1	1	1	0:00:00.979012
5500	8	8	8	1	0:00:00.974084
5520	4	4	3	1	0:00:00.988820
5540	5	-1	2	0	0:00:00.977508
5560	3	5	5	0	0:00:00.964373
5580	5	-1	3	0	0:00:00.970819
5600	6	-1	3	0	0:00:00.949044
5620	3	-1	2	0	0:00:00.919960
5640	2	-1	3	0	0:00:00.956270
5660	9	-1	8	0	0:00:00.978134
5680	2	3	3	0	0:00:00.919313
5700	3	3	3	1	0:00:00.946694
5720	9	9	9	1	0:00:00.977577
5740	6	-1	4	0	0:00:00.975490
5760	2	2	0	1	0:00:00.982210
5780	7	7	7	1	0:00:01.000037
5800	2	2	2	1	0:00:00.990053
5820	5	5	5	1	0:00:00.972170
5840	2	2	3	1	0:00:00.958177
5860	0	0	8	1	0:00:00.941302
5880	0	0	0	1	0:00:00.936761
5900	4	-1	0	0	0:00:00.925887
5920	8	8	8	1	0:00:00.991385
5940	7	-1	3	0	0:00:00.984140
5960	2	6	6	0	0:00:00.952331
5980	9	9	9	1	0:00:00.966076
6000	8	8	8	1	0:00:00.979094
6020	6	6	2	1	0:00:00.995158
6040	2	-1	7	0	0:00:00.970281
6060	3	-1	5	0	0:00:00.972922
6080	1	1	1	1	0:00:00.978651
6100	1	1	1	1	0:00:00.986305
6120	5	5	5	1	0:00:00.965538
6140	9	9	1	1	0:00:00.986255
6160	2	5	5	0	0:00:00.977697
6180	0	0	8	1	0:00:00.944244
6200	3	2	2	0	0:00:00.985550
6220	2	-1	5	0	0:00:00.980772
6240	2	2	0	1	0:00:00.971560
6260	2	-1	8	0	0:00:00.975854
6280	8	5	5	0	0:00:00.954842
6300	1	1	1	1	0:00:00.969282
6320	0	0	0	1	0:00:00.966353
6340	3	-1	3	0	0:00:00.958607
6360	2	-1	3	0	0:00:00.969180
6380	3	-1	0	0	0:00:00.965611
6400	0	0	0	1	0:00:00.975270
6420	7	7	7	1	0:00:00.987017
6440	3	-1	2	0	0:00:00.984576
6460	3	3	3	1	0:00:00.992788
6480	0	0	0	1	0:00:00.922608
6500	7	-1	8	0	0:00:00.993145
6520	6	-1	2	0	0:00:00.973921
6540	8	8	8	1	0:00:00.982856
6560	6	-1	5	0	0:00:00.943511
6580	1	-1	8	0	0:00:00.956356
6600	7	7	7	1	0:00:00.980360
6620	7	7	7	1	0:00:00.943928
6640	5	3	3	0	0:00:00.988779
6660	0	0	1	1	0:00:00.984895
6680	3	5	5	0	0:00:00.989734
6700	6	6	6	1	0:00:00.927263
6720	2	-1	2	0	0:00:00.981321
6740	2	-1	4	0	0:00:00.942747
6760	5	5	5	1	0:00:00.913065
6780	7	7	7	1	0:00:00.951078
6800	6	4	4	0	0:00:00.951735
6820	1	1	1	1	0:00:01.015364
6840	9	9	9	1	0:00:00.996912
6860	0	0	0	1	0:00:01.005763
6880	2	2	2	1	0:00:00.992404
6900	3	3	3	1	0:00:00.970598
6920	5	4	2	0	0:00:00.999753
6940	1	1	1	1	0:00:00.973778
6960	9	9	8	1	0:00:00.983231
6980	0	0	8	1	0:00:00.977647
7000	2	-1	8	0	0:00:00.965902
7020	7	7	7	1	0:00:00.940696
7040	7	-1	8	0	0:00:00.989863
7060	8	8	8	1	0:00:00.981058
7080	5	4	4	0	0:00:00.980616
7100	9	3	3	0	0:00:00.986712
7120	7	-1	5	0	0:00:00.979044
7140	4	-1	3	0	0:00:00.996306
7160	5	5	5	1	0:00:00.973564
7180	6	6	3	1	0:00:00.976922
7200	4	-1	2	0	0:00:00.970470
7220	9	9	9	1	0:00:00.976029
7240	0	0	8	1	0:00:00.976784
7260	1	1	1	1	0:00:00.976818
7280	1	-1	3	0	0:00:00.983972
7300	3	-1	5	0	0:00:00.965874
7320	8	-1	0	0	0:00:00.985298
7340	2	2	0	1	0:00:00.973261
7360	2	-1	2	0	0:00:00.997807
7380	7	7	7	1	0:00:01.000013
7400	3	5	5	0	0:00:00.993128
7420	3	4	2	0	0:00:00.978991
7440	3	3	3	1	0:00:00.976428
7460	5	5	5	1	0:00:00.980248
7480	1	1	8	1	0:00:00.990752
7500	6	6	6	1	0:00:00.991174
7520	4	4	2	1	0:00:00.997799
7540	5	5	5	1	0:00:00.985797
7560	0	0	8	1	0:00:00.995138
7580	8	8	8	1	0:00:00.999977
7600	8	2	2	0	0:00:00.997504
7620	5	3	3	0	0:00:00.992738
7640	9	-1	8	0	0:00:00.982592
7660	7	7	4	1	0:00:00.958315
7680	3	5	5	0	0:00:00.981913
7700	6	6	3	1	0:00:00.971867
7720	5	2	2	0	0:00:01.002448
7740	4	4	2	1	0:00:00.981706
7760	2	-1	8	0	0:00:00.971066
7780	3	8	8	0	0:00:01.004632
7800	0	0	0	1	0:00:00.985802
7820	5	5	0	1	0:00:00.989182
7840	1	1	1	1	0:00:00.996883
7860	8	8	8	1	0:00:00.995358
7880	0	0	0	1	0:00:00.991832
7900	0	-1	8	0	0:00:00.997587
7920	9	9	9	1	0:00:00.998020
7940	2	-1	6	0	0:00:00.986494
7960	0	3	3	0	0:00:01.007871
7980	3	3	3	1	0:00:01.002385
8000	9	9	8	1	0:00:01.001843
8020	6	-1	3	0	0:00:01.002944
8040	2	2	2	1	0:00:00.996204
8060	6	6	5	1	0:00:00.997343
8080	4	4	3	1	0:00:00.979631
8100	6	2	2	0	0:00:00.994004
8120	8	9	8	0	0:00:00.992942
8140	5	-1	3	0	0:00:00.994098
8160	6	6	6	1	0:00:00.996254
8180	4	4	2	1	0:00:00.990705
8200	3	6	0	0	0:00:00.988169
8220	6	-1	7	0	0:00:01.000049
8240	7	7	4	1	0:00:00.990335
8260	1	1	1	1	0:00:00.992967
8280	4	4	4	1	0:00:00.998090
8300	5	-1	2	0	0:00:00.993328
8320	7	7	7	1	0:00:00.984168
8340	5	3	5	0	0:00:00.991424
8360	7	7	7	1	0:00:00.999337
8380	9	9	9	1	0:00:00.994263
8400	0	-1	9	0	0:00:01.003195
8420	3	6	6	0	0:00:00.999651
8440	5	-1	3	0	0:00:00.985301
8460	8	8	8	1	0:00:00.999779
8480	2	2	2	1	0:00:00.983523
8500	4	4	4	1	0:00:01.010673
8520	8	8	8	1	0:00:00.998187
8540	4	-1	2	0	0:00:01.002018
8560	7	7	7	1	0:00:01.002117
8580	3	5	5	0	0:00:01.000977
8600	3	2	2	0	0:00:00.974635
8620	3	-1	5	0	0:00:00.997234
8640	1	1	1	1	0:00:00.995576
8660	7	7	7	1	0:00:00.986798
8680	3	-1	2	0	0:00:00.985678
8700	3	3	3	1	0:00:00.985666
8720	2	0	0	0	0:00:00.975009
8740	2	-1	5	0	0:00:00.991351
8760	8	8	8	1	0:00:00.993297
8780	4	4	2	1	0:00:00.983046
8800	0	0	0	1	0:00:01.004034
8820	2	2	2	1	0:00:00.988685
8840	2	-1	2	0	0:00:00.973192
8860	2	2	2	1	0:00:00.984346
8880	1	1	1	1	0:00:00.998487
8900	2	4	4	0	0:00:00.994631
8920	6	6	3	1	0:00:00.990523
8940	6	3	3	0	0:00:00.984210
8960	0	-1	2	0	0:00:00.996987
8980	9	9	9	1	0:00:01.003956
9000	8	8	8	1	0:00:00.992997
9020	7	7	7	1	0:00:01.005645
9040	2	5	5	0	0:00:00.992645
9060	9	9	5	1	0:00:01.003611
9080	3	-1	3	0	0:00:00.996878
9100	9	1	1	0	0:00:00.993975
9120	3	-1	2	0	0:00:00.984182
9140	7	7	8	1	0:00:00.992157
9160	5	3	3	0	0:00:00.989105
9180	5	5	5	1	0:00:01.002106
9200	8	8	8	1	0:00:00.995391
9220	8	8	8	1	0:00:00.999266
9240	8	8	8	1	0:00:00.996119
9260	5	5	3	1	0:00:00.997156
9280	9	8	8	0	0:00:01.002159
9300	5	-1	2	0	0:00:01.000671
9320	9	9	9	1	0:00:01.002651
9340	1	1	1	1	0:00:01.001863
9360	5	0	0	0	0:00:00.991635
9380	5	3	3	0	0:00:00.988447
9400	6	6	6	1	0:00:00.988254
9420	5	5	5	1	0:00:00.996756
9440	8	8	8	1	0:00:00.999982
9460	3	-1	7	0	0:00:00.983801
9480	2	-1	6	0	0:00:00.988320
9500	9	9	2	1	0:00:00.982946
9520	1	1	1	1	0:00:00.991980
9540	5	5	5	1	0:00:00.978853
9560	9	7	3	0	0:00:01.008961
9580	1	1	1	1	0:00:00.993205
9600	8	-1	8	0	0:00:00.996595
9620	4	4	4	1	0:00:00.993356
9640	5	5	5	1	0:00:01.008161
9660	6	6	6	1	0:00:00.997786
9680	8	8	8	1	0:00:01.002383
9700	0	0	2	1	0:00:00.983202
9720	8	-1	8	0	0:00:01.001172
9740	3	6	2	0	0:00:01.007886
9760	9	5	5	0	0:00:00.989262
9780	4	4	2	1	0:00:00.997682
9800	1	1	1	1	0:00:00.998827
9820	0	8	8	0	0:00:00.993767
9840	4	7	7	0	0:00:01.002948
9860	0	-1	8	0	0:00:01.004181
9880	7	-1	4	0	0:00:00.997812
9900	8	8	8	1	0:00:00.975059
9920	6	6	6	1	0:00:00.961108
9940	4	5	5	0	0:00:00.970778
9960	2	0	0	0	0:00:00.957596
9980	0	0	0	1	0:00:00.956686
