idx	label	predict	basePredict	correct	time
0	3	3	3	1	0:00:21.705724
20	7	7	7	1	0:01:02.793666
40	4	4	4	1	0:01:02.881212
60	7	7	7	1	0:00:02.622146
80	8	8	8	1	0:00:03.059999
100	4	-1	2	0	0:00:02.567552
120	8	8	8	1	0:00:04.328592
140	6	6	6	1	0:00:02.567223
160	2	2	2	1	0:00:03.285991
180	0	0	0	1	0:00:02.602282
200	5	5	5	1	0:00:02.658872
220	7	7	7	1	0:00:02.566072
240	1	1	1	1	0:00:02.563629
260	8	8	3	1	0:00:02.565507
280	9	9	9	1	0:00:03.127979
300	6	6	6	1	0:00:02.568955
320	3	3	3	1	0:00:02.857190
340	2	4	4	0	0:00:02.731826
360	9	9	5	1	0:00:02.538725
380	6	6	2	1	0:00:02.542153
400	9	9	9	1	0:00:04.514782
420	4	4	4	1	0:00:04.218467
440	1	1	1	1	0:00:02.600386
460	5	5	5	1	0:00:02.527616
480	8	9	8	0	0:00:04.245328
500	4	6	2	0	0:00:02.589667
520	5	5	5	1	0:00:04.050371
540	1	1	1	1	0:00:02.659459
560	0	0	0	1	0:00:02.574783
580	4	4	4	1	0:00:02.595235
600	8	8	8	1	0:00:03.438140
620	7	7	7	1	0:00:02.738329
640	5	3	3	0	0:00:02.560328
660	9	9	9	1	0:00:02.910101
680	9	9	2	1	0:00:02.542450
700	7	7	7	1	0:00:02.586177
720	4	9	4	0	0:00:02.570372
740	2	3	3	0	0:00:02.578961
760	3	3	3	1	0:00:05.269986
780	9	9	9	1	0:00:05.177727
800	7	7	7	1	0:00:02.557303
820	6	6	6	1	0:00:02.564960
840	7	7	7	1	0:00:02.594201
860	4	4	4	1	0:00:03.061126
880	8	8	8	1	0:00:04.201102
900	2	2	2	1	0:00:02.566445
920	6	6	6	1	0:00:02.551722
940	9	9	9	1	0:00:02.559946
960	9	9	9	1	0:00:02.538057
980	2	6	2	0	0:00:02.575489
1000	5	5	5	1	0:00:01.822826
1020	1	1	1	1	0:00:01.835652
1040	7	5	5	0	0:00:01.836741
1060	9	9	9	1	0:00:01.829935
1080	6	6	6	1	0:00:01.828473
1100	7	0	0	0	0:00:01.827306
1120	5	5	2	1	0:00:01.840648
1140	6	6	4	1	0:00:01.832299
1160	8	8	0	1	0:00:01.829251
1180	3	3	3	1	0:00:01.838951
1200	8	8	8	1	0:00:01.834388
1220	9	6	6	0	0:00:01.835538
1240	2	6	6	0	0:00:01.836548
1260	1	9	9	0	0:00:01.838239
1280	3	3	3	1	0:00:01.828863
1300	4	3	3	0	0:00:01.835319
1320	7	2	2	0	0:00:01.833719
1340	1	1	1	1	0:00:01.826222
1360	7	7	7	1	0:00:01.840668
1380	4	5	5	0	0:00:01.824731
1400	5	3	3	0	0:00:01.823553
1420	4	7	4	0	0:00:01.826895
1440	0	0	8	1	0:00:01.850704
1460	6	6	2	1	0:00:01.822289
1480	1	1	5	1	0:00:01.821642
1500	1	1	1	1	0:00:01.822921
1520	7	7	7	1	0:00:01.837130
1540	8	8	8	1	0:00:01.829319
1560	7	7	7	1	0:00:01.829567
1580	6	1	3	0	0:00:01.839286
1600	8	9	6	0	0:00:01.842747
1620	5	4	4	0	0:00:01.812193
1640	7	3	3	0	0:00:01.829507
1660	3	3	3	1	0:00:01.836823
1680	6	6	6	1	0:00:01.833887
1700	5	5	3	1	0:00:01.842181
1720	4	4	2	1	0:00:01.840476
1740	1	1	1	1	0:00:01.827188
1760	0	0	0	1	0:00:01.838195
1780	7	7	7	1	0:00:01.826918
1800	4	4	8	1	0:00:01.819291
1820	8	8	8	1	0:00:01.812824
1840	8	9	4	0	0:00:01.806596
1860	8	8	8	1	0:00:01.816927
1880	1	1	1	1	0:00:01.832860
1900	8	8	8	1	0:00:01.851199
1920	2	2	2	1	0:00:01.918725
1940	5	5	2	1	0:00:01.951854
1960	2	5	5	0	0:00:01.928150
1980	9	9	9	1	0:00:01.920011
2000	1	1	2	1	0:00:01.920919
2020	9	9	9	1	0:00:01.924456
2040	0	0	0	1	0:00:01.934371
2060	5	3	3	0	0:00:01.904629
2080	1	1	9	1	0:00:01.832119
2100	2	2	2	1	0:00:01.836269
2120	4	8	8	0	0:00:01.886391
2140	9	9	9	1	0:00:01.909959
2160	0	0	8	1	0:00:01.824550
2180	4	4	4	1	0:00:01.857350
2200	0	2	2	0	0:00:01.827316
2220	1	1	1	1	0:00:01.843257
2240	9	9	8	1	0:00:01.838645
2260	4	4	4	1	0:00:01.822041
2280	4	-1	2	0	0:00:01.835329
2300	3	3	2	1	0:00:01.835111
2320	5	2	2	0	0:00:01.842344
2340	7	7	7	1	0:00:01.842417
2360	7	7	5	1	0:00:01.844579
2380	8	8	8	1	0:00:01.825281
2400	0	0	0	1	0:00:01.823565
2420	8	-1	5	0	0:00:01.819586
2440	7	7	7	1	0:00:01.816071
2460	9	7	3	0	0:00:01.823006
2480	8	8	8	1	0:00:01.840141
2500	4	4	4	1	0:00:01.813327
2520	1	1	7	1	0:00:01.830170
2540	2	5	5	0	0:00:01.812842
2560	7	7	4	1	0:00:01.836412
2580	6	6	6	1	0:00:01.846498
2600	8	8	8	1	0:00:01.832400
2620	1	1	8	1	0:00:01.810040
2640	7	7	7	1	0:00:01.833458
2660	3	5	2	0	0:00:01.846178
2680	0	0	0	1	0:00:01.827839
2700	9	9	1	1	0:00:01.849011
2720	3	3	3	1	0:00:01.851357
2740	1	1	1	1	0:00:01.866099
2760	2	2	2	1	0:00:01.844807
2780	7	7	7	1	0:00:01.828185
2800	4	4	4	1	0:00:01.834464
2820	6	6	6	1	0:00:01.828676
2840	3	3	3	1	0:00:01.819353
2860	5	7	6	0	0:00:01.826590
2880	4	4	4	1	0:00:01.820245
2900	3	5	2	0	0:00:01.827948
2920	2	3	3	0	0:00:01.827662
2940	3	0	0	0	0:00:01.832224
2960	9	9	9	1	0:00:01.824930
2980	8	8	8	1	0:00:01.822469
3000	5	5	5	1	0:00:01.827954
3020	1	1	1	1	0:00:01.811043
3040	7	7	7	1	0:00:01.817219
3060	7	7	7	1	0:00:01.847575
3080	1	1	1	1	0:00:01.826370
3100	0	0	0	1	0:00:01.832590
3120	4	6	2	0	0:00:01.856741
3140	8	8	8	1	0:00:01.837214
3160	6	2	2	0	0:00:01.830434
3180	3	3	3	1	0:00:01.841803
3200	5	7	7	0	0:00:01.843125
3220	3	9	3	0	0:00:01.848667
3240	4	1	8	0	0:00:01.837273
3260	7	7	7	1	0:00:01.856555
3280	3	5	5	0	0:00:01.822639
3300	4	4	4	1	0:00:01.861173
3320	2	7	7	0	0:00:01.839973
3340	6	6	2	1	0:00:01.840703
3360	4	4	4	1	0:00:01.832478
3380	8	8	8	1	0:00:01.859057
3400	6	4	4	0	0:00:01.856139
3420	5	3	3	0	0:00:01.844791
3440	2	3	3	0	0:00:01.829464
3460	1	1	1	1	0:00:01.844605
3480	2	2	2	1	0:00:01.834548
3500	1	1	1	1	0:00:01.831271
3520	1	1	1	1	0:00:01.831064
3540	6	6	6	1	0:00:01.827919
3560	1	9	8	0	0:00:01.845397
3580	4	4	4	1	0:00:01.829125
3600	4	2	2	0	0:00:01.840229
3620	0	0	6	1	0:00:01.831905
3640	6	2	6	0	0:00:01.817274
3660	0	0	8	1	0:00:01.836709
3680	0	0	2	1	0:00:01.826544
3700	3	3	3	1	0:00:01.842685
3720	2	2	2	1	0:00:01.842522
3740	0	0	0	1	0:00:01.845987
3760	7	7	7	1	0:00:01.827186
3780	4	4	2	1	0:00:01.824019
3800	9	9	9	1	0:00:01.824342
3820	0	0	2	1	0:00:01.841913
3840	6	3	3	0	0:00:01.842892
3860	7	7	7	1	0:00:01.839765
3880	6	4	3	0	0:00:01.827597
3900	3	6	6	0	0:00:01.811005
3920	7	7	7	1	0:00:01.812797
3940	6	5	4	0	0:00:01.849851
3960	2	2	2	1	0:00:01.833115
3980	9	9	9	1	0:00:01.831304
4000	8	0	8	0	0:00:01.833028
4020	8	8	8	1	0:00:01.823532
4040	0	0	0	1	0:00:01.837890
4060	6	6	3	1	0:00:01.840114
4080	1	1	8	1	0:00:01.834089
4100	7	7	7	1	0:00:01.836073
4120	4	4	4	1	0:00:01.835782
4140	5	5	5	1	0:00:01.811686
4160	5	5	2	1	0:00:01.810675
4180	0	0	8	1	0:00:01.815309
4200	4	2	2	0	0:00:01.814181
4220	4	0	0	0	0:00:01.825112
4240	7	0	8	0	0:00:01.832246
4260	8	8	8	1	0:00:01.838105
4280	8	1	8	0	0:00:01.832119
4300	8	8	8	1	0:00:01.827836
4320	1	8	8	0	0:00:01.848155
4340	0	0	0	1	0:00:01.819937
4360	6	9	6	0	0:00:01.820808
4380	9	9	8	1	0:00:01.932126
4400	3	4	4	0	0:00:01.828398
4420	5	5	7	1	0:00:01.818656
4440	2	2	2	1	0:00:01.826405
4460	9	9	8	1	0:00:01.816175
4480	9	9	9	1	0:00:01.812946
4500	3	5	5	0	0:00:01.822049
4520	3	6	6	0	0:00:01.925625
4540	9	9	9	1	0:00:01.837524
4560	1	1	1	1	0:00:01.837590
4580	6	6	4	1	0:00:01.831566
4600	4	7	4	0	0:00:01.856097
4620	7	3	3	0	0:00:01.811934
4640	2	2	2	1	0:00:01.824866
4660	7	7	4	1	0:00:01.829806
4680	9	9	1	1	0:00:01.834451
4700	6	-1	5	0	0:00:01.842344
4720	8	8	8	1	0:00:01.863411
4740	5	3	3	0	0:00:01.821919
4760	3	3	3	1	0:00:01.818260
4780	0	0	8	1	0:00:01.861348
4800	9	9	9	1	0:00:01.861997
4820	3	3	3	1	0:00:01.831241
4840	0	0	0	1	0:00:01.839167
4860	5	5	5	1	0:00:01.838845
4880	0	0	8	1	0:00:01.825455
4900	3	3	6	1	0:00:01.814085
4920	7	7	7	1	0:00:01.814189
4940	6	6	2	1	0:00:01.812999
4960	4	3	3	0	0:00:01.812794
4980	1	9	9	0	0:00:01.818969
5000	7	7	7	1	0:00:01.826909
5020	8	8	8	1	0:00:01.835124
5040	3	3	3	1	0:00:01.821545
5060	6	6	2	1	0:00:01.917698
5080	7	7	7	1	0:00:01.836175
5100	3	3	3	1	0:00:01.841252
5120	9	9	9	1	0:00:01.829441
5140	8	8	8	1	0:00:01.897274
5160	0	0	0	1	0:00:01.838097
5180	9	7	4	0	0:00:01.840508
5200	3	3	3	1	0:00:01.825132
5220	0	0	0	1	0:00:01.821744
5240	1	-1	9	0	0:00:01.813549
5260	0	0	0	1	0:00:01.829847
5280	0	8	8	0	0:00:01.853066
5300	9	9	9	1	0:00:01.835115
5320	7	7	7	1	0:00:01.835736
5340	3	4	4	0	0:00:01.833538
5360	9	9	3	1	0:00:01.823292
5380	1	9	9	0	0:00:01.824197
5400	9	9	9	1	0:00:01.834422
5420	6	6	6	1	0:00:01.836005
5440	9	9	9	1	0:00:01.829692
5460	0	0	0	1	0:00:01.816726
5480	1	1	8	1	0:00:01.818576
5500	8	8	8	1	0:00:01.814964
5520	4	4	3	1	0:00:01.818974
5540	5	6	3	0	0:00:01.816041
5560	3	5	5	0	0:00:01.828686
5580	5	3	3	0	0:00:01.836409
5600	6	6	4	1	0:00:01.844848
5620	3	4	6	0	0:00:01.837620
5640	2	2	2	1	0:00:01.823836
5660	9	9	9	1	0:00:01.834715
5680	2	3	3	0	0:00:01.943615
5700	3	-1	3	0	0:00:01.827080
5720	9	9	9	1	0:00:01.847134
5740	6	6	6	1	0:00:01.935017
5760	2	2	2	1	0:00:01.927799
5780	7	7	7	1	0:00:01.838408
5800	2	2	2	1	0:00:01.919786
5820	5	5	5	1	0:00:01.838131
5840	2	2	2	1	0:00:01.940120
5860	0	0	0	1	0:00:01.828748
5880	0	0	0	1	0:00:01.844606
5900	4	3	0	0	0:00:01.833489
5920	8	8	8	1	0:00:01.827497
5940	7	4	4	0	0:00:01.825705
5960	2	6	6	0	0:00:01.825313
5980	9	9	9	1	0:00:01.829826
6000	8	8	8	1	0:00:01.814090
6020	6	6	6	1	0:00:01.814551
6040	2	7	5	0	0:00:01.833824
6060	3	3	2	1	0:00:01.836087
6080	1	1	1	1	0:00:01.815774
6100	1	1	1	1	0:00:01.812574
6120	5	5	5	1	0:00:01.812447
6140	9	9	9	1	0:00:01.815519
6160	2	2	5	1	0:00:01.832506
6180	0	0	0	1	0:00:01.833128
6200	3	3	3	1	0:00:01.844253
6220	2	5	5	0	0:00:01.848083
6240	2	2	2	1	0:00:01.829255
6260	2	6	2	0	0:00:01.831036
6280	8	5	5	0	0:00:01.845483
6300	1	1	1	1	0:00:01.821326
6320	0	0	0	1	0:00:01.824830
6340	3	3	3	1	0:00:01.832781
6360	2	2	2	1	0:00:01.816916
6380	3	3	3	1	0:00:01.821408
6400	0	-1	8	0	0:00:01.845554
6420	7	7	7	1	0:00:01.832193
6440	3	9	4	0	0:00:01.836874
6460	3	3	3	1	0:00:01.830569
6480	0	0	0	1	0:00:01.850685
6500	7	-1	6	0	0:00:01.823443
6520	6	2	4	0	0:00:01.825534
6540	8	8	8	1	0:00:01.822858
6560	6	6	2	1	0:00:01.854527
6580	1	1	7	1	0:00:01.835855
6600	7	7	7	1	0:00:01.832601
6620	7	7	7	1	0:00:01.825502
6640	5	3	3	0	0:00:01.823097
6660	0	0	0	1	0:00:01.816381
6680	3	3	3	1	0:00:01.928886
6700	6	6	0	1	0:00:01.910155
6720	2	2	2	1	0:00:01.928243
6740	2	2	4	1	0:00:01.841645
6760	5	5	5	1	0:00:01.835081
6780	7	7	7	1	0:00:01.931310
6800	6	6	2	1	0:00:01.929820
6820	1	1	1	1	0:00:01.829901
6840	9	9	9	1	0:00:01.832289
6860	0	0	0	1	0:00:01.810438
6880	2	2	2	1	0:00:01.838566
6900	3	5	5	0	0:00:01.825533
6920	5	4	2	0	0:00:01.831641
6940	1	1	1	1	0:00:01.836740
6960	9	9	9	1	0:00:01.827127
6980	0	0	8	1	0:00:01.843796
7000	2	0	8	0	0:00:01.825444
7020	7	7	7	1	0:00:01.834493
7040	7	8	8	0	0:00:01.833442
7060	8	8	8	1	0:00:01.832304
7080	5	4	4	0	0:00:01.824914
7100	9	-1	3	0	0:00:01.818411
7120	7	5	5	0	0:00:01.845910
7140	4	4	4	1	0:00:01.896432
7160	5	5	5	1	0:00:01.831379
7180	6	6	3	1	0:00:01.925205
7200	4	4	2	1	0:00:01.876327
7220	9	9	9	1	0:00:01.933074
7240	0	0	8	1	0:00:01.921845
7260	1	1	8	1	0:00:01.927449
7280	1	9	5	0	0:00:01.931652
7300	3	4	5	0	0:00:01.823401
7320	8	8	8	1	0:00:01.821325
7340	2	4	4	0	0:00:01.931735
7360	2	-1	4	0	0:00:01.834916
7380	7	7	7	1	0:00:01.828338
7400	3	3	3	1	0:00:01.835392
7420	3	4	2	0	0:00:01.927284
7440	3	3	3	1	0:00:01.834730
7460	5	5	5	1	0:00:01.815031
7480	1	8	8	0	0:00:01.824567
7500	6	6	6	1	0:00:01.841054
7520	4	4	2	1	0:00:01.833279
7540	5	5	5	1	0:00:01.817439
7560	0	0	0	1	0:00:01.847774
7580	8	8	8	1	0:00:01.824687
7600	8	9	2	0	0:00:01.827594
7620	5	3	3	0	0:00:01.848834
7640	9	9	8	1	0:00:01.824055
7660	7	7	4	1	0:00:01.819027
7680	3	9	3	0	0:00:01.826471
7700	6	6	6	1	0:00:01.842400
7720	5	-1	2	0	0:00:01.844988
7740	4	4	2	1	0:00:01.844766
7760	2	9	2	0	0:00:01.833825
7780	3	8	8	0	0:00:01.840359
7800	0	0	0	1	0:00:01.833836
7820	5	5	5	1	0:00:01.836835
7840	1	1	1	1	0:00:01.821632
7860	8	8	8	1	0:00:01.818994
7880	0	0	0	1	0:00:01.829871
7900	0	8	8	0	0:00:01.853210
7920	9	9	2	1	0:00:01.825424
7940	2	-1	2	0	0:00:01.866524
7960	0	0	0	1	0:00:01.827787
7980	3	3	3	1	0:00:01.821563
8000	9	9	9	1	0:00:01.822124
8020	6	3	3	0	0:00:01.834898
8040	2	2	2	1	0:00:01.813370
8060	6	6	6	1	0:00:01.824272
8080	4	4	2	1	0:00:01.822704
8100	6	-1	6	0	0:00:01.834300
8120	8	9	9	0	0:00:01.849842
8140	5	4	5	0	0:00:01.823813
8160	6	6	6	1	0:00:01.814015
8180	4	4	4	1	0:00:01.848624
8200	3	4	4	0	0:00:01.834391
8220	6	7	3	0	0:00:01.841284
8240	7	7	7	1	0:00:01.817784
8260	1	1	1	1	0:00:01.814901
8280	4	5	3	0	0:00:01.812723
8300	5	2	2	0	0:00:01.814360
8320	7	4	4	0	0:00:01.860299
8340	5	3	3	0	0:00:01.830646
8360	7	7	7	1	0:00:01.826448
8380	9	9	9	1	0:00:01.839597
8400	0	0	0	1	0:00:01.816955
8420	3	6	4	0	0:00:01.826701
8440	5	5	3	1	0:00:01.817750
8460	8	8	8	1	0:00:01.817240
8480	2	2	4	1	0:00:01.849041
8500	4	4	4	1	0:00:01.835659
8520	8	8	8	1	0:00:01.824983
8540	4	2	2	0	0:00:01.824001
8560	7	7	7	1	0:00:01.837553
8580	3	5	5	0	0:00:01.819163
8600	3	3	3	1	0:00:01.836147
8620	3	4	4	0	0:00:01.835157
8640	1	1	8	1	0:00:01.833765
8660	7	7	7	1	0:00:01.856248
8680	3	7	8	0	0:00:01.832699
8700	3	3	3	1	0:00:01.823049
8720	2	0	0	0	0:00:01.831057
8740	2	2	2	1	0:00:01.843679
8760	8	8	8	1	0:00:01.824535
8780	4	4	4	1	0:00:01.824711
8800	0	0	0	1	0:00:01.830986
8820	2	2	2	1	0:00:01.851365
8840	2	7	7	0	0:00:01.830031
8860	2	2	2	1	0:00:01.828677
8880	1	1	1	1	0:00:01.832977
8900	2	4	4	0	0:00:01.845903
8920	6	6	2	1	0:00:01.817700
8940	6	3	3	0	0:00:01.834216
8960	0	0	0	1	0:00:01.821216
8980	9	9	9	1	0:00:01.838129
9000	8	8	8	1	0:00:01.912134
9020	7	7	7	1	0:00:01.932103
9040	2	5	5	0	0:00:01.851683
9060	9	9	3	1	0:00:01.938763
9080	3	3	2	1	0:00:01.938538
9100	9	1	3	0	0:00:01.833009
9120	3	3	3	1	0:00:01.841566
9140	7	7	5	1	0:00:01.833291
9160	5	3	3	0	0:00:01.821345
9180	5	5	5	1	0:00:01.915551
9200	8	8	8	1	0:00:01.920176
9220	8	8	8	1	0:00:01.848274
9240	8	8	8	1	0:00:01.919260
9260	5	5	5	1	0:00:01.828314
9280	9	8	8	0	0:00:01.922736
9300	5	-1	2	0	0:00:01.833588
9320	9	9	9	1	0:00:01.832327
9340	1	1	1	1	0:00:01.871196
9360	5	0	5	0	0:00:01.886296
9380	5	3	3	0	0:00:01.817119
9400	6	6	2	1	0:00:01.825222
9420	5	5	5	1	0:00:01.831507
9440	8	8	8	1	0:00:01.814087
9460	3	7	7	0	0:00:01.811141
9480	2	2	2	1	0:00:01.816721
9500	9	9	9	1	0:00:01.845915
9520	1	1	1	1	0:00:01.925965
9540	5	5	5	1	0:00:01.903822
9560	9	7	5	0	0:00:01.882542
9580	1	1	8	1	0:00:01.815622
9600	8	8	8	1	0:00:01.824746
9620	4	4	4	1	0:00:01.836795
9640	5	5	5	1	0:00:01.815645
9660	6	6	6	1	0:00:01.827422
9680	8	8	8	1	0:00:01.817582
9700	0	0	0	1	0:00:01.848682
9720	8	1	8	0	0:00:01.833438
9740	3	6	2	0	0:00:01.818187
9760	9	9	3	1	0:00:01.841034
9780	4	6	2	0	0:00:01.838336
9800	1	1	1	1	0:00:01.845111
9820	0	8	8	0	0:00:01.862667
9840	4	5	5	0	0:00:01.827370
9860	0	5	8	0	0:00:01.831116
9880	7	7	3	1	0:00:01.821434
9900	8	8	8	1	0:00:01.828214
9920	6	6	4	1	0:00:01.840570
9940	4	5	5	0	0:00:01.826724
9960	2	0	0	0	0:00:01.825396
9980	0	0	0	1	0:00:01.816059
