idx	label	predict	basePredict	correct	time
0	3	2	2	0	0:00:17.099150
20	7	1	9	0	0:00:15.862137
40	4	8	8	0	0:00:15.836488
60	7	2	2	0	0:00:15.904960
80	8	8	8	1	0:00:15.839892
100	4	3	3	0	0:00:15.905170
120	8	8	8	1	0:00:15.846924
140	6	2	2	0	0:00:15.845615
160	2	0	2	0	0:00:15.889116
180	0	8	8	0	0:00:16.092930
200	5	7	3	0	0:00:15.842014
220	7	7	4	1	0:00:15.956704
240	1	1	8	1	0:00:15.878799
260	8	3	6	0	0:00:15.826828
280	9	9	8	1	0:00:15.882985
300	6	7	4	0	0:00:15.878852
320	3	2	4	0	0:00:15.867575
340	2	4	4	0	0:00:16.031151
360	9	7	6	0	0:00:15.848481
380	6	4	4	0	0:00:15.959955
400	9	1	8	0	0:00:15.903098
420	4	6	6	0	0:00:15.851371
440	1	1	6	1	0:00:15.916736
460	5	3	3	0	0:00:15.912117
480	8	9	9	0	0:00:15.904316
500	4	6	6	0	0:00:15.876148
520	5	7	7	0	0:00:15.934439
540	1	8	8	0	0:00:15.867901
560	0	0	8	1	0:00:15.868947
580	4	6	4	0	0:00:15.872766
600	8	0	8	0	0:00:15.988819
620	7	6	4	0	0:00:15.884412
640	5	3	3	0	0:00:15.904173
660	9	9	3	1	0:00:15.834940
680	9	7	4	0	0:00:15.913100
700	7	0	0	0	0:00:15.841157
720	4	9	7	0	0:00:15.859820
740	2	5	3	0	0:00:15.906843
760	3	9	9	0	0:00:15.923269
780	9	1	0	0	0:00:15.880124
800	7	7	7	1	0:00:15.844159
820	6	1	8	0	0:00:15.961260
840	7	7	7	1	0:00:15.857258
860	4	4	4	1	0:00:15.894927
880	8	8	8	1	0:00:15.898676
900	2	6	4	0	0:00:15.921599
920	6	2	2	0	0:00:15.893075
940	9	1	1	0	0:00:15.896322
960	9	9	4	1	0:00:15.846111
980	2	6	6	0	0:00:16.009451
1000	5	5	5	1	0:00:15.158354
1020	1	8	8	0	0:00:15.120559
1040	7	5	5	0	0:00:15.268131
1060	9	9	8	1	0:00:15.104713
1080	6	6	6	1	0:00:15.200464
1100	7	8	8	0	0:00:15.162457
1120	5	2	2	0	0:00:15.227112
1140	6	4	4	0	0:00:15.131099
1160	8	0	0	0	0:00:15.174499
1180	3	8	8	0	0:00:15.145107
1200	8	0	0	0	0:00:15.144115
1220	9	6	2	0	0:00:15.191647
1240	2	6	6	0	0:00:15.206352
1260	1	9	9	0	0:00:15.150303
1280	3	7	7	0	0:00:15.100590
1300	4	3	3	0	0:00:15.113058
1320	7	2	2	0	0:00:15.194974
1340	1	8	8	0	0:00:15.121297
1360	7	5	4	0	0:00:15.135279
1380	4	5	5	0	0:00:15.141564
1400	5	-1	2	0	0:00:15.130254
1420	4	7	7	0	0:00:15.092524
1440	0	8	8	0	0:00:15.159183
1460	6	6	4	1	0:00:15.181792
1480	1	5	5	0	0:00:15.124060
1500	1	9	9	0	0:00:15.083249
1520	7	6	2	0	0:00:15.192773
1540	8	8	8	1	0:00:15.143450
1560	7	7	7	1	0:00:15.103997
1580	6	1	1	0	0:00:15.111556
1600	8	9	6	0	0:00:15.143827
1620	5	8	8	0	0:00:15.139217
1640	7	5	3	0	0:00:15.204468
1660	3	5	4	0	0:00:15.323422
1680	6	6	6	1	0:00:15.175935
1700	5	2	2	0	0:00:15.177145
1720	4	0	2	0	0:00:15.107268
1740	1	9	9	0	0:00:15.171865
1760	0	8	8	0	0:00:15.142384
1780	7	9	8	0	0:00:15.171239
1800	4	8	8	0	0:00:15.200865
1820	8	9	8	0	0:00:15.196478
1840	8	7	4	0	0:00:15.086829
1860	8	8	8	1	0:00:15.200013
1880	1	8	8	0	0:00:15.115866
1900	8	8	8	1	0:00:15.111553
1920	2	5	2	0	0:00:15.156358
1940	5	3	3	0	0:00:15.157542
1960	2	5	5	0	0:00:15.130378
1980	9	9	4	1	0:00:15.151408
2000	1	6	4	0	0:00:15.120519
2020	9	9	1	1	0:00:15.144795
2040	0	8	8	0	0:00:15.115970
2060	5	-1	3	0	0:00:15.240172
2080	1	9	4	0	0:00:15.209557
2100	2	4	4	0	0:00:15.127853
2120	4	8	8	0	0:00:15.154174
2140	9	1	1	0	0:00:15.178048
2160	0	8	8	0	0:00:15.198365
2180	4	6	4	0	0:00:15.062615
2200	0	2	2	0	0:00:15.244747
2220	1	1	4	1	0:00:15.192701
2240	9	1	8	0	0:00:15.324046
2260	4	7	4	0	0:00:15.178349
2280	4	8	8	0	0:00:15.232102
2300	3	2	4	0	0:00:15.245527
2320	5	8	8	0	0:00:15.177605
2340	7	7	7	1	0:00:15.120332
2360	7	5	3	0	0:00:15.139697
2380	8	0	0	0	0:00:15.092405
2400	0	4	4	0	0:00:15.187906
2420	8	5	5	0	0:00:15.134104
2440	7	1	8	0	0:00:15.090686
2460	9	3	3	0	0:00:15.153862
2480	8	8	8	1	0:00:15.126749
2500	4	6	2	0	0:00:15.159230
2520	1	9	8	0	0:00:15.165727
2540	2	3	3	0	0:00:15.100703
2560	7	6	2	0	0:00:15.184776
2580	6	-1	4	0	0:00:15.106998
2600	8	8	8	1	0:00:15.205881
2620	1	4	4	0	0:00:15.168345
2640	7	-1	6	0	0:00:15.179989
2660	3	2	2	0	0:00:15.147038
2680	0	0	0	1	0:00:15.093892
2700	9	7	0	0	0:00:15.159496
2720	3	2	2	0	0:00:15.242060
2740	1	1	7	1	0:00:15.187340
2760	2	4	4	0	0:00:15.112460
2780	7	7	6	1	0:00:15.098027
2800	4	6	6	0	0:00:15.114800
2820	6	6	4	1	0:00:15.085230
2840	3	3	3	1	0:00:15.231871
2860	5	7	4	0	0:00:15.144741
2880	4	4	4	1	0:00:15.083138
2900	3	2	2	0	0:00:15.120169
2920	2	5	5	0	0:00:15.145832
2940	3	0	0	0	0:00:15.106483
2960	9	7	8	0	0:00:15.154014
2980	8	1	8	0	0:00:15.144572
3000	5	5	5	1	0:00:15.173151
3020	1	8	8	0	0:00:15.132661
3040	7	7	7	1	0:00:15.179814
3060	7	7	7	1	0:00:15.155102
3080	1	7	4	0	0:00:15.193906
3100	0	0	0	1	0:00:15.143549
3120	4	6	2	0	0:00:15.146048
3140	8	8	8	1	0:00:15.252655
3160	6	4	4	0	0:00:15.097582
3180	3	9	8	0	0:00:15.116114
3200	5	7	7	0	0:00:15.098243
3220	3	9	9	0	0:00:15.153968
3240	4	1	8	0	0:00:15.129759
3260	7	0	2	0	0:00:15.154760
3280	3	0	0	0	0:00:15.113191
3300	4	6	4	0	0:00:15.125219
3320	2	7	7	0	0:00:15.251715
3340	6	4	4	0	0:00:15.264805
3360	4	6	6	0	0:00:15.170197
3380	8	1	8	0	0:00:15.139891
3400	6	4	4	0	0:00:15.138618
3420	5	6	4	0	0:00:15.157692
3440	2	9	3	0	0:00:15.146354
3460	1	1	4	1	0:00:15.073411
3480	2	2	2	1	0:00:15.145427
3500	1	1	4	1	0:00:15.100443
3520	1	1	1	1	0:00:15.168777
3540	6	6	4	1	0:00:15.142730
3560	1	9	0	0	0:00:15.191895
3580	4	1	8	0	0:00:15.203392
3600	4	2	2	0	0:00:15.149951
3620	0	6	6	0	0:00:15.138405
3640	6	2	2	0	0:00:15.267181
3660	0	8	8	0	0:00:15.181517
3680	0	2	2	0	0:00:15.134223
3700	3	4	4	0	0:00:15.150873
3720	2	2	2	1	0:00:15.202259
3740	0	8	8	0	0:00:15.110108
3760	7	7	7	1	0:00:15.122425
3780	4	2	2	0	0:00:15.176914
3800	9	3	8	0	0:00:15.169822
3820	0	2	2	0	0:00:15.218030
3840	6	3	3	0	0:00:15.091783
3860	7	7	7	1	0:00:15.112222
3880	6	4	4	0	0:00:15.163416
3900	3	1	1	0	0:00:15.145895
3920	7	9	8	0	0:00:15.250788
3940	6	7	4	0	0:00:15.118232
3960	2	5	5	0	0:00:15.116344
3980	9	7	7	0	0:00:15.267624
4000	8	7	4	0	0:00:15.095404
4020	8	1	8	0	0:00:15.201700
4040	0	0	0	1	0:00:15.131009
4060	6	3	3	0	0:00:15.212382
4080	1	8	8	0	0:00:15.202732
4100	7	7	7	1	0:00:15.120107
4120	4	0	0	0	0:00:15.184088
4140	5	3	3	0	0:00:15.207549
4160	5	2	2	0	0:00:15.127758
4180	0	8	8	0	0:00:15.186607
4200	4	2	2	0	0:00:15.098731
4220	4	0	0	0	0:00:15.273855
4240	7	0	0	0	0:00:15.200370
4260	8	1	8	0	0:00:15.227174
4280	8	0	8	0	0:00:15.135198
4300	8	8	8	1	0:00:15.165895
4320	1	8	8	0	0:00:15.139102
4340	0	8	8	0	0:00:15.107375
4360	6	9	9	0	0:00:15.274208
4380	9	8	8	0	0:00:15.164375
4400	3	4	4	0	0:00:15.138766
4420	5	8	8	0	0:00:15.116018
4440	2	6	2	0	0:00:15.162310
4460	9	8	8	0	0:00:15.269243
4480	9	6	6	0	0:00:15.264811
4500	3	6	6	0	0:00:15.149728
4520	3	6	6	0	0:00:15.102020
4540	9	9	1	1	0:00:15.213017
4560	1	1	4	1	0:00:15.167758
4580	6	4	4	0	0:00:15.136538
4600	4	7	7	0	0:00:15.169251
4620	7	3	3	0	0:00:15.264049
4640	2	3	4	0	0:00:15.188946
4660	7	4	2	0	0:00:15.125428
4680	9	1	1	0	0:00:15.178377
4700	6	1	4	0	0:00:15.220675
4720	8	0	0	0	0:00:15.111886
4740	5	6	4	0	0:00:15.155650
4760	3	1	8	0	0:00:15.207609
4780	0	8	8	0	0:00:15.146504
4800	9	9	9	1	0:00:15.175738
4820	3	5	5	0	0:00:15.208293
4840	0	0	0	1	0:00:15.088731
4860	5	3	3	0	0:00:15.140541
4880	0	2	2	0	0:00:15.144125
4900	3	6	6	0	0:00:15.136477
4920	7	7	2	1	0:00:15.088144
4940	6	4	2	0	0:00:15.152787
4960	4	3	3	0	0:00:15.196036
4980	1	9	9	0	0:00:15.086658
5000	7	7	7	1	0:00:15.159683
5020	8	1	8	0	0:00:15.104197
5040	3	7	4	0	0:00:15.120969
5060	6	2	4	0	0:00:15.200994
5080	7	7	7	1	0:00:15.147919
5100	3	3	4	1	0:00:15.158532
5120	9	8	8	0	0:00:15.105840
5140	8	0	8	0	0:00:15.192957
5160	0	8	8	0	0:00:15.091806
5180	9	6	4	0	0:00:15.123988
5200	3	3	3	1	0:00:15.247232
5220	0	0	0	1	0:00:15.175388
5240	1	-1	2	0	0:00:15.184843
5260	0	0	0	1	0:00:15.159758
5280	0	8	8	0	0:00:15.175581
5300	9	1	1	0	0:00:15.212523
5320	7	3	3	0	0:00:15.145190
5340	3	4	4	0	0:00:15.165399
5360	9	9	3	1	0:00:15.154225
5380	1	9	9	0	0:00:15.123337
5400	9	0	8	0	0:00:15.085111
5420	6	5	6	0	0:00:15.131018
5440	9	9	9	1	0:00:15.064003
5460	0	7	7	0	0:00:15.167551
5480	1	4	4	0	0:00:15.209734
5500	8	1	8	0	0:00:15.113058
5520	4	3	3	0	0:00:15.147004
5540	5	6	2	0	0:00:15.162383
5560	3	6	4	0	0:00:15.140569
5580	5	6	6	0	0:00:15.105531
5600	6	0	0	0	0:00:15.124004
5620	3	2	2	0	0:00:15.097207
5640	2	5	3	0	0:00:15.139989
5660	9	0	8	0	0:00:15.202932
5680	2	1	8	0	0:00:15.162940
5700	3	2	2	0	0:00:15.169081
5720	9	9	9	1	0:00:15.135671
5740	6	4	4	0	0:00:15.242391
5760	2	0	2	0	0:00:15.132610
5780	7	7	4	1	0:00:15.130430
5800	2	6	4	0	0:00:15.162900
5820	5	6	6	0	0:00:15.172827
5840	2	6	6	0	0:00:15.157758
5860	0	8	8	0	0:00:15.334510
5880	0	8	8	0	0:00:15.229064
5900	4	3	4	0	0:00:15.095961
5920	8	8	8	1	0:00:15.116423
5940	7	4	4	0	0:00:15.107855
5960	2	6	4	0	0:00:15.161294
5980	9	9	6	1	0:00:15.099101
6000	8	9	8	0	0:00:15.113960
6020	6	7	6	0	0:00:15.205819
6040	2	7	7	0	0:00:15.103332
6060	3	4	4	0	0:00:15.149795
6080	1	9	6	0	0:00:15.094115
6100	1	1	8	1	0:00:15.124816
6120	5	3	3	0	0:00:15.059340
6140	9	9	7	1	0:00:15.113426
6160	2	5	5	0	0:00:15.139887
6180	0	8	8	0	0:00:15.130778
6200	3	9	8	0	0:00:15.098341
6220	2	6	6	0	0:00:15.199780
6240	2	1	4	0	0:00:15.165716
6260	2	9	8	0	0:00:15.185604
6280	8	5	4	0	0:00:15.238493
6300	1	7	4	0	0:00:15.153261
6320	0	0	0	1	0:00:15.095212
6340	3	3	3	1	0:00:15.154166
6360	2	6	2	0	0:00:15.211742
6380	3	1	6	0	0:00:15.100267
6400	0	1	4	0	0:00:15.131145
6420	7	8	8	0	0:00:15.098469
6440	3	9	8	0	0:00:15.084570
6460	3	1	4	0	0:00:15.103453
6480	0	2	2	0	0:00:15.099051
6500	7	0	8	0	0:00:15.117385
6520	6	4	4	0	0:00:15.214637
6540	8	8	8	1	0:00:15.087933
6560	6	7	4	0	0:00:15.132977
6580	1	2	2	0	0:00:15.111706
6600	7	7	7	1	0:00:15.148635
6620	7	7	3	1	0:00:15.204957
6640	5	8	8	0	0:00:15.139560
6660	0	9	8	0	0:00:15.182661
6680	3	5	5	0	0:00:15.171101
6700	6	1	4	0	0:00:15.124862
6720	2	4	2	0	0:00:15.148296
6740	2	6	4	0	0:00:15.182067
6760	5	3	6	0	0:00:15.140236
6780	7	7	7	1	0:00:15.187071
6800	6	2	4	0	0:00:15.118313
6820	1	1	8	1	0:00:15.332941
6840	9	1	1	0	0:00:15.075831
6860	0	2	2	0	0:00:15.097583
6880	2	7	7	0	0:00:15.205872
6900	3	7	4	0	0:00:15.217795
6920	5	2	2	0	0:00:15.236811
6940	1	1	1	1	0:00:15.297944
6960	9	8	8	0	0:00:15.159322
6980	0	1	8	0	0:00:15.105120
7000	2	8	8	0	0:00:15.198039
7020	7	1	8	0	0:00:15.158392
7040	7	8	8	0	0:00:15.173463
7060	8	0	8	0	0:00:15.207610
7080	5	4	4	0	0:00:15.158576
7100	9	3	3	0	0:00:15.092366
7120	7	5	6	0	0:00:15.135514
7140	4	1	4	0	0:00:15.233114
7160	5	4	4	0	0:00:15.213889
7180	6	6	6	1	0:00:15.404923
7200	4	6	2	0	0:00:15.142979
7220	9	8	8	0	0:00:15.164217
7240	0	8	8	0	0:00:15.174371
7260	1	8	8	0	0:00:15.142339
7280	1	6	6	0	0:00:15.155230
7300	3	7	7	0	0:00:15.089336
7320	8	0	0	0	0:00:15.149419
7340	2	4	4	0	0:00:15.178997
7360	2	7	4	0	0:00:15.069014
7380	7	9	7	0	0:00:15.173833
7400	3	3	3	1	0:00:15.170421
7420	3	0	0	0	0:00:15.112155
7440	3	6	2	0	0:00:15.147650
7460	5	5	5	1	0:00:15.202510
7480	1	8	5	0	0:00:15.134115
7500	6	6	6	1	0:00:15.092827
7520	4	6	4	0	0:00:15.121561
7540	5	5	5	1	0:00:15.079460
7560	0	6	2	0	0:00:15.151456
7580	8	0	8	0	0:00:15.207481
7600	8	9	8	0	0:00:15.290408
7620	5	1	4	0	0:00:15.193107
7640	9	7	6	0	0:00:15.170024
7660	7	1	4	0	0:00:15.117416
7680	3	9	3	0	0:00:15.104136
7700	6	6	4	1	0:00:15.243515
7720	5	2	4	0	0:00:15.205318
7740	4	6	2	0	0:00:15.176000
7760	2	9	9	0	0:00:15.134047
7780	3	1	8	0	0:00:15.221199
7800	0	0	8	1	0:00:15.217323
7820	5	8	8	0	0:00:15.202728
7840	1	1	1	1	0:00:15.131478
7860	8	7	4	0	0:00:15.215180
7880	0	0	0	1	0:00:15.190270
7900	0	8	8	0	0:00:15.235528
7920	9	8	8	0	0:00:15.067010
7940	2	6	6	0	0:00:15.222989
7960	0	3	3	0	0:00:15.093586
7980	3	7	4	0	0:00:15.231262
8000	9	9	8	1	0:00:15.103528
8020	6	3	3	0	0:00:15.170601
8040	2	6	6	0	0:00:15.132982
8060	6	4	4	0	0:00:15.269087
8080	4	6	6	0	0:00:15.092577
8100	6	2	2	0	0:00:15.173172
8120	8	9	9	0	0:00:15.102074
8140	5	4	4	0	0:00:15.160733
8160	6	9	6	0	0:00:15.262241
8180	4	-1	4	0	0:00:15.217287
8200	3	7	4	0	0:00:15.155272
8220	6	2	2	0	0:00:15.109914
8240	7	7	4	1	0:00:15.105917
8260	1	3	3	0	0:00:15.120159
8280	4	3	3	0	0:00:15.209607
8300	5	2	2	0	0:00:15.201979
8320	7	3	4	0	0:00:15.097609
8340	5	3	4	0	0:00:15.130028
8360	7	4	4	0	0:00:15.205040
8380	9	8	8	0	0:00:15.151958
8400	0	8	8	0	0:00:15.142029
8420	3	4	4	0	0:00:15.166198
8440	5	3	4	0	0:00:15.240980
8460	8	8	8	1	0:00:15.192364
8480	2	1	8	0	0:00:15.217626
8500	4	2	2	0	0:00:15.209614
8520	8	4	4	0	0:00:15.174512
8540	4	6	2	0	0:00:15.172487
8560	7	4	4	0	0:00:15.114960
8580	3	0	2	0	0:00:15.238813
8600	3	2	4	0	0:00:15.163528
8620	3	1	4	0	0:00:15.095294
8640	1	1	8	1	0:00:15.166070
8660	7	5	5	0	0:00:15.163474
8680	3	9	8	0	0:00:15.075127
8700	3	3	3	1	0:00:15.138178
8720	2	0	0	0	0:00:15.292691
8740	2	6	4	0	0:00:15.183507
8760	8	5	5	0	0:00:15.101529
8780	4	7	2	0	0:00:15.091867
8800	0	0	0	1	0:00:15.159880
8820	2	3	3	0	0:00:15.162837
8840	2	1	1	0	0:00:15.203495
8860	2	6	6	0	0:00:15.173504
8880	1	9	6	0	0:00:15.164992
8900	2	6	4	0	0:00:15.140961
8920	6	6	4	1	0:00:15.137362
8940	6	3	3	0	0:00:15.133029
8960	0	0	0	1	0:00:15.199436
8980	9	9	8	1	0:00:15.087453
9000	8	8	8	1	0:00:15.169406
9020	7	9	8	0	0:00:15.096128
9040	2	5	5	0	0:00:15.154678
9060	9	5	5	0	0:00:15.168777
9080	3	0	0	0	0:00:15.153528
9100	9	6	6	0	0:00:15.073780
9120	3	0	0	0	0:00:15.206691
9140	7	-1	8	0	0:00:15.144019
9160	5	7	4	0	0:00:15.168461
9180	5	5	5	1	0:00:15.268974
9200	8	8	8	1	0:00:15.193440
9220	8	8	8	1	0:00:15.054061
9240	8	9	8	0	0:00:15.264118
9260	5	-1	5	0	0:00:15.189500
9280	9	1	8	0	0:00:15.192420
9300	5	3	2	0	0:00:15.144833
9320	9	9	8	1	0:00:15.106728
9340	1	1	1	1	0:00:15.133487
9360	5	1	4	0	0:00:15.159528
9380	5	9	3	0	0:00:15.272600
9400	6	4	4	0	0:00:15.241927
9420	5	6	6	0	0:00:15.116400
9440	8	8	8	1	0:00:15.171947
9460	3	7	6	0	0:00:15.223044
9480	2	4	4	0	0:00:15.138884
9500	9	1	4	0	0:00:15.262171
9520	1	3	8	0	0:00:15.225668
9540	5	3	4	0	0:00:15.124372
9560	9	7	7	0	0:00:15.151653
9580	1	4	4	0	0:00:15.121155
9600	8	-1	8	0	0:00:15.240006
9620	4	7	4	0	0:00:15.180254
9640	5	0	6	0	0:00:15.147826
9660	6	6	6	1	0:00:15.158514
9680	8	8	8	1	0:00:15.162874
9700	0	2	2	0	0:00:15.158652
9720	8	1	6	0	0:00:15.240219
9740	3	4	4	0	0:00:15.128979
9760	9	7	4	0	0:00:15.207469
9780	4	6	6	0	0:00:15.212982
9800	1	1	1	1	0:00:15.247792
9820	0	8	8	0	0:00:15.128496
9840	4	5	5	0	0:00:15.131631
9860	0	5	8	0	0:00:15.151810
9880	7	4	4	0	0:00:15.155581
9900	8	0	6	0	0:00:15.118443
9920	6	4	2	0	0:00:15.177786
9940	4	-1	6	0	0:00:15.242446
9960	2	0	0	0	0:00:15.108148
9980	0	0	0	1	0:00:15.134608
