idx	label	predict	basePredict	correct	time
0	3	3	3	1	0:00:02.901372
20	7	5	5	0	0:00:02.770550
40	4	0	4	0	0:00:02.835298
60	7	7	7	1	0:00:02.820244
80	8	8	8	1	0:00:02.891456
100	4	5	5	0	0:00:02.861829
120	8	1	8	0	0:00:02.890712
140	6	2	2	0	0:00:02.801754
160	2	2	2	1	0:00:02.792812
180	0	0	0	1	0:00:02.781006
200	5	3	5	0	0:00:02.790734
220	7	5	5	0	0:00:02.783671
240	1	1	1	1	0:00:02.780870
260	8	8	8	1	0:00:02.771330
280	9	0	0	0	0:00:02.757764
300	6	6	6	1	0:00:02.794940
320	3	5	5	0	0:00:02.788509
340	2	4	4	0	0:00:02.790806
360	9	9	3	1	0:00:02.791508
380	6	6	2	1	0:00:02.777869
400	9	9	9	1	0:00:02.797132
420	4	4	2	1	0:00:02.793363
440	1	1	1	1	0:00:02.774850
460	5	5	5	1	0:00:02.792822
480	8	9	9	0	0:00:02.803431
500	4	-1	3	0	0:00:02.854689
520	5	5	5	1	0:00:02.819921
540	1	1	1	1	0:00:02.795916
560	0	0	0	1	0:00:02.802525
580	4	2	4	0	0:00:02.789693
600	8	8	2	1	0:00:02.813137
620	7	7	7	1	0:00:02.790174
640	5	3	3	0	0:00:02.770432
660	9	9	8	1	0:00:02.801257
680	9	9	2	1	0:00:02.789801
700	7	7	7	1	0:00:02.813457
720	4	9	8	0	0:00:02.784695
740	2	5	5	0	0:00:02.784049
760	3	4	4	0	0:00:02.799937
780	9	9	9	1	0:00:02.781135
800	7	7	7	1	0:00:02.773957
820	6	6	2	1	0:00:02.787936
840	7	7	7	1	0:00:02.770416
860	4	7	7	0	0:00:02.835567
880	8	8	8	1	0:00:02.786602
900	2	6	6	0	0:00:02.807709
920	6	6	4	1	0:00:02.808073
940	9	9	9	1	0:00:02.892643
960	9	3	3	0	0:00:02.789447
980	2	4	2	0	0:00:02.796949
1000	5	5	5	1	0:00:02.091369
1020	1	1	1	1	0:00:02.092072
1040	7	5	5	0	0:00:02.138672
1060	9	9	9	1	0:00:02.100929
1080	6	6	2	1	0:00:02.079359
1100	7	8	8	0	0:00:02.085744
1120	5	2	2	0	0:00:02.075427
1140	6	4	5	0	0:00:02.081749
1160	8	8	8	1	0:00:02.126066
1180	3	3	3	1	0:00:02.089389
1200	8	8	8	1	0:00:02.099015
1220	9	6	3	0	0:00:02.081641
1240	2	6	6	0	0:00:02.089913
1260	1	9	9	0	0:00:02.117949
1280	3	-1	5	0	0:00:02.105955
1300	4	3	3	0	0:00:02.084018
1320	7	7	2	1	0:00:02.072761
1340	1	1	1	1	0:00:02.085152
1360	7	4	4	0	0:00:02.091617
1380	4	5	5	0	0:00:02.085138
1400	5	3	5	0	0:00:02.090211
1420	4	7	7	0	0:00:02.078211
1440	0	8	8	0	0:00:02.083201
1460	6	6	2	1	0:00:02.094318
1480	1	5	5	0	0:00:02.079343
1500	1	1	1	1	0:00:02.075677
1520	7	7	4	1	0:00:02.072406
1540	8	8	8	1	0:00:02.071852
1560	7	7	7	1	0:00:02.081080
1580	6	-1	3	0	0:00:02.077098
1600	8	9	3	0	0:00:02.083004
1620	5	8	8	0	0:00:02.080449
1640	7	3	3	0	0:00:02.073288
1660	3	3	3	1	0:00:02.084784
1680	6	6	3	1	0:00:02.069484
1700	5	3	3	0	0:00:02.069603
1720	4	4	3	1	0:00:02.068831
1740	1	1	1	1	0:00:02.070511
1760	0	0	0	1	0:00:02.074166
1780	7	7	4	1	0:00:02.071471
1800	4	4	2	1	0:00:02.069656
1820	8	8	8	1	0:00:02.083588
1840	8	7	4	0	0:00:02.080619
1860	8	8	8	1	0:00:02.073327
1880	1	1	1	1	0:00:02.075165
1900	8	8	8	1	0:00:02.078881
1920	2	2	2	1	0:00:02.088761
1940	5	2	2	0	0:00:02.071716
1960	2	5	5	0	0:00:02.073580
1980	9	9	9	1	0:00:02.076934
2000	1	1	1	1	0:00:02.072351
2020	9	9	9	1	0:00:02.085157
2040	0	0	0	1	0:00:02.082567
2060	5	3	3	0	0:00:02.082466
2080	1	9	9	0	0:00:02.084967
2100	2	2	2	1	0:00:02.069652
2120	4	8	8	0	0:00:02.058417
2140	9	9	9	1	0:00:02.059251
2160	0	0	8	1	0:00:02.077176
2180	4	4	4	1	0:00:02.067871
2200	0	4	0	0	0:00:02.057767
2220	1	1	1	1	0:00:02.069435
2240	9	1	1	0	0:00:02.060031
2260	4	4	5	1	0:00:02.060738
2280	4	-1	8	0	0:00:02.064461
2300	3	4	4	0	0:00:02.054053
2320	5	2	2	0	0:00:02.068264
2340	7	7	7	1	0:00:02.061437
2360	7	5	5	0	0:00:02.066838
2380	8	8	8	1	0:00:02.061691
2400	0	0	0	1	0:00:02.071757
2420	8	1	3	0	0:00:02.065709
2440	7	7	7	1	0:00:02.067513
2460	9	4	4	0	0:00:02.061127
2480	8	8	8	1	0:00:02.070723
2500	4	6	4	0	0:00:02.066695
2520	1	8	8	0	0:00:02.062426
2540	2	6	6	0	0:00:02.074339
2560	7	5	5	0	0:00:02.068419
2580	6	5	5	0	0:00:02.063883
2600	8	8	8	1	0:00:02.059085
2620	1	1	1	1	0:00:02.064416
2640	7	7	7	1	0:00:02.065851
2660	3	2	2	0	0:00:02.061205
2680	0	0	0	1	0:00:02.064265
2700	9	1	1	0	0:00:02.067652
2720	3	3	3	1	0:00:02.069651
2740	1	7	2	0	0:00:02.070495
2760	2	2	2	1	0:00:02.066574
2780	7	7	7	1	0:00:02.066731
2800	4	4	3	1	0:00:02.056701
2820	6	6	4	1	0:00:02.068943
2840	3	3	3	1	0:00:02.066393
2860	5	4	4	0	0:00:02.066058
2880	4	4	4	1	0:00:02.065348
2900	3	7	2	0	0:00:02.066868
2920	2	3	3	0	0:00:02.066215
2940	3	0	0	0	0:00:02.077557
2960	9	0	0	0	0:00:02.067868
2980	8	8	8	1	0:00:02.074515
3000	5	5	5	1	0:00:02.062580
3020	1	1	8	1	0:00:02.073552
3040	7	7	7	1	0:00:02.069786
3060	7	7	7	1	0:00:02.067092
3080	1	9	9	0	0:00:02.067095
3100	0	0	0	1	0:00:02.071659
3120	4	2	3	0	0:00:02.060486
3140	8	8	8	1	0:00:02.063999
3160	6	2	2	0	0:00:02.071767
3180	3	6	3	0	0:00:02.077800
3200	5	5	5	1	0:00:02.075691
3220	3	9	9	0	0:00:02.075266
3240	4	0	0	0	0:00:02.070069
3260	7	7	7	1	0:00:02.073803
3280	3	5	5	0	0:00:02.066834
3300	4	-1	2	0	0:00:02.061279
3320	2	7	7	0	0:00:02.061277
3340	6	6	0	1	0:00:02.073868
3360	4	4	3	1	0:00:02.058052
3380	8	8	8	1	0:00:02.072737
3400	6	4	4	0	0:00:02.073571
3420	5	7	7	0	0:00:02.061787
3440	2	3	3	0	0:00:02.063327
3460	1	1	1	1	0:00:02.057661
3480	2	2	2	1	0:00:02.064413
3500	1	9	9	0	0:00:02.062846
3520	1	1	1	1	0:00:02.059303
3540	6	6	3	1	0:00:02.062427
3560	1	9	9	0	0:00:02.057689
3580	4	9	4	0	0:00:02.058758
3600	4	2	2	0	0:00:02.064209
3620	0	0	5	1	0:00:02.059057
3640	6	2	2	0	0:00:02.063140
3660	0	0	8	1	0:00:02.072312
3680	0	4	0	0	0:00:02.075649
3700	3	3	3	1	0:00:02.071872
3720	2	2	2	1	0:00:02.061650
3740	0	0	0	1	0:00:02.061173
3760	7	7	7	1	0:00:02.073932
3780	4	4	2	1	0:00:02.066110
3800	9	9	9	1	0:00:02.068626
3820	0	8	8	0	0:00:02.075882
3840	6	3	3	0	0:00:02.068394
3860	7	7	7	1	0:00:02.074146
3880	6	-1	5	0	0:00:02.066522
3900	3	6	6	0	0:00:02.072347
3920	7	5	7	0	0:00:02.073609
3940	6	2	2	0	0:00:02.071379
3960	2	2	2	1	0:00:02.069129
3980	9	2	4	0	0:00:02.074750
4000	8	4	2	0	0:00:02.075155
4020	8	8	8	1	0:00:02.062668
4040	0	0	0	1	0:00:02.070622
4060	6	6	0	1	0:00:02.061846
4080	1	1	1	1	0:00:02.060925
4100	7	7	7	1	0:00:02.068516
4120	4	4	4	1	0:00:02.067775
4140	5	5	3	1	0:00:02.061156
4160	5	3	2	0	0:00:02.059552
4180	0	8	8	0	0:00:02.056352
4200	4	2	2	0	0:00:02.056751
4220	4	0	0	0	0:00:02.056249
4240	7	0	0	0	0:00:02.054548
4260	8	8	8	1	0:00:02.061802
4280	8	0	0	0	0:00:02.054182
4300	8	8	8	1	0:00:02.060798
4320	1	9	8	0	0:00:02.074722
4340	0	0	0	1	0:00:02.069128
4360	6	6	2	1	0:00:02.068643
4380	9	9	9	1	0:00:02.083979
4400	3	-1	5	0	0:00:02.082702
4420	5	5	5	1	0:00:02.058165
4440	2	4	2	0	0:00:02.055737
4460	9	9	9	1	0:00:02.058204
4480	9	9	9	1	0:00:02.060493
4500	3	5	5	0	0:00:02.075449
4520	3	6	3	0	0:00:02.065521
4540	9	9	9	1	0:00:02.063812
4560	1	1	1	1	0:00:02.069739
4580	6	6	4	1	0:00:02.079620
4600	4	4	4	1	0:00:02.073791
4620	7	3	3	0	0:00:02.074450
4640	2	-1	5	0	0:00:02.071634
4660	7	4	4	0	0:00:02.068564
4680	9	9	1	1	0:00:02.068608
4700	6	5	5	0	0:00:02.073753
4720	8	0	8	0	0:00:02.061911
4740	5	3	3	0	0:00:02.061074
4760	3	2	2	0	0:00:02.077441
4780	0	0	0	1	0:00:02.063909
4800	9	9	9	1	0:00:02.059926
4820	3	3	3	1	0:00:02.063002
4840	0	0	0	1	0:00:02.072504
4860	5	5	5	1	0:00:02.061176
4880	0	8	8	0	0:00:02.059875
4900	3	3	3	1	0:00:02.067279
4920	7	7	7	1	0:00:02.059825
4940	6	6	4	1	0:00:02.072355
4960	4	3	3	0	0:00:02.065961
4980	1	9	9	0	0:00:02.072796
5000	7	7	7	1	0:00:02.060515
5020	8	8	8	1	0:00:02.057531
5040	3	5	3	0	0:00:02.054235
5060	6	2	2	0	0:00:02.056963
5080	7	7	7	1	0:00:02.073670
5100	3	3	3	1	0:00:02.066073
5120	9	8	8	0	0:00:02.066717
5140	8	8	8	1	0:00:02.079253
5160	0	0	8	1	0:00:02.067034
5180	9	7	7	0	0:00:02.065778
5200	3	3	3	1	0:00:02.063489
5220	0	0	0	1	0:00:02.066442
5240	1	1	9	1	0:00:02.084455
5260	0	0	0	1	0:00:02.078578
5280	0	4	4	0	0:00:02.082844
5300	9	9	9	1	0:00:02.075715
5320	7	7	7	1	0:00:02.087278
5340	3	4	4	0	0:00:02.088300
5360	9	9	9	1	0:00:02.079241
5380	1	9	9	0	0:00:02.074693
5400	9	9	9	1	0:00:02.068753
5420	6	6	6	1	0:00:02.081641
5440	9	9	9	1	0:00:02.057733
5460	0	0	0	1	0:00:02.061508
5480	1	1	1	1	0:00:02.067145
5500	8	8	8	1	0:00:02.062811
5520	4	4	3	1	0:00:02.073015
5540	5	3	2	0	0:00:02.071960
5560	3	5	5	0	0:00:02.085198
5580	5	6	3	0	0:00:02.074473
5600	6	5	3	0	0:00:02.075218
5620	3	6	2	0	0:00:02.071312
5640	2	5	3	0	0:00:02.076329
5660	9	1	8	0	0:00:02.070190
5680	2	3	3	0	0:00:02.079077
5700	3	3	3	1	0:00:02.068625
5720	9	9	9	1	0:00:02.067600
5740	6	4	4	0	0:00:02.073120
5760	2	2	0	1	0:00:02.074569
5780	7	7	7	1	0:00:02.067568
5800	2	2	2	1	0:00:02.067002
5820	5	5	5	1	0:00:02.078962
5840	2	2	3	1	0:00:02.072698
5860	0	0	8	1	0:00:02.086306
5880	0	0	0	1	0:00:02.078201
5900	4	3	0	0	0:00:02.069144
5920	8	8	8	1	0:00:02.070421
5940	7	2	3	0	0:00:02.072239
5960	2	6	6	0	0:00:02.074356
5980	9	9	9	1	0:00:02.067444
6000	8	8	8	1	0:00:02.068515
6020	6	6	2	1	0:00:02.072793
6040	2	5	7	0	0:00:02.068632
6060	3	4	5	0	0:00:02.068782
6080	1	1	1	1	0:00:02.068097
6100	1	1	1	1	0:00:02.071405
6120	5	5	5	1	0:00:02.068704
6140	9	9	1	1	0:00:02.071712
6160	2	5	5	0	0:00:02.058432
6180	0	0	8	1	0:00:02.068430
6200	3	2	2	0	0:00:02.067514
6220	2	5	5	0	0:00:02.068164
6240	2	2	0	1	0:00:02.065959
6260	2	8	8	0	0:00:02.067280
6280	8	5	5	0	0:00:02.074055
6300	1	1	1	1	0:00:02.068404
6320	0	0	0	1	0:00:02.082059
6340	3	7	3	0	0:00:02.076649
6360	2	2	2	1	0:00:02.070857
6380	3	6	3	0	0:00:02.061054
6400	0	0	0	1	0:00:02.058734
6420	7	7	7	1	0:00:02.053482
6440	3	6	2	0	0:00:02.060726
6460	3	3	3	1	0:00:02.068441
6480	0	0	0	1	0:00:02.071857
6500	7	6	8	0	0:00:02.075775
6520	6	2	2	0	0:00:02.070060
6540	8	8	4	1	0:00:02.073321
6560	6	5	5	0	0:00:02.071743
6580	1	8	8	0	0:00:02.069227
6600	7	7	7	1	0:00:02.070215
6620	7	7	7	1	0:00:02.071640
6640	5	3	3	0	0:00:02.069391
6660	0	0	1	1	0:00:02.065099
6680	3	5	5	0	0:00:02.069252
6700	6	6	6	1	0:00:02.072315
6720	2	-1	2	0	0:00:02.080628
6740	2	4	4	0	0:00:02.067539
6760	5	5	5	1	0:00:02.065525
6780	7	7	7	1	0:00:02.066150
6800	6	4	4	0	0:00:02.065282
6820	1	1	1	1	0:00:02.074998
6840	9	9	9	1	0:00:02.063356
6860	0	0	0	1	0:00:02.061685
6880	2	2	2	1	0:00:02.068109
6900	3	3	3	1	0:00:02.064698
6920	5	4	2	0	0:00:02.066374
6940	1	1	1	1	0:00:02.067568
6960	9	9	8	1	0:00:02.060758
6980	0	0	8	1	0:00:02.058284
7000	2	0	8	0	0:00:02.073197
7020	7	7	7	1	0:00:02.071054
7040	7	-1	8	0	0:00:02.071072
7060	8	8	8	1	0:00:02.067622
7080	5	4	4	0	0:00:02.062767
7100	9	3	3	0	0:00:02.065245
7120	7	5	5	0	0:00:02.061989
7140	4	3	3	0	0:00:02.070946
7160	5	5	5	1	0:00:02.060515
7180	6	6	3	1	0:00:02.067023
7200	4	3	2	0	0:00:02.063955
7220	9	9	9	1	0:00:02.078250
7240	0	0	8	1	0:00:02.069884
7260	1	1	1	1	0:00:02.073492
7280	1	9	3	0	0:00:02.082945
7300	3	4	5	0	0:00:02.074072
7320	8	0	0	0	0:00:02.071863
7340	2	2	0	1	0:00:02.060566
7360	2	5	2	0	0:00:02.062395
7380	7	7	7	1	0:00:02.072051
7400	3	5	5	0	0:00:02.066973
7420	3	4	4	0	0:00:02.071276
7440	3	3	3	1	0:00:02.064768
7460	5	5	5	1	0:00:02.070095
7480	1	1	8	1	0:00:02.073906
7500	6	6	6	1	0:00:02.087640
7520	4	4	2	1	0:00:02.069828
7540	5	5	5	1	0:00:02.070247
7560	0	0	0	1	0:00:02.072140
7580	8	8	8	1	0:00:02.070705
7600	8	2	2	0	0:00:02.070184
7620	5	1	3	0	0:00:02.071273
7640	9	8	8	0	0:00:02.073361
7660	7	7	4	1	0:00:02.068285
7680	3	5	5	0	0:00:02.068300
7700	6	6	4	1	0:00:02.075298
7720	5	2	2	0	0:00:02.067368
7740	4	4	2	1	0:00:02.072739
7760	2	0	8	0	0:00:02.066401
7780	3	8	8	0	0:00:02.076602
7800	0	0	0	1	0:00:02.071993
7820	5	5	0	1	0:00:02.070218
7840	1	1	1	1	0:00:02.068849
7860	8	8	8	1	0:00:02.070755
7880	0	0	0	1	0:00:02.077935
7900	0	4	8	0	0:00:02.085277
7920	9	9	9	1	0:00:02.076162
7940	2	6	6	0	0:00:02.073209
7960	0	3	3	0	0:00:02.074869
7980	3	5	3	0	0:00:02.090885
8000	9	9	9	1	0:00:02.075230
8020	6	7	3	0	0:00:02.068920
8040	2	2	2	1	0:00:02.069513
8060	6	6	5	1	0:00:02.070327
8080	4	4	3	1	0:00:02.059104
8100	6	2	2	0	0:00:02.058103
8120	8	9	8	0	0:00:02.058407
8140	5	7	3	0	0:00:02.057417
8160	6	6	6	1	0:00:02.058445
8180	4	6	2	0	0:00:02.066200
8200	3	6	5	0	0:00:02.073077
8220	6	5	5	0	0:00:02.062186
8240	7	7	4	1	0:00:02.063150
8260	1	1	1	1	0:00:02.070556
8280	4	4	4	1	0:00:02.071513
8300	5	4	2	0	0:00:02.062829
8320	7	7	7	1	0:00:02.065654
8340	5	3	5	0	0:00:02.063005
8360	7	7	7	1	0:00:02.075334
8380	9	9	9	1	0:00:02.061722
8400	0	9	9	0	0:00:02.064041
8420	3	6	6	0	0:00:02.080522
8440	5	3	3	0	0:00:02.061811
8460	8	8	8	1	0:00:02.062362
8480	2	2	2	1	0:00:02.068670
8500	4	4	4	1	0:00:02.076117
8520	8	8	8	1	0:00:02.068848
8540	4	2	2	0	0:00:02.077885
8560	7	7	7	1	0:00:02.075427
8580	3	5	5	0	0:00:02.073085
8600	3	2	2	0	0:00:02.062830
8620	3	2	5	0	0:00:02.072074
8640	1	1	1	1	0:00:02.072295
8660	7	7	7	1	0:00:02.074961
8680	3	7	3	0	0:00:02.070281
8700	3	3	3	1	0:00:02.072068
8720	2	0	0	0	0:00:02.070177
8740	2	5	5	0	0:00:02.068267
8760	8	8	8	1	0:00:02.067499
8780	4	7	4	0	0:00:02.064972
8800	0	0	0	1	0:00:02.065724
8820	2	2	2	1	0:00:02.077102
8840	2	5	2	0	0:00:02.069882
8860	2	2	2	1	0:00:02.074580
8880	1	1	1	1	0:00:02.068488
8900	2	4	4	0	0:00:02.068562
8920	6	6	3	1	0:00:02.068879
8940	6	3	3	0	0:00:02.077332
8960	0	4	2	0	0:00:02.066092
8980	9	9	9	1	0:00:02.071572
9000	8	8	8	1	0:00:02.076133
9020	7	7	7	1	0:00:02.069189
9040	2	5	5	0	0:00:02.061659
9060	9	9	5	1	0:00:02.074051
9080	3	5	3	0	0:00:02.069623
9100	9	1	1	0	0:00:02.072782
9120	3	0	2	0	0:00:02.072726
9140	7	7	4	1	0:00:02.074477
9160	5	3	3	0	0:00:02.073788
9180	5	5	5	1	0:00:02.080480
9200	8	8	8	1	0:00:02.073756
9220	8	8	8	1	0:00:02.062780
9240	8	8	8	1	0:00:02.071007
9260	5	3	5	0	0:00:02.072902
9280	9	8	8	0	0:00:02.078055
9300	5	4	2	0	0:00:02.063280
9320	9	9	9	1	0:00:02.064236
9340	1	1	1	1	0:00:02.070620
9360	5	0	0	0	0:00:02.069524
9380	5	3	3	0	0:00:02.073719
9400	6	6	6	1	0:00:02.071021
9420	5	5	5	1	0:00:02.072279
9440	8	8	8	1	0:00:02.079098
9460	3	7	7	0	0:00:02.073511
9480	2	6	6	0	0:00:02.080644
9500	9	9	2	1	0:00:02.069910
9520	1	1	1	1	0:00:02.068494
9540	5	5	5	1	0:00:02.059648
9560	9	7	7	0	0:00:02.073772
9580	1	1	1	1	0:00:02.070184
9600	8	0	8	0	0:00:02.071273
9620	4	7	4	0	0:00:02.081409
9640	5	5	5	1	0:00:02.072570
9660	6	6	6	1	0:00:02.078269
9680	8	8	8	1	0:00:02.070242
9700	0	0	2	1	0:00:02.077744
9720	8	6	8	0	0:00:02.080095
9740	3	6	2	0	0:00:02.071712
9760	9	5	5	0	0:00:02.071249
9780	4	-1	2	0	0:00:02.075392
9800	1	1	1	1	0:00:02.077279
9820	0	8	8	0	0:00:02.077231
9840	4	7	7	0	0:00:02.073056
9860	0	3	8	0	0:00:02.072203
9880	7	8	8	0	0:00:02.073167
9900	8	8	8	1	0:00:02.069744
9920	6	6	6	1	0:00:02.068442
9940	4	5	5	0	0:00:02.058596
9960	2	0	0	0	0:00:02.059152
9980	0	0	0	1	0:00:02.065029
