idx	label	predict	basePredict	correct	time
0	3	-1	5	0	0:00:01.269334
20	7	9	9	0	0:00:01.126963
40	4	4	4	1	0:00:01.105708
60	7	7	7	1	0:00:01.098635
80	8	8	8	1	0:00:01.094685
100	4	5	5	0	0:00:01.117546
120	8	8	8	1	0:00:01.086103
140	6	-1	2	0	0:00:01.099531
160	2	-1	2	0	0:00:01.099777
180	0	0	0	1	0:00:01.105075
200	5	3	3	0	0:00:01.121271
220	7	7	7	1	0:00:01.133546
240	1	1	1	1	0:00:01.089097
260	8	5	5	0	0:00:01.107717
280	9	9	9	1	0:00:01.146188
300	6	6	6	1	0:00:01.103136
320	3	5	5	0	0:00:01.098520
340	2	-1	4	0	0:00:01.082409
360	9	-1	6	0	0:00:01.104747
380	6	6	8	1	0:00:01.087753
400	9	9	9	1	0:00:01.105741
420	4	6	2	0	0:00:01.098265
440	1	1	1	1	0:00:01.095322
460	5	5	5	1	0:00:01.097480
480	8	9	9	0	0:00:01.081255
500	4	6	6	0	0:00:01.108959
520	5	7	7	0	0:00:01.126448
540	1	1	1	1	0:00:01.108333
560	0	0	0	1	0:00:01.120790
580	4	6	6	0	0:00:01.102937
600	8	8	8	1	0:00:01.074285
620	7	4	2	0	0:00:01.079322
640	5	3	3	0	0:00:01.111641
660	9	9	9	1	0:00:01.062196
680	9	1	1	0	0:00:01.034841
700	7	7	7	1	0:00:01.078210
720	4	-1	9	0	0:00:01.113687
740	2	5	5	0	0:00:01.111904
760	3	7	7	0	0:00:01.085199
780	9	1	1	0	0:00:01.099199
800	7	7	7	1	0:00:01.116330
820	6	1	1	0	0:00:01.084528
840	7	7	7	1	0:00:01.080550
860	4	4	4	1	0:00:01.093148
880	8	8	8	1	0:00:01.090546
900	2	6	6	0	0:00:01.101991
920	6	2	2	0	0:00:01.103078
940	9	9	9	1	0:00:01.082724
960	9	9	8	1	0:00:01.096000
980	2	6	6	0	0:00:01.073561
1000	5	5	5	1	0:00:00.999083
1020	1	1	1	1	0:00:00.998528
1040	7	5	5	0	0:00:00.989640
1060	9	9	9	1	0:00:00.975159
1080	6	6	6	1	0:00:01.004964
1100	7	8	8	0	0:00:00.940556
1120	5	2	2	0	0:00:00.957109
1140	6	6	4	1	0:00:00.956247
1160	8	-1	0	0	0:00:00.960093
1180	3	-1	1	0	0:00:00.964343
1200	8	8	8	1	0:00:00.981759
1220	9	-1	4	0	0:00:00.956294
1240	2	6	6	0	0:00:00.961533
1260	1	9	9	0	0:00:00.965016
1280	3	7	7	0	0:00:00.967491
1300	4	6	6	0	0:00:00.967353
1320	7	7	2	1	0:00:00.962193
1340	1	1	1	1	0:00:00.955959
1360	7	7	7	1	0:00:00.967209
1380	4	5	5	0	0:00:00.955755
1400	5	-1	5	0	0:00:00.962181
1420	4	7	7	0	0:00:00.958687
1440	0	8	8	0	0:00:00.966170
1460	6	6	6	1	0:00:00.962993
1480	1	1	1	1	0:00:00.982836
1500	1	-1	9	0	0:00:00.957860
1520	7	7	7	1	0:00:00.963819
1540	8	8	8	1	0:00:00.953805
1560	7	7	7	1	0:00:00.959667
1580	6	1	1	0	0:00:00.949112
1600	8	1	1	0	0:00:00.964787
1620	5	8	8	0	0:00:00.953633
1640	7	3	3	0	0:00:00.964076
1660	3	5	5	0	0:00:00.962788
1680	6	6	6	1	0:00:00.963496
1700	5	2	2	0	0:00:00.953240
1720	4	2	0	0	0:00:00.957420
1740	1	9	9	0	0:00:00.960619
1760	0	8	8	0	0:00:00.949355
1780	7	-1	7	0	0:00:00.953233
1800	4	8	8	0	0:00:00.954520
1820	8	8	8	1	0:00:00.963392
1840	8	-1	7	0	0:00:00.954640
1860	8	8	8	1	0:00:00.962049
1880	1	1	1	1	0:00:00.962184
1900	8	8	8	1	0:00:00.958354
1920	2	2	2	1	0:00:00.977496
1940	5	2	2	0	0:00:00.964663
1960	2	5	5	0	0:00:00.960317
1980	9	9	9	1	0:00:00.960986
2000	1	-1	1	0	0:00:00.956998
2020	9	9	9	1	0:00:00.958550
2040	0	8	8	0	0:00:00.954374
2060	5	5	5	1	0:00:00.969485
2080	1	1	1	1	0:00:00.959684
2100	2	4	4	0	0:00:00.957227
2120	4	8	8	0	0:00:00.951146
2140	9	9	9	1	0:00:00.954489
2160	0	8	8	0	0:00:00.958380
2180	4	6	6	0	0:00:00.956577
2200	0	0	0	1	0:00:00.949607
2220	1	1	1	1	0:00:00.949598
2240	9	9	9	1	0:00:00.952276
2260	4	-1	4	0	0:00:00.951289
2280	4	8	8	0	0:00:00.965904
2300	3	6	6	0	0:00:00.954190
2320	5	2	2	0	0:00:00.950621
2340	7	7	7	1	0:00:00.950362
2360	7	7	7	1	0:00:00.958510
2380	8	8	8	1	0:00:00.978020
2400	0	0	0	1	0:00:00.966191
2420	8	-1	5	0	0:00:00.953568
2440	7	7	7	1	0:00:00.952826
2460	9	9	3	1	0:00:00.945943
2480	8	8	8	1	0:00:00.960565
2500	4	6	2	0	0:00:00.975731
2520	1	8	8	0	0:00:00.968757
2540	2	3	3	0	0:00:00.957570
2560	7	7	5	1	0:00:00.965653
2580	6	6	6	1	0:00:00.962468
2600	8	8	8	1	0:00:00.975435
2620	1	1	1	1	0:00:00.956337
2640	7	7	7	1	0:00:00.957665
2660	3	2	0	0	0:00:00.962499
2680	0	0	0	1	0:00:00.969161
2700	9	1	1	0	0:00:00.957156
2720	3	8	8	0	0:00:00.972019
2740	1	1	1	1	0:00:00.970867
2760	2	6	4	0	0:00:00.972935
2780	7	7	7	1	0:00:00.980167
2800	4	6	6	0	0:00:00.964472
2820	6	6	6	1	0:00:00.971402
2840	3	3	3	1	0:00:00.959927
2860	5	7	6	0	0:00:00.994087
2880	4	4	4	1	0:00:01.008072
2900	3	5	5	0	0:00:00.948232
2920	2	3	0	0	0:00:00.954657
2940	3	0	0	0	0:00:00.959969
2960	9	9	8	1	0:00:00.990365
2980	8	1	1	0	0:00:01.001365
3000	5	5	5	1	0:00:00.978470
3020	1	1	1	1	0:00:00.972729
3040	7	7	7	1	0:00:01.004405
3060	7	7	7	1	0:00:00.988593
3080	1	1	1	1	0:00:00.992230
3100	0	0	0	1	0:00:00.981966
3120	4	6	6	0	0:00:00.979138
3140	8	8	8	1	0:00:00.968796
3160	6	4	4	0	0:00:00.966089
3180	3	9	9	0	0:00:00.988643
3200	5	7	7	0	0:00:00.974731
3220	3	9	9	0	0:00:00.950175
3240	4	1	4	0	0:00:00.958663
3260	7	7	7	1	0:00:00.975788
3280	3	5	5	0	0:00:00.939083
3300	4	4	4	1	0:00:00.967594
3320	2	7	7	0	0:00:00.962657
3340	6	6	4	1	0:00:00.982820
3360	4	6	6	0	0:00:01.007597
3380	8	8	8	1	0:00:00.981399
3400	6	-1	1	0	0:00:00.985421
3420	5	6	6	0	0:00:00.974955
3440	2	9	9	0	0:00:00.964358
3460	1	1	1	1	0:00:00.934977
3480	2	2	2	1	0:00:00.967778
3500	1	1	1	1	0:00:01.000343
3520	1	1	1	1	0:00:00.989501
3540	6	6	8	1	0:00:00.985801
3560	1	9	9	0	0:00:00.947726
3580	4	1	1	0	0:00:00.980296
3600	4	2	2	0	0:00:00.968892
3620	0	7	7	0	0:00:00.974241
3640	6	2	2	0	0:00:00.966518
3660	0	8	8	0	0:00:00.932280
3680	0	2	2	0	0:00:00.958260
3700	3	5	5	0	0:00:00.978774
3720	2	2	2	1	0:00:00.952688
3740	0	0	0	1	0:00:00.953161
3760	7	7	7	1	0:00:00.972146
3780	4	2	2	0	0:00:00.977136
3800	9	9	9	1	0:00:00.968711
3820	0	0	0	1	0:00:00.983249
3840	6	-1	3	0	0:00:01.009137
3860	7	7	7	1	0:00:00.988197
3880	6	4	4	0	0:00:00.980700
3900	3	1	1	0	0:00:01.013104
3920	7	9	9	0	0:00:00.933727
3940	6	7	7	0	0:00:00.903547
3960	2	5	5	0	0:00:00.946730
3980	9	7	7	0	0:00:00.918474
4000	8	7	9	0	0:00:00.932808
4020	8	8	8	1	0:00:00.928476
4040	0	0	0	1	0:00:00.959006
4060	6	6	6	1	0:00:00.951879
4080	1	1	1	1	0:00:00.952384
4100	7	7	7	1	0:00:00.955535
4120	4	0	0	0	0:00:00.940452
4140	5	-1	2	0	0:00:00.902610
4160	5	3	3	0	0:00:00.950804
4180	0	-1	8	0	0:00:00.949579
4200	4	2	2	0	0:00:00.929983
4220	4	0	0	0	0:00:01.000527
4240	7	8	8	0	0:00:00.969508
4260	8	8	8	1	0:00:00.946667
4280	8	9	9	0	0:00:00.927601
4300	8	8	8	1	0:00:00.956115
4320	1	8	8	0	0:00:00.971504
4340	0	0	0	1	0:00:01.001771
4360	6	9	9	0	0:00:00.981906
4380	9	9	9	1	0:00:00.976129
4400	3	-1	8	0	0:00:01.064594
4420	5	8	8	0	0:00:00.980975
4440	2	6	6	0	0:00:00.952428
4460	9	-1	1	0	0:00:00.961979
4480	9	9	9	1	0:00:00.957144
4500	3	5	5	0	0:00:00.960858
4520	3	6	6	0	0:00:00.958395
4540	9	9	9	1	0:00:00.957044
4560	1	1	1	1	0:00:00.927482
4580	6	6	4	1	0:00:00.936919
4600	4	7	7	0	0:00:00.946757
4620	7	3	3	0	0:00:00.935284
4640	2	4	4	0	0:00:00.933892
4660	7	6	2	0	0:00:00.931976
4680	9	9	9	1	0:00:00.949148
4700	6	-1	1	0	0:00:00.963056
4720	8	0	0	0	0:00:00.996265
4740	5	6	6	0	0:00:00.887874
4760	3	-1	2	0	0:00:00.910876
4780	0	0	0	1	0:00:00.904885
4800	9	9	9	1	0:00:00.902872
4820	3	5	5	0	0:00:00.894808
4840	0	0	0	1	0:00:00.885082
4860	5	5	5	1	0:00:00.878670
4880	0	8	8	0	0:00:00.882477
4900	3	1	1	0	0:00:00.895968
4920	7	7	7	1	0:00:00.886164
4940	6	6	2	1	0:00:00.889402
4960	4	6	6	0	0:00:00.972511
4980	1	9	9	0	0:00:00.946515
5000	7	7	7	1	0:00:00.904027
5020	8	8	8	1	0:00:00.884372
5040	3	1	1	0	0:00:00.908148
5060	6	6	6	1	0:00:00.881391
5080	7	7	7	1	0:00:00.881346
5100	3	-1	3	0	0:00:00.915927
5120	9	9	8	1	0:00:00.921513
5140	8	8	8	1	0:00:00.911379
5160	0	8	8	0	0:00:00.902155
5180	9	7	7	0	0:00:00.958615
5200	3	3	3	1	0:00:00.960785
5220	0	0	0	1	0:00:00.965834
5240	1	1	9	1	0:00:00.960457
5260	0	0	0	1	0:00:00.961666
5280	0	2	2	0	0:00:00.965759
5300	9	9	1	1	0:00:00.952804
5320	7	7	7	1	0:00:00.962806
5340	3	4	4	0	0:00:00.908942
5360	9	9	9	1	0:00:00.901840
5380	1	9	9	0	0:00:00.897436
5400	9	9	9	1	0:00:00.929137
5420	6	6	6	1	0:00:00.883918
5440	9	9	9	1	0:00:00.897977
5460	0	0	0	1	0:00:00.884715
5480	1	1	1	1	0:00:00.883484
5500	8	1	1	0	0:00:00.879306
5520	4	5	5	0	0:00:00.893205
5540	5	6	2	0	0:00:00.893944
5560	3	6	6	0	0:00:00.901631
5580	5	6	6	0	0:00:00.914607
5600	6	-1	8	0	0:00:00.911564
5620	3	2	2	0	0:00:00.909248
5640	2	3	3	0	0:00:00.922795
5660	9	9	9	1	0:00:00.894639
5680	2	8	8	0	0:00:00.893101
5700	3	5	0	0	0:00:00.894913
5720	9	9	9	1	0:00:00.891114
5740	6	4	4	0	0:00:00.892929
5760	2	2	8	1	0:00:00.896234
5780	7	7	7	1	0:00:00.899917
5800	2	4	4	0	0:00:00.897692
5820	5	6	6	0	0:00:00.889353
5840	2	6	6	0	0:00:00.888458
5860	0	-1	8	0	0:00:00.942366
5880	0	0	0	1	0:00:00.932700
5900	4	4	4	1	0:00:00.899616
5920	8	8	8	1	0:00:00.895583
5940	7	4	4	0	0:00:00.889109
5960	2	4	4	0	0:00:00.913393
5980	9	9	9	1	0:00:00.908747
6000	8	9	8	0	0:00:00.926590
6020	6	6	6	1	0:00:00.908838
6040	2	7	7	0	0:00:00.921386
6060	3	-1	4	0	0:00:00.923052
6080	1	1	1	1	0:00:00.930022
6100	1	1	1	1	0:00:00.945365
6120	5	5	5	1	0:00:00.932090
6140	9	9	9	1	0:00:00.939660
6160	2	5	5	0	0:00:00.903620
6180	0	9	9	0	0:00:00.888954
6200	3	3	3	1	0:00:00.883399
6220	2	6	6	0	0:00:00.888965
6240	2	6	2	0	0:00:00.924421
6260	2	1	1	0	0:00:00.927366
6280	8	5	5	0	0:00:00.937993
6300	1	1	1	1	0:00:00.925300
6320	0	0	0	1	0:00:00.954973
6340	3	3	3	1	0:00:00.919260
6360	2	2	2	1	0:00:00.900434
6380	3	6	6	0	0:00:00.903932
6400	0	8	8	0	0:00:00.907343
6420	7	7	7	1	0:00:00.965394
6440	3	8	8	0	0:00:00.895662
6460	3	-1	0	0	0:00:00.881326
6480	0	0	0	1	0:00:00.924029
6500	7	0	0	0	0:00:00.957198
6520	6	-1	2	0	0:00:00.947935
6540	8	8	8	1	0:00:00.966563
6560	6	6	6	1	0:00:00.952878
6580	1	9	7	0	0:00:00.951795
6600	7	7	7	1	0:00:00.947087
6620	7	7	7	1	0:00:00.941609
6640	5	3	3	0	0:00:00.966020
6660	0	0	0	1	0:00:00.949742
6680	3	3	3	1	0:00:00.945983
6700	6	6	6	1	0:00:00.888933
6720	2	2	2	1	0:00:00.888910
6740	2	6	6	0	0:00:00.905667
6760	5	2	2	0	0:00:00.947496
6780	7	7	7	1	0:00:00.880718
6800	6	6	4	1	0:00:00.882299
6820	1	1	1	1	0:00:00.890490
6840	9	9	1	1	0:00:00.888164
6860	0	0	0	1	0:00:00.879758
6880	2	7	7	0	0:00:00.891884
6900	3	-1	3	0	0:00:00.888222
6920	5	2	2	0	0:00:00.889592
6940	1	1	1	1	0:00:00.885700
6960	9	8	8	0	0:00:00.889539
6980	0	9	9	0	0:00:00.888742
7000	2	8	8	0	0:00:00.948360
7020	7	7	7	1	0:00:00.956515
7040	7	1	8	0	0:00:00.976788
7060	8	8	8	1	0:00:00.947505
7080	5	4	4	0	0:00:00.946662
7100	9	3	3	0	0:00:00.953060
7120	7	7	7	1	0:00:00.959871
7140	4	4	4	1	0:00:00.980484
7160	5	5	5	1	0:00:00.957165
7180	6	6	6	1	0:00:00.944748
7200	4	6	2	0	0:00:00.938492
7220	9	9	0	1	0:00:00.989674
7240	0	8	8	0	0:00:00.956669
7260	1	1	1	1	0:00:00.945879
7280	1	1	0	1	0:00:00.954423
7300	3	7	7	0	0:00:00.961103
7320	8	0	0	0	0:00:00.970110
7340	2	4	0	0	0:00:00.938170
7360	2	7	7	0	0:00:00.950379
7380	7	7	7	1	0:00:00.969365
7400	3	-1	3	0	0:00:00.951344
7420	3	0	0	0	0:00:00.976070
7440	3	6	6	0	0:00:00.978442
7460	5	5	5	1	0:00:00.954121
7480	1	1	8	1	0:00:00.957254
7500	6	6	6	1	0:00:00.974254
7520	4	6	4	0	0:00:00.969136
7540	5	5	5	1	0:00:00.948369
7560	0	0	0	1	0:00:00.968146
7580	8	8	8	1	0:00:00.949298
7600	8	9	9	0	0:00:00.970825
7620	5	9	9	0	0:00:00.962226
7640	9	9	9	1	0:00:00.952536
7660	7	-1	1	0	0:00:00.933944
7680	3	9	9	0	0:00:00.972880
7700	6	6	6	1	0:00:00.980668
7720	5	-1	4	0	0:00:00.982095
7740	4	2	2	0	0:00:00.981983
7760	2	9	9	0	0:00:00.958236
7780	3	9	9	0	0:00:00.968776
7800	0	0	0	1	0:00:00.962065
7820	5	8	8	0	0:00:00.973941
7840	1	1	1	1	0:00:00.966176
7860	8	8	8	1	0:00:00.959377
7880	0	4	4	0	0:00:00.967761
7900	0	8	8	0	0:00:00.931916
7920	9	9	8	1	0:00:00.933463
7940	2	6	6	0	0:00:00.946089
7960	0	0	0	1	0:00:01.020306
7980	3	-1	4	0	0:00:00.955972
8000	9	9	9	1	0:00:00.928084
8020	6	6	6	1	0:00:00.913710
8040	2	6	6	0	0:00:00.950471
8060	6	6	6	1	0:00:00.942131
8080	4	6	6	0	0:00:00.948015
8100	6	2	2	0	0:00:00.911965
8120	8	9	9	0	0:00:00.951642
8140	5	4	4	0	0:00:00.925498
8160	6	6	6	1	0:00:00.950021
8180	4	6	6	0	0:00:00.914946
8200	3	0	0	0	0:00:00.911673
8220	6	-1	2	0	0:00:00.936708
8240	7	7	7	1	0:00:00.948511
8260	1	1	1	1	0:00:00.953612
8280	4	3	3	0	0:00:00.951636
8300	5	2	2	0	0:00:00.981689
8320	7	7	4	1	0:00:00.956223
8340	5	5	5	1	0:00:00.925980
8360	7	7	7	1	0:00:00.966096
8380	9	9	9	1	0:00:00.917667
8400	0	8	8	0	0:00:00.945213
8420	3	6	4	0	0:00:00.978305
8440	5	3	3	0	0:00:00.942859
8460	8	8	8	1	0:00:00.946643
8480	2	2	2	1	0:00:00.926923
8500	4	-1	2	0	0:00:00.935252
8520	8	8	8	1	0:00:00.957771
8540	4	-1	2	0	0:00:00.966576
8560	7	7	7	1	0:00:00.925661
8580	3	9	9	0	0:00:00.940482
8600	3	7	3	0	0:00:00.931481
8620	3	4	4	0	0:00:00.947246
8640	1	1	1	1	0:00:00.943358
8660	7	5	5	0	0:00:00.949173
8680	3	9	0	0	0:00:00.931746
8700	3	3	3	1	0:00:00.927740
8720	2	0	0	0	0:00:00.923184
8740	2	4	4	0	0:00:00.949820
8760	8	8	8	1	0:00:00.930855
8780	4	4	4	1	0:00:00.933794
8800	0	0	0	1	0:00:00.975313
8820	2	2	2	1	0:00:00.945429
8840	2	-1	7	0	0:00:00.931462
8860	2	2	2	1	0:00:00.929186
8880	1	1	1	1	0:00:00.904653
8900	2	4	4	0	0:00:00.894267
8920	6	6	6	1	0:00:00.950364
8940	6	3	3	0	0:00:00.922934
8960	0	0	0	1	0:00:00.959023
8980	9	9	9	1	0:00:00.932743
9000	8	8	8	1	0:00:00.931115
9020	7	7	7	1	0:00:00.934721
9040	2	5	5	0	0:00:00.911927
9060	9	5	5	0	0:00:00.927557
9080	3	0	0	0	0:00:00.920161
9100	9	6	6	0	0:00:00.908172
9120	3	0	0	0	0:00:00.947412
9140	7	7	7	1	0:00:00.901281
9160	5	5	5	1	0:00:00.917925
9180	5	5	5	1	0:00:00.911742
9200	8	8	8	1	0:00:00.890617
9220	8	8	8	1	0:00:00.865764
9240	8	8	8	1	0:00:00.880075
9260	5	5	5	1	0:00:00.867569
9280	9	8	8	0	0:00:00.869907
9300	5	5	5	1	0:00:00.886346
9320	9	9	9	1	0:00:00.867754
9340	1	1	1	1	0:00:00.894697
9360	5	0	0	0	0:00:00.889012
9380	5	-1	9	0	0:00:00.906794
9400	6	6	2	1	0:00:00.896873
9420	5	5	5	1	0:00:00.919302
9440	8	8	8	1	0:00:00.899425
9460	3	6	6	0	0:00:00.865422
9480	2	-1	4	0	0:00:00.872081
9500	9	1	1	0	0:00:00.870610
9520	1	1	1	1	0:00:00.873943
9540	5	5	5	1	0:00:00.874913
9560	9	7	7	0	0:00:00.888685
9580	1	1	1	1	0:00:00.889297
9600	8	8	8	1	0:00:00.893411
9620	4	7	7	0	0:00:00.888933
9640	5	-1	7	0	0:00:00.896342
9660	6	6	6	1	0:00:00.931728
9680	8	8	8	1	0:00:00.915611
9700	0	0	0	1	0:00:00.910513
9720	8	-1	4	0	0:00:00.939069
9740	3	6	6	0	0:00:00.916817
9760	9	7	7	0	0:00:00.911962
9780	4	6	6	0	0:00:00.906803
9800	1	1	1	1	0:00:00.917057
9820	0	8	8	0	0:00:00.914865
9840	4	-1	3	0	0:00:00.911933
9860	0	2	8	0	0:00:00.912377
9880	7	7	4	1	0:00:00.928395
9900	8	8	8	1	0:00:00.919172
9920	6	6	6	1	0:00:00.912331
9940	4	5	5	0	0:00:00.914648
9960	2	0	0	0	0:00:00.911317
9980	0	0	0	1	0:00:00.920908
