idx	label	predict	basePredict	correct	time
0	3	-1	4	0	0:00:16.639599
20	7	9	9	0	0:00:16.560011
40	4	8	8	0	0:00:16.525729
60	7	7	4	1	0:00:16.530684
80	8	8	8	1	0:00:16.549736
100	4	5	5	0	0:00:16.515798
120	8	8	8	1	0:00:16.530122
140	6	2	2	0	0:00:16.547364
160	2	2	2	1	0:00:16.530112
180	0	0	0	1	0:00:16.531285
200	5	3	3	0	0:00:16.537849
220	7	7	7	1	0:00:16.549571
240	1	1	1	1	0:00:16.554489
260	8	5	5	0	0:00:16.533670
280	9	9	9	1	0:00:16.530187
300	6	6	4	1	0:00:16.523160
320	3	5	2	0	0:00:16.528483
340	2	4	4	0	0:00:16.525654
360	9	6	6	0	0:00:16.520333
380	6	6	8	1	0:00:16.537397
400	9	1	1	0	0:00:16.506026
420	4	6	6	0	0:00:16.536218
440	1	1	1	1	0:00:16.522130
460	5	5	5	1	0:00:16.516895
480	8	9	9	0	0:00:16.527232
500	4	6	6	0	0:00:16.531714
520	5	7	7	0	0:00:16.563092
540	1	8	8	0	0:00:16.532946
560	0	0	0	1	0:00:16.533936
580	4	6	6	0	0:00:16.533798
600	8	8	8	1	0:00:16.536647
620	7	6	6	0	0:00:16.531496
640	5	3	3	0	0:00:16.565412
660	9	9	9	1	0:00:16.558879
680	9	1	1	0	0:00:16.531872
700	7	7	7	1	0:00:16.533980
720	4	9	9	0	0:00:16.527897
740	2	5	5	0	0:00:16.534247
760	3	9	9	0	0:00:16.669086
780	9	9	8	1	0:00:16.529020
800	7	7	7	1	0:00:16.544218
820	6	9	9	0	0:00:16.557473
840	7	7	7	1	0:00:16.535871
860	4	6	6	0	0:00:16.561898
880	8	8	8	1	0:00:16.537429
900	2	6	6	0	0:00:16.541633
920	6	2	2	0	0:00:16.552287
940	9	1	1	0	0:00:16.560217
960	9	9	8	1	0:00:16.569937
980	2	6	6	0	0:00:16.532235
1000	5	5	5	1	0:00:16.448980
1020	1	1	1	1	0:00:16.450153
1040	7	5	5	0	0:00:16.456481
1060	9	9	8	1	0:00:16.438568
1080	6	6	6	1	0:00:16.456404
1100	7	8	8	0	0:00:16.440971
1120	5	2	2	0	0:00:16.442635
1140	6	6	6	1	0:00:16.436217
1160	8	0	0	0	0:00:16.438740
1180	3	9	9	0	0:00:16.449062
1200	8	0	0	0	0:00:16.438085
1220	9	7	2	0	0:00:16.458964
1240	2	6	6	0	0:00:16.448287
1260	1	9	9	0	0:00:16.449653
1280	3	7	7	0	0:00:16.452519
1300	4	6	6	0	0:00:16.449615
1320	7	7	2	1	0:00:16.451784
1340	1	1	1	1	0:00:16.446321
1360	7	5	2	0	0:00:16.468989
1380	4	5	5	0	0:00:16.448725
1400	5	6	2	0	0:00:16.451753
1420	4	7	7	0	0:00:16.442527
1440	0	8	0	0	0:00:16.439070
1460	6	6	6	1	0:00:16.437675
1480	1	5	5	0	0:00:16.440669
1500	1	9	9	0	0:00:16.452338
1520	7	6	6	0	0:00:16.436949
1540	8	8	8	1	0:00:16.431735
1560	7	7	7	1	0:00:16.436599
1580	6	1	1	0	0:00:16.441343
1600	8	9	6	0	0:00:16.451928
1620	5	8	8	0	0:00:16.447890
1640	7	5	5	0	0:00:16.471856
1660	3	5	5	0	0:00:16.451387
1680	6	6	6	1	0:00:16.448108
1700	5	2	2	0	0:00:16.452055
1720	4	0	0	0	0:00:16.450856
1740	1	9	9	0	0:00:16.453508
1760	0	8	8	0	0:00:16.453476
1780	7	8	8	0	0:00:16.456339
1800	4	8	8	0	0:00:16.423961
1820	8	1	1	0	0:00:16.433445
1840	8	7	7	0	0:00:16.440470
1860	8	8	8	1	0:00:16.435079
1880	1	1	1	1	0:00:16.441673
1900	8	8	8	1	0:00:16.437151
1920	2	2	2	1	0:00:16.459692
1940	5	2	2	0	0:00:16.438610
1960	2	5	5	0	0:00:16.452547
1980	9	9	9	1	0:00:16.444892
2000	1	6	6	0	0:00:16.449333
2020	9	9	9	1	0:00:16.441409
2040	0	8	8	0	0:00:16.444703
2060	5	5	5	1	0:00:16.464832
2080	1	1	1	1	0:00:16.445227
2100	2	4	4	0	0:00:16.444288
2120	4	8	8	0	0:00:16.446371
2140	9	1	1	0	0:00:16.450761
2160	0	8	8	0	0:00:16.439011
2180	4	6	6	0	0:00:16.443938
2200	0	0	0	1	0:00:16.458900
2220	1	1	1	1	0:00:16.439360
2240	9	9	9	1	0:00:16.435068
2260	4	6	4	0	0:00:16.442629
2280	4	8	8	0	0:00:16.436338
2300	3	6	6	0	0:00:16.437157
2320	5	8	0	0	0:00:16.450941
2340	7	7	7	1	0:00:16.467665
2360	7	7	7	1	0:00:16.457332
2380	8	8	8	1	0:00:16.450642
2400	0	4	4	0	0:00:16.447135
2420	8	5	5	0	0:00:16.448545
2440	7	1	8	0	0:00:16.451087
2460	9	9	6	1	0:00:16.452257
2480	8	8	8	1	0:00:16.465352
2500	4	6	6	0	0:00:16.449307
2520	1	8	8	0	0:00:16.438610
2540	2	3	3	0	0:00:16.439951
2560	7	6	2	0	0:00:16.434083
2580	6	4	4	0	0:00:16.436247
2600	8	8	8	1	0:00:16.438218
2620	1	6	6	0	0:00:16.459216
2640	7	7	7	1	0:00:16.439282
2660	3	0	0	0	0:00:16.441598
2680	0	0	0	1	0:00:16.447072
2700	9	3	3	0	0:00:16.452370
2720	3	8	8	0	0:00:16.453212
2740	1	1	1	1	0:00:16.451965
2760	2	6	6	0	0:00:16.469827
2780	7	7	7	1	0:00:16.452790
2800	4	6	6	0	0:00:16.453379
2820	6	6	6	1	0:00:16.452272
2840	3	7	7	0	0:00:16.452664
2860	5	7	7	0	0:00:16.451421
2880	4	4	4	1	0:00:16.440866
2900	3	5	5	0	0:00:16.457159
2920	2	3	8	0	0:00:16.440140
2940	3	0	0	0	0:00:16.444069
2960	9	7	8	0	0:00:16.437567
2980	8	1	1	0	0:00:16.433311
3000	5	5	5	1	0:00:16.440253
3020	1	1	8	1	0:00:16.437185
3040	7	7	7	1	0:00:16.460448
3060	7	7	7	1	0:00:16.453832
3080	1	6	2	0	0:00:16.455558
3100	0	0	0	1	0:00:16.445027
3120	4	6	6	0	0:00:16.449809
3140	8	8	8	1	0:00:16.446771
3160	6	4	4	0	0:00:16.450488
3180	3	9	8	0	0:00:16.464491
3200	5	7	7	0	0:00:16.442307
3220	3	9	9	0	0:00:16.444595
3240	4	1	8	0	0:00:16.438976
3260	7	7	7	1	0:00:16.430818
3280	3	0	0	0	0:00:16.431827
3300	4	6	6	0	0:00:16.426403
3320	2	7	7	0	0:00:16.453640
3340	6	6	6	1	0:00:16.429945
3360	4	6	6	0	0:00:16.432430
3380	8	8	8	1	0:00:16.433278
3400	6	1	1	0	0:00:16.429533
3420	5	6	6	0	0:00:16.437824
3440	2	9	9	0	0:00:16.439319
3460	1	1	1	1	0:00:16.453642
3480	2	2	2	1	0:00:16.443275
3500	1	1	1	1	0:00:16.436823
3520	1	1	1	1	0:00:16.435125
3540	6	8	8	0	0:00:16.438956
3560	1	9	9	0	0:00:16.441432
3580	4	1	1	0	0:00:16.439992
3600	4	2	2	0	0:00:16.451549
3620	0	7	6	0	0:00:16.424388
3640	6	2	0	0	0:00:16.427732
3660	0	8	8	0	0:00:16.424852
3680	0	2	2	0	0:00:16.427445
3700	3	5	5	0	0:00:16.422355
3720	2	2	2	1	0:00:16.427342
3740	0	0	0	1	0:00:16.439768
3760	7	7	7	1	0:00:16.425759
3780	4	2	2	0	0:00:16.437772
3800	9	3	3	0	0:00:16.434035
3820	0	0	0	1	0:00:16.440224
3840	6	8	8	0	0:00:16.431724
3860	7	7	7	1	0:00:16.438255
3880	6	4	4	0	0:00:16.455816
3900	3	0	0	0	0:00:16.439115
3920	7	9	8	0	0:00:16.441962
3940	6	7	7	0	0:00:16.440583
3960	2	5	5	0	0:00:16.443383
3980	9	7	7	0	0:00:16.430498
4000	8	7	0	0	0:00:16.432881
4020	8	8	8	1	0:00:16.446802
4040	0	0	0	1	0:00:16.423339
4060	6	-1	0	0	0:00:16.426111
4080	1	1	8	1	0:00:16.426088
4100	7	7	7	1	0:00:16.422839
4120	4	0	0	0	0:00:16.423007
4140	5	3	3	0	0:00:16.440740
4160	5	2	2	0	0:00:16.463203
4180	0	8	8	0	0:00:16.443988
4200	4	2	2	0	0:00:16.440009
4220	4	0	0	0	0:00:16.440078
4240	7	8	8	0	0:00:16.443120
4260	8	8	8	1	0:00:16.445706
4280	8	8	8	1	0:00:16.443473
4300	8	8	8	1	0:00:16.455473
4320	1	8	8	0	0:00:16.441298
4340	0	0	0	1	0:00:16.439969
4360	6	9	9	0	0:00:16.432827
4380	9	9	9	1	0:00:16.430566
4400	3	6	8	0	0:00:16.430182
4420	5	8	8	0	0:00:16.427840
4440	2	6	6	0	0:00:16.448844
4460	9	-1	8	0	0:00:16.435083
4480	9	9	6	1	0:00:16.431375
4500	3	7	7	0	0:00:16.434773
4520	3	6	6	0	0:00:16.446536
4540	9	9	9	1	0:00:16.441424
4560	1	1	1	1	0:00:16.439387
4580	6	6	6	1	0:00:16.461492
4600	4	7	7	0	0:00:16.445727
4620	7	3	3	0	0:00:16.443170
4640	2	5	5	0	0:00:16.442872
4660	7	6	2	0	0:00:16.439463
4680	9	1	1	0	0:00:16.438218
4700	6	1	1	0	0:00:16.435747
4720	8	0	0	0	0:00:16.439063
4740	5	6	6	0	0:00:16.429176
4760	3	2	2	0	0:00:16.427711
4780	0	0	0	1	0:00:16.422009
4800	9	9	9	1	0:00:16.427569
4820	3	5	5	0	0:00:16.432425
4840	0	0	0	1	0:00:16.433420
4860	5	5	5	1	0:00:16.448953
4880	0	2	2	0	0:00:16.439349
4900	3	1	1	0	0:00:16.447153
4920	7	7	0	1	0:00:16.442564
4940	6	6	2	1	0:00:16.443030
4960	4	6	6	0	0:00:16.444093
4980	1	9	9	0	0:00:16.446298
5000	7	7	7	1	0:00:16.457699
5020	8	8	8	1	0:00:16.443322
5040	3	4	4	0	0:00:16.449821
5060	6	6	6	1	0:00:16.434341
5080	7	7	7	1	0:00:16.434340
5100	3	4	4	0	0:00:16.427632
5120	9	8	8	0	0:00:16.425388
5140	8	8	8	1	0:00:16.445387
5160	0	8	8	0	0:00:16.426192
5180	9	6	6	0	0:00:16.431278
5200	3	3	3	1	0:00:16.434416
5220	0	0	0	1	0:00:16.431251
5240	1	9	3	0	0:00:16.437448
5260	0	0	0	1	0:00:16.442611
5280	0	8	8	0	0:00:16.457357
5300	9	1	1	0	0:00:16.442088
5320	7	7	7	1	0:00:16.446868
5340	3	2	2	0	0:00:16.446962
5360	9	9	9	1	0:00:16.442718
5380	1	9	9	0	0:00:16.436746
5400	9	0	0	0	0:00:16.435090
5420	6	6	6	1	0:00:16.462002
5440	9	9	9	1	0:00:16.431863
5460	0	0	2	1	0:00:16.430878
5480	1	8	8	0	0:00:16.434449
5500	8	1	8	0	0:00:16.428124
5520	4	5	5	0	0:00:16.429286
5540	5	6	6	0	0:00:16.430603
5560	3	6	6	0	0:00:16.439502
5580	5	6	6	0	0:00:16.426614
5600	6	8	8	0	0:00:16.435904
5620	3	4	4	0	0:00:16.441221
5640	2	3	3	0	0:00:16.442735
5660	9	8	8	0	0:00:16.434534
5680	2	1	8	0	0:00:16.441890
5700	3	6	6	0	0:00:16.454580
5720	9	9	9	1	0:00:16.436393
5740	6	6	6	1	0:00:16.442410
5760	2	2	8	1	0:00:16.442991
5780	7	7	7	1	0:00:16.443299
5800	2	6	6	0	0:00:16.432731
5820	5	6	6	0	0:00:16.435197
5840	2	6	6	0	0:00:16.444956
5860	0	8	8	0	0:00:16.421521
5880	0	8	0	0	0:00:16.427317
5900	4	5	4	0	0:00:16.425602
5920	8	8	8	1	0:00:16.436228
5940	7	4	4	0	0:00:16.433896
5960	2	7	7	0	0:00:16.436270
5980	9	9	9	1	0:00:16.462967
6000	8	9	8	0	0:00:16.439144
6020	6	6	6	1	0:00:16.447179
6040	2	7	7	0	0:00:16.441578
6060	3	4	4	0	0:00:16.439951
6080	1	1	1	1	0:00:16.439709
6100	1	1	8	1	0:00:16.445426
6120	5	5	5	1	0:00:16.468399
6140	9	9	9	1	0:00:16.441798
6160	2	5	5	0	0:00:16.442151
6180	0	8	8	0	0:00:16.430882
6200	3	3	3	1	0:00:16.430692
6220	2	6	6	0	0:00:16.429104
6240	2	1	6	0	0:00:16.430657
6260	2	9	9	0	0:00:16.450152
6280	8	5	5	0	0:00:16.430936
6300	1	-1	4	0	0:00:16.434449
6320	0	0	0	1	0:00:16.436889
6340	3	3	3	1	0:00:16.456403
6360	2	6	2	0	0:00:16.453279
6380	3	1	6	0	0:00:16.453555
6400	0	1	1	0	0:00:16.473789
6420	7	7	7	1	0:00:16.458139
6440	3	8	8	0	0:00:16.454710
6460	3	1	1	0	0:00:16.447872
6480	0	0	0	1	0:00:16.456075
6500	7	0	0	0	0:00:16.454136
6520	6	4	4	0	0:00:16.446572
6540	8	8	8	1	0:00:16.445287
6560	6	6	6	1	0:00:16.436790
6580	1	8	8	0	0:00:16.431744
6600	7	7	7	1	0:00:16.435544
6620	7	7	7	1	0:00:16.433753
6640	5	3	3	0	0:00:16.433834
6660	0	0	8	1	0:00:16.427060
6680	3	3	3	1	0:00:16.445597
6700	6	6	6	1	0:00:16.447840
6720	2	2	2	1	0:00:16.460528
6740	2	6	6	0	0:00:16.456128
6760	5	2	2	0	0:00:16.446939
6780	7	7	7	1	0:00:16.458224
6800	6	6	6	1	0:00:16.452825
6820	1	1	1	1	0:00:16.471977
6840	9	1	1	0	0:00:16.456889
6860	0	0	0	1	0:00:16.455207
6880	2	7	7	0	0:00:16.449719
6900	3	7	7	0	0:00:16.439219
6920	5	2	2	0	0:00:16.416983
6940	1	1	1	1	0:00:16.431335
6960	9	8	8	0	0:00:16.452303
6980	0	9	9	0	0:00:16.416701
7000	2	8	8	0	0:00:16.423485
7020	7	7	7	1	0:00:16.417294
7040	7	8	8	0	0:00:16.418516
7060	8	0	8	0	0:00:16.440072
7080	5	4	0	0	0:00:16.444281
7100	9	3	3	0	0:00:16.471426
7120	7	7	7	1	0:00:16.453029
7140	4	4	4	1	0:00:16.449915
7160	5	4	4	0	0:00:16.453926
7180	6	6	6	1	0:00:16.454284
7200	4	6	6	0	0:00:16.421681
7220	9	8	8	0	0:00:16.451031
7240	0	8	8	0	0:00:16.451758
7260	1	8	8	0	0:00:16.419732
7280	1	1	6	1	0:00:16.421594
7300	3	0	0	0	0:00:16.416768
7320	8	0	0	0	0:00:16.416889
7340	2	4	4	0	0:00:16.419983
7360	2	7	5	0	0:00:16.432148
7380	7	7	7	1	0:00:16.443854
7400	3	9	9	0	0:00:16.422577
7420	3	0	0	0	0:00:16.419191
7440	3	6	6	0	0:00:16.421699
7460	5	5	5	1	0:00:16.411788
7480	1	5	5	0	0:00:16.415335
7500	6	6	6	1	0:00:16.420209
7520	4	6	6	0	0:00:16.431606
7540	5	5	5	1	0:00:16.426220
7560	0	6	2	0	0:00:16.413782
7580	8	8	8	1	0:00:16.408373
7600	8	9	9	0	0:00:16.416762
7620	5	3	3	0	0:00:16.417117
7640	9	8	8	0	0:00:16.434342
7660	7	1	1	0	0:00:16.444339
7680	3	9	9	0	0:00:16.413889
7700	6	6	6	1	0:00:16.426826
7720	5	6	6	0	0:00:16.431220
7740	4	6	2	0	0:00:16.418987
7760	2	9	9	0	0:00:16.428443
7780	3	1	1	0	0:00:16.430665
7800	0	0	0	1	0:00:16.438529
7820	5	8	8	0	0:00:16.419153
7840	1	1	1	1	0:00:16.416686
7860	8	-1	4	0	0:00:16.411659
7880	0	2	2	0	0:00:16.416769
7900	0	8	8	0	0:00:16.420050
7920	9	8	8	0	0:00:16.415996
7940	2	6	6	0	0:00:16.435748
7960	0	0	0	1	0:00:16.422218
7980	3	7	4	0	0:00:16.419757
8000	9	9	8	1	0:00:16.421886
8020	6	6	6	1	0:00:16.426192
8040	2	6	6	0	0:00:16.428362
8060	6	6	6	1	0:00:16.417843
8080	4	6	6	0	0:00:16.442260
8100	6	2	2	0	0:00:16.430283
8120	8	9	8	0	0:00:16.420640
8140	5	6	6	0	0:00:16.423331
8160	6	9	6	0	0:00:16.429612
8180	4	6	6	0	0:00:16.422171
8200	3	6	6	0	0:00:16.419936
8220	6	6	6	1	0:00:16.441888
8240	7	7	7	1	0:00:16.414218
8260	1	1	1	1	0:00:16.414562
8280	4	5	5	0	0:00:16.424700
8300	5	2	2	0	0:00:16.420314
8320	7	4	4	0	0:00:16.411290
8340	5	5	5	1	0:00:16.417520
8360	7	7	4	1	0:00:16.441160
8380	9	8	8	0	0:00:16.430605
8400	0	8	8	0	0:00:16.424348
8420	3	6	4	0	0:00:16.423493
8440	5	9	4	0	0:00:16.419287
8460	8	8	8	1	0:00:16.407013
8480	2	1	8	0	0:00:16.423786
8500	4	2	2	0	0:00:16.427518
8520	8	6	6	0	0:00:16.424409
8540	4	6	4	0	0:00:16.417594
8560	7	7	7	1	0:00:16.423938
8580	3	1	1	0	0:00:16.421656
8600	3	7	7	0	0:00:16.413547
8620	3	1	4	0	0:00:16.420146
8640	1	1	1	1	0:00:16.437309
8660	7	5	5	0	0:00:16.420644
8680	3	9	0	0	0:00:16.416569
8700	3	5	5	0	0:00:16.419986
8720	2	0	0	0	0:00:16.429096
8740	2	6	6	0	0:00:16.426663
8760	8	8	8	1	0:00:16.429256
8780	4	4	4	1	0:00:16.448982
8800	0	0	0	1	0:00:16.410949
8820	2	2	2	1	0:00:16.420323
8840	2	1	1	0	0:00:16.422653
8860	2	2	2	1	0:00:16.424253
8880	1	1	6	1	0:00:16.426202
8900	2	6	4	0	0:00:16.426705
8920	6	6	6	1	0:00:16.442494
8940	6	3	3	0	0:00:16.420773
8960	0	0	0	1	0:00:16.414477
8980	9	9	9	1	0:00:16.426366
9000	8	8	8	1	0:00:16.419530
9020	7	7	7	1	0:00:16.422079
9040	2	5	5	0	0:00:16.419430
9060	9	5	5	0	0:00:16.441456
9080	3	0	0	0	0:00:16.413491
9100	9	6	6	0	0:00:16.427693
9120	3	0	0	0	0:00:16.426064
9140	7	8	8	0	0:00:16.430649
9160	5	5	5	1	0:00:16.429266
9180	5	5	5	1	0:00:16.433453
9200	8	8	8	1	0:00:16.444869
9220	8	8	8	1	0:00:16.426216
9240	8	8	8	1	0:00:16.424325
9260	5	5	5	1	0:00:16.420177
9280	9	0	8	0	0:00:16.417437
9300	5	5	2	1	0:00:16.422290
9320	9	9	8	1	0:00:16.417496
9340	1	1	1	1	0:00:16.438038
9360	5	0	6	0	0:00:16.414496
9380	5	9	9	0	0:00:16.418277
9400	6	6	6	1	0:00:16.412040
9420	5	6	6	0	0:00:16.419734
9440	8	8	8	1	0:00:16.427158
9460	3	6	6	0	0:00:16.424900
9480	2	4	4	0	0:00:16.443823
9500	9	1	6	0	0:00:16.418554
9520	1	1	1	1	0:00:16.423489
9540	5	5	5	1	0:00:16.426528
9560	9	7	7	0	0:00:16.435666
9580	1	4	4	0	0:00:16.424176
9600	8	8	8	1	0:00:16.419687
9620	4	7	7	0	0:00:16.443100
9640	5	0	0	0	0:00:16.430013
9660	6	6	6	1	0:00:16.426662
9680	8	8	8	1	0:00:16.425562
9700	0	0	0	1	0:00:16.420734
9720	8	6	6	0	0:00:16.424448
9740	3	6	6	0	0:00:16.423413
9760	9	9	7	1	0:00:16.442019
9780	4	6	6	0	0:00:16.421957
9800	1	1	1	1	0:00:16.421172
9820	0	8	8	0	0:00:16.420536
9840	4	7	7	0	0:00:16.416584
9860	0	2	2	0	0:00:16.425894
9880	7	4	4	0	0:00:16.424531
9900	8	0	0	0	0:00:16.445168
9920	6	6	6	1	0:00:16.430256
9940	4	5	5	0	0:00:16.426529
9960	2	0	0	0	0:00:16.419881
9980	0	0	0	1	0:00:16.429363
