idx	label	predict	basePredict	correct	time
0	3	2	2	0	0:00:16.398124
20	7	1	9	0	0:00:16.275184
40	4	8	8	0	0:00:16.290144
60	7	2	2	0	0:00:16.262542
80	8	0	8	0	0:00:16.235971
100	4	5	3	0	0:00:16.315282
120	8	8	8	1	0:00:16.304518
140	6	2	2	0	0:00:16.704112
160	2	0	0	0	0:00:16.270188
180	0	9	8	0	0:00:16.412093
200	5	7	3	0	0:00:17.910776
220	7	7	4	1	0:00:17.008580
240	1	1	8	1	0:00:18.215547
260	8	3	6	0	0:00:16.658496
280	9	9	8	1	0:00:16.384722
300	6	7	4	0	0:00:18.493201
320	3	2	4	0	0:00:16.964866
340	2	4	4	0	0:00:19.275207
360	9	6	4	0	0:00:16.598430
380	6	4	4	0	0:00:16.699603
400	9	1	1	0	0:00:16.272448
420	4	6	6	0	0:00:16.296052
440	1	1	6	1	0:00:16.245618
460	5	3	4	0	0:00:16.245687
480	8	9	9	0	0:00:16.248116
500	4	9	6	0	0:00:16.268035
520	5	7	7	0	0:00:16.250189
540	1	8	8	0	0:00:16.266723
560	0	8	8	0	0:00:16.252174
580	4	6	4	0	0:00:16.241759
600	8	0	4	0	0:00:16.267382
620	7	6	4	0	0:00:16.250071
640	5	3	3	0	0:00:16.254027
660	9	9	3	1	0:00:16.249569
680	9	7	4	0	0:00:16.236437
700	7	0	0	0	0:00:16.252465
720	4	9	9	0	0:00:16.267888
740	2	5	3	0	0:00:16.261896
760	3	9	9	0	0:00:16.261980
780	9	0	0	0	0:00:16.250202
800	7	7	7	1	0:00:16.254943
820	6	1	8	0	0:00:16.337413
840	7	7	7	1	0:00:16.281016
860	4	4	4	1	0:00:16.250285
880	8	8	8	1	0:00:16.292184
900	2	4	4	0	0:00:16.259022
920	6	-1	2	0	0:00:16.264085
940	9	1	1	0	0:00:16.255957
960	9	9	4	1	0:00:16.275675
980	2	6	6	0	0:00:16.271863
1000	5	5	5	1	0:00:15.543951
1020	1	8	8	0	0:00:15.547546
1040	7	5	5	0	0:00:15.547128
1060	9	9	8	1	0:00:15.551282
1080	6	3	6	0	0:00:15.559068
1100	7	8	8	0	0:00:15.548306
1120	5	2	2	0	0:00:15.544200
1140	6	4	4	0	0:00:15.546328
1160	8	0	0	0	0:00:15.550535
1180	3	8	8	0	0:00:15.548066
1200	8	0	0	0	0:00:15.561789
1220	9	6	2	0	0:00:15.551927
1240	2	6	6	0	0:00:15.549560
1260	1	9	9	0	0:00:15.548184
1280	3	7	7	0	0:00:15.554752
1300	4	3	3	0	0:00:15.551704
1320	7	2	2	0	0:00:15.547919
1340	1	8	8	0	0:00:15.545505
1360	7	5	4	0	0:00:15.538493
1380	4	5	5	0	0:00:15.550680
1400	5	2	2	0	0:00:15.547372
1420	4	7	7	0	0:00:15.550287
1440	0	8	8	0	0:00:15.543293
1460	6	1	4	0	0:00:15.544591
1480	1	5	5	0	0:00:15.549352
1500	1	9	9	0	0:00:15.546208
1520	7	6	2	0	0:00:15.541662
1540	8	8	8	1	0:00:15.542422
1560	7	7	7	1	0:00:15.551083
1580	6	1	1	0	0:00:15.542484
1600	8	9	6	0	0:00:15.541346
1620	5	8	8	0	0:00:15.546932
1640	7	5	3	0	0:00:15.543622
1660	3	4	4	0	0:00:15.547315
1680	6	6	6	1	0:00:15.548570
1700	5	2	2	0	0:00:15.546415
1720	4	2	2	0	0:00:15.556048
1740	1	9	9	0	0:00:15.558896
1760	0	8	8	0	0:00:15.540664
1780	7	8	8	0	0:00:15.543301
1800	4	8	8	0	0:00:15.551825
1820	8	9	8	0	0:00:15.540202
1840	8	7	4	0	0:00:15.541667
1860	8	8	8	1	0:00:15.542819
1880	1	8	8	0	0:00:15.539482
1900	8	8	8	1	0:00:15.544039
1920	2	5	2	0	0:00:15.544891
1940	5	3	3	0	0:00:15.550968
1960	2	5	5	0	0:00:15.541216
1980	9	9	2	1	0:00:15.542459
2000	1	6	4	0	0:00:15.545048
2020	9	9	1	1	0:00:15.548981
2040	0	8	8	0	0:00:15.552592
2060	5	3	3	0	0:00:15.550403
2080	1	6	4	0	0:00:15.551573
2100	2	4	4	0	0:00:15.545657
2120	4	8	8	0	0:00:15.544276
2140	9	1	1	0	0:00:15.548659
2160	0	8	8	0	0:00:15.550797
2180	4	2	2	0	0:00:15.540880
2200	0	2	2	0	0:00:15.552821
2220	1	1	4	1	0:00:15.550007
2240	9	1	8	0	0:00:15.543664
2260	4	7	2	0	0:00:15.542279
2280	4	8	8	0	0:00:15.541236
2300	3	4	4	0	0:00:15.545452
2320	5	8	8	0	0:00:15.541635
2340	7	-1	7	0	0:00:15.550777
2360	7	5	3	0	0:00:15.539190
2380	8	0	0	0	0:00:15.550508
2400	0	4	4	0	0:00:15.541882
2420	8	5	5	0	0:00:15.542830
2440	7	1	8	0	0:00:15.542160
2460	9	3	3	0	0:00:15.543395
2480	8	8	8	1	0:00:15.544980
2500	4	6	2	0	0:00:15.545933
2520	1	9	8	0	0:00:15.541533
2540	2	3	3	0	0:00:15.547334
2560	7	6	2	0	0:00:15.547112
2580	6	7	4	0	0:00:15.551112
2600	8	8	8	1	0:00:15.541589
2620	1	4	4	0	0:00:15.551271
2640	7	6	6	0	0:00:15.544260
2660	3	2	2	0	0:00:15.551375
2680	0	0	0	1	0:00:15.557288
2700	9	7	0	0	0:00:15.550157
2720	3	2	2	0	0:00:15.537714
2740	1	9	7	0	0:00:15.541227
2760	2	4	4	0	0:00:15.544067
2780	7	7	6	1	0:00:15.549334
2800	4	6	6	0	0:00:15.539996
2820	6	6	4	1	0:00:15.543829
2840	3	3	3	1	0:00:15.550547
2860	5	7	4	0	0:00:15.547111
2880	4	4	4	1	0:00:15.537220
2900	3	2	2	0	0:00:15.556624
2920	2	5	5	0	0:00:15.548443
2940	3	0	0	0	0:00:15.545409
2960	9	7	8	0	0:00:15.543259
2980	8	1	8	0	0:00:15.546379
3000	5	5	5	1	0:00:15.547092
3020	1	8	8	0	0:00:15.548641
3040	7	7	7	1	0:00:15.553605
3060	7	7	3	1	0:00:15.544309
3080	1	7	4	0	0:00:15.539646
3100	0	0	8	1	0:00:15.546184
3120	4	6	2	0	0:00:15.546429
3140	8	0	8	0	0:00:15.545517
3160	6	4	4	0	0:00:15.552326
3180	3	7	8	0	0:00:15.544586
3200	5	7	7	0	0:00:15.539282
3220	3	9	9	0	0:00:15.552004
3240	4	1	8	0	0:00:15.543040
3260	7	0	0	0	0:00:15.547303
3280	3	0	0	0	0:00:15.541325
3300	4	6	4	0	0:00:15.547668
3320	2	7	7	0	0:00:15.550773
3340	6	7	4	0	0:00:15.548684
3360	4	6	6	0	0:00:15.538649
3380	8	1	8	0	0:00:15.547361
3400	6	4	4	0	0:00:15.541491
3420	5	6	4	0	0:00:15.545283
3440	2	9	3	0	0:00:15.539407
3460	1	1	4	1	0:00:15.547876
3480	2	2	2	1	0:00:15.541648
3500	1	1	4	1	0:00:15.539438
3520	1	1	1	1	0:00:15.541478
3540	6	8	4	0	0:00:15.551872
3560	1	9	0	0	0:00:15.550803
3580	4	1	8	0	0:00:15.547162
3600	4	2	2	0	0:00:15.544673
3620	0	6	6	0	0:00:15.549419
3640	6	2	2	0	0:00:15.549586
3660	0	8	8	0	0:00:15.548039
3680	0	2	2	0	0:00:15.544180
3700	3	4	4	0	0:00:15.550680
3720	2	2	2	1	0:00:15.541451
3740	0	8	8	0	0:00:15.554144
3760	7	7	7	1	0:00:15.551749
3780	4	2	2	0	0:00:15.546581
3800	9	3	3	0	0:00:15.552122
3820	0	2	2	0	0:00:15.545605
3840	6	-1	3	0	0:00:15.554624
3860	7	7	7	1	0:00:15.552152
3880	6	4	4	0	0:00:15.541394
3900	3	1	1	0	0:00:15.542542
3920	7	-1	8	0	0:00:15.543724
3940	6	7	4	0	0:00:15.546278
3960	2	5	5	0	0:00:15.545218
3980	9	7	7	0	0:00:15.541793
4000	8	7	4	0	0:00:15.546051
4020	8	1	8	0	0:00:15.550864
4040	0	8	8	0	0:00:15.547417
4060	6	3	3	0	0:00:15.545945
4080	1	8	8	0	0:00:15.552548
4100	7	7	7	1	0:00:15.549112
4120	4	0	0	0	0:00:15.557220
4140	5	3	3	0	0:00:15.545103
4160	5	2	2	0	0:00:15.543249
4180	0	8	8	0	0:00:15.555542
4200	4	2	2	0	0:00:15.544392
4220	4	0	0	0	0:00:15.543364
4240	7	0	0	0	0:00:15.547595
4260	8	1	1	0	0:00:15.555135
4280	8	0	0	0	0:00:15.541893
4300	8	9	8	0	0:00:15.548068
4320	1	8	8	0	0:00:15.558869
4340	0	8	8	0	0:00:15.543984
4360	6	9	9	0	0:00:15.540135
4380	9	8	8	0	0:00:15.551658
4400	3	4	4	0	0:00:15.542756
4420	5	8	8	0	0:00:15.549268
4440	2	6	2	0	0:00:15.541984
4460	9	8	8	0	0:00:15.559619
4480	9	6	6	0	0:00:15.547036
4500	3	6	4	0	0:00:15.544334
4520	3	6	6	0	0:00:15.540871
4540	9	9	1	1	0:00:15.549968
4560	1	6	4	0	0:00:15.543021
4580	6	4	4	0	0:00:15.553463
4600	4	7	7	0	0:00:15.547104
4620	7	3	3	0	0:00:15.551087
4640	2	3	4	0	0:00:15.545269
4660	7	6	2	0	0:00:15.545157
4680	9	1	1	0	0:00:15.542640
4700	6	1	4	0	0:00:15.554960
4720	8	0	0	0	0:00:15.549508
4740	5	6	4	0	0:00:15.554305
4760	3	-1	4	0	0:00:15.541929
4780	0	8	8	0	0:00:15.548548
4800	9	9	9	1	0:00:15.550786
4820	3	5	5	0	0:00:15.544181
4840	0	0	0	1	0:00:15.540439
4860	5	3	8	0	0:00:15.545558
4880	0	2	2	0	0:00:15.540434
4900	3	6	6	0	0:00:15.545855
4920	7	0	2	0	0:00:15.538777
4940	6	4	4	0	0:00:15.545805
4960	4	3	3	0	0:00:15.544957
4980	1	9	0	0	0:00:15.542463
5000	7	7	7	1	0:00:15.541412
5020	8	1	8	0	0:00:15.548995
5040	3	7	4	0	0:00:15.538444
5060	6	2	4	0	0:00:15.542590
5080	7	7	7	1	0:00:15.548331
5100	3	4	4	0	0:00:15.550384
5120	9	8	8	0	0:00:15.551813
5140	8	0	8	0	0:00:15.547795
5160	0	8	8	0	0:00:15.548244
5180	9	6	4	0	0:00:15.550859
5200	3	3	3	1	0:00:15.554206
5220	0	0	0	1	0:00:15.542680
5240	1	2	2	0	0:00:15.543397
5260	0	0	0	1	0:00:15.546637
5280	0	8	8	0	0:00:15.547570
5300	9	1	1	0	0:00:15.545910
5320	7	0	3	0	0:00:15.548928
5340	3	4	4	0	0:00:15.547374
5360	9	9	3	1	0:00:15.540096
5380	1	9	9	0	0:00:15.549007
5400	9	0	2	0	0:00:15.543182
5420	6	5	6	0	0:00:15.542869
5440	9	9	8	1	0:00:15.540023
5460	0	7	7	0	0:00:15.550928
5480	1	2	4	0	0:00:15.541192
5500	8	1	8	0	0:00:15.543794
5520	4	3	3	0	0:00:15.540524
5540	5	6	2	0	0:00:15.543925
5560	3	6	4	0	0:00:15.544545
5580	5	6	6	0	0:00:15.550181
5600	6	-1	0	0	0:00:15.539572
5620	3	2	2	0	0:00:15.545324
5640	2	5	3	0	0:00:15.554818
5660	9	0	8	0	0:00:15.546016
5680	2	1	8	0	0:00:15.539322
5700	3	6	6	0	0:00:15.546523
5720	9	9	7	1	0:00:15.542691
5740	6	4	4	0	0:00:15.551774
5760	2	0	2	0	0:00:15.540893
5780	7	7	4	1	0:00:15.546441
5800	2	6	4	0	0:00:15.540729
5820	5	6	6	0	0:00:15.545943
5840	2	6	6	0	0:00:15.540081
5860	0	8	8	0	0:00:15.560198
5880	0	8	8	0	0:00:15.551039
5900	4	3	4	0	0:00:15.544141
5920	8	8	6	1	0:00:15.542207
5940	7	4	4	0	0:00:15.557895
5960	2	7	4	0	0:00:15.548601
5980	9	9	6	1	0:00:15.543284
6000	8	9	8	0	0:00:15.540460
6020	6	7	6	0	0:00:15.551620
6040	2	7	7	0	0:00:15.540874
6060	3	4	4	0	0:00:15.542688
6080	1	6	6	0	0:00:15.541182
6100	1	1	8	1	0:00:15.539195
6120	5	3	3	0	0:00:15.539074
6140	9	-1	7	0	0:00:15.558744
6160	2	5	5	0	0:00:15.548657
6180	0	9	8	0	0:00:15.556760
6200	3	9	8	0	0:00:15.546949
6220	2	6	5	0	0:00:15.544134
6240	2	1	4	0	0:00:15.545557
6260	2	9	8	0	0:00:15.546968
6280	8	5	6	0	0:00:15.540310
6300	1	7	4	0	0:00:15.542544
6320	0	0	0	1	0:00:15.543766
6340	3	7	3	0	0:00:15.545192
6360	2	6	6	0	0:00:15.544779
6380	3	1	6	0	0:00:15.542174
6400	0	1	8	0	0:00:15.544441
6420	7	8	8	0	0:00:15.544219
6440	3	8	8	0	0:00:15.540726
6460	3	1	4	0	0:00:15.549565
6480	0	2	2	0	0:00:15.545943
6500	7	0	8	0	0:00:15.546831
6520	6	2	4	0	0:00:15.546258
6540	8	1	8	0	0:00:15.550479
6560	6	7	4	0	0:00:15.543936
6580	1	2	2	0	0:00:15.542036
6600	7	7	7	1	0:00:15.544361
6620	7	7	3	1	0:00:15.549929
6640	5	8	8	0	0:00:15.546241
6660	0	9	8	0	0:00:15.553524
6680	3	5	5	0	0:00:15.546025
6700	6	1	2	0	0:00:15.545290
6720	2	4	2	0	0:00:15.540714
6740	2	6	4	0	0:00:15.543892
6760	5	3	6	0	0:00:15.549145
6780	7	7	7	1	0:00:15.553060
6800	6	2	4	0	0:00:15.540684
6820	1	1	8	1	0:00:15.551661
6840	9	1	1	0	0:00:15.547130
6860	0	2	2	0	0:00:15.559030
6880	2	7	7	0	0:00:15.550845
6900	3	7	4	0	0:00:15.545711
6920	5	2	2	0	0:00:15.555678
6940	1	1	1	1	0:00:15.554970
6960	9	8	8	0	0:00:15.543738
6980	0	1	1	0	0:00:15.551189
7000	2	8	8	0	0:00:15.549822
7020	7	1	8	0	0:00:15.549974
7040	7	8	8	0	0:00:15.550987
7060	8	0	0	0	0:00:15.553110
7080	5	4	4	0	0:00:15.539795
7100	9	3	3	0	0:00:15.547102
7120	7	6	6	0	0:00:15.543364
7140	4	1	4	0	0:00:15.546511
7160	5	4	4	0	0:00:15.548321
7180	6	6	6	1	0:00:15.545619
7200	4	6	2	0	0:00:15.547821
7220	9	8	8	0	0:00:15.561202
7240	0	8	8	0	0:00:15.543772
7260	1	8	8	0	0:00:15.549956
7280	1	6	4	0	0:00:15.537345
7300	3	7	7	0	0:00:15.546820
7320	8	0	0	0	0:00:15.552358
7340	2	4	4	0	0:00:15.557107
7360	2	7	4	0	0:00:15.539851
7380	7	9	5	0	0:00:15.541467
7400	3	9	3	0	0:00:15.541457
7420	3	0	0	0	0:00:15.549075
7440	3	6	4	0	0:00:15.536971
7460	5	5	5	1	0:00:15.547453
7480	1	8	5	0	0:00:15.541232
7500	6	6	6	1	0:00:15.545329
7520	4	6	4	0	0:00:15.540994
7540	5	5	5	1	0:00:15.553519
7560	0	6	2	0	0:00:15.544558
7580	8	0	8	0	0:00:15.556412
7600	8	9	2	0	0:00:15.543131
7620	5	1	9	0	0:00:15.545027
7640	9	3	6	0	0:00:15.542711
7660	7	1	4	0	0:00:15.550012
7680	3	9	3	0	0:00:15.540429
7700	6	6	4	1	0:00:15.544247
7720	5	2	4	0	0:00:15.546042
7740	4	6	2	0	0:00:15.550231
7760	2	9	9	0	0:00:15.549537
7780	3	1	8	0	0:00:15.552014
7800	0	0	8	1	0:00:15.544791
7820	5	8	8	0	0:00:15.545302
7840	1	1	1	1	0:00:15.543174
7860	8	7	4	0	0:00:15.544626
7880	0	0	2	1	0:00:15.537929
7900	0	8	8	0	0:00:15.540524
7920	9	8	8	0	0:00:15.545380
7940	2	6	6	0	0:00:15.554543
7960	0	3	2	0	0:00:15.542097
7980	3	7	4	0	0:00:15.545406
8000	9	0	0	0	0:00:15.547114
8020	6	3	3	0	0:00:15.549368
8040	2	6	4	0	0:00:15.550171
8060	6	4	4	0	0:00:15.541353
8080	4	6	6	0	0:00:15.540962
8100	6	2	2	0	0:00:15.546168
8120	8	9	9	0	0:00:15.540255
8140	5	4	4	0	0:00:15.543114
8160	6	9	6	0	0:00:15.543485
8180	4	6	2	0	0:00:15.546230
8200	3	4	2	0	0:00:15.539230
8220	6	2	2	0	0:00:15.545075
8240	7	7	4	1	0:00:15.540928
8260	1	3	3	0	0:00:15.546501
8280	4	3	3	0	0:00:15.541720
8300	5	2	2	0	0:00:15.545385
8320	7	3	4	0	0:00:15.540639
8340	5	3	4	0	0:00:15.542549
8360	7	4	4	0	0:00:15.535851
8380	9	8	8	0	0:00:15.542408
8400	0	8	8	0	0:00:15.547472
8420	3	4	4	0	0:00:15.549363
8440	5	9	4	0	0:00:15.542781
8460	8	8	8	1	0:00:15.546398
8480	2	1	8	0	0:00:15.547238
8500	4	2	2	0	0:00:15.551560
8520	8	4	4	0	0:00:15.541984
8540	4	6	2	0	0:00:15.543501
8560	7	4	4	0	0:00:15.542997
8580	3	0	2	0	0:00:15.552181
8600	3	7	4	0	0:00:15.540244
8620	3	1	4	0	0:00:15.542591
8640	1	1	8	1	0:00:15.546586
8660	7	5	5	0	0:00:15.546889
8680	3	9	8	0	0:00:15.543384
8700	3	3	3	1	0:00:15.542871
8720	2	0	0	0	0:00:15.550200
8740	2	6	4	0	0:00:15.539744
8760	8	5	5	0	0:00:15.540126
8780	4	7	2	0	0:00:15.543314
8800	0	0	0	1	0:00:15.541091
8820	2	3	3	0	0:00:15.550637
8840	2	1	1	0	0:00:15.549324
8860	2	6	6	0	0:00:15.551002
8880	1	9	6	0	0:00:15.561867
8900	2	6	4	0	0:00:15.550326
8920	6	6	6	1	0:00:15.547485
8940	6	3	3	0	0:00:15.553202
8960	0	0	0	1	0:00:15.550967
8980	9	9	8	1	0:00:15.546463
9000	8	8	8	1	0:00:15.551621
9020	7	9	8	0	0:00:15.550327
9040	2	5	5	0	0:00:15.558914
9060	9	5	5	0	0:00:15.545972
9080	3	0	0	0	0:00:15.540898
9100	9	6	6	0	0:00:15.549840
9120	3	0	0	0	0:00:15.542275
9140	7	1	8	0	0:00:15.544713
9160	5	7	4	0	0:00:15.538952
9180	5	5	5	1	0:00:15.552899
9200	8	8	8	1	0:00:15.542516
9220	8	8	8	1	0:00:15.547193
9240	8	9	8	0	0:00:15.541244
9260	5	6	6	0	0:00:15.550786
9280	9	1	8	0	0:00:15.540959
9300	5	3	2	0	0:00:15.539417
9320	9	8	8	0	0:00:15.540339
9340	1	1	1	1	0:00:15.554662
9360	5	1	4	0	0:00:15.543098
9380	5	9	9	0	0:00:15.544727
9400	6	4	4	0	0:00:15.545821
9420	5	6	6	0	0:00:15.549912
9440	8	8	8	1	0:00:15.543832
9460	3	7	4	0	0:00:15.549241
9480	2	4	4	0	0:00:15.548006
9500	9	1	4	0	0:00:15.545259
9520	1	3	8	0	0:00:15.545359
9540	5	3	4	0	0:00:15.547488
9560	9	7	7	0	0:00:15.540750
9580	1	4	4	0	0:00:15.545300
9600	8	0	8	0	0:00:15.538133
9620	4	7	7	0	0:00:15.542300
9640	5	0	0	0	0:00:15.536946
9660	6	6	6	1	0:00:15.544686
9680	8	9	8	0	0:00:15.538236
9700	0	2	2	0	0:00:15.549305
9720	8	6	6	0	0:00:15.540491
9740	3	4	4	0	0:00:15.541893
9760	9	7	4	0	0:00:15.534847
9780	4	6	6	0	0:00:15.538297
9800	1	1	1	1	0:00:15.551753
9820	0	8	8	0	0:00:15.555638
9840	4	5	5	0	0:00:15.540615
9860	0	5	2	0	0:00:15.538564
9880	7	4	8	0	0:00:15.534119
9900	8	0	6	0	0:00:15.542468
9920	6	4	2	0	0:00:15.535939
9940	4	5	5	0	0:00:15.550650
9960	2	0	0	0	0:00:15.539581
9980	0	0	0	1	0:00:15.541302
