idx	label	predict	basePredict	correct	time
0	3	3	3	1	0:00:02.967190
20	7	9	9	0	0:00:02.840292
40	4	8	8	0	0:00:02.870937
60	7	7	7	1	0:00:02.884144
80	8	8	8	1	0:00:02.826426
100	4	5	5	0	0:00:02.870378
120	8	0	8	0	0:00:02.871251
140	6	-1	2	0	0:00:02.802610
160	2	0	2	0	0:00:02.816541
180	0	0	0	1	0:00:02.843884
200	5	7	3	0	0:00:02.829050
220	7	7	7	1	0:00:02.803163
240	1	1	1	1	0:00:02.819451
260	8	-1	3	0	0:00:02.818672
280	9	9	9	1	0:00:02.922925
300	6	6	4	1	0:00:02.818109
320	3	3	2	1	0:00:02.802375
340	2	4	4	0	0:00:02.840460
360	9	7	5	0	0:00:02.802975
380	6	6	4	1	0:00:02.832536
400	9	9	9	1	0:00:02.876369
420	4	4	4	1	0:00:02.839849
440	1	9	9	0	0:00:02.846651
460	5	5	2	1	0:00:02.870116
480	8	9	9	0	0:00:02.817294
500	4	6	2	0	0:00:02.843816
520	5	7	7	0	0:00:02.856665
540	1	1	8	1	0:00:02.864812
560	0	0	0	1	0:00:02.829508
580	4	4	4	1	0:00:02.820276
600	8	8	8	1	0:00:02.814560
620	7	7	2	1	0:00:02.817000
640	5	3	3	0	0:00:02.830108
660	9	9	9	1	0:00:02.837697
680	9	7	7	0	0:00:02.870410
700	7	7	3	1	0:00:02.869336
720	4	9	4	0	0:00:02.846595
740	2	5	3	0	0:00:02.819908
760	3	4	3	0	0:00:02.828270
780	9	1	9	0	0:00:02.815840
800	7	7	7	1	0:00:02.808670
820	6	5	8	0	0:00:02.875763
840	7	7	7	1	0:00:02.819847
860	4	-1	4	0	0:00:02.828715
880	8	8	8	1	0:00:02.819627
900	2	6	4	0	0:00:02.841164
920	6	-1	3	0	0:00:02.821204
940	9	9	9	1	0:00:02.886513
960	9	9	9	1	0:00:02.844944
980	2	6	2	0	0:00:02.798872
1000	5	5	5	1	0:00:02.087814
1020	1	1	1	1	0:00:02.089621
1040	7	5	5	0	0:00:02.095448
1060	9	9	9	1	0:00:02.091063
1080	6	-1	6	0	0:00:02.089756
1100	7	0	0	0	0:00:02.082257
1120	5	2	2	0	0:00:02.130923
1140	6	4	4	0	0:00:02.126683
1160	8	0	0	0	0:00:02.098873
1180	3	3	3	1	0:00:02.103761
1200	8	0	0	0	0:00:02.117638
1220	9	6	6	0	0:00:02.117098
1240	2	6	6	0	0:00:02.083171
1260	1	9	9	0	0:00:02.096475
1280	3	7	5	0	0:00:02.092090
1300	4	3	3	0	0:00:02.100964
1320	7	2	2	0	0:00:02.090278
1340	1	1	1	1	0:00:02.096627
1360	7	7	2	1	0:00:02.155109
1380	4	5	5	0	0:00:02.121713
1400	5	3	3	0	0:00:02.122850
1420	4	7	7	0	0:00:02.100250
1440	0	8	8	0	0:00:02.099493
1460	6	6	2	1	0:00:02.079295
1480	1	5	5	0	0:00:02.078012
1500	1	1	1	1	0:00:02.107507
1520	7	7	4	1	0:00:02.087420
1540	8	8	8	1	0:00:02.131130
1560	7	7	7	1	0:00:02.118832
1580	6	1	3	0	0:00:02.116058
1600	8	-1	6	0	0:00:02.100996
1620	5	8	8	0	0:00:02.118053
1640	7	3	3	0	0:00:02.084601
1660	3	5	5	0	0:00:02.104635
1680	6	6	3	1	0:00:02.078534
1700	5	2	2	0	0:00:02.100955
1720	4	3	2	0	0:00:02.097358
1740	1	9	9	0	0:00:02.106157
1760	0	8	8	0	0:00:02.103866
1780	7	7	2	1	0:00:02.088078
1800	4	0	8	0	0:00:02.114985
1820	8	9	8	0	0:00:02.110666
1840	8	-1	4	0	0:00:02.112192
1860	8	8	3	1	0:00:02.126739
1880	1	1	8	1	0:00:02.098637
1900	8	8	8	1	0:00:02.098481
1920	2	2	2	1	0:00:02.167262
1940	5	2	2	0	0:00:02.117141
1960	2	5	5	0	0:00:02.162020
1980	9	9	9	1	0:00:02.135480
2000	1	6	6	0	0:00:02.144903
2020	9	9	9	1	0:00:02.110890
2040	0	0	0	1	0:00:02.111613
2060	5	3	3	0	0:00:02.198800
2080	1	9	9	0	0:00:02.153299
2100	2	2	2	1	0:00:02.127247
2120	4	8	8	0	0:00:02.120700
2140	9	9	9	1	0:00:02.146319
2160	0	8	8	0	0:00:02.127086
2180	4	4	4	1	0:00:02.112630
2200	0	2	2	0	0:00:02.091457
2220	1	1	1	1	0:00:02.093861
2240	9	1	8	0	0:00:02.129086
2260	4	4	3	1	0:00:02.119793
2280	4	8	8	0	0:00:02.094875
2300	3	-1	2	0	0:00:02.126048
2320	5	2	2	0	0:00:02.089790
2340	7	7	7	1	0:00:02.102332
2360	7	5	5	0	0:00:02.129443
2380	8	8	8	1	0:00:02.124289
2400	0	0	0	1	0:00:02.155677
2420	8	5	5	0	0:00:02.111393
2440	7	7	7	1	0:00:02.156269
2460	9	7	7	0	0:00:02.129411
2480	8	8	8	1	0:00:02.114385
2500	4	6	4	0	0:00:02.121526
2520	1	1	7	1	0:00:02.123171
2540	2	5	5	0	0:00:02.141597
2560	7	4	4	0	0:00:02.125352
2580	6	5	5	0	0:00:02.108179
2600	8	8	8	1	0:00:02.112474
2620	1	1	8	1	0:00:02.108744
2640	7	7	4	1	0:00:02.119847
2660	3	5	2	0	0:00:02.139772
2680	0	0	0	1	0:00:02.118638
2700	9	1	1	0	0:00:02.145336
2720	3	3	3	1	0:00:02.111996
2740	1	1	2	1	0:00:02.108725
2760	2	2	2	1	0:00:02.221547
2780	7	7	7	1	0:00:02.136408
2800	4	6	6	0	0:00:02.117776
2820	6	6	2	1	0:00:02.105585
2840	3	3	3	1	0:00:02.098493
2860	5	7	6	0	0:00:02.137577
2880	4	4	4	1	0:00:02.109990
2900	3	5	5	0	0:00:02.135555
2920	2	3	3	0	0:00:02.125010
2940	3	0	0	0	0:00:02.132686
2960	9	9	9	1	0:00:02.144107
2980	8	1	8	0	0:00:02.132321
3000	5	5	5	1	0:00:02.113493
3020	1	1	8	1	0:00:02.097353
3040	7	7	7	1	0:00:02.121171
3060	7	7	7	1	0:00:02.118926
3080	1	1	0	1	0:00:02.116208
3100	0	0	0	1	0:00:02.110470
3120	4	6	2	0	0:00:02.113975
3140	8	8	8	1	0:00:02.151910
3160	6	2	2	0	0:00:02.112412
3180	3	-1	3	0	0:00:02.137031
3200	5	7	7	0	0:00:02.115827
3220	3	9	3	0	0:00:02.107141
3240	4	1	8	0	0:00:02.089983
3260	7	7	7	1	0:00:02.095097
3280	3	5	5	0	0:00:02.102043
3300	4	4	2	1	0:00:02.106487
3320	2	7	7	0	0:00:02.095674
3340	6	6	2	1	0:00:02.125302
3360	4	6	6	0	0:00:02.101572
3380	8	8	8	1	0:00:02.089742
3400	6	4	4	0	0:00:02.104465
3420	5	3	3	0	0:00:02.160790
3440	2	3	3	0	0:00:02.113287
3460	1	1	9	1	0:00:02.123127
3480	2	2	2	1	0:00:02.095936
3500	1	9	9	0	0:00:02.130006
3520	1	1	1	1	0:00:02.109994
3540	6	6	3	1	0:00:02.101412
3560	1	9	7	0	0:00:02.114434
3580	4	2	2	0	0:00:02.112735
3600	4	2	2	0	0:00:02.128939
3620	0	6	6	0	0:00:02.137821
3640	6	2	2	0	0:00:02.114151
3660	0	0	8	1	0:00:02.134729
3680	0	4	2	0	0:00:02.120669
3700	3	3	3	1	0:00:02.088773
3720	2	2	2	1	0:00:02.115584
3740	0	0	0	1	0:00:02.134514
3760	7	7	4	1	0:00:02.140349
3780	4	-1	2	0	0:00:02.123736
3800	9	9	3	1	0:00:02.113012
3820	0	2	2	0	0:00:02.110648
3840	6	3	3	0	0:00:02.143222
3860	7	7	7	1	0:00:02.077075
3880	6	4	4	0	0:00:02.105337
3900	3	6	6	0	0:00:02.105672
3920	7	9	5	0	0:00:02.097716
3940	6	5	4	0	0:00:02.107200
3960	2	2	2	1	0:00:02.091996
3980	9	7	7	0	0:00:02.111158
4000	8	7	0	0	0:00:02.113955
4020	8	9	8	0	0:00:02.102111
4040	0	0	0	1	0:00:02.102901
4060	6	5	3	0	0:00:02.148197
4080	1	1	8	1	0:00:02.122791
4100	7	7	7	1	0:00:02.075991
4120	4	4	8	1	0:00:02.130899
4140	5	5	3	1	0:00:02.112303
4160	5	2	2	0	0:00:02.132558
4180	0	8	8	0	0:00:02.092321
4200	4	2	2	0	0:00:02.139000
4220	4	0	0	0	0:00:02.147984
4240	7	0	0	0	0:00:02.104691
4260	8	8	8	1	0:00:02.122960
4280	8	1	1	0	0:00:02.106755
4300	8	8	8	1	0:00:02.118813
4320	1	8	8	0	0:00:02.111713
4340	0	0	0	1	0:00:02.113421
4360	6	9	9	0	0:00:02.150089
4380	9	8	8	0	0:00:02.111920
4400	3	4	4	0	0:00:02.190036
4420	5	5	7	1	0:00:02.143972
4440	2	2	2	1	0:00:02.093377
4460	9	1	8	0	0:00:02.107834
4480	9	9	3	1	0:00:02.098268
4500	3	5	5	0	0:00:02.112120
4520	3	6	6	0	0:00:02.086972
4540	9	9	9	1	0:00:02.120631
4560	1	1	8	1	0:00:02.134421
4580	6	4	4	0	0:00:02.135192
4600	4	7	7	0	0:00:02.113732
4620	7	3	3	0	0:00:02.139238
4640	2	4	2	0	0:00:02.111446
4660	7	4	4	0	0:00:02.128785
4680	9	1	1	0	0:00:02.093920
4700	6	1	4	0	0:00:02.136600
4720	8	0	0	0	0:00:02.124931
4740	5	3	3	0	0:00:02.110715
4760	3	2	2	0	0:00:02.126593
4780	0	0	8	1	0:00:02.131780
4800	9	9	9	1	0:00:02.144256
4820	3	3	3	1	0:00:02.156354
4840	0	0	0	1	0:00:02.143661
4860	5	5	5	1	0:00:02.111427
4880	0	-1	2	0	0:00:02.120279
4900	3	6	6	0	0:00:02.103916
4920	7	7	7	1	0:00:02.114385
4940	6	4	2	0	0:00:02.111362
4960	4	3	3	0	0:00:02.130872
4980	1	9	9	0	0:00:02.140547
5000	7	7	7	1	0:00:02.167534
5020	8	8	8	1	0:00:02.133364
5040	3	1	2	0	0:00:02.116398
5060	6	2	2	0	0:00:02.089276
5080	7	7	7	1	0:00:02.104960
5100	3	3	3	1	0:00:02.110621
5120	9	8	8	0	0:00:02.121854
5140	8	8	8	1	0:00:02.118441
5160	0	0	8	1	0:00:02.107188
5180	9	7	4	0	0:00:02.087659
5200	3	3	3	1	0:00:02.143360
5220	0	0	0	1	0:00:02.105805
5240	1	9	9	0	0:00:02.096467
5260	0	0	0	1	0:00:02.107860
5280	0	9	9	0	0:00:02.128512
5300	9	-1	1	0	0:00:02.119261
5320	7	7	7	1	0:00:02.133024
5340	3	4	4	0	0:00:02.107824
5360	9	9	3	1	0:00:02.125474
5380	1	9	9	0	0:00:02.120043
5400	9	9	9	1	0:00:02.118927
5420	6	6	6	1	0:00:02.120429
5440	9	9	9	1	0:00:02.140547
5460	0	0	0	1	0:00:02.092623
5480	1	1	4	1	0:00:02.135546
5500	8	1	8	0	0:00:02.116328
5520	4	3	3	0	0:00:02.095248
5540	5	6	4	0	0:00:02.119345
5560	3	5	5	0	0:00:02.117780
5580	5	6	3	0	0:00:02.107085
5600	6	9	4	0	0:00:02.101143
5620	3	4	6	0	0:00:02.097299
5640	2	2	2	1	0:00:02.094485
5660	9	8	8	0	0:00:02.130069
5680	2	3	3	0	0:00:02.096992
5700	3	5	3	0	0:00:02.126453
5720	9	9	9	1	0:00:02.091835
5740	6	4	6	0	0:00:02.108220
5760	2	-1	0	0	0:00:02.095160
5780	7	7	7	1	0:00:02.100777
5800	2	4	4	0	0:00:02.096432
5820	5	3	3	0	0:00:02.089288
5840	2	2	2	1	0:00:02.123029
5860	0	1	8	0	0:00:02.111549
5880	0	0	0	1	0:00:02.111174
5900	4	3	0	0	0:00:02.146146
5920	8	8	8	1	0:00:02.107461
5940	7	4	4	0	0:00:02.150587
5960	2	6	6	0	0:00:02.111488
5980	9	9	2	1	0:00:02.079496
6000	8	9	8	0	0:00:02.100724
6020	6	6	6	1	0:00:02.103231
6040	2	-1	5	0	0:00:02.094763
6060	3	4	2	0	0:00:02.097422
6080	1	9	9	0	0:00:02.091172
6100	1	1	8	1	0:00:02.144049
6120	5	5	5	1	0:00:02.106051
6140	9	9	9	1	0:00:02.106763
6160	2	5	5	0	0:00:02.099589
6180	0	0	0	1	0:00:02.104154
6200	3	3	3	1	0:00:02.117065
6220	2	5	5	0	0:00:02.085756
6240	2	1	2	0	0:00:02.103264
6260	2	6	6	0	0:00:02.132899
6280	8	5	5	0	0:00:02.091374
6300	1	1	2	1	0:00:02.131643
6320	0	0	0	1	0:00:02.114776
6340	3	3	3	1	0:00:02.100038
6360	2	4	2	0	0:00:02.097532
6380	3	0	3	0	0:00:02.147858
6400	0	1	8	0	0:00:02.073928
6420	7	7	7	1	0:00:02.088018
6440	3	9	2	0	0:00:02.100367
6460	3	1	3	0	0:00:02.090776
6480	0	0	0	1	0:00:02.124272
6500	7	6	8	0	0:00:02.116059
6520	6	2	2	0	0:00:02.134064
6540	8	8	8	1	0:00:02.095149
6560	6	6	2	1	0:00:02.127412
6580	1	7	4	0	0:00:02.138545
6600	7	7	7	1	0:00:02.098099
6620	7	7	7	1	0:00:02.100491
6640	5	3	3	0	0:00:02.118805
6660	0	0	0	1	0:00:02.123853
6680	3	5	3	0	0:00:02.111911
6700	6	0	0	0	0:00:02.085696
6720	2	4	2	0	0:00:02.137616
6740	2	4	4	0	0:00:02.109375
6760	5	5	5	1	0:00:02.117841
6780	7	7	7	1	0:00:02.117706
6800	6	4	4	0	0:00:02.105902
6820	1	1	1	1	0:00:02.140447
6840	9	9	1	1	0:00:02.107177
6860	0	2	2	0	0:00:02.123462
6880	2	2	2	1	0:00:02.092570
6900	3	7	7	0	0:00:02.114356
6920	5	2	2	0	0:00:02.128429
6940	1	1	1	1	0:00:02.103717
6960	9	8	8	0	0:00:02.130025
6980	0	-1	8	0	0:00:02.083451
7000	2	0	8	0	0:00:02.103164
7020	7	7	7	1	0:00:02.119381
7040	7	8	8	0	0:00:02.109406
7060	8	8	8	1	0:00:02.121110
7080	5	4	4	0	0:00:02.123079
7100	9	5	3	0	0:00:02.106988
7120	7	5	5	0	0:00:02.133538
7140	4	9	3	0	0:00:02.102682
7160	5	5	5	1	0:00:02.107748
7180	6	6	3	1	0:00:02.093992
7200	4	6	2	0	0:00:02.150573
7220	9	9	8	1	0:00:02.098794
7240	0	8	8	0	0:00:02.120095
7260	1	1	8	1	0:00:02.123292
7280	1	9	9	0	0:00:02.132948
7300	3	4	4	0	0:00:02.123930
7320	8	0	0	0	0:00:02.090770
7340	2	4	4	0	0:00:02.118204
7360	2	7	4	0	0:00:02.102435
7380	7	7	7	1	0:00:02.135143
7400	3	3	3	1	0:00:02.126165
7420	3	4	2	0	0:00:02.153029
7440	3	3	3	1	0:00:02.150836
7460	5	5	5	1	0:00:02.090150
7480	1	8	8	0	0:00:02.086219
7500	6	6	6	1	0:00:02.113806
7520	4	4	4	1	0:00:02.103568
7540	5	5	5	1	0:00:02.121170
7560	0	0	0	1	0:00:02.127546
7580	8	8	8	1	0:00:02.128841
7600	8	9	2	0	0:00:02.131348
7620	5	3	3	0	0:00:02.107463
7640	9	8	8	0	0:00:02.146858
7660	7	4	4	0	0:00:02.125436
7680	3	9	3	0	0:00:02.114470
7700	6	6	6	1	0:00:02.140285
7720	5	2	2	0	0:00:02.107225
7740	4	2	2	0	0:00:02.158564
7760	2	9	9	0	0:00:02.112377
7780	3	-1	9	0	0:00:02.136367
7800	0	0	0	1	0:00:02.097002
7820	5	-1	9	0	0:00:02.134620
7840	1	1	1	1	0:00:02.088917
7860	8	8	2	1	0:00:02.129839
7880	0	4	4	0	0:00:02.125153
7900	0	8	8	0	0:00:02.107665
7920	9	9	2	1	0:00:02.145317
7940	2	6	4	0	0:00:02.111749
7960	0	0	8	1	0:00:02.100372
7980	3	3	3	1	0:00:02.101449
8000	9	9	9	1	0:00:02.134906
8020	6	3	3	0	0:00:02.099595
8040	2	2	2	1	0:00:02.104793
8060	6	6	5	1	0:00:02.152695
8080	4	6	2	0	0:00:02.102908
8100	6	2	4	0	0:00:02.154225
8120	8	9	9	0	0:00:02.103247
8140	5	4	4	0	0:00:02.144100
8160	6	6	6	1	0:00:02.093120
8180	4	-1	4	0	0:00:02.107604
8200	3	4	4	0	0:00:02.142178
8220	6	7	3	0	0:00:02.095804
8240	7	7	7	1	0:00:02.103263
8260	1	1	1	1	0:00:02.109380
8280	4	5	5	0	0:00:02.109943
8300	5	2	2	0	0:00:02.110041
8320	7	4	4	0	0:00:02.133509
8340	5	3	3	0	0:00:02.087141
8360	7	7	7	1	0:00:02.097405
8380	9	9	9	1	0:00:02.098282
8400	0	8	8	0	0:00:02.128618
8420	3	6	6	0	0:00:02.116293
8440	5	3	3	0	0:00:02.134980
8460	8	8	8	1	0:00:02.129353
8480	2	2	4	1	0:00:02.121070
8500	4	4	4	1	0:00:02.145110
8520	8	1	8	0	0:00:02.151354
8540	4	2	2	0	0:00:02.131535
8560	7	7	7	1	0:00:02.133505
8580	3	2	2	0	0:00:02.102733
8600	3	2	2	0	0:00:02.128755
8620	3	4	4	0	0:00:02.124160
8640	1	1	8	1	0:00:02.163131
8660	7	7	7	1	0:00:02.113405
8680	3	7	8	0	0:00:02.140505
8700	3	7	3	0	0:00:02.133103
8720	2	0	0	0	0:00:02.117351
8740	2	2	5	1	0:00:02.138447
8760	8	8	8	1	0:00:02.118370
8780	4	7	2	0	0:00:02.087333
8800	0	0	0	1	0:00:02.143169
8820	2	2	2	1	0:00:02.138486
8840	2	7	7	0	0:00:02.153874
8860	2	2	2	1	0:00:02.157895
8880	1	1	1	1	0:00:02.119942
8900	2	4	4	0	0:00:02.113350
8920	6	6	2	1	0:00:02.171291
8940	6	3	3	0	0:00:02.148730
8960	0	0	0	1	0:00:02.125700
8980	9	9	9	1	0:00:02.115885
9000	8	8	8	1	0:00:02.102991
9020	7	7	7	1	0:00:02.125113
9040	2	5	5	0	0:00:02.147659
9060	9	9	3	1	0:00:02.143930
9080	3	2	2	0	0:00:02.116792
9100	9	1	3	0	0:00:02.112933
9120	3	0	3	0	0:00:02.123405
9140	7	6	2	0	0:00:02.136105
9160	5	3	3	0	0:00:02.116092
9180	5	5	5	1	0:00:02.117512
9200	8	8	8	1	0:00:02.143527
9220	8	8	8	1	0:00:02.142880
9240	8	8	8	1	0:00:02.154431
9260	5	5	5	1	0:00:02.086299
9280	9	8	8	0	0:00:02.139589
9300	5	2	2	0	0:00:02.124399
9320	9	9	9	1	0:00:02.132895
9340	1	1	1	1	0:00:02.105243
9360	5	0	5	0	0:00:02.091386
9380	5	3	3	0	0:00:02.121550
9400	6	6	2	1	0:00:02.126339
9420	5	5	5	1	0:00:02.162097
9440	8	8	8	1	0:00:02.100687
9460	3	7	7	0	0:00:02.148929
9480	2	6	4	0	0:00:02.094024
9500	9	9	5	1	0:00:02.140245
9520	1	1	1	1	0:00:02.132740
9540	5	3	3	0	0:00:02.117847
9560	9	7	5	0	0:00:02.096494
9580	1	1	4	1	0:00:02.123723
9600	8	-1	8	0	0:00:02.113772
9620	4	7	4	0	0:00:02.118244
9640	5	0	2	0	0:00:02.140746
9660	6	6	6	1	0:00:02.103268
9680	8	8	8	1	0:00:02.136902
9700	0	0	0	1	0:00:02.111384
9720	8	1	8	0	0:00:02.088871
9740	3	6	2	0	0:00:02.115812
9760	9	3	3	0	0:00:02.120571
9780	4	6	2	0	0:00:02.118767
9800	1	1	1	1	0:00:02.089126
9820	0	8	8	0	0:00:02.097857
9840	4	7	3	0	0:00:02.128639
9860	0	5	5	0	0:00:02.150842
9880	7	8	8	0	0:00:02.152698
9900	8	8	8	1	0:00:02.130736
9920	6	6	2	1	0:00:02.161624
9940	4	5	5	0	0:00:02.125066
9960	2	0	0	0	0:00:02.114544
9980	0	0	0	1	0:00:02.143457
