idx	label	predict	basePredict	correct	time
0	3	-1	4	0	0:00:02.420265
20	7	9	9	0	0:00:02.023426
40	4	8	8	0	0:00:01.941780
60	7	7	4	1	0:00:01.937787
80	8	8	8	1	0:00:01.963388
100	4	5	5	0	0:00:01.937751
120	8	8	8	1	0:00:01.965229
140	6	2	2	0	0:00:01.976250
160	2	2	2	1	0:00:01.977336
180	0	0	0	1	0:00:01.978343
200	5	3	3	0	0:00:01.986130
220	7	7	7	1	0:00:01.979338
240	1	1	1	1	0:00:01.984407
260	8	5	5	0	0:00:01.968922
280	9	9	9	1	0:00:01.977664
300	6	6	4	1	0:00:01.974977
320	3	5	2	0	0:00:01.987031
340	2	4	4	0	0:00:02.002302
360	9	6	6	0	0:00:01.979615
380	6	6	4	1	0:00:01.995685
400	9	1	1	0	0:00:01.982003
420	4	6	6	0	0:00:01.945222
440	1	1	1	1	0:00:01.972293
460	5	5	5	1	0:00:01.945655
480	8	9	9	0	0:00:01.945433
500	4	6	6	0	0:00:01.943181
520	5	7	7	0	0:00:01.951386
540	1	8	8	0	0:00:01.952126
560	0	0	0	1	0:00:01.964432
580	4	6	6	0	0:00:01.948709
600	8	8	8	1	0:00:01.947357
620	7	6	6	0	0:00:01.938869
640	5	3	3	0	0:00:01.975882
660	9	9	9	1	0:00:01.979450
680	9	-1	1	0	0:00:01.947989
700	7	7	7	1	0:00:01.940915
720	4	9	9	0	0:00:01.945487
740	2	5	5	0	0:00:01.941295
760	3	9	9	0	0:00:01.952390
780	9	9	8	1	0:00:01.998194
800	7	7	7	1	0:00:02.001543
820	6	9	9	0	0:00:01.966461
840	7	7	7	1	0:00:01.987121
860	4	6	6	0	0:00:01.994509
880	8	8	8	1	0:00:02.031291
900	2	6	6	0	0:00:01.969048
920	6	2	2	0	0:00:02.004788
940	9	1	1	0	0:00:01.964525
960	9	9	8	1	0:00:01.979539
980	2	6	6	0	0:00:01.984964
1000	5	5	5	1	0:00:01.898206
1020	1	1	1	1	0:00:01.902739
1040	7	5	5	0	0:00:01.905699
1060	9	9	9	1	0:00:01.898735
1080	6	6	6	1	0:00:01.889904
1100	7	8	8	0	0:00:01.908273
1120	5	2	2	0	0:00:01.900042
1140	6	6	6	1	0:00:01.901086
1160	8	0	0	0	0:00:01.908312
1180	3	9	9	0	0:00:01.882390
1200	8	0	0	0	0:00:01.896508
1220	9	7	2	0	0:00:01.904825
1240	2	6	6	0	0:00:01.882701
1260	1	9	9	0	0:00:01.897544
1280	3	7	7	0	0:00:01.896011
1300	4	6	6	0	0:00:01.899730
1320	7	7	2	1	0:00:01.886021
1340	1	1	1	1	0:00:01.891300
1360	7	5	2	0	0:00:01.885092
1380	4	5	5	0	0:00:01.889090
1400	5	6	6	0	0:00:01.889413
1420	4	7	7	0	0:00:01.897111
1440	0	8	0	0	0:00:01.916900
1460	6	6	6	1	0:00:01.892311
1480	1	5	5	0	0:00:01.893484
1500	1	9	9	0	0:00:01.901957
1520	7	6	6	0	0:00:01.895744
1540	8	8	8	1	0:00:01.900231
1560	7	7	7	1	0:00:01.903089
1580	6	1	1	0	0:00:01.885708
1600	8	-1	6	0	0:00:01.883758
1620	5	8	8	0	0:00:01.907840
1640	7	5	5	0	0:00:01.901542
1660	3	5	5	0	0:00:01.903051
1680	6	6	6	1	0:00:01.881248
1700	5	2	2	0	0:00:01.890957
1720	4	0	0	0	0:00:01.901384
1740	1	9	9	0	0:00:01.902351
1760	0	8	8	0	0:00:01.908199
1780	7	8	8	0	0:00:01.927394
1800	4	8	8	0	0:00:01.885362
1820	8	1	1	0	0:00:01.901285
1840	8	7	7	0	0:00:01.915165
1860	8	8	8	1	0:00:01.898261
1880	1	1	1	1	0:00:01.899464
1900	8	8	8	1	0:00:01.895754
1920	2	2	2	1	0:00:01.891936
1940	5	-1	2	0	0:00:01.890019
1960	2	5	5	0	0:00:01.880524
1980	9	9	9	1	0:00:01.898117
2000	1	6	6	0	0:00:01.889590
2020	9	9	9	1	0:00:01.858892
2040	0	8	8	0	0:00:01.871523
2060	5	5	5	1	0:00:01.862101
2080	1	1	1	1	0:00:01.857912
2100	2	4	4	0	0:00:01.852670
2120	4	8	8	0	0:00:01.893248
2140	9	-1	1	0	0:00:01.892692
2160	0	8	8	0	0:00:01.884025
2180	4	6	6	0	0:00:01.891231
2200	0	0	0	1	0:00:01.871129
2220	1	1	1	1	0:00:01.868390
2240	9	9	9	1	0:00:01.885987
2260	4	6	4	0	0:00:01.873048
2280	4	8	8	0	0:00:01.880354
2300	3	6	6	0	0:00:01.866315
2320	5	8	0	0	0:00:01.868062
2340	7	7	7	1	0:00:01.867620
2360	7	7	7	1	0:00:01.859013
2380	8	8	8	1	0:00:01.882771
2400	0	4	4	0	0:00:01.894428
2420	8	5	5	0	0:00:01.893230
2440	7	1	8	0	0:00:01.889350
2460	9	9	6	1	0:00:01.913528
2480	8	8	8	1	0:00:01.891271
2500	4	6	4	0	0:00:01.893097
2520	1	8	8	0	0:00:01.891176
2540	2	3	3	0	0:00:01.876238
2560	7	6	2	0	0:00:01.885789
2580	6	-1	4	0	0:00:01.885875
2600	8	8	8	1	0:00:01.888195
2620	1	6	4	0	0:00:01.887826
2640	7	7	7	1	0:00:01.865132
2660	3	0	0	0	0:00:01.872109
2680	0	0	0	1	0:00:01.895242
2700	9	3	3	0	0:00:01.857909
2720	3	8	8	0	0:00:01.858303
2740	1	1	1	1	0:00:01.871482
2760	2	6	6	0	0:00:01.865404
2780	7	7	7	1	0:00:01.872374
2800	4	6	6	0	0:00:01.900606
2820	6	6	6	1	0:00:01.864458
2840	3	7	7	0	0:00:01.865744
2860	5	7	7	0	0:00:01.874013
2880	4	4	4	1	0:00:01.876438
2900	3	5	5	0	0:00:01.862692
2920	2	3	8	0	0:00:01.860523
2940	3	0	0	0	0:00:01.866534
2960	9	7	9	0	0:00:01.865356
2980	8	1	1	0	0:00:01.855846
3000	5	5	5	1	0:00:01.854449
3020	1	1	8	1	0:00:01.858955
3040	7	7	7	1	0:00:01.854437
3060	7	7	7	1	0:00:01.853333
3080	1	6	2	0	0:00:01.851786
3100	0	0	0	1	0:00:01.855473
3120	4	6	6	0	0:00:01.855282
3140	8	8	8	1	0:00:01.893095
3160	6	4	4	0	0:00:01.896063
3180	3	9	8	0	0:00:01.899370
3200	5	7	7	0	0:00:01.893207
3220	3	9	9	0	0:00:01.887280
3240	4	1	8	0	0:00:01.909507
3260	7	7	7	1	0:00:01.905601
3280	3	5	0	0	0:00:01.887680
3300	4	6	6	0	0:00:01.876849
3320	2	7	7	0	0:00:01.885466
3340	6	6	6	1	0:00:01.884496
3360	4	6	6	0	0:00:01.901264
3380	8	8	8	1	0:00:01.887868
3400	6	1	1	0	0:00:01.891046
3420	5	6	6	0	0:00:01.909329
3440	2	9	9	0	0:00:01.899627
3460	1	1	1	1	0:00:01.882062
3480	2	2	2	1	0:00:01.921451
3500	1	1	1	1	0:00:01.883446
3520	1	1	1	1	0:00:01.887034
3540	6	-1	8	0	0:00:01.884302
3560	1	9	9	0	0:00:01.904702
3580	4	1	1	0	0:00:01.895855
3600	4	2	2	0	0:00:01.862127
3620	0	7	6	0	0:00:01.858547
3640	6	2	2	0	0:00:01.854663
3660	0	8	8	0	0:00:01.860451
3680	0	2	2	0	0:00:01.863577
3700	3	5	5	0	0:00:01.863894
3720	2	2	2	1	0:00:01.892710
3740	0	0	0	1	0:00:01.892746
3760	7	7	7	1	0:00:01.883482
3780	4	2	2	0	0:00:01.893954
3800	9	3	3	0	0:00:01.886045
3820	0	0	0	1	0:00:01.906066
3840	6	8	8	0	0:00:01.887357
3860	7	7	7	1	0:00:01.877731
3880	6	4	4	0	0:00:01.886612
3900	3	0	0	0	0:00:01.880473
3920	7	9	8	0	0:00:01.894697
3940	6	-1	7	0	0:00:01.858185
3960	2	5	5	0	0:00:01.858257
3980	9	-1	7	0	0:00:01.864809
4000	8	7	0	0	0:00:01.868799
4020	8	8	8	1	0:00:01.859051
4040	0	0	0	1	0:00:01.860725
4060	6	6	0	1	0:00:01.903098
4080	1	1	8	1	0:00:01.887285
4100	7	7	7	1	0:00:01.883813
4120	4	0	0	0	0:00:01.886092
4140	5	-1	3	0	0:00:01.895950
4160	5	2	2	0	0:00:01.919202
4180	0	-1	8	0	0:00:01.895833
4200	4	2	2	0	0:00:01.891364
4220	4	0	0	0	0:00:01.896003
4240	7	8	8	0	0:00:01.906537
4260	8	8	8	1	0:00:01.940731
4280	8	8	8	1	0:00:01.881750
4300	8	8	8	1	0:00:01.882136
4320	1	8	8	0	0:00:01.895398
4340	0	0	0	1	0:00:01.899639
4360	6	9	9	0	0:00:01.874831
4380	9	9	9	1	0:00:01.904756
4400	3	6	8	0	0:00:01.884619
4420	5	8	8	0	0:00:01.891104
4440	2	6	6	0	0:00:01.892381
4460	9	1	8	0	0:00:01.900612
4480	9	9	6	1	0:00:01.910624
4500	3	7	7	0	0:00:01.897577
4520	3	6	6	0	0:00:01.880642
4540	9	9	9	1	0:00:01.892498
4560	1	1	1	1	0:00:01.900387
4580	6	6	6	1	0:00:01.893534
4600	4	7	7	0	0:00:01.883523
4620	7	3	3	0	0:00:01.896338
4640	2	5	5	0	0:00:01.898503
4660	7	6	2	0	0:00:01.868760
4680	9	1	1	0	0:00:01.900314
4700	6	1	1	0	0:00:01.918727
4720	8	0	0	0	0:00:01.921561
4740	5	6	6	0	0:00:01.893634
4760	3	2	2	0	0:00:01.878762
4780	0	0	0	1	0:00:01.886843
4800	9	9	9	1	0:00:01.871573
4820	3	5	5	0	0:00:01.878033
4840	0	0	0	1	0:00:01.885339
4860	5	5	5	1	0:00:01.867383
4880	0	2	2	0	0:00:01.925583
4900	3	1	6	0	0:00:01.899694
4920	7	7	0	1	0:00:01.885062
4940	6	6	2	1	0:00:01.881620
4960	4	6	6	0	0:00:01.901987
4980	1	9	9	0	0:00:01.906857
5000	7	7	7	1	0:00:01.897907
5020	8	8	8	1	0:00:01.887176
5040	3	4	4	0	0:00:01.891791
5060	6	6	6	1	0:00:01.919359
5080	7	7	7	1	0:00:01.901157
5100	3	4	4	0	0:00:01.918398
5120	9	8	8	0	0:00:01.895619
5140	8	8	8	1	0:00:01.866560
5160	0	8	8	0	0:00:01.891876
5180	9	6	6	0	0:00:01.895947
5200	3	3	3	1	0:00:01.875541
5220	0	0	0	1	0:00:01.886787
5240	1	9	3	0	0:00:01.871170
5260	0	0	0	1	0:00:01.871790
5280	0	8	8	0	0:00:01.884459
5300	9	1	1	0	0:00:01.861553
5320	7	7	7	1	0:00:01.866043
5340	3	2	2	0	0:00:01.878707
5360	9	9	9	1	0:00:01.856556
5380	1	9	9	0	0:00:01.859630
5400	9	0	0	0	0:00:01.904982
5420	6	6	6	1	0:00:01.872285
5440	9	9	9	1	0:00:01.868669
5460	0	0	2	1	0:00:01.872952
5480	1	1	8	1	0:00:01.860705
5500	8	1	8	0	0:00:01.860624
5520	4	5	5	0	0:00:01.882231
5540	5	6	6	0	0:00:01.881196
5560	3	6	6	0	0:00:01.883874
5580	5	6	6	0	0:00:01.884575
5600	6	8	8	0	0:00:01.880805
5620	3	4	4	0	0:00:01.896460
5640	2	3	3	0	0:00:01.874059
5660	9	-1	8	0	0:00:01.855916
5680	2	1	8	0	0:00:01.862394
5700	3	6	6	0	0:00:01.855823
5720	9	9	9	1	0:00:01.862791
5740	6	6	6	1	0:00:01.885789
5760	2	2	8	1	0:00:01.859094
5780	7	7	7	1	0:00:01.859246
5800	2	6	6	0	0:00:01.863113
5820	5	6	6	0	0:00:01.858661
5840	2	6	6	0	0:00:01.860177
5860	0	8	8	0	0:00:01.914770
5880	0	8	0	0	0:00:01.886318
5900	4	5	4	0	0:00:01.886766
5920	8	8	8	1	0:00:01.899044
5940	7	4	4	0	0:00:01.892413
5960	2	7	7	0	0:00:01.893713
5980	9	9	9	1	0:00:01.891478
6000	8	9	8	0	0:00:01.876527
6020	6	6	6	1	0:00:01.881844
6040	2	7	7	0	0:00:01.882927
6060	3	4	4	0	0:00:01.878728
6080	1	1	1	1	0:00:01.924872
6100	1	1	8	1	0:00:01.882096
6120	5	5	5	1	0:00:01.877031
6140	9	9	9	1	0:00:01.884024
6160	2	5	5	0	0:00:01.878498
6180	0	8	8	0	0:00:01.880449
6200	3	3	3	1	0:00:01.900795
6220	2	6	6	0	0:00:01.868959
6240	2	-1	6	0	0:00:01.883403
6260	2	9	9	0	0:00:01.879376
6280	8	5	5	0	0:00:01.873368
6300	1	-1	4	0	0:00:01.889428
6320	0	0	0	1	0:00:01.875038
6340	3	3	3	1	0:00:01.874670
6360	2	-1	2	0	0:00:01.892326
6380	3	1	6	0	0:00:01.883675
6400	0	1	1	0	0:00:01.878796
6420	7	7	7	1	0:00:01.925445
6440	3	8	8	0	0:00:01.879020
6460	3	1	1	0	0:00:01.878023
6480	0	0	0	1	0:00:01.892369
6500	7	0	0	0	0:00:01.887458
6520	6	-1	4	0	0:00:01.886411
6540	8	8	8	1	0:00:01.893944
6560	6	6	6	1	0:00:01.878381
6580	1	8	8	0	0:00:01.873245
6600	7	7	7	1	0:00:01.904285
6620	7	7	7	1	0:00:01.878718
6640	5	3	3	0	0:00:01.868135
6660	0	0	0	1	0:00:01.864365
6680	3	3	3	1	0:00:01.865612
6700	6	6	6	1	0:00:01.866482
6720	2	2	2	1	0:00:01.868904
6740	2	6	6	0	0:00:01.873337
6760	5	2	2	0	0:00:01.863292
6780	7	7	7	1	0:00:01.854413
6800	6	6	6	1	0:00:01.857585
6820	1	1	1	1	0:00:01.856714
6840	9	1	1	0	0:00:01.858580
6860	0	0	0	1	0:00:01.868640
6880	2	7	7	0	0:00:01.883249
6900	3	7	7	0	0:00:01.867506
6920	5	2	2	0	0:00:01.857842
6940	1	1	1	1	0:00:01.868870
6960	9	8	8	0	0:00:01.867696
6980	0	9	9	0	0:00:01.877922
7000	2	8	8	0	0:00:01.871597
7020	7	7	7	1	0:00:01.871379
7040	7	8	8	0	0:00:01.870276
7060	8	-1	8	0	0:00:01.874278
7080	5	4	4	0	0:00:01.887083
7100	9	3	3	0	0:00:01.903186
7120	7	7	7	1	0:00:01.888997
7140	4	4	4	1	0:00:01.900252
7160	5	4	4	0	0:00:01.873093
7180	6	6	6	1	0:00:01.883856
7200	4	6	6	0	0:00:01.867631
7220	9	8	8	0	0:00:01.896114
7240	0	8	8	0	0:00:01.873891
7260	1	8	8	0	0:00:01.858706
7280	1	1	6	1	0:00:01.864351
7300	3	-1	0	0	0:00:01.864225
7320	8	0	0	0	0:00:01.864949
7340	2	4	4	0	0:00:01.887948
7360	2	7	5	0	0:00:01.891114
7380	7	7	7	1	0:00:01.900273
7400	3	9	9	0	0:00:01.907511
7420	3	0	0	0	0:00:01.893412
7440	3	6	6	0	0:00:01.911021
7460	5	5	5	1	0:00:01.907828
7480	1	5	5	0	0:00:01.907017
7500	6	6	6	1	0:00:01.881475
7520	4	6	6	0	0:00:01.898729
7540	5	5	5	1	0:00:01.879843
7560	0	6	2	0	0:00:01.911087
7580	8	8	8	1	0:00:01.889793
7600	8	9	9	0	0:00:01.878841
7620	5	3	3	0	0:00:01.922868
7640	9	-1	8	0	0:00:01.870393
7660	7	1	1	0	0:00:01.885568
7680	3	9	9	0	0:00:01.872778
7700	6	6	6	1	0:00:01.899000
7720	5	6	6	0	0:00:01.884258
7740	4	6	2	0	0:00:01.898586
7760	2	9	9	0	0:00:01.890712
7780	3	1	1	0	0:00:01.907443
7800	0	0	0	1	0:00:01.895112
7820	5	8	8	0	0:00:01.906192
7840	1	1	1	1	0:00:01.869543
7860	8	-1	4	0	0:00:01.885950
7880	0	2	2	0	0:00:01.924417
7900	0	8	8	0	0:00:01.898827
7920	9	8	8	0	0:00:01.901347
7940	2	6	6	0	0:00:01.906389
7960	0	0	0	1	0:00:01.874317
7980	3	7	4	0	0:00:01.870509
8000	9	9	9	1	0:00:01.900368
8020	6	6	6	1	0:00:01.898002
8040	2	6	6	0	0:00:01.888765
8060	6	6	6	1	0:00:01.879673
8080	4	6	6	0	0:00:01.871259
8100	6	2	2	0	0:00:01.899873
8120	8	9	8	0	0:00:01.918525
8140	5	6	6	0	0:00:01.909508
8160	6	9	6	0	0:00:01.869183
8180	4	6	6	0	0:00:01.892095
8200	3	6	6	0	0:00:01.906128
8220	6	6	6	1	0:00:01.871565
8240	7	7	7	1	0:00:01.882299
8260	1	1	1	1	0:00:01.893208
8280	4	5	5	0	0:00:01.868118
8300	5	2	2	0	0:00:01.902918
8320	7	4	4	0	0:00:01.876150
8340	5	5	5	1	0:00:01.893668
8360	7	7	7	1	0:00:01.876375
8380	9	8	8	0	0:00:01.885388
8400	0	8	8	0	0:00:01.866607
8420	3	6	4	0	0:00:01.856220
8440	5	9	4	0	0:00:01.860386
8460	8	8	8	1	0:00:01.885935
8480	2	1	8	0	0:00:01.886526
8500	4	2	2	0	0:00:01.893837
8520	8	6	6	0	0:00:01.885055
8540	4	6	4	0	0:00:01.885799
8560	7	7	7	1	0:00:01.888616
8580	3	1	1	0	0:00:01.910348
8600	3	7	7	0	0:00:01.888236
8620	3	-1	4	0	0:00:01.879667
8640	1	1	1	1	0:00:01.889456
8660	7	5	5	0	0:00:01.886517
8680	3	9	0	0	0:00:01.873484
8700	3	5	5	0	0:00:01.867054
8720	2	0	0	0	0:00:01.867616
8740	2	6	6	0	0:00:01.864671
8760	8	8	8	1	0:00:01.864161
8780	4	4	4	1	0:00:01.861736
8800	0	0	0	1	0:00:01.911760
8820	2	2	2	1	0:00:01.863967
8840	2	1	1	0	0:00:01.865404
8860	2	2	2	1	0:00:01.867787
8880	1	1	6	1	0:00:01.867407
8900	2	6	4	0	0:00:01.872341
8920	6	6	6	1	0:00:01.880561
8940	6	3	3	0	0:00:01.874887
8960	0	0	0	1	0:00:01.871469
8980	9	9	9	1	0:00:01.871857
9000	8	8	8	1	0:00:01.878586
9020	7	7	7	1	0:00:01.870369
9040	2	5	5	0	0:00:01.862294
9060	9	5	5	0	0:00:01.865392
9080	3	0	0	0	0:00:01.865921
9100	9	6	6	0	0:00:01.870978
9120	3	0	0	0	0:00:01.869866
9140	7	8	8	0	0:00:01.884454
9160	5	5	5	1	0:00:01.903881
9180	5	5	5	1	0:00:01.865877
9200	8	8	8	1	0:00:01.877297
9220	8	8	8	1	0:00:01.877566
9240	8	8	8	1	0:00:01.876391
9260	5	5	5	1	0:00:01.921810
9280	9	0	8	0	0:00:01.892212
9300	5	5	2	1	0:00:01.899032
9320	9	9	8	1	0:00:01.880443
9340	1	1	1	1	0:00:01.870698
9360	5	0	6	0	0:00:01.880586
9380	5	9	9	0	0:00:01.892561
9400	6	6	6	1	0:00:01.889482
9420	5	6	6	0	0:00:01.882850
9440	8	8	8	1	0:00:01.888669
9460	3	6	6	0	0:00:01.885162
9480	2	4	4	0	0:00:01.907032
9500	9	1	1	0	0:00:01.878175
9520	1	1	1	1	0:00:01.882233
9540	5	5	5	1	0:00:01.896871
9560	9	7	7	0	0:00:01.884053
9580	1	4	4	0	0:00:01.882176
9600	8	8	8	1	0:00:01.906816
9620	4	7	7	0	0:00:01.974303
9640	5	0	0	0	0:00:01.863955
9660	6	6	6	1	0:00:01.856918
9680	8	8	8	1	0:00:01.859694
9700	0	0	0	1	0:00:01.858315
9720	8	6	6	0	0:00:01.854441
9740	3	6	6	0	0:00:01.859865
9760	9	9	7	1	0:00:01.858038
9780	4	6	6	0	0:00:01.859603
9800	1	1	1	1	0:00:01.873512
9820	0	8	8	0	0:00:01.898396
9840	4	7	7	0	0:00:01.859929
9860	0	2	8	0	0:00:01.854993
9880	7	4	4	0	0:00:01.855893
9900	8	0	0	0	0:00:01.872113
9920	6	6	6	1	0:00:01.861572
9940	4	5	5	0	0:00:01.897676
9960	2	0	0	0	0:00:01.864484
9980	0	0	0	1	0:00:01.865099
