idx	label	predict	basePredict	correct	time
0	3	-1	2	0	0:00:01.199111
20	7	1	1	0	0:00:01.111042
40	4	8	8	0	0:00:01.103981
60	7	-1	2	0	0:00:01.070557
80	8	-1	8	0	0:00:01.746675
100	4	-1	3	0	0:00:01.076487
120	8	-1	0	0	0:00:01.060509
140	6	2	2	0	0:00:04.372484
160	2	0	0	0	0:00:01.092602
180	0	-1	8	0	0:00:01.085783
200	5	-1	3	0	0:00:01.064226
220	7	7	4	1	0:00:01.086577
240	1	1	8	1	0:00:01.065824
260	8	-1	6	0	0:00:01.076735
280	9	9	8	1	0:00:01.091001
300	6	-1	4	0	0:00:01.058998
320	3	-1	4	0	0:00:01.057796
340	2	4	4	0	0:00:00.992594
360	9	-1	4	0	0:00:01.078685
380	6	-1	4	0	0:00:01.054740
400	9	9	8	1	0:00:01.072170
420	4	-1	6	0	0:00:01.084764
440	1	1	4	1	0:00:01.065740
460	5	-1	4	0	0:00:01.060255
480	8	9	9	0	0:00:01.068558
500	4	6	6	0	0:00:01.074846
520	5	7	7	0	0:00:01.059681
540	1	8	8	0	0:00:01.094358
560	0	-1	8	0	0:00:01.072761
580	4	-1	4	0	0:00:01.002072
600	8	-1	4	0	0:00:00.981087
620	7	-1	2	0	0:00:01.015754
640	5	3	3	0	0:00:00.978196
660	9	9	8	1	0:00:01.008934
680	9	-1	4	0	0:00:01.021994
700	7	-1	4	0	0:00:01.024444
720	4	-1	7	0	0:00:01.011653
740	2	5	3	0	0:00:01.040798
760	3	-1	4	0	0:00:01.053213
780	9	0	0	0	0:00:01.053776
800	7	7	7	1	0:00:01.057331
820	6	-1	8	0	0:00:01.074975
840	7	7	7	1	0:00:01.068260
860	4	-1	4	0	0:00:01.080814
880	8	8	8	1	0:00:01.062726
900	2	4	4	0	0:00:01.005767
920	6	-1	2	0	0:00:01.028445
940	9	9	6	1	0:00:01.008318
960	9	9	4	1	0:00:01.033303
980	2	6	6	0	0:00:01.073120
1000	5	5	5	1	0:00:00.934254
1020	1	-1	8	0	0:00:00.923779
1040	7	5	5	0	0:00:00.926593
1060	9	9	8	1	0:00:00.928271
1080	6	-1	6	0	0:00:00.947023
1100	7	8	8	0	0:00:00.957108
1120	5	2	2	0	0:00:00.951040
1140	6	4	4	0	0:00:00.945466
1160	8	0	0	0	0:00:00.944583
1180	3	-1	8	0	0:00:00.970526
1200	8	0	0	0	0:00:00.960395
1220	9	-1	2	0	0:00:00.965372
1240	2	6	6	0	0:00:00.989650
1260	1	9	9	0	0:00:00.973106
1280	3	7	7	0	0:00:00.972644
1300	4	3	3	0	0:00:00.966047
1320	7	2	2	0	0:00:00.972860
1340	1	-1	8	0	0:00:00.965546
1360	7	-1	4	0	0:00:00.966882
1380	4	5	5	0	0:00:00.964348
1400	5	-1	2	0	0:00:00.961720
1420	4	7	7	0	0:00:00.900351
1440	0	8	8	0	0:00:00.892850
1460	6	-1	4	0	0:00:00.895266
1480	1	-1	5	0	0:00:00.896940
1500	1	-1	8	0	0:00:00.895791
1520	7	-1	2	0	0:00:00.905635
1540	8	8	2	1	0:00:00.896046
1560	7	7	7	1	0:00:00.890306
1580	6	1	1	0	0:00:00.892328
1600	8	-1	6	0	0:00:00.886583
1620	5	8	8	0	0:00:00.885755
1640	7	5	3	0	0:00:00.919051
1660	3	-1	4	0	0:00:00.893296
1680	6	6	6	1	0:00:00.890235
1700	5	2	2	0	0:00:00.897671
1720	4	2	2	0	0:00:00.947899
1740	1	9	9	0	0:00:00.948290
1760	0	8	8	0	0:00:00.933410
1780	7	-1	8	0	0:00:00.974774
1800	4	8	8	0	0:00:00.979861
1820	8	9	8	0	0:00:00.980939
1840	8	-1	4	0	0:00:00.922388
1860	8	-1	8	0	0:00:00.918441
1880	1	-1	8	0	0:00:00.924752
1900	8	8	8	1	0:00:00.912536
1920	2	5	2	0	0:00:00.945010
1940	5	3	3	0	0:00:00.939099
1960	2	5	5	0	0:00:00.948330
1980	9	9	2	1	0:00:00.958347
2000	1	6	4	0	0:00:00.961163
2020	9	9	1	1	0:00:00.953365
2040	0	8	8	0	0:00:00.963517
2060	5	-1	3	0	0:00:00.966596
2080	1	6	4	0	0:00:00.960069
2100	2	4	4	0	0:00:00.979898
2120	4	8	8	0	0:00:00.969310
2140	9	-1	1	0	0:00:00.969721
2160	0	8	8	0	0:00:00.972797
2180	4	-1	0	0	0:00:00.976262
2200	0	2	2	0	0:00:01.004202
2220	1	1	4	1	0:00:01.031777
2240	9	9	8	1	0:00:01.027836
2260	4	7	2	0	0:00:01.012775
2280	4	8	8	0	0:00:01.003445
2300	3	-1	4	0	0:00:00.987804
2320	5	-1	8	0	0:00:00.972992
2340	7	7	7	1	0:00:00.949013
2360	7	-1	3	0	0:00:00.934906
2380	8	0	0	0	0:00:00.972002
2400	0	-1	4	0	0:00:01.013875
2420	8	-1	5	0	0:00:01.013926
2440	7	-1	8	0	0:00:00.985812
2460	9	3	2	0	0:00:00.958538
2480	8	8	8	1	0:00:00.958058
2500	4	2	2	0	0:00:00.946800
2520	1	-1	8	0	0:00:00.942735
2540	2	3	3	0	0:00:00.942718
2560	7	-1	2	0	0:00:00.939233
2580	6	-1	4	0	0:00:00.933695
2600	8	8	8	1	0:00:00.939109
2620	1	4	4	0	0:00:00.931828
2640	7	-1	6	0	0:00:00.930068
2660	3	2	2	0	0:00:00.939051
2680	0	0	8	1	0:00:00.949175
2700	9	-1	0	0	0:00:00.950419
2720	3	2	2	0	0:00:00.941913
2740	1	1	4	1	0:00:00.958101
2760	2	4	4	0	0:00:00.948135
2780	7	7	6	1	0:00:00.932470
2800	4	6	6	0	0:00:00.945125
2820	6	6	4	1	0:00:00.935658
2840	3	3	3	1	0:00:00.964550
2860	5	6	4	0	0:00:00.956980
2880	4	4	4	1	0:00:00.941377
2900	3	2	2	0	0:00:00.954600
2920	2	5	8	0	0:00:00.956763
2940	3	0	0	0	0:00:00.945979
2960	9	-1	8	0	0:00:00.963450
2980	8	-1	5	0	0:00:00.962906
3000	5	5	5	1	0:00:00.946266
3020	1	-1	8	0	0:00:00.962430
3040	7	7	7	1	0:00:00.965042
3060	7	-1	4	0	0:00:00.972201
3080	1	-1	2	0	0:00:00.968115
3100	0	0	8	1	0:00:00.968243
3120	4	6	2	0	0:00:00.970200
3140	8	-1	8	0	0:00:00.962811
3160	6	4	4	0	0:00:00.960965
3180	3	-1	8	0	0:00:00.971566
3200	5	7	7	0	0:00:00.964400
3220	3	9	9	0	0:00:00.955331
3240	4	8	8	0	0:00:00.964560
3260	7	0	2	0	0:00:00.959784
3280	3	0	0	0	0:00:00.979422
3300	4	-1	4	0	0:00:00.963962
3320	2	7	8	0	0:00:00.966878
3340	6	4	4	0	0:00:00.983814
3360	4	6	6	0	0:00:00.979898
3380	8	-1	8	0	0:00:00.951769
3400	6	4	4	0	0:00:00.964242
3420	5	-1	4	0	0:00:00.984084
3440	2	9	3	0	0:00:00.957987
3460	1	1	4	1	0:00:00.973958
3480	2	2	2	1	0:00:00.970788
3500	1	-1	4	0	0:00:00.971069
3520	1	1	8	1	0:00:00.974896
3540	6	-1	4	0	0:00:00.955785
3560	1	-1	7	0	0:00:00.946873
3580	4	1	8	0	0:00:00.965883
3600	4	2	2	0	0:00:00.945135
3620	0	6	6	0	0:00:00.961433
3640	6	2	2	0	0:00:00.965134
3660	0	8	8	0	0:00:00.959888
3680	0	2	2	0	0:00:00.967642
3700	3	-1	4	0	0:00:00.984219
3720	2	2	2	1	0:00:00.976035
3740	0	-1	8	0	0:00:00.966196
3760	7	7	7	1	0:00:00.965250
3780	4	2	2	0	0:00:00.962243
3800	9	-1	4	0	0:00:00.981455
3820	0	2	2	0	0:00:00.971460
3840	6	-1	8	0	0:00:00.969933
3860	7	7	7	1	0:00:00.943400
3880	6	4	4	0	0:00:00.952861
3900	3	1	1	0	0:00:00.939353
3920	7	-1	8	0	0:00:00.970432
3940	6	-1	4	0	0:00:00.960777
3960	2	-1	5	0	0:00:00.990441
3980	9	7	7	0	0:00:00.939095
4000	8	7	4	0	0:00:00.910483
4020	8	1	1	0	0:00:00.943936
4040	0	-1	8	0	0:00:00.918848
4060	6	3	3	0	0:00:00.980786
4080	1	8	8	0	0:00:00.980671
4100	7	7	7	1	0:00:00.976834
4120	4	0	0	0	0:00:00.966164
4140	5	3	3	0	0:00:00.928676
4160	5	2	2	0	0:00:00.968230
4180	0	8	8	0	0:00:00.947477
4200	4	2	2	0	0:00:00.962238
4220	4	0	0	0	0:00:00.969802
4240	7	0	0	0	0:00:00.963108
4260	8	-1	1	0	0:00:00.939896
4280	8	0	0	0	0:00:00.991026
4300	8	8	8	1	0:00:00.976090
4320	1	8	8	0	0:00:00.964525
4340	0	8	8	0	0:00:00.929802
4360	6	9	9	0	0:00:00.963695
4380	9	-1	8	0	0:00:00.952913
4400	3	4	4	0	0:00:00.960149
4420	5	8	8	0	0:00:00.966436
4440	2	-1	4	0	0:00:00.939054
4460	9	-1	8	0	0:00:00.946371
4480	9	6	6	0	0:00:00.951683
4500	3	-1	4	0	0:00:00.969264
4520	3	6	6	0	0:00:00.955766
4540	9	9	1	1	0:00:00.944732
4560	1	-1	4	0	0:00:00.959037
4580	6	4	4	0	0:00:00.968984
4600	4	7	7	0	0:00:00.969088
4620	7	3	3	0	0:00:00.951606
4640	2	-1	4	0	0:00:00.953818
4660	7	-1	2	0	0:00:00.955550
4680	9	1	1	0	0:00:00.957281
4700	6	-1	4	0	0:00:00.954579
4720	8	0	0	0	0:00:00.946931
4740	5	-1	4	0	0:00:00.934913
4760	3	-1	4	0	0:00:00.961654
4780	0	-1	8	0	0:00:00.978643
4800	9	9	9	1	0:00:00.962072
4820	3	5	5	0	0:00:00.941718
4840	0	0	0	1	0:00:00.961575
4860	5	-1	8	0	0:00:00.973300
4880	0	2	2	0	0:00:00.958569
4900	3	6	6	0	0:00:00.955603
4920	7	-1	2	0	0:00:00.949304
4940	6	4	4	0	0:00:00.967527
4960	4	3	3	0	0:00:00.969675
4980	1	9	8	0	0:00:00.965616
5000	7	7	7	1	0:00:00.940814
5020	8	1	8	0	0:00:00.927667
5040	3	-1	4	0	0:00:00.942317
5060	6	-1	4	0	0:00:00.962297
5080	7	7	7	1	0:00:00.949927
5100	3	-1	4	0	0:00:00.978539
5120	9	-1	8	0	0:00:00.974258
5140	8	-1	8	0	0:00:00.956877
5160	0	8	8	0	0:00:00.951542
5180	9	-1	4	0	0:00:00.987868
5200	3	3	3	1	0:00:00.957567
5220	0	-1	8	0	0:00:00.966162
5240	1	-1	2	0	0:00:00.969252
5260	0	0	0	1	0:00:00.972063
5280	0	8	8	0	0:00:00.953227
5300	9	9	5	1	0:00:00.980756
5320	7	-1	3	0	0:00:00.957067
5340	3	4	4	0	0:00:00.969422
5360	9	9	6	1	0:00:00.969202
5380	1	9	9	0	0:00:00.967509
5400	9	-1	2	0	0:00:00.964828
5420	6	-1	6	0	0:00:00.952385
5440	9	9	8	1	0:00:00.902744
5460	0	7	7	0	0:00:00.948978
5480	1	-1	8	0	0:00:00.948339
5500	8	1	8	0	0:00:00.962274
5520	4	-1	3	0	0:00:00.989231
5540	5	-1	2	0	0:00:01.008963
5560	3	6	4	0	0:00:00.978493
5580	5	6	6	0	0:00:00.958673
5600	6	-1	0	0	0:00:00.957613
5620	3	2	2	0	0:00:00.956912
5640	2	-1	3	0	0:00:00.959914
5660	9	-1	8	0	0:00:00.959225
5680	2	8	8	0	0:00:00.954223
5700	3	-1	2	0	0:00:00.957119
5720	9	9	7	1	0:00:00.982890
5740	6	4	4	0	0:00:00.983243
5760	2	-1	8	0	0:00:00.953865
5780	7	7	4	1	0:00:00.954015
5800	2	-1	4	0	0:00:00.966362
5820	5	6	6	0	0:00:00.977735
5840	2	5	5	0	0:00:00.980612
5860	0	8	8	0	0:00:01.015713
5880	0	8	8	0	0:00:01.019372
5900	4	-1	0	0	0:00:00.951706
5920	8	8	6	1	0:00:00.957432
5940	7	4	4	0	0:00:00.933584
5960	2	-1	4	0	0:00:00.917563
5980	9	9	6	1	0:00:00.953655
6000	8	9	8	0	0:00:00.985724
6020	6	-1	6	0	0:00:00.970921
6040	2	7	7	0	0:00:00.988944
6060	3	4	4	0	0:00:00.953023
6080	1	-1	2	0	0:00:00.954306
6100	1	-1	4	0	0:00:00.958896
6120	5	-1	3	0	0:00:00.966073
6140	9	-1	7	0	0:00:00.969178
6160	2	5	5	0	0:00:00.985013
6180	0	-1	8	0	0:00:00.988227
6200	3	-1	8	0	0:00:00.977561
6220	2	5	5	0	0:00:00.952097
6240	2	-1	4	0	0:00:00.953562
6260	2	9	8	0	0:00:00.972874
6280	8	-1	4	0	0:00:00.976429
6300	1	-1	4	0	0:00:00.975893
6320	0	0	0	1	0:00:00.965198
6340	3	-1	2	0	0:00:00.960523
6360	2	6	2	0	0:00:00.968058
6380	3	6	6	0	0:00:00.990791
6400	0	-1	4	0	0:00:00.997918
6420	7	-1	8	0	0:00:01.016764
6440	3	-1	8	0	0:00:01.005162
6460	3	-1	4	0	0:00:00.961761
6480	0	2	2	0	0:00:00.978727
6500	7	-1	8	0	0:00:00.973528
6520	6	4	4	0	0:00:00.973714
6540	8	8	8	1	0:00:01.015822
6560	6	-1	4	0	0:00:00.963000
6580	1	-1	2	0	0:00:00.961335
6600	7	7	7	1	0:00:00.961778
6620	7	7	3	1	0:00:00.966794
6640	5	8	8	0	0:00:00.962412
6660	0	-1	8	0	0:00:00.951228
6680	3	5	5	0	0:00:00.954695
6700	6	-1	4	0	0:00:00.959995
6720	2	4	4	0	0:00:00.988818
6740	2	4	4	0	0:00:00.957270
6760	5	-1	2	0	0:00:00.962076
6780	7	7	4	1	0:00:00.971880
6800	6	-1	4	0	0:00:00.977002
6820	1	1	8	1	0:00:00.961029
6840	9	9	6	1	0:00:00.971856
6860	0	2	2	0	0:00:00.963146
6880	2	-1	6	0	0:00:00.950801
6900	3	-1	4	0	0:00:00.961429
6920	5	2	2	0	0:00:00.956988
6940	1	1	4	1	0:00:00.951011
6960	9	8	8	0	0:00:00.949325
6980	0	-1	8	0	0:00:00.949854
7000	2	8	8	0	0:00:00.948160
7020	7	-1	8	0	0:00:00.953123
7040	7	8	8	0	0:00:00.963519
7060	8	0	0	0	0:00:00.985659
7080	5	4	4	0	0:00:00.977673
7100	9	3	3	0	0:00:00.979735
7120	7	-1	6	0	0:00:00.932778
7140	4	-1	4	0	0:00:00.957395
7160	5	4	4	0	0:00:00.958825
7180	6	6	6	1	0:00:00.958578
7200	4	6	2	0	0:00:00.951131
7220	9	-1	8	0	0:00:01.011434
7240	0	8	8	0	0:00:00.955733
7260	1	8	8	0	0:00:00.952468
7280	1	-1	4	0	0:00:00.956823
7300	3	-1	4	0	0:00:00.985042
7320	8	0	0	0	0:00:00.999451
7340	2	4	4	0	0:00:00.971558
7360	2	-1	4	0	0:00:00.992586
7380	7	-1	5	0	0:00:00.983209
7400	3	-1	5	0	0:00:01.018595
7420	3	0	0	0	0:00:00.983417
7440	3	-1	2	0	0:00:00.983436
7460	5	5	5	1	0:00:00.988424
7480	1	-1	5	0	0:00:01.005646
7500	6	6	6	1	0:00:00.943192
7520	4	-1	2	0	0:00:00.949045
7540	5	5	5	1	0:00:00.945750
7560	0	-1	2	0	0:00:00.947429
7580	8	-1	8	0	0:00:00.959038
7600	8	9	2	0	0:00:00.964113
7620	5	-1	4	0	0:00:00.969088
7640	9	-1	6	0	0:00:00.958304
7660	7	-1	4	0	0:00:00.972633
7680	3	9	3	0	0:00:01.002578
7700	6	6	4	1	0:00:00.978489
7720	5	-1	4	0	0:00:00.968262
7740	4	-1	2	0	0:00:00.985161
7760	2	9	8	0	0:00:00.969982
7780	3	-1	8	0	0:00:00.957776
7800	0	-1	8	0	0:00:00.962575
7820	5	8	8	0	0:00:00.958322
7840	1	1	1	1	0:00:01.017577
7860	8	-1	4	0	0:00:00.988452
7880	0	-1	2	0	0:00:01.018654
7900	0	4	2	0	0:00:01.004437
7920	9	8	8	0	0:00:00.951070
7940	2	6	4	0	0:00:00.953487
7960	0	-1	3	0	0:00:00.960195
7980	3	-1	4	0	0:00:00.955164
8000	9	-1	0	0	0:00:00.959860
8020	6	3	3	0	0:00:00.951020
8040	2	-1	4	0	0:00:00.934725
8060	6	-1	4	0	0:00:00.930551
8080	4	6	6	0	0:00:00.923403
8100	6	2	2	0	0:00:00.918129
8120	8	9	9	0	0:00:00.907025
8140	5	4	4	0	0:00:00.915314
8160	6	9	6	0	0:00:00.910170
8180	4	4	2	1	0:00:00.909282
8200	3	-1	2	0	0:00:00.908029
8220	6	-1	2	0	0:00:00.944521
8240	7	7	4	1	0:00:00.963143
8260	1	3	3	0	0:00:00.956835
8280	4	-1	3	0	0:00:00.954071
8300	5	2	2	0	0:00:00.969580
8320	7	-1	4	0	0:00:00.959212
8340	5	-1	4	0	0:00:00.975973
8360	7	-1	4	0	0:00:00.949512
8380	9	8	8	0	0:00:00.970280
8400	0	8	8	0	0:00:00.949017
8420	3	-1	4	0	0:00:00.957320
8440	5	-1	4	0	0:00:00.898201
8460	8	8	8	1	0:00:00.950491
8480	2	-1	8	0	0:00:00.946894
8500	4	2	2	0	0:00:00.960492
8520	8	-1	4	0	0:00:00.976649
8540	4	2	2	0	0:00:00.974910
8560	7	-1	4	0	0:00:00.961608
8580	3	-1	2	0	0:00:00.971076
8600	3	-1	4	0	0:00:00.995175
8620	3	-1	4	0	0:00:01.006356
8640	1	1	0	1	0:00:00.960009
8660	7	-1	5	0	0:00:00.961751
8680	3	-1	8	0	0:00:00.961914
8700	3	3	2	1	0:00:00.964084
8720	2	0	8	0	0:00:00.967349
8740	2	4	4	0	0:00:00.991280
8760	8	-1	5	0	0:00:00.966539
8780	4	-1	2	0	0:00:00.964360
8800	0	0	0	1	0:00:00.934314
8820	2	3	3	0	0:00:00.929388
8840	2	-1	7	0	0:00:00.935659
8860	2	-1	8	0	0:00:00.930206
8880	1	-1	6	0	0:00:00.919987
8900	2	-1	4	0	0:00:00.937074
8920	6	6	4	1	0:00:00.919524
8940	6	3	3	0	0:00:00.946476
8960	0	0	0	1	0:00:00.957602
8980	9	9	8	1	0:00:00.957196
9000	8	8	8	1	0:00:00.958731
9020	7	9	8	0	0:00:00.947383
9040	2	5	5	0	0:00:00.966584
9060	9	5	5	0	0:00:00.972919
9080	3	0	0	0	0:00:00.971782
9100	9	6	6	0	0:00:00.981516
9120	3	0	0	0	0:00:00.962108
9140	7	-1	8	0	0:00:00.962461
9160	5	-1	4	0	0:00:00.967133
9180	5	5	5	1	0:00:00.963686
9200	8	8	8	1	0:00:00.960021
9220	8	8	8	1	0:00:00.973833
9240	8	8	8	1	0:00:01.002516
9260	5	6	6	0	0:00:00.992231
9280	9	-1	8	0	0:00:00.963073
9300	5	-1	2	0	0:00:00.948495
9320	9	-1	8	0	0:00:00.959517
9340	1	1	1	1	0:00:00.982511
9360	5	-1	4	0	0:00:00.971378
9380	5	9	3	0	0:00:00.972877
9400	6	-1	2	0	0:00:00.965503
9420	5	-1	6	0	0:00:00.964681
9440	8	8	8	1	0:00:00.950785
9460	3	-1	4	0	0:00:00.960452
9480	2	4	4	0	0:00:00.948858
9500	9	-1	4	0	0:00:00.953136
9520	1	1	8	1	0:00:00.909541
9540	5	-1	4	0	0:00:00.922556
9560	9	7	7	0	0:00:00.969153
9580	1	4	4	0	0:00:00.995685
9600	8	-1	8	0	0:00:00.994111
9620	4	-1	2	0	0:00:00.963383
9640	5	-1	6	0	0:00:00.961692
9660	6	6	6	1	0:00:00.965829
9680	8	8	8	1	0:00:00.979582
9700	0	-1	2	0	0:00:00.966110
9720	8	-1	6	0	0:00:00.986408
9740	3	-1	4	0	0:00:00.984654
9760	9	-1	4	0	0:00:00.969980
9780	4	6	6	0	0:00:00.967431
9800	1	1	1	1	0:00:00.957633
9820	0	8	8	0	0:00:00.967077
9840	4	-1	3	0	0:00:00.963536
9860	0	-1	8	0	0:00:00.981162
9880	7	-1	8	0	0:00:00.981176
9900	8	-1	6	0	0:00:00.963351
9920	6	4	2	0	0:00:00.965465
9940	4	-1	6	0	0:00:01.027743
9960	2	0	0	0	0:00:00.965183
9980	0	0	0	1	0:00:00.948451
