idx	label	predict	basePredict	correct	time
0	3	3	3	1	0:00:01.497024
20	7	1	1	0	0:00:01.261467
40	4	4	4	1	0:00:01.258122
60	7	7	7	1	0:00:01.275476
80	8	8	8	1	0:00:01.269004
100	4	5	5	0	0:00:01.256372
120	8	8	8	1	0:00:01.254736
140	6	6	6	1	0:00:01.291202
160	2	2	2	1	0:00:01.286324
180	0	0	0	1	0:00:01.255059
200	5	5	5	1	0:00:01.254494
220	7	5	5	0	0:00:01.267268
240	1	1	1	1	0:00:01.270352
260	8	8	8	1	0:00:01.295556
280	9	9	9	1	0:00:01.280438
300	6	6	6	1	0:00:01.273765
320	3	3	3	1	0:00:01.252947
340	2	4	2	0	0:00:01.247882
360	9	9	9	1	0:00:01.247711
380	6	6	6	1	0:00:01.282964
400	9	9	9	1	0:00:01.287087
420	4	4	4	1	0:00:01.248519
440	1	1	1	1	0:00:01.266376
460	5	5	5	1	0:00:01.290516
480	8	8	8	1	0:00:01.264337
500	4	6	6	0	0:00:01.263526
520	5	5	5	1	0:00:01.246417
540	1	1	1	1	0:00:01.293338
560	0	0	0	1	0:00:01.259796
580	4	4	4	1	0:00:01.281312
600	8	8	8	1	0:00:01.248562
620	7	7	7	1	0:00:01.237931
640	5	3	3	0	0:00:01.290934
660	9	9	9	1	0:00:01.274065
680	9	1	1	0	0:00:01.269516
700	7	7	7	1	0:00:01.242547
720	4	4	4	1	0:00:01.248951
740	2	3	2	0	0:00:01.242411
760	3	3	3	1	0:00:01.277020
780	9	9	9	1	0:00:01.283208
800	7	7	7	1	0:00:01.281489
820	6	6	6	1	0:00:01.241242
840	7	7	7	1	0:00:01.256260
860	4	4	4	1	0:00:01.233691
880	8	8	8	1	0:00:01.265139
900	2	6	6	0	0:00:01.257670
920	6	4	4	0	0:00:01.265703
940	9	9	9	1	0:00:01.274028
960	9	9	3	1	0:00:01.298336
980	2	2	2	1	0:00:01.291028
1000	5	5	5	1	0:00:01.167819
1020	1	1	1	1	0:00:01.169552
1040	7	3	3	0	0:00:01.181416
1060	9	9	9	1	0:00:01.162713
1080	6	6	6	1	0:00:01.163864
1100	7	7	7	1	0:00:01.164918
1120	5	2	2	0	0:00:01.171799
1140	6	6	6	1	0:00:01.150883
1160	8	8	8	1	0:00:01.160877
1180	3	3	3	1	0:00:01.164621
1200	8	8	8	1	0:00:01.153706
1220	9	3	3	0	0:00:01.180736
1240	2	2	2	1	0:00:01.175056
1260	1	9	9	0	0:00:01.165841
1280	3	5	5	0	0:00:01.146019
1300	4	3	3	0	0:00:01.167118
1320	7	7	7	1	0:00:01.147671
1340	1	1	1	1	0:00:01.174261
1360	7	7	7	1	0:00:01.172542
1380	4	4	4	1	0:00:01.189432
1400	5	5	5	1	0:00:01.187492
1420	4	4	7	1	0:00:01.159029
1440	0	0	0	1	0:00:01.141083
1460	6	6	6	1	0:00:01.146210
1480	1	1	1	1	0:00:01.181681
1500	1	1	1	1	0:00:01.160830
1520	7	7	7	1	0:00:01.170490
1540	8	8	8	1	0:00:01.167490
1560	7	7	7	1	0:00:01.150372
1580	6	6	6	1	0:00:01.181872
1600	8	9	9	0	0:00:01.153019
1620	5	4	4	0	0:00:01.166152
1640	7	7	7	1	0:00:01.133824
1660	3	3	3	1	0:00:01.146385
1680	6	6	6	1	0:00:01.190221
1700	5	-1	3	0	0:00:01.149173
1720	4	4	3	1	0:00:01.151979
1740	1	1	1	1	0:00:01.155416
1760	0	0	0	1	0:00:01.178028
1780	7	7	7	1	0:00:01.156295
1800	4	4	4	1	0:00:01.140958
1820	8	8	8	1	0:00:01.152993
1840	8	4	4	0	0:00:01.147183
1860	8	8	8	1	0:00:01.152138
1880	1	1	1	1	0:00:01.123586
1900	8	8	8	1	0:00:01.156877
1920	2	2	2	1	0:00:01.166524
1940	5	5	5	1	0:00:01.157046
1960	2	5	5	0	0:00:01.153500
1980	9	9	9	1	0:00:01.160678
2000	1	1	1	1	0:00:01.161716
2020	9	9	9	1	0:00:01.166721
2040	0	0	0	1	0:00:01.172573
2060	5	3	3	0	0:00:01.155716
2080	1	1	1	1	0:00:01.171242
2100	2	2	2	1	0:00:01.173853
2120	4	8	8	0	0:00:01.186038
2140	9	9	9	1	0:00:01.128953
2160	0	0	0	1	0:00:01.136368
2180	4	4	4	1	0:00:01.166177
2200	0	0	0	1	0:00:01.151629
2220	1	1	1	1	0:00:01.129020
2240	9	9	9	1	0:00:01.138842
2260	4	4	4	1	0:00:01.156195
2280	4	2	2	0	0:00:01.145906
2300	3	4	2	0	0:00:01.180629
2320	5	3	3	0	0:00:01.173646
2340	7	7	7	1	0:00:01.172775
2360	7	7	7	1	0:00:01.183013
2380	8	-1	8	0	0:00:01.178913
2400	0	0	0	1	0:00:01.187103
2420	8	7	7	0	0:00:01.171932
2440	7	7	7	1	0:00:01.189430
2460	9	9	9	1	0:00:01.181523
2480	8	8	8	1	0:00:01.152174
2500	4	6	2	0	0:00:01.134956
2520	1	-1	0	0	0:00:01.126578
2540	2	2	2	1	0:00:01.135442
2560	7	7	7	1	0:00:01.137206
2580	6	6	6	1	0:00:01.116226
2600	8	8	8	1	0:00:01.124311
2620	1	1	1	1	0:00:01.161169
2640	7	7	7	1	0:00:01.172337
2660	3	3	3	1	0:00:01.177665
2680	0	0	0	1	0:00:01.189363
2700	9	1	1	0	0:00:01.162005
2720	3	3	3	1	0:00:01.168002
2740	1	1	1	1	0:00:01.135885
2760	2	2	2	1	0:00:01.122186
2780	7	7	7	1	0:00:01.123799
2800	4	4	4	1	0:00:01.121942
2820	6	6	6	1	0:00:01.141013
2840	3	3	3	1	0:00:01.150385
2860	5	5	5	1	0:00:01.139809
2880	4	4	4	1	0:00:01.154594
2900	3	2	2	0	0:00:01.184594
2920	2	2	2	1	0:00:01.194498
2940	3	0	0	0	0:00:01.181476
2960	9	0	0	0	0:00:01.166137
2980	8	8	8	1	0:00:01.178804
3000	5	5	5	1	0:00:01.180268
3020	1	1	1	1	0:00:01.133817
3040	7	7	7	1	0:00:01.156404
3060	7	7	7	1	0:00:01.139094
3080	1	1	1	1	0:00:01.150332
3100	0	0	0	1	0:00:01.164439
3120	4	4	4	1	0:00:01.164955
3140	8	8	8	1	0:00:01.177239
3160	6	2	2	0	0:00:01.205797
3180	3	6	3	0	0:00:01.171658
3200	5	5	5	1	0:00:01.182714
3220	3	3	3	1	0:00:01.158106
3240	4	1	1	0	0:00:01.162014
3260	7	7	7	1	0:00:01.155163
3280	3	3	3	1	0:00:01.171448
3300	4	4	4	1	0:00:01.158323
3320	2	2	2	1	0:00:01.169688
3340	6	6	6	1	0:00:01.170513
3360	4	4	4	1	0:00:01.182389
3380	8	8	8	1	0:00:01.167854
3400	6	4	4	0	0:00:01.166114
3420	5	3	3	0	0:00:01.160743
3440	2	3	3	0	0:00:01.168099
3460	1	1	1	1	0:00:01.170457
3480	2	2	2	1	0:00:01.162236
3500	1	9	9	0	0:00:01.170502
3520	1	1	1	1	0:00:01.169620
3540	6	6	3	1	0:00:01.213767
3560	1	9	9	0	0:00:01.198046
3580	4	4	4	1	0:00:01.164079
3600	4	3	3	0	0:00:01.175975
3620	0	0	0	1	0:00:01.166872
3640	6	6	6	1	0:00:01.160486
3660	0	0	0	1	0:00:01.161594
3680	0	0	0	1	0:00:01.195128
3700	3	3	3	1	0:00:01.168360
3720	2	2	2	1	0:00:01.184857
3740	0	0	0	1	0:00:01.158096
3760	7	7	7	1	0:00:01.150220
3780	4	4	4	1	0:00:01.168234
3800	9	9	9	1	0:00:01.174803
3820	0	8	8	0	0:00:01.162568
3840	6	8	4	0	0:00:01.173133
3860	7	7	7	1	0:00:01.175462
3880	6	6	6	1	0:00:01.169270
3900	3	3	3	1	0:00:01.175086
3920	7	7	7	1	0:00:01.121491
3940	6	3	3	0	0:00:01.144674
3960	2	2	2	1	0:00:01.131093
3980	9	9	9	1	0:00:01.134441
4000	8	-1	2	0	0:00:01.132096
4020	8	8	8	1	0:00:01.135382
4040	0	0	0	1	0:00:01.150666
4060	6	6	6	1	0:00:01.158161
4080	1	1	1	1	0:00:01.186277
4100	7	7	7	1	0:00:01.154465
4120	4	4	4	1	0:00:01.172961
4140	5	5	5	1	0:00:01.167452
4160	5	5	5	1	0:00:01.174845
4180	0	0	8	1	0:00:01.160144
4200	4	4	4	1	0:00:01.185574
4220	4	-1	0	0	0:00:01.153991
4240	7	7	7	1	0:00:01.162327
4260	8	8	8	1	0:00:01.194040
4280	8	0	0	0	0:00:01.173940
4300	8	8	8	1	0:00:01.087328
4320	1	9	1	0	0:00:01.126786
4340	0	0	0	1	0:00:01.145437
4360	6	6	6	1	0:00:01.155933
4380	9	9	9	1	0:00:01.140280
4400	3	5	5	0	0:00:01.186031
4420	5	5	5	1	0:00:01.181475
4440	2	2	2	1	0:00:01.185354
4460	9	9	9	1	0:00:01.167008
4480	9	9	9	1	0:00:01.172399
4500	3	3	3	1	0:00:01.183105
4520	3	3	3	1	0:00:01.169996
4540	9	9	9	1	0:00:01.166026
4560	1	1	1	1	0:00:01.179292
4580	6	6	6	1	0:00:01.170125
4600	4	4	4	1	0:00:01.136640
4620	7	7	7	1	0:00:01.193598
4640	2	2	2	1	0:00:01.162957
4660	7	7	7	1	0:00:01.131664
4680	9	9	9	1	0:00:01.157540
4700	6	6	5	1	0:00:01.177290
4720	8	8	0	1	0:00:01.191935
4740	5	3	3	0	0:00:01.168657
4760	3	2	3	0	0:00:01.173893
4780	0	0	0	1	0:00:01.172923
4800	9	9	9	1	0:00:01.178705
4820	3	3	3	1	0:00:01.144012
4840	0	0	0	1	0:00:01.182111
4860	5	5	5	1	0:00:01.142858
4880	0	0	0	1	0:00:01.169427
4900	3	3	3	1	0:00:01.160175
4920	7	7	7	1	0:00:01.164142
4940	6	6	6	1	0:00:01.159487
4960	4	4	4	1	0:00:01.159681
4980	1	1	1	1	0:00:01.152908
5000	7	7	7	1	0:00:01.195436
5020	8	8	8	1	0:00:01.155432
5040	3	3	3	1	0:00:01.190406
5060	6	6	6	1	0:00:01.155239
5080	7	4	4	0	0:00:01.159570
5100	3	3	3	1	0:00:01.152240
5120	9	9	9	1	0:00:01.167574
5140	8	8	8	1	0:00:01.177249
5160	0	0	0	1	0:00:01.188182
5180	9	7	7	0	0:00:01.158554
5200	3	3	3	1	0:00:01.202326
5220	0	0	0	1	0:00:01.212522
5240	1	1	1	1	0:00:01.151973
5260	0	0	0	1	0:00:01.159184
5280	0	4	0	0	0:00:01.156143
5300	9	9	9	1	0:00:01.173627
5320	7	7	7	1	0:00:01.174489
5340	3	3	3	1	0:00:01.182884
5360	9	9	9	1	0:00:01.176415
5380	1	1	1	1	0:00:01.160559
5400	9	9	9	1	0:00:01.166026
5420	6	6	6	1	0:00:01.168120
5440	9	9	9	1	0:00:01.180589
5460	0	0	0	1	0:00:01.187570
5480	1	1	1	1	0:00:01.154086
5500	8	8	8	1	0:00:01.200159
5520	4	4	4	1	0:00:01.195295
5540	5	5	5	1	0:00:01.169899
5560	3	6	6	0	0:00:01.202759
5580	5	3	3	0	0:00:01.194530
5600	6	5	5	0	0:00:01.181619
5620	3	6	6	0	0:00:01.181726
5640	2	2	2	1	0:00:01.149323
5660	9	9	9	1	0:00:01.171627
5680	2	-1	0	0	0:00:01.173728
5700	3	5	5	0	0:00:01.160624
5720	9	9	9	1	0:00:01.160582
5740	6	6	6	1	0:00:01.198652
5760	2	2	2	1	0:00:01.153913
5780	7	7	7	1	0:00:01.159069
5800	2	2	2	1	0:00:01.159448
5820	5	5	5	1	0:00:01.155846
5840	2	2	5	1	0:00:01.174827
5860	0	0	0	1	0:00:01.188538
5880	0	0	0	1	0:00:01.138568
5900	4	3	3	0	0:00:01.156341
5920	8	8	8	1	0:00:01.177681
5940	7	3	3	0	0:00:01.186354
5960	2	6	6	0	0:00:01.175119
5980	9	9	9	1	0:00:01.162390
6000	8	8	8	1	0:00:01.166048
6020	6	6	6	1	0:00:01.164616
6040	2	3	3	0	0:00:01.186183
6060	3	4	3	0	0:00:01.165212
6080	1	1	1	1	0:00:01.189759
6100	1	1	1	1	0:00:01.157741
6120	5	5	5	1	0:00:01.159844
6140	9	9	9	1	0:00:01.169480
6160	2	2	2	1	0:00:01.167060
6180	0	0	0	1	0:00:01.149532
6200	3	3	3	1	0:00:01.171311
6220	2	2	2	1	0:00:01.182489
6240	2	2	2	1	0:00:01.208912
6260	2	2	2	1	0:00:01.172244
6280	8	8	8	1	0:00:01.159131
6300	1	1	1	1	0:00:01.153103
6320	0	0	0	1	0:00:01.173067
6340	3	4	4	0	0:00:01.174468
6360	2	2	2	1	0:00:01.168163
6380	3	3	3	1	0:00:01.178101
6400	0	0	0	1	0:00:01.189447
6420	7	7	7	1	0:00:01.160321
6440	3	3	3	1	0:00:01.162947
6460	3	3	3	1	0:00:01.187179
6480	0	0	0	1	0:00:01.170011
6500	7	-1	0	0	0:00:01.163685
6520	6	6	6	1	0:00:01.190551
6540	8	8	8	1	0:00:01.170777
6560	6	6	4	1	0:00:01.169549
6580	1	1	1	1	0:00:01.171731
6600	7	7	7	1	0:00:01.171047
6620	7	7	7	1	0:00:01.172406
6640	5	3	3	0	0:00:01.173050
6660	0	0	0	1	0:00:01.145736
6680	3	5	3	0	0:00:01.190068
6700	6	6	6	1	0:00:01.176813
6720	2	3	2	0	0:00:01.172171
6740	2	3	3	0	0:00:01.171358
6760	5	5	5	1	0:00:01.177911
6780	7	7	7	1	0:00:01.159299
6800	6	6	3	1	0:00:01.162959
6820	1	1	1	1	0:00:01.137017
6840	9	9	9	1	0:00:01.172678
6860	0	0	0	1	0:00:01.196100
6880	2	2	2	1	0:00:01.199761
6900	3	3	3	1	0:00:01.186924
6920	5	6	6	0	0:00:01.191911
6940	1	1	1	1	0:00:01.161116
6960	9	9	9	1	0:00:01.179689
6980	0	0	0	1	0:00:01.212258
7000	2	8	8	0	0:00:01.173258
7020	7	7	7	1	0:00:01.156537
7040	7	0	0	0	0:00:01.162165
7060	8	8	8	1	0:00:01.162725
7080	5	4	4	0	0:00:01.166185
7100	9	3	3	0	0:00:01.193746
7120	7	7	7	1	0:00:01.180714
7140	4	-1	7	0	0:00:01.173408
7160	5	5	5	1	0:00:01.191264
7180	6	6	6	1	0:00:01.190716
7200	4	4	4	1	0:00:01.180576
7220	9	9	9	1	0:00:01.138878
7240	0	0	8	1	0:00:01.169315
7260	1	1	1	1	0:00:01.197987
7280	1	9	9	0	0:00:01.196803
7300	3	5	3	0	0:00:01.173855
7320	8	8	8	1	0:00:01.189354
7340	2	2	2	1	0:00:01.205196
7360	2	2	2	1	0:00:01.164924
7380	7	7	7	1	0:00:01.182726
7400	3	3	3	1	0:00:01.167644
7420	3	3	3	1	0:00:01.156996
7440	3	3	3	1	0:00:01.144001
7460	5	5	5	1	0:00:01.165054
7480	1	1	1	1	0:00:01.154639
7500	6	6	6	1	0:00:01.158026
7520	4	4	4	1	0:00:01.168386
7540	5	5	5	1	0:00:01.170173
7560	0	0	0	1	0:00:01.174753
7580	8	8	8	1	0:00:01.174740
7600	8	-1	2	0	0:00:01.193630
7620	5	3	3	0	0:00:01.185153
7640	9	9	8	1	0:00:01.126493
7660	7	7	7	1	0:00:01.122924
7680	3	5	5	0	0:00:01.123894
7700	6	6	6	1	0:00:01.126127
7720	5	5	3	1	0:00:01.168814
7740	4	4	4	1	0:00:01.156847
7760	2	9	9	0	0:00:01.165290
7780	3	8	8	0	0:00:01.164269
7800	0	0	0	1	0:00:01.177816
7820	5	3	3	0	0:00:01.145272
7840	1	1	1	1	0:00:01.139973
7860	8	8	8	1	0:00:01.132501
7880	0	0	0	1	0:00:01.138119
7900	0	0	0	1	0:00:01.142487
7920	9	9	9	1	0:00:01.135232
7940	2	2	2	1	0:00:01.129419
7960	0	0	0	1	0:00:01.133945
7980	3	3	3	1	0:00:01.138460
8000	9	9	9	1	0:00:01.203330
8020	6	7	7	0	0:00:01.120063
8040	2	2	2	1	0:00:01.146046
8060	6	6	6	1	0:00:01.135354
8080	4	4	3	1	0:00:01.141506
8100	6	6	6	1	0:00:01.172033
8120	8	8	8	1	0:00:01.167114
8140	5	5	5	1	0:00:01.164984
8160	6	6	6	1	0:00:01.173425
8180	4	2	2	0	0:00:01.151425
8200	3	7	3	0	0:00:01.134876
8220	6	6	6	1	0:00:01.130197
8240	7	7	7	1	0:00:01.134806
8260	1	1	1	1	0:00:01.123313
8280	4	4	4	1	0:00:01.150169
8300	5	5	5	1	0:00:01.168955
8320	7	7	7	1	0:00:01.171812
8340	5	5	5	1	0:00:01.152494
8360	7	7	7	1	0:00:01.181237
8380	9	9	9	1	0:00:01.179688
8400	0	0	0	1	0:00:01.176817
8420	3	6	6	0	0:00:01.182725
8440	5	3	3	0	0:00:01.187936
8460	8	8	8	1	0:00:01.175405
8480	2	2	2	1	0:00:01.205154
8500	4	4	4	1	0:00:01.180252
8520	8	8	8	1	0:00:01.185084
8540	4	2	2	0	0:00:01.192662
8560	7	7	7	1	0:00:01.187347
8580	3	5	5	0	0:00:01.180305
8600	3	5	5	0	0:00:01.160488
8620	3	3	3	1	0:00:01.163995
8640	1	1	1	1	0:00:01.160312
8660	7	7	7	1	0:00:01.170728
8680	3	-1	5	0	0:00:01.162889
8700	3	3	3	1	0:00:01.159571
8720	2	0	0	0	0:00:01.157962
8740	2	5	5	0	0:00:01.161698
8760	8	8	8	1	0:00:01.143076
8780	4	-1	4	0	0:00:01.140843
8800	0	0	0	1	0:00:01.143366
8820	2	2	2	1	0:00:01.133683
8840	2	2	2	1	0:00:01.145618
8860	2	2	2	1	0:00:01.140086
8880	1	1	1	1	0:00:01.150902
8900	2	2	2	1	0:00:01.187977
8920	6	6	6	1	0:00:01.176920
8940	6	3	3	0	0:00:01.180976
8960	0	2	2	0	0:00:01.158579
8980	9	9	9	1	0:00:01.186069
9000	8	8	8	1	0:00:01.186415
9020	7	7	7	1	0:00:01.176830
9040	2	5	5	0	0:00:01.175461
9060	9	9	9	1	0:00:01.164493
9080	3	3	3	1	0:00:01.141543
9100	9	1	1	0	0:00:01.166506
9120	3	5	5	0	0:00:01.165858
9140	7	7	7	1	0:00:01.157545
9160	5	5	3	1	0:00:01.156469
9180	5	5	5	1	0:00:01.158996
9200	8	8	8	1	0:00:01.170308
9220	8	8	8	1	0:00:01.205420
9240	8	8	8	1	0:00:01.187921
9260	5	3	3	0	0:00:01.174416
9280	9	9	9	1	0:00:01.188715
9300	5	3	3	0	0:00:01.181170
9320	9	9	9	1	0:00:01.192412
9340	1	1	1	1	0:00:01.199382
9360	5	0	0	0	0:00:01.186848
9380	5	3	3	0	0:00:01.187665
9400	6	6	6	1	0:00:01.201176
9420	5	5	5	1	0:00:01.203165
9440	8	8	8	1	0:00:01.178805
9460	3	3	3	1	0:00:01.174867
9480	2	2	2	1	0:00:01.167260
9500	9	9	9	1	0:00:01.176137
9520	1	1	1	1	0:00:01.179149
9540	5	5	5	1	0:00:01.197255
9560	9	7	7	0	0:00:01.160093
9580	1	1	1	1	0:00:01.182785
9600	8	8	8	1	0:00:01.221814
9620	4	4	4	1	0:00:01.168340
9640	5	5	5	1	0:00:01.141544
9660	6	6	6	1	0:00:01.173916
9680	8	8	8	1	0:00:01.182882
9700	0	0	0	1	0:00:01.200804
9720	8	8	8	1	0:00:01.148698
9740	3	6	6	0	0:00:01.197340
9760	9	9	9	1	0:00:01.158270
9780	4	4	4	1	0:00:01.169517
9800	1	1	1	1	0:00:01.156540
9820	0	8	8	0	0:00:01.159978
9840	4	7	7	0	0:00:01.192842
9860	0	0	0	1	0:00:01.174183
9880	7	7	7	1	0:00:01.162463
9900	8	8	8	1	0:00:01.160603
9920	6	6	6	1	0:00:01.174874
9940	4	4	4	1	0:00:01.186533
9960	2	0	0	0	0:00:01.178511
9980	0	0	0	1	0:00:01.155885
