idx	label	predict	basePredict	correct	time
0	3	3	3	1	0:00:15.786432
20	7	7	9	1	0:00:15.728410
40	4	4	8	1	0:00:15.779877
60	7	7	7	1	0:00:15.673662
80	8	8	8	1	0:00:15.758108
100	4	5	5	0	0:00:15.737465
120	8	0	8	0	0:00:16.254426
140	6	6	2	1	0:00:17.135723
160	2	0	2	0	0:00:16.781899
180	0	0	0	1	0:00:16.805702
200	5	5	3	1	0:00:16.573506
220	7	7	7	1	0:00:16.163980
240	1	1	1	1	0:00:16.797837
260	8	3	3	0	0:00:17.465398
280	9	9	9	1	0:00:17.133651
300	6	6	4	1	0:00:16.849439
320	3	3	2	1	0:00:16.415351
340	2	4	4	0	0:00:17.226331
360	9	9	5	1	0:00:15.669037
380	6	6	4	1	0:00:15.676303
400	9	9	9	1	0:00:15.691403
420	4	4	4	1	0:00:15.666896
440	1	1	9	1	0:00:15.691068
460	5	5	2	1	0:00:15.667489
480	8	9	9	0	0:00:15.680796
500	4	6	2	0	0:00:15.655752
520	5	5	7	1	0:00:15.676618
540	1	1	8	1	0:00:15.758871
560	0	0	0	1	0:00:15.659944
580	4	4	4	1	0:00:15.689285
600	8	8	8	1	0:00:15.654006
620	7	7	2	1	0:00:15.660790
640	5	3	3	0	0:00:15.806669
660	9	9	3	1	0:00:15.754034
680	9	7	7	0	0:00:15.682846
700	7	7	3	1	0:00:15.656420
720	4	9	3	0	0:00:15.685167
740	2	3	3	0	0:00:15.692990
760	3	4	3	0	0:00:15.732882
780	9	1	9	0	0:00:15.679029
800	7	7	7	1	0:00:15.673683
820	6	8	8	0	0:00:15.701195
840	7	7	7	1	0:00:15.683160
860	4	4	2	1	0:00:15.700024
880	8	8	8	1	0:00:15.716587
900	2	6	5	0	0:00:15.684218
920	6	6	3	1	0:00:15.669594
940	9	9	9	1	0:00:15.664047
960	9	9	9	1	0:00:15.706602
980	2	6	2	0	0:00:15.662013
1000	5	5	5	1	0:00:14.972159
1020	1	1	1	1	0:00:14.991604
1040	7	5	5	0	0:00:15.033210
1060	9	9	9	1	0:00:15.034207
1080	6	6	2	1	0:00:14.960306
1100	7	0	8	0	0:00:14.971241
1120	5	2	2	0	0:00:14.974180
1140	6	6	4	1	0:00:14.951721
1160	8	0	0	0	0:00:14.961320
1180	3	3	3	1	0:00:14.972994
1200	8	8	0	1	0:00:15.011765
1220	9	6	6	0	0:00:14.964683
1240	2	6	6	0	0:00:14.958884
1260	1	9	9	0	0:00:14.961447
1280	3	5	5	0	0:00:14.991155
1300	4	3	3	0	0:00:14.954008
1320	7	2	2	0	0:00:15.007819
1340	1	1	1	1	0:00:14.987960
1360	7	7	2	1	0:00:14.993798
1380	4	5	5	0	0:00:14.958919
1400	5	3	3	0	0:00:14.979209
1420	4	7	7	0	0:00:14.960373
1440	0	8	8	0	0:00:14.987438
1460	6	6	2	1	0:00:14.966847
1480	1	1	5	1	0:00:14.967104
1500	1	1	1	1	0:00:14.981094
1520	7	7	4	1	0:00:14.953503
1540	8	8	8	1	0:00:14.978006
1560	7	7	7	1	0:00:14.994877
1580	6	1	3	0	0:00:14.963768
1600	8	9	6	0	0:00:14.948928
1620	5	8	8	0	0:00:14.958712
1640	7	3	3	0	0:00:14.964539
1660	3	5	5	0	0:00:14.976306
1680	6	6	3	1	0:00:14.993470
1700	5	3	2	0	0:00:14.987259
1720	4	2	2	0	0:00:14.950254
1740	1	1	9	1	0:00:14.963572
1760	0	0	8	1	0:00:14.983850
1780	7	7	2	1	0:00:14.997932
1800	4	0	8	0	0:00:14.963889
1820	8	8	8	1	0:00:14.981625
1840	8	4	4	0	0:00:14.965980
1860	8	8	3	1	0:00:14.988711
1880	1	1	8	1	0:00:14.959624
1900	8	8	8	1	0:00:14.961563
1920	2	2	2	1	0:00:14.979601
1940	5	2	2	0	0:00:14.996959
1960	2	5	5	0	0:00:14.976084
1980	9	9	9	1	0:00:15.014177
2000	1	6	2	0	0:00:15.014307
2020	9	9	9	1	0:00:14.986516
2040	0	0	0	1	0:00:14.978502
2060	5	3	3	0	0:00:14.979342
2080	1	9	9	0	0:00:15.022298
2100	2	2	2	1	0:00:14.991208
2120	4	8	8	0	0:00:14.970428
2140	9	9	9	1	0:00:15.013780
2160	0	8	8	0	0:00:14.977764
2180	4	4	4	1	0:00:14.995559
2200	0	2	2	0	0:00:14.987754
2220	1	1	1	1	0:00:14.984443
2240	9	1	8	0	0:00:15.007141
2260	4	4	3	1	0:00:14.979281
2280	4	3	2	0	0:00:14.963230
2300	3	2	2	0	0:00:14.962026
2320	5	2	2	0	0:00:14.965592
2340	7	7	7	1	0:00:14.978577
2360	7	5	5	0	0:00:14.978484
2380	8	8	8	1	0:00:15.029384
2400	0	0	0	1	0:00:14.986284
2420	8	5	5	0	0:00:14.978824
2440	7	7	0	1	0:00:14.962856
2460	9	7	7	0	0:00:14.966904
2480	8	8	8	1	0:00:14.980874
2500	4	4	2	1	0:00:15.027915
2520	1	1	7	1	0:00:14.984801
2540	2	5	5	0	0:00:14.970953
2560	7	7	4	1	0:00:14.998521
2580	6	5	6	0	0:00:14.998897
2600	8	8	8	1	0:00:14.974015
2620	1	1	8	1	0:00:14.968437
2640	7	7	4	1	0:00:14.967791
2660	3	2	2	0	0:00:14.971599
2680	0	0	0	1	0:00:14.975997
2700	9	9	1	1	0:00:14.969137
2720	3	3	2	1	0:00:14.974226
2740	1	1	7	1	0:00:14.985820
2760	2	2	2	1	0:00:14.971938
2780	7	7	7	1	0:00:14.959848
2800	4	6	6	0	0:00:14.976260
2820	6	6	2	1	0:00:15.002064
2840	3	3	3	1	0:00:14.972381
2860	5	6	6	0	0:00:14.965306
2880	4	4	4	1	0:00:15.057741
2900	3	5	2	0	0:00:15.032154
2920	2	3	3	0	0:00:14.991124
2940	3	0	0	0	0:00:14.967356
2960	9	9	8	1	0:00:14.975189
2980	8	8	8	1	0:00:14.985997
3000	5	5	5	1	0:00:14.978816
3020	1	1	8	1	0:00:14.972344
3040	7	7	7	1	0:00:14.976863
3060	7	7	5	1	0:00:14.981275
3080	1	1	0	1	0:00:14.977643
3100	0	0	8	1	0:00:14.994759
3120	4	2	2	0	0:00:15.079107
3140	8	8	8	1	0:00:14.979683
3160	6	2	2	0	0:00:14.960141
3180	3	3	5	1	0:00:14.958400
3200	5	7	7	0	0:00:14.969697
3220	3	9	6	0	0:00:14.967367
3240	4	1	8	0	0:00:14.975181
3260	7	7	7	1	0:00:14.959956
3280	3	5	0	0	0:00:14.999593
3300	4	4	2	1	0:00:14.981966
3320	2	7	7	0	0:00:14.967973
3340	6	6	2	1	0:00:14.980400
3360	4	4	6	1	0:00:14.975444
3380	8	8	8	1	0:00:14.965597
3400	6	4	4	0	0:00:14.959028
3420	5	3	3	0	0:00:14.956966
3440	2	3	3	0	0:00:14.992563
3460	1	1	9	1	0:00:14.983324
3480	2	2	2	1	0:00:14.978522
3500	1	1	9	1	0:00:14.975348
3520	1	1	1	1	0:00:14.965662
3540	6	6	3	1	0:00:14.977702
3560	1	9	7	0	0:00:14.976751
3580	4	2	2	0	0:00:14.962082
3600	4	2	2	0	0:00:14.969808
3620	0	6	6	0	0:00:14.992329
3640	6	2	2	0	0:00:14.984403
3660	0	0	8	1	0:00:14.965549
3680	0	4	6	0	0:00:14.972494
3700	3	3	3	1	0:00:14.987325
3720	2	2	2	1	0:00:14.989274
3740	0	0	0	1	0:00:14.980879
3760	7	7	4	1	0:00:14.980512
3780	4	4	2	1	0:00:14.972652
3800	9	9	3	1	0:00:14.962254
3820	0	2	2	0	0:00:14.952532
3840	6	3	3	0	0:00:14.995923
3860	7	7	7	1	0:00:14.994057
3880	6	4	4	0	0:00:15.006484
3900	3	6	6	0	0:00:15.043937
3920	7	5	5	0	0:00:15.027931
3940	6	5	4	0	0:00:15.035046
3960	2	2	2	1	0:00:14.973387
3980	9	7	4	0	0:00:15.002406
4000	8	-1	0	0	0:00:15.053392
4020	8	8	8	1	0:00:15.039486
4040	0	0	0	1	0:00:14.974579
4060	6	6	3	1	0:00:14.962677
4080	1	1	8	1	0:00:14.968721
4100	7	7	7	1	0:00:14.974914
4120	4	4	8	1	0:00:14.985570
4140	5	5	3	1	0:00:14.962050
4160	5	2	2	0	0:00:14.969361
4180	0	8	8	0	0:00:14.988487
4200	4	2	2	0	0:00:14.975612
4220	4	0	0	0	0:00:14.985174
4240	7	0	8	0	0:00:14.990864
4260	8	8	8	1	0:00:15.001324
4280	8	1	1	0	0:00:14.986145
4300	8	8	8	1	0:00:14.972069
4320	1	8	8	0	0:00:14.974084
4340	0	0	0	1	0:00:14.985069
4360	6	9	9	0	0:00:14.959925
4380	9	9	8	1	0:00:15.028594
4400	3	4	4	0	0:00:14.973866
4420	5	5	7	1	0:00:14.975390
4440	2	2	2	1	0:00:15.003695
4460	9	9	8	1	0:00:14.963461
4480	9	9	3	1	0:00:14.997911
4500	3	5	5	0	0:00:14.993350
4520	3	6	6	0	0:00:14.979486
4540	9	9	9	1	0:00:14.962564
4560	1	1	8	1	0:00:14.964276
4580	6	-1	4	0	0:00:14.974509
4600	4	7	7	0	0:00:14.980541
4620	7	3	3	0	0:00:14.986354
4640	2	2	2	1	0:00:15.021618
4660	7	4	4	0	0:00:14.991149
4680	9	1	1	0	0:00:14.968125
4700	6	5	5	0	0:00:14.952700
4720	8	0	0	0	0:00:15.004338
4740	5	3	3	0	0:00:14.951611
4760	3	2	2	0	0:00:14.944607
4780	0	0	8	1	0:00:14.973863
4800	9	9	9	1	0:00:14.948893
4820	3	3	3	1	0:00:14.969117
4840	0	0	0	1	0:00:14.943167
4860	5	5	5	1	0:00:14.952814
4880	0	8	2	0	0:00:14.938787
4900	3	6	6	0	0:00:14.942116
4920	7	7	7	1	0:00:14.956054
4940	6	6	2	1	0:00:14.975104
4960	4	3	3	0	0:00:15.006562
4980	1	9	0	0	0:00:15.010939
5000	7	7	7	1	0:00:14.964318
5020	8	8	8	1	0:00:14.982970
5040	3	1	2	0	0:00:14.981082
5060	6	6	2	1	0:00:14.956337
5080	7	7	7	1	0:00:14.948203
5100	3	3	3	1	0:00:14.961452
5120	9	9	8	1	0:00:14.943365
5140	8	8	8	1	0:00:14.941479
5160	0	0	8	1	0:00:14.981634
5180	9	7	4	0	0:00:14.935111
5200	3	3	3	1	0:00:14.947241
5220	0	0	8	1	0:00:14.966400
5240	1	9	8	0	0:00:14.995180
5260	0	0	0	1	0:00:14.959033
5280	0	8	8	0	0:00:14.952519
5300	9	9	5	1	0:00:14.983173
5320	7	7	7	1	0:00:14.962946
5340	3	4	4	0	0:00:14.952019
5360	9	9	3	1	0:00:14.947021
5380	1	9	9	0	0:00:14.964340
5400	9	9	9	1	0:00:14.947732
5420	6	6	6	1	0:00:14.991311
5440	9	9	9	1	0:00:14.974855
5460	0	0	0	1	0:00:14.978714
5480	1	1	4	1	0:00:14.955572
5500	8	8	8	1	0:00:14.963782
5520	4	3	3	0	0:00:14.935807
5540	5	6	2	0	0:00:15.058238
5560	3	5	5	0	0:00:15.061356
5580	5	3	3	0	0:00:14.952224
5600	6	5	4	0	0:00:14.951855
5620	3	6	6	0	0:00:14.975310
5640	2	2	2	1	0:00:14.958349
5660	9	9	8	1	0:00:14.962501
5680	2	3	3	0	0:00:15.008164
5700	3	5	5	0	0:00:14.970951
5720	9	9	9	1	0:00:14.978954
5740	6	6	5	1	0:00:14.960596
5760	2	2	0	1	0:00:14.932258
5780	7	7	7	1	0:00:14.963837
5800	2	4	4	0	0:00:14.964133
5820	5	5	2	1	0:00:14.996574
5840	2	2	5	1	0:00:15.004267
5860	0	0	8	1	0:00:14.968178
5880	0	0	0	1	0:00:14.947051
5900	4	0	0	0	0:00:14.977707
5920	8	8	8	1	0:00:14.964295
5940	7	4	4	0	0:00:15.041314
5960	2	6	6	0	0:00:14.959933
5980	9	9	2	1	0:00:14.930744
6000	8	8	8	1	0:00:14.942094
6020	6	6	6	1	0:00:14.946579
6040	2	5	7	0	0:00:14.929165
6060	3	4	2	0	0:00:14.926033
6080	1	1	9	1	0:00:14.917346
6100	1	1	8	1	0:00:14.961974
6120	5	5	5	1	0:00:14.915142
6140	9	9	9	1	0:00:14.950870
6160	2	5	5	0	0:00:14.951425
6180	0	0	2	1	0:00:14.946975
6200	3	3	3	1	0:00:14.940194
6220	2	5	5	0	0:00:14.939288
6240	2	1	2	0	0:00:14.943377
6260	2	6	6	0	0:00:14.960932
6280	8	5	5	0	0:00:14.960370
6300	1	1	2	1	0:00:14.913778
6320	0	0	8	1	0:00:14.929207
6340	3	3	3	1	0:00:14.951626
6360	2	2	2	1	0:00:14.923186
6380	3	3	3	1	0:00:14.913361
6400	0	8	8	0	0:00:14.914306
6420	7	7	7	1	0:00:14.924144
6440	3	9	4	0	0:00:14.928862
6460	3	3	3	1	0:00:14.913287
6480	0	0	0	1	0:00:14.918169
6500	7	6	8	0	0:00:14.939404
6520	6	2	2	0	0:00:14.948738
6540	8	8	8	1	0:00:14.926569
6560	6	6	2	1	0:00:14.951083
6580	1	1	4	1	0:00:15.002569
6600	7	7	7	1	0:00:14.975616
6620	7	7	7	1	0:00:14.942904
6640	5	3	3	0	0:00:14.934923
6660	0	0	0	1	0:00:14.968825
6680	3	5	3	0	0:00:14.953272
6700	6	0	0	0	0:00:14.955593
6720	2	2	2	1	0:00:14.953320
6740	2	2	6	1	0:00:14.929219
6760	5	5	5	1	0:00:14.926989
6780	7	7	7	1	0:00:14.926523
6800	6	4	2	0	0:00:14.923588
6820	1	1	1	1	0:00:14.971191
6840	9	9	1	1	0:00:14.967419
6860	0	2	2	0	0:00:14.955917
6880	2	2	2	1	0:00:14.923954
6900	3	5	7	0	0:00:14.930668
6920	5	-1	2	0	0:00:14.944379
6940	1	1	1	1	0:00:14.938478
6960	9	8	8	0	0:00:14.941402
6980	0	-1	8	0	0:00:14.913335
7000	2	0	8	0	0:00:14.944787
7020	7	7	7	1	0:00:14.928219
7040	7	8	8	0	0:00:14.951545
7060	8	8	8	1	0:00:14.935664
7080	5	4	4	0	0:00:14.945335
7100	9	5	3	0	0:00:14.936222
7120	7	5	5	0	0:00:14.947858
7140	4	3	3	0	0:00:14.941684
7160	5	5	5	1	0:00:14.962603
7180	6	6	3	1	0:00:14.946927
7200	4	4	2	1	0:00:14.955311
7220	9	9	8	1	0:00:14.932135
7240	0	8	8	0	0:00:14.935485
7260	1	1	8	1	0:00:14.918298
7280	1	9	5	0	0:00:14.927787
7300	3	4	4	0	0:00:14.963734
7320	8	-1	0	0	0:00:14.945466
7340	2	4	4	0	0:00:14.957386
7360	2	-1	4	0	0:00:14.932187
7380	7	7	7	1	0:00:14.924486
7400	3	3	3	1	0:00:14.931723
7420	3	4	2	0	0:00:14.940533
7440	3	3	2	1	0:00:15.002932
7460	5	5	5	1	0:00:14.980430
7480	1	8	8	0	0:00:14.949242
7500	6	6	6	1	0:00:14.930496
7520	4	4	2	1	0:00:14.942850
7540	5	5	5	1	0:00:14.977451
7560	0	0	0	1	0:00:14.947963
7580	8	8	8	1	0:00:14.926467
7600	8	9	2	0	0:00:14.933006
7620	5	3	3	0	0:00:14.918047
7640	9	8	8	0	0:00:14.915777
7660	7	4	4	0	0:00:14.919272
7680	3	9	5	0	0:00:14.923174
7700	6	6	4	1	0:00:14.929839
7720	5	2	2	0	0:00:14.946366
7740	4	4	2	1	0:00:14.926283
7760	2	9	6	0	0:00:14.947402
7780	3	8	8	0	0:00:14.923448
7800	0	0	8	1	0:00:14.921196
7820	5	5	8	1	0:00:14.939960
7840	1	1	1	1	0:00:14.942742
7860	8	8	2	1	0:00:14.939313
7880	0	4	2	0	0:00:14.929538
7900	0	8	8	0	0:00:14.921676
7920	9	9	2	1	0:00:14.934407
7940	2	6	4	0	0:00:15.008793
7960	0	0	8	1	0:00:14.966221
7980	3	3	3	1	0:00:14.923348
8000	9	9	8	1	0:00:14.934143
8020	6	3	3	0	0:00:14.976582
8040	2	2	2	1	0:00:14.950169
8060	6	6	5	1	0:00:14.969305
8080	4	6	2	0	0:00:14.967997
8100	6	2	4	0	0:00:14.948680
8120	8	9	9	0	0:00:14.921243
8140	5	4	4	0	0:00:14.915776
8160	6	6	6	1	0:00:14.927412
8180	4	4	2	1	0:00:14.922337
8200	3	4	4	0	0:00:14.933993
8220	6	7	3	0	0:00:14.986741
8240	7	7	7	1	0:00:14.965697
8260	1	1	1	1	0:00:14.948155
8280	4	5	5	0	0:00:14.946339
8300	5	2	2	0	0:00:14.945715
8320	7	4	4	0	0:00:14.928686
8340	5	3	3	0	0:00:14.930198
8360	7	7	7	1	0:00:14.931960
8380	9	9	9	1	0:00:14.918410
8400	0	8	8	0	0:00:14.949946
8420	3	6	4	0	0:00:14.932528
8440	5	3	3	0	0:00:14.946657
8460	8	8	8	1	0:00:14.964448
8480	2	2	4	1	0:00:14.996814
8500	4	4	2	1	0:00:14.930877
8520	8	8	8	1	0:00:14.947597
8540	4	2	2	0	0:00:14.988693
8560	7	7	7	1	0:00:14.958441
8580	3	2	2	0	0:00:14.928175
8600	3	3	4	1	0:00:14.928579
8620	3	4	4	0	0:00:14.934963
8640	1	1	8	1	0:00:14.919780
8660	7	7	7	1	0:00:14.940915
8680	3	8	8	0	0:00:14.985788
8700	3	3	3	1	0:00:14.919359
8720	2	0	0	0	0:00:14.975962
8740	2	2	5	1	0:00:14.921504
8760	8	8	8	1	0:00:14.933965
8780	4	4	2	1	0:00:14.944729
8800	0	0	0	1	0:00:14.950289
8820	2	2	2	1	0:00:14.935279
8840	2	7	7	0	0:00:14.923016
8860	2	2	2	1	0:00:14.915013
8880	1	1	4	1	0:00:14.922419
8900	2	4	4	0	0:00:14.912684
8920	6	6	2	1	0:00:14.917737
8940	6	3	3	0	0:00:14.933049
8960	0	0	0	1	0:00:14.943963
8980	9	9	9	1	0:00:14.927173
9000	8	8	8	1	0:00:14.924421
9020	7	7	7	1	0:00:14.930779
9040	2	5	5	0	0:00:14.932882
9060	9	9	3	1	0:00:14.920932
9080	3	2	2	0	0:00:14.933896
9100	9	1	3	0	0:00:14.958215
9120	3	0	5	0	0:00:14.951893
9140	7	6	5	0	0:00:14.932994
9160	5	3	3	0	0:00:14.936699
9180	5	5	5	1	0:00:14.936584
9200	8	8	8	1	0:00:14.918327
9220	8	8	8	1	0:00:14.945493
9240	8	8	8	1	0:00:14.931867
9260	5	5	5	1	0:00:14.922354
9280	9	8	8	0	0:00:14.922539
9300	5	2	2	0	0:00:15.024692
9320	9	9	9	1	0:00:14.981050
9340	1	1	1	1	0:00:14.910392
9360	5	0	5	0	0:00:14.915449
9380	5	3	3	0	0:00:14.918108
9400	6	6	2	1	0:00:14.922323
9420	5	5	5	1	0:00:14.919002
9440	8	8	8	1	0:00:14.928102
9460	3	7	7	0	0:00:14.944824
9480	2	4	4	0	0:00:14.921591
9500	9	9	5	1	0:00:14.941779
9520	1	1	1	1	0:00:14.977381
9540	5	3	3	0	0:00:14.959909
9560	9	7	5	0	0:00:14.946816
9580	1	1	4	1	0:00:14.923542
9600	8	8	8	1	0:00:14.922191
9620	4	4	4	1	0:00:14.931358
9640	5	2	2	0	0:00:14.955502
9660	6	6	6	1	0:00:14.915727
9680	8	8	8	1	0:00:14.926082
9700	0	0	0	1	0:00:14.941580
9720	8	1	4	0	0:00:14.957715
9740	3	6	2	0	0:00:14.955152
9760	9	3	3	0	0:00:14.956158
9780	4	2	2	0	0:00:14.928937
9800	1	1	1	1	0:00:14.935334
9820	0	8	8	0	0:00:14.952236
9840	4	5	3	0	0:00:14.963073
9860	0	5	8	0	0:00:14.959217
9880	7	8	3	0	0:00:14.925150
9900	8	8	8	1	0:00:14.911375
9920	6	6	4	1	0:00:14.911306
9940	4	5	3	0	0:00:14.949874
9960	2	0	0	0	0:00:14.955315
9980	0	0	0	1	0:00:14.954526
