idx	label	predict	basePredict	correct	time
0	3	3	3	1	0:00:01.448323
20	7	7	7	1	0:00:01.280416
40	4	4	4	1	0:00:01.318664
60	7	7	7	1	0:00:01.302217
80	8	8	8	1	0:00:01.327799
100	4	4	5	1	0:00:01.311770
120	8	8	8	1	0:00:01.293885
140	6	6	6	1	0:00:01.328435
160	2	2	2	1	0:00:01.274817
180	0	0	0	1	0:00:01.295826
200	5	5	5	1	0:00:01.292211
220	7	7	7	1	0:00:01.283664
240	1	1	1	1	0:00:01.285076
260	8	8	8	1	0:00:01.297302
280	9	9	9	1	0:00:01.283479
300	6	6	6	1	0:00:01.306465
320	3	3	3	1	0:00:01.322955
340	2	2	2	1	0:00:01.290279
360	9	9	9	1	0:00:01.320005
380	6	6	6	1	0:00:01.310933
400	9	9	9	1	0:00:01.297113
420	4	4	3	1	0:00:01.282453
440	1	1	1	1	0:00:01.288081
460	5	5	5	1	0:00:01.249659
480	8	8	8	1	0:00:01.266324
500	4	6	4	0	0:00:01.239511
520	5	5	5	1	0:00:01.247053
540	1	1	1	1	0:00:01.265982
560	0	0	0	1	0:00:01.260916
580	4	4	4	1	0:00:01.294783
600	8	8	8	1	0:00:01.317521
620	7	7	7	1	0:00:01.309083
640	5	3	3	0	0:00:01.281251
660	9	9	9	1	0:00:01.291159
680	9	9	1	1	0:00:01.300733
700	7	7	7	1	0:00:01.410611
720	4	4	4	1	0:00:01.306240
740	2	2	5	1	0:00:01.324397
760	3	3	3	1	0:00:01.315538
780	9	9	9	1	0:00:01.331185
800	7	7	7	1	0:00:01.314047
820	6	-1	5	0	0:00:01.315218
840	7	7	7	1	0:00:01.338338
860	4	4	2	1	0:00:01.331417
880	8	8	8	1	0:00:01.322308
900	2	6	3	0	0:00:01.278623
920	6	4	4	0	0:00:01.260911
940	9	9	9	1	0:00:01.309848
960	9	9	3	1	0:00:01.288988
980	2	2	2	1	0:00:01.292253
1000	5	5	5	1	0:00:01.196334
1020	1	1	1	1	0:00:01.210411
1040	7	7	2	1	0:00:01.197304
1060	9	9	9	1	0:00:01.210262
1080	6	2	2	0	0:00:01.225471
1100	7	5	5	0	0:00:01.230004
1120	5	5	2	1	0:00:01.209070
1140	6	6	3	1	0:00:01.215890
1160	8	8	8	1	0:00:01.169992
1180	3	3	3	1	0:00:01.162275
1200	8	8	8	1	0:00:01.168938
1220	9	3	3	0	0:00:01.199965
1240	2	2	2	1	0:00:01.194101
1260	1	9	9	0	0:00:01.194402
1280	3	3	3	1	0:00:01.216451
1300	4	3	3	0	0:00:01.206306
1320	7	7	7	1	0:00:01.210515
1340	1	1	1	1	0:00:01.159494
1360	7	7	7	1	0:00:01.148487
1380	4	4	4	1	0:00:01.162990
1400	5	5	5	1	0:00:01.166463
1420	4	2	2	0	0:00:01.183825
1440	0	0	0	1	0:00:01.184592
1460	6	6	6	1	0:00:01.219288
1480	1	1	1	1	0:00:01.184735
1500	1	1	1	1	0:00:01.200018
1520	7	7	7	1	0:00:01.208542
1540	8	8	8	1	0:00:01.212664
1560	7	7	7	1	0:00:01.208017
1580	6	6	6	1	0:00:01.151745
1600	8	8	8	1	0:00:01.165400
1620	5	3	3	0	0:00:01.181214
1640	7	7	7	1	0:00:01.180504
1660	3	3	3	1	0:00:01.187366
1680	6	6	3	1	0:00:01.185713
1700	5	5	5	1	0:00:01.189254
1720	4	4	4	1	0:00:01.197269
1740	1	1	1	1	0:00:01.207965
1760	0	0	0	1	0:00:01.200489
1780	7	7	7	1	0:00:01.180986
1800	4	4	4	1	0:00:01.206239
1820	8	8	8	1	0:00:01.179218
1840	8	8	8	1	0:00:01.179184
1860	8	8	8	1	0:00:01.198818
1880	1	1	1	1	0:00:01.188069
1900	8	8	8	1	0:00:01.190928
1920	2	2	2	1	0:00:01.187495
1940	5	5	2	1	0:00:01.173777
1960	2	2	2	1	0:00:01.189435
1980	9	9	9	1	0:00:01.196540
2000	1	1	1	1	0:00:01.202587
2020	9	9	9	1	0:00:01.207453
2040	0	0	0	1	0:00:01.216138
2060	5	3	3	0	0:00:01.219747
2080	1	1	1	1	0:00:01.230625
2100	2	2	2	1	0:00:01.215387
2120	4	8	8	0	0:00:01.219102
2140	9	9	9	1	0:00:01.222252
2160	0	0	0	1	0:00:01.213058
2180	4	4	4	1	0:00:01.198022
2200	0	0	0	1	0:00:01.175114
2220	1	1	1	1	0:00:01.195159
2240	9	9	9	1	0:00:01.185187
2260	4	4	4	1	0:00:01.245005
2280	4	4	2	1	0:00:01.220542
2300	3	1	1	0	0:00:01.230485
2320	5	3	3	0	0:00:01.234846
2340	7	7	7	1	0:00:01.177557
2360	7	7	7	1	0:00:01.166995
2380	8	8	8	1	0:00:01.177568
2400	0	0	0	1	0:00:01.205780
2420	8	7	7	0	0:00:01.210714
2440	7	7	7	1	0:00:01.184618
2460	9	9	9	1	0:00:01.197323
2480	8	8	8	1	0:00:01.195359
2500	4	6	5	0	0:00:01.217984
2520	1	0	0	0	0:00:01.188193
2540	2	2	2	1	0:00:01.194465
2560	7	7	7	1	0:00:01.196473
2580	6	6	6	1	0:00:01.229251
2600	8	8	8	1	0:00:01.203372
2620	1	1	1	1	0:00:01.211515
2640	7	7	7	1	0:00:01.214716
2660	3	3	3	1	0:00:01.201411
2680	0	0	0	1	0:00:01.190828
2700	9	1	1	0	0:00:01.185163
2720	3	3	3	1	0:00:01.136278
2740	1	1	1	1	0:00:01.146327
2760	2	2	2	1	0:00:01.187513
2780	7	7	7	1	0:00:01.189564
2800	4	4	4	1	0:00:01.215218
2820	6	6	6	1	0:00:01.212042
2840	3	3	3	1	0:00:01.211915
2860	5	5	5	1	0:00:01.212778
2880	4	4	4	1	0:00:01.172361
2900	3	3	3	1	0:00:01.179216
2920	2	2	2	1	0:00:01.181000
2940	3	0	0	0	0:00:01.180661
2960	9	0	0	0	0:00:01.166449
2980	8	8	8	1	0:00:01.189262
3000	5	5	5	1	0:00:01.196500
3020	1	1	1	1	0:00:01.213505
3040	7	7	7	1	0:00:01.202092
3060	7	7	7	1	0:00:01.197671
3080	1	1	1	1	0:00:01.185730
3100	0	0	0	1	0:00:01.184548
3120	4	4	3	1	0:00:01.197757
3140	8	8	8	1	0:00:01.205806
3160	6	2	2	0	0:00:01.209271
3180	3	3	3	1	0:00:01.205788
3200	5	5	5	1	0:00:01.231047
3220	3	3	3	1	0:00:01.214652
3240	4	4	1	1	0:00:01.220733
3260	7	7	7	1	0:00:01.226884
3280	3	3	3	1	0:00:01.216568
3300	4	4	4	1	0:00:01.214503
3320	2	2	3	1	0:00:01.221919
3340	6	6	6	1	0:00:01.219343
3360	4	4	4	1	0:00:01.210118
3380	8	8	8	1	0:00:01.188115
3400	6	1	0	0	0:00:01.201301
3420	5	3	3	0	0:00:01.191966
3440	2	3	3	0	0:00:01.186810
3460	1	1	1	1	0:00:01.209488
3480	2	2	2	1	0:00:01.196640
3500	1	1	1	1	0:00:01.217366
3520	1	1	1	1	0:00:01.212515
3540	6	6	3	1	0:00:01.232095
3560	1	9	9	0	0:00:01.217125
3580	4	4	4	1	0:00:01.224896
3600	4	3	3	0	0:00:01.202512
3620	0	0	0	1	0:00:01.194682
3640	6	6	6	1	0:00:01.200300
3660	0	0	0	1	0:00:01.182309
3680	0	0	0	1	0:00:01.149516
3700	3	3	3	1	0:00:01.178642
3720	2	2	2	1	0:00:01.191353
3740	0	0	0	1	0:00:01.206591
3760	7	7	7	1	0:00:01.204121
3780	4	3	3	0	0:00:01.213439
3800	9	9	9	1	0:00:01.177064
3820	0	3	3	0	0:00:01.233442
3840	6	5	5	0	0:00:01.181600
3860	7	7	7	1	0:00:01.206856
3880	6	6	6	1	0:00:01.217642
3900	3	3	3	1	0:00:01.212583
3920	7	7	7	1	0:00:01.207578
3940	6	6	6	1	0:00:01.218710
3960	2	2	2	1	0:00:01.211642
3980	9	2	9	0	0:00:01.197826
4000	8	7	7	0	0:00:01.207406
4020	8	8	8	1	0:00:01.190111
4040	0	0	0	1	0:00:01.208944
4060	6	6	6	1	0:00:01.211144
4080	1	1	1	1	0:00:01.205583
4100	7	7	7	1	0:00:01.206609
4120	4	4	4	1	0:00:01.201563
4140	5	5	5	1	0:00:01.191872
4160	5	5	5	1	0:00:01.204331
4180	0	0	8	1	0:00:01.214039
4200	4	4	4	1	0:00:01.206255
4220	4	0	0	0	0:00:01.223716
4240	7	7	7	1	0:00:01.194823
4260	8	8	8	1	0:00:01.200510
4280	8	8	8	1	0:00:01.165405
4300	8	8	8	1	0:00:01.154207
4320	1	1	1	1	0:00:01.162426
4340	0	0	0	1	0:00:01.220013
4360	6	6	6	1	0:00:01.210174
4380	9	9	9	1	0:00:01.198857
4400	3	3	3	1	0:00:01.220819
4420	5	5	5	1	0:00:01.204147
4440	2	2	2	1	0:00:01.181731
4460	9	9	9	1	0:00:01.192370
4480	9	9	9	1	0:00:01.203779
4500	3	3	3	1	0:00:01.207896
4520	3	3	3	1	0:00:01.207901
4540	9	9	9	1	0:00:01.197865
4560	1	1	1	1	0:00:01.211562
4580	6	6	6	1	0:00:01.195724
4600	4	4	4	1	0:00:01.215621
4620	7	7	7	1	0:00:01.176947
4640	2	2	2	1	0:00:01.205196
4660	7	7	7	1	0:00:01.199927
4680	9	9	9	1	0:00:01.195295
4700	6	-1	5	0	0:00:01.204742
4720	8	8	8	1	0:00:01.188306
4740	5	3	3	0	0:00:01.200943
4760	3	2	3	0	0:00:01.190366
4780	0	0	0	1	0:00:01.199333
4800	9	9	9	1	0:00:01.182651
4820	3	3	3	1	0:00:01.218468
4840	0	0	0	1	0:00:01.190909
4860	5	5	5	1	0:00:01.211490
4880	0	0	0	1	0:00:01.207482
4900	3	3	3	1	0:00:01.194390
4920	7	7	7	1	0:00:01.198061
4940	6	6	6	1	0:00:01.225182
4960	4	4	4	1	0:00:01.197079
4980	1	1	1	1	0:00:01.207933
5000	7	7	7	1	0:00:01.209807
5020	8	8	8	1	0:00:01.197821
5040	3	3	3	1	0:00:01.206275
5060	6	6	3	1	0:00:01.204928
5080	7	7	7	1	0:00:01.181346
5100	3	3	3	1	0:00:01.204500
5120	9	9	9	1	0:00:01.191971
5140	8	8	8	1	0:00:01.176650
5160	0	0	0	1	0:00:01.214448
5180	9	7	5	0	0:00:01.180910
5200	3	3	2	1	0:00:01.208850
5220	0	0	0	1	0:00:01.202293
5240	1	1	1	1	0:00:01.192516
5260	0	0	0	1	0:00:01.221767
5280	0	4	4	0	0:00:01.198524
5300	9	9	9	1	0:00:01.196905
5320	7	7	7	1	0:00:01.206164
5340	3	3	3	1	0:00:01.204561
5360	9	9	9	1	0:00:01.221796
5380	1	-1	1	0	0:00:01.218390
5400	9	9	9	1	0:00:01.214023
5420	6	6	6	1	0:00:01.203008
5440	9	9	9	1	0:00:01.200972
5460	0	0	0	1	0:00:01.205819
5480	1	1	1	1	0:00:01.211469
5500	8	8	8	1	0:00:01.200996
5520	4	4	3	1	0:00:01.197283
5540	5	5	5	1	0:00:01.212048
5560	3	3	3	1	0:00:01.196481
5580	5	3	3	0	0:00:01.200865
5600	6	-1	5	0	0:00:01.210499
5620	3	3	3	1	0:00:01.206155
5640	2	-1	2	0	0:00:01.159631
5660	9	9	9	1	0:00:01.196376
5680	2	2	2	1	0:00:01.214449
5700	3	3	3	1	0:00:01.202849
5720	9	9	9	1	0:00:01.204165
5740	6	6	6	1	0:00:01.202244
5760	2	2	2	1	0:00:01.191034
5780	7	7	7	1	0:00:01.202764
5800	2	2	2	1	0:00:01.208036
5820	5	5	5	1	0:00:01.212317
5840	2	2	2	1	0:00:01.209530
5860	0	0	8	1	0:00:01.202304
5880	0	0	0	1	0:00:01.206934
5900	4	0	0	0	0:00:01.210219
5920	8	8	8	1	0:00:01.208441
5940	7	7	7	1	0:00:01.206017
5960	2	6	5	0	0:00:01.219192
5980	9	9	9	1	0:00:01.220165
6000	8	8	8	1	0:00:01.210859
6020	6	6	6	1	0:00:01.212278
6040	2	7	7	0	0:00:01.189692
6060	3	-1	2	0	0:00:01.203459
6080	1	1	1	1	0:00:01.208307
6100	1	1	1	1	0:00:01.192475
6120	5	5	5	1	0:00:01.211534
6140	9	9	9	1	0:00:01.198287
6160	2	2	2	1	0:00:01.195553
6180	0	0	0	1	0:00:01.191460
6200	3	3	3	1	0:00:01.205971
6220	2	2	2	1	0:00:01.199626
6240	2	2	2	1	0:00:01.190906
6260	2	8	2	0	0:00:01.207659
6280	8	8	8	1	0:00:01.201763
6300	1	1	1	1	0:00:01.235028
6320	0	0	0	1	0:00:01.201102
6340	3	3	3	1	0:00:01.189354
6360	2	2	2	1	0:00:01.201095
6380	3	3	3	1	0:00:01.208659
6400	0	0	0	1	0:00:01.203699
6420	7	7	7	1	0:00:01.208817
6440	3	2	2	0	0:00:01.204039
6460	3	3	3	1	0:00:01.199948
6480	0	0	0	1	0:00:01.168108
6500	7	7	3	1	0:00:01.196523
6520	6	6	6	1	0:00:01.194554
6540	8	8	8	1	0:00:01.201073
6560	6	6	5	1	0:00:01.199426
6580	1	1	1	1	0:00:01.212665
6600	7	7	7	1	0:00:01.179113
6620	7	7	7	1	0:00:01.194383
6640	5	3	3	0	0:00:01.202253
6660	0	0	0	1	0:00:01.207520
6680	3	3	3	1	0:00:01.209136
6700	6	6	6	1	0:00:01.205581
6720	2	2	2	1	0:00:01.206713
6740	2	2	2	1	0:00:01.186926
6760	5	5	5	1	0:00:01.207403
6780	7	7	7	1	0:00:01.203716
6800	6	-1	3	0	0:00:01.204192
6820	1	1	1	1	0:00:01.219999
6840	9	9	9	1	0:00:01.191161
6860	0	0	0	1	0:00:01.214159
6880	2	2	2	1	0:00:01.214936
6900	3	3	3	1	0:00:01.210943
6920	5	-1	2	0	0:00:01.201924
6940	1	1	1	1	0:00:01.201408
6960	9	9	9	1	0:00:01.199714
6980	0	8	8	0	0:00:01.206982
7000	2	8	8	0	0:00:01.180376
7020	7	7	7	1	0:00:01.179740
7040	7	0	0	0	0:00:01.186981
7060	8	8	8	1	0:00:01.189601
7080	5	3	3	0	0:00:01.185608
7100	9	3	3	0	0:00:01.205440
7120	7	7	7	1	0:00:01.196054
7140	4	4	2	1	0:00:01.179842
7160	5	5	5	1	0:00:01.207862
7180	6	6	3	1	0:00:01.191179
7200	4	4	4	1	0:00:01.195601
7220	9	9	9	1	0:00:01.192068
7240	0	0	0	1	0:00:01.192072
7260	1	1	1	1	0:00:01.175619
7280	1	9	9	0	0:00:01.189873
7300	3	5	5	0	0:00:01.191048
7320	8	8	8	1	0:00:01.185581
7340	2	2	2	1	0:00:01.212961
7360	2	2	2	1	0:00:01.201525
7380	7	7	7	1	0:00:01.194686
7400	3	3	3	1	0:00:01.200268
7420	3	3	3	1	0:00:01.211158
7440	3	3	3	1	0:00:01.206213
7460	5	5	5	1	0:00:01.194423
7480	1	1	1	1	0:00:01.198200
7500	6	6	6	1	0:00:01.206748
7520	4	4	4	1	0:00:01.172327
7540	5	5	5	1	0:00:01.180057
7560	0	0	0	1	0:00:01.183389
7580	8	8	8	1	0:00:01.189110
7600	8	2	2	0	0:00:01.194731
7620	5	5	5	1	0:00:01.205657
7640	9	8	8	0	0:00:01.208472
7660	7	7	7	1	0:00:01.202432
7680	3	5	5	0	0:00:01.213156
7700	6	6	6	1	0:00:01.170674
7720	5	5	2	1	0:00:01.185560
7740	4	4	4	1	0:00:01.171770
7760	2	2	2	1	0:00:01.144387
7780	3	-1	8	0	0:00:01.162241
7800	0	0	0	1	0:00:01.185459
7820	5	3	3	0	0:00:01.213606
7840	1	1	1	1	0:00:01.195757
7860	8	8	8	1	0:00:01.216047
7880	0	0	0	1	0:00:01.209409
7900	0	0	0	1	0:00:01.222366
7920	9	9	9	1	0:00:01.185093
7940	2	2	2	1	0:00:01.200975
7960	0	0	0	1	0:00:01.199523
7980	3	3	3	1	0:00:01.204164
8000	9	9	9	1	0:00:01.187263
8020	6	3	3	0	0:00:01.199566
8040	2	2	2	1	0:00:01.203879
8060	6	6	6	1	0:00:01.217885
8080	4	4	4	1	0:00:01.195898
8100	6	-1	2	0	0:00:01.198001
8120	8	8	8	1	0:00:01.216269
8140	5	3	3	0	0:00:01.215244
8160	6	6	6	1	0:00:01.193746
8180	4	2	2	0	0:00:01.194628
8200	3	4	3	0	0:00:01.204514
8220	6	6	6	1	0:00:01.203158
8240	7	7	7	1	0:00:01.199369
8260	1	1	1	1	0:00:01.216157
8280	4	4	4	1	0:00:01.225209
8300	5	5	5	1	0:00:01.198467
8320	7	7	7	1	0:00:01.226471
8340	5	5	3	1	0:00:01.205835
8360	7	7	7	1	0:00:01.215321
8380	9	9	9	1	0:00:01.221553
8400	0	0	0	1	0:00:01.202286
8420	3	6	2	0	0:00:01.195549
8440	5	2	2	0	0:00:01.188316
8460	8	8	8	1	0:00:01.209511
8480	2	2	2	1	0:00:01.196660
8500	4	4	4	1	0:00:01.192876
8520	8	8	8	1	0:00:01.188103
8540	4	2	2	0	0:00:01.186800
8560	7	7	7	1	0:00:01.208396
8580	3	5	5	0	0:00:01.193968
8600	3	3	3	1	0:00:01.188721
8620	3	5	5	0	0:00:01.191935
8640	1	1	1	1	0:00:01.189416
8660	7	7	7	1	0:00:01.177388
8680	3	3	3	1	0:00:01.178385
8700	3	5	5	0	0:00:01.187513
8720	2	0	0	0	0:00:01.205104
8740	2	2	2	1	0:00:01.182761
8760	8	8	8	1	0:00:01.195505
8780	4	7	7	0	0:00:01.191617
8800	0	0	0	1	0:00:01.210644
8820	2	2	2	1	0:00:01.195389
8840	2	2	2	1	0:00:01.194410
8860	2	2	2	1	0:00:01.185957
8880	1	1	1	1	0:00:01.184717
8900	2	2	2	1	0:00:01.201995
8920	6	6	6	1	0:00:01.198127
8940	6	6	6	1	0:00:01.188951
8960	0	2	2	0	0:00:01.187548
8980	9	9	9	1	0:00:01.189740
9000	8	8	8	1	0:00:01.178584
9020	7	7	7	1	0:00:01.172696
9040	2	5	5	0	0:00:01.191125
9060	9	9	9	1	0:00:01.202937
9080	3	-1	2	0	0:00:01.207297
9100	9	9	1	1	0:00:01.215260
9120	3	2	3	0	0:00:01.210233
9140	7	7	7	1	0:00:01.203180
9160	5	3	3	0	0:00:01.209450
9180	5	5	5	1	0:00:01.187621
9200	8	8	8	1	0:00:01.208123
9220	8	8	8	1	0:00:01.205114
9240	8	8	8	1	0:00:01.221595
9260	5	3	3	0	0:00:01.208183
9280	9	9	9	1	0:00:01.203026
9300	5	3	3	0	0:00:01.208751
9320	9	9	9	1	0:00:01.221661
9340	1	1	1	1	0:00:01.217072
9360	5	0	0	0	0:00:01.228637
9380	5	3	3	0	0:00:01.228829
9400	6	6	6	1	0:00:01.224234
9420	5	5	5	1	0:00:01.206355
9440	8	8	8	1	0:00:01.203061
9460	3	3	3	1	0:00:01.192691
9480	2	6	2	0	0:00:01.216598
9500	9	9	9	1	0:00:01.234101
9520	1	1	1	1	0:00:01.208994
9540	5	5	5	1	0:00:01.207940
9560	9	7	7	0	0:00:01.199905
9580	1	1	1	1	0:00:01.242000
9600	8	8	8	1	0:00:01.220720
9620	4	4	4	1	0:00:01.220933
9640	5	5	5	1	0:00:01.217352
9660	6	6	6	1	0:00:01.200580
9680	8	8	8	1	0:00:01.205349
9700	0	0	0	1	0:00:01.222386
9720	8	8	8	1	0:00:01.225378
9740	3	6	3	0	0:00:01.216994
9760	9	9	9	1	0:00:01.216577
9780	4	4	2	1	0:00:01.213638
9800	1	1	1	1	0:00:01.246541
9820	0	0	8	1	0:00:01.219016
9840	4	7	7	0	0:00:01.215462
9860	0	0	0	1	0:00:01.228692
9880	7	7	7	1	0:00:01.237695
9900	8	8	8	1	0:00:01.212635
9920	6	6	6	1	0:00:01.227946
9940	4	4	4	1	0:00:01.221480
9960	2	0	0	0	0:00:01.233968
9980	0	0	0	1	0:00:01.221050
