idx	label	predict	basePredict	correct	time
0	3	3	3	1	0:00:03.824668
20	7	-1	5	0	0:00:02.670608
40	4	4	4	1	0:00:02.703247
60	7	7	7	1	0:00:02.661426
80	8	8	8	1	0:00:02.656289
100	4	5	5	0	0:00:02.678587
120	8	8	8	1	0:00:02.653321
140	6	6	2	1	0:00:02.657675
160	2	2	2	1	0:00:02.654653
180	0	0	0	1	0:00:02.693367
200	5	5	5	1	0:00:02.675644
220	7	7	5	1	0:00:02.657140
240	1	1	1	1	0:00:02.658389
260	8	8	8	1	0:00:02.658823
280	9	9	9	1	0:00:02.732127
300	6	6	6	1	0:00:02.668072
320	3	3	5	1	0:00:02.649017
340	2	4	4	0	0:00:02.656432
360	9	9	5	1	0:00:02.662925
380	6	6	2	1	0:00:02.673309
400	9	9	9	1	0:00:02.723066
420	4	4	4	1	0:00:02.655543
440	1	1	1	1	0:00:02.691507
460	5	5	5	1	0:00:02.660972
480	8	9	8	0	0:00:02.646606
500	4	-1	3	0	0:00:02.693952
520	5	5	5	1	0:00:02.666564
540	1	1	1	1	0:00:02.667768
560	0	0	0	1	0:00:02.689302
580	4	4	4	1	0:00:02.705964
600	8	8	8	1	0:00:02.675522
620	7	7	7	1	0:00:02.655908
640	5	3	3	0	0:00:02.696910
660	9	9	8	1	0:00:02.656209
680	9	9	9	1	0:00:02.669058
700	7	7	7	1	0:00:02.672337
720	4	4	4	1	0:00:02.650179
740	2	5	5	0	0:00:02.660131
760	3	3	3	1	0:00:02.724761
780	9	9	9	1	0:00:02.744518
800	7	7	7	1	0:00:02.660860
820	6	6	6	1	0:00:02.691792
840	7	7	7	1	0:00:02.669617
860	4	4	4	1	0:00:02.672519
880	8	8	8	1	0:00:02.685647
900	2	6	5	0	0:00:02.670846
920	6	6	4	1	0:00:02.683262
940	9	9	9	1	0:00:02.666053
960	9	9	3	1	0:00:02.708724
980	2	2	2	1	0:00:02.701062
1000	5	5	5	1	0:00:01.948713
1020	1	1	1	1	0:00:01.950017
1040	7	5	3	0	0:00:01.944240
1060	9	9	9	1	0:00:01.943993
1080	6	6	6	1	0:00:01.943682
1100	7	0	8	0	0:00:01.944024
1120	5	2	2	0	0:00:01.944700
1140	6	6	6	1	0:00:01.944590
1160	8	8	8	1	0:00:01.939376
1180	3	3	3	1	0:00:01.940436
1200	8	8	8	1	0:00:01.941138
1220	9	6	3	0	0:00:01.937747
1240	2	6	2	0	0:00:01.945137
1260	1	9	1	0	0:00:01.942498
1280	3	3	3	1	0:00:01.942323
1300	4	3	3	0	0:00:01.942649
1320	7	7	7	1	0:00:01.943357
1340	1	1	1	1	0:00:01.942357
1360	7	7	7	1	0:00:01.942473
1380	4	4	4	1	0:00:01.940140
1400	5	3	5	0	0:00:01.943436
1420	4	4	4	1	0:00:01.942016
1440	0	0	8	1	0:00:01.947796
1460	6	6	6	1	0:00:01.941934
1480	1	1	1	1	0:00:01.941971
1500	1	1	1	1	0:00:01.941943
1520	7	7	7	1	0:00:01.942624
1540	8	8	8	1	0:00:01.942278
1560	7	7	7	1	0:00:01.942906
1580	6	3	3	0	0:00:01.941458
1600	8	9	8	0	0:00:01.941030
1620	5	3	2	0	0:00:01.940650
1640	7	3	3	0	0:00:01.940829
1660	3	3	3	1	0:00:01.942457
1680	6	6	3	1	0:00:01.941871
1700	5	5	5	1	0:00:01.939320
1720	4	4	4	1	0:00:01.941592
1740	1	1	1	1	0:00:01.945918
1760	0	0	0	1	0:00:01.942893
1780	7	7	4	1	0:00:01.949910
1800	4	4	4	1	0:00:01.942626
1820	8	8	8	1	0:00:01.943562
1840	8	4	2	0	0:00:01.941556
1860	8	8	8	1	0:00:01.942892
1880	1	1	1	1	0:00:01.942166
1900	8	8	8	1	0:00:01.943162
1920	2	2	2	1	0:00:01.942809
1940	5	5	2	1	0:00:01.943243
1960	2	5	2	0	0:00:01.942582
1980	9	9	9	1	0:00:01.945024
2000	1	1	1	1	0:00:01.941639
2020	9	9	9	1	0:00:01.938991
2040	0	0	0	1	0:00:01.941102
2060	5	3	3	0	0:00:01.939907
2080	1	9	9	0	0:00:01.937797
2100	2	2	2	1	0:00:01.939193
2120	4	8	8	0	0:00:01.937338
2140	9	9	9	1	0:00:01.938162
2160	0	0	0	1	0:00:01.937230
2180	4	4	4	1	0:00:01.951051
2200	0	0	0	1	0:00:01.944814
2220	1	1	1	1	0:00:01.943465
2240	9	9	9	1	0:00:01.941386
2260	4	4	4	1	0:00:01.941016
2280	4	4	4	1	0:00:01.943153
2300	3	3	3	1	0:00:01.941852
2320	5	2	2	0	0:00:01.943913
2340	7	7	7	1	0:00:01.943150
2360	7	5	5	0	0:00:01.944099
2380	8	8	8	1	0:00:01.941710
2400	0	0	0	1	0:00:01.945081
2420	8	8	8	1	0:00:01.942573
2440	7	7	7	1	0:00:01.943159
2460	9	9	4	1	0:00:01.941606
2480	8	8	8	1	0:00:01.940296
2500	4	4	4	1	0:00:01.940007
2520	1	1	8	1	0:00:01.941857
2540	2	6	2	0	0:00:01.938808
2560	7	7	5	1	0:00:01.938506
2580	6	5	5	0	0:00:01.939724
2600	8	8	8	1	0:00:01.937093
2620	1	1	1	1	0:00:01.940608
2640	7	7	7	1	0:00:01.940567
2660	3	-1	2	0	0:00:01.939921
2680	0	0	0	1	0:00:01.939788
2700	9	1	1	0	0:00:01.940833
2720	3	3	3	1	0:00:01.948224
2740	1	1	2	1	0:00:01.942931
2760	2	2	2	1	0:00:01.946194
2780	7	7	7	1	0:00:01.941834
2800	4	4	4	1	0:00:01.940953
2820	6	6	6	1	0:00:01.953740
2840	3	3	3	1	0:00:01.944955
2860	5	4	4	0	0:00:01.946044
2880	4	4	4	1	0:00:01.942204
2900	3	7	2	0	0:00:01.941822
2920	2	3	2	0	0:00:01.938304
2940	3	0	0	0	0:00:01.938473
2960	9	0	0	0	0:00:01.946763
2980	8	8	8	1	0:00:01.937128
3000	5	5	5	1	0:00:01.937934
3020	1	1	1	1	0:00:01.942525
3040	7	7	7	1	0:00:01.939463
3060	7	7	7	1	0:00:01.947865
3080	1	1	9	1	0:00:01.941970
3100	0	0	0	1	0:00:01.941470
3120	4	4	3	1	0:00:01.945148
3140	8	8	8	1	0:00:01.946323
3160	6	2	2	0	0:00:01.941869
3180	3	3	3	1	0:00:01.941857
3200	5	5	5	1	0:00:01.950272
3220	3	9	3	0	0:00:01.944099
3240	4	0	0	0	0:00:01.940977
3260	7	7	7	1	0:00:01.945804
3280	3	5	5	0	0:00:01.941930
3300	4	4	4	1	0:00:01.955841
3320	2	7	7	0	0:00:01.942156
3340	6	6	0	1	0:00:01.939432
3360	4	4	4	1	0:00:01.940569
3380	8	8	8	1	0:00:01.938456
3400	6	4	4	0	0:00:01.938596
3420	5	5	3	1	0:00:01.942587
3440	2	3	3	0	0:00:01.941938
3460	1	1	1	1	0:00:01.948826
3480	2	2	2	1	0:00:01.943296
3500	1	1	1	1	0:00:01.942402
3520	1	1	1	1	0:00:01.942145
3540	6	6	3	1	0:00:01.948710
3560	1	-1	1	0	0:00:01.942211
3580	4	4	4	1	0:00:01.947352
3600	4	2	2	0	0:00:01.941546
3620	0	0	0	1	0:00:01.940887
3640	6	6	6	1	0:00:01.941160
3660	0	0	0	1	0:00:01.940828
3680	0	0	0	1	0:00:01.945770
3700	3	3	3	1	0:00:01.941554
3720	2	2	2	1	0:00:01.940543
3740	0	0	0	1	0:00:01.941988
3760	7	7	7	1	0:00:01.939548
3780	4	4	2	1	0:00:01.938327
3800	9	9	9	1	0:00:01.939099
3820	0	0	0	1	0:00:01.939492
3840	6	3	3	0	0:00:01.938103
3860	7	7	7	1	0:00:01.939766
3880	6	6	5	1	0:00:01.939908
3900	3	3	3	1	0:00:01.942385
3920	7	7	7	1	0:00:01.942429
3940	6	-1	2	0	0:00:01.940826
3960	2	2	2	1	0:00:01.942132
3980	9	9	9	1	0:00:01.942012
4000	8	4	8	0	0:00:01.942882
4020	8	8	8	1	0:00:01.943549
4040	0	0	0	1	0:00:01.943363
4060	6	6	6	1	0:00:01.946145
4080	1	1	1	1	0:00:01.942561
4100	7	7	7	1	0:00:01.943016
4120	4	4	4	1	0:00:01.944574
4140	5	5	5	1	0:00:01.943496
4160	5	-1	2	0	0:00:01.941243
4180	0	8	8	0	0:00:01.938073
4200	4	4	2	1	0:00:01.939791
4220	4	0	0	0	0:00:01.938411
4240	7	7	0	1	0:00:01.945668
4260	8	8	8	1	0:00:01.941319
4280	8	0	8	0	0:00:01.937638
4300	8	8	8	1	0:00:01.942360
4320	1	9	8	0	0:00:01.947873
4340	0	0	0	1	0:00:01.937591
4360	6	6	6	1	0:00:01.942271
4380	9	9	9	1	0:00:01.941355
4400	3	3	3	1	0:00:01.941951
4420	5	5	5	1	0:00:01.943681
4440	2	2	2	1	0:00:01.941817
4460	9	9	9	1	0:00:01.945259
4480	9	9	9	1	0:00:01.942726
4500	3	5	3	0	0:00:01.958827
4520	3	3	3	1	0:00:01.940018
4540	9	9	9	1	0:00:01.942657
4560	1	1	1	1	0:00:01.943210
4580	6	6	6	1	0:00:01.941370
4600	4	4	4	1	0:00:01.943567
4620	7	7	3	1	0:00:01.939198
4640	2	2	2	1	0:00:01.938309
4660	7	7	5	1	0:00:01.940000
4680	9	9	9	1	0:00:01.940593
4700	6	5	5	0	0:00:01.944323
4720	8	8	8	1	0:00:01.941442
4740	5	3	3	0	0:00:01.940146
4760	3	2	2	0	0:00:01.946706
4780	0	0	0	1	0:00:01.940353
4800	9	9	9	1	0:00:01.941482
4820	3	3	3	1	0:00:01.942741
4840	0	0	0	1	0:00:01.942748
4860	5	5	5	1	0:00:01.941986
4880	0	8	8	0	0:00:01.942209
4900	3	3	3	1	0:00:01.941291
4920	7	7	7	1	0:00:01.940353
4940	6	6	4	1	0:00:01.941523
4960	4	4	3	1	0:00:01.944843
4980	1	9	9	0	0:00:01.941959
5000	7	7	7	1	0:00:01.941886
5020	8	8	8	1	0:00:01.942276
5040	3	3	3	1	0:00:01.939565
5060	6	6	6	1	0:00:01.940351
5080	7	7	7	1	0:00:01.944613
5100	3	3	3	1	0:00:01.938385
5120	9	9	9	1	0:00:01.940228
5140	8	8	8	1	0:00:01.939831
5160	0	0	0	1	0:00:01.937912
5180	9	-1	7	0	0:00:01.945850
5200	3	3	3	1	0:00:01.943106
5220	0	0	0	1	0:00:01.942885
5240	1	1	1	1	0:00:01.942629
5260	0	0	0	1	0:00:01.941682
5280	0	4	4	0	0:00:01.941941
5300	9	9	9	1	0:00:01.943959
5320	7	7	7	1	0:00:01.943074
5340	3	4	5	0	0:00:01.943410
5360	9	9	9	1	0:00:01.942790
5380	1	9	9	0	0:00:01.941313
5400	9	9	9	1	0:00:01.943276
5420	6	6	6	1	0:00:01.942622
5440	9	9	9	1	0:00:01.942188
5460	0	0	0	1	0:00:01.941262
5480	1	1	1	1	0:00:01.940246
5500	8	8	8	1	0:00:01.946242
5520	4	4	4	1	0:00:01.941186
5540	5	5	5	1	0:00:01.943925
5560	3	5	5	0	0:00:01.939761
5580	5	-1	3	0	0:00:01.939819
5600	6	6	3	1	0:00:01.943112
5620	3	6	2	0	0:00:01.940376
5640	2	5	2	0	0:00:01.948863
5660	9	9	8	1	0:00:01.942384
5680	2	3	3	0	0:00:01.942062
5700	3	3	3	1	0:00:01.942314
5720	9	9	9	1	0:00:01.940467
5740	6	6	2	1	0:00:01.939008
5760	2	2	2	1	0:00:01.943021
5780	7	7	7	1	0:00:01.942119
5800	2	2	2	1	0:00:01.940441
5820	5	5	5	1	0:00:01.942015
5840	2	2	2	1	0:00:01.941792
5860	0	0	0	1	0:00:01.944183
5880	0	0	0	1	0:00:01.950300
5900	4	3	0	0	0:00:01.947059
5920	8	8	8	1	0:00:01.943460
5940	7	7	3	1	0:00:01.939640
5960	2	6	2	0	0:00:01.938961
5980	9	9	9	1	0:00:01.941287
6000	8	8	8	1	0:00:01.938041
6020	6	6	6	1	0:00:01.938340
6040	2	5	2	0	0:00:01.942297
6060	3	4	5	0	0:00:01.942085
6080	1	1	1	1	0:00:01.944013
6100	1	1	1	1	0:00:01.943277
6120	5	5	5	1	0:00:01.941314
6140	9	9	9	1	0:00:01.941703
6160	2	5	2	0	0:00:01.942828
6180	0	0	0	1	0:00:01.940550
6200	3	3	2	1	0:00:01.938912
6220	2	5	2	0	0:00:01.941277
6240	2	2	2	1	0:00:01.942399
6260	2	2	2	1	0:00:01.941576
6280	8	5	5	0	0:00:01.942965
6300	1	1	1	1	0:00:01.943457
6320	0	0	0	1	0:00:01.942317
6340	3	3	3	1	0:00:01.940671
6360	2	2	2	1	0:00:01.939417
6380	3	6	3	0	0:00:01.938628
6400	0	0	0	1	0:00:01.941128
6420	7	7	7	1	0:00:01.936698
6440	3	3	2	1	0:00:01.940642
6460	3	3	3	1	0:00:01.955841
6480	0	0	0	1	0:00:01.941312
6500	7	6	8	0	0:00:01.940902
6520	6	6	2	1	0:00:01.945654
6540	8	8	8	1	0:00:01.944499
6560	6	6	5	1	0:00:01.942204
6580	1	1	8	1	0:00:01.945468
6600	7	7	7	1	0:00:01.941757
6620	7	7	7	1	0:00:01.944320
6640	5	3	3	0	0:00:01.941533
6660	0	0	0	1	0:00:01.948399
6680	3	5	5	0	0:00:01.941280
6700	6	6	6	1	0:00:01.943883
6720	2	2	2	1	0:00:01.940390
6740	2	2	2	1	0:00:01.939722
6760	5	5	5	1	0:00:01.942342
6780	7	7	7	1	0:00:01.941188
6800	6	4	4	0	0:00:01.940746
6820	1	1	1	1	0:00:01.939498
6840	9	9	9	1	0:00:01.941533
6860	0	0	0	1	0:00:01.950037
6880	2	2	2	1	0:00:01.940509
6900	3	3	3	1	0:00:01.944185
6920	5	4	2	0	0:00:01.942790
6940	1	1	1	1	0:00:01.941545
6960	9	9	9	1	0:00:01.940701
6980	0	0	0	1	0:00:01.941066
7000	2	0	8	0	0:00:01.941283
7020	7	7	7	1	0:00:01.942557
7040	7	-1	8	0	0:00:01.950908
7060	8	8	8	1	0:00:01.942084
7080	5	4	2	0	0:00:01.940789
7100	9	3	3	0	0:00:01.941886
7120	7	7	7	1	0:00:01.942264
7140	4	4	3	1	0:00:01.944611
7160	5	5	5	1	0:00:01.943174
7180	6	6	6	1	0:00:01.943973
7200	4	4	2	1	0:00:01.940584
7220	9	9	9	1	0:00:01.935874
7240	0	0	8	1	0:00:01.934820
7260	1	1	1	1	0:00:01.936767
7280	1	1	3	1	0:00:01.937006
7300	3	5	5	0	0:00:01.944225
7320	8	0	0	0	0:00:01.938567
7340	2	2	0	1	0:00:01.937768
7360	2	2	2	1	0:00:01.941281
7380	7	7	7	1	0:00:01.942183
7400	3	5	3	0	0:00:01.942383
7420	3	4	2	0	0:00:01.941211
7440	3	3	3	1	0:00:01.942543
7460	5	5	5	1	0:00:01.942840
7480	1	1	1	1	0:00:01.943628
7500	6	6	6	1	0:00:01.944228
7520	4	4	4	1	0:00:01.946306
7540	5	5	5	1	0:00:01.941266
7560	0	0	0	1	0:00:01.948056
7580	8	8	8	1	0:00:01.944226
7600	8	2	2	0	0:00:01.943012
7620	5	3	3	0	0:00:01.942867
7640	9	9	8	1	0:00:01.946933
7660	7	7	7	1	0:00:01.940823
7680	3	5	5	0	0:00:01.938424
7700	6	6	6	1	0:00:01.939137
7720	5	2	2	0	0:00:01.944214
7740	4	4	2	1	0:00:01.938424
7760	2	0	8	0	0:00:01.948947
7780	3	8	8	0	0:00:01.943914
7800	0	0	0	1	0:00:01.943052
7820	5	5	3	1	0:00:01.942394
7840	1	1	1	1	0:00:01.945701
7860	8	8	8	1	0:00:01.946182
7880	0	0	0	1	0:00:01.942022
7900	0	2	8	0	0:00:01.941730
7920	9	9	9	1	0:00:01.942843
7940	2	2	2	1	0:00:01.942565
7960	0	0	0	1	0:00:01.942773
7980	3	3	3	1	0:00:01.942534
8000	9	9	9	1	0:00:01.944409
8020	6	-1	3	0	0:00:01.942461
8040	2	2	2	1	0:00:01.943030
8060	6	6	6	1	0:00:01.943432
8080	4	4	3	1	0:00:01.940471
8100	6	2	2	0	0:00:01.945335
8120	8	-1	8	0	0:00:01.939272
8140	5	7	5	0	0:00:01.937208
8160	6	6	6	1	0:00:01.943124
8180	4	4	4	1	0:00:01.937684
8200	3	6	3	0	0:00:01.938668
8220	6	5	5	0	0:00:01.941466
8240	7	7	7	1	0:00:01.945524
8260	1	1	1	1	0:00:01.941766
8280	4	4	4	1	0:00:01.940509
8300	5	4	3	0	0:00:01.940273
8320	7	7	7	1	0:00:01.941483
8340	5	5	5	1	0:00:01.945122
8360	7	7	7	1	0:00:01.941551
8380	9	9	9	1	0:00:01.944899
8400	0	0	0	1	0:00:01.949250
8420	3	6	3	0	0:00:01.944582
8440	5	5	3	1	0:00:01.941991
8460	8	8	8	1	0:00:01.943264
8480	2	2	2	1	0:00:01.942440
8500	4	4	4	1	0:00:01.939532
8520	8	8	8	1	0:00:01.941018
8540	4	4	2	1	0:00:01.937285
8560	7	7	7	1	0:00:01.944735
8580	3	5	5	0	0:00:01.940803
8600	3	2	3	0	0:00:01.938925
8620	3	5	5	0	0:00:01.942625
8640	1	1	1	1	0:00:01.944267
8660	7	7	7	1	0:00:01.942932
8680	3	3	3	1	0:00:01.942954
8700	3	3	3	1	0:00:01.943861
8720	2	0	0	0	0:00:01.942457
8740	2	2	5	1	0:00:01.941809
8760	8	8	8	1	0:00:01.942809
8780	4	4	4	1	0:00:01.940907
8800	0	0	0	1	0:00:01.941373
8820	2	2	2	1	0:00:01.941532
8840	2	2	2	1	0:00:01.940428
8860	2	2	2	1	0:00:01.941826
8880	1	1	1	1	0:00:01.942202
8900	2	4	4	0	0:00:01.941760
8920	6	6	3	1	0:00:01.961273
8940	6	3	3	0	0:00:01.939412
8960	0	0	2	1	0:00:01.937333
8980	9	9	9	1	0:00:01.941200
9000	8	8	8	1	0:00:01.940614
9020	7	7	7	1	0:00:01.940582
9040	2	5	5	0	0:00:01.939583
9060	9	9	9	1	0:00:01.934170
9080	3	3	3	1	0:00:01.946760
9100	9	1	1	0	0:00:01.941179
9120	3	-1	3	0	0:00:01.940315
9140	7	7	4	1	0:00:01.941785
9160	5	3	3	0	0:00:01.941736
9180	5	5	5	1	0:00:01.943061
9200	8	8	8	1	0:00:01.940593
9220	8	8	8	1	0:00:01.944278
9240	8	8	8	1	0:00:01.948613
9260	5	5	5	1	0:00:01.940249
9280	9	8	8	0	0:00:01.941740
9300	5	5	2	1	0:00:01.944910
9320	9	9	9	1	0:00:01.942050
9340	1	1	1	1	0:00:01.940986
9360	5	0	0	0	0:00:01.942076
9380	5	3	3	0	0:00:01.942498
9400	6	6	6	1	0:00:01.938735
9420	5	5	5	1	0:00:01.940008
9440	8	8	8	1	0:00:01.940172
9460	3	3	3	1	0:00:01.938031
9480	2	2	2	1	0:00:01.939738
9500	9	9	9	1	0:00:01.941004
9520	1	1	1	1	0:00:01.941008
9540	5	5	5	1	0:00:01.941755
9560	9	7	3	0	0:00:01.941894
9580	1	1	1	1	0:00:01.943744
9600	8	8	8	1	0:00:01.941177
9620	4	4	4	1	0:00:01.943058
9640	5	5	5	1	0:00:01.943805
9660	6	6	6	1	0:00:01.945534
9680	8	8	8	1	0:00:01.942326
9700	0	0	0	1	0:00:01.943626
9720	8	-1	8	0	0:00:01.940163
9740	3	6	2	0	0:00:01.941937
9760	9	9	5	1	0:00:01.941982
9780	4	4	2	1	0:00:01.938691
9800	1	1	1	1	0:00:01.938251
9820	0	8	8	0	0:00:01.940530
9840	4	7	7	0	0:00:01.939795
9860	0	-1	8	0	0:00:01.939730
9880	7	7	7	1	0:00:01.939396
9900	8	8	8	1	0:00:01.940246
9920	6	6	6	1	0:00:01.939697
9940	4	-1	4	0	0:00:01.942487
9960	2	0	0	0	0:00:01.942984
9980	0	0	0	1	0:00:01.943158
