idx	label	predict	basePredict	correct	time
0	3	3	3	1	0:00:00.957757
20	7	7	9	1	0:00:00.834636
40	4	-1	8	0	0:00:00.846912
60	7	7	7	1	0:00:00.842798
80	8	8	8	1	0:00:00.868230
100	4	5	5	0	0:00:00.843010
120	8	0	8	0	0:00:00.830910
140	6	6	2	1	0:00:00.828488
160	2	0	2	0	0:00:00.838082
180	0	0	0	1	0:00:00.846546
200	5	-1	5	0	0:00:00.847951
220	7	7	7	1	0:00:00.843753
240	1	1	1	1	0:00:00.845168
260	8	-1	3	0	0:00:00.838865
280	9	9	9	1	0:00:00.836487
300	6	6	6	1	0:00:00.911675
320	3	3	2	1	0:00:00.829086
340	2	4	4	0	0:00:00.837823
360	9	-1	5	0	0:00:00.829209
380	6	6	2	1	0:00:00.842709
400	9	9	9	1	0:00:00.842713
420	4	4	4	1	0:00:00.848681
440	1	-1	1	0	0:00:00.875952
460	5	5	5	1	0:00:00.836753
480	8	9	9	0	0:00:00.849752
500	4	6	2	0	0:00:00.846158
520	5	7	7	0	0:00:00.835913
540	1	1	8	1	0:00:00.838920
560	0	0	0	1	0:00:00.837824
580	4	4	4	1	0:00:00.857260
600	8	8	8	1	0:00:00.855693
620	7	7	5	1	0:00:00.834949
640	5	3	3	0	0:00:00.851193
660	9	9	9	1	0:00:00.841243
680	9	7	7	0	0:00:00.855339
700	7	7	3	1	0:00:00.840147
720	4	9	4	0	0:00:00.939523
740	2	-1	3	0	0:00:00.838256
760	3	-1	3	0	0:00:00.831971
780	9	1	9	0	0:00:00.838812
800	7	7	7	1	0:00:00.833820
820	6	5	8	0	0:00:00.855937
840	7	7	7	1	0:00:00.861204
860	4	4	4	1	0:00:00.857602
880	8	8	8	1	0:00:00.889815
900	2	6	2	0	0:00:00.840551
920	6	6	2	1	0:00:00.866345
940	9	9	9	1	0:00:00.832641
960	9	9	9	1	0:00:00.837074
980	2	6	2	0	0:00:00.882931
1000	5	5	5	1	0:00:00.748138
1020	1	1	1	1	0:00:00.749581
1040	7	5	5	0	0:00:00.753117
1060	9	9	9	1	0:00:00.755420
1080	6	6	6	1	0:00:00.751169
1100	7	0	0	0	0:00:00.745001
1120	5	2	2	0	0:00:00.750835
1140	6	-1	4	0	0:00:00.752964
1160	8	0	0	0	0:00:00.750666
1180	3	3	3	1	0:00:00.748071
1200	8	-1	0	0	0:00:00.750201
1220	9	-1	6	0	0:00:00.743902
1240	2	6	6	0	0:00:00.752176
1260	1	9	9	0	0:00:00.747308
1280	3	7	5	0	0:00:00.749552
1300	4	3	3	0	0:00:00.751080
1320	7	2	2	0	0:00:00.749882
1340	1	1	1	1	0:00:00.754771
1360	7	7	7	1	0:00:00.748933
1380	4	5	5	0	0:00:00.750875
1400	5	3	3	0	0:00:00.741623
1420	4	7	7	0	0:00:00.752229
1440	0	8	8	0	0:00:00.753808
1460	6	6	2	1	0:00:00.750137
1480	1	-1	5	0	0:00:00.745532
1500	1	1	1	1	0:00:00.749996
1520	7	7	4	1	0:00:00.748407
1540	8	8	8	1	0:00:00.746043
1560	7	7	7	1	0:00:00.754128
1580	6	1	3	0	0:00:00.752731
1600	8	9	6	0	0:00:00.751860
1620	5	4	4	0	0:00:00.744420
1640	7	3	3	0	0:00:00.747934
1660	3	5	5	0	0:00:00.747293
1680	6	6	6	1	0:00:00.752602
1700	5	-1	2	0	0:00:00.746955
1720	4	-1	2	0	0:00:00.741780
1740	1	-1	9	0	0:00:00.741384
1760	0	0	8	1	0:00:00.736273
1780	7	7	2	1	0:00:00.737729
1800	4	0	8	0	0:00:00.744136
1820	8	-1	8	0	0:00:00.748857
1840	8	-1	4	0	0:00:00.745611
1860	8	8	8	1	0:00:00.747010
1880	1	1	8	1	0:00:00.746923
1900	8	8	8	1	0:00:00.753520
1920	2	2	2	1	0:00:00.744314
1940	5	2	2	0	0:00:00.747402
1960	2	5	5	0	0:00:00.738754
1980	9	9	9	1	0:00:00.749673
2000	1	6	6	0	0:00:00.742056
2020	9	9	9	1	0:00:00.744606
2040	0	0	0	1	0:00:00.752528
2060	5	3	3	0	0:00:00.744782
2080	1	9	9	0	0:00:00.749708
2100	2	2	2	1	0:00:00.753387
2120	4	8	8	0	0:00:00.749080
2140	9	9	9	1	0:00:00.749426
2160	0	8	8	0	0:00:00.749878
2180	4	4	4	1	0:00:00.749654
2200	0	2	2	0	0:00:00.756473
2220	1	1	1	1	0:00:00.739878
2240	9	1	8	0	0:00:00.750845
2260	4	4	4	1	0:00:00.751635
2280	4	8	8	0	0:00:00.744178
2300	3	-1	2	0	0:00:00.745433
2320	5	2	2	0	0:00:00.745867
2340	7	7	7	1	0:00:00.747448
2360	7	5	5	0	0:00:00.747476
2380	8	8	8	1	0:00:00.753214
2400	0	0	0	1	0:00:00.748061
2420	8	5	5	0	0:00:00.754147
2440	7	7	7	1	0:00:00.749773
2460	9	7	7	0	0:00:00.745912
2480	8	8	8	1	0:00:00.747310
2500	4	6	2	0	0:00:00.749902
2520	1	1	7	1	0:00:00.755038
2540	2	5	5	0	0:00:00.752798
2560	7	7	4	1	0:00:00.751046
2580	6	5	6	0	0:00:00.747371
2600	8	8	8	1	0:00:00.742321
2620	1	1	8	1	0:00:00.750088
2640	7	7	7	1	0:00:00.748323
2660	3	-1	2	0	0:00:00.752617
2680	0	0	0	1	0:00:00.749025
2700	9	-1	1	0	0:00:00.750211
2720	3	3	3	1	0:00:00.754630
2740	1	1	2	1	0:00:00.753529
2760	2	2	2	1	0:00:00.741545
2780	7	7	7	1	0:00:00.746352
2800	4	6	3	0	0:00:00.749753
2820	6	6	2	1	0:00:00.752669
2840	3	3	3	1	0:00:00.745436
2860	5	7	6	0	0:00:00.742740
2880	4	4	4	1	0:00:00.755976
2900	3	5	5	0	0:00:00.746118
2920	2	3	3	0	0:00:00.741798
2940	3	0	0	0	0:00:00.742563
2960	9	9	9	1	0:00:00.749118
2980	8	8	8	1	0:00:00.742233
3000	5	5	5	1	0:00:00.747221
3020	1	1	1	1	0:00:00.743185
3040	7	7	7	1	0:00:00.745695
3060	7	7	7	1	0:00:00.750497
3080	1	1	9	1	0:00:00.742412
3100	0	0	0	1	0:00:00.749500
3120	4	6	2	0	0:00:00.747473
3140	8	8	8	1	0:00:00.747169
3160	6	2	2	0	0:00:00.754558
3180	3	-1	3	0	0:00:00.754271
3200	5	7	7	0	0:00:00.750543
3220	3	9	3	0	0:00:00.742407
3240	4	1	8	0	0:00:00.751713
3260	7	7	7	1	0:00:00.757528
3280	3	5	5	0	0:00:00.746017
3300	4	4	2	1	0:00:00.753445
3320	2	7	7	0	0:00:00.746726
3340	6	6	2	1	0:00:00.749899
3360	4	6	2	0	0:00:00.743454
3380	8	8	8	1	0:00:00.743919
3400	6	4	4	0	0:00:00.750261
3420	5	3	3	0	0:00:00.750626
3440	2	3	3	0	0:00:00.756200
3460	1	1	1	1	0:00:00.748526
3480	2	2	2	1	0:00:00.748077
3500	1	-1	9	0	0:00:00.747739
3520	1	1	1	1	0:00:00.743252
3540	6	6	3	1	0:00:00.751490
3560	1	9	7	0	0:00:00.753278
3580	4	2	2	0	0:00:00.754054
3600	4	2	2	0	0:00:00.749191
3620	0	6	6	0	0:00:00.752459
3640	6	2	2	0	0:00:00.749110
3660	0	0	8	1	0:00:00.755033
3680	0	-1	2	0	0:00:00.743100
3700	3	3	3	1	0:00:00.742144
3720	2	2	2	1	0:00:00.744705
3740	0	0	0	1	0:00:00.765309
3760	7	7	4	1	0:00:00.754235
3780	4	4	2	1	0:00:00.748421
3800	9	9	3	1	0:00:00.747438
3820	0	2	2	0	0:00:00.745451
3840	6	3	3	0	0:00:00.747422
3860	7	7	7	1	0:00:00.766105
3880	6	4	4	0	0:00:00.753400
3900	3	6	6	0	0:00:00.752548
3920	7	9	7	0	0:00:00.753198
3940	6	5	4	0	0:00:00.744931
3960	2	2	2	1	0:00:00.742404
3980	9	7	4	0	0:00:00.740525
4000	8	-1	0	0	0:00:00.744133
4020	8	8	8	1	0:00:00.749890
4040	0	0	0	1	0:00:00.749429
4060	6	-1	3	0	0:00:00.747093
4080	1	1	8	1	0:00:00.745207
4100	7	7	7	1	0:00:00.751023
4120	4	4	8	1	0:00:00.748360
4140	5	5	3	1	0:00:00.741447
4160	5	2	2	0	0:00:00.755041
4180	0	8	8	0	0:00:00.743528
4200	4	2	2	0	0:00:00.748470
4220	4	0	0	0	0:00:00.749516
4240	7	0	8	0	0:00:00.746885
4260	8	8	8	1	0:00:00.745624
4280	8	1	1	0	0:00:00.751155
4300	8	8	8	1	0:00:00.749753
4320	1	8	8	0	0:00:00.747676
4340	0	0	0	1	0:00:00.755343
4360	6	9	9	0	0:00:00.750330
4380	9	9	8	1	0:00:00.756502
4400	3	4	4	0	0:00:00.752965
4420	5	5	7	1	0:00:00.754096
4440	2	2	2	1	0:00:00.748912
4460	9	9	8	1	0:00:00.750749
4480	9	9	3	1	0:00:00.745530
4500	3	5	5	0	0:00:00.749927
4520	3	6	6	0	0:00:00.747528
4540	9	9	9	1	0:00:00.748131
4560	1	1	8	1	0:00:00.736220
4580	6	4	4	0	0:00:00.749854
4600	4	7	4	0	0:00:00.753649
4620	7	3	3	0	0:00:00.743629
4640	2	-1	2	0	0:00:00.755115
4660	7	4	4	0	0:00:00.750306
4680	9	1	1	0	0:00:00.747083
4700	6	1	5	0	0:00:00.745090
4720	8	0	8	0	0:00:00.744926
4740	5	3	3	0	0:00:00.754494
4760	3	2	2	0	0:00:00.753635
4780	0	0	8	1	0:00:00.753019
4800	9	9	9	1	0:00:00.745215
4820	3	3	3	1	0:00:00.738630
4840	0	0	0	1	0:00:00.749069
4860	5	5	5	1	0:00:00.745708
4880	0	-1	2	0	0:00:00.743402
4900	3	6	6	0	0:00:00.741148
4920	7	7	7	1	0:00:00.749378
4940	6	4	2	0	0:00:00.745094
4960	4	3	3	0	0:00:00.751502
4980	1	9	9	0	0:00:00.745588
5000	7	7	7	1	0:00:00.739399
5020	8	8	8	1	0:00:00.746799
5040	3	1	2	0	0:00:00.736063
5060	6	6	2	1	0:00:00.749983
5080	7	7	7	1	0:00:00.746926
5100	3	3	3	1	0:00:00.757737
5120	9	9	8	1	0:00:00.743952
5140	8	8	8	1	0:00:00.740053
5160	0	0	8	1	0:00:00.740299
5180	9	7	4	0	0:00:00.746557
5200	3	3	3	1	0:00:00.746859
5220	0	0	0	1	0:00:00.749928
5240	1	9	9	0	0:00:00.757679
5260	0	0	0	1	0:00:00.747976
5280	0	9	8	0	0:00:00.753184
5300	9	9	2	1	0:00:00.745968
5320	7	7	7	1	0:00:00.745326
5340	3	4	4	0	0:00:00.753810
5360	9	9	3	1	0:00:00.749992
5380	1	9	9	0	0:00:00.742803
5400	9	9	9	1	0:00:00.749097
5420	6	6	6	1	0:00:00.751823
5440	9	9	9	1	0:00:00.752751
5460	0	0	0	1	0:00:00.748680
5480	1	1	4	1	0:00:00.744184
5500	8	8	8	1	0:00:00.761866
5520	4	3	3	0	0:00:00.749246
5540	5	6	3	0	0:00:00.745551
5560	3	5	5	0	0:00:00.740800
5580	5	6	3	0	0:00:00.747344
5600	6	-1	4	0	0:00:00.746812
5620	3	6	6	0	0:00:00.746889
5640	2	2	2	1	0:00:00.741321
5660	9	9	8	1	0:00:00.754707
5680	2	3	3	0	0:00:00.746563
5700	3	5	3	0	0:00:00.740049
5720	9	9	9	1	0:00:00.744824
5740	6	-1	6	0	0:00:00.741881
5760	2	-1	2	0	0:00:00.741201
5780	7	7	7	1	0:00:00.742642
5800	2	4	4	0	0:00:00.742564
5820	5	-1	3	0	0:00:00.743708
5840	2	2	2	1	0:00:00.742827
5860	0	1	8	0	0:00:00.747272
5880	0	0	0	1	0:00:00.743893
5900	4	-1	0	0	0:00:00.750406
5920	8	8	8	1	0:00:00.748711
5940	7	4	4	0	0:00:00.747429
5960	2	6	6	0	0:00:00.751530
5980	9	9	2	1	0:00:00.745676
6000	8	9	8	0	0:00:00.743568
6020	6	6	6	1	0:00:00.749377
6040	2	7	7	0	0:00:00.748961
6060	3	4	2	0	0:00:00.753143
6080	1	1	9	1	0:00:00.748950
6100	1	1	8	1	0:00:00.750422
6120	5	5	5	1	0:00:00.744111
6140	9	9	9	1	0:00:00.745036
6160	2	5	5	0	0:00:00.755017
6180	0	0	0	1	0:00:00.744951
6200	3	3	3	1	0:00:00.753556
6220	2	5	5	0	0:00:00.748846
6240	2	1	2	0	0:00:00.751565
6260	2	-1	6	0	0:00:00.757182
6280	8	5	5	0	0:00:00.752821
6300	1	1	2	1	0:00:00.744023
6320	0	0	0	1	0:00:00.744109
6340	3	3	3	1	0:00:00.750796
6360	2	-1	2	0	0:00:00.746053
6380	3	-1	3	0	0:00:00.747956
6400	0	1	8	0	0:00:00.749051
6420	7	7	7	1	0:00:00.750901
6440	3	9	4	0	0:00:00.745816
6460	3	-1	3	0	0:00:00.741268
6480	0	0	0	1	0:00:00.742713
6500	7	6	6	0	0:00:00.744783
6520	6	2	2	0	0:00:00.737493
6540	8	8	8	1	0:00:00.745161
6560	6	6	2	1	0:00:00.745085
6580	1	-1	4	0	0:00:00.749924
6600	7	7	7	1	0:00:00.744691
6620	7	7	7	1	0:00:00.740480
6640	5	3	3	0	0:00:00.748092
6660	0	0	0	1	0:00:00.745341
6680	3	5	3	0	0:00:00.742265
6700	6	0	0	0	0:00:00.739778
6720	2	2	2	1	0:00:00.748669
6740	2	-1	4	0	0:00:00.748202
6760	5	5	5	1	0:00:00.743677
6780	7	7	7	1	0:00:00.739475
6800	6	4	2	0	0:00:00.742268
6820	1	1	1	1	0:00:00.743747
6840	9	9	1	1	0:00:00.747000
6860	0	2	2	0	0:00:00.744848
6880	2	2	2	1	0:00:00.748435
6900	3	-1	7	0	0:00:00.745019
6920	5	-1	2	0	0:00:00.749426
6940	1	1	1	1	0:00:00.742665
6960	9	8	8	0	0:00:00.744438
6980	0	-1	8	0	0:00:00.748020
7000	2	0	8	0	0:00:00.742385
7020	7	7	7	1	0:00:00.750530
7040	7	1	8	0	0:00:00.742631
7060	8	8	8	1	0:00:00.742819
7080	5	4	4	0	0:00:00.737352
7100	9	-1	3	0	0:00:00.743332
7120	7	5	5	0	0:00:00.739842
7140	4	-1	3	0	0:00:00.738559
7160	5	5	5	1	0:00:00.749401
7180	6	6	3	1	0:00:00.749092
7200	4	6	2	0	0:00:00.738160
7220	9	9	8	1	0:00:00.740395
7240	0	8	8	0	0:00:00.747916
7260	1	1	8	1	0:00:00.745123
7280	1	9	9	0	0:00:00.742540
7300	3	4	4	0	0:00:00.749129
7320	8	0	8	0	0:00:00.747786
7340	2	4	4	0	0:00:00.745328
7360	2	7	4	0	0:00:00.740337
7380	7	7	7	1	0:00:00.748084
7400	3	3	3	1	0:00:00.746171
7420	3	4	2	0	0:00:00.748064
7440	3	3	3	1	0:00:00.745347
7460	5	5	5	1	0:00:00.749713
7480	1	8	8	0	0:00:00.740150
7500	6	6	6	1	0:00:00.752819
7520	4	-1	2	0	0:00:00.735558
7540	5	5	5	1	0:00:00.757970
7560	0	0	0	1	0:00:00.752796
7580	8	8	8	1	0:00:00.743367
7600	8	9	2	0	0:00:00.744298
7620	5	3	3	0	0:00:00.742893
7640	9	8	8	0	0:00:00.745615
7660	7	9	4	0	0:00:00.743957
7680	3	9	3	0	0:00:00.750647
7700	6	6	6	1	0:00:00.744978
7720	5	2	2	0	0:00:00.749093
7740	4	-1	2	0	0:00:00.743077
7760	2	9	2	0	0:00:00.748786
7780	3	-1	8	0	0:00:00.746437
7800	0	0	0	1	0:00:00.743193
7820	5	5	5	1	0:00:00.745367
7840	1	1	1	1	0:00:00.741290
7860	8	8	2	1	0:00:00.743505
7880	0	4	2	0	0:00:00.752103
7900	0	8	8	0	0:00:00.745469
7920	9	9	2	1	0:00:00.752005
7940	2	6	4	0	0:00:00.747166
7960	0	0	0	1	0:00:00.754332
7980	3	3	3	1	0:00:00.740918
8000	9	9	9	1	0:00:00.740521
8020	6	3	3	0	0:00:00.753695
8040	2	2	2	1	0:00:00.747566
8060	6	6	6	1	0:00:00.745201
8080	4	6	2	0	0:00:00.748037
8100	6	2	2	0	0:00:00.748797
8120	8	9	9	0	0:00:00.750329
8140	5	4	4	0	0:00:00.747242
8160	6	6	6	1	0:00:00.745245
8180	4	-1	4	0	0:00:00.741321
8200	3	4	4	0	0:00:00.744946
8220	6	7	3	0	0:00:00.745574
8240	7	7	7	1	0:00:00.750094
8260	1	1	1	1	0:00:00.747668
8280	4	5	5	0	0:00:00.743523
8300	5	2	2	0	0:00:00.754560
8320	7	4	4	0	0:00:00.801843
8340	5	3	3	0	0:00:00.752891
8360	7	7	7	1	0:00:00.751031
8380	9	9	9	1	0:00:00.749932
8400	0	8	8	0	0:00:00.746669
8420	3	6	6	0	0:00:00.747993
8440	5	3	3	0	0:00:00.743487
8460	8	8	8	1	0:00:00.744721
8480	2	2	4	1	0:00:00.743114
8500	4	4	4	1	0:00:00.752798
8520	8	1	8	0	0:00:00.739270
8540	4	2	2	0	0:00:00.747804
8560	7	7	7	1	0:00:00.740380
8580	3	-1	2	0	0:00:00.748610
8600	3	3	3	1	0:00:00.744639
8620	3	4	4	0	0:00:00.746783
8640	1	1	8	1	0:00:00.745126
8660	7	7	7	1	0:00:00.751358
8680	3	7	8	0	0:00:00.747628
8700	3	3	3	1	0:00:00.758159
8720	2	0	0	0	0:00:00.748301
8740	2	2	5	1	0:00:00.749739
8760	8	8	8	1	0:00:00.747376
8780	4	4	2	1	0:00:00.748925
8800	0	0	0	1	0:00:00.745279
8820	2	2	2	1	0:00:00.814707
8840	2	7	7	0	0:00:00.761877
8860	2	2	2	1	0:00:00.743562
8880	1	1	1	1	0:00:00.747989
8900	2	4	4	0	0:00:00.754715
8920	6	6	2	1	0:00:00.748171
8940	6	3	3	0	0:00:00.737516
8960	0	0	0	1	0:00:00.759887
8980	9	9	9	1	0:00:00.750744
9000	8	8	8	1	0:00:00.748827
9020	7	7	7	1	0:00:00.744941
9040	2	5	5	0	0:00:00.744515
9060	9	9	3	1	0:00:00.755105
9080	3	-1	2	0	0:00:00.748352
9100	9	1	3	0	0:00:00.753611
9120	3	0	3	0	0:00:00.750374
9140	7	-1	5	0	0:00:00.752674
9160	5	3	3	0	0:00:00.744936
9180	5	5	5	1	0:00:00.745039
9200	8	8	8	1	0:00:00.750762
9220	8	8	8	1	0:00:00.748696
9240	8	8	8	1	0:00:00.749233
9260	5	5	5	1	0:00:00.755442
9280	9	8	8	0	0:00:00.751216
9300	5	2	2	0	0:00:00.742950
9320	9	9	9	1	0:00:00.728119
9340	1	1	1	1	0:00:00.747151
9360	5	0	5	0	0:00:00.746445
9380	5	3	3	0	0:00:00.738732
9400	6	6	2	1	0:00:00.753816
9420	5	5	5	1	0:00:00.741448
9440	8	8	8	1	0:00:00.748536
9460	3	7	7	0	0:00:00.745861
9480	2	-1	2	0	0:00:00.743713
9500	9	9	2	1	0:00:00.745096
9520	1	1	1	1	0:00:00.751453
9540	5	3	3	0	0:00:00.739743
9560	9	7	5	0	0:00:00.746297
9580	1	1	4	1	0:00:00.764152
9600	8	8	8	1	0:00:00.748587
9620	4	-1	4	0	0:00:00.754201
9640	5	0	2	0	0:00:00.747237
9660	6	6	6	1	0:00:00.750358
9680	8	8	8	1	0:00:00.744903
9700	0	0	0	1	0:00:00.754329
9720	8	1	8	0	0:00:00.743811
9740	3	6	2	0	0:00:00.737647
9760	9	3	3	0	0:00:00.736801
9780	4	6	2	0	0:00:00.752233
9800	1	1	1	1	0:00:00.751795
9820	0	8	8	0	0:00:00.746128
9840	4	-1	5	0	0:00:00.745000
9860	0	5	8	0	0:00:00.750399
9880	7	8	3	0	0:00:00.744113
9900	8	8	8	1	0:00:00.749926
9920	6	6	2	1	0:00:00.747521
9940	4	5	5	0	0:00:00.749572
9960	2	0	0	0	0:00:00.736418
9980	0	0	0	1	0:00:00.755468
