idx	label	predict	basePredict	correct	time
0	3	-1	2	0	0:00:01.984885
20	7	-1	9	0	0:00:01.820339
40	4	-1	8	0	0:00:01.817482
60	7	-1	4	0	0:00:01.814279
80	8	8	8	1	0:00:01.813362
100	4	-1	3	0	0:00:01.816772
120	8	-1	8	0	0:00:01.813975
140	6	2	2	0	0:00:01.838648
160	2	0	2	0	0:00:01.818435
180	0	-1	8	0	0:00:01.818322
200	5	-1	3	0	0:00:01.824562
220	7	7	7	1	0:00:01.845299
240	1	1	8	1	0:00:01.851919
260	8	-1	6	0	0:00:01.822037
280	9	9	8	1	0:00:01.813401
300	6	-1	4	0	0:00:01.817701
320	3	-1	4	0	0:00:01.812136
340	2	4	4	0	0:00:01.855507
360	9	-1	4	0	0:00:01.855340
380	6	-1	4	0	0:00:01.811397
400	9	-1	1	0	0:00:01.808069
420	4	-1	6	0	0:00:01.807133
440	1	-1	6	0	0:00:01.810229
460	5	-1	3	0	0:00:01.835085
480	8	9	9	0	0:00:01.814339
500	4	-1	6	0	0:00:01.832286
520	5	7	7	0	0:00:01.820788
540	1	-1	8	0	0:00:01.829988
560	0	-1	8	0	0:00:01.817176
580	4	-1	4	0	0:00:01.811487
600	8	-1	8	0	0:00:01.813773
620	7	-1	4	0	0:00:01.810716
640	5	3	3	0	0:00:01.812878
660	9	9	9	1	0:00:01.816701
680	9	7	4	0	0:00:01.822472
700	7	0	4	0	0:00:01.813628
720	4	9	9	0	0:00:01.810257
740	2	-1	3	0	0:00:01.811154
760	3	9	9	0	0:00:01.814420
780	9	-1	0	0	0:00:01.824785
800	7	7	7	1	0:00:01.815696
820	6	-1	8	0	0:00:01.838469
840	7	7	7	1	0:00:01.834593
860	4	4	4	1	0:00:01.825752
880	8	8	8	1	0:00:01.805898
900	2	-1	4	0	0:00:01.862792
920	6	-1	2	0	0:00:01.811150
940	9	-1	9	0	0:00:01.819013
960	9	9	4	1	0:00:01.804219
980	2	6	6	0	0:00:01.809861
1000	5	5	5	1	0:00:01.729606
1020	1	-1	8	0	0:00:01.727853
1040	7	5	5	0	0:00:01.720880
1060	9	9	8	1	0:00:01.726579
1080	6	-1	6	0	0:00:01.724281
1100	7	8	8	0	0:00:01.723981
1120	5	-1	2	0	0:00:01.721038
1140	6	4	4	0	0:00:01.717546
1160	8	0	0	0	0:00:01.717842
1180	3	-1	8	0	0:00:01.714751
1200	8	0	0	0	0:00:01.723888
1220	9	6	6	0	0:00:01.726650
1240	2	6	6	0	0:00:01.724835
1260	1	9	9	0	0:00:01.726969
1280	3	7	7	0	0:00:01.730611
1300	4	3	3	0	0:00:01.726291
1320	7	-1	2	0	0:00:01.731016
1340	1	-1	8	0	0:00:01.727276
1360	7	-1	4	0	0:00:01.733040
1380	4	5	5	0	0:00:01.728647
1400	5	-1	2	0	0:00:01.733827
1420	4	7	7	0	0:00:01.727734
1440	0	8	8	0	0:00:01.732962
1460	6	-1	4	0	0:00:01.728803
1480	1	-1	5	0	0:00:01.719496
1500	1	9	8	0	0:00:01.718428
1520	7	-1	2	0	0:00:01.718538
1540	8	-1	8	0	0:00:01.719775
1560	7	7	7	1	0:00:01.726223
1580	6	1	1	0	0:00:01.728059
1600	8	-1	6	0	0:00:01.725999
1620	5	8	8	0	0:00:01.720745
1640	7	5	3	0	0:00:01.724407
1660	3	-1	4	0	0:00:01.722414
1680	6	6	6	1	0:00:01.723348
1700	5	2	2	0	0:00:01.726772
1720	4	2	2	0	0:00:01.726506
1740	1	9	9	0	0:00:01.725454
1760	0	8	8	0	0:00:01.728715
1780	7	-1	8	0	0:00:01.726423
1800	4	8	8	0	0:00:01.726862
1820	8	-1	8	0	0:00:01.721914
1840	8	-1	4	0	0:00:01.722519
1860	8	8	8	1	0:00:01.720698
1880	1	8	8	0	0:00:01.725586
1900	8	8	8	1	0:00:01.722840
1920	2	-1	2	0	0:00:01.719377
1940	5	3	3	0	0:00:01.722950
1960	2	5	5	0	0:00:01.726964
1980	9	9	2	1	0:00:01.726308
2000	1	6	4	0	0:00:01.731440
2020	9	9	1	1	0:00:01.722653
2040	0	8	8	0	0:00:01.722873
2060	5	-1	3	0	0:00:01.726331
2080	1	-1	4	0	0:00:01.727375
2100	2	4	4	0	0:00:01.725451
2120	4	8	8	0	0:00:01.728406
2140	9	-1	1	0	0:00:01.728973
2160	0	8	8	0	0:00:01.728333
2180	4	-1	4	0	0:00:01.726519
2200	0	2	2	0	0:00:01.724859
2220	1	1	4	1	0:00:01.723769
2240	9	-1	8	0	0:00:01.721757
2260	4	7	4	0	0:00:01.723176
2280	4	8	8	0	0:00:01.725646
2300	3	-1	4	0	0:00:01.728722
2320	5	-1	8	0	0:00:01.731102
2340	7	7	7	1	0:00:01.724328
2360	7	-1	3	0	0:00:01.728359
2380	8	0	8	0	0:00:01.722110
2400	0	-1	4	0	0:00:01.722292
2420	8	-1	5	0	0:00:01.725679
2440	7	-1	8	0	0:00:01.728175
2460	9	3	3	0	0:00:01.728345
2480	8	-1	8	0	0:00:01.723950
2500	4	-1	2	0	0:00:01.728646
2520	1	9	8	0	0:00:01.725782
2540	2	3	3	0	0:00:01.725750
2560	7	-1	2	0	0:00:01.725331
2580	6	-1	4	0	0:00:01.725743
2600	8	8	8	1	0:00:01.724868
2620	1	-1	4	0	0:00:01.725768
2640	7	-1	6	0	0:00:01.727845
2660	3	-1	2	0	0:00:01.726279
2680	0	0	0	1	0:00:01.728215
2700	9	-1	0	0	0:00:01.727082
2720	3	2	2	0	0:00:01.722343
2740	1	-1	7	0	0:00:01.723058
2760	2	4	4	0	0:00:01.722940
2780	7	7	6	1	0:00:01.724695
2800	4	6	6	0	0:00:01.726106
2820	6	6	4	1	0:00:01.724956
2840	3	3	3	1	0:00:01.725038
2860	5	-1	4	0	0:00:01.727539
2880	4	4	4	1	0:00:01.727434
2900	3	2	2	0	0:00:01.730931
2920	2	5	5	0	0:00:01.730898
2940	3	0	0	0	0:00:01.723466
2960	9	-1	8	0	0:00:01.725024
2980	8	1	8	0	0:00:01.724679
3000	5	5	5	1	0:00:01.728529
3020	1	-1	8	0	0:00:01.727423
3040	7	7	7	1	0:00:01.729472
3060	7	7	7	1	0:00:01.727218
3080	1	-1	4	0	0:00:01.730154
3100	0	0	8	1	0:00:01.724313
3120	4	6	2	0	0:00:01.725528
3140	8	-1	8	0	0:00:01.727731
3160	6	4	4	0	0:00:01.727197
3180	3	-1	8	0	0:00:01.725151
3200	5	7	7	0	0:00:01.727994
3220	3	9	9	0	0:00:01.725738
3240	4	1	8	0	0:00:01.729358
3260	7	0	0	0	0:00:01.725914
3280	3	-1	0	0	0:00:01.727539
3300	4	6	4	0	0:00:01.726457
3320	2	7	7	0	0:00:01.725445
3340	6	-1	4	0	0:00:01.725646
3360	4	6	6	0	0:00:01.723047
3380	8	-1	8	0	0:00:01.728006
3400	6	4	4	0	0:00:01.721571
3420	5	-1	4	0	0:00:01.723890
3440	2	9	3	0	0:00:01.724076
3460	1	1	4	1	0:00:01.727542
3480	2	2	2	1	0:00:01.726969
3500	1	-1	4	0	0:00:01.726464
3520	1	1	1	1	0:00:01.729568
3540	6	-1	4	0	0:00:01.727132
3560	1	9	0	0	0:00:01.723871
3580	4	1	8	0	0:00:01.726079
3600	4	2	2	0	0:00:01.729049
3620	0	-1	6	0	0:00:01.723441
3640	6	2	2	0	0:00:01.722930
3660	0	8	8	0	0:00:01.723907
3680	0	-1	2	0	0:00:01.728781
3700	3	-1	4	0	0:00:01.728812
3720	2	2	2	1	0:00:01.730103
3740	0	-1	8	0	0:00:01.729970
3760	7	7	7	1	0:00:01.724967
3780	4	-1	2	0	0:00:01.721255
3800	9	-1	3	0	0:00:01.768191
3820	0	2	2	0	0:00:01.732029
3840	6	-1	3	0	0:00:01.728354
3860	7	7	7	1	0:00:01.729172
3880	6	4	4	0	0:00:01.726375
3900	3	1	1	0	0:00:01.725395
3920	7	-1	8	0	0:00:01.719462
3940	6	7	4	0	0:00:01.722867
3960	2	5	5	0	0:00:01.727860
3980	9	7	7	0	0:00:01.725223
4000	8	7	4	0	0:00:01.729280
4020	8	1	8	0	0:00:01.722053
4040	0	-1	0	0	0:00:01.718188
4060	6	3	3	0	0:00:01.725143
4080	1	8	8	0	0:00:01.719417
4100	7	7	7	1	0:00:01.719519
4120	4	0	0	0	0:00:01.720144
4140	5	3	3	0	0:00:01.722360
4160	5	2	2	0	0:00:01.721208
4180	0	8	8	0	0:00:01.723182
4200	4	-1	2	0	0:00:01.731046
4220	4	0	0	0	0:00:01.729509
4240	7	0	0	0	0:00:01.728542
4260	8	-1	1	0	0:00:01.724408
4280	8	-1	8	0	0:00:01.723677
4300	8	-1	8	0	0:00:01.724451
4320	1	8	8	0	0:00:01.723881
4340	0	8	8	0	0:00:01.726255
4360	6	9	9	0	0:00:01.727965
4380	9	-1	8	0	0:00:01.728408
4400	3	4	4	0	0:00:01.727513
4420	5	8	8	0	0:00:01.727844
4440	2	6	2	0	0:00:01.726492
4460	9	-1	8	0	0:00:01.727996
4480	9	-1	6	0	0:00:01.725981
4500	3	-1	6	0	0:00:01.728382
4520	3	6	6	0	0:00:01.728033
4540	9	9	1	1	0:00:01.726880
4560	1	-1	4	0	0:00:01.726406
4580	6	4	4	0	0:00:01.727394
4600	4	7	4	0	0:00:01.727238
4620	7	3	3	0	0:00:01.727982
4640	2	-1	4	0	0:00:01.727165
4660	7	-1	2	0	0:00:01.727643
4680	9	1	1	0	0:00:01.730246
4700	6	1	4	0	0:00:01.726619
4720	8	0	0	0	0:00:01.726240
4740	5	-1	4	0	0:00:01.725714
4760	3	-1	4	0	0:00:01.728023
4780	0	-1	8	0	0:00:01.727741
4800	9	9	9	1	0:00:01.727601
4820	3	5	5	0	0:00:01.726665
4840	0	0	0	1	0:00:01.727256
4860	5	3	3	0	0:00:01.725585
4880	0	2	2	0	0:00:01.729169
4900	3	6	6	0	0:00:01.726223
4920	7	-1	2	0	0:00:01.728220
4940	6	-1	4	0	0:00:01.729122
4960	4	3	3	0	0:00:01.729489
4980	1	9	0	0	0:00:01.726133
5000	7	7	7	1	0:00:01.730596
5020	8	1	8	0	0:00:01.727294
5040	3	-1	4	0	0:00:01.726035
5060	6	2	4	0	0:00:01.722922
5080	7	7	7	1	0:00:01.722835
5100	3	3	4	1	0:00:01.722687
5120	9	-1	8	0	0:00:01.726880
5140	8	-1	8	0	0:00:01.725211
5160	0	8	8	0	0:00:01.725085
5180	9	-1	4	0	0:00:01.724160
5200	3	3	3	1	0:00:01.726155
5220	0	0	0	1	0:00:01.730834
5240	1	-1	2	0	0:00:01.731988
5260	0	0	0	1	0:00:01.729453
5280	0	8	8	0	0:00:01.728562
5300	9	1	1	0	0:00:01.728314
5320	7	-1	3	0	0:00:01.730757
5340	3	4	4	0	0:00:01.728291
5360	9	9	3	1	0:00:01.730275
5380	1	9	9	0	0:00:01.725726
5400	9	-1	8	0	0:00:01.728081
5420	6	-1	6	0	0:00:01.729168
5440	9	9	9	1	0:00:01.728016
5460	0	7	7	0	0:00:01.725229
5480	1	-1	8	0	0:00:01.731725
5500	8	1	8	0	0:00:01.723903
5520	4	-1	3	0	0:00:01.728170
5540	5	6	2	0	0:00:01.729130
5560	3	6	4	0	0:00:01.727004
5580	5	6	6	0	0:00:01.724598
5600	6	-1	0	0	0:00:01.728094
5620	3	2	2	0	0:00:01.726017
5640	2	-1	3	0	0:00:01.729542
5660	9	-1	8	0	0:00:01.725161
5680	2	-1	8	0	0:00:01.728415
5700	3	-1	2	0	0:00:01.731040
5720	9	9	9	1	0:00:01.731904
5740	6	4	4	0	0:00:01.724848
5760	2	-1	2	0	0:00:01.731972
5780	7	7	4	1	0:00:01.730191
5800	2	-1	4	0	0:00:01.731922
5820	5	6	6	0	0:00:01.729673
5840	2	-1	6	0	0:00:01.727935
5860	0	-1	8	0	0:00:01.729279
5880	0	8	8	0	0:00:01.732418
5900	4	3	4	0	0:00:01.729339
5920	8	8	8	1	0:00:01.726407
5940	7	4	4	0	0:00:01.731666
5960	2	-1	4	0	0:00:01.729268
5980	9	9	6	1	0:00:01.726530
6000	8	9	8	0	0:00:01.728275
6020	6	7	6	0	0:00:01.727896
6040	2	7	7	0	0:00:01.725969
6060	3	4	4	0	0:00:01.727378
6080	1	-1	6	0	0:00:01.728311
6100	1	-1	8	0	0:00:01.727973
6120	5	-1	3	0	0:00:01.726403
6140	9	-1	7	0	0:00:01.726545
6160	2	5	5	0	0:00:01.725520
6180	0	-1	8	0	0:00:01.723022
6200	3	-1	3	0	0:00:01.724802
6220	2	6	5	0	0:00:01.725748
6240	2	-1	4	0	0:00:01.727994
6260	2	9	8	0	0:00:01.726567
6280	8	-1	4	0	0:00:01.728469
6300	1	7	4	0	0:00:01.727405
6320	0	0	0	1	0:00:01.727158
6340	3	-1	3	0	0:00:01.725083
6360	2	6	2	0	0:00:01.726886
6380	3	-1	6	0	0:00:01.725941
6400	0	1	4	0	0:00:01.726130
6420	7	-1	8	0	0:00:01.727297
6440	3	-1	8	0	0:00:01.727710
6460	3	-1	4	0	0:00:01.727805
6480	0	-1	2	0	0:00:01.727275
6500	7	-1	8	0	0:00:01.727057
6520	6	-1	4	0	0:00:01.730124
6540	8	-1	8	0	0:00:01.725625
6560	6	-1	4	0	0:00:01.727732
6580	1	-1	2	0	0:00:01.727983
6600	7	7	7	1	0:00:01.724049
6620	7	7	7	1	0:00:01.725825
6640	5	-1	8	0	0:00:01.736618
6660	0	-1	8	0	0:00:01.724669
6680	3	5	5	0	0:00:01.729080
6700	6	-1	2	0	0:00:01.727906
6720	2	4	2	0	0:00:01.725089
6740	2	-1	4	0	0:00:01.721964
6760	5	-1	6	0	0:00:01.727615
6780	7	7	7	1	0:00:01.724179
6800	6	2	4	0	0:00:01.728912
6820	1	1	8	1	0:00:01.723834
6840	9	-1	1	0	0:00:01.729498
6860	0	-1	2	0	0:00:01.725776
6880	2	7	4	0	0:00:01.722946
6900	3	7	4	0	0:00:01.723119
6920	5	2	2	0	0:00:01.722375
6940	1	1	1	1	0:00:01.722860
6960	9	8	8	0	0:00:01.726225
6980	0	-1	8	0	0:00:01.718719
7000	2	8	8	0	0:00:01.721740
7020	7	-1	8	0	0:00:01.725139
7040	7	8	8	0	0:00:01.724803
7060	8	0	8	0	0:00:01.722996
7080	5	-1	4	0	0:00:01.728449
7100	9	3	3	0	0:00:01.721924
7120	7	-1	6	0	0:00:01.723724
7140	4	-1	4	0	0:00:01.723094
7160	5	-1	4	0	0:00:01.727791
7180	6	6	6	1	0:00:01.724967
7200	4	6	2	0	0:00:01.732303
7220	9	-1	8	0	0:00:01.736398
7240	0	8	8	0	0:00:01.727406
7260	1	-1	8	0	0:00:01.723188
7280	1	-1	4	0	0:00:01.724137
7300	3	7	4	0	0:00:01.725122
7320	8	0	0	0	0:00:01.730648
7340	2	4	4	0	0:00:01.724567
7360	2	-1	4	0	0:00:01.726212
7380	7	-1	7	0	0:00:01.726061
7400	3	-1	3	0	0:00:01.726043
7420	3	0	0	0	0:00:01.724553
7440	3	-1	2	0	0:00:01.726447
7460	5	5	5	1	0:00:01.724048
7480	1	-1	5	0	0:00:01.724435
7500	6	6	6	1	0:00:01.725274
7520	4	-1	4	0	0:00:01.730188
7540	5	5	5	1	0:00:01.728732
7560	0	-1	2	0	0:00:01.729985
7580	8	-1	8	0	0:00:01.726133
7600	8	9	8	0	0:00:01.725583
7620	5	-1	4	0	0:00:01.724255
7640	9	-1	6	0	0:00:01.726659
7660	7	-1	4	0	0:00:01.725151
7680	3	9	3	0	0:00:01.732450
7700	6	6	4	1	0:00:01.723966
7720	5	-1	4	0	0:00:01.725199
7740	4	6	2	0	0:00:01.727515
7760	2	9	6	0	0:00:01.730742
7780	3	1	8	0	0:00:01.724093
7800	0	-1	8	0	0:00:01.733849
7820	5	8	8	0	0:00:01.726328
7840	1	1	1	1	0:00:01.770495
7860	8	-1	4	0	0:00:01.726588
7880	0	-1	0	0	0:00:01.724505
7900	0	-1	8	0	0:00:01.721027
7920	9	-1	8	0	0:00:01.722726
7940	2	6	6	0	0:00:01.718723
7960	0	-1	2	0	0:00:01.719901
7980	3	7	4	0	0:00:01.720945
8000	9	-1	8	0	0:00:01.725845
8020	6	3	3	0	0:00:01.722591
8040	2	-1	4	0	0:00:01.725159
8060	6	-1	4	0	0:00:01.721135
8080	4	6	6	0	0:00:01.723295
8100	6	2	2	0	0:00:01.721931
8120	8	9	9	0	0:00:01.723101
8140	5	4	4	0	0:00:01.720866
8160	6	9	6	0	0:00:01.726958
8180	4	-1	4	0	0:00:01.719728
8200	3	-1	2	0	0:00:01.723875
8220	6	-1	2	0	0:00:01.723449
8240	7	7	4	1	0:00:01.724114
8260	1	3	3	0	0:00:01.731669
8280	4	-1	3	0	0:00:01.721295
8300	5	2	2	0	0:00:01.724684
8320	7	-1	4	0	0:00:01.722919
8340	5	3	4	0	0:00:01.722113
8360	7	-1	4	0	0:00:01.723921
8380	9	-1	8	0	0:00:01.720282
8400	0	8	8	0	0:00:01.720064
8420	3	-1	4	0	0:00:01.721004
8440	5	-1	4	0	0:00:01.724572
8460	8	8	8	1	0:00:01.722239
8480	2	-1	8	0	0:00:01.721876
8500	4	2	2	0	0:00:01.721070
8520	8	-1	4	0	0:00:01.722497
8540	4	-1	2	0	0:00:01.722528
8560	7	-1	4	0	0:00:01.723210
8580	3	-1	2	0	0:00:01.723983
8600	3	7	4	0	0:00:01.722107
8620	3	-1	4	0	0:00:01.722690
8640	1	1	1	1	0:00:01.721555
8660	7	-1	5	0	0:00:01.722754
8680	3	9	8	0	0:00:01.722510
8700	3	-1	3	0	0:00:01.723228
8720	2	0	0	0	0:00:01.720617
8740	2	-1	4	0	0:00:01.720115
8760	8	-1	5	0	0:00:01.721142
8780	4	-1	4	0	0:00:01.724640
8800	0	0	0	1	0:00:01.721617
8820	2	-1	3	0	0:00:01.722308
8840	2	1	1	0	0:00:01.722598
8860	2	-1	6	0	0:00:01.724734
8880	1	9	6	0	0:00:01.720496
8900	2	-1	4	0	0:00:01.723658
8920	6	6	6	1	0:00:01.721299
8940	6	3	3	0	0:00:01.722623
8960	0	0	0	1	0:00:01.721919
8980	9	9	8	1	0:00:01.720983
9000	8	8	8	1	0:00:01.723840
9020	7	9	8	0	0:00:01.722724
9040	2	5	5	0	0:00:01.722057
9060	9	5	5	0	0:00:01.721647
9080	3	0	0	0	0:00:01.721910
9100	9	6	6	0	0:00:01.721432
9120	3	0	0	0	0:00:01.722071
9140	7	-1	8	0	0:00:01.722095
9160	5	-1	4	0	0:00:01.724620
9180	5	5	5	1	0:00:01.723725
9200	8	8	8	1	0:00:01.721738
9220	8	8	8	1	0:00:01.720175
9240	8	-1	8	0	0:00:01.722081
9260	5	-1	5	0	0:00:01.721540
9280	9	-1	8	0	0:00:01.721496
9300	5	-1	2	0	0:00:01.721771
9320	9	-1	8	0	0:00:01.722068
9340	1	1	1	1	0:00:01.725362
9360	5	-1	4	0	0:00:01.723223
9380	5	9	3	0	0:00:01.724224
9400	6	-1	4	0	0:00:01.725551
9420	5	6	6	0	0:00:01.721905
9440	8	8	8	1	0:00:01.723245
9460	3	7	4	0	0:00:01.720266
9480	2	4	4	0	0:00:01.721482
9500	9	-1	4	0	0:00:01.721332
9520	1	-1	1	0	0:00:01.725947
9540	5	-1	4	0	0:00:01.783111
9560	9	7	7	0	0:00:01.724782
9580	1	4	4	0	0:00:01.721696
9600	8	-1	8	0	0:00:01.723031
9620	4	7	7	0	0:00:01.721318
9640	5	0	0	0	0:00:01.725292
9660	6	-1	6	0	0:00:01.724535
9680	8	-1	8	0	0:00:01.725204
9700	0	-1	2	0	0:00:01.720054
9720	8	-1	6	0	0:00:01.723081
9740	3	-1	4	0	0:00:01.722717
9760	9	7	4	0	0:00:01.723943
9780	4	6	6	0	0:00:01.720423
9800	1	1	1	1	0:00:01.724380
9820	0	8	8	0	0:00:01.723345
9840	4	-1	5	0	0:00:01.722860
9860	0	-1	8	0	0:00:01.723481
9880	7	-1	4	0	0:00:01.722621
9900	8	0	6	0	0:00:01.720136
9920	6	4	2	0	0:00:01.721158
9940	4	-1	6	0	0:00:01.722831
9960	2	0	0	0	0:00:01.724328
9980	0	0	0	1	0:00:01.722222
