idx	label	predict	basePredict	correct	time
0	3	3	3	1	0:00:01.897341
20	7	5	5	0	0:00:01.460487
40	4	4	4	1	0:00:01.461219
60	7	7	7	1	0:00:01.465695
80	8	8	8	1	0:00:01.462708
100	4	5	5	0	0:00:01.465356
120	8	-1	8	0	0:00:01.447541
140	6	6	2	1	0:00:01.415895
160	2	2	2	1	0:00:01.461674
180	0	0	0	1	0:00:01.429461
200	5	5	5	1	0:00:01.401140
220	7	5	5	0	0:00:01.406905
240	1	1	1	1	0:00:01.429104
260	8	8	8	1	0:00:01.405499
280	9	9	0	1	0:00:01.440415
300	6	6	6	1	0:00:01.656279
320	3	3	5	1	0:00:01.421731
340	2	4	4	0	0:00:01.454283
360	9	9	5	1	0:00:01.420904
380	6	6	2	1	0:00:01.449359
400	9	9	9	1	0:00:01.415904
420	4	4	4	1	0:00:01.442422
440	1	1	1	1	0:00:01.418433
460	5	5	5	1	0:00:01.476840
480	8	9	8	0	0:00:01.475322
500	4	-1	3	0	0:00:01.394309
520	5	5	5	1	0:00:01.399918
540	1	1	1	1	0:00:01.419716
560	0	0	0	1	0:00:01.440970
580	4	4	4	1	0:00:01.440360
600	8	8	8	1	0:00:01.457845
620	7	7	7	1	0:00:01.417780
640	5	3	3	0	0:00:01.426613
660	9	9	8	1	0:00:01.421127
680	9	9	9	1	0:00:01.413580
700	7	7	7	1	0:00:01.410283
720	4	4	4	1	0:00:01.412906
740	2	5	5	0	0:00:01.402629
760	3	3	3	1	0:00:01.422527
780	9	9	9	1	0:00:01.400106
800	7	7	7	1	0:00:01.380891
820	6	6	6	1	0:00:01.384307
840	7	7	7	1	0:00:01.380040
860	4	7	2	0	0:00:01.379894
880	8	8	8	1	0:00:01.411491
900	2	6	6	0	0:00:01.418755
920	6	6	4	1	0:00:01.421212
940	9	9	9	1	0:00:01.405241
960	9	-1	3	0	0:00:01.423081
980	2	4	2	0	0:00:01.394984
1000	5	5	5	1	0:00:01.295928
1020	1	1	1	1	0:00:01.331695
1040	7	5	5	0	0:00:01.313611
1060	9	9	9	1	0:00:01.340565
1080	6	6	6	1	0:00:01.322139
1100	7	-1	8	0	0:00:01.310167
1120	5	2	2	0	0:00:01.312423
1140	6	6	5	1	0:00:01.310327
1160	8	8	8	1	0:00:01.314242
1180	3	3	3	1	0:00:01.312227
1200	8	8	8	1	0:00:01.310450
1220	9	6	3	0	0:00:01.339548
1240	2	6	6	0	0:00:01.323940
1260	1	9	1	0	0:00:01.315609
1280	3	3	3	1	0:00:01.300435
1300	4	3	3	0	0:00:01.303468
1320	7	7	7	1	0:00:01.302760
1340	1	1	1	1	0:00:01.278753
1360	7	7	4	1	0:00:01.281921
1380	4	5	5	0	0:00:01.281879
1400	5	3	5	0	0:00:01.322096
1420	4	-1	7	0	0:00:01.302508
1440	0	0	8	1	0:00:01.282292
1460	6	6	6	1	0:00:01.285689
1480	1	1	5	1	0:00:01.284707
1500	1	1	1	1	0:00:01.291904
1520	7	7	4	1	0:00:01.287617
1540	8	8	8	1	0:00:01.293575
1560	7	7	7	1	0:00:01.332789
1580	6	-1	3	0	0:00:01.291563
1600	8	9	8	0	0:00:01.285808
1620	5	-1	2	0	0:00:01.291058
1640	7	3	3	0	0:00:01.287962
1660	3	3	3	1	0:00:01.286268
1680	6	6	3	1	0:00:01.287339
1700	5	3	3	0	0:00:01.300299
1720	4	4	3	1	0:00:01.330494
1740	1	1	1	1	0:00:01.291657
1760	0	0	0	1	0:00:01.300496
1780	7	7	4	1	0:00:01.312705
1800	4	4	4	1	0:00:01.302566
1820	8	8	8	1	0:00:01.301620
1840	8	-1	2	0	0:00:01.301166
1860	8	8	8	1	0:00:01.301564
1880	1	1	1	1	0:00:01.312781
1900	8	8	8	1	0:00:01.298833
1920	2	2	2	1	0:00:01.286459
1940	5	5	2	1	0:00:01.297287
1960	2	5	2	0	0:00:01.312368
1980	9	9	9	1	0:00:01.300559
2000	1	1	1	1	0:00:01.289283
2020	9	9	9	1	0:00:01.284428
2040	0	0	0	1	0:00:01.285324
2060	5	3	3	0	0:00:01.343600
2080	1	9	9	0	0:00:01.319815
2100	2	2	2	1	0:00:01.315400
2120	4	8	8	0	0:00:01.315152
2140	9	9	9	1	0:00:01.320059
2160	0	0	0	1	0:00:01.313518
2180	4	4	4	1	0:00:01.322358
2200	0	0	0	1	0:00:01.322796
2220	1	1	1	1	0:00:01.342436
2240	9	9	1	1	0:00:01.298198
2260	4	4	4	1	0:00:01.302202
2280	4	4	4	1	0:00:01.326014
2300	3	4	4	0	0:00:01.321170
2320	5	2	2	0	0:00:01.325387
2340	7	7	7	1	0:00:01.324648
2360	7	5	5	0	0:00:01.292037
2380	8	8	8	1	0:00:01.339900
2400	0	0	0	1	0:00:01.294859
2420	8	-1	3	0	0:00:01.293351
2440	7	7	7	1	0:00:01.282490
2460	9	9	4	1	0:00:01.285831
2480	8	8	8	1	0:00:01.295176
2500	4	6	4	0	0:00:01.311288
2520	1	8	8	0	0:00:01.309328
2540	2	6	2	0	0:00:01.331889
2560	7	7	5	1	0:00:01.329427
2580	6	5	5	0	0:00:01.326900
2600	8	8	8	1	0:00:01.322644
2620	1	1	1	1	0:00:01.329226
2640	7	7	7	1	0:00:01.329368
2660	3	-1	2	0	0:00:01.320436
2680	0	0	0	1	0:00:01.322094
2700	9	1	1	0	0:00:01.333335
2720	3	3	3	1	0:00:01.328169
2740	1	-1	2	0	0:00:01.369637
2760	2	2	2	1	0:00:01.321622
2780	7	7	7	1	0:00:01.307048
2800	4	4	3	1	0:00:01.310195
2820	6	6	6	1	0:00:01.297398
2840	3	3	3	1	0:00:01.288858
2860	5	4	4	0	0:00:01.354133
2880	4	4	4	1	0:00:01.291776
2900	3	7	2	0	0:00:01.351053
2920	2	3	2	0	0:00:01.361810
2940	3	0	0	0	0:00:01.364295
2960	9	0	0	0	0:00:01.363709
2980	8	8	8	1	0:00:01.369919
3000	5	5	5	1	0:00:01.365575
3020	1	1	1	1	0:00:01.362159
3040	7	7	7	1	0:00:01.382092
3060	7	7	7	1	0:00:01.370695
3080	1	9	9	0	0:00:01.360066
3100	0	0	0	1	0:00:01.368138
3120	4	4	3	1	0:00:01.366124
3140	8	8	8	1	0:00:01.366228
3160	6	2	2	0	0:00:01.368717
3180	3	6	3	0	0:00:01.371236
3200	5	5	5	1	0:00:01.337417
3220	3	9	3	0	0:00:01.357420
3240	4	0	0	0	0:00:01.383425
3260	7	7	7	1	0:00:01.377379
3280	3	5	5	0	0:00:01.377103
3300	4	4	2	1	0:00:01.388094
3320	2	7	7	0	0:00:01.376737
3340	6	6	0	1	0:00:01.379730
3360	4	4	3	1	0:00:01.363085
3380	8	8	8	1	0:00:01.377812
3400	6	4	4	0	0:00:01.373343
3420	5	7	3	0	0:00:01.374442
3440	2	3	3	0	0:00:01.372906
3460	1	1	1	1	0:00:01.379756
3480	2	2	2	1	0:00:01.365286
3500	1	9	9	0	0:00:01.350128
3520	1	1	1	1	0:00:01.386029
3540	6	6	3	1	0:00:01.382312
3560	1	9	1	0	0:00:01.371104
3580	4	4	4	1	0:00:01.368392
3600	4	2	2	0	0:00:01.375877
3620	0	0	5	1	0:00:01.378840
3640	6	2	6	0	0:00:01.376325
3660	0	0	8	1	0:00:01.377959
3680	0	4	0	0	0:00:01.367059
3700	3	3	3	1	0:00:01.366533
3720	2	2	2	1	0:00:01.378842
3740	0	0	0	1	0:00:01.378030
3760	7	7	7	1	0:00:01.369081
3780	4	4	2	1	0:00:01.373508
3800	9	9	9	1	0:00:01.370988
3820	0	-1	0	0	0:00:01.371116
3840	6	3	3	0	0:00:01.367002
3860	7	7	7	1	0:00:01.368624
3880	6	6	5	1	0:00:01.373117
3900	3	6	6	0	0:00:01.369248
3920	7	7	7	1	0:00:01.375869
3940	6	2	2	0	0:00:01.380588
3960	2	2	2	1	0:00:01.380494
3980	9	9	9	1	0:00:01.439330
4000	8	4	8	0	0:00:01.384048
4020	8	8	8	1	0:00:01.383169
4040	0	0	0	1	0:00:01.387906
4060	6	6	6	1	0:00:01.392648
4080	1	1	1	1	0:00:01.365247
4100	7	7	7	1	0:00:01.360370
4120	4	4	4	1	0:00:01.382026
4140	5	5	5	1	0:00:01.362189
4160	5	3	2	0	0:00:01.391804
4180	0	8	8	0	0:00:01.363305
4200	4	-1	2	0	0:00:01.364225
4220	4	0	0	0	0:00:01.384743
4240	7	0	0	0	0:00:01.375960
4260	8	8	8	1	0:00:01.353469
4280	8	0	0	0	0:00:01.385002
4300	8	8	8	1	0:00:01.373938
4320	1	9	8	0	0:00:01.368948
4340	0	0	0	1	0:00:01.378773
4360	6	6	6	1	0:00:01.386784
4380	9	9	9	1	0:00:01.370062
4400	3	-1	5	0	0:00:01.350292
4420	5	5	5	1	0:00:01.378148
4440	2	2	2	1	0:00:01.391962
4460	9	9	9	1	0:00:01.347991
4480	9	9	9	1	0:00:01.366302
4500	3	5	3	0	0:00:01.373958
4520	3	-1	3	0	0:00:01.375498
4540	9	9	9	1	0:00:01.370393
4560	1	1	1	1	0:00:01.376729
4580	6	6	4	1	0:00:01.369367
4600	4	4	4	1	0:00:01.401219
4620	7	3	3	0	0:00:01.370242
4640	2	2	2	1	0:00:01.369632
4660	7	4	4	0	0:00:01.378674
4680	9	9	9	1	0:00:01.366383
4700	6	5	5	0	0:00:01.377141
4720	8	8	8	1	0:00:01.373379
4740	5	3	3	0	0:00:01.367263
4760	3	2	2	0	0:00:01.371873
4780	0	0	0	1	0:00:01.372977
4800	9	9	9	1	0:00:01.363533
4820	3	3	3	1	0:00:01.377178
4840	0	0	0	1	0:00:01.370603
4860	5	5	5	1	0:00:01.366263
4880	0	8	8	0	0:00:01.363792
4900	3	3	3	1	0:00:01.372699
4920	7	7	7	1	0:00:01.372956
4940	6	6	4	1	0:00:01.360977
4960	4	4	3	1	0:00:01.362096
4980	1	9	9	0	0:00:01.368957
5000	7	7	7	1	0:00:01.368212
5020	8	8	8	1	0:00:01.373750
5040	3	3	3	1	0:00:01.376978
5060	6	6	2	1	0:00:01.390328
5080	7	7	7	1	0:00:01.368361
5100	3	3	3	1	0:00:01.361315
5120	9	9	8	1	0:00:01.367080
5140	8	8	8	1	0:00:01.360702
5160	0	0	8	1	0:00:01.371305
5180	9	7	7	0	0:00:01.362992
5200	3	3	3	1	0:00:01.357627
5220	0	0	0	1	0:00:01.369434
5240	1	1	1	1	0:00:01.373207
5260	0	0	0	1	0:00:01.370778
5280	0	4	4	0	0:00:01.360460
5300	9	9	9	1	0:00:01.370705
5320	7	7	7	1	0:00:01.370962
5340	3	4	4	0	0:00:01.370013
5360	9	9	9	1	0:00:01.375494
5380	1	9	9	0	0:00:01.380042
5400	9	9	9	1	0:00:01.379512
5420	6	6	6	1	0:00:01.366345
5440	9	9	9	1	0:00:01.366956
5460	0	0	0	1	0:00:01.363921
5480	1	1	1	1	0:00:01.375502
5500	8	8	8	1	0:00:01.363316
5520	4	4	3	1	0:00:01.369523
5540	5	5	5	1	0:00:01.387244
5560	3	5	5	0	0:00:01.366268
5580	5	6	3	0	0:00:01.378199
5600	6	6	3	1	0:00:01.369457
5620	3	6	2	0	0:00:01.363326
5640	2	5	2	0	0:00:01.375085
5660	9	9	8	1	0:00:01.370778
5680	2	3	3	0	0:00:01.386777
5700	3	3	3	1	0:00:01.374510
5720	9	9	9	1	0:00:01.370931
5740	6	6	2	1	0:00:01.361284
5760	2	2	2	1	0:00:01.348156
5780	7	7	7	1	0:00:01.363250
5800	2	2	2	1	0:00:01.367540
5820	5	5	5	1	0:00:01.369317
5840	2	2	2	1	0:00:01.365346
5860	0	0	0	1	0:00:01.366183
5880	0	0	0	1	0:00:01.364399
5900	4	3	0	0	0:00:01.371009
5920	8	8	8	1	0:00:01.376609
5940	7	7	3	1	0:00:01.379155
5960	2	6	2	0	0:00:01.375543
5980	9	9	9	1	0:00:01.358896
6000	8	8	8	1	0:00:01.376963
6020	6	6	6	1	0:00:01.377415
6040	2	-1	7	0	0:00:01.372290
6060	3	4	5	0	0:00:01.372843
6080	1	1	1	1	0:00:01.374505
6100	1	1	1	1	0:00:01.369864
6120	5	5	5	1	0:00:01.368714
6140	9	9	9	1	0:00:01.372313
6160	2	5	2	0	0:00:01.365830
6180	0	0	0	1	0:00:01.351648
6200	3	2	2	0	0:00:01.372145
6220	2	5	5	0	0:00:01.373816
6240	2	2	2	1	0:00:01.379688
6260	2	2	2	1	0:00:01.371709
6280	8	5	5	0	0:00:01.370039
6300	1	1	1	1	0:00:01.364419
6320	0	0	0	1	0:00:01.372159
6340	3	-1	3	0	0:00:01.356385
6360	2	2	2	1	0:00:01.385986
6380	3	6	3	0	0:00:01.375131
6400	0	0	0	1	0:00:01.380192
6420	7	7	7	1	0:00:01.379152
6440	3	6	2	0	0:00:01.367895
6460	3	3	3	1	0:00:01.391873
6480	0	0	0	1	0:00:01.377962
6500	7	6	8	0	0:00:01.388115
6520	6	6	2	1	0:00:01.385257
6540	8	8	8	1	0:00:01.376729
6560	6	-1	5	0	0:00:01.382041
6580	1	-1	8	0	0:00:01.370583
6600	7	7	7	1	0:00:01.364218
6620	7	7	7	1	0:00:01.387804
6640	5	3	3	0	0:00:01.361471
6660	0	0	1	1	0:00:01.362476
6680	3	5	5	0	0:00:01.376523
6700	6	6	6	1	0:00:01.353953
6720	2	2	2	1	0:00:01.363643
6740	2	4	4	0	0:00:01.375120
6760	5	5	5	1	0:00:01.374850
6780	7	7	7	1	0:00:01.381592
6800	6	4	4	0	0:00:01.382128
6820	1	1	1	1	0:00:01.374824
6840	9	9	9	1	0:00:01.362400
6860	0	0	0	1	0:00:01.370782
6880	2	2	2	1	0:00:01.365057
6900	3	3	3	1	0:00:01.362341
6920	5	4	2	0	0:00:01.368001
6940	1	1	1	1	0:00:01.377755
6960	9	9	8	1	0:00:01.383832
6980	0	0	0	1	0:00:01.380773
7000	2	-1	8	0	0:00:01.370439
7020	7	7	7	1	0:00:01.361845
7040	7	-1	8	0	0:00:01.363159
7060	8	8	8	1	0:00:01.374167
7080	5	4	4	0	0:00:01.365236
7100	9	3	3	0	0:00:01.369858
7120	7	7	7	1	0:00:01.368423
7140	4	-1	3	0	0:00:01.343221
7160	5	5	5	1	0:00:01.373792
7180	6	6	3	1	0:00:01.377860
7200	4	-1	2	0	0:00:01.369802
7220	9	9	9	1	0:00:01.377475
7240	0	0	8	1	0:00:01.385474
7260	1	1	1	1	0:00:01.389557
7280	1	1	3	1	0:00:01.369253
7300	3	4	5	0	0:00:01.375063
7320	8	0	0	0	0:00:01.364425
7340	2	2	0	1	0:00:01.378453
7360	2	2	2	1	0:00:01.375426
7380	7	7	7	1	0:00:01.387817
7400	3	5	5	0	0:00:01.379353
7420	3	4	4	0	0:00:01.403347
7440	3	3	3	1	0:00:01.373996
7460	5	5	5	1	0:00:01.380157
7480	1	1	1	1	0:00:01.373252
7500	6	6	6	1	0:00:01.382665
7520	4	4	4	1	0:00:01.381847
7540	5	5	5	1	0:00:01.388624
7560	0	0	0	1	0:00:01.379378
7580	8	8	8	1	0:00:01.384074
7600	8	2	2	0	0:00:01.367499
7620	5	3	3	0	0:00:01.375504
7640	9	8	8	0	0:00:01.381556
7660	7	7	4	1	0:00:01.374490
7680	3	5	5	0	0:00:01.379041
7700	6	6	6	1	0:00:01.372337
7720	5	2	2	0	0:00:01.375406
7740	4	4	2	1	0:00:01.395048
7760	2	0	8	0	0:00:01.375091
7780	3	8	8	0	0:00:01.362158
7800	0	0	0	1	0:00:01.372486
7820	5	5	0	1	0:00:01.381171
7840	1	1	1	1	0:00:01.374372
7860	8	8	8	1	0:00:01.368858
7880	0	0	0	1	0:00:01.388206
7900	0	-1	8	0	0:00:01.383459
7920	9	9	9	1	0:00:01.376792
7940	2	6	2	0	0:00:01.378670
7960	0	3	0	0	0:00:01.371054
7980	3	3	3	1	0:00:01.374404
8000	9	9	9	1	0:00:01.389405
8020	6	-1	3	0	0:00:01.360516
8040	2	2	2	1	0:00:01.396332
8060	6	6	6	1	0:00:01.363672
8080	4	4	3	1	0:00:01.385674
8100	6	2	2	0	0:00:01.411655
8120	8	9	8	0	0:00:01.376720
8140	5	7	3	0	0:00:01.380341
8160	6	6	6	1	0:00:01.360405
8180	4	4	4	1	0:00:01.376241
8200	3	6	3	0	0:00:01.393608
8220	6	5	5	0	0:00:01.378223
8240	7	7	7	1	0:00:01.375494
8260	1	1	1	1	0:00:01.381951
8280	4	4	4	1	0:00:01.384212
8300	5	4	2	0	0:00:01.377423
8320	7	7	7	1	0:00:01.357921
8340	5	3	5	0	0:00:01.393477
8360	7	7	7	1	0:00:01.377789
8380	9	9	9	1	0:00:01.371185
8400	0	-1	9	0	0:00:01.378175
8420	3	6	6	0	0:00:01.378718
8440	5	3	3	0	0:00:01.370404
8460	8	8	8	1	0:00:01.369552
8480	2	2	2	1	0:00:01.372931
8500	4	4	4	1	0:00:01.377537
8520	8	8	8	1	0:00:01.396612
8540	4	2	2	0	0:00:01.365943
8560	7	7	7	1	0:00:01.378124
8580	3	5	5	0	0:00:01.379079
8600	3	2	2	0	0:00:01.364762
8620	3	2	5	0	0:00:01.372566
8640	1	1	1	1	0:00:01.363231
8660	7	7	7	1	0:00:01.369924
8680	3	7	3	0	0:00:01.377114
8700	3	3	3	1	0:00:01.366536
8720	2	0	0	0	0:00:01.371764
8740	2	2	5	1	0:00:01.371916
8760	8	8	8	1	0:00:01.375933
8780	4	4	4	1	0:00:01.379302
8800	0	0	0	1	0:00:01.386965
8820	2	2	2	1	0:00:01.389993
8840	2	2	2	1	0:00:01.378038
8860	2	2	2	1	0:00:01.379594
8880	1	1	1	1	0:00:01.375841
8900	2	4	4	0	0:00:01.368471
8920	6	6	3	1	0:00:01.388398
8940	6	3	3	0	0:00:01.374892
8960	0	-1	2	0	0:00:01.370468
8980	9	9	9	1	0:00:01.401050
9000	8	8	8	1	0:00:01.372516
9020	7	7	7	1	0:00:01.367344
9040	2	5	5	0	0:00:01.384709
9060	9	9	9	1	0:00:01.377830
9080	3	-1	3	0	0:00:01.379341
9100	9	1	1	0	0:00:01.371710
9120	3	0	2	0	0:00:01.372506
9140	7	7	4	1	0:00:01.380058
9160	5	3	3	0	0:00:01.376247
9180	5	5	5	1	0:00:01.365682
9200	8	8	8	1	0:00:01.369161
9220	8	8	8	1	0:00:01.368595
9240	8	8	8	1	0:00:01.379218
9260	5	5	5	1	0:00:01.372702
9280	9	8	8	0	0:00:01.370439
9300	5	-1	2	0	0:00:01.370964
9320	9	9	9	1	0:00:01.369657
9340	1	1	1	1	0:00:01.377203
9360	5	0	0	0	0:00:01.372200
9380	5	3	3	0	0:00:01.385863
9400	6	6	6	1	0:00:01.381947
9420	5	5	5	1	0:00:01.382087
9440	8	8	8	1	0:00:01.371542
9460	3	-1	7	0	0:00:01.376799
9480	2	-1	2	0	0:00:01.367416
9500	9	9	2	1	0:00:01.373539
9520	1	1	1	1	0:00:01.372803
9540	5	5	5	1	0:00:01.368124
9560	9	7	3	0	0:00:01.371507
9580	1	1	1	1	0:00:01.365292
9600	8	8	8	1	0:00:01.371238
9620	4	4	4	1	0:00:01.370098
9640	5	5	5	1	0:00:01.376446
9660	6	6	6	1	0:00:01.368608
9680	8	8	8	1	0:00:01.370671
9700	0	0	0	1	0:00:01.366820
9720	8	6	8	0	0:00:01.374200
9740	3	6	2	0	0:00:01.380824
9760	9	5	5	0	0:00:01.383312
9780	4	4	2	1	0:00:01.380894
9800	1	1	1	1	0:00:01.379253
9820	0	8	8	0	0:00:01.374234
9840	4	7	7	0	0:00:01.388208
9860	0	3	8	0	0:00:01.358343
9880	7	8	7	0	0:00:01.373914
9900	8	8	8	1	0:00:01.378605
9920	6	6	6	1	0:00:01.378449
9940	4	5	5	0	0:00:01.374341
9960	2	0	0	0	0:00:01.374086
9980	0	0	0	1	0:00:01.378893
