idx	label	predict	basePredict	correct	time
0	3	3	3	1	0:00:02.767428
20	7	7	5	1	0:00:02.496142
40	4	4	4	1	0:00:02.480901
60	7	7	7	1	0:00:02.482720
80	8	8	8	1	0:00:02.469372
100	4	5	5	0	0:00:02.481430
120	8	8	8	1	0:00:02.501073
140	6	6	2	1	0:00:02.490602
160	2	2	2	1	0:00:02.485065
180	0	0	0	1	0:00:02.480340
200	5	5	5	1	0:00:02.489137
220	7	7	5	1	0:00:02.613647
240	1	1	1	1	0:00:02.534017
260	8	8	8	1	0:00:02.487596
280	9	9	9	1	0:00:02.477718
300	6	6	6	1	0:00:02.488702
320	3	3	5	1	0:00:02.483719
340	2	4	4	0	0:00:02.470137
360	9	9	5	1	0:00:02.491596
380	6	6	2	1	0:00:02.472242
400	9	9	9	1	0:00:02.497555
420	4	4	4	1	0:00:02.476762
440	1	1	1	1	0:00:02.501375
460	5	5	5	1	0:00:02.523185
480	8	9	8	0	0:00:02.496634
500	4	3	3	0	0:00:02.485811
520	5	5	5	1	0:00:02.499700
540	1	1	1	1	0:00:02.476180
560	0	0	0	1	0:00:02.499465
580	4	4	4	1	0:00:02.480193
600	8	8	8	1	0:00:02.505687
620	7	7	7	1	0:00:02.577503
640	5	3	3	0	0:00:02.497032
660	9	9	8	1	0:00:02.526264
680	9	9	9	1	0:00:02.471859
700	7	7	7	1	0:00:02.503179
720	4	4	4	1	0:00:02.489223
740	2	5	5	0	0:00:02.480483
760	3	3	3	1	0:00:02.488194
780	9	9	9	1	0:00:02.481251
800	7	7	7	1	0:00:02.483398
820	6	6	6	1	0:00:02.484599
840	7	7	7	1	0:00:02.491668
860	4	4	4	1	0:00:02.483553
880	8	8	8	1	0:00:02.477285
900	2	6	5	0	0:00:02.512361
920	6	6	4	1	0:00:02.480662
940	9	9	9	1	0:00:02.488944
960	9	9	3	1	0:00:02.509992
980	2	2	2	1	0:00:02.520423
1000	5	5	5	1	0:00:01.783859
1020	1	1	1	1	0:00:01.787333
1040	7	5	3	0	0:00:01.787589
1060	9	9	9	1	0:00:01.791686
1080	6	6	6	1	0:00:01.787102
1100	7	0	8	0	0:00:01.792921
1120	5	2	2	0	0:00:01.784364
1140	6	6	6	1	0:00:01.784986
1160	8	8	8	1	0:00:01.784610
1180	3	3	3	1	0:00:01.789805
1200	8	8	8	1	0:00:01.797261
1220	9	6	3	0	0:00:01.789192
1240	2	6	2	0	0:00:01.783649
1260	1	-1	1	0	0:00:01.791795
1280	3	3	3	1	0:00:01.786399
1300	4	3	3	0	0:00:01.789645
1320	7	7	7	1	0:00:01.784383
1340	1	1	1	1	0:00:01.785115
1360	7	7	7	1	0:00:01.787307
1380	4	4	4	1	0:00:01.787589
1400	5	3	5	0	0:00:01.787718
1420	4	4	4	1	0:00:01.784984
1440	0	0	8	1	0:00:01.785712
1460	6	6	6	1	0:00:01.787315
1480	1	1	1	1	0:00:01.785322
1500	1	1	1	1	0:00:01.786752
1520	7	7	7	1	0:00:01.784344
1540	8	8	8	1	0:00:01.786178
1560	7	7	7	1	0:00:01.786424
1580	6	3	3	0	0:00:01.787561
1600	8	9	8	0	0:00:01.791526
1620	5	3	2	0	0:00:01.788282
1640	7	3	3	0	0:00:01.788053
1660	3	3	3	1	0:00:01.788453
1680	6	6	3	1	0:00:01.788398
1700	5	5	5	1	0:00:01.787851
1720	4	4	4	1	0:00:01.821628
1740	1	1	1	1	0:00:01.797489
1760	0	0	0	1	0:00:01.790588
1780	7	7	4	1	0:00:01.787187
1800	4	4	4	1	0:00:01.784920
1820	8	8	8	1	0:00:01.789415
1840	8	-1	2	0	0:00:01.792634
1860	8	8	8	1	0:00:01.786296
1880	1	1	1	1	0:00:01.788787
1900	8	8	8	1	0:00:01.783365
1920	2	2	2	1	0:00:01.786831
1940	5	5	2	1	0:00:01.791219
1960	2	-1	2	0	0:00:01.786762
1980	9	9	9	1	0:00:01.787760
2000	1	1	1	1	0:00:01.783088
2020	9	9	9	1	0:00:01.788687
2040	0	0	0	1	0:00:01.790157
2060	5	3	3	0	0:00:01.799155
2080	1	9	9	0	0:00:01.792316
2100	2	2	2	1	0:00:01.787133
2120	4	8	8	0	0:00:01.788494
2140	9	9	9	1	0:00:01.786724
2160	0	0	0	1	0:00:01.787874
2180	4	4	4	1	0:00:01.783687
2200	0	0	0	1	0:00:01.784925
2220	1	1	1	1	0:00:01.804813
2240	9	9	1	1	0:00:01.804588
2260	4	4	4	1	0:00:01.787763
2280	4	4	4	1	0:00:01.785084
2300	3	3	3	1	0:00:01.789286
2320	5	2	2	0	0:00:01.787882
2340	7	7	7	1	0:00:01.788181
2360	7	-1	5	0	0:00:01.787019
2380	8	8	8	1	0:00:01.785666
2400	0	0	0	1	0:00:01.791718
2420	8	8	8	1	0:00:01.785510
2440	7	7	7	1	0:00:01.786349
2460	9	9	4	1	0:00:01.788914
2480	8	8	8	1	0:00:01.786103
2500	4	4	4	1	0:00:01.787253
2520	1	1	8	1	0:00:01.786659
2540	2	6	2	0	0:00:01.786444
2560	7	7	5	1	0:00:01.786762
2580	6	5	5	0	0:00:01.786151
2600	8	8	8	1	0:00:01.786587
2620	1	1	1	1	0:00:01.786264
2640	7	7	7	1	0:00:01.787450
2660	3	-1	2	0	0:00:01.781976
2680	0	0	0	1	0:00:01.783848
2700	9	-1	1	0	0:00:01.785171
2720	3	3	3	1	0:00:01.786456
2740	1	1	2	1	0:00:01.785791
2760	2	2	2	1	0:00:01.783787
2780	7	7	7	1	0:00:01.791807
2800	4	4	4	1	0:00:01.788423
2820	6	6	6	1	0:00:01.787854
2840	3	3	3	1	0:00:01.787199
2860	5	4	4	0	0:00:01.787705
2880	4	4	4	1	0:00:01.790274
2900	3	7	2	0	0:00:01.786680
2920	2	3	2	0	0:00:01.788009
2940	3	0	0	0	0:00:01.788876
2960	9	0	0	0	0:00:01.787321
2980	8	8	8	1	0:00:01.792752
3000	5	5	5	1	0:00:01.800305
3020	1	1	1	1	0:00:01.788411
3040	7	7	7	1	0:00:01.788230
3060	7	7	7	1	0:00:01.790611
3080	1	1	9	1	0:00:01.786861
3100	0	0	0	1	0:00:01.786370
3120	4	4	3	1	0:00:01.784740
3140	8	8	8	1	0:00:01.790921
3160	6	2	2	0	0:00:01.789695
3180	3	3	3	1	0:00:01.788393
3200	5	5	5	1	0:00:01.791137
3220	3	9	3	0	0:00:01.786300
3240	4	0	0	0	0:00:01.790196
3260	7	7	7	1	0:00:01.787786
3280	3	5	5	0	0:00:01.786327
3300	4	4	4	1	0:00:01.794695
3320	2	7	7	0	0:00:01.791407
3340	6	6	0	1	0:00:01.783544
3360	4	4	4	1	0:00:01.785749
3380	8	8	8	1	0:00:01.785163
3400	6	4	4	0	0:00:01.798941
3420	5	5	3	1	0:00:01.783293
3440	2	3	3	0	0:00:01.788887
3460	1	1	1	1	0:00:01.788283
3480	2	2	2	1	0:00:01.786525
3500	1	1	1	1	0:00:01.784323
3520	1	1	1	1	0:00:01.790788
3540	6	6	3	1	0:00:01.787247
3560	1	1	1	1	0:00:01.808136
3580	4	4	4	1	0:00:01.784999
3600	4	2	2	0	0:00:01.783533
3620	0	0	0	1	0:00:01.785860
3640	6	6	6	1	0:00:01.784153
3660	0	0	0	1	0:00:01.785414
3680	0	0	0	1	0:00:01.784196
3700	3	3	3	1	0:00:01.784630
3720	2	2	2	1	0:00:01.790171
3740	0	0	0	1	0:00:01.789867
3760	7	7	7	1	0:00:01.794631
3780	4	4	2	1	0:00:01.802387
3800	9	9	9	1	0:00:01.787679
3820	0	0	0	1	0:00:01.786576
3840	6	3	3	0	0:00:01.788565
3860	7	7	7	1	0:00:01.789880
3880	6	6	5	1	0:00:01.783551
3900	3	3	3	1	0:00:01.788193
3920	7	7	7	1	0:00:01.791525
3940	6	6	2	1	0:00:01.790968
3960	2	2	2	1	0:00:01.789464
3980	9	9	9	1	0:00:01.788533
4000	8	4	8	0	0:00:01.787835
4020	8	8	8	1	0:00:01.786194
4040	0	0	0	1	0:00:01.786052
4060	6	6	6	1	0:00:01.795091
4080	1	1	1	1	0:00:01.787179
4100	7	7	7	1	0:00:01.790447
4120	4	4	4	1	0:00:01.786773
4140	5	5	5	1	0:00:01.788322
4160	5	5	2	1	0:00:01.783775
4180	0	8	8	0	0:00:01.784188
4200	4	4	2	1	0:00:01.787037
4220	4	0	0	0	0:00:01.788795
4240	7	7	0	1	0:00:01.796899
4260	8	8	8	1	0:00:01.784681
4280	8	0	8	0	0:00:01.794121
4300	8	8	8	1	0:00:01.786315
4320	1	9	8	0	0:00:01.786991
4340	0	0	0	1	0:00:01.785221
4360	6	6	6	1	0:00:01.783822
4380	9	9	9	1	0:00:01.792300
4400	3	3	3	1	0:00:01.786088
4420	5	5	5	1	0:00:01.788212
4440	2	2	2	1	0:00:01.783820
4460	9	9	9	1	0:00:01.789619
4480	9	9	9	1	0:00:01.787239
4500	3	5	3	0	0:00:01.791401
4520	3	3	3	1	0:00:01.800753
4540	9	9	9	1	0:00:01.789524
4560	1	1	1	1	0:00:01.786034
4580	6	6	6	1	0:00:01.803058
4600	4	4	4	1	0:00:01.796494
4620	7	7	3	1	0:00:01.798662
4640	2	2	2	1	0:00:01.794244
4660	7	7	5	1	0:00:01.790810
4680	9	9	9	1	0:00:01.787048
4700	6	5	5	0	0:00:01.786500
4720	8	8	8	1	0:00:01.792256
4740	5	3	3	0	0:00:01.789084
4760	3	2	2	0	0:00:01.788948
4780	0	0	0	1	0:00:01.787446
4800	9	9	9	1	0:00:01.786438
4820	3	3	3	1	0:00:01.783973
4840	0	0	0	1	0:00:01.789265
4860	5	5	5	1	0:00:01.797259
4880	0	8	8	0	0:00:01.794569
4900	3	3	3	1	0:00:01.811859
4920	7	7	7	1	0:00:01.802876
4940	6	6	4	1	0:00:01.807091
4960	4	4	3	1	0:00:01.787727
4980	1	9	9	0	0:00:01.790739
5000	7	7	7	1	0:00:01.786623
5020	8	8	8	1	0:00:01.793467
5040	3	3	3	1	0:00:01.787501
5060	6	6	6	1	0:00:01.788444
5080	7	7	7	1	0:00:01.791990
5100	3	3	3	1	0:00:01.800157
5120	9	9	9	1	0:00:01.785520
5140	8	8	8	1	0:00:01.789269
5160	0	0	0	1	0:00:01.784834
5180	9	9	7	1	0:00:01.791323
5200	3	3	3	1	0:00:01.789417
5220	0	0	0	1	0:00:01.786157
5240	1	1	1	1	0:00:01.788701
5260	0	0	0	1	0:00:01.788892
5280	0	4	4	0	0:00:01.784750
5300	9	9	9	1	0:00:01.785034
5320	7	7	7	1	0:00:01.788764
5340	3	4	5	0	0:00:01.787393
5360	9	9	9	1	0:00:01.787452
5380	1	9	9	0	0:00:01.798693
5400	9	9	9	1	0:00:01.789984
5420	6	6	6	1	0:00:01.789923
5440	9	9	9	1	0:00:01.798419
5460	0	0	0	1	0:00:01.790249
5480	1	1	1	1	0:00:01.788638
5500	8	8	8	1	0:00:01.790112
5520	4	4	4	1	0:00:01.785231
5540	5	5	5	1	0:00:01.786253
5560	3	5	5	0	0:00:01.790701
5580	5	-1	3	0	0:00:01.789429
5600	6	6	3	1	0:00:01.801794
5620	3	6	2	0	0:00:01.799979
5640	2	5	2	0	0:00:01.789934
5660	9	9	8	1	0:00:01.790501
5680	2	3	3	0	0:00:01.787893
5700	3	3	3	1	0:00:01.788006
5720	9	9	9	1	0:00:01.793984
5740	6	6	2	1	0:00:01.789496
5760	2	2	2	1	0:00:01.788296
5780	7	7	7	1	0:00:01.802329
5800	2	2	2	1	0:00:01.791277
5820	5	5	5	1	0:00:01.789761
5840	2	2	2	1	0:00:01.788736
5860	0	0	0	1	0:00:01.786156
5880	0	0	0	1	0:00:01.784007
5900	4	3	0	0	0:00:01.790311
5920	8	8	8	1	0:00:01.787080
5940	7	7	3	1	0:00:01.788339
5960	2	6	2	0	0:00:01.787328
5980	9	9	9	1	0:00:01.788306
6000	8	8	8	1	0:00:01.789372
6020	6	6	6	1	0:00:01.787777
6040	2	-1	2	0	0:00:01.787185
6060	3	4	5	0	0:00:01.788626
6080	1	1	1	1	0:00:01.791164
6100	1	1	1	1	0:00:01.791314
6120	5	5	5	1	0:00:01.789124
6140	9	9	9	1	0:00:01.786241
6160	2	5	2	0	0:00:01.787143
6180	0	0	0	1	0:00:01.792991
6200	3	3	2	1	0:00:01.799794
6220	2	5	2	0	0:00:01.790313
6240	2	2	2	1	0:00:01.794976
6260	2	2	2	1	0:00:01.799631
6280	8	5	5	0	0:00:01.795513
6300	1	1	1	1	0:00:01.791600
6320	0	0	0	1	0:00:01.787780
6340	3	3	3	1	0:00:01.790245
6360	2	2	2	1	0:00:01.783812
6380	3	6	3	0	0:00:01.786940
6400	0	0	0	1	0:00:01.789327
6420	7	7	7	1	0:00:01.786699
6440	3	3	2	1	0:00:01.784843
6460	3	3	3	1	0:00:01.796881
6480	0	0	0	1	0:00:01.786638
6500	7	6	8	0	0:00:01.786986
6520	6	6	2	1	0:00:01.792429
6540	8	8	8	1	0:00:01.786710
6560	6	6	5	1	0:00:01.793528
6580	1	1	8	1	0:00:01.790262
6600	7	7	7	1	0:00:01.788377
6620	7	7	7	1	0:00:01.787526
6640	5	3	3	0	0:00:01.799666
6660	0	0	0	1	0:00:01.787252
6680	3	5	5	0	0:00:01.786046
6700	6	6	6	1	0:00:01.789063
6720	2	2	2	1	0:00:01.786024
6740	2	2	2	1	0:00:01.791698
6760	5	5	5	1	0:00:01.879540
6780	7	7	7	1	0:00:01.867632
6800	6	-1	4	0	0:00:01.787414
6820	1	1	1	1	0:00:01.785850
6840	9	9	9	1	0:00:01.783689
6860	0	0	0	1	0:00:01.787939
6880	2	2	2	1	0:00:01.786548
6900	3	3	3	1	0:00:01.795113
6920	5	4	2	0	0:00:01.784753
6940	1	1	1	1	0:00:01.788896
6960	9	9	9	1	0:00:01.789039
6980	0	0	0	1	0:00:01.787672
7000	2	0	8	0	0:00:01.791166
7020	7	7	7	1	0:00:01.799121
7040	7	-1	8	0	0:00:01.784324
7060	8	8	8	1	0:00:01.787661
7080	5	4	2	0	0:00:01.787303
7100	9	3	3	0	0:00:01.796151
7120	7	7	7	1	0:00:01.784506
7140	4	4	3	1	0:00:01.790276
7160	5	5	5	1	0:00:01.786440
7180	6	6	6	1	0:00:01.795317
7200	4	4	2	1	0:00:01.786032
7220	9	9	9	1	0:00:01.789187
7240	0	0	8	1	0:00:01.787420
7260	1	1	1	1	0:00:01.784865
7280	1	1	3	1	0:00:01.786923
7300	3	5	5	0	0:00:01.785741
7320	8	0	0	0	0:00:01.786561
7340	2	2	0	1	0:00:01.788205
7360	2	2	2	1	0:00:01.790331
7380	7	7	7	1	0:00:01.788316
7400	3	5	3	0	0:00:01.794150
7420	3	4	2	0	0:00:01.791055
7440	3	3	3	1	0:00:01.799415
7460	5	5	5	1	0:00:01.790287
7480	1	1	1	1	0:00:01.790821
7500	6	6	6	1	0:00:01.784977
7520	4	4	4	1	0:00:01.785038
7540	5	5	5	1	0:00:01.788626
7560	0	0	0	1	0:00:01.790203
7580	8	8	8	1	0:00:01.786877
7600	8	2	2	0	0:00:01.784868
7620	5	3	3	0	0:00:01.786282
7640	9	9	8	1	0:00:01.784393
7660	7	7	7	1	0:00:01.787174
7680	3	5	5	0	0:00:01.782746
7700	6	6	6	1	0:00:01.785053
7720	5	2	2	0	0:00:01.782594
7740	4	4	2	1	0:00:01.790470
7760	2	0	8	0	0:00:01.788646
7780	3	8	8	0	0:00:01.787630
7800	0	0	0	1	0:00:01.785304
7820	5	5	3	1	0:00:01.785636
7840	1	1	1	1	0:00:01.790200
7860	8	8	8	1	0:00:01.783144
7880	0	0	0	1	0:00:01.793749
7900	0	2	0	0	0:00:01.784701
7920	9	9	9	1	0:00:01.796827
7940	2	2	2	1	0:00:01.787120
7960	0	0	0	1	0:00:01.781852
7980	3	3	3	1	0:00:01.789155
8000	9	9	9	1	0:00:01.788966
8020	6	3	3	0	0:00:01.786630
8040	2	2	2	1	0:00:01.787532
8060	6	6	6	1	0:00:01.789014
8080	4	4	3	1	0:00:01.788620
8100	6	2	2	0	0:00:01.782778
8120	8	8	8	1	0:00:01.789371
8140	5	7	5	0	0:00:01.789348
8160	6	6	6	1	0:00:01.786600
8180	4	4	4	1	0:00:01.796417
8200	3	6	3	0	0:00:01.785684
8220	6	5	5	0	0:00:01.785145
8240	7	7	7	1	0:00:01.794969
8260	1	1	1	1	0:00:01.800642
8280	4	4	4	1	0:00:01.797092
8300	5	4	3	0	0:00:01.789966
8320	7	7	7	1	0:00:01.783854
8340	5	5	5	1	0:00:01.789748
8360	7	7	7	1	0:00:01.786905
8380	9	9	9	1	0:00:01.787414
8400	0	0	0	1	0:00:01.785395
8420	3	6	3	0	0:00:01.785514
8440	5	5	3	1	0:00:01.786832
8460	8	8	8	1	0:00:01.793564
8480	2	2	2	1	0:00:01.795495
8500	4	4	4	1	0:00:01.790404
8520	8	8	8	1	0:00:01.784256
8540	4	4	2	1	0:00:01.784297
8560	7	7	7	1	0:00:01.793603
8580	3	5	5	0	0:00:01.786182
8600	3	-1	3	0	0:00:01.783820
8620	3	5	5	0	0:00:01.785454
8640	1	1	1	1	0:00:01.783861
8660	7	7	7	1	0:00:01.786587
8680	3	3	3	1	0:00:01.788020
8700	3	3	3	1	0:00:01.789753
8720	2	0	0	0	0:00:01.786426
8740	2	2	5	1	0:00:01.789287
8760	8	8	8	1	0:00:01.808882
8780	4	4	4	1	0:00:01.788132
8800	0	0	0	1	0:00:01.786272
8820	2	2	2	1	0:00:01.786619
8840	2	2	2	1	0:00:01.785132
8860	2	2	2	1	0:00:01.783281
8880	1	1	1	1	0:00:01.786855
8900	2	4	2	0	0:00:01.789862
8920	6	6	3	1	0:00:01.795694
8940	6	3	3	0	0:00:01.793182
8960	0	0	2	1	0:00:01.786665
8980	9	9	9	1	0:00:01.785551
9000	8	8	8	1	0:00:01.790363
9020	7	7	7	1	0:00:01.798887
9040	2	5	5	0	0:00:01.787355
9060	9	9	9	1	0:00:01.784421
9080	3	3	3	1	0:00:01.786572
9100	9	1	1	0	0:00:01.798360
9120	3	3	3	1	0:00:01.784018
9140	7	7	4	1	0:00:01.783461
9160	5	3	3	0	0:00:01.783947
9180	5	5	5	1	0:00:01.786884
9200	8	8	8	1	0:00:01.783296
9220	8	8	8	1	0:00:01.788540
9240	8	8	8	1	0:00:01.786592
9260	5	5	5	1	0:00:01.790061
9280	9	8	8	0	0:00:01.786996
9300	5	5	2	1	0:00:01.792532
9320	9	9	9	1	0:00:01.796682
9340	1	1	1	1	0:00:01.785925
9360	5	0	5	0	0:00:01.785496
9380	5	3	3	0	0:00:01.783353
9400	6	6	6	1	0:00:01.784871
9420	5	5	5	1	0:00:01.804682
9440	8	8	8	1	0:00:01.787490
9460	3	3	3	1	0:00:01.792122
9480	2	2	2	1	0:00:01.782701
9500	9	9	9	1	0:00:01.786692
9520	1	1	1	1	0:00:01.782110
9540	5	5	5	1	0:00:01.783282
9560	9	7	3	0	0:00:01.798179
9580	1	1	1	1	0:00:01.793768
9600	8	8	8	1	0:00:01.784967
9620	4	4	4	1	0:00:01.786058
9640	5	5	5	1	0:00:01.787326
9660	6	6	6	1	0:00:01.783979
9680	8	8	8	1	0:00:01.792372
9700	0	0	0	1	0:00:01.787378
9720	8	8	8	1	0:00:01.788191
9740	3	6	2	0	0:00:01.793941
9760	9	9	5	1	0:00:01.787082
9780	4	4	2	1	0:00:01.783866
9800	1	1	1	1	0:00:01.783258
9820	0	8	8	0	0:00:01.790854
9840	4	7	7	0	0:00:01.785704
9860	0	0	8	1	0:00:01.786011
9880	7	7	7	1	0:00:01.794121
9900	8	8	8	1	0:00:01.786892
9920	6	6	6	1	0:00:01.790834
9940	4	4	4	1	0:00:01.785357
9960	2	0	0	0	0:00:01.789488
9980	0	0	0	1	0:00:01.787696
