idx	label	predict	basePredict	correct	time
0	3	1	4	0	0:00:03.723416
20	7	9	9	0	0:00:03.572642
40	4	8	8	0	0:00:03.595557
60	7	2	2	0	0:00:03.537223
80	8	8	8	1	0:00:03.545659
100	4	5	4	0	0:00:03.571752
120	8	8	8	1	0:00:03.549085
140	6	2	2	0	0:00:03.560208
160	2	0	0	0	0:00:03.590165
180	0	0	0	1	0:00:03.568404
200	5	7	3	0	0:00:03.556715
220	7	7	7	1	0:00:03.582865
240	1	1	1	1	0:00:03.560801
260	8	5	5	0	0:00:03.540302
280	9	9	8	1	0:00:03.588568
300	6	-1	4	0	0:00:03.564316
320	3	5	2	0	0:00:03.521055
340	2	-1	4	0	0:00:03.610889
360	9	6	6	0	0:00:03.596725
380	6	8	8	0	0:00:03.575839
400	9	9	8	1	0:00:03.596736
420	4	6	6	0	0:00:03.483174
440	1	-1	2	0	0:00:03.521777
460	5	7	4	0	0:00:03.587425
480	8	9	9	0	0:00:03.560291
500	4	9	6	0	0:00:03.596980
520	5	7	8	0	0:00:03.608125
540	1	8	8	0	0:00:03.566778
560	0	0	0	1	0:00:03.573485
580	4	6	6	0	0:00:03.596221
600	8	9	0	0	0:00:03.567237
620	7	6	4	0	0:00:03.567501
640	5	6	6	0	0:00:03.628204
660	9	9	9	1	0:00:03.566937
680	9	9	9	1	0:00:03.562282
700	7	7	7	1	0:00:03.614231
720	4	9	9	0	0:00:03.566065
740	2	5	5	0	0:00:03.558879
760	3	9	9	0	0:00:03.617281
780	9	9	8	1	0:00:03.565948
800	7	7	7	1	0:00:03.549454
820	6	9	9	0	0:00:03.635794
840	7	7	7	1	0:00:03.556431
860	4	6	6	0	0:00:03.567792
880	8	8	8	1	0:00:03.565111
900	2	6	6	0	0:00:03.571659
920	6	2	2	0	0:00:03.588114
940	9	6	6	0	0:00:03.586546
960	9	9	9	1	0:00:03.571178
980	2	6	6	0	0:00:03.575369
1000	5	5	8	1	0:00:03.457831
1020	1	8	8	0	0:00:03.481779
1040	7	5	5	0	0:00:03.474895
1060	9	8	8	0	0:00:03.468829
1080	6	6	6	1	0:00:03.478113
1100	7	8	8	0	0:00:03.477040
1120	5	8	8	0	0:00:03.461111
1140	6	-1	6	0	0:00:03.477523
1160	8	0	0	0	0:00:03.461766
1180	3	9	9	0	0:00:03.446247
1200	8	0	0	0	0:00:03.454282
1220	9	7	2	0	0:00:03.439954
1240	2	6	6	0	0:00:03.438301
1260	1	9	9	0	0:00:03.454615
1280	3	7	7	0	0:00:03.423586
1300	4	6	6	0	0:00:03.445013
1320	7	0	0	0	0:00:03.452130
1340	1	1	1	1	0:00:03.446990
1360	7	9	2	0	0:00:03.424443
1380	4	8	8	0	0:00:03.446039
1400	5	2	2	0	0:00:03.491112
1420	4	7	7	0	0:00:03.381809
1440	0	-1	0	0	0:00:03.426922
1460	6	9	4	0	0:00:03.427333
1480	1	5	5	0	0:00:03.413530
1500	1	9	9	0	0:00:03.487176
1520	7	6	6	0	0:00:03.407036
1540	8	8	8	1	0:00:03.408947
1560	7	7	7	1	0:00:03.437168
1580	6	9	9	0	0:00:03.401783
1600	8	9	6	0	0:00:03.405849
1620	5	8	8	0	0:00:03.379984
1640	7	5	5	0	0:00:03.400416
1660	3	-1	4	0	0:00:03.408293
1680	6	6	6	1	0:00:03.428113
1700	5	0	0	0	0:00:03.448858
1720	4	0	0	0	0:00:03.415057
1740	1	9	9	0	0:00:03.436523
1760	0	8	8	0	0:00:03.383204
1780	7	8	8	0	0:00:03.389170
1800	4	8	8	0	0:00:03.396104
1820	8	9	8	0	0:00:03.443769
1840	8	7	7	0	0:00:03.433643
1860	8	8	8	1	0:00:03.388716
1880	1	4	4	0	0:00:03.455062
1900	8	8	8	1	0:00:03.426989
1920	2	7	6	0	0:00:03.414646
1940	5	2	2	0	0:00:03.516136
1960	2	7	7	0	0:00:03.485387
1980	9	9	8	1	0:00:03.395191
2000	1	6	6	0	0:00:03.433497
2020	9	9	9	1	0:00:03.412315
2040	0	8	8	0	0:00:03.442010
2060	5	5	0	1	0:00:03.404261
2080	1	2	2	0	0:00:03.437645
2100	2	4	4	0	0:00:03.439427
2120	4	8	8	0	0:00:03.395365
2140	9	9	1	1	0:00:03.447001
2160	0	8	8	0	0:00:03.441005
2180	4	6	6	0	0:00:03.451009
2200	0	0	0	1	0:00:03.421368
2220	1	1	4	1	0:00:03.456391
2240	9	9	9	1	0:00:03.524990
2260	4	1	4	0	0:00:03.472790
2280	4	-1	8	0	0:00:03.446263
2300	3	6	6	0	0:00:03.448722
2320	5	8	8	0	0:00:03.482626
2340	7	9	9	0	0:00:03.456710
2360	7	9	9	0	0:00:03.463911
2380	8	8	8	1	0:00:03.468100
2400	0	0	0	1	0:00:03.469392
2420	8	-1	5	0	0:00:03.465440
2440	7	1	8	0	0:00:03.492584
2460	9	9	6	1	0:00:03.469110
2480	8	8	8	1	0:00:03.412909
2500	4	6	4	0	0:00:03.497315
2520	1	8	8	0	0:00:03.472804
2540	2	4	4	0	0:00:03.470336
2560	7	2	2	0	0:00:03.499816
2580	6	4	4	0	0:00:03.467203
2600	8	8	8	1	0:00:03.437169
2620	1	6	6	0	0:00:03.481477
2640	7	7	2	1	0:00:03.469046
2660	3	0	0	0	0:00:03.446994
2680	0	0	0	1	0:00:03.475506
2700	9	0	0	0	0:00:03.476652
2720	3	8	8	0	0:00:03.473983
2740	1	1	1	1	0:00:03.471560
2760	2	6	6	0	0:00:03.418440
2780	7	7	6	1	0:00:03.447888
2800	4	6	6	0	0:00:03.458933
2820	6	6	6	1	0:00:03.482187
2840	3	3	3	1	0:00:03.440953
2860	5	7	7	0	0:00:03.470095
2880	4	4	4	1	0:00:03.462259
2900	3	5	5	0	0:00:03.499110
2920	2	8	0	0	0:00:03.491497
2940	3	0	8	0	0:00:03.484109
2960	9	7	9	0	0:00:03.484000
2980	8	1	4	0	0:00:03.446092
3000	5	5	5	1	0:00:03.475735
3020	1	1	8	1	0:00:03.482126
3040	7	7	7	1	0:00:03.475087
3060	7	7	7	1	0:00:03.473232
3080	1	2	2	0	0:00:03.450716
3100	0	0	0	1	0:00:03.455694
3120	4	6	6	0	0:00:03.502783
3140	8	8	8	1	0:00:03.468663
3160	6	4	4	0	0:00:03.440610
3180	3	8	8	0	0:00:03.483379
3200	5	1	7	0	0:00:03.488889
3220	3	9	7	0	0:00:03.437640
3240	4	8	8	0	0:00:03.457435
3260	7	0	0	0	0:00:03.439885
3280	3	0	0	0	0:00:03.466656
3300	4	9	4	0	0:00:03.444283
3320	2	9	7	0	0:00:03.426418
3340	6	-1	4	0	0:00:03.487797
3360	4	6	6	0	0:00:03.478421
3380	8	9	8	0	0:00:03.468284
3400	6	4	4	0	0:00:03.467793
3420	5	6	6	0	0:00:03.482489
3440	2	9	9	0	0:00:03.394904
3460	1	1	4	1	0:00:03.427037
3480	2	2	2	1	0:00:03.447515
3500	1	4	4	0	0:00:03.436315
3520	1	1	1	1	0:00:03.454790
3540	6	8	8	0	0:00:03.420259
3560	1	9	8	0	0:00:03.399138
3580	4	1	8	0	0:00:03.458479
3600	4	2	2	0	0:00:03.415128
3620	0	7	7	0	0:00:03.416007
3640	6	0	0	0	0:00:03.462010
3660	0	8	8	0	0:00:03.440329
3680	0	2	2	0	0:00:03.461183
3700	3	5	4	0	0:00:03.432910
3720	2	2	0	1	0:00:03.434862
3740	0	0	0	1	0:00:03.443118
3760	7	7	7	1	0:00:03.421986
3780	4	2	2	0	0:00:03.412705
3800	9	9	0	1	0:00:03.486634
3820	0	0	0	1	0:00:03.452734
3840	6	8	8	0	0:00:03.489310
3860	7	7	7	1	0:00:03.451725
3880	6	4	4	0	0:00:03.479107
3900	3	0	1	0	0:00:03.485311
3920	7	8	8	0	0:00:03.485547
3940	6	7	7	0	0:00:03.470159
3960	2	5	6	0	0:00:03.484112
3980	9	7	7	0	0:00:03.484608
4000	8	7	4	0	0:00:03.453591
4020	8	9	8	0	0:00:03.483846
4040	0	0	0	1	0:00:03.474275
4060	6	0	0	0	0:00:03.466157
4080	1	8	8	0	0:00:03.449987
4100	7	7	7	1	0:00:03.424367
4120	4	0	0	0	0:00:03.449163
4140	5	2	2	0	0:00:03.463860
4160	5	2	2	0	0:00:03.466761
4180	0	-1	8	0	0:00:03.465994
4200	4	2	2	0	0:00:03.489208
4220	4	0	0	0	0:00:03.483280
4240	7	8	8	0	0:00:03.460725
4260	8	-1	8	0	0:00:03.433264
4280	8	9	8	0	0:00:03.465383
4300	8	9	8	0	0:00:03.436932
4320	1	8	8	0	0:00:03.407784
4340	0	8	8	0	0:00:03.411521
4360	6	9	9	0	0:00:03.403872
4380	9	9	8	1	0:00:03.501411
4400	3	8	8	0	0:00:03.478760
4420	5	8	8	0	0:00:03.539438
4440	2	6	6	0	0:00:03.508142
4460	9	8	8	0	0:00:03.553287
4480	9	6	6	0	0:00:03.545643
4500	3	7	7	0	0:00:03.470742
4520	3	6	6	0	0:00:03.510053
4540	9	9	9	1	0:00:03.491251
4560	1	1	4	1	0:00:03.490051
4580	6	6	4	1	0:00:03.476203
4600	4	1	1	0	0:00:03.498052
4620	7	3	3	0	0:00:03.515365
4640	2	5	4	0	0:00:03.497048
4660	7	-1	2	0	0:00:03.491652
4680	9	1	1	0	0:00:03.485781
4700	6	1	4	0	0:00:03.519215
4720	8	0	0	0	0:00:03.488568
4740	5	6	6	0	0:00:03.490587
4760	3	8	8	0	0:00:03.494743
4780	0	8	0	0	0:00:03.483953
4800	9	9	9	1	0:00:03.488392
4820	3	1	6	0	0:00:03.469683
4840	0	0	0	1	0:00:03.502561
4860	5	5	5	1	0:00:03.531415
4880	0	2	2	0	0:00:03.488976
4900	3	6	6	0	0:00:03.475302
4920	7	0	0	0	0:00:03.479360
4940	6	4	2	0	0:00:03.477543
4960	4	6	6	0	0:00:03.482165
4980	1	9	9	0	0:00:03.504324
5000	7	7	7	1	0:00:03.470909
5020	8	8	8	1	0:00:03.483885
5040	3	7	4	0	0:00:03.513249
5060	6	6	6	1	0:00:03.455638
5080	7	7	7	1	0:00:03.455176
5100	3	4	4	0	0:00:03.490973
5120	9	8	8	0	0:00:03.453216
5140	8	8	8	1	0:00:03.442062
5160	0	8	8	0	0:00:03.482122
5180	9	6	4	0	0:00:03.465211
5200	3	3	3	1	0:00:03.475990
5220	0	0	0	1	0:00:03.467144
5240	1	9	4	0	0:00:03.423106
5260	0	0	0	1	0:00:03.463345
5280	0	8	8	0	0:00:03.465375
5300	9	1	6	0	0:00:03.441500
5320	7	7	7	1	0:00:03.455788
5340	3	8	8	0	0:00:03.434862
5360	9	9	9	1	0:00:03.455510
5380	1	9	9	0	0:00:03.452944
5400	9	0	8	0	0:00:03.453639
5420	6	7	6	0	0:00:03.436854
5440	9	9	9	1	0:00:03.425400
5460	0	6	6	0	0:00:03.422611
5480	1	8	8	0	0:00:03.354835
5500	8	9	8	0	0:00:03.369063
5520	4	6	6	0	0:00:03.379123
5540	5	6	2	0	0:00:03.435239
5560	3	6	6	0	0:00:03.452927
5580	5	6	6	0	0:00:03.459622
5600	6	9	8	0	0:00:03.479029
5620	3	2	2	0	0:00:03.456802
5640	2	3	3	0	0:00:03.473262
5660	9	9	8	1	0:00:03.471736
5680	2	8	8	0	0:00:03.478159
5700	3	9	6	0	0:00:03.475988
5720	9	9	9	1	0:00:03.419510
5740	6	6	4	1	0:00:03.420367
5760	2	8	8	0	0:00:03.429180
5780	7	9	7	0	0:00:03.421060
5800	2	6	4	0	0:00:03.429232
5820	5	6	6	0	0:00:03.426352
5840	2	6	6	0	0:00:03.410179
5860	0	8	8	0	0:00:03.447232
5880	0	8	8	0	0:00:03.424971
5900	4	5	0	0	0:00:03.465466
5920	8	8	8	1	0:00:03.399953
5940	7	4	4	0	0:00:03.412944
5960	2	7	7	0	0:00:03.418654
5980	9	9	8	1	0:00:03.414033
6000	8	9	8	0	0:00:03.446410
6020	6	9	6	0	0:00:03.373421
6040	2	-1	7	0	0:00:03.401772
6060	3	4	4	0	0:00:03.403556
6080	1	9	6	0	0:00:03.402915
6100	1	-1	8	0	0:00:03.485103
6120	5	5	5	1	0:00:03.428651
6140	9	9	9	1	0:00:03.424355
6160	2	9	8	0	0:00:03.483057
6180	0	9	8	0	0:00:03.440513
6200	3	0	0	0	0:00:03.443530
6220	2	6	6	0	0:00:03.478730
6240	2	1	6	0	0:00:03.446522
6260	2	9	9	0	0:00:03.453501
6280	8	5	5	0	0:00:03.472056
6300	1	7	4	0	0:00:03.475414
6320	0	0	0	1	0:00:03.446647
6340	3	8	8	0	0:00:03.472037
6360	2	6	2	0	0:00:03.443131
6380	3	1	6	0	0:00:03.466749
6400	0	1	4	0	0:00:03.439988
6420	7	8	8	0	0:00:03.426648
6440	3	8	8	0	0:00:03.446232
6460	3	1	1	0	0:00:03.431750
6480	0	0	0	1	0:00:03.429102
6500	7	0	0	0	0:00:03.418145
6520	6	4	2	0	0:00:03.413023
6540	8	8	8	1	0:00:03.422867
6560	6	6	6	1	0:00:03.446137
6580	1	-1	8	0	0:00:03.417462
6600	7	7	7	1	0:00:03.480245
6620	7	7	7	1	0:00:03.469926
6640	5	8	8	0	0:00:03.409070
6660	0	8	8	0	0:00:03.419668
6680	3	3	3	1	0:00:03.398018
6700	6	6	6	1	0:00:03.394107
6720	2	2	2	1	0:00:03.401206
6740	2	6	6	0	0:00:03.396215
6760	5	0	0	0	0:00:03.404544
6780	7	7	7	1	0:00:03.392005
6800	6	6	6	1	0:00:03.405412
6820	1	1	1	1	0:00:03.402687
6840	9	9	6	1	0:00:03.396966
6860	0	0	0	1	0:00:03.403275
6880	2	6	6	0	0:00:03.405524
6900	3	7	7	0	0:00:03.391462
6920	5	2	2	0	0:00:03.407239
6940	1	1	1	1	0:00:03.405032
6960	9	8	8	0	0:00:03.410474
6980	0	9	9	0	0:00:03.404926
7000	2	8	8	0	0:00:03.397786
7020	7	1	1	0	0:00:03.424310
7040	7	8	8	0	0:00:03.405487
7060	8	-1	8	0	0:00:03.429701
7080	5	0	0	0	0:00:03.438997
7100	9	8	8	0	0:00:03.442955
7120	7	7	6	1	0:00:03.437258
7140	4	4	4	1	0:00:03.385868
7160	5	7	2	0	0:00:03.427740
7180	6	6	6	1	0:00:03.394638
7200	4	6	2	0	0:00:03.403256
7220	9	8	8	0	0:00:03.397744
7240	0	8	8	0	0:00:03.399409
7260	1	8	8	0	0:00:03.400277
7280	1	9	6	0	0:00:03.392447
7300	3	7	8	0	0:00:03.427083
7320	8	0	0	0	0:00:03.404519
7340	2	4	0	0	0:00:03.398573
7360	2	7	7	0	0:00:03.400832
7380	7	1	7	0	0:00:03.404169
7400	3	9	9	0	0:00:03.421977
7420	3	0	0	0	0:00:03.424225
7440	3	6	6	0	0:00:03.385804
7460	5	5	5	1	0:00:03.368030
7480	1	5	5	0	0:00:03.405717
7500	6	6	6	1	0:00:03.360544
7520	4	6	6	0	0:00:03.366712
7540	5	5	5	1	0:00:03.377336
7560	0	9	2	0	0:00:03.386350
7580	8	-1	8	0	0:00:03.359350
7600	8	9	9	0	0:00:03.341433
7620	5	9	1	0	0:00:03.359018
7640	9	8	8	0	0:00:03.382349
7660	7	9	9	0	0:00:03.388741
7680	3	9	9	0	0:00:03.370785
7700	6	6	6	1	0:00:03.353217
7720	5	6	6	0	0:00:03.358969
7740	4	2	2	0	0:00:03.350716
7760	2	9	9	0	0:00:03.370090
7780	3	8	8	0	0:00:03.390710
7800	0	0	0	1	0:00:03.406591
7820	5	8	8	0	0:00:03.425510
7840	1	1	1	1	0:00:03.435528
7860	8	-1	4	0	0:00:03.486973
7880	0	-1	0	0	0:00:03.432958
7900	0	8	8	0	0:00:03.440274
7920	9	8	8	0	0:00:03.460012
7940	2	6	6	0	0:00:03.406477
7960	0	0	0	1	0:00:03.470703
7980	3	7	4	0	0:00:03.451442
8000	9	0	0	0	0:00:03.418056
8020	6	6	6	1	0:00:03.396448
8040	2	6	6	0	0:00:03.406622
8060	6	6	6	1	0:00:03.440205
8080	4	6	4	0	0:00:03.387664
8100	6	2	2	0	0:00:03.381842
8120	8	9	9	0	0:00:03.415142
8140	5	6	6	0	0:00:03.395925
8160	6	9	8	0	0:00:03.392373
8180	4	6	6	0	0:00:03.400949
8200	3	9	6	0	0:00:03.456166
8220	6	9	2	0	0:00:03.416027
8240	7	7	7	1	0:00:03.430771
8260	1	1	3	1	0:00:03.396110
8280	4	-1	3	0	0:00:03.412939
8300	5	2	2	0	0:00:03.459631
8320	7	9	4	0	0:00:03.405473
8340	5	4	4	0	0:00:03.411287
8360	7	6	6	0	0:00:03.468932
8380	9	8	8	0	0:00:03.378830
8400	0	8	8	0	0:00:03.384661
8420	3	6	4	0	0:00:03.366706
8440	5	9	9	0	0:00:03.368810
8460	8	8	8	1	0:00:03.371947
8480	2	1	8	0	0:00:03.363882
8500	4	2	2	0	0:00:03.380263
8520	8	6	6	0	0:00:03.370483
8540	4	6	4	0	0:00:03.378114
8560	7	7	6	1	0:00:03.376169
8580	3	0	0	0	0:00:03.384009
8600	3	7	7	0	0:00:03.378359
8620	3	1	4	0	0:00:03.378901
8640	1	1	1	1	0:00:03.376531
8660	7	5	5	0	0:00:03.369369
8680	3	9	8	0	0:00:03.444464
8700	3	5	3	0	0:00:03.378105
8720	2	0	0	0	0:00:03.386595
8740	2	6	6	0	0:00:03.420514
8760	8	8	5	1	0:00:03.383569
8780	4	7	4	0	0:00:03.381963
8800	0	0	0	1	0:00:03.388415
8820	2	2	2	1	0:00:03.383970
8840	2	1	1	0	0:00:03.386347
8860	2	0	8	0	0:00:03.392309
8880	1	6	6	0	0:00:03.370522
8900	2	1	4	0	0:00:03.380923
8920	6	6	6	1	0:00:03.384346
8940	6	3	3	0	0:00:03.375801
8960	0	0	0	1	0:00:03.371443
8980	9	9	9	1	0:00:03.377612
9000	8	8	8	1	0:00:03.380476
9020	7	9	9	0	0:00:03.379734
9040	2	5	5	0	0:00:03.400919
9060	9	5	5	0	0:00:03.436644
9080	3	0	0	0	0:00:03.381414
9100	9	6	6	0	0:00:03.379290
9120	3	0	0	0	0:00:03.417398
9140	7	8	8	0	0:00:03.366847
9160	5	0	0	0	0:00:03.371174
9180	5	5	5	1	0:00:03.375159
9200	8	8	8	1	0:00:03.372061
9220	8	8	8	1	0:00:03.370980
9240	8	9	8	0	0:00:03.363856
9260	5	5	4	1	0:00:03.377761
9280	9	0	8	0	0:00:03.362635
9300	5	8	8	0	0:00:03.379790
9320	9	-1	8	0	0:00:03.365551
9340	1	1	1	1	0:00:03.366214
9360	5	0	0	0	0:00:03.371617
9380	5	9	9	0	0:00:03.379102
9400	6	4	4	0	0:00:03.382066
9420	5	6	6	0	0:00:03.378608
9440	8	8	8	1	0:00:03.440068
9460	3	9	7	0	0:00:03.360111
9480	2	6	6	0	0:00:03.362499
9500	9	6	6	0	0:00:03.400718
9520	1	9	9	0	0:00:03.380655
9540	5	5	4	1	0:00:03.420366
9560	9	7	7	0	0:00:03.396873
9580	1	4	4	0	0:00:03.408859
9600	8	8	8	1	0:00:03.395554
9620	4	7	7	0	0:00:03.415803
9640	5	1	6	0	0:00:03.435367
9660	6	6	6	1	0:00:03.421621
9680	8	9	8	0	0:00:03.403004
9700	0	0	0	1	0:00:03.405416
9720	8	6	4	0	0:00:03.410378
9740	3	6	6	0	0:00:03.398552
9760	9	9	7	1	0:00:03.401479
9780	4	6	6	0	0:00:03.441758
9800	1	1	1	1	0:00:03.394324
9820	0	9	8	0	0:00:03.417912
9840	4	-1	3	0	0:00:03.390030
9860	0	8	8	0	0:00:03.409099
9880	7	4	4	0	0:00:03.457738
9900	8	0	0	0	0:00:03.419664
9920	6	6	6	1	0:00:03.407505
9940	4	7	7	0	0:00:03.424347
9960	2	0	0	0	0:00:03.409532
9980	0	0	0	1	0:00:03.412807
