idx	label	predict	basePredict	correct	time
0	3	-1	3	0	0:00:08.564725
20	7	9	9	0	0:00:08.330822
40	4	8	8	0	0:00:08.319787
60	7	7	4	1	0:00:08.345775
80	8	8	8	1	0:00:08.335734
100	4	5	5	0	0:00:08.325895
120	8	0	8	0	0:00:08.313587
140	6	3	2	0	0:00:08.334358
160	2	0	2	0	0:00:08.313711
180	0	0	0	1	0:00:08.314608
200	5	7	5	0	0:00:08.327951
220	7	7	7	1	0:00:08.312807
240	1	1	1	1	0:00:08.315208
260	8	-1	3	0	0:00:08.316926
280	9	9	9	1	0:00:08.315537
300	6	-1	4	0	0:00:08.307491
320	3	3	2	1	0:00:08.328846
340	2	4	4	0	0:00:08.328564
360	9	7	5	0	0:00:08.312593
380	6	-1	4	0	0:00:08.315003
400	9	9	9	1	0:00:08.336272
420	4	4	4	1	0:00:08.343116
440	1	9	9	0	0:00:08.473444
460	5	5	2	1	0:00:08.321296
480	8	9	9	0	0:00:08.315513
500	4	6	6	0	0:00:08.308354
520	5	7	7	0	0:00:08.322426
540	1	8	8	0	0:00:08.319420
560	0	0	0	1	0:00:08.307649
580	4	-1	4	0	0:00:08.302600
600	8	8	8	1	0:00:08.297351
620	7	-1	2	0	0:00:08.316639
640	5	3	3	0	0:00:08.317633
660	9	9	9	1	0:00:08.300163
680	9	7	7	0	0:00:08.340094
700	7	7	3	1	0:00:08.327911
720	4	9	3	0	0:00:08.298618
740	2	5	3	0	0:00:08.314368
760	3	-1	3	0	0:00:08.332887
780	9	1	1	0	0:00:08.307695
800	7	7	7	1	0:00:08.305217
820	6	-1	8	0	0:00:08.313036
840	7	7	7	1	0:00:08.321128
860	4	2	2	0	0:00:08.326062
880	8	8	8	1	0:00:08.298108
900	2	6	4	0	0:00:08.395511
920	6	-1	3	0	0:00:08.321550
940	9	9	9	1	0:00:08.316304
960	9	9	3	1	0:00:08.306767
980	2	6	2	0	0:00:08.298924
1000	5	5	5	1	0:00:08.207114
1020	1	1	1	1	0:00:08.209382
1040	7	5	5	0	0:00:08.224364
1060	9	9	9	1	0:00:08.209603
1080	6	1	6	0	0:00:08.209548
1100	7	-1	8	0	0:00:08.210605
1120	5	2	2	0	0:00:08.212614
1140	6	4	4	0	0:00:08.209203
1160	8	0	0	0	0:00:08.210457
1180	3	3	3	1	0:00:08.225128
1200	8	0	0	0	0:00:08.211143
1220	9	6	6	0	0:00:08.214601
1240	2	6	6	0	0:00:08.214105
1260	1	9	9	0	0:00:08.211111
1280	3	7	5	0	0:00:08.209558
1300	4	3	3	0	0:00:08.211790
1320	7	2	2	0	0:00:08.221435
1340	1	1	1	1	0:00:08.211957
1360	7	7	2	1	0:00:08.213169
1380	4	5	5	0	0:00:08.211967
1400	5	3	3	0	0:00:08.208014
1420	4	7	7	0	0:00:08.214129
1440	0	8	8	0	0:00:08.212693
1460	6	6	2	1	0:00:08.228268
1480	1	5	5	0	0:00:08.217870
1500	1	1	1	1	0:00:08.215931
1520	7	7	4	1	0:00:08.218847
1540	8	8	8	1	0:00:08.212581
1560	7	7	7	1	0:00:08.214106
1580	6	1	3	0	0:00:08.216555
1600	8	9	6	0	0:00:08.221238
1620	5	8	8	0	0:00:08.210000
1640	7	3	3	0	0:00:08.209913
1660	3	5	5	0	0:00:08.209264
1680	6	6	3	1	0:00:08.203712
1700	5	2	2	0	0:00:08.208374
1720	4	-1	2	0	0:00:08.210550
1740	1	9	9	0	0:00:08.222382
1760	0	8	8	0	0:00:08.211578
1780	7	7	2	1	0:00:08.209746
1800	4	0	8	0	0:00:08.209277
1820	8	9	9	0	0:00:08.208006
1840	8	7	4	0	0:00:08.211492
1860	8	8	3	1	0:00:08.208732
1880	1	1	8	1	0:00:08.220579
1900	8	8	8	1	0:00:08.210813
1920	2	2	2	1	0:00:08.204578
1940	5	2	2	0	0:00:08.212162
1960	2	5	5	0	0:00:08.213397
1980	9	9	9	1	0:00:08.215227
2000	1	6	6	0	0:00:08.219241
2020	9	9	9	1	0:00:08.225440
2040	0	0	0	1	0:00:08.211709
2060	5	3	3	0	0:00:08.210282
2080	1	9	9	0	0:00:08.212783
2100	2	4	2	0	0:00:08.210116
2120	4	8	8	0	0:00:08.209559
2140	9	9	9	1	0:00:08.212695
2160	0	8	8	0	0:00:08.222997
2180	4	4	4	1	0:00:08.212839
2200	0	2	2	0	0:00:08.206616
2220	1	1	1	1	0:00:08.211639
2240	9	1	8	0	0:00:08.206745
2260	4	4	3	1	0:00:08.211469
2280	4	8	8	0	0:00:08.211097
2300	3	-1	2	0	0:00:08.224654
2320	5	2	2	0	0:00:08.213022
2340	7	7	7	1	0:00:08.209002
2360	7	5	5	0	0:00:08.208669
2380	8	8	8	1	0:00:08.205885
2400	0	-1	4	0	0:00:08.203650
2420	8	5	5	0	0:00:08.212652
2440	7	7	0	1	0:00:08.221544
2460	9	7	7	0	0:00:08.210909
2480	8	8	8	1	0:00:08.210382
2500	4	6	2	0	0:00:08.212613
2520	1	1	8	1	0:00:08.210512
2540	2	5	5	0	0:00:08.212362
2560	7	-1	4	0	0:00:08.210132
2580	6	5	5	0	0:00:08.222815
2600	8	8	8	1	0:00:08.210806
2620	1	-1	8	0	0:00:08.207917
2640	7	7	4	1	0:00:08.209620
2660	3	2	2	0	0:00:08.210896
2680	0	0	0	1	0:00:08.203306
2700	9	1	1	0	0:00:08.210100
2720	3	-1	2	0	0:00:08.220686
2740	1	1	7	1	0:00:08.204203
2760	2	4	2	0	0:00:08.208585
2780	7	7	7	1	0:00:08.216613
2800	4	6	6	0	0:00:08.212451
2820	6	6	2	1	0:00:08.205342
2840	3	3	3	1	0:00:08.210243
2860	5	7	6	0	0:00:08.217866
2880	4	4	4	1	0:00:08.209887
2900	3	5	5	0	0:00:08.206578
2920	2	3	3	0	0:00:08.211698
2940	3	0	0	0	0:00:08.213238
2960	9	9	9	1	0:00:08.204666
2980	8	1	8	0	0:00:08.204940
3000	5	5	5	1	0:00:08.218779
3020	1	1	8	1	0:00:08.200238
3040	7	7	7	1	0:00:08.215070
3060	7	7	5	1	0:00:08.211453
3080	1	-1	0	0	0:00:08.211352
3100	0	0	0	1	0:00:08.209533
3120	4	6	2	0	0:00:08.214404
3140	8	-1	8	0	0:00:08.223047
3160	6	2	2	0	0:00:08.213521
3180	3	9	3	0	0:00:08.214005
3200	5	7	7	0	0:00:08.212844
3220	3	9	3	0	0:00:08.212053
3240	4	1	8	0	0:00:08.214585
3260	7	7	7	1	0:00:08.210285
3280	3	5	5	0	0:00:08.224718
3300	4	3	2	0	0:00:08.211391
3320	2	7	7	0	0:00:08.211079
3340	6	-1	2	0	0:00:08.215014
3360	4	6	6	0	0:00:08.201345
3380	8	8	8	1	0:00:08.207025
3400	6	4	4	0	0:00:08.206969
3420	5	3	3	0	0:00:08.220289
3440	2	3	3	0	0:00:08.216423
3460	1	-1	9	0	0:00:08.211085
3480	2	2	2	1	0:00:08.206345
3500	1	9	9	0	0:00:08.203848
3520	1	1	1	1	0:00:08.212694
3540	6	6	3	1	0:00:08.204611
3560	1	9	7	0	0:00:08.213452
3580	4	2	2	0	0:00:08.208668
3600	4	2	2	0	0:00:08.203678
3620	0	6	6	0	0:00:08.203518
3640	6	2	2	0	0:00:08.215629
3660	0	-1	8	0	0:00:08.207587
3680	0	4	2	0	0:00:08.208700
3700	3	-1	3	0	0:00:08.221085
3720	2	2	2	1	0:00:08.211119
3740	0	0	0	1	0:00:08.210778
3760	7	7	4	1	0:00:08.213371
3780	4	3	2	0	0:00:08.212811
3800	9	-1	3	0	0:00:08.208677
3820	0	2	2	0	0:00:08.212109
3840	6	3	3	0	0:00:08.222375
3860	7	7	7	1	0:00:08.212200
3880	6	4	4	0	0:00:08.210745
3900	3	6	6	0	0:00:08.206941
3920	7	9	5	0	0:00:08.212706
3940	6	5	4	0	0:00:08.212794
3960	2	2	2	1	0:00:08.214340
3980	9	7	7	0	0:00:08.225862
4000	8	7	0	0	0:00:08.209926
4020	8	9	8	0	0:00:08.208158
4040	0	0	0	1	0:00:08.206860
4060	6	5	3	0	0:00:08.211170
4080	1	1	8	1	0:00:08.212837
4100	7	7	7	1	0:00:08.213087
4120	4	4	8	1	0:00:08.219004
4140	5	5	3	1	0:00:08.209557
4160	5	2	2	0	0:00:08.209382
4180	0	8	8	0	0:00:08.208601
4200	4	2	2	0	0:00:08.193462
4220	4	0	0	0	0:00:08.202150
4240	7	0	8	0	0:00:08.208527
4260	8	8	8	1	0:00:08.218165
4280	8	1	1	0	0:00:08.203750
4300	8	8	8	1	0:00:08.199248
4320	1	8	8	0	0:00:08.197032
4340	0	0	0	1	0:00:08.200970
4360	6	9	9	0	0:00:08.215925
4380	9	8	8	0	0:00:08.209342
4400	3	4	4	0	0:00:08.225826
4420	5	5	7	1	0:00:08.212796
4440	2	-1	2	0	0:00:08.215160
4460	9	1	8	0	0:00:08.211097
4480	9	9	3	1	0:00:08.208417
4500	3	5	5	0	0:00:08.211261
4520	3	6	6	0	0:00:08.212883
4540	9	9	9	1	0:00:08.227757
4560	1	1	8	1	0:00:08.211555
4580	6	4	4	0	0:00:08.216382
4600	4	7	7	0	0:00:08.211988
4620	7	3	3	0	0:00:08.212605
4640	2	4	2	0	0:00:08.214869
4660	7	4	4	0	0:00:08.216387
4680	9	1	1	0	0:00:08.224905
4700	6	1	5	0	0:00:08.214655
4720	8	0	0	0	0:00:08.208244
4740	5	3	3	0	0:00:08.216932
4760	3	2	2	0	0:00:08.213899
4780	0	0	8	1	0:00:08.210459
4800	9	9	9	1	0:00:08.212125
4820	3	3	3	1	0:00:08.227497
4840	0	0	0	1	0:00:08.208174
4860	5	-1	3	0	0:00:08.213476
4880	0	8	2	0	0:00:08.212719
4900	3	6	6	0	0:00:08.212689
4920	7	7	7	1	0:00:08.212918
4940	6	4	2	0	0:00:08.215158
4960	4	3	3	0	0:00:08.230775
4980	1	9	9	0	0:00:08.211421
5000	7	7	7	1	0:00:08.214802
5020	8	8	8	1	0:00:08.212676
5040	3	1	2	0	0:00:08.209469
5060	6	2	2	0	0:00:08.212472
5080	7	7	7	1	0:00:08.214224
5100	3	3	3	1	0:00:08.230268
5120	9	8	8	0	0:00:08.213578
5140	8	8	8	1	0:00:08.209134
5160	0	-1	8	0	0:00:08.209468
5180	9	7	4	0	0:00:08.211237
5200	3	3	3	1	0:00:08.219024
5220	0	0	0	1	0:00:08.211020
5240	1	9	9	0	0:00:08.226419
5260	0	0	0	1	0:00:08.213871
5280	0	9	8	0	0:00:08.213438
5300	9	1	1	0	0:00:08.215155
5320	7	7	7	1	0:00:08.210931
5340	3	4	4	0	0:00:08.213142
5360	9	9	3	1	0:00:08.212800
5380	1	9	9	0	0:00:08.221978
5400	9	9	9	1	0:00:08.211116
5420	6	-1	3	0	0:00:08.214453
5440	9	9	9	1	0:00:08.213842
5460	0	0	0	1	0:00:08.214314
5480	1	1	4	1	0:00:08.213085
5500	8	1	8	0	0:00:08.212306
5520	4	3	3	0	0:00:08.226002
5540	5	6	2	0	0:00:08.217502
5560	3	5	5	0	0:00:08.200473
5580	5	6	3	0	0:00:08.212785
5600	6	9	4	0	0:00:08.212735
5620	3	6	6	0	0:00:08.207295
5640	2	-1	2	0	0:00:08.208877
5660	9	8	8	0	0:00:08.213525
5680	2	3	3	0	0:00:08.202916
5700	3	5	5	0	0:00:08.204278
5720	9	9	9	1	0:00:08.206744
5740	6	4	6	0	0:00:08.210940
5760	2	-1	0	0	0:00:08.212918
5780	7	7	7	1	0:00:08.202301
5800	2	4	4	0	0:00:08.225695
5820	5	3	3	0	0:00:08.210872
5840	2	-1	5	0	0:00:08.201808
5860	0	1	8	0	0:00:08.209626
5880	0	0	0	1	0:00:08.207501
5900	4	-1	0	0	0:00:08.206011
5920	8	8	8	1	0:00:08.204379
5940	7	4	4	0	0:00:08.221257
5960	2	6	6	0	0:00:08.211000
5980	9	9	2	1	0:00:08.210203
6000	8	9	8	0	0:00:08.211425
6020	6	6	6	1	0:00:08.212717
6040	2	7	7	0	0:00:08.209888
6060	3	4	2	0	0:00:08.209550
6080	1	9	9	0	0:00:08.220852
6100	1	1	8	1	0:00:08.211260
6120	5	5	5	1	0:00:08.210460
6140	9	9	1	1	0:00:08.210850
6160	2	5	5	0	0:00:08.211581
6180	0	-1	0	0	0:00:08.211576
6200	3	9	3	0	0:00:08.214237
6220	2	5	5	0	0:00:08.226533
6240	2	1	2	0	0:00:08.216085
6260	2	9	6	0	0:00:08.214151
6280	8	5	5	0	0:00:08.213876
6300	1	-1	2	0	0:00:08.209970
6320	0	4	0	0	0:00:08.206099
6340	3	3	3	1	0:00:08.213762
6360	2	-1	2	0	0:00:08.224216
6380	3	-1	3	0	0:00:08.211791
6400	0	1	8	0	0:00:08.209129
6420	7	7	7	1	0:00:08.204857
6440	3	-1	4	0	0:00:08.201827
6460	3	1	3	0	0:00:08.203735
6480	0	0	0	1	0:00:08.209346
6500	7	6	6	0	0:00:08.221845
6520	6	2	2	0	0:00:08.211423
6540	8	8	8	1	0:00:08.201779
6560	6	-1	2	0	0:00:08.206015
6580	1	7	4	0	0:00:08.208981
6600	7	7	7	1	0:00:08.211548
6620	7	7	3	1	0:00:08.213730
6640	5	3	3	0	0:00:08.221980
6660	0	0	0	1	0:00:08.211416
6680	3	5	3	0	0:00:08.213432
6700	6	0	0	0	0:00:08.215025
6720	2	4	2	0	0:00:08.212625
6740	2	4	6	0	0:00:08.214595
6760	5	5	5	1	0:00:08.217557
6780	7	7	7	1	0:00:08.225278
6800	6	4	2	0	0:00:08.218701
6820	1	1	1	1	0:00:08.212824
6840	9	1	1	0	0:00:08.218573
6860	0	2	2	0	0:00:08.212443
6880	2	7	7	0	0:00:08.214738
6900	3	7	7	0	0:00:08.215150
6920	5	2	2	0	0:00:08.227791
6940	1	1	1	1	0:00:08.213654
6960	9	8	8	0	0:00:08.212343
6980	0	-1	8	0	0:00:08.214766
7000	2	0	8	0	0:00:08.211288
7020	7	7	7	1	0:00:08.215366
7040	7	1	8	0	0:00:08.209864
7060	8	0	8	0	0:00:08.223687
7080	5	4	4	0	0:00:08.212899
7100	9	-1	3	0	0:00:08.209995
7120	7	5	5	0	0:00:08.211399
7140	4	9	3	0	0:00:08.210238
7160	5	5	5	1	0:00:08.210124
7180	6	-1	3	0	0:00:08.212115
7200	4	6	2	0	0:00:08.223763
7220	9	9	8	1	0:00:08.213396
7240	0	8	8	0	0:00:08.208785
7260	1	-1	8	0	0:00:08.215166
7280	1	9	9	0	0:00:08.216561
7300	3	4	4	0	0:00:08.215834
7320	8	0	0	0	0:00:08.205054
7340	2	4	4	0	0:00:08.227249
7360	2	7	4	0	0:00:08.216928
7380	7	7	4	1	0:00:08.213893
7400	3	5	3	0	0:00:08.216245
7420	3	4	4	0	0:00:08.206635
7440	3	-1	3	0	0:00:08.212214
7460	5	5	5	1	0:00:08.207255
7480	1	8	8	0	0:00:08.218782
7500	6	6	6	1	0:00:08.210320
7520	4	2	2	0	0:00:08.208797
7540	5	5	5	1	0:00:08.209176
7560	0	-1	4	0	0:00:08.209007
7580	8	8	8	1	0:00:08.210068
7600	8	9	2	0	0:00:08.212494
7620	5	3	3	0	0:00:08.222863
7640	9	8	8	0	0:00:08.213669
7660	7	9	4	0	0:00:08.213498
7680	3	9	3	0	0:00:08.213956
7700	6	6	4	1	0:00:08.210589
7720	5	2	2	0	0:00:08.216206
7740	4	2	2	0	0:00:08.208256
7760	2	9	9	0	0:00:08.214977
7780	3	-1	8	0	0:00:08.210002
7800	0	0	8	1	0:00:08.200497
7820	5	9	9	0	0:00:08.208064
7840	1	1	1	1	0:00:08.204866
7860	8	-1	2	0	0:00:08.211299
7880	0	4	4	0	0:00:08.202338
7900	0	8	8	0	0:00:08.213286
7920	9	-1	2	0	0:00:08.207388
7940	2	6	4	0	0:00:08.209995
7960	0	0	8	1	0:00:08.205802
7980	3	-1	3	0	0:00:08.209903
8000	9	9	8	1	0:00:08.210044
8020	6	3	3	0	0:00:08.213853
8040	2	2	2	1	0:00:08.228573
8060	6	6	5	1	0:00:08.216730
8080	4	6	2	0	0:00:08.209255
8100	6	2	4	0	0:00:08.211369
8120	8	9	9	0	0:00:08.215170
8140	5	4	4	0	0:00:08.211570
8160	6	6	6	1	0:00:08.218525
8180	4	2	4	0	0:00:08.225610
8200	3	4	4	0	0:00:08.217248
8220	6	7	7	0	0:00:08.213245
8240	7	7	7	1	0:00:08.214015
8260	1	1	1	1	0:00:08.213630
8280	4	5	5	0	0:00:08.215001
8300	5	2	2	0	0:00:08.215605
8320	7	4	3	0	0:00:08.228921
8340	5	3	3	0	0:00:08.215263
8360	7	7	7	1	0:00:08.214521
8380	9	9	9	1	0:00:08.215516
8400	0	8	8	0	0:00:08.212367
8420	3	6	6	0	0:00:08.215580
8440	5	3	3	0	0:00:08.213842
8460	8	8	8	1	0:00:08.225011
8480	2	2	4	1	0:00:08.213098
8500	4	4	4	1	0:00:08.211752
8520	8	1	8	0	0:00:08.214128
8540	4	2	2	0	0:00:08.209262
8560	7	7	7	1	0:00:08.205066
8580	3	2	2	0	0:00:08.200913
8600	3	2	2	0	0:00:08.213722
8620	3	4	4	0	0:00:08.204272
8640	1	1	8	1	0:00:08.207963
8660	7	7	7	1	0:00:08.208557
8680	3	7	8	0	0:00:08.199812
8700	3	7	3	0	0:00:08.204406
8720	2	0	0	0	0:00:08.196066
8740	2	-1	5	0	0:00:08.220575
8760	8	8	8	1	0:00:08.210410
8780	4	7	2	0	0:00:08.212592
8800	0	0	0	1	0:00:08.198989
8820	2	2	2	1	0:00:08.205131
8840	2	7	7	0	0:00:08.205986
8860	2	2	6	1	0:00:08.205557
8880	1	1	1	1	0:00:08.214843
8900	2	4	4	0	0:00:08.214442
8920	6	6	2	1	0:00:08.217488
8940	6	3	3	0	0:00:08.212781
8960	0	0	2	1	0:00:08.208483
8980	9	9	9	1	0:00:08.211864
9000	8	8	8	1	0:00:08.212235
9020	7	9	7	0	0:00:08.224450
9040	2	5	5	0	0:00:08.213372
9060	9	9	3	1	0:00:08.211568
9080	3	2	2	0	0:00:08.213016
9100	9	1	3	0	0:00:08.214419
9120	3	0	0	0	0:00:08.213269
9140	7	6	2	0	0:00:08.212941
9160	5	3	3	0	0:00:08.224967
9180	5	5	5	1	0:00:08.214774
9200	8	8	8	1	0:00:08.205521
9220	8	8	8	1	0:00:08.211682
9240	8	8	8	1	0:00:08.209120
9260	5	5	5	1	0:00:08.208205
9280	9	8	8	0	0:00:08.206579
9300	5	2	2	0	0:00:08.226462
9320	9	9	9	1	0:00:08.203712
9340	1	1	1	1	0:00:08.201116
9360	5	0	0	0	0:00:08.210524
9380	5	3	3	0	0:00:08.206954
9400	6	6	4	1	0:00:08.206611
9420	5	5	5	1	0:00:08.205549
9440	8	8	8	1	0:00:08.224961
9460	3	7	7	0	0:00:08.210242
9480	2	-1	4	0	0:00:08.210632
9500	9	-1	2	0	0:00:08.202893
9520	1	1	1	1	0:00:08.201956
9540	5	3	3	0	0:00:08.208115
9560	9	7	5	0	0:00:08.207353
9580	1	-1	4	0	0:00:08.212761
9600	8	0	8	0	0:00:08.209382
9620	4	7	4	0	0:00:08.206592
9640	5	0	2	0	0:00:08.211140
9660	6	6	6	1	0:00:08.208679
9680	8	8	8	1	0:00:08.209807
9700	0	0	0	1	0:00:08.207871
9720	8	1	8	0	0:00:08.225170
9740	3	6	2	0	0:00:08.213878
9760	9	3	3	0	0:00:08.213133
9780	4	6	2	0	0:00:08.214534
9800	1	1	1	1	0:00:08.209353
9820	0	8	8	0	0:00:08.210097
9840	4	-1	5	0	0:00:08.212514
9860	0	5	5	0	0:00:08.227069
9880	7	8	8	0	0:00:08.213716
9900	8	0	8	0	0:00:08.213939
9920	6	6	2	1	0:00:08.215166
9940	4	5	5	0	0:00:08.211443
9960	2	0	0	0	0:00:08.207259
9980	0	0	0	1	0:00:08.206756
