idx	label	predict	basePredict	correct	time
0	3	3	3	1	0:00:02.873888
20	7	7	9	1	0:00:02.790130
40	4	4	8	1	0:00:02.919658
60	7	7	7	1	0:00:02.763530
80	8	8	8	1	0:00:02.831509
100	4	5	5	0	0:00:02.815520
120	8	0	8	0	0:00:02.864353
140	6	6	2	1	0:00:02.810915
160	2	0	2	0	0:00:02.863458
180	0	0	0	1	0:00:02.781528
200	5	5	3	1	0:00:02.795732
220	7	7	7	1	0:00:02.799031
240	1	1	1	1	0:00:02.896635
260	8	3	3	0	0:00:02.789532
280	9	9	9	1	0:00:02.828556
300	6	6	4	1	0:00:02.808997
320	3	3	2	1	0:00:02.883742
340	2	4	4	0	0:00:02.897481
360	9	9	5	1	0:00:02.840110
380	6	6	4	1	0:00:02.912133
400	9	9	9	1	0:00:02.883825
420	4	4	4	1	0:00:02.864177
440	1	1	9	1	0:00:02.860553
460	5	5	2	1	0:00:02.867909
480	8	9	9	0	0:00:02.834979
500	4	6	2	0	0:00:02.862308
520	5	5	7	1	0:00:02.796511
540	1	1	8	1	0:00:02.803946
560	0	0	0	1	0:00:02.890991
580	4	4	4	1	0:00:02.879467
600	8	8	8	1	0:00:02.886769
620	7	7	2	1	0:00:02.867226
640	5	3	3	0	0:00:02.828048
660	9	9	3	1	0:00:02.757282
680	9	7	7	0	0:00:02.851099
700	7	7	3	1	0:00:02.823286
720	4	9	3	0	0:00:02.876287
740	2	3	3	0	0:00:02.895011
760	3	-1	3	0	0:00:02.848060
780	9	-1	9	0	0:00:02.872782
800	7	7	7	1	0:00:02.867448
820	6	8	8	0	0:00:02.878491
840	7	7	7	1	0:00:02.901987
860	4	4	2	1	0:00:02.778217
880	8	8	8	1	0:00:02.827394
900	2	6	5	0	0:00:02.813546
920	6	6	3	1	0:00:02.843621
940	9	9	9	1	0:00:02.835572
960	9	9	9	1	0:00:02.802397
980	2	6	2	0	0:00:02.790913
1000	5	5	5	1	0:00:02.065940
1020	1	1	1	1	0:00:02.142486
1040	7	5	5	0	0:00:02.164300
1060	9	9	9	1	0:00:02.070463
1080	6	6	2	1	0:00:02.064979
1100	7	0	8	0	0:00:02.063083
1120	5	2	2	0	0:00:02.065896
1140	6	6	4	1	0:00:02.065288
1160	8	0	0	0	0:00:02.072551
1180	3	3	3	1	0:00:02.064260
1200	8	8	0	1	0:00:02.065736
1220	9	6	6	0	0:00:02.076790
1240	2	6	6	0	0:00:02.061039
1260	1	9	9	0	0:00:02.058520
1280	3	5	5	0	0:00:02.056467
1300	4	3	3	0	0:00:02.070567
1320	7	2	2	0	0:00:02.064997
1340	1	1	1	1	0:00:02.062513
1360	7	7	2	1	0:00:02.080895
1380	4	5	5	0	0:00:02.088279
1400	5	3	3	0	0:00:02.094146
1420	4	7	7	0	0:00:02.074516
1440	0	8	8	0	0:00:02.080338
1460	6	6	2	1	0:00:02.067105
1480	1	1	5	1	0:00:02.076141
1500	1	1	1	1	0:00:02.065715
1520	7	7	4	1	0:00:02.067257
1540	8	8	8	1	0:00:02.063916
1560	7	7	7	1	0:00:02.166945
1580	6	1	3	0	0:00:02.160187
1600	8	9	6	0	0:00:02.124270
1620	5	8	8	0	0:00:02.109787
1640	7	3	3	0	0:00:02.067847
1660	3	5	5	0	0:00:02.077387
1680	6	6	3	1	0:00:02.071738
1700	5	3	2	0	0:00:02.068443
1720	4	2	2	0	0:00:02.063866
1740	1	1	9	1	0:00:02.069418
1760	0	0	8	1	0:00:02.063379
1780	7	7	2	1	0:00:02.059354
1800	4	0	8	0	0:00:02.064226
1820	8	8	8	1	0:00:02.065182
1840	8	4	4	0	0:00:02.063835
1860	8	8	3	1	0:00:02.062156
1880	1	1	8	1	0:00:02.083863
1900	8	8	8	1	0:00:02.121189
1920	2	2	2	1	0:00:02.108446
1940	5	2	2	0	0:00:02.074738
1960	2	5	5	0	0:00:02.072331
1980	9	9	9	1	0:00:02.165155
2000	1	6	2	0	0:00:02.145661
2020	9	9	9	1	0:00:02.121732
2040	0	0	0	1	0:00:02.107454
2060	5	3	3	0	0:00:02.110254
2080	1	9	9	0	0:00:02.140704
2100	2	2	2	1	0:00:02.178458
2120	4	8	8	0	0:00:02.109767
2140	9	9	9	1	0:00:02.073001
2160	0	-1	8	0	0:00:02.077415
2180	4	4	4	1	0:00:02.106588
2200	0	2	2	0	0:00:02.074980
2220	1	1	1	1	0:00:02.075178
2240	9	1	8	0	0:00:02.066180
2260	4	4	3	1	0:00:02.067867
2280	4	3	2	0	0:00:02.071125
2300	3	-1	2	0	0:00:02.072594
2320	5	2	2	0	0:00:02.081752
2340	7	7	7	1	0:00:02.084967
2360	7	5	5	0	0:00:02.067699
2380	8	8	8	1	0:00:02.114996
2400	0	0	0	1	0:00:02.053968
2420	8	5	5	0	0:00:02.076902
2440	7	7	0	1	0:00:02.108629
2460	9	7	7	0	0:00:02.111508
2480	8	8	8	1	0:00:02.121942
2500	4	4	2	1	0:00:02.113875
2520	1	1	7	1	0:00:02.115666
2540	2	5	5	0	0:00:02.078926
2560	7	7	4	1	0:00:02.098424
2580	6	5	6	0	0:00:02.060559
2600	8	8	8	1	0:00:02.064683
2620	1	1	8	1	0:00:02.049915
2640	7	7	4	1	0:00:02.065966
2660	3	2	2	0	0:00:02.060156
2680	0	0	0	1	0:00:02.068178
2700	9	9	1	1	0:00:02.056228
2720	3	3	2	1	0:00:02.064509
2740	1	1	7	1	0:00:02.062319
2760	2	2	2	1	0:00:02.062276
2780	7	7	7	1	0:00:02.072107
2800	4	6	6	0	0:00:02.060823
2820	6	6	2	1	0:00:02.074222
2840	3	3	3	1	0:00:02.064080
2860	5	-1	6	0	0:00:02.067493
2880	4	4	4	1	0:00:02.067599
2900	3	5	2	0	0:00:02.067510
2920	2	3	3	0	0:00:02.069723
2940	3	0	0	0	0:00:02.061904
2960	9	9	8	1	0:00:02.066480
2980	8	8	8	1	0:00:02.070350
3000	5	5	5	1	0:00:02.084048
3020	1	1	8	1	0:00:02.068806
3040	7	7	7	1	0:00:02.072973
3060	7	7	5	1	0:00:02.073531
3080	1	1	0	1	0:00:02.116710
3100	0	0	8	1	0:00:02.100922
3120	4	2	2	0	0:00:02.085599
3140	8	8	8	1	0:00:02.061429
3160	6	2	2	0	0:00:02.065475
3180	3	3	5	1	0:00:02.061738
3200	5	7	7	0	0:00:02.049826
3220	3	9	6	0	0:00:02.051385
3240	4	1	8	0	0:00:02.052959
3260	7	7	7	1	0:00:02.056959
3280	3	5	0	0	0:00:02.056304
3300	4	4	2	1	0:00:02.050421
3320	2	7	7	0	0:00:02.061509
3340	6	6	2	1	0:00:02.052088
3360	4	4	6	1	0:00:02.056731
3380	8	8	8	1	0:00:02.056469
3400	6	4	4	0	0:00:02.053919
3420	5	3	3	0	0:00:02.060031
3440	2	3	3	0	0:00:02.071415
3460	1	1	9	1	0:00:02.087463
3480	2	2	2	1	0:00:02.084960
3500	1	1	9	1	0:00:02.068726
3520	1	1	1	1	0:00:02.079514
3540	6	6	3	1	0:00:02.066635
3560	1	9	7	0	0:00:02.067826
3580	4	2	2	0	0:00:02.062032
3600	4	2	2	0	0:00:02.068434
3620	0	6	6	0	0:00:02.064350
3640	6	2	2	0	0:00:02.073106
3660	0	0	8	1	0:00:02.076947
3680	0	4	6	0	0:00:02.074314
3700	3	3	3	1	0:00:02.101263
3720	2	2	2	1	0:00:02.067242
3740	0	0	0	1	0:00:02.065899
3760	7	7	4	1	0:00:02.105909
3780	4	4	2	1	0:00:02.059123
3800	9	9	3	1	0:00:02.055267
3820	0	2	2	0	0:00:02.069232
3840	6	3	3	0	0:00:02.061318
3860	7	7	7	1	0:00:02.065858
3880	6	4	4	0	0:00:02.068423
3900	3	6	6	0	0:00:02.063142
3920	7	5	5	0	0:00:02.067285
3940	6	5	4	0	0:00:02.056319
3960	2	2	2	1	0:00:02.065638
3980	9	-1	4	0	0:00:02.060075
4000	8	-1	0	0	0:00:02.059975
4020	8	8	8	1	0:00:02.061348
4040	0	0	0	1	0:00:02.054098
4060	6	6	3	1	0:00:02.050994
4080	1	1	8	1	0:00:02.062831
4100	7	7	7	1	0:00:02.055233
4120	4	4	8	1	0:00:02.066664
4140	5	5	3	1	0:00:02.055377
4160	5	2	2	0	0:00:02.053625
4180	0	8	8	0	0:00:02.055314
4200	4	2	2	0	0:00:02.062088
4220	4	0	0	0	0:00:02.065742
4240	7	0	8	0	0:00:02.077461
4260	8	8	8	1	0:00:02.071209
4280	8	1	1	0	0:00:02.066490
4300	8	8	8	1	0:00:02.068717
4320	1	8	8	0	0:00:02.068897
4340	0	0	0	1	0:00:02.068752
4360	6	9	9	0	0:00:02.068518
4380	9	9	8	1	0:00:02.071855
4400	3	4	4	0	0:00:02.076921
4420	5	5	7	1	0:00:02.068435
4440	2	2	2	1	0:00:02.075377
4460	9	9	8	1	0:00:02.056444
4480	9	9	3	1	0:00:02.051788
4500	3	5	5	0	0:00:02.050229
4520	3	6	6	0	0:00:02.055204
4540	9	9	9	1	0:00:02.056118
4560	1	1	8	1	0:00:02.063423
4580	6	-1	4	0	0:00:02.058932
4600	4	7	7	0	0:00:02.061286
4620	7	3	3	0	0:00:02.054816
4640	2	2	2	1	0:00:02.061414
4660	7	4	4	0	0:00:02.054870
4680	9	1	1	0	0:00:02.057683
4700	6	5	5	0	0:00:02.066085
4720	8	0	0	0	0:00:02.069870
4740	5	3	3	0	0:00:02.066530
4760	3	2	2	0	0:00:02.055695
4780	0	0	8	1	0:00:02.056530
4800	9	9	9	1	0:00:02.068154
4820	3	3	3	1	0:00:02.070237
4840	0	0	0	1	0:00:02.084005
4860	5	5	5	1	0:00:02.060586
4880	0	8	2	0	0:00:02.066147
4900	3	6	6	0	0:00:02.056225
4920	7	7	7	1	0:00:02.053679
4940	6	6	2	1	0:00:02.051823
4960	4	3	3	0	0:00:02.055455
4980	1	9	0	0	0:00:02.056604
5000	7	7	7	1	0:00:02.060809
5020	8	8	8	1	0:00:02.052719
5040	3	1	2	0	0:00:02.058765
5060	6	6	2	1	0:00:02.059798
5080	7	7	7	1	0:00:02.060862
5100	3	3	3	1	0:00:02.065043
5120	9	9	8	1	0:00:02.069873
5140	8	8	8	1	0:00:02.068359
5160	0	0	8	1	0:00:02.068635
5180	9	7	4	0	0:00:02.064604
5200	3	3	3	1	0:00:02.090073
5220	0	0	8	1	0:00:02.110902
5240	1	9	8	0	0:00:02.156693
5260	0	0	0	1	0:00:02.121070
5280	0	8	8	0	0:00:02.158956
5300	9	9	5	1	0:00:02.167296
5320	7	7	7	1	0:00:02.117935
5340	3	4	4	0	0:00:02.126807
5360	9	9	3	1	0:00:02.067135
5380	1	9	9	0	0:00:02.069022
5400	9	9	9	1	0:00:02.067988
5420	6	6	6	1	0:00:02.112059
5440	9	9	9	1	0:00:02.076869
5460	0	0	0	1	0:00:02.063223
5480	1	1	4	1	0:00:02.065933
5500	8	8	8	1	0:00:02.061017
5520	4	3	3	0	0:00:02.066027
5540	5	6	2	0	0:00:02.063530
5560	3	5	5	0	0:00:02.062727
5580	5	3	3	0	0:00:02.075009
5600	6	5	4	0	0:00:02.082012
5620	3	6	6	0	0:00:02.065054
5640	2	2	2	1	0:00:02.073670
5660	9	9	8	1	0:00:02.071056
5680	2	3	3	0	0:00:02.072269
5700	3	5	5	0	0:00:02.063719
5720	9	9	9	1	0:00:02.070538
5740	6	6	5	1	0:00:02.064673
5760	2	2	0	1	0:00:02.065625
5780	7	7	7	1	0:00:02.063216
5800	2	4	4	0	0:00:02.055924
5820	5	5	2	1	0:00:02.058675
5840	2	2	5	1	0:00:02.052323
5860	0	0	8	1	0:00:02.050868
5880	0	0	0	1	0:00:02.054632
5900	4	0	0	0	0:00:02.065350
5920	8	8	8	1	0:00:02.066748
5940	7	4	4	0	0:00:02.055587
5960	2	6	6	0	0:00:02.063277
5980	9	9	2	1	0:00:02.085861
6000	8	-1	8	0	0:00:02.080525
6020	6	6	6	1	0:00:02.056679
6040	2	-1	7	0	0:00:02.055814
6060	3	4	2	0	0:00:02.050449
6080	1	1	9	1	0:00:02.054057
6100	1	1	8	1	0:00:02.061298
6120	5	5	5	1	0:00:02.053937
6140	9	9	9	1	0:00:02.063583
6160	2	5	5	0	0:00:02.066285
6180	0	0	2	1	0:00:02.058576
6200	3	3	3	1	0:00:02.061232
6220	2	5	5	0	0:00:02.060391
6240	2	1	2	0	0:00:02.065925
6260	2	6	6	0	0:00:02.062436
6280	8	5	5	0	0:00:02.112737
6300	1	1	2	1	0:00:02.115013
6320	0	0	8	1	0:00:02.073369
6340	3	3	3	1	0:00:02.054723
6360	2	-1	2	0	0:00:02.054904
6380	3	-1	3	0	0:00:02.052702
6400	0	8	8	0	0:00:02.054756
6420	7	7	7	1	0:00:02.067727
6440	3	9	4	0	0:00:02.059249
6460	3	3	3	1	0:00:02.066214
6480	0	0	0	1	0:00:02.065801
6500	7	6	8	0	0:00:02.055975
6520	6	2	2	0	0:00:02.061753
6540	8	8	8	1	0:00:02.057900
6560	6	6	2	1	0:00:02.080079
6580	1	1	4	1	0:00:02.070754
6600	7	7	7	1	0:00:02.090357
6620	7	7	7	1	0:00:02.080275
6640	5	3	3	0	0:00:02.087678
6660	0	0	0	1	0:00:02.158921
6680	3	5	3	0	0:00:02.101017
6700	6	0	0	0	0:00:02.073816
6720	2	2	2	1	0:00:02.067061
6740	2	2	6	1	0:00:02.071075
6760	5	5	5	1	0:00:02.073365
6780	7	7	7	1	0:00:02.062807
6800	6	4	2	0	0:00:02.068861
6820	1	1	1	1	0:00:02.063105
6840	9	9	1	1	0:00:02.071068
6860	0	2	2	0	0:00:02.069003
6880	2	2	2	1	0:00:02.070040
6900	3	5	7	0	0:00:02.067176
6920	5	-1	2	0	0:00:02.070726
6940	1	1	1	1	0:00:02.064823
6960	9	8	8	0	0:00:02.066255
6980	0	-1	8	0	0:00:02.061734
7000	2	0	8	0	0:00:02.072193
7020	7	7	7	1	0:00:02.100303
7040	7	8	8	0	0:00:02.112877
7060	8	8	8	1	0:00:02.119965
7080	5	4	4	0	0:00:02.080867
7100	9	5	3	0	0:00:02.123873
7120	7	5	5	0	0:00:02.076622
7140	4	3	3	0	0:00:02.077652
7160	5	5	5	1	0:00:02.077092
7180	6	6	3	1	0:00:02.141326
7200	4	-1	2	0	0:00:02.095135
7220	9	9	8	1	0:00:02.072666
7240	0	8	8	0	0:00:02.067834
7260	1	1	8	1	0:00:02.073181
7280	1	9	5	0	0:00:02.073438
7300	3	4	4	0	0:00:02.070340
7320	8	-1	0	0	0:00:02.069131
7340	2	4	4	0	0:00:02.097979
7360	2	-1	4	0	0:00:02.140733
7380	7	7	7	1	0:00:02.148252
7400	3	3	3	1	0:00:02.157678
7420	3	4	2	0	0:00:02.117419
7440	3	3	2	1	0:00:02.157880
7460	5	5	5	1	0:00:02.066641
7480	1	8	8	0	0:00:02.063746
7500	6	6	6	1	0:00:02.086665
7520	4	4	2	1	0:00:02.065648
7540	5	5	5	1	0:00:02.103133
7560	0	0	0	1	0:00:02.062511
7580	8	8	8	1	0:00:02.064825
7600	8	9	2	0	0:00:02.081427
7620	5	3	3	0	0:00:02.119821
7640	9	8	8	0	0:00:02.088095
7660	7	4	4	0	0:00:02.078757
7680	3	9	5	0	0:00:02.088103
7700	6	6	4	1	0:00:02.085147
7720	5	2	2	0	0:00:02.108233
7740	4	-1	2	0	0:00:02.083922
7760	2	9	6	0	0:00:02.093086
7780	3	8	8	0	0:00:02.115462
7800	0	0	8	1	0:00:02.147830
7820	5	5	8	1	0:00:02.142051
7840	1	1	1	1	0:00:02.074343
7860	8	8	2	1	0:00:02.119448
7880	0	4	2	0	0:00:02.178344
7900	0	8	8	0	0:00:02.072682
7920	9	9	2	1	0:00:02.157456
7940	2	6	4	0	0:00:02.153536
7960	0	0	8	1	0:00:02.065460
7980	3	3	3	1	0:00:02.077359
8000	9	9	8	1	0:00:02.069005
8020	6	3	3	0	0:00:02.068152
8040	2	2	2	1	0:00:02.067479
8060	6	6	5	1	0:00:02.159380
8080	4	6	2	0	0:00:02.149638
8100	6	2	4	0	0:00:02.160412
8120	8	9	9	0	0:00:02.077112
8140	5	4	4	0	0:00:02.086874
8160	6	6	6	1	0:00:02.062965
8180	4	4	2	1	0:00:02.121778
8200	3	4	4	0	0:00:02.179111
8220	6	7	3	0	0:00:02.192159
8240	7	7	7	1	0:00:02.087006
8260	1	1	1	1	0:00:02.145651
8280	4	5	5	0	0:00:02.162032
8300	5	2	2	0	0:00:02.140994
8320	7	4	4	0	0:00:02.137368
8340	5	3	3	0	0:00:02.156162
8360	7	7	7	1	0:00:02.099935
8380	9	9	9	1	0:00:02.154712
8400	0	8	8	0	0:00:02.076138
8420	3	6	4	0	0:00:02.072423
8440	5	3	3	0	0:00:02.066808
8460	8	8	8	1	0:00:02.072199
8480	2	2	4	1	0:00:02.071775
8500	4	4	2	1	0:00:02.066441
8520	8	8	8	1	0:00:02.068869
8540	4	2	2	0	0:00:02.059207
8560	7	7	7	1	0:00:02.072651
8580	3	2	2	0	0:00:02.065961
8600	3	3	4	1	0:00:02.065091
8620	3	4	4	0	0:00:02.062236
8640	1	1	8	1	0:00:02.064710
8660	7	7	7	1	0:00:02.067046
8680	3	-1	8	0	0:00:02.070038
8700	3	3	3	1	0:00:02.065010
8720	2	0	0	0	0:00:02.069134
8740	2	2	5	1	0:00:02.067328
8760	8	8	8	1	0:00:02.069519
8780	4	4	2	1	0:00:02.063405
8800	0	0	0	1	0:00:02.063721
8820	2	2	2	1	0:00:02.066401
8840	2	7	7	0	0:00:02.079299
8860	2	2	2	1	0:00:02.079654
8880	1	1	4	1	0:00:02.079994
8900	2	4	4	0	0:00:02.085096
8920	6	6	2	1	0:00:02.071442
8940	6	3	3	0	0:00:02.072229
8960	0	0	0	1	0:00:02.102031
8980	9	9	9	1	0:00:02.091774
9000	8	8	8	1	0:00:02.118167
9020	7	7	7	1	0:00:02.123696
9040	2	5	5	0	0:00:02.078589
9060	9	9	3	1	0:00:02.058573
9080	3	2	2	0	0:00:02.066566
9100	9	1	3	0	0:00:02.063082
9120	3	0	5	0	0:00:02.057124
9140	7	-1	5	0	0:00:02.062027
9160	5	3	3	0	0:00:02.054941
9180	5	5	5	1	0:00:02.066171
9200	8	8	8	1	0:00:02.056685
9220	8	8	8	1	0:00:02.053765
9240	8	8	8	1	0:00:02.057570
9260	5	5	5	1	0:00:02.052254
9280	9	8	8	0	0:00:02.056189
9300	5	2	2	0	0:00:02.056958
9320	9	9	9	1	0:00:02.063119
9340	1	1	1	1	0:00:02.061311
9360	5	0	5	0	0:00:02.066551
9380	5	3	3	0	0:00:02.067522
9400	6	6	2	1	0:00:02.065317
9420	5	5	5	1	0:00:02.071421
9440	8	8	8	1	0:00:02.075082
9460	3	7	7	0	0:00:02.072698
9480	2	4	4	0	0:00:02.103733
9500	9	9	5	1	0:00:02.113708
9520	1	1	1	1	0:00:02.059988
9540	5	3	3	0	0:00:02.058390
9560	9	7	5	0	0:00:02.057647
9580	1	1	4	1	0:00:02.054222
9600	8	8	8	1	0:00:02.112546
9620	4	4	4	1	0:00:02.136840
9640	5	2	2	0	0:00:02.151113
9660	6	6	6	1	0:00:02.063467
9680	8	8	8	1	0:00:02.062411
9700	0	0	0	1	0:00:02.065543
9720	8	1	4	0	0:00:02.063568
9740	3	6	2	0	0:00:02.099061
9760	9	3	3	0	0:00:02.106085
9780	4	2	2	0	0:00:02.064210
9800	1	1	1	1	0:00:02.085512
9820	0	8	8	0	0:00:02.101957
9840	4	5	3	0	0:00:02.065680
9860	0	5	8	0	0:00:02.060837
9880	7	8	3	0	0:00:02.064923
9900	8	8	8	1	0:00:02.063417
9920	6	6	4	1	0:00:02.063053
9940	4	5	3	0	0:00:02.059972
9960	2	0	0	0	0:00:02.068130
9980	0	0	0	1	0:00:02.065008
