idx	label	predict	basePredict	correct	time
0	3	3	3	1	0:00:03.120628
20	7	5	5	0	0:00:03.096429
40	4	4	4	1	0:00:03.014337
60	7	7	7	1	0:00:03.057723
80	8	8	8	1	0:00:03.064629
100	4	5	5	0	0:00:03.072200
120	8	1	8	0	0:00:02.983833
140	6	6	2	1	0:00:02.991140
160	2	2	2	1	0:00:02.969484
180	0	0	0	1	0:00:02.969876
200	5	5	5	1	0:00:03.033903
220	7	5	5	0	0:00:02.971548
240	1	1	1	1	0:00:02.997171
260	8	8	8	1	0:00:03.014595
280	9	0	0	0	0:00:02.976850
300	6	6	6	1	0:00:02.990353
320	3	5	5	0	0:00:02.979375
340	2	4	4	0	0:00:02.979645
360	9	9	5	1	0:00:02.960426
380	6	6	2	1	0:00:02.978504
400	9	9	9	1	0:00:02.997932
420	4	4	4	1	0:00:02.980574
440	1	1	1	1	0:00:02.981973
460	5	5	5	1	0:00:02.955021
480	8	9	8	0	0:00:03.057886
500	4	-1	3	0	0:00:03.063920
520	5	5	5	1	0:00:02.983839
540	1	1	1	1	0:00:03.067810
560	0	0	0	1	0:00:02.973973
580	4	4	4	1	0:00:02.961458
600	8	8	8	1	0:00:03.052459
620	7	7	7	1	0:00:03.033650
640	5	3	3	0	0:00:02.999588
660	9	9	8	1	0:00:03.022610
680	9	9	2	1	0:00:02.995152
700	7	7	7	1	0:00:02.992796
720	4	9	4	0	0:00:03.019871
740	2	5	5	0	0:00:02.977637
760	3	3	3	1	0:00:02.994180
780	9	9	9	1	0:00:02.982083
800	7	7	7	1	0:00:03.009327
820	6	6	2	1	0:00:03.033185
840	7	7	7	1	0:00:03.068556
860	4	7	2	0	0:00:03.009984
880	8	8	8	1	0:00:02.995777
900	2	6	6	0	0:00:03.018619
920	6	6	4	1	0:00:02.999181
940	9	9	9	1	0:00:02.975473
960	9	3	3	0	0:00:02.991566
980	2	4	2	0	0:00:03.004552
1000	5	5	5	1	0:00:02.262471
1020	1	1	1	1	0:00:02.315086
1040	7	5	5	0	0:00:02.307360
1060	9	9	9	1	0:00:02.342731
1080	6	6	6	1	0:00:02.289012
1100	7	8	8	0	0:00:02.260311
1120	5	2	2	0	0:00:02.265738
1140	6	6	5	1	0:00:02.261935
1160	8	8	8	1	0:00:02.254489
1180	3	3	3	1	0:00:02.267928
1200	8	8	8	1	0:00:02.259784
1220	9	6	3	0	0:00:02.259445
1240	2	6	6	0	0:00:02.269133
1260	1	9	9	0	0:00:02.271532
1280	3	3	3	1	0:00:02.278329
1300	4	3	3	0	0:00:02.260303
1320	7	7	2	1	0:00:02.261939
1340	1	1	1	1	0:00:02.256696
1360	7	7	4	1	0:00:02.261748
1380	4	5	5	0	0:00:02.254461
1400	5	3	5	0	0:00:02.298047
1420	4	7	7	0	0:00:02.276452
1440	0	0	8	1	0:00:02.267783
1460	6	6	2	1	0:00:02.283664
1480	1	5	5	0	0:00:02.262556
1500	1	1	1	1	0:00:02.253906
1520	7	7	4	1	0:00:02.254279
1540	8	8	8	1	0:00:02.260380
1560	7	7	7	1	0:00:02.255072
1580	6	-1	3	0	0:00:02.249367
1600	8	9	3	0	0:00:02.252316
1620	5	8	8	0	0:00:02.259522
1640	7	3	3	0	0:00:02.261442
1660	3	3	3	1	0:00:02.256078
1680	6	6	3	1	0:00:02.246988
1700	5	3	3	0	0:00:02.252416
1720	4	4	3	1	0:00:02.257387
1740	1	1	1	1	0:00:02.252200
1760	0	0	0	1	0:00:02.247709
1780	7	7	4	1	0:00:02.270933
1800	4	4	2	1	0:00:02.258781
1820	8	8	8	1	0:00:02.260768
1840	8	7	4	0	0:00:02.248930
1860	8	8	8	1	0:00:02.260163
1880	1	1	1	1	0:00:02.263663
1900	8	8	8	1	0:00:02.266805
1920	2	2	2	1	0:00:02.274824
1940	5	2	2	0	0:00:02.261451
1960	2	5	5	0	0:00:02.273063
1980	9	9	9	1	0:00:02.272253
2000	1	1	1	1	0:00:02.273180
2020	9	9	9	1	0:00:02.261928
2040	0	0	0	1	0:00:02.338585
2060	5	3	3	0	0:00:02.351965
2080	1	9	9	0	0:00:02.261893
2100	2	2	2	1	0:00:02.286411
2120	4	8	8	0	0:00:02.264284
2140	9	9	9	1	0:00:02.261164
2160	0	0	8	1	0:00:02.264405
2180	4	4	4	1	0:00:02.265002
2200	0	0	0	1	0:00:02.260466
2220	1	1	1	1	0:00:02.249711
2240	9	9	1	1	0:00:02.257111
2260	4	4	4	1	0:00:02.256723
2280	4	-1	8	0	0:00:02.263968
2300	3	4	4	0	0:00:02.264994
2320	5	2	2	0	0:00:02.280794
2340	7	7	7	1	0:00:02.277665
2360	7	5	5	0	0:00:02.272412
2380	8	8	8	1	0:00:02.261756
2400	0	0	0	1	0:00:02.255094
2420	8	1	3	0	0:00:02.264071
2440	7	7	7	1	0:00:02.264913
2460	9	4	4	0	0:00:02.298939
2480	8	8	8	1	0:00:02.264557
2500	4	6	4	0	0:00:02.288150
2520	1	8	8	0	0:00:02.262194
2540	2	6	2	0	0:00:02.259039
2560	7	7	5	1	0:00:02.255684
2580	6	5	5	0	0:00:02.255563
2600	8	8	8	1	0:00:02.255653
2620	1	1	1	1	0:00:02.261671
2640	7	7	7	1	0:00:02.256058
2660	3	2	2	0	0:00:02.252637
2680	0	0	0	1	0:00:02.277037
2700	9	1	1	0	0:00:02.260760
2720	3	3	3	1	0:00:02.259370
2740	1	7	2	0	0:00:02.258321
2760	2	2	2	1	0:00:02.251818
2780	7	7	7	1	0:00:02.265006
2800	4	4	3	1	0:00:02.259938
2820	6	6	4	1	0:00:02.258264
2840	3	3	3	1	0:00:02.268055
2860	5	4	4	0	0:00:02.272071
2880	4	4	4	1	0:00:02.254175
2900	3	7	2	0	0:00:02.250307
2920	2	3	3	0	0:00:02.253899
2940	3	0	0	0	0:00:02.268344
2960	9	0	0	0	0:00:02.256181
2980	8	8	8	1	0:00:02.266974
3000	5	5	5	1	0:00:02.268711
3020	1	1	1	1	0:00:02.258737
3040	7	7	7	1	0:00:02.278257
3060	7	7	7	1	0:00:02.276078
3080	1	9	9	0	0:00:02.301363
3100	0	0	0	1	0:00:02.283923
3120	4	4	3	1	0:00:02.296385
3140	8	8	8	1	0:00:02.294968
3160	6	2	2	0	0:00:02.254323
3180	3	6	3	0	0:00:02.259757
3200	5	5	5	1	0:00:02.255664
3220	3	9	9	0	0:00:02.254762
3240	4	0	0	0	0:00:02.259290
3260	7	7	7	1	0:00:02.279872
3280	3	5	5	0	0:00:02.252593
3300	4	4	2	1	0:00:02.255854
3320	2	7	7	0	0:00:02.261749
3340	6	6	0	1	0:00:02.254310
3360	4	4	3	1	0:00:02.270257
3380	8	8	8	1	0:00:02.263803
3400	6	4	4	0	0:00:02.266924
3420	5	7	7	0	0:00:02.262886
3440	2	3	3	0	0:00:02.269739
3460	1	1	1	1	0:00:02.258405
3480	2	2	2	1	0:00:02.263472
3500	1	9	9	0	0:00:02.257995
3520	1	1	1	1	0:00:02.260567
3540	6	6	3	1	0:00:02.270036
3560	1	9	9	0	0:00:02.256016
3580	4	4	4	1	0:00:02.252957
3600	4	2	2	0	0:00:02.259856
3620	0	0	5	1	0:00:02.255786
3640	6	2	2	0	0:00:02.256526
3660	0	0	8	1	0:00:02.263317
3680	0	4	0	0	0:00:02.261144
3700	3	3	3	1	0:00:02.271040
3720	2	2	2	1	0:00:02.270554
3740	0	0	0	1	0:00:02.270017
3760	7	7	7	1	0:00:02.263476
3780	4	4	2	1	0:00:02.264624
3800	9	9	9	1	0:00:02.257582
3820	0	8	8	0	0:00:02.269814
3840	6	3	3	0	0:00:02.278849
3860	7	7	7	1	0:00:02.266102
3880	6	6	5	1	0:00:02.270137
3900	3	6	6	0	0:00:02.280412
3920	7	7	7	1	0:00:02.277799
3940	6	2	2	0	0:00:02.290466
3960	2	2	2	1	0:00:02.352683
3980	9	-1	3	0	0:00:02.280994
4000	8	4	2	0	0:00:02.334043
4020	8	8	8	1	0:00:02.346941
4040	0	0	0	1	0:00:02.347119
4060	6	6	0	1	0:00:02.347082
4080	1	1	1	1	0:00:02.287194
4100	7	7	7	1	0:00:02.259291
4120	4	4	4	1	0:00:02.262196
4140	5	5	3	1	0:00:02.258340
4160	5	3	2	0	0:00:02.257181
4180	0	8	8	0	0:00:02.256088
4200	4	2	2	0	0:00:02.259650
4220	4	0	0	0	0:00:02.280203
4240	7	0	0	0	0:00:02.271690
4260	8	8	8	1	0:00:02.261943
4280	8	0	0	0	0:00:02.258197
4300	8	8	8	1	0:00:02.263469
4320	1	9	8	0	0:00:02.255194
4340	0	0	0	1	0:00:02.259035
4360	6	6	6	1	0:00:02.265297
4380	9	9	9	1	0:00:02.257855
4400	3	4	5	0	0:00:02.265058
4420	5	5	5	1	0:00:02.269442
4440	2	4	2	0	0:00:02.271864
4460	9	9	9	1	0:00:02.247709
4480	9	9	9	1	0:00:02.250344
4500	3	5	5	0	0:00:02.252510
4520	3	6	3	0	0:00:02.252635
4540	9	9	9	1	0:00:02.262614
4560	1	1	1	1	0:00:02.250355
4580	6	6	4	1	0:00:02.247611
4600	4	4	4	1	0:00:02.255716
4620	7	3	3	0	0:00:02.268072
4640	2	2	2	1	0:00:02.253507
4660	7	4	4	0	0:00:02.254301
4680	9	9	1	1	0:00:02.260189
4700	6	5	5	0	0:00:02.353153
4720	8	8	8	1	0:00:02.270918
4740	5	3	3	0	0:00:02.282309
4760	3	2	2	0	0:00:02.333273
4780	0	0	0	1	0:00:02.259803
4800	9	9	9	1	0:00:02.276434
4820	3	3	3	1	0:00:02.260329
4840	0	0	0	1	0:00:02.266092
4860	5	5	5	1	0:00:02.249611
4880	0	8	8	0	0:00:02.254582
4900	3	3	3	1	0:00:02.250756
4920	7	7	7	1	0:00:02.266020
4940	6	6	4	1	0:00:02.265848
4960	4	4	3	1	0:00:02.263260
4980	1	9	9	0	0:00:02.263162
5000	7	7	7	1	0:00:02.255918
5020	8	8	8	1	0:00:02.259433
5040	3	3	3	1	0:00:02.258483
5060	6	6	2	1	0:00:02.259044
5080	7	7	7	1	0:00:02.258121
5100	3	3	3	1	0:00:02.275277
5120	9	9	8	1	0:00:02.276362
5140	8	8	8	1	0:00:02.273813
5160	0	0	8	1	0:00:02.264345
5180	9	7	7	0	0:00:02.262929
5200	3	3	3	1	0:00:02.272629
5220	0	0	0	1	0:00:02.269488
5240	1	1	9	1	0:00:02.272102
5260	0	0	0	1	0:00:02.262623
5280	0	4	4	0	0:00:02.263879
5300	9	9	9	1	0:00:02.260779
5320	7	7	7	1	0:00:02.261874
5340	3	4	4	0	0:00:02.279150
5360	9	9	9	1	0:00:02.269557
5380	1	9	9	0	0:00:02.351246
5400	9	9	9	1	0:00:02.353455
5420	6	6	6	1	0:00:02.351288
5440	9	9	9	1	0:00:02.356294
5460	0	0	0	1	0:00:02.316680
5480	1	1	1	1	0:00:02.371227
5500	8	8	8	1	0:00:02.335308
5520	4	4	3	1	0:00:02.301028
5540	5	-1	2	0	0:00:02.282082
5560	3	5	5	0	0:00:02.260316
5580	5	6	3	0	0:00:02.265400
5600	6	5	3	0	0:00:02.267725
5620	3	6	2	0	0:00:02.259202
5640	2	5	2	0	0:00:02.262553
5660	9	1	8	0	0:00:02.255879
5680	2	3	3	0	0:00:02.260418
5700	3	3	3	1	0:00:02.260570
5720	9	9	9	1	0:00:02.263424
5740	6	6	2	1	0:00:02.272599
5760	2	2	0	1	0:00:02.260844
5780	7	7	7	1	0:00:02.258743
5800	2	2	2	1	0:00:02.274035
5820	5	5	5	1	0:00:02.269469
5840	2	2	3	1	0:00:02.263242
5860	0	0	0	1	0:00:02.268836
5880	0	0	0	1	0:00:02.267354
5900	4	3	0	0	0:00:02.264974
5920	8	8	8	1	0:00:02.258455
5940	7	2	3	0	0:00:02.259078
5960	2	6	6	0	0:00:02.262043
5980	9	9	9	1	0:00:02.265194
6000	8	8	8	1	0:00:02.299626
6020	6	6	2	1	0:00:02.266391
6040	2	5	7	0	0:00:02.267803
6060	3	4	5	0	0:00:02.255293
6080	1	1	1	1	0:00:02.255852
6100	1	1	1	1	0:00:02.262318
6120	5	5	5	1	0:00:02.266899
6140	9	9	1	1	0:00:02.257380
6160	2	5	2	0	0:00:02.265866
6180	0	0	8	1	0:00:02.259775
6200	3	2	2	0	0:00:02.259505
6220	2	5	5	0	0:00:02.259174
6240	2	2	0	1	0:00:02.258415
6260	2	2	2	1	0:00:02.259123
6280	8	5	5	0	0:00:02.260185
6300	1	1	1	1	0:00:02.277900
6320	0	0	0	1	0:00:02.269056
6340	3	7	3	0	0:00:02.265023
6360	2	2	2	1	0:00:02.257546
6380	3	6	3	0	0:00:02.263444
6400	0	0	0	1	0:00:02.262946
6420	7	7	7	1	0:00:02.261647
6440	3	6	2	0	0:00:02.262393
6460	3	3	3	1	0:00:02.259829
6480	0	0	0	1	0:00:02.260170
6500	7	6	8	0	0:00:02.260846
6520	6	2	2	0	0:00:02.273166
6540	8	8	8	1	0:00:02.270974
6560	6	5	5	0	0:00:02.273865
6580	1	8	8	0	0:00:02.293120
6600	7	7	7	1	0:00:02.297171
6620	7	7	7	1	0:00:02.283023
6640	5	3	3	0	0:00:02.286556
6660	0	0	1	1	0:00:02.272796
6680	3	5	5	0	0:00:02.258084
6700	6	6	6	1	0:00:02.259286
6720	2	2	2	1	0:00:02.258506
6740	2	4	4	0	0:00:02.262537
6760	5	5	5	1	0:00:02.261586
6780	7	7	7	1	0:00:02.258555
6800	6	4	4	0	0:00:02.259567
6820	1	1	1	1	0:00:02.262263
6840	9	9	9	1	0:00:02.260104
6860	0	0	0	1	0:00:02.258200
6880	2	2	2	1	0:00:02.258193
6900	3	3	3	1	0:00:02.259607
6920	5	4	2	0	0:00:02.256244
6940	1	1	1	1	0:00:02.253917
6960	9	9	8	1	0:00:02.260177
6980	0	0	0	1	0:00:02.256397
7000	2	-1	8	0	0:00:02.254297
7020	7	7	7	1	0:00:02.258915
7040	7	8	8	0	0:00:02.259374
7060	8	8	8	1	0:00:02.264751
7080	5	4	4	0	0:00:02.262341
7100	9	3	3	0	0:00:02.262907
7120	7	-1	5	0	0:00:02.257307
7140	4	3	3	0	0:00:02.287116
7160	5	5	5	1	0:00:02.260321
7180	6	6	3	1	0:00:02.262673
7200	4	3	2	0	0:00:02.264136
7220	9	9	9	1	0:00:02.343908
7240	0	0	8	1	0:00:02.277815
7260	1	1	1	1	0:00:02.284282
7280	1	9	3	0	0:00:02.281431
7300	3	4	5	0	0:00:02.263353
7320	8	0	0	0	0:00:02.264505
7340	2	2	0	1	0:00:02.260664
7360	2	2	2	1	0:00:02.261898
7380	7	7	7	1	0:00:02.260098
7400	3	5	5	0	0:00:02.257998
7420	3	4	4	0	0:00:02.267313
7440	3	3	3	1	0:00:02.261631
7460	5	5	5	1	0:00:02.261485
7480	1	1	8	1	0:00:02.263194
7500	6	6	6	1	0:00:02.262067
7520	4	4	4	1	0:00:02.261564
7540	5	5	5	1	0:00:02.273335
7560	0	0	0	1	0:00:02.258896
7580	8	8	8	1	0:00:02.262339
7600	8	2	2	0	0:00:02.278400
7620	5	3	3	0	0:00:02.273253
7640	9	8	8	0	0:00:02.248806
7660	7	7	4	1	0:00:02.249263
7680	3	5	5	0	0:00:02.259504
7700	6	6	4	1	0:00:02.245352
7720	5	2	2	0	0:00:02.250899
7740	4	4	2	1	0:00:02.256498
7760	2	0	8	0	0:00:02.251618
7780	3	8	8	0	0:00:02.269720
7800	0	0	0	1	0:00:02.258628
7820	5	5	0	1	0:00:02.267855
7840	1	1	1	1	0:00:02.301339
7860	8	8	8	1	0:00:02.269810
7880	0	0	0	1	0:00:02.259221
7900	0	4	8	0	0:00:02.280911
7920	9	9	9	1	0:00:02.272427
7940	2	6	6	0	0:00:02.327808
7960	0	3	3	0	0:00:02.347251
7980	3	3	3	1	0:00:02.291852
8000	9	9	9	1	0:00:02.341634
8020	6	7	3	0	0:00:02.265172
8040	2	2	2	1	0:00:02.331648
8060	6	6	5	1	0:00:02.261179
8080	4	4	3	1	0:00:02.256432
8100	6	2	2	0	0:00:02.263678
8120	8	9	8	0	0:00:02.275719
8140	5	7	3	0	0:00:02.302497
8160	6	6	6	1	0:00:02.296450
8180	4	4	4	1	0:00:02.261847
8200	3	6	3	0	0:00:02.260510
8220	6	5	5	0	0:00:02.257845
8240	7	7	4	1	0:00:02.265312
8260	1	1	1	1	0:00:02.258575
8280	4	4	4	1	0:00:02.263238
8300	5	4	2	0	0:00:02.255453
8320	7	7	7	1	0:00:02.254575
8340	5	3	5	0	0:00:02.260478
8360	7	7	7	1	0:00:02.251669
8380	9	9	9	1	0:00:02.274813
8400	0	9	9	0	0:00:02.248221
8420	3	6	6	0	0:00:02.256084
8440	5	3	3	0	0:00:02.247985
8460	8	8	8	1	0:00:02.260914
8480	2	2	2	1	0:00:02.264091
8500	4	4	4	1	0:00:02.295296
8520	8	8	8	1	0:00:02.264710
8540	4	2	2	0	0:00:02.265335
8560	7	7	7	1	0:00:02.295414
8580	3	5	5	0	0:00:02.296021
8600	3	2	2	0	0:00:02.285520
8620	3	2	5	0	0:00:02.274512
8640	1	1	1	1	0:00:02.271527
8660	7	7	7	1	0:00:02.267731
8680	3	7	3	0	0:00:02.268045
8700	3	3	3	1	0:00:02.268708
8720	2	0	0	0	0:00:02.256812
8740	2	-1	5	0	0:00:02.255261
8760	8	8	8	1	0:00:02.253674
8780	4	4	4	1	0:00:02.257417
8800	0	0	0	1	0:00:02.260512
8820	2	2	2	1	0:00:02.273426
8840	2	5	2	0	0:00:02.253203
8860	2	2	2	1	0:00:02.261781
8880	1	1	1	1	0:00:02.249701
8900	2	4	4	0	0:00:02.247211
8920	6	6	3	1	0:00:02.256760
8940	6	3	3	0	0:00:02.250214
8960	0	4	2	0	0:00:02.249660
8980	9	9	9	1	0:00:02.251548
9000	8	8	8	1	0:00:02.258184
9020	7	7	7	1	0:00:02.260310
9040	2	5	5	0	0:00:02.248210
9060	9	9	5	1	0:00:02.250734
9080	3	5	3	0	0:00:02.250809
9100	9	1	1	0	0:00:02.257754
9120	3	0	2	0	0:00:02.253763
9140	7	7	4	1	0:00:02.261555
9160	5	3	3	0	0:00:02.275643
9180	5	5	5	1	0:00:02.281150
9200	8	8	8	1	0:00:02.256009
9220	8	8	8	1	0:00:02.266424
9240	8	8	8	1	0:00:02.271905
9260	5	5	5	1	0:00:02.256946
9280	9	8	8	0	0:00:02.256490
9300	5	-1	2	0	0:00:02.256994
9320	9	9	9	1	0:00:02.254482
9340	1	1	1	1	0:00:02.255815
9360	5	0	0	0	0:00:02.257731
9380	5	3	3	0	0:00:02.252186
9400	6	6	6	1	0:00:02.265284
9420	5	5	5	1	0:00:02.261843
9440	8	8	8	1	0:00:02.309628
9460	3	7	7	0	0:00:02.266178
9480	2	6	6	0	0:00:02.251726
9500	9	9	2	1	0:00:02.251915
9520	1	1	1	1	0:00:02.265029
9540	5	5	5	1	0:00:02.250318
9560	9	7	3	0	0:00:02.249808
9580	1	1	1	1	0:00:02.256104
9600	8	8	8	1	0:00:02.255953
9620	4	4	4	1	0:00:02.259105
9640	5	5	5	1	0:00:02.261913
9660	6	6	6	1	0:00:02.264189
9680	8	8	8	1	0:00:02.256735
9700	0	0	2	1	0:00:02.266711
9720	8	6	8	0	0:00:02.269497
9740	3	6	2	0	0:00:02.281071
9760	9	5	5	0	0:00:02.277635
9780	4	4	2	1	0:00:02.314850
9800	1	1	1	1	0:00:02.346695
9820	0	8	8	0	0:00:02.289089
9840	4	7	7	0	0:00:02.282916
9860	0	3	8	0	0:00:02.262833
9880	7	8	8	0	0:00:02.251781
9900	8	8	8	1	0:00:02.253395
9920	6	6	6	1	0:00:02.274115
9940	4	5	5	0	0:00:02.298590
9960	2	0	0	0	0:00:02.281919
9980	0	0	0	1	0:00:02.290400
