idx	label	predict	basePredict	correct	time
0	3	3	3	1	0:00:02.619050
20	7	7	5	1	0:00:02.570002
40	4	4	4	1	0:00:02.534979
60	7	7	7	1	0:00:02.538007
80	8	8	8	1	0:00:02.535194
100	4	5	5	0	0:00:02.534661
120	8	8	8	1	0:00:02.741709
140	6	6	2	1	0:00:02.532452
160	2	2	2	1	0:00:02.545719
180	0	0	0	1	0:00:02.556377
200	5	5	5	1	0:00:02.573291
220	7	7	5	1	0:00:02.545224
240	1	1	1	1	0:00:02.540057
260	8	8	8	1	0:00:02.558383
280	9	9	9	1	0:00:02.534428
300	6	6	6	1	0:00:02.546783
320	3	3	5	1	0:00:02.545840
340	2	4	4	0	0:00:02.530269
360	9	9	5	1	0:00:02.554587
380	6	6	2	1	0:00:02.528421
400	9	9	9	1	0:00:02.567856
420	4	4	4	1	0:00:02.554002
440	1	1	1	1	0:00:02.535883
460	5	5	5	1	0:00:02.535730
480	8	9	8	0	0:00:02.532350
500	4	3	3	0	0:00:02.534214
520	5	5	5	1	0:00:02.552644
540	1	1	1	1	0:00:02.530710
560	0	0	0	1	0:00:02.554822
580	4	4	4	1	0:00:02.553857
600	8	8	8	1	0:00:02.549742
620	7	7	7	1	0:00:02.538639
640	5	3	3	0	0:00:02.533534
660	9	9	8	1	0:00:02.536708
680	9	9	9	1	0:00:02.541454
700	7	7	7	1	0:00:02.541385
720	4	4	4	1	0:00:02.543707
740	2	5	5	0	0:00:02.534373
760	3	3	3	1	0:00:02.534032
780	9	9	9	1	0:00:02.548834
800	7	7	7	1	0:00:02.534938
820	6	6	6	1	0:00:02.541698
840	7	7	7	1	0:00:02.529728
860	4	4	4	1	0:00:02.538213
880	8	8	8	1	0:00:02.542579
900	2	6	5	0	0:00:02.546741
920	6	6	4	1	0:00:02.547644
940	9	9	9	1	0:00:02.560584
960	9	9	3	1	0:00:02.554968
980	2	2	2	1	0:00:02.533391
1000	5	5	5	1	0:00:01.835596
1020	1	1	1	1	0:00:01.862793
1040	7	5	3	0	0:00:01.838165
1060	9	9	9	1	0:00:01.834162
1080	6	6	6	1	0:00:01.839036
1100	7	0	8	0	0:00:01.837313
1120	5	2	2	0	0:00:01.839434
1140	6	6	6	1	0:00:01.838157
1160	8	8	8	1	0:00:01.840180
1180	3	3	3	1	0:00:01.833244
1200	8	8	8	1	0:00:01.835960
1220	9	6	3	0	0:00:01.837927
1240	2	6	2	0	0:00:01.845485
1260	1	-1	1	0	0:00:01.838378
1280	3	3	3	1	0:00:01.834927
1300	4	3	3	0	0:00:01.833379
1320	7	7	7	1	0:00:01.837908
1340	1	1	1	1	0:00:01.838078
1360	7	7	7	1	0:00:01.837548
1380	4	4	4	1	0:00:01.836966
1400	5	3	5	0	0:00:01.834466
1420	4	4	4	1	0:00:01.839601
1440	0	0	8	1	0:00:01.839719
1460	6	6	6	1	0:00:01.842262
1480	1	1	1	1	0:00:01.841597
1500	1	1	1	1	0:00:01.835469
1520	7	7	7	1	0:00:01.845047
1540	8	8	8	1	0:00:01.842849
1560	7	7	7	1	0:00:01.840116
1580	6	3	3	0	0:00:01.839705
1600	8	9	8	0	0:00:01.844048
1620	5	3	2	0	0:00:01.825522
1640	7	3	3	0	0:00:01.842315
1660	3	3	3	1	0:00:01.839625
1680	6	6	3	1	0:00:01.839852
1700	5	5	5	1	0:00:01.848715
1720	4	4	4	1	0:00:01.835336
1740	1	1	1	1	0:00:01.834667
1760	0	0	0	1	0:00:01.835352
1780	7	7	4	1	0:00:01.840468
1800	4	4	4	1	0:00:01.834887
1820	8	8	8	1	0:00:01.836915
1840	8	4	2	0	0:00:01.837228
1860	8	8	8	1	0:00:01.833301
1880	1	1	1	1	0:00:01.836308
1900	8	8	8	1	0:00:01.837291
1920	2	2	2	1	0:00:01.841649
1940	5	5	2	1	0:00:01.837034
1960	2	-1	2	0	0:00:01.842938
1980	9	9	9	1	0:00:01.840500
2000	1	1	1	1	0:00:01.839006
2020	9	9	9	1	0:00:01.840125
2040	0	0	0	1	0:00:01.836438
2060	5	3	3	0	0:00:01.841751
2080	1	9	9	0	0:00:01.836642
2100	2	2	2	1	0:00:01.840481
2120	4	8	8	0	0:00:01.836210
2140	9	9	9	1	0:00:01.846864
2160	0	0	0	1	0:00:01.851788
2180	4	4	4	1	0:00:01.858147
2200	0	0	0	1	0:00:01.847662
2220	1	1	1	1	0:00:01.842888
2240	9	9	1	1	0:00:01.841703
2260	4	4	4	1	0:00:01.841657
2280	4	4	4	1	0:00:01.842173
2300	3	3	3	1	0:00:01.835948
2320	5	2	2	0	0:00:01.839712
2340	7	7	7	1	0:00:01.835856
2360	7	-1	5	0	0:00:01.835536
2380	8	8	8	1	0:00:01.840005
2400	0	0	0	1	0:00:01.838916
2420	8	8	8	1	0:00:01.839688
2440	7	7	7	1	0:00:01.839427
2460	9	9	4	1	0:00:01.839934
2480	8	8	8	1	0:00:01.842335
2500	4	4	4	1	0:00:01.837672
2520	1	1	8	1	0:00:01.842921
2540	2	6	2	0	0:00:01.836894
2560	7	7	5	1	0:00:01.840770
2580	6	5	5	0	0:00:01.840533
2600	8	8	8	1	0:00:01.839671
2620	1	1	1	1	0:00:01.838435
2640	7	7	7	1	0:00:01.840113
2660	3	5	2	0	0:00:01.837850
2680	0	0	0	1	0:00:01.837225
2700	9	-1	1	0	0:00:01.834425
2720	3	3	3	1	0:00:01.833738
2740	1	1	2	1	0:00:01.838024
2760	2	2	2	1	0:00:01.836310
2780	7	7	7	1	0:00:01.836598
2800	4	4	4	1	0:00:01.837022
2820	6	6	6	1	0:00:01.848453
2840	3	3	3	1	0:00:01.841777
2860	5	4	4	0	0:00:01.838607
2880	4	4	4	1	0:00:01.824973
2900	3	7	2	0	0:00:01.841074
2920	2	3	2	0	0:00:01.838885
2940	3	0	0	0	0:00:01.842551
2960	9	0	0	0	0:00:01.841155
2980	8	8	8	1	0:00:01.835970
3000	5	5	5	1	0:00:01.835866
3020	1	1	1	1	0:00:01.833655
3040	7	7	7	1	0:00:01.835778
3060	7	7	7	1	0:00:01.826286
3080	1	1	9	1	0:00:01.827164
3100	0	0	0	1	0:00:01.833252
3120	4	4	3	1	0:00:01.826357
3140	8	8	8	1	0:00:01.826568
3160	6	2	2	0	0:00:01.826504
3180	3	3	3	1	0:00:01.823601
3200	5	5	5	1	0:00:01.848278
3220	3	9	3	0	0:00:01.846083
3240	4	0	0	0	0:00:01.837237
3260	7	7	7	1	0:00:01.836121
3280	3	5	5	0	0:00:01.829169
3300	4	4	4	1	0:00:01.827267
3320	2	7	7	0	0:00:01.832062
3340	6	6	0	1	0:00:01.840006
3360	4	4	4	1	0:00:01.836409
3380	8	8	8	1	0:00:01.836134
3400	6	4	4	0	0:00:01.835612
3420	5	5	3	1	0:00:01.833448
3440	2	3	3	0	0:00:01.836641
3460	1	1	1	1	0:00:01.839719
3480	2	2	2	1	0:00:01.841470
3500	1	1	1	1	0:00:01.839562
3520	1	1	1	1	0:00:01.834148
3540	6	6	3	1	0:00:01.836865
3560	1	1	1	1	0:00:01.835907
3580	4	4	4	1	0:00:01.823574
3600	4	2	2	0	0:00:01.836815
3620	0	0	0	1	0:00:01.835342
3640	6	6	6	1	0:00:01.845543
3660	0	0	0	1	0:00:01.836114
3680	0	0	0	1	0:00:01.834869
3700	3	3	3	1	0:00:01.822233
3720	2	2	2	1	0:00:01.823151
3740	0	0	0	1	0:00:01.824153
3760	7	7	7	1	0:00:01.827504
3780	4	4	2	1	0:00:01.838922
3800	9	9	9	1	0:00:01.839074
3820	0	0	0	1	0:00:01.823294
3840	6	3	3	0	0:00:01.825292
3860	7	7	7	1	0:00:01.834672
3880	6	6	5	1	0:00:01.836952
3900	3	3	3	1	0:00:01.827853
3920	7	7	7	1	0:00:01.837533
3940	6	6	2	1	0:00:01.836754
3960	2	2	2	1	0:00:01.849982
3980	9	9	9	1	0:00:01.838347
4000	8	4	8	0	0:00:01.837357
4020	8	8	8	1	0:00:01.848010
4040	0	0	0	1	0:00:01.841478
4060	6	6	6	1	0:00:01.838818
4080	1	1	1	1	0:00:01.837936
4100	7	7	7	1	0:00:01.846032
4120	4	4	4	1	0:00:01.839586
4140	5	5	5	1	0:00:01.844818
4160	5	5	2	1	0:00:01.840800
4180	0	8	8	0	0:00:01.847598
4200	4	4	2	1	0:00:01.837734
4220	4	0	0	0	0:00:01.838364
4240	7	7	0	1	0:00:01.836200
4260	8	8	8	1	0:00:01.841810
4280	8	0	8	0	0:00:01.837500
4300	8	8	8	1	0:00:01.841067
4320	1	9	8	0	0:00:01.839102
4340	0	0	0	1	0:00:01.841440
4360	6	6	6	1	0:00:01.834241
4380	9	9	9	1	0:00:01.837884
4400	3	3	3	1	0:00:01.834347
4420	5	5	5	1	0:00:01.838630
4440	2	2	2	1	0:00:01.838200
4460	9	9	9	1	0:00:01.832913
4480	9	9	9	1	0:00:01.836604
4500	3	5	3	0	0:00:01.833959
4520	3	3	3	1	0:00:01.845097
4540	9	9	9	1	0:00:01.836917
4560	1	1	1	1	0:00:01.834668
4580	6	6	6	1	0:00:01.835694
4600	4	4	4	1	0:00:01.839367
4620	7	7	3	1	0:00:01.835819
4640	2	2	2	1	0:00:01.842043
4660	7	7	5	1	0:00:01.837728
4680	9	9	9	1	0:00:01.837624
4700	6	5	5	0	0:00:01.839158
4720	8	8	8	1	0:00:01.837405
4740	5	3	3	0	0:00:01.849766
4760	3	2	2	0	0:00:01.840977
4780	0	0	0	1	0:00:01.851346
4800	9	9	9	1	0:00:01.847801
4820	3	3	3	1	0:00:01.836941
4840	0	0	0	1	0:00:01.847162
4860	5	5	5	1	0:00:01.843172
4880	0	8	8	0	0:00:01.837979
4900	3	3	3	1	0:00:01.845447
4920	7	7	7	1	0:00:01.837004
4940	6	6	4	1	0:00:01.834781
4960	4	4	3	1	0:00:01.837231
4980	1	9	9	0	0:00:01.834977
5000	7	7	7	1	0:00:01.835277
5020	8	8	8	1	0:00:01.836005
5040	3	3	3	1	0:00:01.836808
5060	6	6	6	1	0:00:01.838296
5080	7	7	7	1	0:00:01.838452
5100	3	3	3	1	0:00:01.838804
5120	9	9	9	1	0:00:01.839808
5140	8	8	8	1	0:00:01.841910
5160	0	0	0	1	0:00:01.840166
5180	9	9	7	1	0:00:01.837261
5200	3	3	3	1	0:00:01.837490
5220	0	0	0	1	0:00:01.841103
5240	1	1	1	1	0:00:01.836648
5260	0	0	0	1	0:00:01.835824
5280	0	4	4	0	0:00:01.835593
5300	9	9	9	1	0:00:01.836115
5320	7	7	7	1	0:00:01.834915
5340	3	4	5	0	0:00:01.834654
5360	9	9	9	1	0:00:01.860450
5380	1	9	9	0	0:00:01.841917
5400	9	9	9	1	0:00:01.852736
5420	6	6	6	1	0:00:01.849883
5440	9	9	9	1	0:00:01.838590
5460	0	0	0	1	0:00:01.837585
5480	1	1	1	1	0:00:01.834227
5500	8	8	8	1	0:00:01.840986
5520	4	4	4	1	0:00:01.835848
5540	5	5	5	1	0:00:01.839585
5560	3	5	5	0	0:00:01.838041
5580	5	-1	3	0	0:00:01.838359
5600	6	6	3	1	0:00:01.828604
5620	3	6	2	0	0:00:01.845121
5640	2	5	2	0	0:00:01.841867
5660	9	9	8	1	0:00:01.840750
5680	2	3	3	0	0:00:01.828709
5700	3	3	3	1	0:00:01.841250
5720	9	9	9	1	0:00:01.838982
5740	6	6	2	1	0:00:01.843672
5760	2	2	2	1	0:00:01.838575
5780	7	7	7	1	0:00:01.837692
5800	2	2	2	1	0:00:01.847784
5820	5	5	5	1	0:00:01.836048
5840	2	2	2	1	0:00:01.837783
5860	0	0	0	1	0:00:01.839334
5880	0	0	0	1	0:00:01.844590
5900	4	3	0	0	0:00:01.834765
5920	8	8	8	1	0:00:01.844960
5940	7	7	3	1	0:00:01.840294
5960	2	6	2	0	0:00:01.838905
5980	9	9	9	1	0:00:01.841355
6000	8	8	8	1	0:00:01.844096
6020	6	6	6	1	0:00:01.854697
6040	2	-1	2	0	0:00:01.841378
6060	3	4	5	0	0:00:01.837916
6080	1	1	1	1	0:00:01.841261
6100	1	1	1	1	0:00:01.840229
6120	5	5	5	1	0:00:01.843192
6140	9	9	9	1	0:00:01.841475
6160	2	5	2	0	0:00:01.850078
6180	0	0	0	1	0:00:01.834639
6200	3	3	2	1	0:00:01.837253
6220	2	5	2	0	0:00:01.836155
6240	2	2	2	1	0:00:01.839732
6260	2	2	2	1	0:00:01.839442
6280	8	5	5	0	0:00:01.839137
6300	1	1	1	1	0:00:01.839542
6320	0	0	0	1	0:00:01.836466
6340	3	3	3	1	0:00:01.840609
6360	2	2	2	1	0:00:01.840113
6380	3	6	3	0	0:00:01.848961
6400	0	0	0	1	0:00:01.837846
6420	7	7	7	1	0:00:01.839553
6440	3	3	2	1	0:00:01.841329
6460	3	3	3	1	0:00:01.838190
6480	0	0	0	1	0:00:01.839121
6500	7	6	8	0	0:00:01.836072
6520	6	6	2	1	0:00:01.837939
6540	8	8	8	1	0:00:01.838328
6560	6	6	5	1	0:00:01.841483
6580	1	1	8	1	0:00:01.837738
6600	7	7	7	1	0:00:01.840254
6620	7	7	7	1	0:00:01.837241
6640	5	3	3	0	0:00:01.842822
6660	0	0	0	1	0:00:01.840842
6680	3	5	5	0	0:00:01.838234
6700	6	6	6	1	0:00:01.843392
6720	2	2	2	1	0:00:01.853793
6740	2	2	2	1	0:00:01.849490
6760	5	5	5	1	0:00:01.846666
6780	7	7	7	1	0:00:01.849586
6800	6	4	4	0	0:00:01.840063
6820	1	1	1	1	0:00:01.834263
6840	9	9	9	1	0:00:01.835938
6860	0	0	0	1	0:00:01.842210
6880	2	2	2	1	0:00:01.840246
6900	3	3	3	1	0:00:01.837575
6920	5	4	2	0	0:00:01.838115
6940	1	1	1	1	0:00:01.836560
6960	9	9	9	1	0:00:01.836022
6980	0	0	0	1	0:00:01.837126
7000	2	0	8	0	0:00:01.841142
7020	7	7	7	1	0:00:01.844860
7040	7	-1	8	0	0:00:01.839145
7060	8	8	8	1	0:00:01.839201
7080	5	4	2	0	0:00:01.834846
7100	9	3	3	0	0:00:01.838054
7120	7	7	7	1	0:00:01.842866
7140	4	4	3	1	0:00:01.836078
7160	5	5	5	1	0:00:01.853261
7180	6	6	6	1	0:00:01.834278
7200	4	4	2	1	0:00:01.841212
7220	9	9	9	1	0:00:01.849190
7240	0	0	8	1	0:00:01.837141
7260	1	1	1	1	0:00:01.835794
7280	1	1	3	1	0:00:01.838348
7300	3	5	5	0	0:00:01.840967
7320	8	0	0	0	0:00:01.837087
7340	2	2	0	1	0:00:01.836496
7360	2	2	2	1	0:00:01.844994
7380	7	7	7	1	0:00:01.847306
7400	3	5	3	0	0:00:01.856024
7420	3	4	2	0	0:00:01.840397
7440	3	3	3	1	0:00:01.843693
7460	5	5	5	1	0:00:01.847028
7480	1	1	1	1	0:00:01.836600
7500	6	6	6	1	0:00:01.840571
7520	4	4	4	1	0:00:01.841218
7540	5	5	5	1	0:00:01.840589
7560	0	0	0	1	0:00:01.835411
7580	8	8	8	1	0:00:01.834853
7600	8	2	2	0	0:00:01.839639
7620	5	3	3	0	0:00:01.837668
7640	9	9	8	1	0:00:01.840332
7660	7	7	7	1	0:00:01.839636
7680	3	5	5	0	0:00:01.838273
7700	6	6	6	1	0:00:01.841685
7720	5	2	2	0	0:00:01.842591
7740	4	4	2	1	0:00:01.837909
7760	2	0	8	0	0:00:01.835683
7780	3	8	8	0	0:00:01.841373
7800	0	0	0	1	0:00:01.857806
7820	5	5	3	1	0:00:01.838350
7840	1	1	1	1	0:00:01.837607
7860	8	8	8	1	0:00:01.849127
7880	0	0	0	1	0:00:01.837000
7900	0	2	8	0	0:00:01.838351
7920	9	9	9	1	0:00:01.836587
7940	2	2	2	1	0:00:01.837899
7960	0	0	0	1	0:00:01.837981
7980	3	3	3	1	0:00:01.839009
8000	9	9	9	1	0:00:01.838481
8020	6	3	3	0	0:00:01.845624
8040	2	2	2	1	0:00:01.842883
8060	6	6	6	1	0:00:01.838636
8080	4	4	3	1	0:00:01.848096
8100	6	2	2	0	0:00:01.837248
8120	8	8	8	1	0:00:01.850937
8140	5	7	5	0	0:00:01.837856
8160	6	6	6	1	0:00:01.838577
8180	4	4	4	1	0:00:01.841489
8200	3	6	3	0	0:00:01.838936
8220	6	5	5	0	0:00:01.849346
8240	7	7	7	1	0:00:01.836006
8260	1	1	1	1	0:00:01.841654
8280	4	4	4	1	0:00:01.838660
8300	5	4	3	0	0:00:01.836665
8320	7	7	7	1	0:00:01.835472
8340	5	5	5	1	0:00:01.835748
8360	7	7	7	1	0:00:01.837569
8380	9	9	9	1	0:00:01.835424
8400	0	0	0	1	0:00:01.837578
8420	3	6	3	0	0:00:01.835976
8440	5	5	3	1	0:00:01.847771
8460	8	8	8	1	0:00:01.837662
8480	2	2	2	1	0:00:01.840650
8500	4	4	4	1	0:00:01.835520
8520	8	8	8	1	0:00:01.837223
8540	4	4	2	1	0:00:01.836210
8560	7	7	7	1	0:00:01.836249
8580	3	5	5	0	0:00:01.833317
8600	3	-1	3	0	0:00:01.834572
8620	3	5	5	0	0:00:01.834698
8640	1	1	1	1	0:00:01.838303
8660	7	7	7	1	0:00:01.839892
8680	3	3	3	1	0:00:01.839172
8700	3	3	3	1	0:00:01.840263
8720	2	0	0	0	0:00:01.837818
8740	2	2	5	1	0:00:01.835882
8760	8	8	8	1	0:00:01.840242
8780	4	4	4	1	0:00:01.836192
8800	0	0	0	1	0:00:01.836488
8820	2	2	2	1	0:00:01.840213
8840	2	2	2	1	0:00:01.838354
8860	2	2	2	1	0:00:01.833766
8880	1	1	1	1	0:00:01.837519
8900	2	4	2	0	0:00:01.836352
8920	6	6	3	1	0:00:01.835823
8940	6	3	3	0	0:00:01.835579
8960	0	0	2	1	0:00:01.836348
8980	9	9	9	1	0:00:01.837238
9000	8	8	8	1	0:00:01.847067
9020	7	7	7	1	0:00:01.838150
9040	2	5	5	0	0:00:01.838499
9060	9	9	9	1	0:00:01.839355
9080	3	3	3	1	0:00:01.837851
9100	9	1	1	0	0:00:01.838356
9120	3	-1	3	0	0:00:01.835796
9140	7	7	4	1	0:00:01.836062
9160	5	3	3	0	0:00:01.835178
9180	5	5	5	1	0:00:01.836185
9200	8	8	8	1	0:00:01.836128
9220	8	8	8	1	0:00:01.838574
9240	8	8	8	1	0:00:01.837055
9260	5	5	5	1	0:00:01.836741
9280	9	8	8	0	0:00:01.835073
9300	5	5	2	1	0:00:01.836371
9320	9	9	9	1	0:00:01.844210
9340	1	1	1	1	0:00:01.842745
9360	5	0	5	0	0:00:01.865598
9380	5	3	3	0	0:00:01.844971
9400	6	6	6	1	0:00:01.838337
9420	5	5	5	1	0:00:01.837554
9440	8	8	8	1	0:00:01.842732
9460	3	3	3	1	0:00:01.840329
9480	2	2	2	1	0:00:01.836773
9500	9	9	9	1	0:00:01.836038
9520	1	1	1	1	0:00:01.848440
9540	5	5	5	1	0:00:01.837450
9560	9	7	3	0	0:00:01.836292
9580	1	1	1	1	0:00:01.835789
9600	8	8	8	1	0:00:01.850151
9620	4	4	4	1	0:00:01.838813
9640	5	5	5	1	0:00:01.841908
9660	6	6	6	1	0:00:01.839686
9680	8	8	8	1	0:00:01.842893
9700	0	0	0	1	0:00:01.837145
9720	8	8	8	1	0:00:01.849097
9740	3	6	2	0	0:00:01.836381
9760	9	9	5	1	0:00:01.843020
9780	4	4	2	1	0:00:01.835832
9800	1	1	1	1	0:00:01.842005
9820	0	8	8	0	0:00:01.841225
9840	4	7	7	0	0:00:01.837312
9860	0	0	8	1	0:00:01.840814
9880	7	7	7	1	0:00:01.839084
9900	8	8	8	1	0:00:01.841568
9920	6	6	6	1	0:00:01.836797
9940	4	4	4	1	0:00:01.837625
9960	2	0	0	0	0:00:01.836057
9980	0	0	0	1	0:00:01.840227
