idx	label	predict	basePredict	correct	time
0	3	3	2	1	0:00:02.610396
20	7	7	7	1	0:00:02.508892
40	4	8	8	0	0:00:02.501959
60	7	7	4	1	0:00:02.514433
80	8	8	8	1	0:00:02.519019
100	4	4	4	1	0:00:02.529068
120	8	8	8	1	0:00:02.528713
140	6	6	2	1	0:00:02.507707
160	2	0	2	0	0:00:02.518385
180	0	0	0	1	0:00:02.492628
200	5	3	3	0	0:00:02.542620
220	7	7	7	1	0:00:02.497608
240	1	1	1	1	0:00:02.496059
260	8	3	3	0	0:00:02.513855
280	9	9	9	1	0:00:02.493421
300	6	6	4	1	0:00:02.507917
320	3	3	2	1	0:00:02.499917
340	2	4	4	0	0:00:02.504123
360	9	9	6	1	0:00:02.557718
380	6	6	4	1	0:00:02.498667
400	9	9	9	1	0:00:02.496266
420	4	4	4	1	0:00:02.501558
440	1	1	1	1	0:00:02.502817
460	5	5	5	1	0:00:02.526235
480	8	9	8	0	0:00:02.506421
500	4	6	4	0	0:00:02.518907
520	5	5	5	1	0:00:02.509736
540	1	-1	8	0	0:00:02.492626
560	0	0	8	1	0:00:02.812083
580	4	4	4	1	0:00:02.504364
600	8	8	8	1	0:00:02.515669
620	7	7	4	1	0:00:02.540504
640	5	3	3	0	0:00:02.507399
660	9	9	9	1	0:00:02.517663
680	9	9	1	1	0:00:02.510082
700	7	7	4	1	0:00:02.509597
720	4	9	4	0	0:00:02.501361
740	2	5	2	0	0:00:02.605607
760	3	9	3	0	0:00:02.504633
780	9	9	8	1	0:00:02.497592
800	7	7	7	1	0:00:02.538587
820	6	9	8	0	0:00:02.510449
840	7	7	7	1	0:00:02.509268
860	4	4	4	1	0:00:02.530741
880	8	8	8	1	0:00:02.500490
900	2	6	4	0	0:00:02.548965
920	6	6	2	1	0:00:02.515378
940	9	9	9	1	0:00:02.501712
960	9	9	9	1	0:00:02.506008
980	2	6	2	0	0:00:02.490953
1000	5	5	5	1	0:00:01.801002
1020	1	1	8	1	0:00:01.806371
1040	7	5	5	0	0:00:01.803647
1060	9	9	8	1	0:00:01.802770
1080	6	6	6	1	0:00:01.800687
1100	7	8	8	0	0:00:01.807986
1120	5	2	2	0	0:00:01.803573
1140	6	6	4	1	0:00:01.801520
1160	8	8	8	1	0:00:01.812859
1180	3	3	3	1	0:00:01.799395
1200	8	8	0	1	0:00:01.813455
1220	9	6	6	0	0:00:01.812895
1240	2	6	6	0	0:00:01.818972
1260	1	9	9	0	0:00:01.803847
1280	3	7	7	0	0:00:01.818866
1300	4	3	8	0	0:00:01.797904
1320	7	2	2	0	0:00:01.800686
1340	1	1	1	1	0:00:01.800455
1360	7	7	4	1	0:00:01.799670
1380	4	5	5	0	0:00:01.799780
1400	5	-1	2	0	0:00:01.807880
1420	4	7	4	0	0:00:01.799921
1440	0	0	0	1	0:00:01.798114
1460	6	6	4	1	0:00:01.803716
1480	1	-1	5	0	0:00:01.801054
1500	1	1	1	1	0:00:01.800123
1520	7	7	4	1	0:00:01.798084
1540	8	8	8	1	0:00:01.802103
1560	7	7	7	1	0:00:01.804402
1580	6	1	1	0	0:00:01.799495
1600	8	9	6	0	0:00:01.799561
1620	5	8	8	0	0:00:01.799914
1640	7	5	3	0	0:00:01.798589
1660	3	3	3	1	0:00:01.799285
1680	6	6	6	1	0:00:01.804619
1700	5	2	2	0	0:00:01.799555
1720	4	2	2	0	0:00:01.801909
1740	1	1	1	1	0:00:01.813270
1760	0	8	8	0	0:00:01.803418
1780	7	7	8	1	0:00:01.811635
1800	4	8	8	0	0:00:01.813531
1820	8	8	8	1	0:00:01.802879
1840	8	9	4	0	0:00:01.802370
1860	8	8	8	1	0:00:01.799098
1880	1	1	8	1	0:00:01.801275
1900	8	8	8	1	0:00:01.801145
1920	2	2	2	1	0:00:01.808247
1940	5	3	3	0	0:00:01.806508
1960	2	5	5	0	0:00:01.802333
1980	9	9	9	1	0:00:01.802521
2000	1	6	6	0	0:00:01.813007
2020	9	9	9	1	0:00:01.799422
2040	0	8	8	0	0:00:01.820002
2060	5	5	5	1	0:00:01.800217
2080	1	1	6	1	0:00:01.800471
2100	2	4	4	0	0:00:01.802288
2120	4	8	8	0	0:00:01.802580
2140	9	9	9	1	0:00:01.801845
2160	0	8	8	0	0:00:01.800701
2180	4	4	4	1	0:00:01.799577
2200	0	0	2	1	0:00:01.800338
2220	1	1	1	1	0:00:01.800658
2240	9	9	9	1	0:00:01.799865
2260	4	-1	4	0	0:00:01.799965
2280	4	8	8	0	0:00:01.798003
2300	3	6	2	0	0:00:01.801583
2320	5	2	8	0	0:00:01.804173
2340	7	7	7	1	0:00:01.802297
2360	7	7	7	1	0:00:01.800867
2380	8	8	8	1	0:00:01.810949
2400	0	0	0	1	0:00:01.801743
2420	8	1	8	0	0:00:01.814004
2440	7	7	7	1	0:00:01.803089
2460	9	9	3	1	0:00:01.799783
2480	8	8	8	1	0:00:01.800014
2500	4	2	2	0	0:00:01.804021
2520	1	1	8	1	0:00:01.802716
2540	2	3	3	0	0:00:01.800941
2560	7	7	4	1	0:00:01.802578
2580	6	4	4	0	0:00:01.800644
2600	8	8	8	1	0:00:01.799369
2620	1	1	4	1	0:00:01.801834
2640	7	7	4	1	0:00:01.799178
2660	3	-1	2	0	0:00:01.798033
2680	0	0	0	1	0:00:01.800771
2700	9	9	0	1	0:00:01.799490
2720	3	2	2	0	0:00:01.800012
2740	1	1	1	1	0:00:01.801065
2760	2	2	4	1	0:00:01.814384
2780	7	7	7	1	0:00:01.799027
2800	4	6	4	0	0:00:01.800575
2820	6	6	6	1	0:00:01.801063
2840	3	3	3	1	0:00:01.799665
2860	5	6	6	0	0:00:01.799152
2880	4	4	4	1	0:00:01.802481
2900	3	2	5	0	0:00:01.800162
2920	2	2	2	1	0:00:01.799908
2940	3	0	0	0	0:00:01.799811
2960	9	9	8	1	0:00:01.800196
2980	8	8	8	1	0:00:01.800438
3000	5	5	5	1	0:00:01.801014
3020	1	1	8	1	0:00:01.801092
3040	7	7	7	1	0:00:01.800040
3060	7	7	7	1	0:00:01.801982
3080	1	7	2	0	0:00:01.800990
3100	0	0	0	1	0:00:01.802953
3120	4	6	2	0	0:00:01.800444
3140	8	8	8	1	0:00:01.800709
3160	6	4	4	0	0:00:01.816559
3180	3	9	8	0	0:00:01.800664
3200	5	7	7	0	0:00:01.800780
3220	3	3	3	1	0:00:01.814634
3240	4	2	8	0	0:00:01.814214
3260	7	-1	7	0	0:00:01.805892
3280	3	5	0	0	0:00:01.803951
3300	4	4	4	1	0:00:01.805012
3320	2	7	2	0	0:00:01.803869
3340	6	6	4	1	0:00:01.799044
3360	4	6	4	0	0:00:01.801309
3380	8	8	8	1	0:00:01.800177
3400	6	4	4	0	0:00:01.802021
3420	5	3	4	0	0:00:01.801564
3440	2	9	3	0	0:00:01.802203
3460	1	1	1	1	0:00:01.797833
3480	2	2	2	1	0:00:01.798908
3500	1	1	1	1	0:00:01.799830
3520	1	1	1	1	0:00:01.799237
3540	6	6	6	1	0:00:01.799494
3560	1	9	0	0	0:00:01.799555
3580	4	1	4	0	0:00:01.799069
3600	4	2	2	0	0:00:01.810611
3620	0	7	6	0	0:00:01.798706
3640	6	2	2	0	0:00:01.800236
3660	0	8	8	0	0:00:01.800254
3680	0	2	2	0	0:00:01.799956
3700	3	3	4	1	0:00:01.804116
3720	2	2	2	1	0:00:01.802427
3740	0	0	0	1	0:00:01.803010
3760	7	7	7	1	0:00:01.801200
3780	4	4	2	1	0:00:01.811411
3800	9	9	8	1	0:00:01.801153
3820	0	0	0	1	0:00:01.799834
3840	6	3	3	0	0:00:01.801488
3860	7	7	7	1	0:00:01.800534
3880	6	4	4	0	0:00:01.803010
3900	3	3	6	1	0:00:01.815560
3920	7	9	8	0	0:00:01.799304
3940	6	6	4	1	0:00:01.800680
3960	2	2	2	1	0:00:01.802813
3980	9	7	7	0	0:00:01.808863
4000	8	-1	0	0	0:00:01.801082
4020	8	1	8	0	0:00:01.801244
4040	0	0	0	1	0:00:01.799492
4060	6	3	3	0	0:00:01.799862
4080	1	-1	8	0	0:00:01.803836
4100	7	7	7	1	0:00:01.802524
4120	4	0	4	0	0:00:01.798556
4140	5	3	3	0	0:00:01.800074
4160	5	2	2	0	0:00:01.802672
4180	0	0	8	1	0:00:01.799567
4200	4	4	2	1	0:00:01.803539
4220	4	0	0	0	0:00:01.804323
4240	7	0	0	0	0:00:01.810938
4260	8	8	8	1	0:00:01.798868
4280	8	8	8	1	0:00:01.799431
4300	8	8	8	1	0:00:01.799217
4320	1	8	8	0	0:00:01.797821
4340	0	0	8	1	0:00:01.801608
4360	6	-1	6	0	0:00:01.801249
4380	9	9	8	1	0:00:01.800249
4400	3	4	4	0	0:00:01.803819
4420	5	8	8	0	0:00:01.801569
4440	2	2	2	1	0:00:01.801802
4460	9	1	8	0	0:00:01.815457
4480	9	9	3	1	0:00:01.800771
4500	3	3	6	1	0:00:01.803854
4520	3	6	6	0	0:00:01.799254
4540	9	9	9	1	0:00:01.811819
4560	1	1	4	1	0:00:01.804118
4580	6	4	4	0	0:00:01.806603
4600	4	7	4	0	0:00:01.800165
4620	7	3	3	0	0:00:01.801725
4640	2	4	4	0	0:00:01.799669
4660	7	4	2	0	0:00:01.798757
4680	9	1	1	0	0:00:01.799240
4700	6	1	4	0	0:00:01.799570
4720	8	-1	0	0	0:00:01.799955
4740	5	3	3	0	0:00:01.798937
4760	3	3	4	1	0:00:01.807044
4780	0	0	0	1	0:00:01.804818
4800	9	9	9	1	0:00:01.812290
4820	3	5	5	0	0:00:01.797561
4840	0	0	0	1	0:00:01.799244
4860	5	5	5	1	0:00:01.797512
4880	0	2	2	0	0:00:01.810210
4900	3	6	6	0	0:00:01.798903
4920	7	7	7	1	0:00:01.803823
4940	6	6	2	1	0:00:01.802462
4960	4	6	4	0	0:00:01.803332
4980	1	9	8	0	0:00:01.804532
5000	7	7	7	1	0:00:01.799489
5020	8	8	8	1	0:00:01.799642
5040	3	3	4	1	0:00:01.801329
5060	6	6	4	1	0:00:01.803369
5080	7	7	7	1	0:00:01.798008
5100	3	3	3	1	0:00:01.801178
5120	9	9	8	1	0:00:01.801410
5140	8	8	8	1	0:00:01.803396
5160	0	0	8	1	0:00:01.800527
5180	9	7	4	0	0:00:01.798203
5200	3	3	3	1	0:00:01.800721
5220	0	0	0	1	0:00:01.803846
5240	1	9	2	0	0:00:01.801628
5260	0	0	0	1	0:00:01.802548
5280	0	8	8	0	0:00:01.798975
5300	9	9	9	1	0:00:01.798973
5320	7	7	7	1	0:00:01.798691
5340	3	4	4	0	0:00:01.801984
5360	9	9	9	1	0:00:01.801771
5380	1	9	9	0	0:00:01.809680
5400	9	9	8	1	0:00:01.798368
5420	6	6	6	1	0:00:01.808032
5440	9	9	9	1	0:00:01.801784
5460	0	7	7	0	0:00:01.807733
5480	1	1	8	1	0:00:01.799679
5500	8	1	8	0	0:00:01.799083
5520	4	3	3	0	0:00:01.798333
5540	5	6	2	0	0:00:01.799565
5560	3	6	5	0	0:00:01.800929
5580	5	6	6	0	0:00:01.797606
5600	6	-1	0	0	0:00:01.798142
5620	3	2	2	0	0:00:01.800287
5640	2	-1	2	0	0:00:01.799599
5660	9	9	8	1	0:00:01.797974
5680	2	3	8	0	0:00:01.798228
5700	3	3	3	1	0:00:01.798141
5720	9	9	9	1	0:00:01.796277
5740	6	4	4	0	0:00:01.792228
5760	2	2	2	1	0:00:01.797995
5780	7	7	7	1	0:00:01.798531
5800	2	4	2	0	0:00:01.798015
5820	5	-1	3	0	0:00:01.799222
5840	2	2	6	1	0:00:01.804877
5860	0	-1	8	0	0:00:01.800534
5880	0	0	0	1	0:00:01.804387
5900	4	4	4	1	0:00:01.800580
5920	8	8	8	1	0:00:01.803026
5940	7	4	4	0	0:00:01.804625
5960	2	4	4	0	0:00:01.801786
5980	9	9	9	1	0:00:01.800163
6000	8	9	8	0	0:00:01.799794
6020	6	6	6	1	0:00:01.805757
6040	2	7	7	0	0:00:01.801805
6060	3	4	4	0	0:00:01.801502
6080	1	9	6	0	0:00:01.800476
6100	1	1	8	1	0:00:01.803697
6120	5	5	5	1	0:00:01.799410
6140	9	9	9	1	0:00:01.804444
6160	2	5	5	0	0:00:01.802165
6180	0	9	8	0	0:00:01.799807
6200	3	3	3	1	0:00:01.799670
6220	2	6	4	0	0:00:01.798962
6240	2	2	4	1	0:00:01.803645
6260	2	9	4	0	0:00:01.799817
6280	8	5	4	0	0:00:01.802327
6300	1	7	4	0	0:00:01.804340
6320	0	0	0	1	0:00:01.799081
6340	3	3	3	1	0:00:01.801287
6360	2	2	2	1	0:00:01.801735
6380	3	6	6	0	0:00:01.799667
6400	0	1	8	0	0:00:01.805889
6420	7	7	8	1	0:00:01.800596
6440	3	9	8	0	0:00:01.800247
6460	3	1	4	0	0:00:01.807333
6480	0	0	0	1	0:00:01.803594
6500	7	0	8	0	0:00:01.799697
6520	6	4	4	0	0:00:01.800411
6540	8	8	8	1	0:00:01.801208
6560	6	6	4	1	0:00:01.805099
6580	1	1	2	1	0:00:01.807964
6600	7	7	7	1	0:00:01.811563
6620	7	7	7	1	0:00:01.809655
6640	5	3	8	0	0:00:01.802723
6660	0	0	0	1	0:00:01.806228
6680	3	5	3	0	0:00:01.799931
6700	6	6	2	1	0:00:01.811826
6720	2	2	2	1	0:00:01.801782
6740	2	4	4	0	0:00:01.805381
6760	5	5	3	1	0:00:01.802455
6780	7	7	7	1	0:00:01.808462
6800	6	6	4	1	0:00:01.800865
6820	1	1	1	1	0:00:01.800118
6840	9	9	9	1	0:00:01.801073
6860	0	0	2	1	0:00:01.799846
6880	2	7	4	0	0:00:01.797160
6900	3	7	4	0	0:00:01.799886
6920	5	2	2	0	0:00:01.799580
6940	1	1	1	1	0:00:01.801654
6960	9	8	8	0	0:00:01.803787
6980	0	9	0	0	0:00:01.801201
7000	2	8	8	0	0:00:01.805724
7020	7	7	7	1	0:00:01.799252
7040	7	8	8	0	0:00:01.800209
7060	8	8	8	1	0:00:01.800397
7080	5	4	4	0	0:00:01.798281
7100	9	3	8	0	0:00:01.802137
7120	7	7	7	1	0:00:01.799228
7140	4	4	4	1	0:00:01.805566
7160	5	5	4	1	0:00:01.805915
7180	6	6	6	1	0:00:01.799228
7200	4	6	2	0	0:00:01.803342
7220	9	9	8	1	0:00:01.803756
7240	0	8	8	0	0:00:01.803264
7260	1	-1	8	0	0:00:01.803472
7280	1	1	6	1	0:00:01.804225
7300	3	7	4	0	0:00:01.801626
7320	8	-1	8	0	0:00:01.802062
7340	2	4	4	0	0:00:01.803181
7360	2	4	4	0	0:00:01.803857
7380	7	7	7	1	0:00:01.808398
7400	3	3	3	1	0:00:01.801208
7420	3	0	2	0	0:00:01.807781
7440	3	3	2	1	0:00:01.802048
7460	5	5	5	1	0:00:01.798605
7480	1	8	8	0	0:00:01.798598
7500	6	6	6	1	0:00:01.799589
7520	4	4	4	1	0:00:01.800199
7540	5	5	5	1	0:00:01.807676
7560	0	9	4	0	0:00:01.799779
7580	8	8	8	1	0:00:01.792614
7600	8	9	8	0	0:00:01.801163
7620	5	3	3	0	0:00:01.800823
7640	9	9	6	1	0:00:01.808865
7660	7	7	4	1	0:00:01.800677
7680	3	-1	3	0	0:00:01.799743
7700	6	6	6	1	0:00:01.805281
7720	5	5	5	1	0:00:01.807240
7740	4	4	2	1	0:00:01.801390
7760	2	9	2	0	0:00:01.804259
7780	3	1	8	0	0:00:01.798737
7800	0	0	0	1	0:00:01.800542
7820	5	8	8	0	0:00:01.801351
7840	1	1	1	1	0:00:01.800893
7860	8	1	4	0	0:00:01.800028
7880	0	0	0	1	0:00:01.809533
7900	0	8	8	0	0:00:01.806628
7920	9	8	8	0	0:00:01.801302
7940	2	6	4	0	0:00:01.813773
7960	0	0	0	1	0:00:01.805159
7980	3	3	4	1	0:00:01.799523
8000	9	9	9	1	0:00:01.801440
8020	6	3	3	0	0:00:01.799491
8040	2	2	2	1	0:00:01.801539
8060	6	6	4	1	0:00:01.805597
8080	4	6	4	0	0:00:01.801275
8100	6	2	4	0	0:00:01.800012
8120	8	9	8	0	0:00:01.799747
8140	5	4	4	0	0:00:01.801175
8160	6	6	6	1	0:00:01.802797
8180	4	4	4	1	0:00:01.799746
8200	3	6	2	0	0:00:01.800705
8220	6	6	2	1	0:00:01.800754
8240	7	7	7	1	0:00:01.799679
8260	1	1	3	1	0:00:01.800366
8280	4	5	3	0	0:00:01.800145
8300	5	2	2	0	0:00:01.799992
8320	7	4	4	0	0:00:01.799359
8340	5	3	3	0	0:00:01.801764
8360	7	7	4	1	0:00:01.803138
8380	9	9	8	1	0:00:01.802850
8400	0	0	8	1	0:00:01.799013
8420	3	6	4	0	0:00:01.807486
8440	5	-1	4	0	0:00:01.802752
8460	8	8	8	1	0:00:01.801163
8480	2	2	4	1	0:00:01.801513
8500	4	4	4	1	0:00:01.802554
8520	8	1	4	0	0:00:01.807306
8540	4	4	2	1	0:00:01.805225
8560	7	7	4	1	0:00:01.805278
8580	3	0	2	0	0:00:01.810715
8600	3	3	4	1	0:00:01.800973
8620	3	7	4	0	0:00:01.807966
8640	1	1	1	1	0:00:01.800305
8660	7	7	7	1	0:00:01.801542
8680	3	9	4	0	0:00:01.799359
8700	3	3	3	1	0:00:01.800695
8720	2	0	0	0	0:00:01.801741
8740	2	2	4	1	0:00:01.801020
8760	8	8	8	1	0:00:01.803675
8780	4	4	4	1	0:00:01.801285
8800	0	0	0	1	0:00:01.801265
8820	2	2	2	1	0:00:01.802262
8840	2	1	7	0	0:00:01.800050
8860	2	2	2	1	0:00:01.801639
8880	1	1	1	1	0:00:01.801636
8900	2	4	4	0	0:00:01.798980
8920	6	6	6	1	0:00:01.809179
8940	6	3	6	0	0:00:01.800994
8960	0	0	0	1	0:00:01.804615
8980	9	9	9	1	0:00:01.801475
9000	8	8	8	1	0:00:01.803018
9020	7	9	8	0	0:00:01.801915
9040	2	5	5	0	0:00:01.805293
9060	9	5	5	0	0:00:01.801667
9080	3	3	3	1	0:00:01.802697
9100	9	6	6	0	0:00:01.802061
9120	3	3	3	1	0:00:01.803915
9140	7	7	4	1	0:00:01.800576
9160	5	5	5	1	0:00:01.802675
9180	5	5	5	1	0:00:01.801671
9200	8	8	8	1	0:00:01.801787
9220	8	8	8	1	0:00:01.800357
9240	8	8	8	1	0:00:01.799349
9260	5	5	5	1	0:00:01.802461
9280	9	1	8	0	0:00:01.802048
9300	5	3	2	0	0:00:01.799194
9320	9	9	8	1	0:00:01.810909
9340	1	1	1	1	0:00:01.803501
9360	5	6	6	0	0:00:01.804288
9380	5	3	3	0	0:00:01.802583
9400	6	6	4	1	0:00:01.802205
9420	5	5	6	1	0:00:01.815804
9440	8	8	8	1	0:00:01.807110
9460	3	7	6	0	0:00:01.806283
9480	2	4	4	0	0:00:01.801970
9500	9	9	6	1	0:00:01.800525
9520	1	1	1	1	0:00:01.801105
9540	5	5	4	1	0:00:01.802279
9560	9	7	7	0	0:00:01.803883
9580	1	1	4	1	0:00:01.806902
9600	8	8	8	1	0:00:01.800507
9620	4	7	4	0	0:00:01.801186
9640	5	0	6	0	0:00:01.800669
9660	6	6	6	1	0:00:01.808085
9680	8	8	8	1	0:00:01.799966
9700	0	0	0	1	0:00:01.804653
9720	8	1	8	0	0:00:01.803038
9740	3	6	4	0	0:00:01.800559
9760	9	9	4	1	0:00:01.803313
9780	4	6	4	0	0:00:01.800333
9800	1	1	1	1	0:00:01.798155
9820	0	8	8	0	0:00:01.804080
9840	4	5	5	0	0:00:01.801392
9860	0	5	8	0	0:00:01.800921
9880	7	7	4	1	0:00:01.810644
9900	8	0	8	0	0:00:01.801571
9920	6	6	2	1	0:00:01.799991
9940	4	7	4	0	0:00:01.799567
9960	2	0	0	0	0:00:01.812158
9980	0	0	0	1	0:00:01.802317
