idx	label	predict	basePredict	correct	time
0	3	3	3	1	0:00:04.916794
20	7	7	7	1	0:00:04.800213
40	4	4	4	1	0:00:04.792036
60	7	7	7	1	0:00:04.796257
80	8	8	8	1	0:00:04.792920
100	4	4	5	1	0:00:04.795610
120	8	8	8	1	0:00:04.796001
140	6	6	6	1	0:00:04.799541
160	2	2	2	1	0:00:04.799908
180	0	0	0	1	0:00:04.797997
200	5	5	5	1	0:00:04.791855
220	7	7	7	1	0:00:04.800276
240	1	1	1	1	0:00:04.796689
260	8	8	8	1	0:00:04.801594
280	9	9	9	1	0:00:04.798540
300	6	6	6	1	0:00:04.799803
320	3	3	3	1	0:00:04.791324
340	2	2	2	1	0:00:04.802897
360	9	9	9	1	0:00:04.800105
380	6	6	6	1	0:00:04.802346
400	9	9	9	1	0:00:04.806291
420	4	4	3	1	0:00:04.801453
440	1	1	1	1	0:00:04.818740
460	5	5	5	1	0:00:04.795870
480	8	8	8	1	0:00:04.801227
500	4	6	4	0	0:00:04.815183
520	5	5	5	1	0:00:04.795418
540	1	1	1	1	0:00:04.802313
560	0	0	0	1	0:00:04.788892
580	4	4	4	1	0:00:04.804520
600	8	8	8	1	0:00:04.806056
620	7	7	7	1	0:00:04.796791
640	5	3	3	0	0:00:04.806241
660	9	9	9	1	0:00:04.797173
680	9	9	1	1	0:00:04.799469
700	7	7	7	1	0:00:04.796468
720	4	4	4	1	0:00:04.802811
740	2	-1	5	0	0:00:04.805384
760	3	3	3	1	0:00:04.797505
780	9	9	9	1	0:00:04.818942
800	7	7	7	1	0:00:04.797026
820	6	5	5	0	0:00:04.801987
840	7	7	7	1	0:00:04.799963
860	4	4	2	1	0:00:04.804469
880	8	8	8	1	0:00:04.807972
900	2	6	3	0	0:00:04.796970
920	6	4	4	0	0:00:04.806463
940	9	9	9	1	0:00:04.798934
960	9	9	3	1	0:00:04.818831
980	2	2	2	1	0:00:04.805503
1000	5	5	5	1	0:00:04.708446
1020	1	1	1	1	0:00:04.717221
1040	7	7	2	1	0:00:04.714817
1060	9	9	9	1	0:00:04.715225
1080	6	2	2	0	0:00:04.713973
1100	7	5	5	0	0:00:04.717373
1120	5	5	2	1	0:00:04.710486
1140	6	6	3	1	0:00:04.709725
1160	8	8	8	1	0:00:04.711175
1180	3	3	3	1	0:00:04.707473
1200	8	8	8	1	0:00:04.723083
1220	9	3	3	0	0:00:04.716144
1240	2	2	2	1	0:00:04.709975
1260	1	9	9	0	0:00:04.710977
1280	3	3	3	1	0:00:04.713134
1300	4	3	3	0	0:00:04.709998
1320	7	7	7	1	0:00:04.716654
1340	1	1	1	1	0:00:04.720487
1360	7	7	7	1	0:00:04.711253
1380	4	4	4	1	0:00:04.715018
1400	5	5	5	1	0:00:04.715430
1420	4	2	2	0	0:00:04.722294
1440	0	0	0	1	0:00:04.719932
1460	6	6	6	1	0:00:04.720980
1480	1	1	1	1	0:00:04.715245
1500	1	1	1	1	0:00:04.717506
1520	7	7	7	1	0:00:04.718330
1540	8	8	8	1	0:00:04.716911
1560	7	7	7	1	0:00:04.721232
1580	6	6	6	1	0:00:04.719494
1600	8	8	8	1	0:00:04.706821
1620	5	3	3	0	0:00:04.717271
1640	7	7	7	1	0:00:04.717176
1660	3	3	3	1	0:00:04.721213
1680	6	6	3	1	0:00:04.717016
1700	5	5	5	1	0:00:04.720466
1720	4	4	4	1	0:00:04.722380
1740	1	1	1	1	0:00:04.717655
1760	0	0	0	1	0:00:04.721636
1780	7	7	7	1	0:00:04.716151
1800	4	4	4	1	0:00:04.714153
1820	8	8	8	1	0:00:04.713576
1840	8	8	8	1	0:00:04.712044
1860	8	8	8	1	0:00:04.712140
1880	1	1	1	1	0:00:04.704563
1900	8	8	8	1	0:00:04.714507
1920	2	2	2	1	0:00:04.717622
1940	5	5	2	1	0:00:04.717082
1960	2	2	2	1	0:00:04.719937
1980	9	9	9	1	0:00:04.716742
2000	1	1	1	1	0:00:04.720208
2020	9	9	9	1	0:00:04.716328
2040	0	0	0	1	0:00:04.720947
2060	5	3	3	0	0:00:04.716146
2080	1	1	1	1	0:00:04.715808
2100	2	2	2	1	0:00:04.718583
2120	4	8	8	0	0:00:04.718195
2140	9	9	9	1	0:00:04.719213
2160	0	0	0	1	0:00:04.716066
2180	4	4	4	1	0:00:04.715786
2200	0	0	0	1	0:00:04.713666
2220	1	1	1	1	0:00:04.722082
2240	9	9	9	1	0:00:04.719147
2260	4	4	4	1	0:00:04.717731
2280	4	4	2	1	0:00:04.718272
2300	3	1	1	0	0:00:04.720274
2320	5	3	3	0	0:00:04.722204
2340	7	7	7	1	0:00:04.714656
2360	7	7	7	1	0:00:04.720554
2380	8	8	8	1	0:00:04.716810
2400	0	0	0	1	0:00:04.718532
2420	8	7	7	0	0:00:04.720071
2440	7	7	7	1	0:00:04.719439
2460	9	9	9	1	0:00:04.722939
2480	8	8	8	1	0:00:04.718358
2500	4	6	5	0	0:00:04.719743
2520	1	0	0	0	0:00:04.723033
2540	2	2	2	1	0:00:04.722902
2560	7	7	7	1	0:00:04.711641
2580	6	6	6	1	0:00:04.712670
2600	8	8	8	1	0:00:04.713478
2620	1	1	1	1	0:00:04.713016
2640	7	7	7	1	0:00:04.721709
2660	3	3	3	1	0:00:04.719891
2680	0	0	0	1	0:00:04.715764
2700	9	1	1	0	0:00:04.720867
2720	3	3	3	1	0:00:04.718431
2740	1	1	1	1	0:00:04.723305
2760	2	2	2	1	0:00:04.719316
2780	7	7	7	1	0:00:04.724859
2800	4	4	4	1	0:00:04.722491
2820	6	6	6	1	0:00:04.723047
2840	3	3	3	1	0:00:04.721100
2860	5	5	5	1	0:00:04.718092
2880	4	4	4	1	0:00:04.718334
2900	3	3	3	1	0:00:04.714772
2920	2	2	2	1	0:00:04.717242
2940	3	0	0	0	0:00:04.717855
2960	9	0	0	0	0:00:04.717962
2980	8	8	8	1	0:00:04.719239
3000	5	5	5	1	0:00:04.719249
3020	1	1	1	1	0:00:04.720844
3040	7	7	7	1	0:00:04.719547
3060	7	7	7	1	0:00:04.722241
3080	1	1	1	1	0:00:04.724240
3100	0	0	0	1	0:00:04.718707
3120	4	4	3	1	0:00:04.719170
3140	8	8	8	1	0:00:04.715158
3160	6	2	2	0	0:00:04.716740
3180	3	3	3	1	0:00:04.718152
3200	5	5	5	1	0:00:04.718824
3220	3	3	3	1	0:00:04.718747
3240	4	4	1	1	0:00:04.718362
3260	7	7	7	1	0:00:04.719345
3280	3	3	3	1	0:00:04.718403
3300	4	4	4	1	0:00:04.719120
3320	2	2	3	1	0:00:04.720821
3340	6	6	6	1	0:00:04.718218
3360	4	4	4	1	0:00:04.717915
3380	8	8	8	1	0:00:04.712522
3400	6	1	0	0	0:00:04.719223
3420	5	3	3	0	0:00:04.717778
3440	2	3	3	0	0:00:04.716787
3460	1	1	1	1	0:00:04.712339
3480	2	2	2	1	0:00:04.715021
3500	1	1	1	1	0:00:04.717718
3520	1	1	1	1	0:00:04.722324
3540	6	6	3	1	0:00:04.719332
3560	1	9	9	0	0:00:04.717954
3580	4	4	2	1	0:00:04.720017
3600	4	3	3	0	0:00:04.714097
3620	0	0	0	1	0:00:04.712092
3640	6	6	6	1	0:00:04.711214
3660	0	0	0	1	0:00:04.707390
3680	0	0	0	1	0:00:04.705220
3700	3	3	3	1	0:00:04.702785
3720	2	2	2	1	0:00:04.703739
3740	0	0	0	1	0:00:04.701060
3760	7	7	7	1	0:00:04.711032
3780	4	3	3	0	0:00:04.710826
3800	9	9	9	1	0:00:04.713083
3820	0	3	3	0	0:00:04.705534
3840	6	5	5	0	0:00:04.705462
3860	7	7	7	1	0:00:04.711193
3880	6	6	6	1	0:00:04.705011
3900	3	3	3	1	0:00:04.705362
3920	7	7	7	1	0:00:04.706591
3940	6	6	6	1	0:00:04.704410
3960	2	2	2	1	0:00:04.704999
3980	9	2	9	0	0:00:04.705204
4000	8	4	7	0	0:00:04.706055
4020	8	8	8	1	0:00:04.710561
4040	0	0	0	1	0:00:04.706985
4060	6	6	6	1	0:00:04.706658
4080	1	1	1	1	0:00:04.708986
4100	7	7	7	1	0:00:04.712766
4120	4	4	4	1	0:00:04.709156
4140	5	5	5	1	0:00:04.707439
4160	5	5	5	1	0:00:04.710361
4180	0	0	8	1	0:00:04.707962
4200	4	4	4	1	0:00:04.707409
4220	4	0	0	0	0:00:04.706735
4240	7	7	7	1	0:00:04.707452
4260	8	8	8	1	0:00:04.706052
4280	8	8	8	1	0:00:04.708815
4300	8	8	8	1	0:00:04.704922
4320	1	1	1	1	0:00:04.709152
4340	0	0	0	1	0:00:04.707513
4360	6	6	6	1	0:00:04.711006
4380	9	9	9	1	0:00:04.713428
4400	3	3	3	1	0:00:04.707358
4420	5	5	5	1	0:00:04.710788
4440	2	2	2	1	0:00:04.712870
4460	9	9	9	1	0:00:04.718717
4480	9	9	9	1	0:00:04.717134
4500	3	3	3	1	0:00:04.717327
4520	3	3	3	1	0:00:04.715449
4540	9	9	9	1	0:00:04.714481
4560	1	1	1	1	0:00:04.722337
4580	6	6	6	1	0:00:04.716114
4600	4	4	4	1	0:00:04.719835
4620	7	7	7	1	0:00:04.720387
4640	2	2	2	1	0:00:04.715586
4660	7	7	7	1	0:00:04.714854
4680	9	9	9	1	0:00:04.716641
4700	6	5	5	0	0:00:04.718038
4720	8	8	8	1	0:00:04.717208
4740	5	3	3	0	0:00:04.716436
4760	3	2	3	0	0:00:04.718186
4780	0	0	0	1	0:00:04.715992
4800	9	9	9	1	0:00:04.713917
4820	3	3	3	1	0:00:04.716305
4840	0	0	0	1	0:00:04.718654
4860	5	5	5	1	0:00:04.715933
4880	0	0	0	1	0:00:04.713535
4900	3	3	3	1	0:00:04.716217
4920	7	7	7	1	0:00:04.714686
4940	6	6	6	1	0:00:04.709417
4960	4	4	4	1	0:00:04.702920
4980	1	1	1	1	0:00:04.709624
5000	7	7	7	1	0:00:04.709687
5020	8	8	8	1	0:00:04.707526
5040	3	3	3	1	0:00:04.709615
5060	6	6	3	1	0:00:04.710642
5080	7	7	7	1	0:00:04.706182
5100	3	3	3	1	0:00:04.706852
5120	9	9	9	1	0:00:04.714418
5140	8	8	8	1	0:00:04.706331
5160	0	0	0	1	0:00:04.708445
5180	9	7	5	0	0:00:04.706868
5200	3	3	2	1	0:00:04.706451
5220	0	0	0	1	0:00:04.704024
5240	1	1	1	1	0:00:04.708798
5260	0	0	0	1	0:00:04.708590
5280	0	4	4	0	0:00:04.708971
5300	9	9	9	1	0:00:04.713031
5320	7	7	7	1	0:00:04.708763
5340	3	3	3	1	0:00:04.709266
5360	9	9	9	1	0:00:04.709137
5380	1	-1	1	0	0:00:04.709790
5400	9	9	9	1	0:00:04.711955
5420	6	6	6	1	0:00:04.711644
5440	9	9	9	1	0:00:04.711001
5460	0	0	0	1	0:00:04.713585
5480	1	1	1	1	0:00:04.712418
5500	8	8	8	1	0:00:04.711496
5520	4	4	3	1	0:00:04.708821
5540	5	5	5	1	0:00:04.710566
5560	3	3	3	1	0:00:04.707074
5580	5	3	3	0	0:00:04.711543
5600	6	-1	5	0	0:00:04.714448
5620	3	3	3	1	0:00:04.710740
5640	2	-1	2	0	0:00:04.715969
5660	9	9	9	1	0:00:04.710696
5680	2	2	2	1	0:00:04.712842
5700	3	3	3	1	0:00:04.702866
5720	9	9	9	1	0:00:04.711087
5740	6	6	6	1	0:00:04.708716
5760	2	2	2	1	0:00:04.705969
5780	7	7	7	1	0:00:04.709174
5800	2	2	2	1	0:00:04.708020
5820	5	5	5	1	0:00:04.712993
5840	2	2	2	1	0:00:04.708815
5860	0	0	8	1	0:00:04.708530
5880	0	0	0	1	0:00:04.711296
5900	4	0	0	0	0:00:04.710463
5920	8	8	8	1	0:00:04.708934
5940	7	7	7	1	0:00:04.707088
5960	2	6	5	0	0:00:04.710939
5980	9	9	9	1	0:00:04.706626
6000	8	8	8	1	0:00:04.708900
6020	6	6	6	1	0:00:04.707166
6040	2	7	7	0	0:00:04.713506
6060	3	3	2	1	0:00:04.709727
6080	1	1	1	1	0:00:04.710020
6100	1	1	1	1	0:00:04.708242
6120	5	5	5	1	0:00:04.710467
6140	9	9	9	1	0:00:04.711713
6160	2	2	2	1	0:00:04.709920
6180	0	0	0	1	0:00:04.707197
6200	3	3	3	1	0:00:04.703536
6220	2	2	2	1	0:00:04.699250
6240	2	2	2	1	0:00:04.705593
6260	2	8	2	0	0:00:04.702925
6280	8	8	8	1	0:00:04.703995
6300	1	1	1	1	0:00:04.698529
6320	0	0	0	1	0:00:04.703325
6340	3	3	3	1	0:00:04.704332
6360	2	2	2	1	0:00:04.701776
6380	3	3	3	1	0:00:04.703758
6400	0	-1	0	0	0:00:04.704361
6420	7	7	7	1	0:00:04.708346
6440	3	2	2	0	0:00:04.701884
6460	3	3	3	1	0:00:04.703156
6480	0	0	0	1	0:00:04.704741
6500	7	7	3	1	0:00:04.700284
6520	6	6	6	1	0:00:04.705806
6540	8	8	8	1	0:00:04.700921
6560	6	6	5	1	0:00:04.707242
6580	1	1	1	1	0:00:04.704187
6600	7	7	7	1	0:00:04.705466
6620	7	7	7	1	0:00:04.702967
6640	5	3	3	0	0:00:04.702315
6660	0	0	0	1	0:00:04.704961
6680	3	3	3	1	0:00:04.702519
6700	6	6	6	1	0:00:04.701867
6720	2	2	2	1	0:00:04.697321
6740	2	2	2	1	0:00:04.707446
6760	5	5	5	1	0:00:04.707485
6780	7	7	7	1	0:00:04.705449
6800	6	-1	3	0	0:00:04.707639
6820	1	1	1	1	0:00:04.705549
6840	9	9	9	1	0:00:04.703057
6860	0	0	0	1	0:00:04.698392
6880	2	2	2	1	0:00:04.701978
6900	3	3	3	1	0:00:04.700166
6920	5	6	2	0	0:00:04.699316
6940	1	1	1	1	0:00:04.702976
6960	9	9	9	1	0:00:04.699820
6980	0	8	8	0	0:00:04.705354
7000	2	8	8	0	0:00:04.704315
7020	7	7	7	1	0:00:04.708760
7040	7	0	0	0	0:00:04.711453
7060	8	8	8	1	0:00:04.705122
7080	5	3	3	0	0:00:04.708767
7100	9	3	3	0	0:00:04.704830
7120	7	7	7	1	0:00:04.705728
7140	4	4	2	1	0:00:04.702726
7160	5	5	5	1	0:00:04.711169
7180	6	6	3	1	0:00:04.704329
7200	4	4	4	1	0:00:04.701394
7220	9	9	9	1	0:00:04.706737
7240	0	0	0	1	0:00:04.705231
7260	1	1	1	1	0:00:04.706949
7280	1	9	9	0	0:00:04.708276
7300	3	5	5	0	0:00:04.712182
7320	8	8	8	1	0:00:04.704744
7340	2	2	2	1	0:00:04.703020
7360	2	2	2	1	0:00:04.709211
7380	7	7	7	1	0:00:04.708108
7400	3	3	3	1	0:00:04.705109
7420	3	3	3	1	0:00:04.712219
7440	3	3	3	1	0:00:04.703682
7460	5	5	5	1	0:00:04.703805
7480	1	1	1	1	0:00:04.702786
7500	6	6	6	1	0:00:04.704214
7520	4	4	4	1	0:00:04.700762
7540	5	5	5	1	0:00:04.704686
7560	0	0	0	1	0:00:04.701198
7580	8	8	8	1	0:00:04.700563
7600	8	2	2	0	0:00:04.704711
7620	5	5	5	1	0:00:04.702609
7640	9	8	8	0	0:00:04.704523
7660	7	7	7	1	0:00:04.706255
7680	3	5	5	0	0:00:04.707272
7700	6	6	6	1	0:00:04.702847
7720	5	5	2	1	0:00:04.703739
7740	4	4	4	1	0:00:04.703358
7760	2	2	2	1	0:00:04.703726
7780	3	9	8	0	0:00:04.705998
7800	0	0	0	1	0:00:04.701046
7820	5	3	3	0	0:00:04.703116
7840	1	1	1	1	0:00:04.702947
7860	8	8	8	1	0:00:04.703906
7880	0	0	0	1	0:00:04.702194
7900	0	0	0	1	0:00:04.700173
7920	9	9	9	1	0:00:04.705439
7940	2	2	2	1	0:00:04.701787
7960	0	0	0	1	0:00:04.704208
7980	3	3	3	1	0:00:04.702516
8000	9	9	9	1	0:00:04.702394
8020	6	3	3	0	0:00:04.707197
8040	2	2	2	1	0:00:04.702791
8060	6	6	6	1	0:00:04.705578
8080	4	4	4	1	0:00:04.702311
8100	6	-1	2	0	0:00:04.707011
8120	8	8	8	1	0:00:04.706017
8140	5	3	3	0	0:00:04.705371
8160	6	6	6	1	0:00:04.704932
8180	4	2	2	0	0:00:04.704678
8200	3	4	3	0	0:00:04.705122
8220	6	6	6	1	0:00:04.706622
8240	7	7	7	1	0:00:04.704796
8260	1	1	1	1	0:00:04.703091
8280	4	4	4	1	0:00:04.709620
8300	5	5	5	1	0:00:04.706855
8320	7	7	7	1	0:00:04.709268
8340	5	5	3	1	0:00:04.710107
8360	7	7	7	1	0:00:04.705636
8380	9	9	9	1	0:00:04.711361
8400	0	0	0	1	0:00:04.707981
8420	3	6	5	0	0:00:04.710751
8440	5	2	2	0	0:00:04.710127
8460	8	8	8	1	0:00:04.704605
8480	2	2	2	1	0:00:04.708757
8500	4	4	4	1	0:00:04.704493
8520	8	8	8	1	0:00:04.710221
8540	4	2	2	0	0:00:04.705213
8560	7	7	7	1	0:00:04.707813
8580	3	5	5	0	0:00:04.705849
8600	3	3	3	1	0:00:04.707675
8620	3	5	5	0	0:00:04.707345
8640	1	1	1	1	0:00:04.709063
8660	7	7	7	1	0:00:04.707503
8680	3	3	3	1	0:00:04.705139
8700	3	5	5	0	0:00:04.709936
8720	2	0	0	0	0:00:04.704076
8740	2	2	2	1	0:00:04.703475
8760	8	8	8	1	0:00:04.702850
8780	4	7	7	0	0:00:04.698455
8800	0	0	0	1	0:00:04.703629
8820	2	2	2	1	0:00:04.702918
8840	2	2	2	1	0:00:04.704655
8860	2	2	2	1	0:00:04.704983
8880	1	1	1	1	0:00:04.703395
8900	2	2	2	1	0:00:04.704954
8920	6	6	6	1	0:00:04.703549
8940	6	6	6	1	0:00:04.706842
8960	0	2	2	0	0:00:04.702110
8980	9	9	9	1	0:00:04.705904
9000	8	8	8	1	0:00:04.704854
9020	7	7	7	1	0:00:04.703033
9040	2	5	5	0	0:00:04.705252
9060	9	9	9	1	0:00:04.702785
9080	3	-1	2	0	0:00:04.703443
9100	9	9	1	1	0:00:04.702813
9120	3	2	3	0	0:00:04.703467
9140	7	7	7	1	0:00:04.702272
9160	5	3	3	0	0:00:04.699399
9180	5	5	5	1	0:00:04.706220
9200	8	8	8	1	0:00:04.702665
9220	8	8	8	1	0:00:04.704196
9240	8	8	8	1	0:00:04.704770
9260	5	3	3	0	0:00:04.700273
9280	9	9	9	1	0:00:04.701177
9300	5	3	3	0	0:00:04.702055
9320	9	9	9	1	0:00:04.704204
9340	1	1	1	1	0:00:04.706331
9360	5	0	0	0	0:00:04.705245
9380	5	3	3	0	0:00:04.703560
9400	6	6	6	1	0:00:04.704218
9420	5	5	5	1	0:00:04.704900
9440	8	8	8	1	0:00:04.702255
9460	3	3	3	1	0:00:04.706100
9480	2	6	2	0	0:00:04.702812
9500	9	9	9	1	0:00:04.704722
9520	1	1	1	1	0:00:04.704108
9540	5	5	5	1	0:00:04.704943
9560	9	7	7	0	0:00:04.706842
9580	1	1	1	1	0:00:04.702650
9600	8	8	8	1	0:00:04.707710
9620	4	4	4	1	0:00:04.705804
9640	5	5	5	1	0:00:04.706820
9660	6	6	6	1	0:00:04.708059
9680	8	8	8	1	0:00:04.706406
9700	0	0	0	1	0:00:04.705594
9720	8	8	8	1	0:00:04.707911
9740	3	6	3	0	0:00:04.705513
9760	9	9	9	1	0:00:04.703431
9780	4	4	2	1	0:00:04.709612
9800	1	1	1	1	0:00:04.705696
9820	0	0	8	1	0:00:04.710436
9840	4	7	7	0	0:00:04.709591
9860	0	0	0	1	0:00:04.704002
9880	7	7	7	1	0:00:04.706317
9900	8	8	8	1	0:00:04.705127
9920	6	6	6	1	0:00:04.711192
9940	4	4	4	1	0:00:04.705887
9960	2	0	0	0	0:00:04.704902
9980	0	0	0	1	0:00:04.709153
