idx	label	predict	basePredict	correct	time
0	3	3	5	1	0:00:15.992859
20	7	9	9	0	0:00:15.838864
40	4	4	4	1	0:00:15.793791
60	7	7	7	1	0:00:15.811160
80	8	8	8	1	0:00:15.810146
100	4	5	5	0	0:00:15.805652
120	8	8	8	1	0:00:15.844987
140	6	2	2	0	0:00:15.869195
160	2	2	2	1	0:00:15.854067
180	0	0	0	1	0:00:15.918505
200	5	3	3	0	0:00:15.894312
220	7	7	7	1	0:00:15.805861
240	1	1	1	1	0:00:15.880687
260	8	5	5	0	0:00:15.912905
280	9	9	9	1	0:00:15.920387
300	6	6	6	1	0:00:15.822630
320	3	5	5	0	0:00:15.810794
340	2	6	4	0	0:00:15.800939
360	9	6	6	0	0:00:15.814944
380	6	6	4	1	0:00:15.815681
400	9	9	9	1	0:00:15.832881
420	4	6	6	0	0:00:15.840807
440	1	1	1	1	0:00:15.792220
460	5	5	5	1	0:00:15.843833
480	8	9	9	0	0:00:16.027118
500	4	6	6	0	0:00:15.854088
520	5	7	7	0	0:00:15.820007
540	1	1	1	1	0:00:15.846084
560	0	0	0	1	0:00:15.842471
580	4	6	6	0	0:00:15.816762
600	8	8	8	1	0:00:15.822544
620	7	4	4	0	0:00:15.928713
640	5	3	3	0	0:00:15.849123
660	9	9	9	1	0:00:16.029464
680	9	1	1	0	0:00:15.826464
700	7	7	7	1	0:00:15.931766
720	4	7	7	0	0:00:15.822621
740	2	5	5	0	0:00:15.943322
760	3	7	7	0	0:00:15.817514
780	9	1	1	0	0:00:15.846418
800	7	7	7	1	0:00:15.921344
820	6	1	1	0	0:00:15.825990
840	7	7	7	1	0:00:15.879762
860	4	4	4	1	0:00:15.817584
880	8	8	8	1	0:00:15.846190
900	2	6	6	0	0:00:15.867814
920	6	2	2	0	0:00:15.878384
940	9	9	9	1	0:00:15.849842
960	9	9	9	1	0:00:15.827488
980	2	6	6	0	0:00:15.824924
1000	5	5	5	1	0:00:15.126034
1020	1	1	1	1	0:00:15.127840
1040	7	5	5	0	0:00:15.117212
1060	9	9	9	1	0:00:15.129314
1080	6	6	6	1	0:00:15.130099
1100	7	8	8	0	0:00:15.117691
1120	5	2	2	0	0:00:15.115577
1140	6	6	4	1	0:00:15.191721
1160	8	8	8	1	0:00:15.118782
1180	3	9	1	0	0:00:15.137738
1200	8	8	8	1	0:00:15.120903
1220	9	7	4	0	0:00:15.177547
1240	2	6	6	0	0:00:15.128783
1260	1	9	9	0	0:00:15.167260
1280	3	7	7	0	0:00:15.149595
1300	4	6	6	0	0:00:15.195189
1320	7	7	2	1	0:00:15.106648
1340	1	1	1	1	0:00:15.123863
1360	7	7	7	1	0:00:15.208246
1380	4	5	5	0	0:00:15.156114
1400	5	5	5	1	0:00:15.113988
1420	4	7	7	0	0:00:15.120133
1440	0	8	8	0	0:00:15.132050
1460	6	6	6	1	0:00:15.137858
1480	1	1	1	1	0:00:15.170446
1500	1	9	1	0	0:00:15.199033
1520	7	7	7	1	0:00:15.111227
1540	8	8	8	1	0:00:15.115119
1560	7	7	7	1	0:00:15.114569
1580	6	1	1	0	0:00:15.143050
1600	8	1	1	0	0:00:15.117261
1620	5	8	8	0	0:00:15.121985
1640	7	3	3	0	0:00:15.203291
1660	3	5	5	0	0:00:15.112092
1680	6	6	6	1	0:00:15.102257
1700	5	2	2	0	0:00:15.154415
1720	4	2	0	0	0:00:15.135111
1740	1	9	9	0	0:00:15.213430
1760	0	8	8	0	0:00:15.174862
1780	7	9	7	0	0:00:15.109581
1800	4	8	8	0	0:00:15.108565
1820	8	8	8	1	0:00:15.112745
1840	8	7	7	0	0:00:15.129254
1860	8	8	8	1	0:00:15.129114
1880	1	1	1	1	0:00:15.111048
1900	8	8	8	1	0:00:15.108654
1920	2	2	2	1	0:00:15.103116
1940	5	2	2	0	0:00:15.146558
1960	2	5	5	0	0:00:15.119316
1980	9	9	9	1	0:00:15.113053
2000	1	1	1	1	0:00:15.184520
2020	9	9	9	1	0:00:15.154057
2040	0	8	8	0	0:00:15.212428
2060	5	5	5	1	0:00:15.117214
2080	1	1	1	1	0:00:15.134968
2100	2	4	4	0	0:00:15.128556
2120	4	8	8	0	0:00:15.145208
2140	9	9	9	1	0:00:15.116845
2160	0	8	8	0	0:00:15.200059
2180	4	6	6	0	0:00:15.157292
2200	0	0	0	1	0:00:15.132062
2220	1	1	1	1	0:00:15.107688
2240	9	9	9	1	0:00:15.114570
2260	4	4	4	1	0:00:15.136077
2280	4	8	8	0	0:00:15.111941
2300	3	6	6	0	0:00:15.102544
2320	5	2	2	0	0:00:15.110989
2340	7	7	7	1	0:00:15.153253
2360	7	7	7	1	0:00:15.187693
2380	8	8	8	1	0:00:15.135590
2400	0	0	0	1	0:00:15.192184
2420	8	5	5	0	0:00:15.130794
2440	7	7	7	1	0:00:15.115001
2460	9	9	3	1	0:00:15.173216
2480	8	8	8	1	0:00:15.141664
2500	4	6	2	0	0:00:15.112184
2520	1	8	8	0	0:00:15.122100
2540	2	3	3	0	0:00:15.114100
2560	7	7	5	1	0:00:15.109317
2580	6	6	6	1	0:00:15.184172
2600	8	8	8	1	0:00:15.140092
2620	1	1	1	1	0:00:15.170397
2640	7	7	7	1	0:00:15.116108
2660	3	2	0	0	0:00:15.185625
2680	0	0	0	1	0:00:15.131996
2700	9	1	1	0	0:00:15.197834
2720	3	8	8	0	0:00:15.122384
2740	1	1	1	1	0:00:15.131078
2760	2	6	4	0	0:00:15.150862
2780	7	7	7	1	0:00:15.122665
2800	4	6	6	0	0:00:15.149188
2820	6	6	6	1	0:00:15.117793
2840	3	3	3	1	0:00:15.182769
2860	5	7	7	0	0:00:15.111428
2880	4	4	4	1	0:00:15.148228
2900	3	5	5	0	0:00:15.124281
2920	2	3	0	0	0:00:15.136550
2940	3	0	0	0	0:00:15.123557
2960	9	9	9	1	0:00:15.154738
2980	8	1	1	0	0:00:15.121370
3000	5	5	5	1	0:00:15.138403
3020	1	1	1	1	0:00:15.182976
3040	7	7	7	1	0:00:15.187889
3060	7	7	7	1	0:00:15.131084
3080	1	1	1	1	0:00:15.126820
3100	0	0	0	1	0:00:15.101681
3120	4	6	6	0	0:00:15.134366
3140	8	8	8	1	0:00:15.128317
3160	6	4	4	0	0:00:15.103911
3180	3	9	9	0	0:00:15.197123
3200	5	7	7	0	0:00:15.181185
3220	3	9	9	0	0:00:15.143736
3240	4	1	4	0	0:00:15.116269
3260	7	7	7	1	0:00:15.121860
3280	3	5	5	0	0:00:15.128538
3300	4	4	4	1	0:00:15.107623
3320	2	7	7	0	0:00:15.122324
3340	6	6	4	1	0:00:15.100182
3360	4	6	6	0	0:00:15.135286
3380	8	8	8	1	0:00:15.105356
3400	6	7	4	0	0:00:15.107114
3420	5	6	6	0	0:00:15.106433
3440	2	9	9	0	0:00:15.130103
3460	1	1	1	1	0:00:15.194214
3480	2	2	2	1	0:00:15.136178
3500	1	1	1	1	0:00:15.116669
3520	1	1	1	1	0:00:15.110951
3540	6	6	8	1	0:00:15.119762
3560	1	9	9	0	0:00:15.117447
3580	4	1	1	0	0:00:15.093985
3600	4	2	2	0	0:00:15.157519
3620	0	7	7	0	0:00:15.106151
3640	6	2	2	0	0:00:15.151840
3660	0	8	8	0	0:00:15.123354
3680	0	2	2	0	0:00:15.161000
3700	3	5	5	0	0:00:15.103803
3720	2	2	2	1	0:00:15.164397
3740	0	0	0	1	0:00:15.134033
3760	7	7	7	1	0:00:15.117875
3780	4	2	2	0	0:00:15.125967
3800	9	9	9	1	0:00:15.111834
3820	0	0	0	1	0:00:15.110172
3840	6	8	3	0	0:00:15.113468
3860	7	7	7	1	0:00:15.107793
3880	6	4	4	0	0:00:15.117009
3900	3	1	1	0	0:00:15.110246
3920	7	9	9	0	0:00:15.111180
3940	6	7	7	0	0:00:15.114551
3960	2	5	5	0	0:00:15.145802
3980	9	7	7	0	0:00:15.145000
4000	8	7	0	0	0:00:15.175195
4020	8	8	8	1	0:00:15.149114
4040	0	0	0	1	0:00:15.145760
4060	6	6	6	1	0:00:15.128075
4080	1	1	1	1	0:00:15.200754
4100	7	7	7	1	0:00:15.119522
4120	4	0	0	0	0:00:15.118150
4140	5	2	2	0	0:00:15.117080
4160	5	3	3	0	0:00:15.144601
4180	0	8	8	0	0:00:15.117558
4200	4	2	2	0	0:00:15.113354
4220	4	0	0	0	0:00:15.120101
4240	7	8	8	0	0:00:15.136246
4260	8	8	8	1	0:00:15.167009
4280	8	9	9	0	0:00:15.104096
4300	8	8	8	1	0:00:15.111939
4320	1	8	8	0	0:00:15.179288
4340	0	0	0	1	0:00:15.140080
4360	6	9	9	0	0:00:15.187981
4380	9	9	9	1	0:00:15.108403
4400	3	6	8	0	0:00:15.136101
4420	5	8	8	0	0:00:15.107590
4440	2	6	6	0	0:00:15.187338
4460	9	1	1	0	0:00:15.108610
4480	9	9	9	1	0:00:15.108709
4500	3	5	5	0	0:00:15.100641
4520	3	6	6	0	0:00:15.106046
4540	9	9	9	1	0:00:15.139183
4560	1	1	1	1	0:00:15.112453
4580	6	6	4	1	0:00:15.096988
4600	4	7	7	0	0:00:15.155097
4620	7	3	3	0	0:00:15.129145
4640	2	4	4	0	0:00:15.120493
4660	7	6	2	0	0:00:15.117719
4680	9	9	9	1	0:00:15.135465
4700	6	1	1	0	0:00:15.118073
4720	8	0	0	0	0:00:15.137822
4740	5	6	6	0	0:00:15.113416
4760	3	2	2	0	0:00:15.111339
4780	0	0	0	1	0:00:15.102561
4800	9	9	9	1	0:00:15.121463
4820	3	5	5	0	0:00:15.107984
4840	0	0	0	1	0:00:15.124161
4860	5	5	5	1	0:00:15.134721
4880	0	8	8	0	0:00:15.116003
4900	3	1	1	0	0:00:15.114289
4920	7	7	7	1	0:00:15.146120
4940	6	6	2	1	0:00:15.113611
4960	4	6	6	0	0:00:15.145830
4980	1	9	9	0	0:00:15.112414
5000	7	7	7	1	0:00:15.106605
5020	8	8	8	1	0:00:15.109582
5040	3	1	1	0	0:00:15.153015
5060	6	6	6	1	0:00:15.099382
5080	7	7	7	1	0:00:15.124912
5100	3	3	3	1	0:00:15.112690
5120	9	9	8	1	0:00:15.122942
5140	8	8	8	1	0:00:15.099213
5160	0	8	8	0	0:00:15.159291
5180	9	7	7	0	0:00:15.118056
5200	3	3	3	1	0:00:15.132371
5220	0	0	0	1	0:00:15.123057
5240	1	1	9	1	0:00:15.123858
5260	0	0	0	1	0:00:15.134311
5280	0	2	2	0	0:00:15.162785
5300	9	9	1	1	0:00:15.104136
5320	7	7	7	1	0:00:15.115881
5340	3	4	4	0	0:00:15.135919
5360	9	9	9	1	0:00:15.117895
5380	1	9	9	0	0:00:15.129299
5400	9	9	9	1	0:00:15.142713
5420	6	6	6	1	0:00:15.120613
5440	9	9	9	1	0:00:15.123094
5460	0	0	0	1	0:00:15.109367
5480	1	1	1	1	0:00:15.130654
5500	8	1	8	0	0:00:15.116338
5520	4	5	5	0	0:00:15.131995
5540	5	6	2	0	0:00:15.104608
5560	3	6	6	0	0:00:15.101171
5580	5	6	6	0	0:00:15.182277
5600	6	9	8	0	0:00:15.153091
5620	3	2	2	0	0:00:15.113266
5640	2	3	3	0	0:00:15.112203
5660	9	9	9	1	0:00:15.183184
5680	2	8	8	0	0:00:15.128334
5700	3	5	5	0	0:00:15.199862
5720	9	9	9	1	0:00:15.136539
5740	6	4	4	0	0:00:15.111653
5760	2	2	8	1	0:00:15.108559
5780	7	7	7	1	0:00:15.103320
5800	2	-1	4	0	0:00:15.109212
5820	5	6	6	0	0:00:15.103161
5840	2	6	6	0	0:00:15.110257
5860	0	0	0	1	0:00:15.103367
5880	0	0	0	1	0:00:15.113533
5900	4	5	4	0	0:00:15.104072
5920	8	8	8	1	0:00:15.114885
5940	7	4	4	0	0:00:15.165433
5960	2	4	4	0	0:00:15.167233
5980	9	9	9	1	0:00:15.213331
6000	8	9	8	0	0:00:15.146128
6020	6	6	6	1	0:00:15.111175
6040	2	7	7	0	0:00:15.131686
6060	3	4	4	0	0:00:15.105415
6080	1	1	1	1	0:00:15.103093
6100	1	1	1	1	0:00:15.149235
6120	5	5	5	1	0:00:15.115710
6140	9	9	9	1	0:00:15.108653
6160	2	5	5	0	0:00:15.126312
6180	0	9	9	0	0:00:15.202450
6200	3	3	3	1	0:00:15.124045
6220	2	6	6	0	0:00:15.130519
6240	2	6	2	0	0:00:15.099012
6260	2	1	1	0	0:00:15.114682
6280	8	5	5	0	0:00:15.133269
6300	1	1	1	1	0:00:15.144287
6320	0	0	0	1	0:00:15.168614
6340	3	3	3	1	0:00:15.120374
6360	2	2	2	1	0:00:15.182251
6380	3	6	6	0	0:00:15.153926
6400	0	8	8	0	0:00:15.112345
6420	7	7	7	1	0:00:15.150000
6440	3	8	8	0	0:00:15.128854
6460	3	1	0	0	0:00:15.106745
6480	0	0	0	1	0:00:15.119232
6500	7	0	0	0	0:00:15.121493
6520	6	4	2	0	0:00:15.142682
6540	8	8	8	1	0:00:15.143204
6560	6	6	6	1	0:00:15.124721
6580	1	9	7	0	0:00:15.108515
6600	7	7	7	1	0:00:15.099691
6620	7	7	7	1	0:00:15.107895
6640	5	3	3	0	0:00:15.104984
6660	0	0	0	1	0:00:15.105158
6680	3	3	3	1	0:00:15.117780
6700	6	6	6	1	0:00:15.175028
6720	2	2	2	1	0:00:15.118970
6740	2	6	6	0	0:00:15.107205
6760	5	2	2	0	0:00:15.181359
6780	7	7	7	1	0:00:15.159417
6800	6	6	4	1	0:00:15.115134
6820	1	1	1	1	0:00:15.120758
6840	9	9	1	1	0:00:15.107567
6860	0	0	0	1	0:00:15.133737
6880	2	7	7	0	0:00:15.120817
6900	3	3	3	1	0:00:15.114509
6920	5	2	2	0	0:00:15.100620
6940	1	1	1	1	0:00:15.139215
6960	9	8	8	0	0:00:15.135276
6980	0	9	9	0	0:00:15.128551
7000	2	8	8	0	0:00:15.133018
7020	7	7	7	1	0:00:15.122624
7040	7	1	8	0	0:00:15.191940
7060	8	8	8	1	0:00:15.115517
7080	5	4	4	0	0:00:15.109209
7100	9	3	3	0	0:00:15.132447
7120	7	7	7	1	0:00:15.144654
7140	4	4	4	1	0:00:15.113351
7160	5	5	5	1	0:00:15.154543
7180	6	6	6	1	0:00:15.136443
7200	4	6	6	0	0:00:15.107584
7220	9	9	9	1	0:00:15.097894
7240	0	8	8	0	0:00:15.177269
7260	1	1	1	1	0:00:15.202110
7280	1	-1	9	0	0:00:15.106907
7300	3	7	7	0	0:00:15.150172
7320	8	0	0	0	0:00:15.140455
7340	2	4	0	0	0:00:15.122287
7360	2	7	2	0	0:00:15.164876
7380	7	7	7	1	0:00:15.109452
7400	3	9	3	0	0:00:15.128508
7420	3	0	0	0	0:00:15.115858
7440	3	6	6	0	0:00:15.114091
7460	5	5	5	1	0:00:15.142322
7480	1	1	8	1	0:00:15.101763
7500	6	6	6	1	0:00:15.122045
7520	4	6	4	0	0:00:15.108276
7540	5	5	5	1	0:00:15.139057
7560	0	0	0	1	0:00:15.114008
7580	8	8	8	1	0:00:15.118421
7600	8	9	9	0	0:00:15.115756
7620	5	9	9	0	0:00:15.183755
7640	9	9	9	1	0:00:15.138598
7660	7	9	1	0	0:00:15.112409
7680	3	9	9	0	0:00:15.109012
7700	6	6	6	1	0:00:15.177915
7720	5	4	4	0	0:00:15.103864
7740	4	2	2	0	0:00:15.115549
7760	2	9	9	0	0:00:15.123444
7780	3	9	9	0	0:00:15.118360
7800	0	0	0	1	0:00:15.173150
7820	5	8	8	0	0:00:15.180143
7840	1	1	1	1	0:00:15.117193
7860	8	8	8	1	0:00:15.114569
7880	0	4	4	0	0:00:15.111031
7900	0	8	8	0	0:00:15.114209
7920	9	9	8	1	0:00:15.118782
7940	2	6	6	0	0:00:15.146158
7960	0	0	0	1	0:00:15.169842
7980	3	7	4	0	0:00:15.127567
8000	9	9	9	1	0:00:15.108960
8020	6	6	6	1	0:00:15.104602
8040	2	6	6	0	0:00:15.104970
8060	6	6	6	1	0:00:15.129091
8080	4	6	6	0	0:00:15.164161
8100	6	2	2	0	0:00:15.119578
8120	8	9	9	0	0:00:15.115504
8140	5	4	4	0	0:00:15.104101
8160	6	6	6	1	0:00:15.123289
8180	4	6	6	0	0:00:15.124144
8200	3	0	0	0	0:00:15.114308
8220	6	6	2	1	0:00:15.102170
8240	7	7	7	1	0:00:15.116922
8260	1	1	1	1	0:00:15.105810
8280	4	3	3	0	0:00:15.128489
8300	5	2	2	0	0:00:15.125694
8320	7	7	4	1	0:00:15.110174
8340	5	5	5	1	0:00:15.107657
8360	7	7	7	1	0:00:15.153039
8380	9	9	9	1	0:00:15.128160
8400	0	8	8	0	0:00:15.115665
8420	3	6	4	0	0:00:15.199444
8440	5	3	3	0	0:00:15.109917
8460	8	8	8	1	0:00:15.102398
8480	2	2	2	1	0:00:15.103622
8500	4	2	2	0	0:00:15.093063
8520	8	8	8	1	0:00:15.124209
8540	4	6	2	0	0:00:15.082682
8560	7	7	7	1	0:00:15.106786
8580	3	9	9	0	0:00:15.124636
8600	3	7	3	0	0:00:15.102117
8620	3	4	4	0	0:00:15.100684
8640	1	1	1	1	0:00:15.115329
8660	7	5	5	0	0:00:15.125955
8680	3	9	0	0	0:00:15.118780
8700	3	3	3	1	0:00:15.116164
8720	2	0	0	0	0:00:15.116505
8740	2	4	4	0	0:00:15.102679
8760	8	8	8	1	0:00:15.192173
8780	4	4	4	1	0:00:15.147744
8800	0	0	0	1	0:00:15.110665
8820	2	2	2	1	0:00:15.111302
8840	2	1	7	0	0:00:15.107404
8860	2	2	2	1	0:00:15.097663
8880	1	1	1	1	0:00:15.126808
8900	2	4	4	0	0:00:15.136574
8920	6	6	6	1	0:00:15.117238
8940	6	3	3	0	0:00:15.116023
8960	0	0	0	1	0:00:15.114321
8980	9	9	9	1	0:00:15.101397
9000	8	8	8	1	0:00:15.139453
9020	7	7	7	1	0:00:15.120880
9040	2	5	5	0	0:00:15.122401
9060	9	5	5	0	0:00:15.109744
9080	3	0	0	0	0:00:15.125415
9100	9	6	6	0	0:00:15.145783
9120	3	0	0	0	0:00:15.126402
9140	7	7	7	1	0:00:15.122069
9160	5	5	5	1	0:00:15.232985
9180	5	5	5	1	0:00:15.201807
9200	8	8	8	1	0:00:15.204405
9220	8	8	8	1	0:00:15.148818
9240	8	8	8	1	0:00:15.135061
9260	5	5	5	1	0:00:15.117283
9280	9	8	8	0	0:00:15.130018
9300	5	5	5	1	0:00:15.106174
9320	9	9	9	1	0:00:15.113887
9340	1	1	1	1	0:00:15.108227
9360	5	0	0	0	0:00:15.137110
9380	5	9	3	0	0:00:15.114266
9400	6	6	2	1	0:00:15.139106
9420	5	5	5	1	0:00:15.107384
9440	8	8	8	1	0:00:15.103956
9460	3	6	6	0	0:00:15.112170
9480	2	4	4	0	0:00:15.125807
9500	9	1	1	0	0:00:15.105348
9520	1	1	1	1	0:00:15.111422
9540	5	5	5	1	0:00:15.099204
9560	9	7	7	0	0:00:15.149609
9580	1	1	1	1	0:00:15.114521
9600	8	8	8	1	0:00:15.199822
9620	4	7	7	0	0:00:15.195559
9640	5	5	7	1	0:00:15.140925
9660	6	6	6	1	0:00:15.120235
9680	8	8	8	1	0:00:15.198880
9700	0	0	0	1	0:00:15.122147
9720	8	6	4	0	0:00:15.110783
9740	3	6	6	0	0:00:15.093747
9760	9	7	7	0	0:00:15.106916
9780	4	6	6	0	0:00:15.116897
9800	1	1	1	1	0:00:15.133516
9820	0	8	8	0	0:00:15.096215
9840	4	3	3	0	0:00:15.114169
9860	0	2	8	0	0:00:15.109522
9880	7	7	4	1	0:00:15.131478
9900	8	8	8	1	0:00:15.114074
9920	6	6	6	1	0:00:15.134714
9940	4	5	5	0	0:00:15.109895
9960	2	0	0	0	0:00:15.118142
9980	0	0	0	1	0:00:15.091827
