idx	label	predict	basePredict	correct	time
0	3	-1	3	0	0:00:07.709141
20	7	-1	9	0	0:00:07.421185
40	4	-1	8	0	0:00:07.446773
60	7	7	4	1	0:00:07.414677
80	8	8	8	1	0:00:07.403495
100	4	5	5	0	0:00:07.409445
120	8	0	8	0	0:00:07.404470
140	6	-1	2	0	0:00:07.403057
160	2	0	2	0	0:00:07.400207
180	0	0	0	1	0:00:07.449590
200	5	7	5	0	0:00:07.411070
220	7	7	7	1	0:00:07.424590
240	1	1	1	1	0:00:07.431457
260	8	-1	3	0	0:00:07.401361
280	9	9	9	1	0:00:07.407299
300	6	-1	4	0	0:00:07.408558
320	3	3	2	1	0:00:07.402007
340	2	-1	4	0	0:00:07.399695
360	9	7	5	0	0:00:07.408461
380	6	-1	4	0	0:00:07.404935
400	9	9	9	1	0:00:07.427372
420	4	4	4	1	0:00:07.391648
440	1	9	9	0	0:00:07.410451
460	5	5	2	1	0:00:07.414961
480	8	9	9	0	0:00:07.404707
500	4	6	6	0	0:00:07.413587
520	5	7	7	0	0:00:07.441234
540	1	-1	8	0	0:00:07.402069
560	0	0	0	1	0:00:07.507150
580	4	-1	4	0	0:00:07.411929
600	8	8	8	1	0:00:07.413028
620	7	-1	2	0	0:00:07.414891
640	5	3	3	0	0:00:07.409863
660	9	-1	9	0	0:00:07.417232
680	9	7	7	0	0:00:07.407367
700	7	-1	3	0	0:00:07.515441
720	4	9	4	0	0:00:07.430754
740	2	-1	3	0	0:00:07.410269
760	3	-1	4	0	0:00:07.442783
780	9	1	1	0	0:00:07.413029
800	7	7	7	1	0:00:07.518411
820	6	-1	8	0	0:00:07.440494
840	7	7	7	1	0:00:07.411160
860	4	-1	2	0	0:00:07.433928
880	8	8	8	1	0:00:07.425663
900	2	-1	4	0	0:00:07.518725
920	6	-1	2	0	0:00:07.410566
940	9	9	9	1	0:00:07.420599
960	9	9	3	1	0:00:07.400148
980	2	6	2	0	0:00:07.398426
1000	5	5	5	1	0:00:07.307545
1020	1	1	1	1	0:00:07.310858
1040	7	5	5	0	0:00:07.318742
1060	9	9	9	1	0:00:07.315017
1080	6	-1	6	0	0:00:07.315500
1100	7	-1	0	0	0:00:07.313508
1120	5	-1	2	0	0:00:07.315607
1140	6	4	4	0	0:00:07.316550
1160	8	0	0	0	0:00:07.305592
1180	3	3	3	1	0:00:07.314760
1200	8	0	0	0	0:00:07.310380
1220	9	-1	6	0	0:00:07.313545
1240	2	6	6	0	0:00:07.317624
1260	1	9	9	0	0:00:07.318468
1280	3	7	5	0	0:00:07.320177
1300	4	3	3	0	0:00:07.321863
1320	7	2	2	0	0:00:07.320925
1340	1	1	1	1	0:00:07.323869
1360	7	7	2	1	0:00:07.321361
1380	4	5	5	0	0:00:07.323742
1400	5	3	3	0	0:00:07.325557
1420	4	7	7	0	0:00:07.333007
1440	0	8	8	0	0:00:07.332940
1460	6	6	2	1	0:00:07.331433
1480	1	5	5	0	0:00:07.336037
1500	1	-1	1	0	0:00:07.331215
1520	7	-1	4	0	0:00:07.328987
1540	8	8	8	1	0:00:07.328421
1560	7	7	7	1	0:00:07.332110
1580	6	1	3	0	0:00:07.330511
1600	8	-1	6	0	0:00:07.322369
1620	5	-1	8	0	0:00:07.319391
1640	7	3	3	0	0:00:07.325562
1660	3	-1	5	0	0:00:07.323530
1680	6	6	3	1	0:00:07.323164
1700	5	-1	2	0	0:00:07.320907
1720	4	-1	2	0	0:00:07.325794
1740	1	9	9	0	0:00:07.321736
1760	0	-1	8	0	0:00:07.314551
1780	7	-1	2	0	0:00:07.314052
1800	4	0	8	0	0:00:07.311987
1820	8	9	9	0	0:00:07.311061
1840	8	-1	4	0	0:00:07.319037
1860	8	8	3	1	0:00:07.312426
1880	1	1	8	1	0:00:07.298643
1900	8	8	8	1	0:00:07.294374
1920	2	-1	2	0	0:00:07.299054
1940	5	2	2	0	0:00:07.310901
1960	2	5	5	0	0:00:07.312972
1980	9	9	9	1	0:00:07.311099
2000	1	6	6	0	0:00:07.309676
2020	9	9	9	1	0:00:07.306735
2040	0	-1	0	0	0:00:07.312751
2060	5	3	3	0	0:00:07.311445
2080	1	9	9	0	0:00:07.315948
2100	2	-1	2	0	0:00:07.314989
2120	4	8	8	0	0:00:07.318254
2140	9	9	9	1	0:00:07.315946
2160	0	8	8	0	0:00:07.313705
2180	4	4	4	1	0:00:07.315027
2200	0	2	2	0	0:00:07.318150
2220	1	1	1	1	0:00:07.321038
2240	9	1	8	0	0:00:07.328076
2260	4	4	3	1	0:00:07.325505
2280	4	8	8	0	0:00:07.325305
2300	3	-1	2	0	0:00:07.319053
2320	5	2	2	0	0:00:07.323752
2340	7	7	7	1	0:00:07.318264
2360	7	5	5	0	0:00:07.323326
2380	8	8	8	1	0:00:07.326001
2400	0	-1	4	0	0:00:07.319793
2420	8	-1	5	0	0:00:07.318753
2440	7	-1	0	0	0:00:07.319729
2460	9	7	7	0	0:00:07.324069
2480	8	8	8	1	0:00:07.315778
2500	4	6	2	0	0:00:07.327489
2520	1	-1	8	0	0:00:07.320140
2540	2	-1	5	0	0:00:07.319586
2560	7	-1	4	0	0:00:07.314992
2580	6	5	5	0	0:00:07.313688
2600	8	8	8	1	0:00:07.295818
2620	1	-1	8	0	0:00:07.299473
2640	7	7	4	1	0:00:07.311945
2660	3	-1	2	0	0:00:07.318348
2680	0	0	0	1	0:00:07.309860
2700	9	1	1	0	0:00:07.310466
2720	3	-1	2	0	0:00:07.300342
2740	1	1	7	1	0:00:07.309576
2760	2	-1	2	0	0:00:07.308324
2780	7	7	7	1	0:00:07.309792
2800	4	6	6	0	0:00:07.311557
2820	6	6	2	1	0:00:07.311773
2840	3	3	3	1	0:00:07.317324
2860	5	7	6	0	0:00:07.317395
2880	4	4	4	1	0:00:07.318601
2900	3	5	5	0	0:00:07.312549
2920	2	3	3	0	0:00:07.314553
2940	3	0	0	0	0:00:07.308724
2960	9	-1	9	0	0:00:07.312071
2980	8	-1	8	0	0:00:07.317926
3000	5	5	5	1	0:00:07.321660
3020	1	-1	8	0	0:00:07.316157
3040	7	7	7	1	0:00:07.320450
3060	7	-1	5	0	0:00:07.321306
3080	1	-1	0	0	0:00:07.320105
3100	0	0	0	1	0:00:07.316509
3120	4	6	2	0	0:00:07.317199
3140	8	-1	8	0	0:00:07.319294
3160	6	-1	2	0	0:00:07.314742
3180	3	9	3	0	0:00:07.318249
3200	5	7	7	0	0:00:07.320057
3220	3	9	3	0	0:00:07.317698
3240	4	1	8	0	0:00:07.317921
3260	7	7	7	1	0:00:07.316940
3280	3	5	5	0	0:00:07.315436
3300	4	-1	2	0	0:00:07.319410
3320	2	7	7	0	0:00:07.318780
3340	6	-1	2	0	0:00:07.321940
3360	4	6	6	0	0:00:07.322063
3380	8	8	8	1	0:00:07.321068
3400	6	4	4	0	0:00:07.315230
3420	5	-1	3	0	0:00:07.311747
3440	2	3	3	0	0:00:07.309725
3460	1	-1	9	0	0:00:07.305868
3480	2	2	2	1	0:00:07.305686
3500	1	9	9	0	0:00:07.306999
3520	1	1	1	1	0:00:07.307470
3540	6	-1	3	0	0:00:07.326576
3560	1	9	7	0	0:00:07.300094
3580	4	2	2	0	0:00:07.301250
3600	4	2	2	0	0:00:07.306496
3620	0	6	6	0	0:00:07.312374
3640	6	2	2	0	0:00:07.308464
3660	0	-1	8	0	0:00:07.309028
3680	0	-1	2	0	0:00:07.311156
3700	3	-1	3	0	0:00:07.305845
3720	2	2	2	1	0:00:07.313607
3740	0	-1	0	0	0:00:07.311612
3760	7	7	4	1	0:00:07.312979
3780	4	-1	2	0	0:00:07.312201
3800	9	-1	3	0	0:00:07.307673
3820	0	2	2	0	0:00:07.313528
3840	6	3	3	0	0:00:07.316937
3860	7	7	7	1	0:00:07.316391
3880	6	4	4	0	0:00:07.322717
3900	3	6	6	0	0:00:07.314724
3920	7	-1	5	0	0:00:07.319931
3940	6	-1	4	0	0:00:07.320016
3960	2	2	2	1	0:00:07.322482
3980	9	7	7	0	0:00:07.324271
4000	8	7	0	0	0:00:07.316786
4020	8	-1	8	0	0:00:07.311020
4040	0	0	0	1	0:00:07.311742
4060	6	-1	3	0	0:00:07.313577
4080	1	-1	8	0	0:00:07.312409
4100	7	7	7	1	0:00:07.313281
4120	4	-1	8	0	0:00:07.308125
4140	5	5	3	1	0:00:07.314084
4160	5	2	2	0	0:00:07.310460
4180	0	8	8	0	0:00:07.309491
4200	4	2	2	0	0:00:07.309318
4220	4	0	0	0	0:00:07.312359
4240	7	0	8	0	0:00:07.321833
4260	8	8	8	1	0:00:07.307009
4280	8	-1	1	0	0:00:07.294056
4300	8	8	8	1	0:00:07.292272
4320	1	8	8	0	0:00:07.323556
4340	0	-1	0	0	0:00:07.306681
4360	6	9	9	0	0:00:07.314580
4380	9	8	8	0	0:00:07.319722
4400	3	-1	4	0	0:00:07.307594
4420	5	-1	7	0	0:00:07.310052
4440	2	-1	2	0	0:00:07.311748
4460	9	-1	8	0	0:00:07.306932
4480	9	9	3	1	0:00:07.309609
4500	3	5	5	0	0:00:07.309003
4520	3	6	6	0	0:00:07.310478
4540	9	9	9	1	0:00:07.320739
4560	1	1	8	1	0:00:07.316919
4580	6	4	6	0	0:00:07.307333
4600	4	7	7	0	0:00:07.309689
4620	7	3	3	0	0:00:07.309283
4640	2	-1	2	0	0:00:07.308797
4660	7	-1	4	0	0:00:07.311554
4680	9	1	1	0	0:00:07.311570
4700	6	1	4	0	0:00:07.308761
4720	8	0	0	0	0:00:07.306801
4740	5	3	3	0	0:00:07.310864
4760	3	2	2	0	0:00:07.310757
4780	0	-1	8	0	0:00:07.307444
4800	9	9	9	1	0:00:07.307071
4820	3	-1	3	0	0:00:07.310697
4840	0	0	0	1	0:00:07.308659
4860	5	-1	3	0	0:00:07.311907
4880	0	-1	2	0	0:00:07.305468
4900	3	6	6	0	0:00:07.311502
4920	7	7	7	1	0:00:07.310407
4940	6	4	2	0	0:00:07.306708
4960	4	3	3	0	0:00:07.310535
4980	1	9	9	0	0:00:07.305314
5000	7	7	7	1	0:00:07.308731
5020	8	8	8	1	0:00:07.305817
5040	3	1	2	0	0:00:07.306753
5060	6	-1	2	0	0:00:07.306741
5080	7	7	7	1	0:00:07.327409
5100	3	3	3	1	0:00:07.326553
5120	9	-1	8	0	0:00:07.315619
5140	8	-1	8	0	0:00:07.316724
5160	0	-1	8	0	0:00:07.301576
5180	9	-1	4	0	0:00:07.303678
5200	3	3	3	1	0:00:07.304476
5220	0	-1	0	0	0:00:07.305302
5240	1	9	9	0	0:00:07.297836
5260	0	0	0	1	0:00:07.297976
5280	0	-1	9	0	0:00:07.298887
5300	9	1	1	0	0:00:07.302701
5320	7	-1	7	0	0:00:07.307058
5340	3	4	4	0	0:00:07.301204
5360	9	9	3	1	0:00:07.307506
5380	1	9	9	0	0:00:07.313240
5400	9	-1	9	0	0:00:07.307516
5420	6	-1	3	0	0:00:07.312958
5440	9	9	9	1	0:00:07.308520
5460	0	0	0	1	0:00:07.308187
5480	1	-1	4	0	0:00:07.310013
5500	8	1	8	0	0:00:07.309021
5520	4	-1	3	0	0:00:07.310817
5540	5	6	4	0	0:00:07.308775
5560	3	5	5	0	0:00:07.307422
5580	5	6	3	0	0:00:07.310876
5600	6	-1	4	0	0:00:07.310188
5620	3	6	6	0	0:00:07.307850
5640	2	-1	2	0	0:00:07.308906
5660	9	-1	8	0	0:00:07.305663
5680	2	3	3	0	0:00:07.307704
5700	3	5	5	0	0:00:07.309948
5720	9	9	9	1	0:00:07.312404
5740	6	4	6	0	0:00:07.309992
5760	2	-1	0	0	0:00:07.309438
5780	7	7	7	1	0:00:07.310320
5800	2	4	4	0	0:00:07.309995
5820	5	-1	3	0	0:00:07.308938
5840	2	-1	5	0	0:00:07.308647
5860	0	1	8	0	0:00:07.308404
5880	0	0	0	1	0:00:07.330232
5900	4	-1	0	0	0:00:07.319589
5920	8	8	8	1	0:00:07.325381
5940	7	4	4	0	0:00:07.320487
5960	2	-1	6	0	0:00:07.326278
5980	9	9	2	1	0:00:07.317481
6000	8	-1	8	0	0:00:07.309431
6020	6	6	6	1	0:00:07.311231
6040	2	-1	7	0	0:00:07.315343
6060	3	4	2	0	0:00:07.313525
6080	1	-1	9	0	0:00:07.308112
6100	1	1	8	1	0:00:07.309085
6120	5	-1	5	0	0:00:07.308533
6140	9	9	1	1	0:00:07.310442
6160	2	5	5	0	0:00:07.313285
6180	0	-1	0	0	0:00:07.311441
6200	3	-1	3	0	0:00:07.300588
6220	2	5	5	0	0:00:07.310809
6240	2	1	2	0	0:00:07.310507
6260	2	-1	6	0	0:00:07.312128
6280	8	5	5	0	0:00:07.309880
6300	1	-1	2	0	0:00:07.309781
6320	0	-1	0	0	0:00:07.307848
6340	3	3	3	1	0:00:07.311234
6360	2	-1	2	0	0:00:07.308641
6380	3	-1	3	0	0:00:07.308718
6400	0	1	8	0	0:00:07.307674
6420	7	7	7	1	0:00:07.306475
6440	3	-1	4	0	0:00:07.306839
6460	3	1	3	0	0:00:07.308809
6480	0	-1	0	0	0:00:07.307947
6500	7	6	6	0	0:00:07.308295
6520	6	-1	4	0	0:00:07.309231
6540	8	8	8	1	0:00:07.307095
6560	6	-1	2	0	0:00:07.307540
6580	1	-1	4	0	0:00:07.310635
6600	7	7	7	1	0:00:07.311893
6620	7	7	3	1	0:00:07.312747
6640	5	3	3	0	0:00:07.316698
6660	0	0	0	1	0:00:07.317867
6680	3	5	3	0	0:00:07.311316
6700	6	0	0	0	0:00:07.309478
6720	2	4	2	0	0:00:07.309094
6740	2	4	6	0	0:00:07.306858
6760	5	5	5	1	0:00:07.307232
6780	7	7	7	1	0:00:07.307662
6800	6	4	2	0	0:00:07.306553
6820	1	1	1	1	0:00:07.311023
6840	9	-1	1	0	0:00:07.312783
6860	0	2	2	0	0:00:07.305574
6880	2	7	7	0	0:00:07.306585
6900	3	7	7	0	0:00:07.310447
6920	5	-1	2	0	0:00:07.307495
6940	1	1	1	1	0:00:07.309147
6960	9	8	8	0	0:00:07.307626
6980	0	-1	8	0	0:00:07.310754
7000	2	0	8	0	0:00:07.315661
7020	7	7	7	1	0:00:07.316720
7040	7	-1	8	0	0:00:07.314036
7060	8	-1	8	0	0:00:07.317145
7080	5	4	4	0	0:00:07.323712
7100	9	-1	3	0	0:00:07.315104
7120	7	5	5	0	0:00:07.305151
7140	4	9	3	0	0:00:07.301001
7160	5	5	5	1	0:00:07.300979
7180	6	-1	3	0	0:00:07.305632
7200	4	6	2	0	0:00:07.304912
7220	9	9	8	1	0:00:07.301198
7240	0	8	8	0	0:00:07.301428
7260	1	-1	8	0	0:00:07.303810
7280	1	9	9	0	0:00:07.301124
7300	3	4	4	0	0:00:07.303665
7320	8	0	0	0	0:00:07.300779
7340	2	4	4	0	0:00:07.302453
7360	2	7	4	0	0:00:07.300748
7380	7	7	2	1	0:00:07.303765
7400	3	-1	3	0	0:00:07.303154
7420	3	4	4	0	0:00:07.302668
7440	3	-1	3	0	0:00:07.304578
7460	5	5	5	1	0:00:07.303043
7480	1	8	8	0	0:00:07.303359
7500	6	6	6	1	0:00:07.306213
7520	4	-1	2	0	0:00:07.310848
7540	5	5	5	1	0:00:07.310781
7560	0	-1	0	0	0:00:07.309143
7580	8	8	8	1	0:00:07.307428
7600	8	9	2	0	0:00:07.310126
7620	5	-1	3	0	0:00:07.307579
7640	9	8	8	0	0:00:07.310419
7660	7	-1	4	0	0:00:07.308215
7680	3	9	3	0	0:00:07.308303
7700	6	6	4	1	0:00:07.308814
7720	5	-1	2	0	0:00:07.307914
7740	4	2	2	0	0:00:07.310268
7760	2	9	9	0	0:00:07.309928
7780	3	-1	8	0	0:00:07.308911
7800	0	-1	8	0	0:00:07.304837
7820	5	-1	9	0	0:00:07.310262
7840	1	1	1	1	0:00:07.311711
7860	8	-1	2	0	0:00:07.309396
7880	0	4	4	0	0:00:07.309536
7900	0	8	8	0	0:00:07.307777
7920	9	-1	2	0	0:00:07.308350
7940	2	6	4	0	0:00:07.305771
7960	0	-1	8	0	0:00:07.305874
7980	3	-1	3	0	0:00:07.307741
8000	9	9	8	1	0:00:07.306227
8020	6	3	3	0	0:00:07.308935
8040	2	2	2	1	0:00:07.308925
8060	6	-1	5	0	0:00:07.305906
8080	4	6	2	0	0:00:07.307695
8100	6	2	4	0	0:00:07.308265
8120	8	9	9	0	0:00:07.306489
8140	5	4	4	0	0:00:07.306110
8160	6	6	6	1	0:00:07.305717
8180	4	-1	2	0	0:00:07.300962
8200	3	4	4	0	0:00:07.303974
8220	6	7	7	0	0:00:07.303730
8240	7	7	7	1	0:00:07.302473
8260	1	1	1	1	0:00:07.300863
8280	4	5	5	0	0:00:07.303870
8300	5	-1	2	0	0:00:07.306426
8320	7	-1	3	0	0:00:07.303330
8340	5	3	3	0	0:00:07.306799
8360	7	7	7	1	0:00:07.305761
8380	9	9	9	1	0:00:07.305956
8400	0	8	8	0	0:00:07.303395
8420	3	6	6	0	0:00:07.310494
8440	5	3	3	0	0:00:07.308315
8460	8	8	8	1	0:00:07.308369
8480	2	-1	4	0	0:00:07.308092
8500	4	-1	4	0	0:00:07.306945
8520	8	1	8	0	0:00:07.306876
8540	4	-1	2	0	0:00:07.305289
8560	7	-1	7	0	0:00:07.309279
8580	3	2	2	0	0:00:07.310143
8600	3	2	2	0	0:00:07.305098
8620	3	4	4	0	0:00:07.307082
8640	1	-1	8	0	0:00:07.307575
8660	7	7	7	1	0:00:07.310064
8680	3	7	7	0	0:00:07.305231
8700	3	7	3	0	0:00:07.310780
8720	2	0	0	0	0:00:07.308382
8740	2	-1	5	0	0:00:07.309063
8760	8	8	8	1	0:00:07.303649
8780	4	-1	2	0	0:00:07.311728
8800	0	0	0	1	0:00:07.303614
8820	2	2	2	1	0:00:07.307280
8840	2	-1	7	0	0:00:07.311368
8860	2	2	6	1	0:00:07.307120
8880	1	-1	1	0	0:00:07.307620
8900	2	4	4	0	0:00:07.305923
8920	6	6	2	1	0:00:07.313057
8940	6	3	3	0	0:00:07.309211
8960	0	-1	2	0	0:00:07.303344
8980	9	9	9	1	0:00:07.307294
9000	8	8	8	1	0:00:07.307616
9020	7	-1	7	0	0:00:07.308754
9040	2	5	5	0	0:00:07.307690
9060	9	9	3	1	0:00:07.310137
9080	3	2	2	0	0:00:07.311111
9100	9	1	3	0	0:00:07.310868
9120	3	-1	0	0	0:00:07.309673
9140	7	-1	2	0	0:00:07.306647
9160	5	3	3	0	0:00:07.304557
9180	5	5	5	1	0:00:07.307885
9200	8	8	8	1	0:00:07.304535
9220	8	8	8	1	0:00:07.305724
9240	8	8	8	1	0:00:07.306455
9260	5	-1	5	0	0:00:07.308219
9280	9	8	8	0	0:00:07.309285
9300	5	-1	2	0	0:00:07.308837
9320	9	9	9	1	0:00:07.305282
9340	1	1	1	1	0:00:07.306529
9360	5	0	0	0	0:00:07.307302
9380	5	3	3	0	0:00:07.305528
9400	6	-1	2	0	0:00:07.304661
9420	5	5	5	1	0:00:07.305963
9440	8	8	8	1	0:00:07.303823
9460	3	7	7	0	0:00:07.308434
9480	2	-1	6	0	0:00:07.306576
9500	9	-1	2	0	0:00:07.310783
9520	1	1	1	1	0:00:07.308952
9540	5	3	3	0	0:00:07.311048
9560	9	7	5	0	0:00:07.313439
9580	1	-1	4	0	0:00:07.308279
9600	8	0	8	0	0:00:07.306491
9620	4	7	4	0	0:00:07.313676
9640	5	0	2	0	0:00:07.315552
9660	6	6	6	1	0:00:07.310144
9680	8	8	8	1	0:00:07.310889
9700	0	0	0	1	0:00:07.313012
9720	8	1	8	0	0:00:07.309083
9740	3	6	2	0	0:00:07.309655
9760	9	3	3	0	0:00:07.311278
9780	4	6	2	0	0:00:07.311223
9800	1	1	1	1	0:00:07.309968
9820	0	8	8	0	0:00:07.313188
9840	4	-1	5	0	0:00:07.311707
9860	0	5	5	0	0:00:07.310021
9880	7	8	8	0	0:00:07.311183
9900	8	-1	8	0	0:00:07.312485
9920	6	-1	2	0	0:00:07.318826
9940	4	5	5	0	0:00:07.311579
9960	2	0	0	0	0:00:07.308334
9980	0	0	0	1	0:00:07.303672
