idx	label	predict	basePredict	correct	time
0	3	3	5	1	0:00:03.683098
20	7	9	9	0	0:00:03.552946
40	4	4	4	1	0:00:03.494238
60	7	7	7	1	0:00:03.552353
80	8	8	8	1	0:00:03.545239
100	4	5	5	0	0:00:03.557242
120	8	8	8	1	0:00:03.552825
140	6	2	2	0	0:00:03.550367
160	2	2	2	1	0:00:03.535226
180	0	0	0	1	0:00:03.491645
200	5	3	3	0	0:00:03.569752
220	7	7	7	1	0:00:03.578736
240	1	1	1	1	0:00:03.555637
260	8	5	5	0	0:00:03.543613
280	9	9	9	1	0:00:03.553618
300	6	6	6	1	0:00:03.556535
320	3	5	5	0	0:00:03.549289
340	2	6	4	0	0:00:03.609928
360	9	6	6	0	0:00:03.567439
380	6	6	4	1	0:00:03.580224
400	9	9	9	1	0:00:03.501356
420	4	6	6	0	0:00:03.529043
440	1	1	1	1	0:00:03.572927
460	5	5	5	1	0:00:03.587618
480	8	9	9	0	0:00:03.542516
500	4	6	6	0	0:00:03.548032
520	5	7	7	0	0:00:03.553751
540	1	1	1	1	0:00:03.540096
560	0	0	0	1	0:00:03.532231
580	4	6	6	0	0:00:03.531603
600	8	8	8	1	0:00:03.540281
620	7	4	4	0	0:00:03.530207
640	5	3	3	0	0:00:03.518353
660	9	9	9	1	0:00:03.540016
680	9	1	1	0	0:00:03.518500
700	7	7	7	1	0:00:03.537672
720	4	7	7	0	0:00:03.522597
740	2	5	5	0	0:00:03.547812
760	3	7	7	0	0:00:03.569726
780	9	1	1	0	0:00:03.537999
800	7	7	7	1	0:00:03.540121
820	6	1	1	0	0:00:03.580259
840	7	7	7	1	0:00:03.554145
860	4	4	4	1	0:00:03.547327
880	8	8	8	1	0:00:03.589034
900	2	6	6	0	0:00:03.560830
920	6	2	2	0	0:00:03.560426
940	9	9	9	1	0:00:03.566525
960	9	9	9	1	0:00:03.578536
980	2	6	6	0	0:00:03.579430
1000	5	5	5	1	0:00:03.491280
1020	1	1	1	1	0:00:03.486517
1040	7	5	5	0	0:00:03.487719
1060	9	9	9	1	0:00:03.477090
1080	6	6	6	1	0:00:03.464674
1100	7	8	8	0	0:00:03.484689
1120	5	2	2	0	0:00:03.485724
1140	6	6	4	1	0:00:03.493747
1160	8	8	8	1	0:00:03.473911
1180	3	9	1	0	0:00:03.458514
1200	8	8	8	1	0:00:03.502516
1220	9	7	6	0	0:00:03.478992
1240	2	6	6	0	0:00:03.475811
1260	1	9	9	0	0:00:03.457411
1280	3	7	7	0	0:00:03.466733
1300	4	6	6	0	0:00:03.438303
1320	7	7	2	1	0:00:03.494366
1340	1	1	1	1	0:00:03.471535
1360	7	7	7	1	0:00:03.472737
1380	4	5	5	0	0:00:03.468565
1400	5	5	5	1	0:00:03.491407
1420	4	7	7	0	0:00:03.462169
1440	0	8	0	0	0:00:03.456432
1460	6	6	6	1	0:00:03.452341
1480	1	1	1	1	0:00:03.459661
1500	1	9	1	0	0:00:03.462667
1520	7	7	7	1	0:00:03.454606
1540	8	8	8	1	0:00:03.458986
1560	7	7	7	1	0:00:03.444695
1580	6	1	1	0	0:00:03.467367
1600	8	1	1	0	0:00:03.456695
1620	5	8	8	0	0:00:03.444926
1640	7	3	3	0	0:00:03.468280
1660	3	5	5	0	0:00:03.463979
1680	6	6	6	1	0:00:03.460012
1700	5	2	2	0	0:00:03.465579
1720	4	2	2	0	0:00:03.440405
1740	1	9	9	0	0:00:03.448842
1760	0	8	8	0	0:00:03.467990
1780	7	9	7	0	0:00:03.468744
1800	4	8	8	0	0:00:03.458871
1820	8	8	8	1	0:00:03.458741
1840	8	7	7	0	0:00:03.455901
1860	8	8	8	1	0:00:03.446567
1880	1	1	1	1	0:00:03.459421
1900	8	8	8	1	0:00:03.458269
1920	2	2	2	1	0:00:03.450161
1940	5	2	2	0	0:00:03.465251
1960	2	5	5	0	0:00:03.447259
1980	9	9	9	1	0:00:03.458739
2000	1	1	1	1	0:00:03.459357
2020	9	9	9	1	0:00:03.460928
2040	0	8	8	0	0:00:03.464814
2060	5	5	5	1	0:00:03.458933
2080	1	1	1	1	0:00:03.462950
2100	2	4	4	0	0:00:03.466885
2120	4	8	8	0	0:00:03.461831
2140	9	9	9	1	0:00:03.458767
2160	0	8	8	0	0:00:03.456815
2180	4	6	6	0	0:00:03.464709
2200	0	0	0	1	0:00:03.464318
2220	1	1	1	1	0:00:03.462595
2240	9	9	9	1	0:00:03.443738
2260	4	4	4	1	0:00:03.468446
2280	4	8	8	0	0:00:03.455710
2300	3	6	6	0	0:00:03.446630
2320	5	2	2	0	0:00:03.473686
2340	7	7	7	1	0:00:03.445733
2360	7	7	7	1	0:00:03.462101
2380	8	8	8	1	0:00:03.464659
2400	0	0	0	1	0:00:03.465544
2420	8	5	5	0	0:00:03.461755
2440	7	7	7	1	0:00:03.468268
2460	9	9	3	1	0:00:03.467911
2480	8	8	8	1	0:00:03.471200
2500	4	6	2	0	0:00:03.470906
2520	1	8	8	0	0:00:03.467421
2540	2	3	3	0	0:00:03.458393
2560	7	7	5	1	0:00:03.486030
2580	6	6	6	1	0:00:03.462846
2600	8	8	8	1	0:00:03.474474
2620	1	1	1	1	0:00:03.457277
2640	7	7	7	1	0:00:03.434431
2660	3	2	0	0	0:00:03.444539
2680	0	0	0	1	0:00:03.440488
2700	9	1	1	0	0:00:03.444547
2720	3	8	8	0	0:00:03.443523
2740	1	1	1	1	0:00:03.437608
2760	2	6	4	0	0:00:03.446449
2780	7	7	7	1	0:00:03.420498
2800	4	6	6	0	0:00:03.440223
2820	6	6	6	1	0:00:03.433745
2840	3	3	3	1	0:00:03.432834
2860	5	7	7	0	0:00:03.467613
2880	4	4	4	1	0:00:03.432327
2900	3	5	5	0	0:00:03.429353
2920	2	3	0	0	0:00:03.432294
2940	3	0	0	0	0:00:03.449157
2960	9	9	9	1	0:00:03.451913
2980	8	1	1	0	0:00:03.437902
3000	5	5	5	1	0:00:03.437233
3020	1	1	1	1	0:00:03.439015
3040	7	7	7	1	0:00:03.429369
3060	7	7	7	1	0:00:03.454465
3080	1	1	1	1	0:00:03.441472
3100	0	0	0	1	0:00:03.428204
3120	4	6	6	0	0:00:03.444549
3140	8	8	8	1	0:00:03.424853
3160	6	4	4	0	0:00:03.434015
3180	3	9	9	0	0:00:03.461912
3200	5	7	7	0	0:00:03.447211
3220	3	9	9	0	0:00:03.434241
3240	4	1	4	0	0:00:03.447654
3260	7	7	7	1	0:00:03.441879
3280	3	5	5	0	0:00:03.445483
3300	4	4	4	1	0:00:03.444604
3320	2	7	7	0	0:00:03.437701
3340	6	6	4	1	0:00:03.451658
3360	4	6	6	0	0:00:03.443740
3380	8	8	8	1	0:00:03.451156
3400	6	7	1	0	0:00:03.456655
3420	5	6	6	0	0:00:03.441562
3440	2	9	9	0	0:00:03.439007
3460	1	1	1	1	0:00:03.441009
3480	2	2	2	1	0:00:03.446872
3500	1	1	1	1	0:00:03.439414
3520	1	1	1	1	0:00:03.442241
3540	6	6	8	1	0:00:03.445145
3560	1	9	9	0	0:00:03.465790
3580	4	1	1	0	0:00:03.443442
3600	4	2	2	0	0:00:03.439856
3620	0	7	7	0	0:00:03.445769
3640	6	2	2	0	0:00:03.450261
3660	0	8	8	0	0:00:03.433759
3680	0	2	2	0	0:00:03.454683
3700	3	5	5	0	0:00:03.451970
3720	2	2	2	1	0:00:03.456791
3740	0	0	0	1	0:00:03.469210
3760	7	7	7	1	0:00:03.455711
3780	4	2	2	0	0:00:03.460154
3800	9	9	9	1	0:00:03.467499
3820	0	0	0	1	0:00:03.469086
3840	6	8	3	0	0:00:03.461788
3860	7	7	7	1	0:00:03.466139
3880	6	4	4	0	0:00:03.461726
3900	3	1	1	0	0:00:03.469046
3920	7	9	9	0	0:00:03.476562
3940	6	7	7	0	0:00:03.473295
3960	2	5	5	0	0:00:03.469052
3980	9	7	7	0	0:00:03.470880
4000	8	7	0	0	0:00:03.463743
4020	8	8	8	1	0:00:03.472861
4040	0	0	0	1	0:00:03.473454
4060	6	6	6	1	0:00:03.465091
4080	1	1	1	1	0:00:03.467107
4100	7	7	7	1	0:00:03.478618
4120	4	0	0	0	0:00:03.464797
4140	5	2	2	0	0:00:03.474593
4160	5	3	3	0	0:00:03.480597
4180	0	8	8	0	0:00:03.467066
4200	4	2	2	0	0:00:03.461745
4220	4	0	0	0	0:00:03.466809
4240	7	8	8	0	0:00:03.459352
4260	8	8	8	1	0:00:03.454718
4280	8	9	9	0	0:00:03.463663
4300	8	8	8	1	0:00:03.464897
4320	1	8	8	0	0:00:03.458355
4340	0	0	0	1	0:00:03.460068
4360	6	9	9	0	0:00:03.463659
4380	9	9	9	1	0:00:03.467893
4400	3	6	8	0	0:00:03.458859
4420	5	8	8	0	0:00:03.460832
4440	2	6	6	0	0:00:03.465664
4460	9	-1	1	0	0:00:03.461320
4480	9	9	9	1	0:00:03.460530
4500	3	5	5	0	0:00:03.463203
4520	3	6	6	0	0:00:03.453439
4540	9	9	9	1	0:00:03.454431
4560	1	1	1	1	0:00:03.459719
4580	6	6	4	1	0:00:03.474752
4600	4	7	7	0	0:00:03.464001
4620	7	3	3	0	0:00:03.467090
4640	2	4	4	0	0:00:03.461489
4660	7	6	2	0	0:00:03.465510
4680	9	9	9	1	0:00:03.464833
4700	6	1	1	0	0:00:03.462927
4720	8	0	0	0	0:00:03.448352
4740	5	6	6	0	0:00:03.452490
4760	3	2	2	0	0:00:03.449526
4780	0	0	0	1	0:00:03.464465
4800	9	9	9	1	0:00:03.455444
4820	3	5	5	0	0:00:03.436662
4840	0	0	0	1	0:00:03.437001
4860	5	5	5	1	0:00:03.445614
4880	0	8	8	0	0:00:03.445323
4900	3	1	1	0	0:00:03.457809
4920	7	7	7	1	0:00:03.457146
4940	6	6	2	1	0:00:03.464281
4960	4	6	6	0	0:00:03.450523
4980	1	9	9	0	0:00:03.445998
5000	7	7	7	1	0:00:03.462341
5020	8	8	8	1	0:00:03.477192
5040	3	1	1	0	0:00:03.455906
5060	6	6	6	1	0:00:03.438566
5080	7	7	7	1	0:00:03.463550
5100	3	3	3	1	0:00:03.464296
5120	9	9	8	1	0:00:03.445416
5140	8	8	8	1	0:00:03.466506
5160	0	8	8	0	0:00:03.436942
5180	9	7	7	0	0:00:03.433204
5200	3	3	3	1	0:00:03.445247
5220	0	0	0	1	0:00:03.460967
5240	1	1	9	1	0:00:03.431597
5260	0	0	0	1	0:00:03.436741
5280	0	2	2	0	0:00:03.440940
5300	9	9	1	1	0:00:03.449373
5320	7	7	7	1	0:00:03.450054
5340	3	4	4	0	0:00:03.439075
5360	9	9	9	1	0:00:03.449455
5380	1	9	9	0	0:00:03.440013
5400	9	9	9	1	0:00:03.447035
5420	6	6	6	1	0:00:03.456072
5440	9	9	9	1	0:00:03.461020
5460	0	0	0	1	0:00:03.457516
5480	1	1	1	1	0:00:03.467964
5500	8	1	8	0	0:00:03.460049
5520	4	5	5	0	0:00:03.461318
5540	5	6	2	0	0:00:03.457828
5560	3	6	6	0	0:00:03.457167
5580	5	6	6	0	0:00:03.453990
5600	6	9	8	0	0:00:03.461422
5620	3	2	2	0	0:00:03.452683
5640	2	3	3	0	0:00:03.475337
5660	9	9	9	1	0:00:03.461025
5680	2	8	8	0	0:00:03.456152
5700	3	5	5	0	0:00:03.459744
5720	9	9	9	1	0:00:03.459838
5740	6	4	4	0	0:00:03.472497
5760	2	2	8	1	0:00:03.464417
5780	7	7	7	1	0:00:03.459203
5800	2	4	2	0	0:00:03.454974
5820	5	6	6	0	0:00:03.457281
5840	2	6	6	0	0:00:03.465268
5860	0	0	0	1	0:00:03.458081
5880	0	0	0	1	0:00:03.459347
5900	4	5	4	0	0:00:03.463037
5920	8	8	8	1	0:00:03.461198
5940	7	4	4	0	0:00:03.475186
5960	2	4	4	0	0:00:03.456389
5980	9	9	9	1	0:00:03.456461
6000	8	9	8	0	0:00:03.461398
6020	6	6	6	1	0:00:03.464782
6040	2	7	7	0	0:00:03.454340
6060	3	4	4	0	0:00:03.456789
6080	1	1	1	1	0:00:03.457560
6100	1	1	1	1	0:00:03.430119
6120	5	5	5	1	0:00:03.461548
6140	9	9	9	1	0:00:03.431927
6160	2	5	5	0	0:00:03.452917
6180	0	9	9	0	0:00:03.459851
6200	3	3	3	1	0:00:03.430448
6220	2	6	6	0	0:00:03.450670
6240	2	1	2	0	0:00:03.453758
6260	2	1	1	0	0:00:03.453231
6280	8	5	5	0	0:00:03.459608
6300	1	1	1	1	0:00:03.458833
6320	0	0	0	1	0:00:03.450562
6340	3	3	3	1	0:00:03.447647
6360	2	2	2	1	0:00:03.448113
6380	3	6	6	0	0:00:03.458090
6400	0	8	8	0	0:00:03.446774
6420	7	7	7	1	0:00:03.448811
6440	3	8	8	0	0:00:03.459844
6460	3	1	0	0	0:00:03.453832
6480	0	0	0	1	0:00:03.437670
6500	7	0	0	0	0:00:03.448011
6520	6	4	2	0	0:00:03.436046
6540	8	8	8	1	0:00:03.433629
6560	6	6	6	1	0:00:03.443168
6580	1	9	7	0	0:00:03.453355
6600	7	7	7	1	0:00:03.427602
6620	7	7	7	1	0:00:03.452743
6640	5	3	3	0	0:00:03.439569
6660	0	0	0	1	0:00:03.441715
6680	3	3	3	1	0:00:03.468710
6700	6	6	6	1	0:00:03.465314
6720	2	2	2	1	0:00:03.446044
6740	2	6	6	0	0:00:03.463246
6760	5	2	2	0	0:00:03.447193
6780	7	7	7	1	0:00:03.435791
6800	6	6	4	1	0:00:03.466592
6820	1	1	1	1	0:00:03.445349
6840	9	9	1	1	0:00:03.444228
6860	0	0	0	1	0:00:03.438160
6880	2	7	7	0	0:00:03.457570
6900	3	3	3	1	0:00:03.462574
6920	5	2	2	0	0:00:03.477034
6940	1	1	1	1	0:00:03.468910
6960	9	8	8	0	0:00:03.477277
6980	0	9	9	0	0:00:03.461960
7000	2	8	8	0	0:00:03.472124
7020	7	7	7	1	0:00:03.467491
7040	7	1	8	0	0:00:03.465042
7060	8	8	8	1	0:00:03.449732
7080	5	4	4	0	0:00:03.455848
7100	9	3	3	0	0:00:03.473451
7120	7	7	7	1	0:00:03.463178
7140	4	4	4	1	0:00:03.463945
7160	5	5	5	1	0:00:03.459191
7180	6	6	6	1	0:00:03.460162
7200	4	6	6	0	0:00:03.472701
7220	9	9	9	1	0:00:03.484881
7240	0	8	8	0	0:00:03.483474
7260	1	1	1	1	0:00:03.462389
7280	1	1	9	1	0:00:03.472332
7300	3	7	7	0	0:00:03.467952
7320	8	0	0	0	0:00:03.470964
7340	2	4	0	0	0:00:03.483457
7360	2	7	2	0	0:00:03.480759
7380	7	7	7	1	0:00:03.490437
7400	3	9	3	0	0:00:03.471137
7420	3	0	0	0	0:00:03.469048
7440	3	6	6	0	0:00:03.477534
7460	5	5	5	1	0:00:03.459327
7480	1	1	8	1	0:00:03.454051
7500	6	6	6	1	0:00:03.457307
7520	4	6	4	0	0:00:03.456410
7540	5	5	5	1	0:00:03.462693
7560	0	0	0	1	0:00:03.475231
7580	8	8	8	1	0:00:03.458913
7600	8	9	9	0	0:00:03.450554
7620	5	9	9	0	0:00:03.453535
7640	9	9	9	1	0:00:03.470480
7660	7	9	1	0	0:00:03.469406
7680	3	9	9	0	0:00:03.464657
7700	6	6	6	1	0:00:03.470291
7720	5	4	4	0	0:00:03.464554
7740	4	2	2	0	0:00:03.461020
7760	2	9	9	0	0:00:03.453886
7780	3	9	9	0	0:00:03.450682
7800	0	0	0	1	0:00:03.443123
7820	5	8	8	0	0:00:03.456489
7840	1	1	1	1	0:00:03.455799
7860	8	8	8	1	0:00:03.453552
7880	0	4	4	0	0:00:03.454478
7900	0	8	8	0	0:00:03.457444
7920	9	9	8	1	0:00:03.452983
7940	2	6	6	0	0:00:03.457875
7960	0	0	0	1	0:00:03.472272
7980	3	7	4	0	0:00:03.466034
8000	9	9	9	1	0:00:03.457366
8020	6	6	6	1	0:00:03.458004
8040	2	6	6	0	0:00:03.461064
8060	6	6	6	1	0:00:03.431739
8080	4	6	6	0	0:00:03.465040
8100	6	2	2	0	0:00:03.464110
8120	8	9	9	0	0:00:03.450524
8140	5	4	4	0	0:00:03.458810
8160	6	6	6	1	0:00:03.445952
8180	4	6	6	0	0:00:03.443221
8200	3	0	0	0	0:00:03.464520
8220	6	-1	2	0	0:00:03.437334
8240	7	7	7	1	0:00:03.451391
8260	1	1	1	1	0:00:03.447587
8280	4	3	3	0	0:00:03.446885
8300	5	2	2	0	0:00:03.456592
8320	7	7	4	1	0:00:03.468778
8340	5	5	5	1	0:00:03.455085
8360	7	7	7	1	0:00:03.446430
8380	9	9	9	1	0:00:03.441710
8400	0	8	8	0	0:00:03.450125
8420	3	6	2	0	0:00:03.448462
8440	5	3	3	0	0:00:03.443685
8460	8	8	8	1	0:00:03.450597
8480	2	2	2	1	0:00:03.437649
8500	4	2	2	0	0:00:03.443433
8520	8	8	8	1	0:00:03.449158
8540	4	6	2	0	0:00:03.435339
8560	7	7	7	1	0:00:03.445329
8580	3	9	9	0	0:00:03.441475
8600	3	7	3	0	0:00:03.430629
8620	3	4	4	0	0:00:03.440171
8640	1	1	1	1	0:00:03.437366
8660	7	5	5	0	0:00:03.422738
8680	3	9	0	0	0:00:03.441734
8700	3	3	3	1	0:00:03.450602
8720	2	0	0	0	0:00:03.434775
8740	2	4	4	0	0:00:03.424603
8760	8	8	8	1	0:00:03.445382
8780	4	4	4	1	0:00:03.429001
8800	0	0	0	1	0:00:03.424055
8820	2	2	2	1	0:00:03.460292
8840	2	1	7	0	0:00:03.451825
8860	2	2	2	1	0:00:03.434669
8880	1	1	1	1	0:00:03.448016
8900	2	4	4	0	0:00:03.461975
8920	6	6	6	1	0:00:03.454539
8940	6	3	3	0	0:00:03.469661
8960	0	0	0	1	0:00:03.465798
8980	9	9	9	1	0:00:03.460917
9000	8	8	8	1	0:00:03.456332
9020	7	7	7	1	0:00:03.464288
9040	2	5	5	0	0:00:03.461192
9060	9	5	5	0	0:00:03.465706
9080	3	0	0	0	0:00:03.453761
9100	9	6	6	0	0:00:03.453887
9120	3	0	0	0	0:00:03.472465
9140	7	7	7	1	0:00:03.469028
9160	5	5	5	1	0:00:03.466473
9180	5	5	5	1	0:00:03.460862
9200	8	8	8	1	0:00:03.451385
9220	8	8	8	1	0:00:03.453883
9240	8	8	8	1	0:00:03.489490
9260	5	5	5	1	0:00:03.466259
9280	9	8	8	0	0:00:03.463269
9300	5	5	5	1	0:00:03.464630
9320	9	9	9	1	0:00:03.457441
9340	1	1	1	1	0:00:03.464920
9360	5	0	0	0	0:00:03.462899
9380	5	9	3	0	0:00:03.443139
9400	6	6	2	1	0:00:03.454854
9420	5	5	5	1	0:00:03.456510
9440	8	8	8	1	0:00:03.461521
9460	3	6	6	0	0:00:03.466424
9480	2	4	4	0	0:00:03.462638
9500	9	1	1	0	0:00:03.450679
9520	1	1	1	1	0:00:03.440649
9540	5	5	5	1	0:00:03.457058
9560	9	7	7	0	0:00:03.461133
9580	1	1	1	1	0:00:03.445299
9600	8	8	8	1	0:00:03.483986
9620	4	7	7	0	0:00:03.459561
9640	5	5	7	1	0:00:03.474938
9660	6	6	6	1	0:00:03.456908
9680	8	8	8	1	0:00:03.450051
9700	0	0	0	1	0:00:03.468293
9720	8	6	4	0	0:00:03.467283
9740	3	6	6	0	0:00:03.467178
9760	9	7	7	0	0:00:03.456701
9780	4	6	6	0	0:00:03.449154
9800	1	1	1	1	0:00:03.457086
9820	0	8	8	0	0:00:03.459536
9840	4	3	3	0	0:00:03.447242
9860	0	2	8	0	0:00:03.467816
9880	7	7	4	1	0:00:03.451570
9900	8	8	8	1	0:00:03.462741
9920	6	6	6	1	0:00:03.464030
9940	4	5	5	0	0:00:03.462940
9960	2	0	0	0	0:00:03.454651
9980	0	0	0	1	0:00:03.450500
