idx	label	predict	basePredict	correct	time
0	3	2	2	0	0:00:32.796976
20	7	1	9	0	0:00:17.521397
40	4	1	8	0	0:00:16.051380
60	7	2	2	0	0:00:15.840596
80	8	8	8	1	0:00:15.939798
100	4	5	3	0	0:00:15.943334
120	8	8	8	1	0:00:15.909912
140	6	2	2	0	0:00:15.822235
160	2	0	2	0	0:00:15.995385
180	0	0	8	1	0:00:15.910679
200	5	7	3	0	0:00:15.812781
220	7	7	7	1	0:00:15.924788
240	1	1	8	1	0:00:15.847359
260	8	3	3	0	0:00:15.903812
280	9	9	8	1	0:00:15.812409
300	6	7	4	0	0:00:15.784198
320	3	2	4	0	0:00:15.801380
340	2	4	4	0	0:00:15.822348
360	9	7	6	0	0:00:15.815988
380	6	6	4	1	0:00:15.796379
400	9	1	1	0	0:00:15.827398
420	4	6	6	0	0:00:15.799252
440	1	1	6	1	0:00:15.888188
460	5	3	3	0	0:00:15.789682
480	8	9	9	0	0:00:15.848823
500	4	6	6	0	0:00:15.839384
520	5	7	7	0	0:00:15.792770
540	1	9	8	0	0:00:15.780589
560	0	0	8	1	0:00:15.816043
580	4	6	4	0	0:00:15.786353
600	8	8	8	1	0:00:15.853711
620	7	6	4	0	0:00:15.811915
640	5	3	3	0	0:00:15.829518
660	9	9	9	1	0:00:15.868557
680	9	7	4	0	0:00:15.846518
700	7	0	0	0	0:00:15.946983
720	4	9	7	0	0:00:15.887061
740	2	5	3	0	0:00:15.901900
760	3	9	9	0	0:00:16.041633
780	9	1	8	0	0:00:15.895574
800	7	7	7	1	0:00:15.885689
820	6	1	8	0	0:00:15.802054
840	7	7	7	1	0:00:15.987671
860	4	4	4	1	0:00:15.848438
880	8	8	8	1	0:00:15.840596
900	2	6	4	0	0:00:15.876281
920	6	2	2	0	0:00:15.861440
940	9	1	9	0	0:00:15.821594
960	9	9	4	1	0:00:15.927976
980	2	6	6	0	0:00:16.001451
1000	5	5	5	1	0:00:15.262127
1020	1	8	8	0	0:00:15.293014
1040	7	5	5	0	0:00:15.253480
1060	9	9	8	1	0:00:15.201763
1080	6	6	6	1	0:00:15.161880
1100	7	8	8	0	0:00:15.195343
1120	5	2	2	0	0:00:15.124742
1140	6	4	4	0	0:00:15.133119
1160	8	0	0	0	0:00:15.262839
1180	3	3	8	1	0:00:15.199447
1200	8	0	0	0	0:00:15.074777
1220	9	6	6	0	0:00:15.156610
1240	2	6	6	0	0:00:15.248909
1260	1	9	9	0	0:00:15.243712
1280	3	7	7	0	0:00:15.184787
1300	4	3	3	0	0:00:15.261687
1320	7	2	2	0	0:00:15.193998
1340	1	1	8	1	0:00:15.315365
1360	7	7	4	1	0:00:15.112621
1380	4	5	5	0	0:00:15.103195
1400	5	2	2	0	0:00:15.151138
1420	4	7	7	0	0:00:15.073942
1440	0	8	8	0	0:00:15.264210
1460	6	6	4	1	0:00:15.225146
1480	1	5	5	0	0:00:15.128922
1500	1	9	9	0	0:00:15.150653
1520	7	6	2	0	0:00:15.099176
1540	8	8	8	1	0:00:15.097947
1560	7	7	7	1	0:00:15.140349
1580	6	1	1	0	0:00:15.157078
1600	8	9	6	0	0:00:15.194243
1620	5	8	8	0	0:00:15.111583
1640	7	5	3	0	0:00:15.166899
1660	3	5	4	0	0:00:15.114983
1680	6	6	6	1	0:00:15.146816
1700	5	2	2	0	0:00:15.259131
1720	4	0	2	0	0:00:15.374990
1740	1	9	9	0	0:00:15.197728
1760	0	8	8	0	0:00:15.258226
1780	7	9	8	0	0:00:15.169708
1800	4	8	8	0	0:00:15.179601
1820	8	9	8	0	0:00:15.141451
1840	8	7	4	0	0:00:15.091358
1860	8	8	8	1	0:00:15.329215
1880	1	8	8	0	0:00:15.195853
1900	8	8	8	1	0:00:15.202063
1920	2	5	2	0	0:00:15.168113
1940	5	3	3	0	0:00:15.097701
1960	2	5	5	0	0:00:15.177572
1980	9	9	4	1	0:00:15.087224
2000	1	6	4	0	0:00:15.159194
2020	9	9	1	1	0:00:15.164683
2040	0	8	8	0	0:00:15.169522
2060	5	-1	3	0	0:00:15.309865
2080	1	9	4	0	0:00:15.300401
2100	2	4	4	0	0:00:15.121590
2120	4	8	8	0	0:00:15.259311
2140	9	1	1	0	0:00:15.124879
2160	0	8	8	0	0:00:15.175784
2180	4	6	4	0	0:00:15.135554
2200	0	2	2	0	0:00:15.178264
2220	1	1	4	1	0:00:15.076016
2240	9	9	8	1	0:00:15.192441
2260	4	7	4	0	0:00:15.219216
2280	4	8	8	0	0:00:15.167932
2300	3	2	4	0	0:00:15.223974
2320	5	8	8	0	0:00:15.142010
2340	7	7	7	1	0:00:15.090804
2360	7	5	3	0	0:00:15.087849
2380	8	0	8	0	0:00:15.117029
2400	0	0	4	1	0:00:15.062226
2420	8	5	5	0	0:00:15.152272
2440	7	1	8	0	0:00:15.213041
2460	9	3	3	0	0:00:15.232583
2480	8	8	8	1	0:00:15.106004
2500	4	2	2	0	0:00:15.179367
2520	1	9	8	0	0:00:15.229827
2540	2	3	3	0	0:00:15.218828
2560	7	6	2	0	0:00:15.102534
2580	6	4	4	0	0:00:15.165618
2600	8	8	8	1	0:00:15.158504
2620	1	4	4	0	0:00:15.143101
2640	7	7	6	1	0:00:15.104542
2660	3	2	2	0	0:00:15.070076
2680	0	0	0	1	0:00:15.116436
2700	9	7	0	0	0:00:15.215199
2720	3	2	2	0	0:00:15.183739
2740	1	1	4	1	0:00:15.386362
2760	2	4	4	0	0:00:15.570578
2780	7	7	6	1	0:00:15.199319
2800	4	6	4	0	0:00:15.139937
2820	6	6	4	1	0:00:15.173394
2840	3	3	3	1	0:00:15.154734
2860	5	7	4	0	0:00:15.192377
2880	4	4	4	1	0:00:15.135206
2900	3	2	2	0	0:00:15.234098
2920	2	5	5	0	0:00:15.187404
2940	3	0	0	0	0:00:15.114255
2960	9	7	8	0	0:00:15.139622
2980	8	1	8	0	0:00:15.247339
3000	5	5	5	1	0:00:15.124103
3020	1	1	8	1	0:00:15.070309
3040	7	7	7	1	0:00:15.128995
3060	7	7	7	1	0:00:15.140847
3080	1	7	4	0	0:00:15.200391
3100	0	0	0	1	0:00:15.259142
3120	4	6	2	0	0:00:15.222757
3140	8	8	8	1	0:00:15.128794
3160	6	4	4	0	0:00:15.163634
3180	3	7	8	0	0:00:15.116988
3200	5	7	7	0	0:00:15.144430
3220	3	9	9	0	0:00:15.120899
3240	4	1	8	0	0:00:15.146767
3260	7	0	0	0	0:00:15.217090
3280	3	0	0	0	0:00:15.175833
3300	4	6	4	0	0:00:15.095082
3320	2	7	7	0	0:00:15.187715
3340	6	7	4	0	0:00:15.093182
3360	4	6	6	0	0:00:15.122337
3380	8	1	8	0	0:00:15.095598
3400	6	4	4	0	0:00:15.174092
3420	5	4	4	0	0:00:15.123879
3440	2	9	3	0	0:00:15.076705
3460	1	1	4	1	0:00:15.113231
3480	2	2	2	1	0:00:15.180082
3500	1	1	4	1	0:00:15.320900
3520	1	1	1	1	0:00:15.256944
3540	6	6	6	1	0:00:15.161234
3560	1	9	0	0	0:00:15.109729
3580	4	1	8	0	0:00:15.130461
3600	4	2	2	0	0:00:15.159889
3620	0	6	6	0	0:00:15.197892
3640	6	2	2	0	0:00:15.220541
3660	0	8	8	0	0:00:15.228981
3680	0	2	2	0	0:00:15.207846
3700	3	4	4	0	0:00:15.175453
3720	2	2	2	1	0:00:15.166944
3740	0	0	8	1	0:00:15.130821
3760	7	7	7	1	0:00:15.102862
3780	4	2	2	0	0:00:15.292280
3800	9	3	3	0	0:00:15.223080
3820	0	2	2	0	0:00:15.353369
3840	6	3	3	0	0:00:15.053896
3860	7	7	7	1	0:00:15.139782
3880	6	4	4	0	0:00:15.073992
3900	3	1	1	0	0:00:15.117458
3920	7	9	8	0	0:00:15.086285
3940	6	7	4	0	0:00:15.132195
3960	2	5	5	0	0:00:15.120356
3980	9	7	7	0	0:00:15.122879
4000	8	7	4	0	0:00:15.109401
4020	8	1	8	0	0:00:15.104735
4040	0	0	0	1	0:00:15.213060
4060	6	3	3	0	0:00:15.148413
4080	1	8	8	0	0:00:15.060530
4100	7	7	7	1	0:00:15.091573
4120	4	0	0	0	0:00:15.238474
4140	5	3	3	0	0:00:15.153858
4160	5	2	2	0	0:00:15.179756
4180	0	8	8	0	0:00:15.138111
4200	4	2	2	0	0:00:15.203652
4220	4	0	0	0	0:00:15.208951
4240	7	0	0	0	0:00:15.231465
4260	8	1	8	0	0:00:15.083172
4280	8	9	8	0	0:00:15.146723
4300	8	8	8	1	0:00:15.141484
4320	1	8	8	0	0:00:15.111427
4340	0	0	8	1	0:00:15.174341
4360	6	9	3	0	0:00:15.186748
4380	9	8	8	0	0:00:15.223002
4400	3	4	4	0	0:00:15.148341
4420	5	8	8	0	0:00:15.147813
4440	2	6	2	0	0:00:15.136698
4460	9	8	8	0	0:00:15.066811
4480	9	3	6	0	0:00:15.217704
4500	3	7	6	0	0:00:15.419250
4520	3	6	6	0	0:00:15.238984
4540	9	9	1	1	0:00:15.261572
4560	1	1	4	1	0:00:15.134490
4580	6	4	4	0	0:00:15.116735
4600	4	7	4	0	0:00:15.146506
4620	7	3	3	0	0:00:15.137161
4640	2	3	4	0	0:00:15.159831
4660	7	4	2	0	0:00:15.127396
4680	9	1	1	0	0:00:15.217259
4700	6	1	4	0	0:00:15.192839
4720	8	0	0	0	0:00:15.199465
4740	5	3	4	0	0:00:15.183843
4760	3	8	8	0	0:00:15.175511
4780	0	0	8	1	0:00:15.133968
4800	9	9	9	1	0:00:15.205919
4820	3	5	5	0	0:00:15.217823
4840	0	0	0	1	0:00:15.276047
4860	5	3	8	0	0:00:15.332149
4880	0	2	2	0	0:00:15.230107
4900	3	6	6	0	0:00:15.144095
4920	7	7	4	1	0:00:15.178761
4940	6	4	2	0	0:00:15.199972
4960	4	3	3	0	0:00:15.169759
4980	1	9	9	0	0:00:15.088080
5000	7	7	7	1	0:00:15.183352
5020	8	1	8	0	0:00:15.162380
5040	3	7	4	0	0:00:15.208589
5060	6	2	4	0	0:00:15.164698
5080	7	7	7	1	0:00:15.136997
5100	3	3	3	1	0:00:15.100865
5120	9	9	8	1	0:00:15.129693
5140	8	8	8	1	0:00:15.160908
5160	0	8	8	0	0:00:15.279712
5180	9	6	4	0	0:00:15.276941
5200	3	3	3	1	0:00:15.191059
5220	0	0	0	1	0:00:15.097322
5240	1	9	2	0	0:00:15.253241
5260	0	0	0	1	0:00:15.182107
5280	0	8	8	0	0:00:15.162984
5300	9	1	1	0	0:00:15.103455
5320	7	0	3	0	0:00:15.244816
5340	3	4	4	0	0:00:15.116930
5360	9	9	9	1	0:00:15.176061
5380	1	9	9	0	0:00:15.146928
5400	9	0	4	0	0:00:15.086723
5420	6	5	6	0	0:00:15.115069
5440	9	9	9	1	0:00:15.095263
5460	0	7	7	0	0:00:15.135896
5480	1	1	8	1	0:00:15.198077
5500	8	1	8	0	0:00:15.122147
5520	4	3	3	0	0:00:15.325989
5540	5	6	2	0	0:00:15.188943
5560	3	6	4	0	0:00:15.083221
5580	5	6	6	0	0:00:15.222572
5600	6	9	0	0	0:00:15.180791
5620	3	2	2	0	0:00:15.129014
5640	2	5	3	0	0:00:15.148971
5660	9	0	8	0	0:00:15.178218
5680	2	1	8	0	0:00:15.221812
5700	3	2	2	0	0:00:15.082681
5720	9	9	9	1	0:00:15.143432
5740	6	4	4	0	0:00:15.138442
5760	2	0	2	0	0:00:15.150609
5780	7	7	4	1	0:00:15.157160
5800	2	6	4	0	0:00:15.179981
5820	5	6	6	0	0:00:15.127919
5840	2	6	6	0	0:00:15.184639
5860	0	8	8	0	0:00:15.076865
5880	0	8	8	0	0:00:15.151078
5900	4	3	4	0	0:00:15.226007
5920	8	8	8	1	0:00:15.082830
5940	7	4	4	0	0:00:15.162391
5960	2	6	4	0	0:00:15.226721
5980	9	9	6	1	0:00:15.142298
6000	8	9	8	0	0:00:15.124769
6020	6	7	6	0	0:00:15.082728
6040	2	7	7	0	0:00:15.157443
6060	3	4	4	0	0:00:15.136628
6080	1	9	6	0	0:00:15.109841
6100	1	1	8	1	0:00:15.129869
6120	5	3	5	0	0:00:15.160875
6140	9	9	7	1	0:00:15.265700
6160	2	5	5	0	0:00:15.229045
6180	0	8	8	0	0:00:15.220698
6200	3	0	3	0	0:00:15.181073
6220	2	6	6	0	0:00:15.275363
6240	2	1	4	0	0:00:15.184711
6260	2	9	8	0	0:00:15.059504
6280	8	5	6	0	0:00:15.123858
6300	1	7	4	0	0:00:15.174457
6320	0	0	0	1	0:00:15.130617
6340	3	3	3	1	0:00:15.213530
6360	2	6	2	0	0:00:15.149601
6380	3	1	6	0	0:00:15.226284
6400	0	1	4	0	0:00:15.098849
6420	7	7	8	1	0:00:15.091213
6440	3	9	8	0	0:00:15.167259
6460	3	1	4	0	0:00:15.117945
6480	0	2	2	0	0:00:15.145711
6500	7	0	8	0	0:00:15.115490
6520	6	4	4	0	0:00:15.169260
6540	8	8	8	1	0:00:15.259866
6560	6	6	4	1	0:00:15.101494
6580	1	2	3	0	0:00:15.075844
6600	7	7	7	1	0:00:15.139320
6620	7	7	3	1	0:00:15.115274
6640	5	8	8	0	0:00:15.113519
6660	0	0	8	1	0:00:15.102728
6680	3	5	5	0	0:00:15.183236
6700	6	1	4	0	0:00:15.131413
6720	2	4	2	0	0:00:15.311455
6740	2	6	4	0	0:00:15.187515
6760	5	3	6	0	0:00:15.240461
6780	7	7	7	1	0:00:15.116514
6800	6	2	4	0	0:00:15.104173
6820	1	1	1	1	0:00:15.182185
6840	9	1	1	0	0:00:15.293311
6860	0	2	2	0	0:00:15.254827
6880	2	7	7	0	0:00:15.202548
6900	3	7	4	0	0:00:15.215327
6920	5	2	2	0	0:00:15.096296
6940	1	1	1	1	0:00:15.111404
6960	9	8	8	0	0:00:15.230947
6980	0	1	8	0	0:00:15.125765
7000	2	8	8	0	0:00:15.114174
7020	7	1	8	0	0:00:15.089867
7040	7	8	8	0	0:00:15.067314
7060	8	0	8	0	0:00:15.111927
7080	5	4	4	0	0:00:15.080064
7100	9	3	3	0	0:00:15.068615
7120	7	5	6	0	0:00:15.115584
7140	4	1	4	0	0:00:15.179694
7160	5	4	4	0	0:00:15.133778
7180	6	6	6	1	0:00:15.125237
7200	4	6	2	0	0:00:15.174324
7220	9	8	8	0	0:00:15.083997
7240	0	8	8	0	0:00:15.124905
7260	1	8	8	0	0:00:15.086463
7280	1	6	6	0	0:00:15.058331
7300	3	7	4	0	0:00:15.106925
7320	8	0	0	0	0:00:15.085775
7340	2	4	4	0	0:00:15.115474
7360	2	7	4	0	0:00:15.125800
7380	7	9	7	0	0:00:15.130517
7400	3	3	3	1	0:00:15.087924
7420	3	0	0	0	0:00:15.032350
7440	3	6	2	0	0:00:15.196784
7460	5	5	5	1	0:00:15.050845
7480	1	8	5	0	0:00:15.159260
7500	6	6	6	1	0:00:15.343253
7520	4	6	4	0	0:00:15.279381
7540	5	5	5	1	0:00:15.255106
7560	0	6	2	0	0:00:15.274407
7580	8	0	8	0	0:00:15.239231
7600	8	9	8	0	0:00:15.450956
7620	5	1	3	0	0:00:15.351183
7640	9	9	6	1	0:00:15.310220
7660	7	9	4	0	0:00:15.162733
7680	3	9	3	0	0:00:15.404465
7700	6	6	4	1	0:00:15.249170
7720	5	2	2	0	0:00:15.247546
7740	4	6	2	0	0:00:15.196795
7760	2	9	6	0	0:00:15.263565
7780	3	1	8	0	0:00:15.277951
7800	0	0	8	1	0:00:15.236444
7820	5	8	8	0	0:00:15.334148
7840	1	1	1	1	0:00:15.291329
7860	8	7	4	0	0:00:15.289371
7880	0	0	0	1	0:00:15.222744
7900	0	8	8	0	0:00:15.255992
7920	9	8	8	0	0:00:15.270297
7940	2	6	6	0	0:00:15.226147
7960	0	0	3	1	0:00:15.299263
7980	3	7	4	0	0:00:15.343517
8000	9	9	8	1	0:00:15.245890
8020	6	3	3	0	0:00:15.303714
8040	2	6	4	0	0:00:15.318459
8060	6	4	4	0	0:00:15.388929
8080	4	6	6	0	0:00:15.429931
8100	6	2	2	0	0:00:15.386424
8120	8	9	9	0	0:00:15.339013
8140	5	4	4	0	0:00:15.348727
8160	6	9	6	0	0:00:15.334345
8180	4	4	4	1	0:00:15.247735
8200	3	7	4	0	0:00:15.277453
8220	6	7	2	0	0:00:15.204096
8240	7	7	4	1	0:00:15.277084
8260	1	3	3	0	0:00:15.324221
8280	4	5	3	0	0:00:15.289595
8300	5	2	2	0	0:00:15.307880
8320	7	3	4	0	0:00:15.252990
8340	5	3	4	0	0:00:15.187071
8360	7	7	4	1	0:00:15.227576
8380	9	8	8	0	0:00:15.228723
8400	0	8	8	0	0:00:15.351557
8420	3	6	4	0	0:00:15.298965
8440	5	3	4	0	0:00:15.228988
8460	8	8	8	1	0:00:15.291113
8480	2	-1	8	0	0:00:15.248120
8500	4	2	2	0	0:00:15.270124
8520	8	4	4	0	0:00:15.290681
8540	4	6	2	0	0:00:15.375413
8560	7	4	4	0	0:00:15.245651
8580	3	0	2	0	0:00:15.203931
8600	3	7	4	0	0:00:15.363933
8620	3	1	4	0	0:00:15.194384
8640	1	1	8	1	0:00:15.262792
8660	7	5	5	0	0:00:15.227227
8680	3	9	8	0	0:00:15.391804
8700	3	3	3	1	0:00:15.212269
8720	2	0	0	0	0:00:15.245302
8740	2	6	4	0	0:00:15.225002
8760	8	8	5	1	0:00:15.166167
8780	4	7	4	0	0:00:15.227955
8800	0	0	0	1	0:00:15.273993
8820	2	3	3	0	0:00:15.245475
8840	2	1	1	0	0:00:15.262824
8860	2	0	6	0	0:00:15.218241
8880	1	9	6	0	0:00:15.139968
8900	2	6	4	0	0:00:15.280621
8920	6	6	4	1	0:00:15.292366
8940	6	3	3	0	0:00:15.341279
8960	0	0	0	1	0:00:15.247642
8980	9	9	8	1	0:00:15.288530
9000	8	8	8	1	0:00:15.314267
9020	7	9	8	0	0:00:15.320733
9040	2	5	5	0	0:00:15.261539
9060	9	5	5	0	0:00:15.540358
9080	3	0	0	0	0:00:15.144378
9100	9	6	6	0	0:00:15.225812
9120	3	0	0	0	0:00:15.269080
9140	7	9	8	0	0:00:15.232697
9160	5	7	4	0	0:00:15.170362
9180	5	5	5	1	0:00:15.208290
9200	8	8	8	1	0:00:15.258492
9220	8	8	8	1	0:00:15.386734
9240	8	8	8	1	0:00:15.468786
9260	5	5	5	1	0:00:15.232275
9280	9	1	8	0	0:00:15.285962
9300	5	3	2	0	0:00:15.237624
9320	9	9	8	1	0:00:15.163612
9340	1	1	1	1	0:00:15.351825
9360	5	-1	4	0	0:00:15.220502
9380	5	9	3	0	0:00:15.207752
9400	6	4	2	0	0:00:15.274806
9420	5	5	6	1	0:00:15.328079
9440	8	8	8	1	0:00:15.358349
9460	3	7	7	0	0:00:15.344225
9480	2	4	4	0	0:00:15.245242
9500	9	1	4	0	0:00:15.300924
9520	1	1	8	1	0:00:15.234221
9540	5	3	4	0	0:00:15.139046
9560	9	7	7	0	0:00:15.128293
9580	1	4	4	0	0:00:15.215510
9600	8	8	8	1	0:00:15.182430
9620	4	7	4	0	0:00:15.177276
9640	5	0	0	0	0:00:15.212285
9660	6	6	6	1	0:00:15.226146
9680	8	8	8	1	0:00:15.130232
9700	0	2	2	0	0:00:15.247295
9720	8	1	6	0	0:00:15.189586
9740	3	4	4	0	0:00:15.276540
9760	9	7	4	0	0:00:15.264647
9780	4	6	4	0	0:00:15.332491
9800	1	1	1	1	0:00:15.215612
9820	0	8	8	0	0:00:15.262902
9840	4	5	5	0	0:00:15.174253
9860	0	5	8	0	0:00:15.176517
9880	7	4	4	0	0:00:15.164691
9900	8	0	6	0	0:00:15.164050
9920	6	4	2	0	0:00:15.302331
9940	4	5	6	0	0:00:15.326600
9960	2	0	0	0	0:00:15.263464
9980	0	0	0	1	0:00:15.240198
