idx	label	predict	basePredict	correct	time
0	3	6	6	0	0:00:01.358736
20	7	9	9	0	0:00:01.270707
40	4	8	8	0	0:00:01.303072
60	7	2	2	0	0:00:01.284748
80	8	8	8	1	0:00:01.265596
100	4	5	5	0	0:00:01.259044
120	8	8	8	1	0:00:01.262535
140	6	2	2	0	0:00:01.300994
160	2	0	0	0	0:00:01.284605
180	0	0	0	1	0:00:01.285220
200	5	3	3	0	0:00:01.267342
220	7	7	7	1	0:00:01.263242
240	1	1	1	1	0:00:01.208271
260	8	5	5	0	0:00:01.240019
280	9	9	9	1	0:00:01.216980
300	6	4	4	0	0:00:01.248878
320	3	4	2	0	0:00:01.271236
340	2	4	4	0	0:00:01.324172
360	9	6	6	0	0:00:01.267766
380	6	6	6	1	0:00:01.260184
400	9	9	9	1	0:00:01.262414
420	4	6	6	0	0:00:01.268770
440	1	1	1	1	0:00:01.318320
460	5	5	5	1	0:00:01.243329
480	8	9	9	0	0:00:01.272557
500	4	6	6	0	0:00:01.266672
520	5	-1	5	0	0:00:01.268598
540	1	8	8	0	0:00:01.265794
560	0	0	0	1	0:00:01.268296
580	4	6	6	0	0:00:01.270820
600	8	8	8	1	0:00:01.268866
620	7	6	6	0	0:00:01.237455
640	5	6	6	0	0:00:01.286317
660	9	9	9	1	0:00:01.275919
680	9	9	9	1	0:00:01.307259
700	7	7	7	1	0:00:01.233345
720	4	9	9	0	0:00:01.231740
740	2	5	5	0	0:00:01.234882
760	3	9	9	0	0:00:01.221560
780	9	-1	0	0	0:00:01.293211
800	7	7	7	1	0:00:01.282792
820	6	9	9	0	0:00:01.257618
840	7	7	7	1	0:00:01.275102
860	4	6	6	0	0:00:01.259535
880	8	8	8	1	0:00:01.273153
900	2	6	6	0	0:00:01.229906
920	6	2	2	0	0:00:01.286464
940	9	9	6	1	0:00:01.241939
960	9	9	9	1	0:00:01.277690
980	2	6	6	0	0:00:01.279666
1000	5	5	5	1	0:00:01.134362
1020	1	8	8	0	0:00:01.144788
1040	7	5	5	0	0:00:01.148303
1060	9	8	8	0	0:00:01.154916
1080	6	6	6	1	0:00:01.143399
1100	7	8	8	0	0:00:01.164087
1120	5	2	8	0	0:00:01.144626
1140	6	4	4	0	0:00:01.152706
1160	8	0	0	0	0:00:01.070812
1180	3	9	9	0	0:00:01.074543
1200	8	0	0	0	0:00:01.077525
1220	9	2	2	0	0:00:01.080368
1240	2	6	6	0	0:00:01.083153
1260	1	9	9	0	0:00:01.076186
1280	3	7	7	0	0:00:01.075435
1300	4	6	6	0	0:00:01.141235
1320	7	0	0	0	0:00:01.154571
1340	1	1	1	1	0:00:01.120171
1360	7	9	5	0	0:00:01.062536
1380	4	5	5	0	0:00:01.060645
1400	5	4	2	0	0:00:01.071763
1420	4	7	7	0	0:00:01.063387
1440	0	8	8	0	0:00:01.077384
1460	6	6	6	1	0:00:01.068969
1480	1	5	5	0	0:00:01.067516
1500	1	9	9	0	0:00:01.075505
1520	7	6	6	0	0:00:01.089690
1540	8	8	8	1	0:00:01.113659
1560	7	7	7	1	0:00:01.117718
1580	6	1	1	0	0:00:01.140827
1600	8	9	6	0	0:00:01.125884
1620	5	8	8	0	0:00:01.138706
1640	7	5	5	0	0:00:01.156714
1660	3	5	5	0	0:00:01.171108
1680	6	6	6	1	0:00:01.160176
1700	5	2	2	0	0:00:01.184838
1720	4	0	0	0	0:00:01.179671
1740	1	9	9	0	0:00:01.187548
1760	0	8	8	0	0:00:01.232553
1780	7	8	8	0	0:00:01.223621
1800	4	8	8	0	0:00:01.209327
1820	8	9	9	0	0:00:01.186028
1840	8	7	7	0	0:00:01.193125
1860	8	8	8	1	0:00:01.178134
1880	1	1	8	1	0:00:01.164562
1900	8	8	8	1	0:00:01.162588
1920	2	7	4	0	0:00:01.155218
1940	5	2	2	0	0:00:01.155048
1960	2	5	5	0	0:00:01.157774
1980	9	9	9	1	0:00:01.154420
2000	1	6	6	0	0:00:01.169453
2020	9	9	9	1	0:00:01.162091
2040	0	8	8	0	0:00:01.160284
2060	5	5	5	1	0:00:01.184184
2080	1	-1	4	0	0:00:01.166087
2100	2	4	4	0	0:00:01.152376
2120	4	8	8	0	0:00:01.149325
2140	9	-1	1	0	0:00:01.154096
2160	0	8	8	0	0:00:01.144995
2180	4	6	6	0	0:00:01.136274
2200	0	0	0	1	0:00:01.159640
2220	1	1	1	1	0:00:01.160150
2240	9	9	9	1	0:00:01.172838
2260	4	1	4	0	0:00:01.162007
2280	4	8	8	0	0:00:01.179866
2300	3	6	6	0	0:00:01.174100
2320	5	8	8	0	0:00:01.167650
2340	7	-1	7	0	0:00:01.171511
2360	7	7	7	1	0:00:01.159123
2380	8	8	8	1	0:00:01.158050
2400	0	0	0	1	0:00:01.165967
2420	8	5	5	0	0:00:01.151292
2440	7	1	1	0	0:00:01.155520
2460	9	6	6	0	0:00:01.165700
2480	8	8	8	1	0:00:01.161195
2500	4	6	4	0	0:00:01.168630
2520	1	8	8	0	0:00:01.168545
2540	2	3	3	0	0:00:01.171012
2560	7	4	4	0	0:00:01.175274
2580	6	4	4	0	0:00:01.153201
2600	8	8	8	1	0:00:01.173077
2620	1	6	6	0	0:00:01.162453
2640	7	7	7	1	0:00:01.162542
2660	3	0	0	0	0:00:01.156060
2680	0	0	0	1	0:00:01.175857
2700	9	9	0	1	0:00:01.168652
2720	3	8	8	0	0:00:01.177938
2740	1	1	1	1	0:00:01.163812
2760	2	6	6	0	0:00:01.182286
2780	7	7	7	1	0:00:01.168643
2800	4	6	6	0	0:00:01.172750
2820	6	6	6	1	0:00:01.165895
2840	3	3	3	1	0:00:01.191666
2860	5	7	7	0	0:00:01.165850
2880	4	4	4	1	0:00:01.191597
2900	3	5	5	0	0:00:01.164506
2920	2	8	8	0	0:00:01.163868
2940	3	8	8	0	0:00:01.171024
2960	9	7	7	0	0:00:01.167305
2980	8	1	1	0	0:00:01.167088
3000	5	5	5	1	0:00:01.158965
3020	1	1	1	1	0:00:01.164765
3040	7	7	7	1	0:00:01.156631
3060	7	7	7	1	0:00:01.184052
3080	1	2	2	0	0:00:01.171888
3100	0	0	0	1	0:00:01.139943
3120	4	6	6	0	0:00:01.174780
3140	8	8	8	1	0:00:01.170986
3160	6	4	4	0	0:00:01.176616
3180	3	9	8	0	0:00:01.188283
3200	5	7	7	0	0:00:01.192523
3220	3	9	9	0	0:00:01.175332
3240	4	1	8	0	0:00:01.182102
3260	7	0	0	0	0:00:01.151005
3280	3	0	0	0	0:00:01.180669
3300	4	4	4	1	0:00:01.151417
3320	2	7	7	0	0:00:01.153993
3340	6	4	4	0	0:00:01.148032
3360	4	6	6	0	0:00:01.170251
3380	8	9	8	0	0:00:01.182249
3400	6	4	4	0	0:00:01.164570
3420	5	6	6	0	0:00:01.181090
3440	2	9	9	0	0:00:01.148825
3460	1	1	4	1	0:00:01.158178
3480	2	2	2	1	0:00:01.137705
3500	1	1	4	1	0:00:01.171227
3520	1	1	1	1	0:00:01.146615
3540	6	8	8	0	0:00:01.176454
3560	1	9	9	0	0:00:01.149565
3580	4	1	1	0	0:00:01.128044
3600	4	2	2	0	0:00:01.162334
3620	0	7	6	0	0:00:01.180285
3640	6	2	2	0	0:00:01.181601
3660	0	8	8	0	0:00:01.139811
3680	0	4	2	0	0:00:01.176876
3700	3	4	4	0	0:00:01.126148
3720	2	2	2	1	0:00:01.162606
3740	0	0	0	1	0:00:01.169573
3760	7	7	7	1	0:00:01.169052
3780	4	-1	2	0	0:00:01.155609
3800	9	9	3	1	0:00:01.168045
3820	0	0	0	1	0:00:01.156030
3840	6	8	8	0	0:00:01.158180
3860	7	7	7	1	0:00:01.156057
3880	6	4	4	0	0:00:01.176983
3900	3	0	0	0	0:00:01.173236
3920	7	8	8	0	0:00:01.165427
3940	6	-1	6	0	0:00:01.163433
3960	2	5	5	0	0:00:01.167332
3980	9	7	7	0	0:00:01.172110
4000	8	7	7	0	0:00:01.173401
4020	8	9	8	0	0:00:01.165161
4040	0	0	0	1	0:00:01.174156
4060	6	0	0	0	0:00:01.189550
4080	1	8	8	0	0:00:01.191908
4100	7	7	7	1	0:00:01.174071
4120	4	0	0	0	0:00:01.138867
4140	5	2	2	0	0:00:01.168453
4160	5	2	2	0	0:00:01.174706
4180	0	-1	8	0	0:00:01.181634
4200	4	2	2	0	0:00:01.172872
4220	4	0	0	0	0:00:01.183039
4240	7	8	8	0	0:00:01.186568
4260	8	-1	8	0	0:00:01.171792
4280	8	-1	8	0	0:00:01.185273
4300	8	8	8	1	0:00:01.138169
4320	1	8	8	0	0:00:01.166347
4340	0	0	0	1	0:00:01.177385
4360	6	9	9	0	0:00:01.198276
4380	9	9	9	1	0:00:01.203448
4400	3	8	8	0	0:00:01.175512
4420	5	8	8	0	0:00:01.160705
4440	2	6	6	0	0:00:01.179574
4460	9	8	8	0	0:00:01.171173
4480	9	6	6	0	0:00:01.179351
4500	3	7	7	0	0:00:01.176285
4520	3	6	6	0	0:00:01.164204
4540	9	9	9	1	0:00:01.169099
4560	1	1	6	1	0:00:01.145493
4580	6	6	6	1	0:00:01.159444
4600	4	7	7	0	0:00:01.142432
4620	7	3	3	0	0:00:01.182039
4640	2	5	5	0	0:00:01.177890
4660	7	2	2	0	0:00:01.179165
4680	9	1	1	0	0:00:01.205373
4700	6	1	1	0	0:00:01.184821
4720	8	0	0	0	0:00:01.175832
4740	5	6	6	0	0:00:01.187280
4760	3	2	4	0	0:00:01.189090
4780	0	8	8	0	0:00:01.191899
4800	9	9	9	1	0:00:01.180845
4820	3	5	5	0	0:00:01.182116
4840	0	0	0	1	0:00:01.249098
4860	5	5	5	1	0:00:01.178587
4880	0	2	2	0	0:00:01.182492
4900	3	1	1	0	0:00:01.195881
4920	7	0	0	0	0:00:01.197432
4940	6	4	2	0	0:00:01.198484
4960	4	6	6	0	0:00:01.170162
4980	1	9	9	0	0:00:01.176131
5000	7	7	7	1	0:00:01.172275
5020	8	1	1	0	0:00:01.166161
5040	3	7	7	0	0:00:01.167325
5060	6	6	6	1	0:00:01.178626
5080	7	7	7	1	0:00:01.162730
5100	3	4	4	0	0:00:01.097390
5120	9	8	8	0	0:00:01.118974
5140	8	8	8	1	0:00:01.146327
5160	0	8	8	0	0:00:01.147662
5180	9	6	6	0	0:00:01.152678
5200	3	3	3	1	0:00:01.167462
5220	0	0	0	1	0:00:01.172321
5240	1	-1	3	0	0:00:01.174245
5260	0	0	0	1	0:00:01.157802
5280	0	8	8	0	0:00:01.153564
5300	9	1	1	0	0:00:01.147141
5320	7	7	7	1	0:00:01.139569
5340	3	4	4	0	0:00:01.117755
5360	9	9	9	1	0:00:01.131620
5380	1	9	9	0	0:00:01.174701
5400	9	0	0	0	0:00:01.159758
5420	6	7	6	0	0:00:01.170657
5440	9	9	9	1	0:00:01.176368
5460	0	7	7	0	0:00:01.165522
5480	1	8	8	0	0:00:01.173174
5500	8	1	1	0	0:00:01.187739
5520	4	5	5	0	0:00:01.178888
5540	5	6	6	0	0:00:01.180331
5560	3	6	6	0	0:00:01.176570
5580	5	6	6	0	0:00:01.164131
5600	6	-1	8	0	0:00:01.148542
5620	3	2	2	0	0:00:01.175097
5640	2	3	3	0	0:00:01.160836
5660	9	9	8	1	0:00:01.175229
5680	2	8	8	0	0:00:01.171613
5700	3	6	6	0	0:00:01.163056
5720	9	9	9	1	0:00:01.178464
5740	6	6	6	1	0:00:01.175354
5760	2	2	2	1	0:00:01.162644
5780	7	7	7	1	0:00:01.179612
5800	2	6	6	0	0:00:01.150202
5820	5	6	6	0	0:00:01.116007
5840	2	6	6	0	0:00:01.159171
5860	0	8	8	0	0:00:01.185411
5880	0	8	8	0	0:00:01.160953
5900	4	5	5	0	0:00:01.178392
5920	8	8	8	1	0:00:01.182132
5940	7	4	4	0	0:00:01.165015
5960	2	7	7	0	0:00:01.190260
5980	9	9	9	1	0:00:01.192818
6000	8	9	9	0	0:00:01.181045
6020	6	7	7	0	0:00:01.182134
6040	2	7	7	0	0:00:01.188108
6060	3	4	4	0	0:00:01.177685
6080	1	9	6	0	0:00:01.173902
6100	1	1	8	1	0:00:01.175595
6120	5	5	5	1	0:00:01.134888
6140	9	9	9	1	0:00:01.132123
6160	2	5	5	0	0:00:01.109200
6180	0	-1	8	0	0:00:01.101520
6200	3	9	0	0	0:00:01.117813
6220	2	6	6	0	0:00:01.109995
6240	2	1	6	0	0:00:01.160844
6260	2	9	9	0	0:00:01.209763
6280	8	5	5	0	0:00:01.184070
6300	1	7	7	0	0:00:01.176434
6320	0	0	0	1	0:00:01.185303
6340	3	8	8	0	0:00:01.182640
6360	2	6	2	0	0:00:01.183025
6380	3	1	1	0	0:00:01.182752
6400	0	1	1	0	0:00:01.181529
6420	7	8	8	0	0:00:01.171540
6440	3	8	8	0	0:00:01.186727
6460	3	1	1	0	0:00:01.182468
6480	0	5	0	0	0:00:01.189871
6500	7	0	0	0	0:00:01.177458
6520	6	4	4	0	0:00:01.176797
6540	8	8	8	1	0:00:01.182973
6560	6	6	6	1	0:00:01.177490
6580	1	2	2	0	0:00:01.169081
6600	7	7	7	1	0:00:01.174400
6620	7	7	4	1	0:00:01.164521
6640	5	8	8	0	0:00:01.186960
6660	0	8	8	0	0:00:01.188167
6680	3	5	5	0	0:00:01.167348
6700	6	6	6	1	0:00:01.172883
6720	2	2	2	1	0:00:01.172008
6740	2	6	6	0	0:00:01.173726
6760	5	2	2	0	0:00:01.181573
6780	7	7	7	1	0:00:01.195292
6800	6	6	6	1	0:00:01.181581
6820	1	1	1	1	0:00:01.184328
6840	9	1	1	0	0:00:01.160206
6860	0	0	0	1	0:00:01.149036
6880	2	-1	4	0	0:00:01.169030
6900	3	7	7	0	0:00:01.163367
6920	5	2	2	0	0:00:01.162661
6940	1	1	1	1	0:00:01.162523
6960	9	8	8	0	0:00:01.180261
6980	0	9	9	0	0:00:01.168590
7000	2	8	8	0	0:00:01.167843
7020	7	1	1	0	0:00:01.181408
7040	7	8	8	0	0:00:01.178186
7060	8	8	8	1	0:00:01.170829
7080	5	4	0	0	0:00:01.187499
7100	9	3	3	0	0:00:01.157336
7120	7	6	6	0	0:00:01.171250
7140	4	4	4	1	0:00:01.178845
7160	5	4	4	0	0:00:01.186078
7180	6	6	6	1	0:00:01.181434
7200	4	6	6	0	0:00:01.179597
7220	9	8	8	0	0:00:01.175119
7240	0	8	8	0	0:00:01.180313
7260	1	8	8	0	0:00:01.190210
7280	1	6	6	0	0:00:01.196937
7300	3	7	7	0	0:00:01.179040
7320	8	0	0	0	0:00:01.183017
7340	2	4	4	0	0:00:01.168407
7360	2	7	7	0	0:00:01.176421
7380	7	1	7	0	0:00:01.167373
7400	3	9	9	0	0:00:01.165699
7420	3	0	0	0	0:00:01.171674
7440	3	6	6	0	0:00:01.171522
7460	5	5	5	1	0:00:01.159458
7480	1	5	5	0	0:00:01.178154
7500	6	6	6	1	0:00:01.174601
7520	4	6	6	0	0:00:01.173390
7540	5	5	5	1	0:00:01.171945
7560	0	6	2	0	0:00:01.176184
7580	8	8	8	1	0:00:01.168613
7600	8	9	9	0	0:00:01.172354
7620	5	1	1	0	0:00:01.172267
7640	9	9	8	1	0:00:01.180709
7660	7	9	9	0	0:00:01.186871
7680	3	9	9	0	0:00:01.167773
7700	6	6	6	1	0:00:01.177670
7720	5	6	6	0	0:00:01.175824
7740	4	6	2	0	0:00:01.144892
7760	2	9	9	0	0:00:01.182885
7780	3	8	8	0	0:00:01.179475
7800	0	0	0	1	0:00:01.152141
7820	5	8	8	0	0:00:01.168018
7840	1	1	1	1	0:00:01.181145
7860	8	4	4	0	0:00:01.186176
7880	0	8	8	0	0:00:01.176926
7900	0	8	8	0	0:00:01.171910
7920	9	8	8	0	0:00:01.193371
7940	2	6	6	0	0:00:01.177943
7960	0	0	0	1	0:00:01.196369
7980	3	7	7	0	0:00:01.162207
8000	9	9	8	1	0:00:01.189007
8020	6	6	6	1	0:00:01.193408
8040	2	6	6	0	0:00:01.189165
8060	6	4	4	0	0:00:01.181008
8080	4	6	6	0	0:00:01.179685
8100	6	2	2	0	0:00:01.189201
8120	8	9	9	0	0:00:01.197840
8140	5	6	6	0	0:00:01.193160
8160	6	9	9	0	0:00:01.185398
8180	4	6	6	0	0:00:01.187560
8200	3	6	6	0	0:00:01.174329
8220	6	7	6	0	0:00:01.181448
8240	7	7	7	1	0:00:01.197918
8260	1	1	1	1	0:00:01.172446
8280	4	1	1	0	0:00:01.157282
8300	5	2	2	0	0:00:01.171504
8320	7	4	4	0	0:00:01.166044
8340	5	4	4	0	0:00:01.153927
8360	7	4	6	0	0:00:01.172614
8380	9	8	8	0	0:00:01.174727
8400	0	8	8	0	0:00:01.156288
8420	3	6	4	0	0:00:01.136848
8440	5	9	9	0	0:00:01.161545
8460	8	8	8	1	0:00:01.158540
8480	2	1	1	0	0:00:01.140121
8500	4	2	2	0	0:00:01.148347
8520	8	6	6	0	0:00:01.170751
8540	4	6	4	0	0:00:01.155604
8560	7	7	7	1	0:00:01.171991
8580	3	0	0	0	0:00:01.158577
8600	3	7	7	0	0:00:01.159660
8620	3	1	4	0	0:00:01.166672
8640	1	1	1	1	0:00:01.147776
8660	7	5	5	0	0:00:01.160869
8680	3	9	9	0	0:00:01.165432
8700	3	5	5	0	0:00:01.134093
8720	2	0	0	0	0:00:01.164580
8740	2	6	6	0	0:00:01.159667
8760	8	8	8	1	0:00:01.152948
8780	4	-1	4	0	0:00:01.139673
8800	0	0	0	1	0:00:01.166356
8820	2	2	2	1	0:00:01.143063
8840	2	1	1	0	0:00:01.158321
8860	2	0	0	0	0:00:01.165573
8880	1	6	6	0	0:00:01.134624
8900	2	1	6	0	0:00:01.135561
8920	6	6	6	1	0:00:01.149312
8940	6	3	3	0	0:00:01.166838
8960	0	0	0	1	0:00:01.232836
8980	9	9	9	1	0:00:01.147413
9000	8	8	8	1	0:00:01.111141
9020	7	9	9	0	0:00:01.109237
9040	2	5	5	0	0:00:01.164743
9060	9	5	5	0	0:00:01.117030
9080	3	0	0	0	0:00:01.104806
9100	9	6	6	0	0:00:01.128565
9120	3	0	0	0	0:00:01.100237
9140	7	8	8	0	0:00:01.146300
9160	5	5	5	1	0:00:01.135369
9180	5	5	5	1	0:00:01.144655
9200	8	8	8	1	0:00:01.124203
9220	8	8	8	1	0:00:01.147983
9240	8	8	8	1	0:00:01.117528
9260	5	5	5	1	0:00:01.096389
9280	9	0	0	0	0:00:01.140988
9300	5	6	6	0	0:00:01.151343
9320	9	-1	8	0	0:00:01.102687
9340	1	1	1	1	0:00:01.128072
9360	5	6	6	0	0:00:01.151683
9380	5	5	5	1	0:00:01.160822
9400	6	6	4	1	0:00:01.162496
9420	5	6	6	0	0:00:01.147695
9440	8	8	8	1	0:00:01.125970
9460	3	9	7	0	0:00:01.143380
9480	2	-1	6	0	0:00:01.140924
9500	9	-1	6	0	0:00:01.125671
9520	1	9	9	0	0:00:01.086678
9540	5	4	4	0	0:00:01.147868
9560	9	7	7	0	0:00:01.106174
9580	1	4	4	0	0:00:01.130448
9600	8	8	8	1	0:00:01.130597
9620	4	7	7	0	0:00:01.117343
9640	5	6	6	0	0:00:01.152965
9660	6	6	6	1	0:00:01.147491
9680	8	9	9	0	0:00:01.106348
9700	0	0	0	1	0:00:01.133762
9720	8	6	6	0	0:00:01.128837
9740	3	6	6	0	0:00:01.112950
9760	9	9	9	1	0:00:01.145914
9780	4	6	6	0	0:00:01.118175
9800	1	1	1	1	0:00:01.108999
9820	0	9	8	0	0:00:01.150664
9840	4	3	3	0	0:00:01.117626
9860	0	2	2	0	0:00:01.114591
9880	7	-1	4	0	0:00:01.158037
9900	8	0	0	0	0:00:01.154675
9920	6	6	6	1	0:00:01.136331
9940	4	7	7	0	0:00:01.087813
9960	2	0	0	0	0:00:01.099350
9980	0	0	0	1	0:00:01.065763
