idx	label	predict	basePredict	correct	time
0	3	6	6	0	0:00:16.875889
20	7	9	9	0	0:00:15.674011
40	4	8	8	0	0:00:15.683959
60	7	2	2	0	0:00:15.687633
80	8	8	8	1	0:00:15.695805
100	4	5	5	0	0:00:15.789246
120	8	8	8	1	0:00:15.694775
140	6	2	2	0	0:00:15.703092
160	2	0	0	0	0:00:15.730017
180	0	0	0	1	0:00:15.675844
200	5	3	3	0	0:00:15.730632
220	7	7	7	1	0:00:15.794055
240	1	1	1	1	0:00:15.741386
260	8	5	5	0	0:00:15.703926
280	9	9	9	1	0:00:15.700462
300	6	4	4	0	0:00:15.745993
320	3	4	4	0	0:00:15.658385
340	2	4	4	0	0:00:15.796251
360	9	6	6	0	0:00:15.692165
380	6	6	6	1	0:00:15.744893
400	9	9	9	1	0:00:15.760912
420	4	6	6	0	0:00:15.652425
440	1	1	1	1	0:00:15.748320
460	5	5	5	1	0:00:15.694037
480	8	9	9	0	0:00:15.680504
500	4	6	6	0	0:00:15.687758
520	5	5	5	1	0:00:15.687017
540	1	8	8	0	0:00:15.707391
560	0	0	0	1	0:00:15.692564
580	4	6	6	0	0:00:15.725331
600	8	8	8	1	0:00:15.689094
620	7	6	6	0	0:00:15.772990
640	5	6	6	0	0:00:15.766223
660	9	9	9	1	0:00:15.884659
680	9	9	9	1	0:00:15.728530
700	7	7	7	1	0:00:15.740805
720	4	9	9	0	0:00:15.701570
740	2	5	5	0	0:00:15.741650
760	3	9	9	0	0:00:15.725528
780	9	9	8	1	0:00:15.743536
800	7	7	7	1	0:00:15.713327
820	6	9	9	0	0:00:15.705770
840	7	7	7	1	0:00:15.712258
860	4	6	6	0	0:00:15.701527
880	8	8	8	1	0:00:15.709427
900	2	6	6	0	0:00:15.700897
920	6	2	2	0	0:00:15.702310
940	9	1	6	0	0:00:15.695527
960	9	9	9	1	0:00:15.707366
980	2	6	6	0	0:00:15.743028
1000	5	5	5	1	0:00:14.986297
1020	1	8	8	0	0:00:14.968605
1040	7	5	5	0	0:00:14.961237
1060	9	8	8	0	0:00:14.988066
1080	6	6	6	1	0:00:14.990512
1100	7	8	8	0	0:00:14.988213
1120	5	2	8	0	0:00:15.002527
1140	6	4	6	0	0:00:14.988776
1160	8	0	0	0	0:00:14.990594
1180	3	9	9	0	0:00:14.983871
1200	8	0	0	0	0:00:14.982146
1220	9	2	2	0	0:00:14.976708
1240	2	6	6	0	0:00:14.978336
1260	1	9	9	0	0:00:14.987111
1280	3	7	7	0	0:00:14.974680
1300	4	6	6	0	0:00:14.952263
1320	7	0	0	0	0:00:14.981578
1340	1	1	1	1	0:00:14.999782
1360	7	9	5	0	0:00:15.010576
1380	4	5	5	0	0:00:15.051416
1400	5	4	2	0	0:00:14.994993
1420	4	7	7	0	0:00:15.019967
1440	0	8	8	0	0:00:15.004122
1460	6	6	6	1	0:00:14.984933
1480	1	5	5	0	0:00:15.012500
1500	1	9	9	0	0:00:14.979214
1520	7	6	6	0	0:00:14.975696
1540	8	8	8	1	0:00:14.989309
1560	7	7	7	1	0:00:15.042880
1580	6	1	1	0	0:00:14.964894
1600	8	9	6	0	0:00:14.972054
1620	5	8	8	0	0:00:14.989382
1640	7	5	5	0	0:00:15.008933
1660	3	5	5	0	0:00:14.975589
1680	6	6	6	1	0:00:14.976264
1700	5	2	2	0	0:00:14.981477
1720	4	0	0	0	0:00:14.967218
1740	1	9	9	0	0:00:14.968359
1760	0	8	8	0	0:00:14.983529
1780	7	8	8	0	0:00:14.991955
1800	4	8	8	0	0:00:15.049003
1820	8	9	9	0	0:00:15.004030
1840	8	7	7	0	0:00:14.992346
1860	8	8	8	1	0:00:14.990983
1880	1	1	8	1	0:00:15.015833
1900	8	8	8	1	0:00:15.013833
1920	2	7	4	0	0:00:15.006551
1940	5	2	2	0	0:00:14.988165
1960	2	5	5	0	0:00:15.000896
1980	9	9	9	1	0:00:14.975483
2000	1	6	6	0	0:00:14.967204
2020	9	9	9	1	0:00:15.013635
2040	0	8	8	0	0:00:14.996277
2060	5	5	5	1	0:00:14.981133
2080	1	1	4	1	0:00:14.961578
2100	2	4	4	0	0:00:14.972584
2120	4	8	8	0	0:00:14.992746
2140	9	9	1	1	0:00:14.978532
2160	0	8	8	0	0:00:14.972610
2180	4	6	6	0	0:00:14.995477
2200	0	0	0	1	0:00:15.031547
2220	1	1	1	1	0:00:14.974623
2240	9	9	9	1	0:00:14.976980
2260	4	1	4	0	0:00:14.971519
2280	4	8	8	0	0:00:15.013185
2300	3	6	6	0	0:00:14.985908
2320	5	8	8	0	0:00:14.951102
2340	7	7	7	1	0:00:14.975325
2360	7	7	7	1	0:00:14.977923
2380	8	8	8	1	0:00:14.963713
2400	0	0	0	1	0:00:14.996105
2420	8	5	5	0	0:00:14.988261
2440	7	1	1	0	0:00:14.975473
2460	9	6	6	0	0:00:14.954194
2480	8	8	8	1	0:00:14.964785
2500	4	6	4	0	0:00:14.967779
2520	1	8	8	0	0:00:15.015074
2540	2	3	3	0	0:00:15.020807
2560	7	4	4	0	0:00:14.950259
2580	6	4	4	0	0:00:14.958969
2600	8	8	8	1	0:00:14.970339
2620	1	6	6	0	0:00:14.951231
2640	7	7	7	1	0:00:14.979905
2660	3	0	0	0	0:00:14.972482
2680	0	0	0	1	0:00:15.054832
2700	9	9	0	1	0:00:14.946114
2720	3	8	8	0	0:00:14.985015
2740	1	1	1	1	0:00:14.971174
2760	2	6	6	0	0:00:14.960189
2780	7	7	7	1	0:00:14.961629
2800	4	6	6	0	0:00:14.990176
2820	6	6	6	1	0:00:14.954543
2840	3	3	3	1	0:00:14.982407
2860	5	7	7	0	0:00:14.972066
2880	4	4	4	1	0:00:14.965348
2900	3	5	5	0	0:00:14.978005
2920	2	8	8	0	0:00:15.036772
2940	3	8	8	0	0:00:14.982587
2960	9	7	7	0	0:00:15.020920
2980	8	1	1	0	0:00:14.992349
3000	5	5	5	1	0:00:15.033390
3020	1	1	1	1	0:00:15.005434
3040	7	7	7	1	0:00:14.989617
3060	7	7	7	1	0:00:14.996318
3080	1	2	2	0	0:00:14.981507
3100	0	0	0	1	0:00:14.959200
3120	4	6	6	0	0:00:14.979820
3140	8	8	8	1	0:00:14.980898
3160	6	4	4	0	0:00:15.058895
3180	3	9	8	0	0:00:14.958714
3200	5	7	7	0	0:00:14.971051
3220	3	9	9	0	0:00:14.966352
3240	4	1	8	0	0:00:14.992686
3260	7	0	0	0	0:00:14.976395
3280	3	0	0	0	0:00:14.970758
3300	4	4	4	1	0:00:14.978488
3320	2	7	7	0	0:00:14.970430
3340	6	4	4	0	0:00:14.961545
3360	4	6	6	0	0:00:14.970372
3380	8	9	8	0	0:00:14.961234
3400	6	4	4	0	0:00:14.993700
3420	5	6	6	0	0:00:14.964049
3440	2	9	9	0	0:00:14.966815
3460	1	1	1	1	0:00:14.957991
3480	2	2	2	1	0:00:14.982882
3500	1	1	4	1	0:00:14.959339
3520	1	1	1	1	0:00:14.969138
3540	6	8	8	0	0:00:14.979192
3560	1	9	9	0	0:00:15.063834
3580	4	1	1	0	0:00:14.965815
3600	4	2	2	0	0:00:14.975804
3620	0	7	7	0	0:00:14.985003
3640	6	2	2	0	0:00:15.061244
3660	0	8	8	0	0:00:15.000681
3680	0	4	2	0	0:00:14.985316
3700	3	4	4	0	0:00:14.969854
3720	2	2	2	1	0:00:14.987489
3740	0	0	0	1	0:00:14.981753
3760	7	7	7	1	0:00:14.951319
3780	4	2	2	0	0:00:14.975600
3800	9	9	3	1	0:00:14.994880
3820	0	0	0	1	0:00:14.968417
3840	6	8	8	0	0:00:14.981452
3860	7	7	7	1	0:00:14.961447
3880	6	4	4	0	0:00:14.978257
3900	3	0	0	0	0:00:15.026551
3920	7	8	8	0	0:00:14.984227
3940	6	6	6	1	0:00:14.952342
3960	2	5	5	0	0:00:14.981327
3980	9	7	7	0	0:00:14.985665
4000	8	7	7	0	0:00:14.973090
4020	8	9	8	0	0:00:14.975379
4040	0	0	0	1	0:00:14.978498
4060	6	0	0	0	0:00:14.978439
4080	1	8	8	0	0:00:14.985157
4100	7	7	7	1	0:00:14.957356
4120	4	0	0	0	0:00:15.003564
4140	5	2	2	0	0:00:14.983400
4160	5	2	2	0	0:00:15.030493
4180	0	8	8	0	0:00:14.981793
4200	4	2	2	0	0:00:14.999725
4220	4	0	0	0	0:00:14.968915
4240	7	8	8	0	0:00:14.954895
4260	8	8	8	1	0:00:14.955120
4280	8	8	8	1	0:00:14.971915
4300	8	8	8	1	0:00:15.022763
4320	1	8	8	0	0:00:14.967489
4340	0	0	0	1	0:00:14.985680
4360	6	9	9	0	0:00:14.955873
4380	9	9	9	1	0:00:14.966387
4400	3	8	8	0	0:00:14.952169
4420	5	8	8	0	0:00:14.955796
4440	2	6	6	0	0:00:15.045287
4460	9	8	8	0	0:00:14.959442
4480	9	6	6	0	0:00:14.964181
4500	3	7	7	0	0:00:14.946137
4520	3	6	6	0	0:00:14.973965
4540	9	9	9	1	0:00:14.958036
4560	1	1	6	1	0:00:14.965025
4580	6	6	6	1	0:00:14.956867
4600	4	7	7	0	0:00:14.959506
4620	7	3	3	0	0:00:15.010367
4640	2	5	5	0	0:00:14.972334
4660	7	2	2	0	0:00:14.969424
4680	9	1	1	0	0:00:14.989787
4700	6	1	1	0	0:00:14.965290
4720	8	0	0	0	0:00:14.965889
4740	5	6	6	0	0:00:14.965604
4760	3	2	2	0	0:00:15.012302
4780	0	8	0	0	0:00:14.998646
4800	9	9	9	1	0:00:14.944476
4820	3	5	5	0	0:00:14.957174
4840	0	0	0	1	0:00:14.966708
4860	5	5	5	1	0:00:14.967574
4880	0	2	2	0	0:00:14.947895
4900	3	1	1	0	0:00:14.966669
4920	7	0	0	0	0:00:15.019709
4940	6	4	2	0	0:00:14.986725
4960	4	6	6	0	0:00:14.961670
4980	1	9	9	0	0:00:14.969640
5000	7	7	7	1	0:00:14.974291
5020	8	1	1	0	0:00:14.970491
5040	3	7	7	0	0:00:14.950702
5060	6	6	6	1	0:00:14.965538
5080	7	7	7	1	0:00:14.965148
5100	3	4	4	0	0:00:14.966151
5120	9	8	8	0	0:00:14.952006
5140	8	8	8	1	0:00:14.971446
5160	0	8	8	0	0:00:14.968402
5180	9	6	6	0	0:00:14.973334
5200	3	3	3	1	0:00:14.969737
5220	0	0	0	1	0:00:14.963817
5240	1	9	3	0	0:00:14.968528
5260	0	0	0	1	0:00:14.955466
5280	0	8	8	0	0:00:15.000149
5300	9	1	1	0	0:00:14.977669
5320	7	7	7	1	0:00:14.982332
5340	3	4	4	0	0:00:15.004646
5360	9	9	9	1	0:00:14.953266
5380	1	9	9	0	0:00:14.968130
5400	9	0	0	0	0:00:14.991518
5420	6	5	6	0	0:00:14.959905
5440	9	9	9	1	0:00:14.976873
5460	0	7	7	0	0:00:14.972629
5480	1	8	8	0	0:00:15.021720
5500	8	1	1	0	0:00:15.059954
5520	4	5	5	0	0:00:14.964380
5540	5	6	2	0	0:00:14.969586
5560	3	6	6	0	0:00:14.975694
5580	5	6	6	0	0:00:14.948176
5600	6	8	8	0	0:00:14.986099
5620	3	2	2	0	0:00:14.975439
5640	2	3	3	0	0:00:14.956882
5660	9	9	8	1	0:00:14.966192
5680	2	8	8	0	0:00:14.971490
5700	3	6	6	0	0:00:14.966432
5720	9	9	9	1	0:00:14.970952
5740	6	6	6	1	0:00:14.979214
5760	2	2	2	1	0:00:14.965339
5780	7	7	7	1	0:00:14.956096
5800	2	6	6	0	0:00:14.996887
5820	5	6	6	0	0:00:15.012407
5840	2	6	6	0	0:00:15.025995
5860	0	8	8	0	0:00:15.001447
5880	0	8	8	0	0:00:14.978122
5900	4	5	5	0	0:00:15.018088
5920	8	8	8	1	0:00:14.967829
5940	7	4	4	0	0:00:14.969748
5960	2	7	7	0	0:00:14.983059
5980	9	9	9	1	0:00:14.960390
6000	8	9	9	0	0:00:14.943850
6020	6	7	6	0	0:00:14.954254
6040	2	7	7	0	0:00:14.995004
6060	3	4	4	0	0:00:14.990794
6080	1	9	6	0	0:00:14.967028
6100	1	1	8	1	0:00:14.974359
6120	5	5	5	1	0:00:14.955584
6140	9	9	9	1	0:00:14.949755
6160	2	5	5	0	0:00:14.951097
6180	0	9	8	0	0:00:14.949514
6200	3	9	0	0	0:00:15.013963
6220	2	6	6	0	0:00:14.992819
6240	2	1	6	0	0:00:14.946950
6260	2	9	9	0	0:00:14.989291
6280	8	5	5	0	0:00:14.979003
6300	1	7	7	0	0:00:14.950229
6320	0	0	0	1	0:00:14.999183
6340	3	8	8	0	0:00:14.938866
6360	2	6	2	0	0:00:14.996215
6380	3	1	1	0	0:00:14.978103
6400	0	1	1	0	0:00:15.038035
6420	7	5	8	0	0:00:14.991853
6440	3	8	8	0	0:00:15.053122
6460	3	1	1	0	0:00:15.004369
6480	0	5	0	0	0:00:14.967188
6500	7	0	0	0	0:00:14.962045
6520	6	4	4	0	0:00:14.966898
6540	8	8	8	1	0:00:14.943715
6560	6	6	6	1	0:00:14.949634
6580	1	9	2	0	0:00:14.972511
6600	7	7	7	1	0:00:14.971904
6620	7	7	7	1	0:00:14.978582
6640	5	8	8	0	0:00:15.000622
6660	0	8	8	0	0:00:14.979091
6680	3	5	5	0	0:00:14.966389
6700	6	6	6	1	0:00:14.975432
6720	2	2	2	1	0:00:15.005404
6740	2	6	6	0	0:00:14.952800
6760	5	2	2	0	0:00:14.973319
6780	7	7	7	1	0:00:14.981293
6800	6	6	6	1	0:00:14.970479
6820	1	1	1	1	0:00:15.004061
6840	9	1	1	0	0:00:14.980584
6860	0	0	0	1	0:00:14.973762
6880	2	7	4	0	0:00:14.973521
6900	3	7	7	0	0:00:14.956543
6920	5	2	2	0	0:00:14.983582
6940	1	1	1	1	0:00:14.996444
6960	9	8	8	0	0:00:14.966685
6980	0	9	9	0	0:00:14.961147
7000	2	8	8	0	0:00:14.965440
7020	7	1	1	0	0:00:14.969822
7040	7	8	8	0	0:00:14.972657
7060	8	8	8	1	0:00:14.959757
7080	5	4	0	0	0:00:14.943517
7100	9	3	3	0	0:00:14.980306
7120	7	-1	6	0	0:00:14.958411
7140	4	4	4	1	0:00:14.967693
7160	5	4	4	0	0:00:14.969217
7180	6	6	6	1	0:00:15.037590
7200	4	6	6	0	0:00:14.964211
7220	9	8	8	0	0:00:14.954275
7240	0	8	8	0	0:00:15.015458
7260	1	8	8	0	0:00:14.975409
7280	1	6	6	0	0:00:14.969137
7300	3	7	7	0	0:00:14.994851
7320	8	0	0	0	0:00:14.992331
7340	2	4	4	0	0:00:14.981948
7360	2	7	7	0	0:00:14.990311
7380	7	1	7	0	0:00:14.962214
7400	3	9	9	0	0:00:15.027516
7420	3	0	0	0	0:00:14.983331
7440	3	6	6	0	0:00:14.987992
7460	5	5	5	1	0:00:14.959077
7480	1	5	5	0	0:00:14.981698
7500	6	6	6	1	0:00:14.961413
7520	4	6	6	0	0:00:14.962485
7540	5	5	5	1	0:00:15.005315
7560	0	6	2	0	0:00:15.004981
7580	8	8	8	1	0:00:14.950909
7600	8	9	9	0	0:00:15.003440
7620	5	1	1	0	0:00:14.962260
7640	9	9	8	1	0:00:14.962369
7660	7	9	9	0	0:00:14.956355
7680	3	9	9	0	0:00:15.004710
7700	6	6	6	1	0:00:14.974655
7720	5	6	6	0	0:00:14.974829
7740	4	6	2	0	0:00:14.968328
7760	2	9	9	0	0:00:14.971335
7780	3	8	8	0	0:00:14.995326
7800	0	0	0	1	0:00:14.983758
7820	5	8	8	0	0:00:14.969333
7840	1	1	1	1	0:00:14.956980
7860	8	4	4	0	0:00:14.978817
7880	0	8	8	0	0:00:14.984830
7900	0	8	8	0	0:00:14.998931
7920	9	8	8	0	0:00:14.985787
7940	2	6	6	0	0:00:14.971575
7960	0	0	0	1	0:00:15.013741
7980	3	7	4	0	0:00:15.004283
8000	9	9	9	1	0:00:14.953393
8020	6	6	6	1	0:00:14.956322
8040	2	6	6	0	0:00:14.989132
8060	6	4	4	0	0:00:14.983711
8080	4	6	6	0	0:00:15.044700
8100	6	2	2	0	0:00:14.981078
8120	8	9	9	0	0:00:14.974164
8140	5	6	6	0	0:00:14.953969
8160	6	9	9	0	0:00:14.979676
8180	4	6	6	0	0:00:14.957009
8200	3	6	6	0	0:00:15.000353
8220	6	7	2	0	0:00:14.995634
8240	7	7	7	1	0:00:14.959464
8260	1	1	1	1	0:00:14.958271
8280	4	1	1	0	0:00:14.965206
8300	5	2	2	0	0:00:14.967429
8320	7	4	4	0	0:00:14.958686
8340	5	4	4	0	0:00:14.977279
8360	7	4	4	0	0:00:14.982682
8380	9	8	8	0	0:00:14.991701
8400	0	8	8	0	0:00:14.969147
8420	3	6	4	0	0:00:14.978116
8440	5	9	9	0	0:00:14.985305
8460	8	8	8	1	0:00:14.963323
8480	2	1	1	0	0:00:14.963768
8500	4	2	2	0	0:00:14.971538
8520	8	6	6	0	0:00:14.998368
8540	4	6	4	0	0:00:14.965266
8560	7	7	7	1	0:00:14.946574
8580	3	0	0	0	0:00:14.970105
8600	3	7	7	0	0:00:14.967562
8620	3	1	4	0	0:00:14.978230
8640	1	1	1	1	0:00:14.974419
8660	7	5	5	0	0:00:14.965170
8680	3	9	9	0	0:00:14.954951
8700	3	5	5	0	0:00:14.987601
8720	2	0	0	0	0:00:14.976017
8740	2	6	6	0	0:00:14.959172
8760	8	8	8	1	0:00:14.990664
8780	4	4	4	1	0:00:14.958156
8800	0	0	0	1	0:00:14.962908
8820	2	2	2	1	0:00:14.987282
8840	2	1	1	0	0:00:14.976558
8860	2	0	0	0	0:00:14.972043
8880	1	6	6	0	0:00:15.002802
8900	2	1	4	0	0:00:15.019338
8920	6	6	6	1	0:00:15.042569
8940	6	3	3	0	0:00:14.974977
8960	0	0	0	1	0:00:14.969985
8980	9	9	9	1	0:00:14.973548
9000	8	8	8	1	0:00:15.003123
9020	7	9	9	0	0:00:14.958394
9040	2	5	5	0	0:00:14.974733
9060	9	5	5	0	0:00:14.966360
9080	3	0	0	0	0:00:14.988350
9100	9	6	6	0	0:00:14.952612
9120	3	0	0	0	0:00:15.001536
9140	7	8	8	0	0:00:14.968516
9160	5	5	5	1	0:00:14.973664
9180	5	5	5	1	0:00:14.996736
9200	8	8	8	1	0:00:14.968136
9220	8	8	8	1	0:00:14.969774
9240	8	8	8	1	0:00:14.995126
9260	5	5	5	1	0:00:14.965184
9280	9	0	8	0	0:00:15.021559
9300	5	5	6	1	0:00:14.974176
9320	9	9	8	1	0:00:14.950321
9340	1	1	1	1	0:00:14.973728
9360	5	6	6	0	0:00:14.961729
9380	5	5	5	1	0:00:14.970526
9400	6	6	4	1	0:00:14.992284
9420	5	6	6	0	0:00:14.966379
9440	8	8	8	1	0:00:14.963558
9460	3	9	7	0	0:00:14.954240
9480	2	4	6	0	0:00:14.969620
9500	9	1	6	0	0:00:14.958097
9520	1	9	9	0	0:00:15.038534
9540	5	4	4	0	0:00:14.945811
9560	9	7	7	0	0:00:14.970887
9580	1	4	4	0	0:00:14.958519
9600	8	8	8	1	0:00:14.964962
9620	4	7	7	0	0:00:14.981769
9640	5	6	6	0	0:00:14.972461
9660	6	6	6	1	0:00:14.970721
9680	8	9	9	0	0:00:14.971853
9700	0	0	0	1	0:00:14.958700
9720	8	6	6	0	0:00:14.982398
9740	3	6	6	0	0:00:14.951993
9760	9	9	9	1	0:00:14.980184
9780	4	6	6	0	0:00:14.959868
9800	1	1	1	1	0:00:14.973091
9820	0	9	8	0	0:00:14.971622
9840	4	3	3	0	0:00:14.959822
9860	0	2	2	0	0:00:15.024373
9880	7	7	4	1	0:00:14.971681
9900	8	0	0	0	0:00:14.983259
9920	6	6	6	1	0:00:14.978986
9940	4	7	7	0	0:00:14.966562
9960	2	0	0	0	0:00:14.980302
9980	0	0	0	1	0:00:14.950060
