idx	label	predict	basePredict	correct	time
0	3	-1	2	0	0:00:01.432986
20	7	-1	4	0	0:00:01.096514
40	4	-1	8	0	0:00:01.097765
60	7	-1	4	0	0:00:01.084337
80	8	8	8	1	0:00:01.075819
100	4	-1	4	0	0:00:01.102745
120	8	-1	8	0	0:00:01.084618
140	6	-1	2	0	0:00:01.075763
160	2	0	2	0	0:00:01.084098
180	0	-1	8	0	0:00:01.100389
200	5	7	3	0	0:00:01.136837
220	7	7	7	1	0:00:01.110633
240	1	1	8	1	0:00:01.073988
260	8	-1	3	0	0:00:01.143814
280	9	9	9	1	0:00:01.113696
300	6	-1	4	0	0:00:01.078650
320	3	-1	4	0	0:00:01.086860
340	2	4	4	0	0:00:01.088053
360	9	-1	4	0	0:00:01.155803
380	6	-1	4	0	0:00:01.108682
400	9	-1	9	0	0:00:01.095704
420	4	-1	6	0	0:00:01.084357
440	1	-1	4	0	0:00:01.088277
460	5	-1	3	0	0:00:01.085804
480	8	9	8	0	0:00:01.075406
500	4	-1	4	0	0:00:01.079424
520	5	7	7	0	0:00:01.083328
540	1	8	8	0	0:00:01.080178
560	0	0	8	1	0:00:01.086296
580	4	-1	4	0	0:00:01.163360
600	8	-1	8	0	0:00:01.097230
620	7	-1	4	0	0:00:01.090006
640	5	3	3	0	0:00:01.098606
660	9	9	9	1	0:00:01.095159
680	9	-1	4	0	0:00:01.097056
700	7	-1	4	0	0:00:01.105688
720	4	9	4	0	0:00:01.125124
740	2	-1	3	0	0:00:01.068772
760	3	9	9	0	0:00:01.083076
780	9	1	8	0	0:00:01.131658
800	7	7	7	1	0:00:01.106173
820	6	-1	8	0	0:00:01.106393
840	7	7	7	1	0:00:01.106950
860	4	4	4	1	0:00:01.097676
880	8	8	8	1	0:00:01.093963
900	2	-1	4	0	0:00:01.084301
920	6	-1	2	0	0:00:01.081230
940	9	-1	9	0	0:00:01.094703
960	9	9	8	1	0:00:01.086314
980	2	6	6	0	0:00:01.106629
1000	5	5	5	1	0:00:00.998179
1020	1	-1	8	0	0:00:00.977226
1040	7	5	5	0	0:00:00.998757
1060	9	9	8	1	0:00:00.985437
1080	6	-1	6	0	0:00:00.987798
1100	7	8	8	0	0:00:00.973408
1120	5	-1	2	0	0:00:00.991755
1140	6	-1	4	0	0:00:00.993923
1160	8	0	0	0	0:00:00.986285
1180	3	-1	8	0	0:00:00.989417
1200	8	0	0	0	0:00:00.983855
1220	9	-1	4	0	0:00:00.960482
1240	2	6	6	0	0:00:00.984232
1260	1	9	9	0	0:00:00.974232
1280	3	7	7	0	0:00:00.984402
1300	4	3	3	0	0:00:00.991573
1320	7	2	2	0	0:00:00.996139
1340	1	-1	8	0	0:00:00.979532
1360	7	-1	4	0	0:00:00.955895
1380	4	5	5	0	0:00:00.975209
1400	5	-1	2	0	0:00:01.034292
1420	4	7	7	0	0:00:01.011815
1440	0	8	8	0	0:00:01.000796
1460	6	-1	4	0	0:00:00.965669
1480	1	-1	7	0	0:00:00.982954
1500	1	-1	8	0	0:00:01.020788
1520	7	-1	4	0	0:00:00.982765
1540	8	8	8	1	0:00:00.990785
1560	7	7	7	1	0:00:00.963603
1580	6	1	1	0	0:00:00.991972
1600	8	-1	4	0	0:00:00.990514
1620	5	8	8	0	0:00:01.002123
1640	7	-1	3	0	0:00:00.984894
1660	3	-1	4	0	0:00:00.974071
1680	6	6	6	1	0:00:00.970256
1700	5	2	2	0	0:00:00.977111
1720	4	2	2	0	0:00:00.974571
1740	1	9	9	0	0:00:01.006135
1760	0	8	8	0	0:00:01.001486
1780	7	-1	8	0	0:00:00.979212
1800	4	8	8	0	0:00:00.991511
1820	8	-1	8	0	0:00:01.015340
1840	8	7	4	0	0:00:01.001860
1860	8	8	8	1	0:00:00.977264
1880	1	-1	8	0	0:00:00.981394
1900	8	8	8	1	0:00:00.992340
1920	2	-1	2	0	0:00:01.029929
1940	5	3	3	0	0:00:01.011123
1960	2	5	5	0	0:00:01.020405
1980	9	9	4	1	0:00:00.985045
2000	1	6	6	0	0:00:00.969271
2020	9	9	9	1	0:00:01.000701
2040	0	8	8	0	0:00:01.032334
2060	5	-1	5	0	0:00:00.997658
2080	1	9	9	0	0:00:00.994461
2100	2	4	4	0	0:00:01.024329
2120	4	8	8	0	0:00:01.001277
2140	9	-1	1	0	0:00:01.022782
2160	0	8	8	0	0:00:01.003320
2180	4	4	4	1	0:00:01.018284
2200	0	-1	2	0	0:00:00.995156
2220	1	1	4	1	0:00:00.969878
2240	9	9	9	1	0:00:00.964100
2260	4	-1	4	0	0:00:01.011391
2280	4	-1	8	0	0:00:01.000663
2300	3	-1	4	0	0:00:01.006805
2320	5	-1	8	0	0:00:01.000186
2340	7	7	7	1	0:00:01.003047
2360	7	-1	3	0	0:00:00.989938
2380	8	-1	8	0	0:00:00.978250
2400	0	-1	0	0	0:00:01.006183
2420	8	-1	5	0	0:00:01.003685
2440	7	-1	8	0	0:00:00.991668
2460	9	3	3	0	0:00:01.029016
2480	8	8	8	1	0:00:01.011460
2500	4	2	2	0	0:00:00.950297
2520	1	-1	8	0	0:00:00.971663
2540	2	3	3	0	0:00:00.980249
2560	7	-1	4	0	0:00:00.982541
2580	6	-1	4	0	0:00:01.006187
2600	8	8	8	1	0:00:00.998239
2620	1	-1	4	0	0:00:01.009738
2640	7	7	6	1	0:00:00.992344
2660	3	-1	2	0	0:00:00.979807
2680	0	0	0	1	0:00:01.013031
2700	9	-1	0	0	0:00:01.020172
2720	3	-1	2	0	0:00:01.010188
2740	1	-1	9	0	0:00:01.011375
2760	2	-1	4	0	0:00:00.996036
2780	7	7	7	1	0:00:01.003199
2800	4	-1	4	0	0:00:01.009534
2820	6	6	4	1	0:00:01.008411
2840	3	3	3	1	0:00:01.001460
2860	5	-1	4	0	0:00:00.964199
2880	4	4	4	1	0:00:01.023319
2900	3	2	2	0	0:00:01.007461
2920	2	5	5	0	0:00:00.999954
2940	3	0	0	0	0:00:01.012995
2960	9	9	8	1	0:00:01.017234
2980	8	-1	8	0	0:00:01.025053
3000	5	5	5	1	0:00:01.019334
3020	1	-1	8	0	0:00:00.997821
3040	7	7	7	1	0:00:00.981034
3060	7	7	7	1	0:00:00.996000
3080	1	-1	2	0	0:00:00.981405
3100	0	0	0	1	0:00:01.012238
3120	4	6	2	0	0:00:01.018430
3140	8	-1	8	0	0:00:00.996298
3160	6	4	4	0	0:00:00.987834
3180	3	7	8	0	0:00:00.987709
3200	5	-1	7	0	0:00:00.994018
3220	3	9	9	0	0:00:00.980269
3240	4	-1	0	0	0:00:00.977407
3260	7	0	2	0	0:00:00.996495
3280	3	-1	0	0	0:00:01.015840
3300	4	-1	4	0	0:00:00.998996
3320	2	7	7	0	0:00:01.032553
3340	6	-1	4	0	0:00:00.999664
3360	4	6	6	0	0:00:00.993617
3380	8	-1	8	0	0:00:00.974369
3400	6	4	4	0	0:00:00.974573
3420	5	-1	4	0	0:00:00.999404
3440	2	9	3	0	0:00:00.987292
3460	1	1	4	1	0:00:00.976281
3480	2	2	2	1	0:00:00.988595
3500	1	1	4	1	0:00:00.975514
3520	1	1	1	1	0:00:00.990162
3540	6	6	6	1	0:00:01.018560
3560	1	-1	7	0	0:00:00.968447
3580	4	1	4	0	0:00:00.967332
3600	4	2	2	0	0:00:01.011730
3620	0	-1	6	0	0:00:00.978977
3640	6	2	2	0	0:00:00.960617
3660	0	8	8	0	0:00:01.002930
3680	0	2	2	0	0:00:00.986183
3700	3	-1	4	0	0:00:01.012324
3720	2	2	2	1	0:00:00.993848
3740	0	-1	8	0	0:00:00.987532
3760	7	7	7	1	0:00:01.021751
3780	4	-1	2	0	0:00:01.011268
3800	9	-1	8	0	0:00:00.998062
3820	0	2	2	0	0:00:01.012660
3840	6	3	3	0	0:00:00.996564
3860	7	7	7	1	0:00:00.995972
3880	6	4	4	0	0:00:01.005448
3900	3	-1	1	0	0:00:01.015633
3920	7	-1	8	0	0:00:01.018597
3940	6	-1	4	0	0:00:00.992401
3960	2	-1	5	0	0:00:01.026709
3980	9	7	7	0	0:00:01.028930
4000	8	7	0	0	0:00:01.021091
4020	8	-1	8	0	0:00:01.015405
4040	0	-1	0	0	0:00:01.037958
4060	6	3	3	0	0:00:00.999947
4080	1	8	8	0	0:00:01.020624
4100	7	7	7	1	0:00:01.011141
4120	4	0	0	0	0:00:01.005047
4140	5	3	3	0	0:00:01.010573
4160	5	-1	2	0	0:00:01.027741
4180	0	0	8	1	0:00:01.024307
4200	4	-1	2	0	0:00:00.999114
4220	4	0	0	0	0:00:01.011852
4240	7	-1	0	0	0:00:01.013408
4260	8	-1	8	0	0:00:00.992593
4280	8	0	8	0	0:00:00.991416
4300	8	8	8	1	0:00:00.998530
4320	1	8	8	0	0:00:01.000806
4340	0	-1	8	0	0:00:01.033402
4360	6	-1	3	0	0:00:01.007829
4380	9	-1	8	0	0:00:01.010153
4400	3	4	4	0	0:00:01.023572
4420	5	8	8	0	0:00:01.004848
4440	2	-1	2	0	0:00:01.004438
4460	9	-1	8	0	0:00:01.010112
4480	9	6	6	0	0:00:01.017209
4500	3	6	6	0	0:00:01.050305
4520	3	6	6	0	0:00:01.041243
4540	9	9	9	1	0:00:01.017915
4560	1	1	4	1	0:00:01.007416
4580	6	4	4	0	0:00:00.998248
4600	4	7	4	0	0:00:01.016017
4620	7	3	3	0	0:00:01.009514
4640	2	-1	4	0	0:00:01.009712
4660	7	-1	2	0	0:00:00.998112
4680	9	1	1	0	0:00:01.001398
4700	6	1	4	0	0:00:01.008452
4720	8	0	0	0	0:00:00.983200
4740	5	-1	4	0	0:00:01.018279
4760	3	-1	4	0	0:00:01.008828
4780	0	0	8	1	0:00:01.012366
4800	9	9	9	1	0:00:01.006977
4820	3	-1	5	0	0:00:00.995309
4840	0	0	0	1	0:00:01.029691
4860	5	-1	3	0	0:00:00.993061
4880	0	2	2	0	0:00:00.983242
4900	3	-1	6	0	0:00:01.010581
4920	7	7	2	1	0:00:00.984215
4940	6	-1	4	0	0:00:01.018510
4960	4	-1	3	0	0:00:00.990762
4980	1	9	9	0	0:00:00.994164
5000	7	7	7	1	0:00:01.009649
5020	8	-1	8	0	0:00:01.035602
5040	3	-1	4	0	0:00:01.017558
5060	6	-1	4	0	0:00:01.014034
5080	7	7	7	1	0:00:01.033520
5100	3	3	3	1	0:00:01.013060
5120	9	-1	8	0	0:00:01.000932
5140	8	8	8	1	0:00:01.004509
5160	0	-1	8	0	0:00:01.003368
5180	9	7	4	0	0:00:01.007794
5200	3	3	3	1	0:00:01.021268
5220	0	0	0	1	0:00:01.031953
5240	1	-1	2	0	0:00:01.021649
5260	0	0	0	1	0:00:00.990201
5280	0	8	8	0	0:00:01.000896
5300	9	-1	9	0	0:00:00.984189
5320	7	-1	3	0	0:00:00.976074
5340	3	4	4	0	0:00:01.001629
5360	9	9	9	1	0:00:01.021976
5380	1	9	9	0	0:00:01.017869
5400	9	-1	8	0	0:00:01.017144
5420	6	-1	6	0	0:00:01.007316
5440	9	9	9	1	0:00:00.992633
5460	0	7	7	0	0:00:01.002506
5480	1	-1	4	0	0:00:01.011136
5500	8	1	8	0	0:00:01.012128
5520	4	-1	3	0	0:00:00.988005
5540	5	6	2	0	0:00:00.994229
5560	3	6	6	0	0:00:01.017467
5580	5	6	6	0	0:00:01.022175
5600	6	-1	0	0	0:00:01.002033
5620	3	2	2	0	0:00:01.004543
5640	2	-1	3	0	0:00:01.027270
5660	9	-1	8	0	0:00:00.983170
5680	2	3	8	0	0:00:01.005919
5700	3	-1	6	0	0:00:01.007042
5720	9	9	9	1	0:00:01.009906
5740	6	-1	4	0	0:00:01.006713
5760	2	-1	2	0	0:00:01.001044
5780	7	7	7	1	0:00:00.999749
5800	2	-1	4	0	0:00:00.993904
5820	5	6	6	0	0:00:01.004738
5840	2	-1	6	0	0:00:01.018964
5860	0	8	8	0	0:00:01.026634
5880	0	-1	0	0	0:00:00.998025
5900	4	3	4	0	0:00:00.973003
5920	8	8	8	1	0:00:01.008826
5940	7	4	4	0	0:00:01.008661
5960	2	-1	4	0	0:00:01.018527
5980	9	9	6	1	0:00:01.012435
6000	8	9	8	0	0:00:00.990971
6020	6	-1	6	0	0:00:01.006868
6040	2	7	7	0	0:00:00.995931
6060	3	4	4	0	0:00:01.006997
6080	1	9	9	0	0:00:01.017396
6100	1	1	8	1	0:00:00.992380
6120	5	-1	5	0	0:00:01.007498
6140	9	9	9	1	0:00:00.994117
6160	2	5	5	0	0:00:00.989824
6180	0	-1	8	0	0:00:01.005053
6200	3	-1	2	0	0:00:00.984129
6220	2	-1	4	0	0:00:01.007182
6240	2	-1	4	0	0:00:01.006820
6260	2	9	8	0	0:00:01.003285
6280	8	-1	4	0	0:00:01.049564
6300	1	7	4	0	0:00:00.994829
6320	0	0	0	1	0:00:01.019094
6340	3	3	3	1	0:00:01.010324
6360	2	-1	2	0	0:00:00.983118
6380	3	-1	6	0	0:00:00.986842
6400	0	1	4	0	0:00:01.005725
6420	7	-1	8	0	0:00:01.009670
6440	3	-1	8	0	0:00:00.992938
6460	3	1	4	0	0:00:01.013654
6480	0	-1	2	0	0:00:01.021182
6500	7	-1	8	0	0:00:01.025148
6520	6	4	4	0	0:00:01.004484
6540	8	-1	8	0	0:00:00.994218
6560	6	-1	4	0	0:00:01.015359
6580	1	-1	2	0	0:00:00.999236
6600	7	7	7	1	0:00:00.999109
6620	7	7	7	1	0:00:01.000688
6640	5	-1	8	0	0:00:01.017338
6660	0	-1	0	0	0:00:00.993197
6680	3	5	5	0	0:00:01.024785
6700	6	-1	4	0	0:00:01.016422
6720	2	4	2	0	0:00:01.014334
6740	2	-1	4	0	0:00:01.008387
6760	5	-1	6	0	0:00:01.014968
6780	7	7	7	1	0:00:01.021563
6800	6	2	4	0	0:00:01.005087
6820	1	1	1	1	0:00:01.017360
6840	9	9	9	1	0:00:00.988811
6860	0	-1	2	0	0:00:01.018893
6880	2	7	7	0	0:00:01.009327
6900	3	-1	4	0	0:00:00.988525
6920	5	2	2	0	0:00:01.011373
6940	1	1	1	1	0:00:01.013706
6960	9	8	8	0	0:00:01.021295
6980	0	9	8	0	0:00:01.004903
7000	2	8	8	0	0:00:01.007661
7020	7	-1	7	0	0:00:01.013517
7040	7	8	8	0	0:00:01.013351
7060	8	-1	8	0	0:00:00.998457
7080	5	4	4	0	0:00:01.002656
7100	9	3	3	0	0:00:00.999834
7120	7	-1	6	0	0:00:01.013741
7140	4	-1	4	0	0:00:01.008489
7160	5	7	4	0	0:00:01.006385
7180	6	6	6	1	0:00:00.997018
7200	4	6	2	0	0:00:00.995740
7220	9	-1	8	0	0:00:01.011635
7240	0	8	8	0	0:00:00.981051
7260	1	-1	8	0	0:00:00.974035
7280	1	-1	6	0	0:00:00.992862
7300	3	7	4	0	0:00:00.989929
7320	8	0	8	0	0:00:00.986613
7340	2	4	4	0	0:00:01.017034
7360	2	-1	4	0	0:00:01.020979
7380	7	-1	7	0	0:00:00.997615
7400	3	-1	3	0	0:00:00.939758
7420	3	0	0	0	0:00:00.940951
7440	3	3	3	1	0:00:00.958757
7460	5	5	5	1	0:00:01.000275
7480	1	-1	5	0	0:00:01.000319
7500	6	6	6	1	0:00:00.983405
7520	4	-1	4	0	0:00:01.012481
7540	5	5	5	1	0:00:01.003496
7560	0	9	8	0	0:00:01.044260
7580	8	-1	8	0	0:00:00.975074
7600	8	9	8	0	0:00:00.983951
7620	5	-1	3	0	0:00:00.956477
7640	9	-1	6	0	0:00:00.991887
7660	7	-1	4	0	0:00:00.957958
7680	3	9	3	0	0:00:00.944942
7700	6	6	4	1	0:00:00.985434
7720	5	-1	8	0	0:00:00.998989
7740	4	6	2	0	0:00:00.978877
7760	2	9	6	0	0:00:00.984951
7780	3	1	8	0	0:00:01.032503
7800	0	0	8	1	0:00:00.998691
7820	5	8	8	0	0:00:00.970504
7840	1	1	1	1	0:00:00.966919
7860	8	1	4	0	0:00:00.993087
7880	0	0	2	1	0:00:00.965804
7900	0	-1	8	0	0:00:00.955426
7920	9	8	8	0	0:00:00.972781
7940	2	-1	6	0	0:00:01.009302
7960	0	-1	2	0	0:00:00.983878
7980	3	7	4	0	0:00:00.985701
8000	9	-1	0	0	0:00:00.971294
8020	6	3	3	0	0:00:00.943844
8040	2	-1	4	0	0:00:00.977413
8060	6	-1	4	0	0:00:01.011496
8080	4	6	6	0	0:00:00.999207
8100	6	-1	2	0	0:00:00.980268
8120	8	9	8	0	0:00:00.971427
8140	5	4	4	0	0:00:00.982103
8160	6	9	6	0	0:00:00.971846
8180	4	-1	4	0	0:00:00.972402
8200	3	-1	2	0	0:00:00.991448
8220	6	-1	2	0	0:00:01.016320
8240	7	7	7	1	0:00:00.980111
8260	1	3	3	0	0:00:00.961498
8280	4	-1	3	0	0:00:00.966886
8300	5	2	2	0	0:00:00.935429
8320	7	-1	4	0	0:00:00.942843
8340	5	3	3	0	0:00:00.969059
8360	7	7	4	1	0:00:00.949789
8380	9	-1	8	0	0:00:00.981810
8400	0	-1	8	0	0:00:00.983286
8420	3	-1	4	0	0:00:00.959689
8440	5	-1	4	0	0:00:00.942951
8460	8	8	8	1	0:00:00.958645
8480	2	-1	8	0	0:00:00.980072
8500	4	2	2	0	0:00:00.999403
8520	8	-1	4	0	0:00:00.974740
8540	4	-1	2	0	0:00:00.959526
8560	7	-1	4	0	0:00:00.989290
8580	3	0	2	0	0:00:00.979252
8600	3	-1	4	0	0:00:01.000211
8620	3	-1	4	0	0:00:00.958226
8640	1	1	1	1	0:00:00.972210
8660	7	-1	5	0	0:00:01.023811
8680	3	-1	8	0	0:00:01.013747
8700	3	3	3	1	0:00:00.984889
8720	2	0	0	0	0:00:00.981789
8740	2	-1	4	0	0:00:00.985878
8760	8	8	8	1	0:00:01.004300
8780	4	-1	2	0	0:00:01.001898
8800	0	0	0	1	0:00:00.965742
8820	2	-1	3	0	0:00:00.983163
8840	2	1	1	0	0:00:00.972930
8860	2	-1	6	0	0:00:00.983232
8880	1	-1	6	0	0:00:00.976589
8900	2	-1	4	0	0:00:00.968413
8920	6	6	6	1	0:00:00.983618
8940	6	3	3	0	0:00:00.982644
8960	0	0	0	1	0:00:00.991256
8980	9	9	9	1	0:00:00.989057
9000	8	8	8	1	0:00:00.978899
9020	7	9	8	0	0:00:01.000058
9040	2	5	5	0	0:00:00.980332
9060	9	5	5	0	0:00:00.993951
9080	3	-1	0	0	0:00:01.025416
9100	9	-1	6	0	0:00:00.960040
9120	3	-1	0	0	0:00:00.974622
9140	7	-1	8	0	0:00:01.022230
9160	5	-1	4	0	0:00:00.990237
9180	5	5	5	1	0:00:00.986660
9200	8	8	8	1	0:00:00.998787
9220	8	8	8	1	0:00:00.982550
9240	8	8	8	1	0:00:00.978902
9260	5	5	5	1	0:00:00.949317
9280	9	-1	8	0	0:00:01.010249
9300	5	-1	2	0	0:00:01.033445
9320	9	9	8	1	0:00:00.973472
9340	1	1	1	1	0:00:01.002695
9360	5	-1	0	0	0:00:00.976029
9380	5	9	3	0	0:00:01.000935
9400	6	-1	4	0	0:00:01.002197
9420	5	-1	6	0	0:00:00.995141
9440	8	8	8	1	0:00:00.956709
9460	3	-1	6	0	0:00:00.956609
9480	2	4	4	0	0:00:01.000552
9500	9	-1	6	0	0:00:00.978671
9520	1	-1	1	0	0:00:00.957024
9540	5	-1	4	0	0:00:00.955811
9560	9	7	7	0	0:00:00.987599
9580	1	4	4	0	0:00:01.005366
9600	8	8	8	1	0:00:01.000324
9620	4	7	4	0	0:00:00.992511
9640	5	0	0	0	0:00:00.997653
9660	6	6	6	1	0:00:01.026083
9680	8	8	8	1	0:00:00.985900
9700	0	0	2	1	0:00:00.947416
9720	8	-1	4	0	0:00:01.006079
9740	3	-1	4	0	0:00:00.985968
9760	9	-1	4	0	0:00:01.003958
9780	4	6	4	0	0:00:01.008636
9800	1	1	1	1	0:00:01.020810
9820	0	8	8	0	0:00:01.016762
9840	4	5	5	0	0:00:00.991640
9860	0	5	8	0	0:00:00.991808
9880	7	-1	4	0	0:00:00.999892
9900	8	0	8	0	0:00:01.015561
9920	6	-1	2	0	0:00:01.034353
9940	4	-1	5	0	0:00:01.038407
9960	2	0	0	0	0:00:00.986157
9980	0	0	0	1	0:00:00.991441
