idx	label	predict	basePredict	correct	time
0	3	3	3	1	0:00:15.805022
20	7	7	7	1	0:00:15.681031
40	4	4	0	1	0:00:15.704923
60	7	7	7	1	0:00:15.811704
80	8	8	8	1	0:00:16.092170
100	4	5	5	0	0:00:15.976724
120	8	0	8	0	0:00:16.403009
140	6	6	2	1	0:00:18.200071
160	2	0	2	0	0:00:16.327226
180	0	0	0	1	0:00:17.963749
200	5	5	5	1	0:00:17.484652
220	7	7	7	1	0:00:16.119547
240	1	1	1	1	0:00:18.889169
260	8	3	3	0	0:00:16.020347
280	9	9	9	1	0:00:18.679088
300	6	6	6	1	0:00:16.851527
320	3	3	3	1	0:00:16.450196
340	2	4	4	0	0:00:15.699852
360	9	-1	5	0	0:00:15.744197
380	6	6	2	1	0:00:15.777468
400	9	9	9	1	0:00:15.787687
420	4	4	4	1	0:00:15.687063
440	1	1	9	1	0:00:15.739476
460	5	5	5	1	0:00:15.832060
480	8	9	9	0	0:00:15.730350
500	4	6	2	0	0:00:15.738839
520	5	7	7	0	0:00:15.759920
540	1	1	1	1	0:00:15.788507
560	0	0	0	1	0:00:15.752162
580	4	4	4	1	0:00:15.823274
600	8	8	8	1	0:00:15.831678
620	7	7	5	1	0:00:15.682469
640	5	3	3	0	0:00:15.788382
660	9	9	9	1	0:00:15.731946
680	9	7	7	0	0:00:15.741938
700	7	7	3	1	0:00:15.795424
720	4	9	4	0	0:00:15.877921
740	2	5	3	0	0:00:15.976332
760	3	9	3	0	0:00:15.750806
780	9	1	9	0	0:00:15.730290
800	7	7	7	1	0:00:15.737587
820	6	8	8	0	0:00:15.792656
840	7	7	7	1	0:00:15.734777
860	4	4	4	1	0:00:15.688557
880	8	8	8	1	0:00:16.053100
900	2	6	2	0	0:00:15.813987
920	6	6	3	1	0:00:15.778015
940	9	9	9	1	0:00:15.702314
960	9	9	9	1	0:00:15.742535
980	2	6	2	0	0:00:15.740913
1000	5	5	5	1	0:00:14.982534
1020	1	1	1	1	0:00:15.049955
1040	7	5	5	0	0:00:15.009856
1060	9	9	9	1	0:00:14.995294
1080	6	6	6	1	0:00:15.005085
1100	7	0	0	0	0:00:14.977016
1120	5	2	2	0	0:00:14.979833
1140	6	6	4	1	0:00:14.980294
1160	8	0	0	0	0:00:14.988181
1180	3	3	3	1	0:00:15.026824
1200	8	8	0	1	0:00:15.017639
1220	9	6	6	0	0:00:14.979784
1240	2	6	6	0	0:00:14.963464
1260	1	9	9	0	0:00:15.015660
1280	3	7	5	0	0:00:15.020304
1300	4	3	3	0	0:00:15.006498
1320	7	2	2	0	0:00:14.961144
1340	1	1	1	1	0:00:14.970970
1360	7	7	7	1	0:00:15.040140
1380	4	5	5	0	0:00:15.038296
1400	5	3	3	0	0:00:15.038370
1420	4	7	7	0	0:00:14.968199
1440	0	8	8	0	0:00:15.059859
1460	6	6	2	1	0:00:15.050482
1480	1	1	5	1	0:00:15.022086
1500	1	1	1	1	0:00:15.044836
1520	7	7	4	1	0:00:15.008412
1540	8	8	8	1	0:00:14.985412
1560	7	7	7	1	0:00:14.963522
1580	6	1	3	0	0:00:14.969114
1600	8	9	6	0	0:00:14.966202
1620	5	8	8	0	0:00:14.966573
1640	7	3	3	0	0:00:14.955718
1660	3	5	5	0	0:00:14.956492
1680	6	6	6	1	0:00:14.976151
1700	5	3	3	0	0:00:14.991799
1720	4	2	2	0	0:00:14.962603
1740	1	1	1	1	0:00:14.965691
1760	0	0	8	1	0:00:14.993412
1780	7	7	2	1	0:00:14.989908
1800	4	0	8	0	0:00:14.991861
1820	8	8	8	1	0:00:15.062070
1840	8	9	4	0	0:00:15.064111
1860	8	8	8	1	0:00:14.986211
1880	1	1	8	1	0:00:15.012978
1900	8	8	8	1	0:00:15.024660
1920	2	2	2	1	0:00:15.054300
1940	5	2	2	0	0:00:14.986799
1960	2	5	5	0	0:00:14.954862
1980	9	9	9	1	0:00:14.969011
2000	1	6	2	0	0:00:14.982604
2020	9	9	9	1	0:00:14.977841
2040	0	0	0	1	0:00:14.974372
2060	5	3	3	0	0:00:14.968969
2080	1	9	9	0	0:00:14.984267
2100	2	2	2	1	0:00:14.989283
2120	4	8	8	0	0:00:14.971392
2140	9	9	9	1	0:00:14.979450
2160	0	8	8	0	0:00:15.020644
2180	4	4	4	1	0:00:14.997812
2200	0	2	2	0	0:00:14.952111
2220	1	1	1	1	0:00:15.033693
2240	9	1	8	0	0:00:15.008326
2260	4	4	4	1	0:00:15.049887
2280	4	8	8	0	0:00:14.970384
2300	3	4	2	0	0:00:14.965537
2320	5	2	2	0	0:00:14.975399
2340	7	7	7	1	0:00:14.974882
2360	7	5	5	0	0:00:14.964592
2380	8	8	8	1	0:00:14.973536
2400	0	0	0	1	0:00:15.022110
2420	8	5	5	0	0:00:14.980592
2440	7	7	7	1	0:00:14.963072
2460	9	7	7	0	0:00:15.037810
2480	8	8	8	1	0:00:15.015708
2500	4	6	4	0	0:00:15.000741
2520	1	1	7	1	0:00:14.978759
2540	2	5	5	0	0:00:14.992280
2560	7	7	4	1	0:00:15.045331
2580	6	5	6	0	0:00:15.003704
2600	8	8	8	1	0:00:14.977198
2620	1	1	8	1	0:00:14.978892
2640	7	7	7	1	0:00:15.072587
2660	3	5	2	0	0:00:14.991438
2680	0	0	0	1	0:00:14.986089
2700	9	9	1	1	0:00:15.054735
2720	3	3	3	1	0:00:15.022234
2740	1	1	2	1	0:00:15.002769
2760	2	2	2	1	0:00:14.970675
2780	7	7	7	1	0:00:14.976076
2800	4	6	3	0	0:00:14.982361
2820	6	6	2	1	0:00:14.988522
2840	3	3	3	1	0:00:15.012571
2860	5	7	6	0	0:00:14.976879
2880	4	4	4	1	0:00:14.975466
2900	3	5	5	0	0:00:14.984009
2920	2	3	3	0	0:00:14.966315
2940	3	0	0	0	0:00:14.962026
2960	9	9	9	1	0:00:14.969082
2980	8	8	8	1	0:00:14.967206
3000	5	5	5	1	0:00:15.035567
3020	1	1	1	1	0:00:14.971127
3040	7	7	7	1	0:00:14.967794
3060	7	7	7	1	0:00:14.988292
3080	1	1	9	1	0:00:14.964432
3100	0	0	0	1	0:00:14.972487
3120	4	6	2	0	0:00:15.011144
3140	8	8	8	1	0:00:14.981270
3160	6	2	2	0	0:00:14.965475
3180	3	3	3	1	0:00:14.971563
3200	5	7	7	0	0:00:14.971117
3220	3	9	6	0	0:00:15.013486
3240	4	1	8	0	0:00:15.041873
3260	7	7	7	1	0:00:14.969065
3280	3	5	5	0	0:00:14.981435
3300	4	4	2	1	0:00:15.056162
3320	2	7	7	0	0:00:14.966718
3340	6	6	2	1	0:00:14.967894
3360	4	6	2	0	0:00:14.969193
3380	8	8	8	1	0:00:15.006740
3400	6	4	4	0	0:00:14.965982
3420	5	3	3	0	0:00:14.993330
3440	2	3	3	0	0:00:14.984245
3460	1	1	1	1	0:00:14.979218
3480	2	2	2	1	0:00:14.971247
3500	1	1	9	1	0:00:14.971956
3520	1	1	1	1	0:00:15.038485
3540	6	6	3	1	0:00:14.984603
3560	1	9	7	0	0:00:14.988421
3580	4	2	4	0	0:00:14.982579
3600	4	2	2	0	0:00:15.055740
3620	0	6	6	0	0:00:14.984114
3640	6	2	2	0	0:00:14.975810
3660	0	0	8	1	0:00:14.960023
3680	0	4	2	0	0:00:15.023656
3700	3	3	3	1	0:00:15.029064
3720	2	2	2	1	0:00:14.962142
3740	0	0	0	1	0:00:15.023340
3760	7	7	4	1	0:00:14.985082
3780	4	4	2	1	0:00:14.993510
3800	9	9	9	1	0:00:14.965787
3820	0	2	2	0	0:00:14.974448
3840	6	3	3	0	0:00:14.984760
3860	7	7	7	1	0:00:15.017204
3880	6	4	4	0	0:00:15.012072
3900	3	6	6	0	0:00:14.970355
3920	7	9	7	0	0:00:14.988287
3940	6	5	4	0	0:00:14.996752
3960	2	2	2	1	0:00:14.975744
3980	9	7	7	0	0:00:14.988137
4000	8	7	8	0	0:00:14.985650
4020	8	8	8	1	0:00:14.967602
4040	0	0	0	1	0:00:14.956473
4060	6	-1	3	0	0:00:14.961783
4080	1	1	8	1	0:00:14.970842
4100	7	7	7	1	0:00:14.976220
4120	4	4	4	1	0:00:14.979080
4140	5	5	3	1	0:00:14.965884
4160	5	2	2	0	0:00:14.960768
4180	0	8	8	0	0:00:14.978034
4200	4	2	2	0	0:00:15.008005
4220	4	0	0	0	0:00:14.969469
4240	7	0	8	0	0:00:15.009844
4260	8	8	8	1	0:00:14.978587
4280	8	1	1	0	0:00:14.973259
4300	8	8	8	1	0:00:14.973466
4320	1	8	8	0	0:00:14.971558
4340	0	0	0	1	0:00:14.973636
4360	6	9	3	0	0:00:14.974959
4380	9	9	8	1	0:00:14.966714
4400	3	6	4	0	0:00:14.969171
4420	5	5	7	1	0:00:14.979432
4440	2	2	2	1	0:00:14.958287
4460	9	9	8	1	0:00:14.971624
4480	9	9	9	1	0:00:14.985479
4500	3	5	5	0	0:00:14.973328
4520	3	6	6	0	0:00:14.976866
4540	9	9	9	1	0:00:14.976410
4560	1	1	8	1	0:00:14.996603
4580	6	4	6	0	0:00:14.975760
4600	4	7	4	0	0:00:14.959729
4620	7	3	3	0	0:00:14.963186
4640	2	2	2	1	0:00:14.974772
4660	7	4	4	0	0:00:14.986699
4680	9	1	1	0	0:00:14.976547
4700	6	1	5	0	0:00:15.040685
4720	8	0	8	0	0:00:14.978402
4740	5	3	3	0	0:00:15.021548
4760	3	2	2	0	0:00:15.004200
4780	0	0	8	1	0:00:14.984474
4800	9	9	9	1	0:00:14.994941
4820	3	3	3	1	0:00:14.982355
4840	0	0	0	1	0:00:14.972818
4860	5	5	5	1	0:00:14.980293
4880	0	8	8	0	0:00:14.964576
4900	3	6	6	0	0:00:14.987978
4920	7	7	7	1	0:00:15.038665
4940	6	4	2	0	0:00:15.012682
4960	4	3	3	0	0:00:14.983069
4980	1	9	9	0	0:00:14.998994
5000	7	7	7	1	0:00:14.987791
5020	8	8	8	1	0:00:14.975301
5040	3	1	2	0	0:00:14.999963
5060	6	6	2	1	0:00:14.991125
5080	7	7	7	1	0:00:14.989121
5100	3	3	3	1	0:00:14.975876
5120	9	9	8	1	0:00:14.972992
5140	8	8	8	1	0:00:15.033354
5160	0	0	0	1	0:00:14.961932
5180	9	7	4	0	0:00:15.027196
5200	3	3	3	1	0:00:14.973557
5220	0	0	0	1	0:00:14.976753
5240	1	9	8	0	0:00:14.963241
5260	0	0	0	1	0:00:14.977132
5280	0	9	8	0	0:00:14.958525
5300	9	9	9	1	0:00:14.992108
5320	7	7	7	1	0:00:14.968624
5340	3	4	4	0	0:00:14.983642
5360	9	9	3	1	0:00:14.972899
5380	1	9	9	0	0:00:14.983459
5400	9	9	9	1	0:00:14.966181
5420	6	6	6	1	0:00:14.972534
5440	9	9	9	1	0:00:14.981759
5460	0	0	0	1	0:00:15.014723
5480	1	1	4	1	0:00:14.973586
5500	8	8	8	1	0:00:15.007113
5520	4	3	3	0	0:00:14.968167
5540	5	6	3	0	0:00:14.978951
5560	3	5	5	0	0:00:14.970913
5580	5	6	3	0	0:00:14.972568
5600	6	9	4	0	0:00:14.988412
5620	3	6	6	0	0:00:14.981106
5640	2	2	2	1	0:00:15.037147
5660	9	9	8	1	0:00:14.990543
5680	2	3	3	0	0:00:14.989703
5700	3	5	3	0	0:00:15.040732
5720	9	9	9	1	0:00:15.037957
5740	6	6	6	1	0:00:15.050042
5760	2	2	2	1	0:00:15.100631
5780	7	7	7	1	0:00:15.033469
5800	2	4	4	0	0:00:14.963850
5820	5	3	3	0	0:00:14.973760
5840	2	2	2	1	0:00:14.985156
5860	0	1	8	0	0:00:14.990633
5880	0	0	0	1	0:00:14.980633
5900	4	0	0	0	0:00:14.979617
5920	8	8	8	1	0:00:14.968444
5940	7	4	4	0	0:00:15.035214
5960	2	6	6	0	0:00:14.978191
5980	9	9	9	1	0:00:15.024168
6000	8	9	8	0	0:00:14.978258
6020	6	6	6	1	0:00:14.978514
6040	2	7	7	0	0:00:15.040735
6060	3	4	2	0	0:00:15.020739
6080	1	1	9	1	0:00:15.035025
6100	1	1	1	1	0:00:14.973607
6120	5	5	5	1	0:00:14.967076
6140	9	9	9	1	0:00:14.974809
6160	2	5	5	0	0:00:14.972307
6180	0	0	0	1	0:00:14.979157
6200	3	3	3	1	0:00:14.979480
6220	2	5	5	0	0:00:14.990561
6240	2	1	2	0	0:00:14.969336
6260	2	9	6	0	0:00:14.985085
6280	8	5	5	0	0:00:14.957180
6300	1	1	2	1	0:00:14.986855
6320	0	0	0	1	0:00:14.974332
6340	3	3	3	1	0:00:15.016501
6360	2	2	2	1	0:00:15.025083
6380	3	3	3	1	0:00:15.169355
6400	0	1	8	0	0:00:15.079481
6420	7	7	7	1	0:00:15.146192
6440	3	9	4	0	0:00:15.070185
6460	3	3	3	1	0:00:14.966698
6480	0	0	0	1	0:00:15.000765
6500	7	6	8	0	0:00:14.958979
6520	6	2	2	0	0:00:14.991676
6540	8	8	8	1	0:00:15.035373
6560	6	6	2	1	0:00:15.132375
6580	1	-1	4	0	0:00:15.258425
6600	7	7	7	1	0:00:15.154772
6620	7	7	7	1	0:00:15.201036
6640	5	3	3	0	0:00:15.154053
6660	0	0	0	1	0:00:15.218663
6680	3	5	3	0	0:00:15.262482
6700	6	0	0	0	0:00:15.157583
6720	2	2	2	1	0:00:15.163371
6740	2	2	4	1	0:00:15.288556
6760	5	5	5	1	0:00:15.300735
6780	7	7	7	1	0:00:15.275676
6800	6	4	2	0	0:00:15.083823
6820	1	1	1	1	0:00:15.171393
6840	9	9	1	1	0:00:15.258752
6860	0	2	2	0	0:00:15.149705
6880	2	2	2	1	0:00:15.296225
6900	3	5	5	0	0:00:15.183386
6920	5	4	2	0	0:00:15.129971
6940	1	1	1	1	0:00:15.149554
6960	9	8	8	0	0:00:15.253245
6980	0	1	8	0	0:00:15.157567
7000	2	0	8	0	0:00:15.191257
7020	7	7	7	1	0:00:15.161806
7040	7	1	8	0	0:00:15.188607
7060	8	8	8	1	0:00:15.180874
7080	5	4	4	0	0:00:15.192839
7100	9	5	3	0	0:00:15.172533
7120	7	5	5	0	0:00:15.250589
7140	4	9	4	0	0:00:15.358949
7160	5	5	5	1	0:00:15.194867
7180	6	6	3	1	0:00:15.198938
7200	4	6	2	0	0:00:15.159135
7220	9	9	8	1	0:00:15.254190
7240	0	8	8	0	0:00:15.286024
7260	1	1	8	1	0:00:15.110176
7280	1	9	9	0	0:00:15.130260
7300	3	4	4	0	0:00:15.145077
7320	8	0	8	0	0:00:15.227372
7340	2	4	4	0	0:00:15.292640
7360	2	7	4	0	0:00:15.234258
7380	7	7	7	1	0:00:15.126244
7400	3	3	3	1	0:00:15.122562
7420	3	4	2	0	0:00:15.190637
7440	3	3	3	1	0:00:15.250196
7460	5	5	5	1	0:00:15.315424
7480	1	8	8	0	0:00:15.222000
7500	6	6	6	1	0:00:15.122133
7520	4	4	4	1	0:00:15.187899
7540	5	5	5	1	0:00:15.320776
7560	0	0	0	1	0:00:15.124645
7580	8	8	8	1	0:00:15.197040
7600	8	9	2	0	0:00:15.226062
7620	5	3	3	0	0:00:15.237783
7640	9	8	8	0	0:00:15.089182
7660	7	9	4	0	0:00:15.170756
7680	3	9	3	0	0:00:15.155008
7700	6	6	6	1	0:00:15.147520
7720	5	2	2	0	0:00:15.181123
7740	4	4	2	1	0:00:15.211709
7760	2	9	2	0	0:00:15.125497
7780	3	8	8	0	0:00:15.156631
7800	0	0	0	1	0:00:15.177120
7820	5	5	5	1	0:00:15.103843
7840	1	1	1	1	0:00:15.099454
7860	8	8	8	1	0:00:15.139148
7880	0	4	2	0	0:00:15.128676
7900	0	8	8	0	0:00:15.219374
7920	9	9	2	1	0:00:15.185796
7940	2	6	4	0	0:00:15.108467
7960	0	0	0	1	0:00:15.177253
7980	3	3	3	1	0:00:15.131271
8000	9	9	9	1	0:00:15.277519
8020	6	3	3	0	0:00:15.240226
8040	2	2	2	1	0:00:15.224464
8060	6	6	6	1	0:00:15.151480
8080	4	6	2	0	0:00:15.176892
8100	6	2	4	0	0:00:15.144325
8120	8	9	9	0	0:00:15.168974
8140	5	4	4	0	0:00:15.149660
8160	6	6	6	1	0:00:15.157595
8180	4	4	2	1	0:00:15.176440
8200	3	4	4	0	0:00:15.251521
8220	6	7	3	0	0:00:15.186738
8240	7	7	7	1	0:00:15.124914
8260	1	1	1	1	0:00:15.214395
8280	4	5	5	0	0:00:15.231835
8300	5	2	2	0	0:00:15.099033
8320	7	4	4	0	0:00:15.120102
8340	5	3	3	0	0:00:15.237033
8360	7	7	7	1	0:00:15.280360
8380	9	9	9	1	0:00:15.283728
8400	0	8	8	0	0:00:15.260742
8420	3	6	6	0	0:00:15.239453
8440	5	3	3	0	0:00:15.221331
8460	8	8	8	1	0:00:15.183455
8480	2	2	4	1	0:00:15.213564
8500	4	4	4	1	0:00:15.234914
8520	8	1	8	0	0:00:15.196140
8540	4	2	2	0	0:00:15.222644
8560	7	7	7	1	0:00:15.196517
8580	3	2	5	0	0:00:15.250470
8600	3	3	3	1	0:00:15.160687
8620	3	4	4	0	0:00:15.095674
8640	1	1	8	1	0:00:15.310108
8660	7	7	7	1	0:00:15.223248
8680	3	7	8	0	0:00:15.183227
8700	3	3	3	1	0:00:15.174611
8720	2	0	0	0	0:00:15.207063
8740	2	2	5	1	0:00:15.159727
8760	8	8	8	1	0:00:15.139086
8780	4	4	2	1	0:00:15.183385
8800	0	0	0	1	0:00:15.103213
8820	2	2	2	1	0:00:15.236477
8840	2	7	7	0	0:00:15.187031
8860	2	2	2	1	0:00:15.145506
8880	1	1	1	1	0:00:15.275601
8900	2	4	4	0	0:00:15.253034
8920	6	6	2	1	0:00:15.143687
8940	6	3	3	0	0:00:15.120861
8960	0	0	0	1	0:00:15.213721
8980	9	9	9	1	0:00:15.214499
9000	8	8	8	1	0:00:15.212063
9020	7	7	7	1	0:00:15.167060
9040	2	5	5	0	0:00:15.161345
9060	9	9	3	1	0:00:15.154417
9080	3	3	2	1	0:00:15.217274
9100	9	1	3	0	0:00:15.095796
9120	3	0	3	0	0:00:15.193012
9140	7	6	5	0	0:00:15.117436
9160	5	3	3	0	0:00:15.168026
9180	5	5	5	1	0:00:15.098204
9200	8	8	8	1	0:00:15.238841
9220	8	8	8	1	0:00:15.337952
9240	8	8	8	1	0:00:15.205654
9260	5	5	5	1	0:00:15.100315
9280	9	8	8	0	0:00:15.163967
9300	5	3	2	0	0:00:15.190515
9320	9	9	9	1	0:00:15.107866
9340	1	1	1	1	0:00:15.198905
9360	5	0	5	0	0:00:15.115900
9380	5	3	3	0	0:00:15.147182
9400	6	6	2	1	0:00:15.162739
9420	5	5	5	1	0:00:15.271209
9440	8	8	8	1	0:00:15.204082
9460	3	7	7	0	0:00:15.232570
9480	2	6	2	0	0:00:15.187343
9500	9	9	2	1	0:00:15.183711
9520	1	1	1	1	0:00:15.169879
9540	5	3	3	0	0:00:15.172138
9560	9	7	5	0	0:00:15.199621
9580	1	1	8	1	0:00:15.185594
9600	8	8	8	1	0:00:15.202485
9620	4	4	4	1	0:00:15.142390
9640	5	0	2	0	0:00:15.356409
9660	6	6	6	1	0:00:15.204331
9680	8	8	8	1	0:00:15.160073
9700	0	0	0	1	0:00:15.243786
9720	8	1	8	0	0:00:15.236644
9740	3	6	2	0	0:00:15.233808
9760	9	3	3	0	0:00:15.206847
9780	4	6	2	0	0:00:15.167982
9800	1	1	1	1	0:00:15.215146
9820	0	8	8	0	0:00:15.153090
9840	4	5	5	0	0:00:15.324236
9860	0	5	8	0	0:00:15.156679
9880	7	8	3	0	0:00:15.165850
9900	8	8	8	1	0:00:15.168589
9920	6	6	4	1	0:00:15.188148
9940	4	5	5	0	0:00:15.148389
9960	2	0	0	0	0:00:15.179881
9980	0	0	0	1	0:00:15.228475
