idx	label	predict	basePredict	correct	time
0	3	3	3	1	0:00:04.165363
20	7	7	7	1	0:00:02.952989
40	4	4	4	1	0:00:02.951929
60	7	7	7	1	0:00:02.965395
80	8	8	8	1	0:00:02.983685
100	4	-1	2	0	0:00:02.950135
120	8	8	8	1	0:00:02.998423
140	6	6	6	1	0:00:02.955277
160	2	2	2	1	0:00:02.993902
180	0	0	0	1	0:00:02.957695
200	5	5	5	1	0:00:02.956058
220	7	7	7	1	0:00:02.951602
240	1	1	1	1	0:00:02.980125
260	8	8	3	1	0:00:02.990519
280	9	9	9	1	0:00:02.969943
300	6	6	6	1	0:00:02.967532
320	3	3	3	1	0:00:02.973315
340	2	4	4	0	0:00:03.202280
360	9	9	5	1	0:00:02.974983
380	6	6	2	1	0:00:02.981801
400	9	9	9	1	0:00:02.964796
420	4	4	4	1	0:00:02.960241
440	1	1	1	1	0:00:02.955905
460	5	5	5	1	0:00:02.974139
480	8	9	9	0	0:00:02.953141
500	4	6	2	0	0:00:03.035091
520	5	5	5	1	0:00:02.957257
540	1	1	1	1	0:00:02.958643
560	0	0	0	1	0:00:02.977238
580	4	4	4	1	0:00:02.965894
600	8	8	8	1	0:00:02.958385
620	7	7	7	1	0:00:02.995205
640	5	3	3	0	0:00:02.979182
660	9	9	9	1	0:00:02.987918
680	9	9	2	1	0:00:02.958503
700	7	7	7	1	0:00:02.962148
720	4	9	4	0	0:00:02.954230
740	2	3	3	0	0:00:02.965739
760	3	3	3	1	0:00:02.986309
780	9	9	9	1	0:00:03.015712
800	7	7	7	1	0:00:02.972332
820	6	6	6	1	0:00:03.032854
840	7	7	7	1	0:00:02.974207
860	4	4	4	1	0:00:03.017922
880	8	8	8	1	0:00:02.969950
900	2	2	2	1	0:00:03.002758
920	6	6	6	1	0:00:02.953937
940	9	9	9	1	0:00:02.965821
960	9	9	9	1	0:00:03.100675
980	2	6	2	0	0:00:02.965187
1000	5	5	5	1	0:00:02.237557
1020	1	1	1	1	0:00:02.243820
1040	7	5	5	0	0:00:02.241085
1060	9	9	9	1	0:00:02.238429
1080	6	6	6	1	0:00:02.238875
1100	7	0	0	0	0:00:02.237041
1120	5	5	2	1	0:00:02.236453
1140	6	6	4	1	0:00:02.237439
1160	8	8	0	1	0:00:02.237345
1180	3	3	3	1	0:00:02.237792
1200	8	8	8	1	0:00:02.234940
1220	9	6	6	0	0:00:02.236497
1240	2	6	6	0	0:00:02.237196
1260	1	9	9	0	0:00:02.237320
1280	3	3	3	1	0:00:02.239942
1300	4	3	3	0	0:00:02.240690
1320	7	2	2	0	0:00:02.249091
1340	1	1	1	1	0:00:02.237741
1360	7	7	7	1	0:00:02.236415
1380	4	5	5	0	0:00:02.237314
1400	5	3	3	0	0:00:02.236127
1420	4	7	4	0	0:00:02.236407
1440	0	0	8	1	0:00:02.238473
1460	6	6	2	1	0:00:02.237277
1480	1	1	5	1	0:00:02.236509
1500	1	1	1	1	0:00:02.238897
1520	7	7	7	1	0:00:02.236773
1540	8	8	8	1	0:00:02.236434
1560	7	7	7	1	0:00:02.238800
1580	6	1	3	0	0:00:02.243213
1600	8	9	6	0	0:00:02.238679
1620	5	4	4	0	0:00:02.239585
1640	7	3	3	0	0:00:02.239800
1660	3	3	3	1	0:00:02.239389
1680	6	6	6	1	0:00:02.240968
1700	5	5	3	1	0:00:02.241016
1720	4	4	2	1	0:00:02.238168
1740	1	1	1	1	0:00:02.238664
1760	0	0	0	1	0:00:02.238744
1780	7	7	7	1	0:00:02.239141
1800	4	4	8	1	0:00:02.249883
1820	8	8	8	1	0:00:02.239678
1840	8	9	4	0	0:00:02.240562
1860	8	8	8	1	0:00:02.243413
1880	1	1	1	1	0:00:02.247081
1900	8	8	8	1	0:00:02.238867
1920	2	2	2	1	0:00:02.235589
1940	5	5	2	1	0:00:02.239091
1960	2	5	5	0	0:00:02.245543
1980	9	9	9	1	0:00:02.241580
2000	1	1	2	1	0:00:02.244583
2020	9	9	9	1	0:00:02.249413
2040	0	0	0	1	0:00:02.237839
2060	5	3	3	0	0:00:02.236315
2080	1	1	9	1	0:00:02.237305
2100	2	2	2	1	0:00:02.240139
2120	4	8	8	0	0:00:02.247079
2140	9	9	9	1	0:00:02.240581
2160	0	0	8	1	0:00:02.240283
2180	4	4	4	1	0:00:02.239129
2200	0	2	2	0	0:00:02.237878
2220	1	1	1	1	0:00:02.237264
2240	9	9	8	1	0:00:02.240401
2260	4	4	4	1	0:00:02.239671
2280	4	8	2	0	0:00:02.237215
2300	3	3	2	1	0:00:02.239161
2320	5	2	2	0	0:00:02.245277
2340	7	7	7	1	0:00:02.240642
2360	7	7	5	1	0:00:02.239905
2380	8	8	8	1	0:00:02.244207
2400	0	0	0	1	0:00:02.241156
2420	8	-1	5	0	0:00:02.241742
2440	7	7	7	1	0:00:02.248184
2460	9	7	3	0	0:00:02.246571
2480	8	8	8	1	0:00:02.237280
2500	4	4	4	1	0:00:02.257755
2520	1	1	7	1	0:00:02.247401
2540	2	5	5	0	0:00:02.245048
2560	7	7	4	1	0:00:02.240076
2580	6	6	6	1	0:00:02.245415
2600	8	8	8	1	0:00:02.241759
2620	1	1	8	1	0:00:02.238874
2640	7	7	7	1	0:00:02.243807
2660	3	5	2	0	0:00:02.239926
2680	0	0	0	1	0:00:02.241060
2700	9	9	1	1	0:00:02.237722
2720	3	3	3	1	0:00:02.240266
2740	1	1	1	1	0:00:02.240225
2760	2	2	2	1	0:00:02.239346
2780	7	7	7	1	0:00:02.239573
2800	4	4	4	1	0:00:02.239577
2820	6	6	6	1	0:00:02.237466
2840	3	3	3	1	0:00:02.240690
2860	5	7	6	0	0:00:02.239180
2880	4	4	4	1	0:00:02.241548
2900	3	5	2	0	0:00:02.239904
2920	2	3	3	0	0:00:02.242010
2940	3	0	0	0	0:00:02.240563
2960	9	9	9	1	0:00:02.242383
2980	8	8	8	1	0:00:02.238465
3000	5	5	5	1	0:00:02.237484
3020	1	1	1	1	0:00:02.238246
3040	7	7	7	1	0:00:02.239991
3060	7	7	7	1	0:00:02.238087
3080	1	1	1	1	0:00:02.237771
3100	0	0	0	1	0:00:02.239384
3120	4	6	2	0	0:00:02.242871
3140	8	8	8	1	0:00:02.240291
3160	6	2	2	0	0:00:02.246857
3180	3	3	3	1	0:00:02.248679
3200	5	7	7	0	0:00:02.248387
3220	3	9	3	0	0:00:02.235916
3240	4	1	8	0	0:00:02.239826
3260	7	7	7	1	0:00:02.237262
3280	3	5	5	0	0:00:02.238127
3300	4	4	4	1	0:00:02.235845
3320	2	7	7	0	0:00:02.242091
3340	6	6	2	1	0:00:02.239362
3360	4	4	4	1	0:00:02.240683
3380	8	8	8	1	0:00:02.241927
3400	6	4	4	0	0:00:02.247546
3420	5	3	3	0	0:00:02.240674
3440	2	3	3	0	0:00:02.238398
3460	1	1	1	1	0:00:02.247742
3480	2	2	2	1	0:00:02.240166
3500	1	1	1	1	0:00:02.241096
3520	1	1	1	1	0:00:02.238805
3540	6	6	6	1	0:00:02.237457
3560	1	9	8	0	0:00:02.236920
3580	4	4	4	1	0:00:02.238626
3600	4	2	2	0	0:00:02.238242
3620	0	0	6	1	0:00:02.243315
3640	6	2	2	0	0:00:02.238826
3660	0	0	8	1	0:00:02.240273
3680	0	-1	2	0	0:00:02.238292
3700	3	3	3	1	0:00:02.238769
3720	2	2	2	1	0:00:02.241515
3740	0	0	0	1	0:00:02.238325
3760	7	7	7	1	0:00:02.237965
3780	4	4	2	1	0:00:02.236887
3800	9	9	9	1	0:00:02.238306
3820	0	-1	2	0	0:00:02.240364
3840	6	3	3	0	0:00:02.239442
3860	7	7	7	1	0:00:02.237624
3880	6	4	3	0	0:00:02.244909
3900	3	6	6	0	0:00:02.239363
3920	7	7	7	1	0:00:02.237578
3940	6	5	4	0	0:00:02.235884
3960	2	2	2	1	0:00:02.236860
3980	9	9	9	1	0:00:02.237458
4000	8	0	8	0	0:00:02.237376
4020	8	8	8	1	0:00:02.240520
4040	0	0	0	1	0:00:02.239983
4060	6	6	3	1	0:00:02.238678
4080	1	1	8	1	0:00:02.239663
4100	7	7	7	1	0:00:02.238867
4120	4	4	4	1	0:00:02.238461
4140	5	5	5	1	0:00:02.241436
4160	5	5	2	1	0:00:02.240278
4180	0	0	8	1	0:00:02.245417
4200	4	2	2	0	0:00:02.250064
4220	4	0	0	0	0:00:02.244526
4240	7	0	8	0	0:00:02.243596
4260	8	8	8	1	0:00:02.241020
4280	8	1	8	0	0:00:02.240510
4300	8	8	8	1	0:00:02.246696
4320	1	8	8	0	0:00:02.250649
4340	0	0	0	1	0:00:02.240642
4360	6	9	6	0	0:00:02.249340
4380	9	9	8	1	0:00:02.248809
4400	3	4	4	0	0:00:02.270211
4420	5	5	7	1	0:00:02.252081
4440	2	2	2	1	0:00:02.248732
4460	9	9	8	1	0:00:02.259241
4480	9	9	9	1	0:00:02.269114
4500	3	5	5	0	0:00:02.262613
4520	3	6	6	0	0:00:02.247948
4540	9	9	9	1	0:00:02.253411
4560	1	1	1	1	0:00:02.250154
4580	6	6	4	1	0:00:02.243464
4600	4	7	4	0	0:00:02.243017
4620	7	3	3	0	0:00:02.249403
4640	2	2	2	1	0:00:02.239400
4660	7	7	4	1	0:00:02.244019
4680	9	1	1	0	0:00:02.246471
4700	6	1	5	0	0:00:02.242168
4720	8	8	8	1	0:00:02.278395
4740	5	3	3	0	0:00:02.246644
4760	3	2	2	0	0:00:02.271503
4780	0	0	8	1	0:00:02.244459
4800	9	9	9	1	0:00:02.255226
4820	3	3	3	1	0:00:02.247604
4840	0	0	0	1	0:00:02.241139
4860	5	5	5	1	0:00:02.239951
4880	0	-1	2	0	0:00:02.243150
4900	3	-1	6	0	0:00:02.242377
4920	7	7	7	1	0:00:02.241636
4940	6	6	2	1	0:00:02.247463
4960	4	3	3	0	0:00:02.237561
4980	1	9	9	0	0:00:02.250840
5000	7	7	7	1	0:00:02.240257
5020	8	8	8	1	0:00:02.250911
5040	3	3	3	1	0:00:02.245288
5060	6	6	2	1	0:00:02.241432
5080	7	7	7	1	0:00:02.259345
5100	3	3	3	1	0:00:02.245042
5120	9	9	9	1	0:00:02.248734
5140	8	8	8	1	0:00:02.242036
5160	0	0	0	1	0:00:02.246102
5180	9	7	4	0	0:00:02.251041
5200	3	3	3	1	0:00:02.243762
5220	0	0	0	1	0:00:02.238904
5240	1	9	9	0	0:00:02.239090
5260	0	0	0	1	0:00:02.241659
5280	0	8	8	0	0:00:02.245189
5300	9	9	9	1	0:00:02.263586
5320	7	7	7	1	0:00:02.252349
5340	3	4	4	0	0:00:02.243352
5360	9	9	3	1	0:00:02.253144
5380	1	9	9	0	0:00:02.260694
5400	9	9	9	1	0:00:02.244488
5420	6	6	6	1	0:00:02.245172
5440	9	9	9	1	0:00:02.237102
5460	0	0	0	1	0:00:02.247483
5480	1	1	8	1	0:00:02.246219
5500	8	8	8	1	0:00:02.236060
5520	4	-1	3	0	0:00:02.246073
5540	5	6	3	0	0:00:02.236517
5560	3	5	5	0	0:00:02.238183
5580	5	3	3	0	0:00:02.241193
5600	6	-1	4	0	0:00:02.236512
5620	3	4	6	0	0:00:02.238186
5640	2	2	2	1	0:00:02.236569
5660	9	9	9	1	0:00:02.243913
5680	2	3	3	0	0:00:02.239193
5700	3	5	3	0	0:00:02.244339
5720	9	9	9	1	0:00:02.246335
5740	6	6	6	1	0:00:02.246135
5760	2	2	2	1	0:00:02.239037
5780	7	7	7	1	0:00:02.251330
5800	2	2	2	1	0:00:02.245562
5820	5	5	5	1	0:00:02.239058
5840	2	2	2	1	0:00:02.237189
5860	0	0	0	1	0:00:02.236913
5880	0	0	0	1	0:00:02.239409
5900	4	3	0	0	0:00:02.242302
5920	8	8	8	1	0:00:02.240568
5940	7	4	4	0	0:00:02.240450
5960	2	6	6	0	0:00:02.236589
5980	9	9	9	1	0:00:02.235987
6000	8	8	8	1	0:00:02.239426
6020	6	6	6	1	0:00:02.239204
6040	2	-1	5	0	0:00:02.238425
6060	3	3	2	1	0:00:02.238765
6080	1	1	1	1	0:00:02.244205
6100	1	1	1	1	0:00:02.237744
6120	5	5	5	1	0:00:02.243516
6140	9	9	9	1	0:00:02.240026
6160	2	2	5	1	0:00:02.235229
6180	0	0	0	1	0:00:02.237708
6200	3	3	3	1	0:00:02.242901
6220	2	5	5	0	0:00:02.238578
6240	2	2	2	1	0:00:02.238577
6260	2	6	6	0	0:00:02.245710
6280	8	5	5	0	0:00:02.243509
6300	1	1	1	1	0:00:02.239805
6320	0	0	0	1	0:00:02.238721
6340	3	3	3	1	0:00:02.242925
6360	2	2	2	1	0:00:02.235443
6380	3	3	3	1	0:00:02.238109
6400	0	1	8	0	0:00:02.237678
6420	7	7	7	1	0:00:02.238260
6440	3	9	4	0	0:00:02.236255
6460	3	3	3	1	0:00:02.236217
6480	0	0	0	1	0:00:02.235880
6500	7	6	6	0	0:00:02.239856
6520	6	2	2	0	0:00:02.236817
6540	8	8	8	1	0:00:02.237959
6560	6	6	2	1	0:00:02.239313
6580	1	1	7	1	0:00:02.235790
6600	7	7	7	1	0:00:02.235826
6620	7	7	7	1	0:00:02.246485
6640	5	3	3	0	0:00:02.243776
6660	0	0	0	1	0:00:02.241973
6680	3	3	3	1	0:00:02.237219
6700	6	6	0	1	0:00:02.235686
6720	2	2	2	1	0:00:02.234841
6740	2	2	4	1	0:00:02.235836
6760	5	5	5	1	0:00:02.235752
6780	7	7	7	1	0:00:02.234658
6800	6	6	2	1	0:00:02.236179
6820	1	1	1	1	0:00:02.238700
6840	9	9	9	1	0:00:02.236359
6860	0	0	0	1	0:00:02.238428
6880	2	2	2	1	0:00:02.240566
6900	3	5	5	0	0:00:02.236644
6920	5	4	2	0	0:00:02.236221
6940	1	1	1	1	0:00:02.238498
6960	9	9	9	1	0:00:02.235615
6980	0	0	8	1	0:00:02.242874
7000	2	0	8	0	0:00:02.249685
7020	7	7	7	1	0:00:02.241309
7040	7	8	8	0	0:00:02.236886
7060	8	8	8	1	0:00:02.239171
7080	5	4	4	0	0:00:02.238659
7100	9	5	3	0	0:00:02.235868
7120	7	5	5	0	0:00:02.245499
7140	4	4	4	1	0:00:02.243308
7160	5	5	5	1	0:00:02.249001
7180	6	6	3	1	0:00:02.247892
7200	4	-1	2	0	0:00:02.278996
7220	9	9	9	1	0:00:02.261767
7240	0	0	8	1	0:00:02.253703
7260	1	1	8	1	0:00:02.275598
7280	1	9	9	0	0:00:02.256995
7300	3	4	5	0	0:00:02.276170
7320	8	8	8	1	0:00:02.252874
7340	2	4	4	0	0:00:02.245111
7360	2	7	4	0	0:00:02.238304
7380	7	7	7	1	0:00:02.274369
7400	3	3	3	1	0:00:02.247402
7420	3	4	2	0	0:00:02.238334
7440	3	3	3	1	0:00:02.259087
7460	5	5	5	1	0:00:02.251441
7480	1	8	8	0	0:00:02.277676
7500	6	6	6	1	0:00:02.306686
7520	4	4	2	1	0:00:02.282784
7540	5	5	5	1	0:00:02.238719
7560	0	0	0	1	0:00:02.266604
7580	8	8	8	1	0:00:02.257488
7600	8	9	2	0	0:00:02.253008
7620	5	3	3	0	0:00:02.256936
7640	9	9	8	1	0:00:02.260988
7660	7	7	4	1	0:00:02.243395
7680	3	9	3	0	0:00:02.251074
7700	6	6	6	1	0:00:02.256352
7720	5	-1	2	0	0:00:02.248524
7740	4	4	2	1	0:00:02.251119
7760	2	9	2	0	0:00:02.277438
7780	3	8	8	0	0:00:02.241380
7800	0	0	0	1	0:00:02.243459
7820	5	5	5	1	0:00:02.244612
7840	1	1	1	1	0:00:02.241979
7860	8	8	8	1	0:00:02.244075
7880	0	0	0	1	0:00:02.243516
7900	0	8	8	0	0:00:02.243160
7920	9	9	2	1	0:00:02.247673
7940	2	6	4	0	0:00:02.245773
7960	0	0	0	1	0:00:02.240048
7980	3	3	3	1	0:00:02.241685
8000	9	9	9	1	0:00:02.256193
8020	6	3	3	0	0:00:02.241517
8040	2	2	2	1	0:00:02.236287
8060	6	6	6	1	0:00:02.240455
8080	4	4	2	1	0:00:02.253074
8100	6	2	6	0	0:00:02.239888
8120	8	9	9	0	0:00:02.274419
8140	5	4	5	0	0:00:02.244016
8160	6	6	6	1	0:00:02.248875
8180	4	4	4	1	0:00:02.256283
8200	3	4	4	0	0:00:02.262837
8220	6	7	3	0	0:00:02.248003
8240	7	7	7	1	0:00:02.242070
8260	1	1	1	1	0:00:02.250011
8280	4	5	3	0	0:00:02.258846
8300	5	2	2	0	0:00:02.244083
8320	7	4	4	0	0:00:02.247004
8340	5	3	3	0	0:00:02.238575
8360	7	7	7	1	0:00:02.239562
8380	9	9	9	1	0:00:02.245978
8400	0	0	8	1	0:00:02.255489
8420	3	6	4	0	0:00:02.238334
8440	5	5	3	1	0:00:02.250879
8460	8	8	8	1	0:00:02.238172
8480	2	2	4	1	0:00:02.235368
8500	4	4	4	1	0:00:02.239764
8520	8	8	8	1	0:00:02.238114
8540	4	2	2	0	0:00:02.238132
8560	7	7	7	1	0:00:02.236802
8580	3	5	5	0	0:00:02.242047
8600	3	3	3	1	0:00:02.237144
8620	3	4	4	0	0:00:02.236706
8640	1	1	8	1	0:00:02.238493
8660	7	7	7	1	0:00:02.237598
8680	3	7	8	0	0:00:02.241534
8700	3	3	3	1	0:00:02.238259
8720	2	0	0	0	0:00:02.237524
8740	2	2	2	1	0:00:02.240323
8760	8	8	8	1	0:00:02.237088
8780	4	4	4	1	0:00:02.236513
8800	0	0	0	1	0:00:02.235341
8820	2	2	2	1	0:00:02.239506
8840	2	7	5	0	0:00:02.235525
8860	2	2	2	1	0:00:02.236659
8880	1	1	1	1	0:00:02.237659
8900	2	4	4	0	0:00:02.235989
8920	6	6	2	1	0:00:02.234663
8940	6	3	3	0	0:00:02.238729
8960	0	0	0	1	0:00:02.234368
8980	9	9	9	1	0:00:02.235504
9000	8	8	8	1	0:00:02.236269
9020	7	7	7	1	0:00:02.237374
9040	2	5	5	0	0:00:02.235268
9060	9	9	9	1	0:00:02.236506
9080	3	3	2	1	0:00:02.234772
9100	9	1	3	0	0:00:02.233549
9120	3	3	3	1	0:00:02.234772
9140	7	7	5	1	0:00:02.233912
9160	5	3	3	0	0:00:02.236671
9180	5	5	5	1	0:00:02.237072
9200	8	8	8	1	0:00:02.235637
9220	8	8	8	1	0:00:02.235896
9240	8	8	8	1	0:00:02.234935
9260	5	5	5	1	0:00:02.237443
9280	9	8	8	0	0:00:02.236922
9300	5	3	2	0	0:00:02.238775
9320	9	9	9	1	0:00:02.238058
9340	1	1	1	1	0:00:02.239222
9360	5	0	5	0	0:00:02.238916
9380	5	3	3	0	0:00:02.237906
9400	6	6	2	1	0:00:02.248042
9420	5	5	5	1	0:00:02.236659
9440	8	8	8	1	0:00:02.240204
9460	3	7	7	0	0:00:02.238825
9480	2	2	2	1	0:00:02.237780
9500	9	9	9	1	0:00:02.237678
9520	1	1	1	1	0:00:02.237528
9540	5	5	5	1	0:00:02.235689
9560	9	7	5	0	0:00:02.237469
9580	1	1	8	1	0:00:02.245070
9600	8	8	8	1	0:00:02.236635
9620	4	4	4	1	0:00:02.242996
9640	5	-1	5	0	0:00:02.237395
9660	6	6	6	1	0:00:02.238826
9680	8	8	8	1	0:00:02.237118
9700	0	0	0	1	0:00:02.237366
9720	8	1	8	0	0:00:02.236194
9740	3	6	2	0	0:00:02.235484
9760	9	9	3	1	0:00:02.236089
9780	4	6	2	0	0:00:02.238009
9800	1	1	1	1	0:00:02.236749
9820	0	8	8	0	0:00:02.238945
9840	4	-1	5	0	0:00:02.241717
9860	0	5	8	0	0:00:02.238308
9880	7	7	3	1	0:00:02.238774
9900	8	8	8	1	0:00:02.238797
9920	6	6	4	1	0:00:02.237776
9940	4	5	5	0	0:00:02.234763
9960	2	0	0	0	0:00:02.236859
9980	0	0	0	1	0:00:02.237462
