idx	label	predict	basePredict	correct	time
0	3	6	6	0	0:00:10.508373
20	7	9	9	0	0:00:10.396060
40	4	8	8	0	0:00:10.346570
60	7	2	2	0	0:00:10.419236
80	8	8	8	1	0:00:10.412754
100	4	5	5	0	0:00:10.403217
120	8	8	8	1	0:00:10.394225
140	6	2	2	0	0:00:10.383013
160	2	0	0	0	0:00:10.356281
180	0	0	0	1	0:00:10.409608
200	5	3	3	0	0:00:10.401192
220	7	7	7	1	0:00:10.393459
240	1	1	1	1	0:00:10.385742
260	8	5	5	0	0:00:10.390240
280	9	9	9	1	0:00:10.402385
300	6	4	4	0	0:00:10.381623
320	3	4	4	0	0:00:10.398546
340	2	4	4	0	0:00:10.392771
360	9	6	6	0	0:00:10.387894
380	6	6	6	1	0:00:10.376465
400	9	9	9	1	0:00:10.382064
420	4	6	6	0	0:00:10.386156
440	1	1	1	1	0:00:10.371171
460	5	5	5	1	0:00:10.364131
480	8	9	9	0	0:00:10.379454
500	4	6	6	0	0:00:10.370667
520	5	5	5	1	0:00:10.381599
540	1	8	8	0	0:00:10.385177
560	0	0	0	1	0:00:10.370601
580	4	6	6	0	0:00:10.364335
600	8	8	8	1	0:00:10.360449
620	7	6	6	0	0:00:10.340044
640	5	6	6	0	0:00:10.376876
660	9	9	9	1	0:00:10.353392
680	9	9	9	1	0:00:10.333255
700	7	7	7	1	0:00:10.348825
720	4	9	9	0	0:00:10.306622
740	2	5	5	0	0:00:10.365649
760	3	9	9	0	0:00:10.361013
780	9	9	8	1	0:00:10.297493
800	7	7	7	1	0:00:10.273901
820	6	9	9	0	0:00:10.289709
840	7	7	7	1	0:00:10.361113
860	4	6	6	0	0:00:10.376441
880	8	8	8	1	0:00:10.379691
900	2	6	6	0	0:00:10.378322
920	6	2	2	0	0:00:10.373957
940	9	1	6	0	0:00:10.360869
960	9	9	9	1	0:00:10.373781
980	2	6	6	0	0:00:10.384726
1000	5	5	5	1	0:00:10.274553
1020	1	8	8	0	0:00:10.249416
1040	7	5	5	0	0:00:10.255110
1060	9	9	8	1	0:00:10.268043
1080	6	6	6	1	0:00:10.267501
1100	7	8	8	0	0:00:10.250057
1120	5	2	8	0	0:00:10.240545
1140	6	6	6	1	0:00:10.236384
1160	8	0	0	0	0:00:10.214052
1180	3	9	9	0	0:00:10.169261
1200	8	0	0	0	0:00:10.248085
1220	9	7	2	0	0:00:10.241318
1240	2	6	6	0	0:00:10.212127
1260	1	9	9	0	0:00:10.229445
1280	3	7	7	0	0:00:10.170944
1300	4	6	6	0	0:00:10.169466
1320	7	0	0	0	0:00:10.201624
1340	1	1	1	1	0:00:10.228340
1360	7	9	5	0	0:00:10.244668
1380	4	5	5	0	0:00:10.251907
1400	5	4	2	0	0:00:10.236551
1420	4	7	7	0	0:00:10.240311
1440	0	8	8	0	0:00:10.254904
1460	6	6	6	1	0:00:10.275286
1480	1	5	5	0	0:00:10.252577
1500	1	9	9	0	0:00:10.273407
1520	7	6	6	0	0:00:10.267565
1540	8	8	8	1	0:00:10.280453
1560	7	7	7	1	0:00:10.283923
1580	6	1	9	0	0:00:10.262857
1600	8	9	6	0	0:00:10.257647
1620	5	8	8	0	0:00:10.266632
1640	7	5	5	0	0:00:10.271966
1660	3	5	5	0	0:00:10.256008
1680	6	6	6	1	0:00:10.261407
1700	5	2	2	0	0:00:10.265613
1720	4	0	0	0	0:00:10.261244
1740	1	9	9	0	0:00:10.258794
1760	0	8	8	0	0:00:10.233110
1780	7	8	8	0	0:00:10.240560
1800	4	8	8	0	0:00:10.237028
1820	8	9	9	0	0:00:10.229976
1840	8	7	7	0	0:00:10.240516
1860	8	8	8	1	0:00:10.239602
1880	1	1	8	1	0:00:10.217870
1900	8	8	8	1	0:00:10.222969
1920	2	7	4	0	0:00:10.240039
1940	5	2	2	0	0:00:10.241157
1960	2	5	5	0	0:00:10.223683
1980	9	9	9	1	0:00:10.233037
2000	1	6	6	0	0:00:10.241069
2020	9	9	9	1	0:00:10.266490
2040	0	8	8	0	0:00:10.261049
2060	5	5	5	1	0:00:10.283201
2080	1	1	4	1	0:00:10.270584
2100	2	4	4	0	0:00:10.264642
2120	4	8	8	0	0:00:10.256974
2140	9	9	1	1	0:00:10.268500
2160	0	8	8	0	0:00:10.259750
2180	4	6	6	0	0:00:10.254009
2200	0	0	0	1	0:00:10.281091
2220	1	1	1	1	0:00:10.260474
2240	9	9	9	1	0:00:10.251606
2260	4	1	4	0	0:00:10.252456
2280	4	8	8	0	0:00:10.266553
2300	3	6	6	0	0:00:10.258105
2320	5	8	8	0	0:00:10.254159
2340	7	7	7	1	0:00:10.224019
2360	7	7	7	1	0:00:10.190778
2380	8	8	8	1	0:00:10.192536
2400	0	0	0	1	0:00:10.193531
2420	8	5	5	0	0:00:10.187320
2440	7	1	1	0	0:00:10.214024
2460	9	6	6	0	0:00:10.218654
2480	8	8	8	1	0:00:10.196157
2500	4	6	4	0	0:00:10.163240
2520	1	8	8	0	0:00:10.178412
2540	2	3	3	0	0:00:10.214806
2560	7	4	4	0	0:00:10.209653
2580	6	4	4	0	0:00:10.149433
2600	8	8	8	1	0:00:10.231616
2620	1	6	6	0	0:00:10.230606
2640	7	7	7	1	0:00:10.238008
2660	3	0	0	0	0:00:10.241681
2680	0	0	0	1	0:00:10.240911
2700	9	9	0	1	0:00:10.224784
2720	3	8	8	0	0:00:10.230659
2740	1	1	1	1	0:00:10.225209
2760	2	6	6	0	0:00:10.241270
2780	7	7	7	1	0:00:10.240896
2800	4	6	6	0	0:00:10.224473
2820	6	6	6	1	0:00:10.240645
2840	3	3	3	1	0:00:10.234349
2860	5	7	7	0	0:00:10.246862
2880	4	4	4	1	0:00:10.229740
2900	3	5	5	0	0:00:10.266171
2920	2	8	8	0	0:00:10.232928
2940	3	8	8	0	0:00:10.212548
2960	9	7	7	0	0:00:10.206603
2980	8	1	1	0	0:00:10.204119
3000	5	5	5	1	0:00:10.234501
3020	1	1	1	1	0:00:10.197256
3040	7	7	7	1	0:00:10.200713
3060	7	7	7	1	0:00:10.214318
3080	1	2	2	0	0:00:10.226096
3100	0	0	0	1	0:00:10.220111
3120	4	6	6	0	0:00:10.214000
3140	8	8	8	1	0:00:10.224972
3160	6	4	4	0	0:00:10.212354
3180	3	9	8	0	0:00:10.218941
3200	5	7	7	0	0:00:10.238001
3220	3	9	9	0	0:00:10.264148
3240	4	1	8	0	0:00:10.247264
3260	7	0	0	0	0:00:10.245499
3280	3	0	0	0	0:00:10.232183
3300	4	4	4	1	0:00:10.234062
3320	2	7	7	0	0:00:10.243347
3340	6	4	4	0	0:00:10.253030
3360	4	6	6	0	0:00:10.237300
3380	8	9	8	0	0:00:10.227338
3400	6	4	4	0	0:00:10.234566
3420	5	6	6	0	0:00:10.223329
3440	2	9	9	0	0:00:10.241987
3460	1	1	1	1	0:00:10.237133
3480	2	2	2	1	0:00:10.233662
3500	1	1	4	1	0:00:10.231456
3520	1	1	1	1	0:00:10.220857
3540	6	8	8	0	0:00:10.223104
3560	1	9	9	0	0:00:10.209409
3580	4	1	1	0	0:00:10.191205
3600	4	2	2	0	0:00:10.201918
3620	0	7	6	0	0:00:10.205819
3640	6	2	2	0	0:00:10.205252
3660	0	8	8	0	0:00:10.175168
3680	0	2	2	0	0:00:10.168273
3700	3	-1	4	0	0:00:10.207926
3720	2	2	2	1	0:00:10.225018
3740	0	0	0	1	0:00:10.216141
3760	7	7	7	1	0:00:10.206375
3780	4	2	2	0	0:00:10.229050
3800	9	9	3	1	0:00:10.245463
3820	0	0	0	1	0:00:10.276213
3840	6	8	8	0	0:00:10.232892
3860	7	7	7	1	0:00:10.233624
3880	6	4	4	0	0:00:10.253915
3900	3	0	0	0	0:00:10.232322
3920	7	8	8	0	0:00:10.253616
3940	6	6	6	1	0:00:10.250016
3960	2	5	5	0	0:00:10.211856
3980	9	7	7	0	0:00:10.212988
4000	8	7	7	0	0:00:10.220966
4020	8	9	8	0	0:00:10.224188
4040	0	0	0	1	0:00:10.226166
4060	6	0	0	0	0:00:10.233433
4080	1	8	8	0	0:00:10.240289
4100	7	7	7	1	0:00:10.230144
4120	4	0	0	0	0:00:10.194358
4140	5	2	2	0	0:00:10.185574
4160	5	2	2	0	0:00:10.137054
4180	0	8	8	0	0:00:10.191743
4200	4	2	2	0	0:00:10.164614
4220	4	0	0	0	0:00:10.185672
4240	7	8	8	0	0:00:10.163008
4260	8	8	8	1	0:00:10.183687
4280	8	8	8	1	0:00:10.197590
4300	8	8	8	1	0:00:10.194982
4320	1	8	8	0	0:00:10.152985
4340	0	0	0	1	0:00:10.153972
4360	6	9	9	0	0:00:10.215902
4380	9	9	9	1	0:00:10.234701
4400	3	8	8	0	0:00:10.218725
4420	5	8	8	0	0:00:10.217640
4440	2	6	6	0	0:00:10.229637
4460	9	8	8	0	0:00:10.237098
4480	9	6	6	0	0:00:10.220397
4500	3	7	7	0	0:00:10.212669
4520	3	6	6	0	0:00:10.217738
4540	9	9	9	1	0:00:10.210288
4560	1	1	6	1	0:00:10.214796
4580	6	6	6	1	0:00:10.213255
4600	4	7	7	0	0:00:10.218830
4620	7	3	3	0	0:00:10.222323
4640	2	5	5	0	0:00:10.216899
4660	7	2	2	0	0:00:10.216565
4680	9	1	1	0	0:00:10.197194
4700	6	1	1	0	0:00:10.196593
4720	8	0	0	0	0:00:10.192470
4740	5	6	6	0	0:00:10.193408
4760	3	2	2	0	0:00:10.213162
4780	0	8	0	0	0:00:10.183884
4800	9	9	9	1	0:00:10.191234
4820	3	5	5	0	0:00:10.187541
4840	0	0	0	1	0:00:10.180170
4860	5	5	5	1	0:00:10.195557
4880	0	2	2	0	0:00:10.205875
4900	3	1	1	0	0:00:10.200569
4920	7	0	0	0	0:00:10.175551
4940	6	4	2	0	0:00:10.190677
4960	4	6	6	0	0:00:10.222196
4980	1	9	9	0	0:00:10.202719
5000	7	7	7	1	0:00:10.219654
5020	8	1	8	0	0:00:10.211627
5040	3	7	7	0	0:00:10.229115
5060	6	6	6	1	0:00:10.217828
5080	7	7	7	1	0:00:10.207599
5100	3	4	4	0	0:00:10.226947
5120	9	8	8	0	0:00:10.239699
5140	8	8	8	1	0:00:10.232337
5160	0	8	8	0	0:00:10.243089
5180	9	6	6	0	0:00:10.235558
5200	3	3	3	1	0:00:10.207765
5220	0	0	0	1	0:00:10.230139
5240	1	9	2	0	0:00:10.228135
5260	0	0	0	1	0:00:10.207742
5280	0	8	8	0	0:00:10.186462
5300	9	1	1	0	0:00:10.146726
5320	7	7	7	1	0:00:10.193369
5340	3	4	4	0	0:00:10.193616
5360	9	9	9	1	0:00:10.192886
5380	1	9	9	0	0:00:10.196227
5400	9	0	8	0	0:00:10.214067
5420	6	-1	6	0	0:00:10.195005
5440	9	9	9	1	0:00:10.136028
5460	0	7	7	0	0:00:10.170204
5480	1	8	8	0	0:00:10.181424
5500	8	1	1	0	0:00:10.147990
5520	4	5	5	0	0:00:10.217500
5540	5	6	2	0	0:00:10.221696
5560	3	6	6	0	0:00:10.217996
5580	5	6	6	0	0:00:10.220789
5600	6	8	8	0	0:00:10.221408
5620	3	2	2	0	0:00:10.218216
5640	2	3	3	0	0:00:10.219760
5660	9	9	9	1	0:00:10.222956
5680	2	8	8	0	0:00:10.226837
5700	3	6	6	0	0:00:10.223358
5720	9	9	9	1	0:00:10.213100
5740	6	6	6	1	0:00:10.222878
5760	2	2	2	1	0:00:10.227968
5780	7	7	7	1	0:00:10.237523
5800	2	6	6	0	0:00:10.233958
5820	5	6	6	0	0:00:10.226678
5840	2	6	6	0	0:00:10.229822
5860	0	8	8	0	0:00:10.216738
5880	0	8	0	0	0:00:10.184456
5900	4	5	4	0	0:00:10.170161
5920	8	8	8	1	0:00:10.182709
5940	7	4	4	0	0:00:10.218153
5960	2	7	7	0	0:00:10.196954
5980	9	9	9	1	0:00:10.173916
6000	8	9	9	0	0:00:10.163468
6020	6	7	7	0	0:00:10.195378
6040	2	7	7	0	0:00:10.204858
6060	3	4	4	0	0:00:10.192903
6080	1	9	6	0	0:00:10.189934
6100	1	1	8	1	0:00:10.192653
6120	5	5	5	1	0:00:10.221242
6140	9	9	9	1	0:00:10.217914
6160	2	5	5	0	0:00:10.222725
6180	0	9	8	0	0:00:10.199587
6200	3	0	0	0	0:00:10.219652
6220	2	6	6	0	0:00:10.239383
6240	2	1	6	0	0:00:10.232982
6260	2	9	9	0	0:00:10.237159
6280	8	5	5	0	0:00:10.237598
6300	1	7	6	0	0:00:10.244070
6320	0	0	0	1	0:00:10.232840
6340	3	8	8	0	0:00:10.249327
6360	2	6	2	0	0:00:10.237538
6380	3	1	6	0	0:00:10.245096
6400	0	1	1	0	0:00:10.237936
6420	7	5	8	0	0:00:10.241708
6440	3	8	8	0	0:00:10.231454
6460	3	1	1	0	0:00:10.186174
6480	0	5	0	0	0:00:10.220320
6500	7	0	0	0	0:00:10.222186
6520	6	4	4	0	0:00:10.227800
6540	8	8	8	1	0:00:10.214836
6560	6	6	6	1	0:00:10.215354
6580	1	2	2	0	0:00:10.212529
6600	7	7	7	1	0:00:10.222214
6620	7	7	7	1	0:00:10.220085
6640	5	8	8	0	0:00:10.217808
6660	0	8	8	0	0:00:10.230036
6680	3	5	5	0	0:00:10.212575
6700	6	6	6	1	0:00:10.208015
6720	2	2	2	1	0:00:10.250671
6740	2	6	6	0	0:00:10.235327
6760	5	2	2	0	0:00:10.262076
6780	7	7	7	1	0:00:10.254572
6800	6	6	6	1	0:00:10.229281
6820	1	1	1	1	0:00:10.248027
6840	9	1	1	0	0:00:10.245929
6860	0	0	0	1	0:00:10.251395
6880	2	4	4	0	0:00:10.232194
6900	3	7	7	0	0:00:10.239882
6920	5	2	2	0	0:00:10.244799
6940	1	1	1	1	0:00:10.254405
6960	9	8	8	0	0:00:10.244643
6980	0	9	9	0	0:00:10.243470
7000	2	8	8	0	0:00:10.259073
7020	7	1	1	0	0:00:10.249161
7040	7	8	8	0	0:00:10.215339
7060	8	8	8	1	0:00:10.228701
7080	5	4	0	0	0:00:10.214789
7100	9	3	3	0	0:00:10.221643
7120	7	7	6	1	0:00:10.205153
7140	4	4	4	1	0:00:10.224604
7160	5	4	4	0	0:00:10.216769
7180	6	6	6	1	0:00:10.216241
7200	4	6	4	0	0:00:10.221119
7220	9	8	8	0	0:00:10.214855
7240	0	8	8	0	0:00:10.212754
7260	1	8	8	0	0:00:10.214884
7280	1	6	6	0	0:00:10.220067
7300	3	7	7	0	0:00:10.231274
7320	8	0	0	0	0:00:10.239862
7340	2	4	4	0	0:00:10.233351
7360	2	7	7	0	0:00:10.242876
7380	7	7	7	1	0:00:10.238641
7400	3	9	9	0	0:00:10.230211
7420	3	0	0	0	0:00:10.237072
7440	3	6	6	0	0:00:10.250726
7460	5	5	5	1	0:00:10.260510
7480	1	5	5	0	0:00:10.259878
7500	6	6	6	1	0:00:10.248496
7520	4	6	6	0	0:00:10.226019
7540	5	5	5	1	0:00:10.226136
7560	0	6	2	0	0:00:10.226678
7580	8	8	8	1	0:00:10.216232
7600	8	9	9	0	0:00:10.211769
7620	5	1	1	0	0:00:10.205120
7640	9	9	8	1	0:00:10.198057
7660	7	9	9	0	0:00:10.197073
7680	3	9	9	0	0:00:10.196728
7700	6	6	6	1	0:00:10.208058
7720	5	6	6	0	0:00:10.199015
7740	4	6	2	0	0:00:10.161469
7760	2	9	9	0	0:00:10.199176
7780	3	8	8	0	0:00:10.214798
7800	0	0	0	1	0:00:10.182493
7820	5	8	8	0	0:00:10.182442
7840	1	1	1	1	0:00:10.166990
7860	8	4	4	0	0:00:10.215239
7880	0	8	8	0	0:00:10.215193
7900	0	8	8	0	0:00:10.217355
7920	9	8	8	0	0:00:10.252861
7940	2	6	6	0	0:00:10.229377
7960	0	0	0	1	0:00:10.222010
7980	3	7	4	0	0:00:10.241168
8000	9	9	9	1	0:00:10.234931
8020	6	6	6	1	0:00:10.231793
8040	2	6	6	0	0:00:10.231971
8060	6	6	4	1	0:00:10.230048
8080	4	6	6	0	0:00:10.238049
8100	6	2	2	0	0:00:10.238763
8120	8	9	9	0	0:00:10.239087
8140	5	6	6	0	0:00:10.234481
8160	6	9	9	0	0:00:10.231139
8180	4	6	6	0	0:00:10.225498
8200	3	6	6	0	0:00:10.228985
8220	6	7	2	0	0:00:10.206722
8240	7	7	7	1	0:00:10.202074
8260	1	1	1	1	0:00:10.201108
8280	4	1	1	0	0:00:10.195252
8300	5	2	2	0	0:00:10.204647
8320	7	4	4	0	0:00:10.151124
8340	5	4	4	0	0:00:10.211938
8360	7	4	4	0	0:00:10.216730
8380	9	8	8	0	0:00:10.201468
8400	0	8	8	0	0:00:10.203873
8420	3	6	4	0	0:00:10.201919
8440	5	9	9	0	0:00:10.201761
8460	8	8	8	1	0:00:10.205887
8480	2	1	1	0	0:00:10.228053
8500	4	2	2	0	0:00:10.233483
8520	8	6	6	0	0:00:10.252370
8540	4	6	4	0	0:00:10.246409
8560	7	7	7	1	0:00:10.251951
8580	3	0	0	0	0:00:10.250292
8600	3	7	7	0	0:00:10.218910
8620	3	1	4	0	0:00:10.248966
8640	1	1	1	1	0:00:10.259318
8660	7	5	5	0	0:00:10.252861
8680	3	9	9	0	0:00:10.229885
8700	3	5	5	0	0:00:10.239067
8720	2	0	0	0	0:00:10.243075
8740	2	6	6	0	0:00:10.229472
8760	8	8	8	1	0:00:10.234689
8780	4	4	4	1	0:00:10.241450
8800	0	0	0	1	0:00:10.207168
8820	2	2	2	1	0:00:10.218924
8840	2	1	1	0	0:00:10.205391
8860	2	0	0	0	0:00:10.208375
8880	1	6	6	0	0:00:10.215307
8900	2	1	4	0	0:00:10.207465
8920	6	6	6	1	0:00:10.203092
8940	6	3	3	0	0:00:10.202960
8960	0	0	0	1	0:00:10.174766
8980	9	9	9	1	0:00:10.156509
9000	8	8	8	1	0:00:10.198792
9020	7	9	9	0	0:00:10.212202
9040	2	5	5	0	0:00:10.188983
9060	9	5	5	0	0:00:10.225838
9080	3	0	0	0	0:00:10.219601
9100	9	6	6	0	0:00:10.200839
9120	3	0	0	0	0:00:10.203877
9140	7	8	8	0	0:00:10.212426
9160	5	5	5	1	0:00:10.207742
9180	5	5	5	1	0:00:10.218660
9200	8	8	8	1	0:00:10.234122
9220	8	8	8	1	0:00:10.210890
9240	8	8	8	1	0:00:10.224434
9260	5	5	5	1	0:00:10.218132
9280	9	0	8	0	0:00:10.223313
9300	5	5	6	1	0:00:10.230084
9320	9	9	8	1	0:00:10.226420
9340	1	1	1	1	0:00:10.260802
9360	5	6	0	0	0:00:10.240021
9380	5	5	5	1	0:00:10.166552
9400	6	6	2	1	0:00:10.151007
9420	5	6	6	0	0:00:10.205414
9440	8	8	8	1	0:00:10.221029
9460	3	7	7	0	0:00:10.222463
9480	2	4	6	0	0:00:10.183909
9500	9	1	6	0	0:00:10.221859
9520	1	9	9	0	0:00:10.223246
9540	5	4	4	0	0:00:10.228904
9560	9	7	7	0	0:00:10.229878
9580	1	4	4	0	0:00:10.218590
9600	8	8	8	1	0:00:10.224027
9620	4	7	7	0	0:00:10.220969
9640	5	6	6	0	0:00:10.219087
9660	6	6	6	1	0:00:10.248566
9680	8	9	9	0	0:00:10.227355
9700	0	0	0	1	0:00:10.247064
9720	8	6	6	0	0:00:10.239317
9740	3	6	6	0	0:00:10.240530
9760	9	9	9	1	0:00:10.246927
9780	4	6	6	0	0:00:10.239896
9800	1	1	1	1	0:00:10.239941
9820	0	9	8	0	0:00:10.236607
9840	4	3	3	0	0:00:10.238463
9860	0	2	2	0	0:00:10.241744
9880	7	7	4	1	0:00:10.239672
9900	8	0	0	0	0:00:10.246041
9920	6	6	6	1	0:00:10.232120
9940	4	7	7	0	0:00:10.233979
9960	2	0	0	0	0:00:10.244068
9980	0	0	0	1	0:00:10.219428
