idx	label	predict	basePredict	correct	time
0	3	2	2	0	0:00:02.362690
20	7	1	9	0	0:00:02.047303
40	4	8	8	0	0:00:02.043582
60	7	-1	4	0	0:00:02.059062
80	8	8	8	1	0:00:02.038199
100	4	-1	3	0	0:00:02.039120
120	8	8	8	1	0:00:02.064257
140	6	2	2	0	0:00:02.066230
160	2	0	2	0	0:00:02.038338
180	0	-1	8	0	0:00:02.046136
200	5	7	3	0	0:00:02.043449
220	7	7	7	1	0:00:02.044655
240	1	1	8	1	0:00:02.055069
260	8	3	6	0	0:00:02.034677
280	9	9	8	1	0:00:02.034450
300	6	7	4	0	0:00:02.056113
320	3	2	4	0	0:00:02.046748
340	2	4	4	0	0:00:02.042131
360	9	-1	6	0	0:00:02.052025
380	6	4	4	0	0:00:02.041414
400	9	1	1	0	0:00:02.058537
420	4	6	6	0	0:00:02.052351
440	1	1	6	1	0:00:02.042161
460	5	-1	3	0	0:00:02.048400
480	8	9	9	0	0:00:02.046754
500	4	-1	6	0	0:00:02.040125
520	5	7	7	0	0:00:02.074033
540	1	-1	8	0	0:00:02.077829
560	0	0	8	1	0:00:02.043363
580	4	6	4	0	0:00:02.041784
600	8	-1	8	0	0:00:02.050891
620	7	-1	4	0	0:00:02.047303
640	5	3	3	0	0:00:02.048759
660	9	9	9	1	0:00:02.055713
680	9	7	4	0	0:00:02.044449
700	7	0	4	0	0:00:02.052020
720	4	9	9	0	0:00:02.045785
740	2	5	3	0	0:00:02.054080
760	3	9	9	0	0:00:02.049148
780	9	-1	0	0	0:00:02.050915
800	7	7	7	1	0:00:02.050481
820	6	1	8	0	0:00:02.057682
840	7	7	7	1	0:00:02.059142
860	4	4	4	1	0:00:02.047658
880	8	8	8	1	0:00:02.046751
900	2	-1	4	0	0:00:02.043657
920	6	4	2	0	0:00:02.048771
940	9	-1	9	0	0:00:02.046915
960	9	9	4	1	0:00:02.041513
980	2	6	6	0	0:00:02.047066
1000	5	5	5	1	0:00:01.962474
1020	1	-1	8	0	0:00:01.957071
1040	7	5	5	0	0:00:01.959474
1060	9	9	8	1	0:00:01.961133
1080	6	6	6	1	0:00:01.954508
1100	7	8	8	0	0:00:01.955172
1120	5	2	2	0	0:00:01.959128
1140	6	4	4	0	0:00:01.957220
1160	8	0	0	0	0:00:01.955321
1180	3	-1	8	0	0:00:01.954519
1200	8	0	0	0	0:00:01.956350
1220	9	6	6	0	0:00:01.957899
1240	2	6	6	0	0:00:01.954511
1260	1	9	9	0	0:00:01.955624
1280	3	7	7	0	0:00:01.960324
1300	4	3	3	0	0:00:01.949561
1320	7	2	2	0	0:00:01.944840
1340	1	-1	8	0	0:00:01.945450
1360	7	7	4	1	0:00:01.947783
1380	4	5	5	0	0:00:01.956756
1400	5	-1	2	0	0:00:01.981310
1420	4	7	7	0	0:00:01.951691
1440	0	8	8	0	0:00:01.947461
1460	6	6	4	1	0:00:01.948369
1480	1	-1	5	0	0:00:01.947135
1500	1	9	8	0	0:00:01.947190
1520	7	6	2	0	0:00:01.947975
1540	8	8	8	1	0:00:01.949057
1560	7	7	7	1	0:00:01.951551
1580	6	1	1	0	0:00:01.978604
1600	8	9	6	0	0:00:01.954393
1620	5	8	8	0	0:00:01.958045
1640	7	5	3	0	0:00:01.958208
1660	3	5	4	0	0:00:01.957950
1680	6	6	6	1	0:00:01.955228
1700	5	2	2	0	0:00:01.958726
1720	4	2	2	0	0:00:01.973648
1740	1	9	9	0	0:00:01.957798
1760	0	8	8	0	0:00:01.958227
1780	7	-1	8	0	0:00:01.952607
1800	4	8	8	0	0:00:01.952759
1820	8	-1	8	0	0:00:01.954809
1840	8	7	4	0	0:00:01.955484
1860	8	8	8	1	0:00:01.952812
1880	1	8	8	0	0:00:01.957484
1900	8	8	8	1	0:00:01.952940
1920	2	5	2	0	0:00:01.957656
1940	5	3	3	0	0:00:01.960964
1960	2	5	5	0	0:00:01.957065
1980	9	9	2	1	0:00:01.957715
2000	1	6	4	0	0:00:01.954417
2020	9	9	1	1	0:00:01.956528
2040	0	8	8	0	0:00:01.957867
2060	5	-1	3	0	0:00:01.955201
2080	1	9	4	0	0:00:01.953705
2100	2	4	4	0	0:00:01.954715
2120	4	8	8	0	0:00:01.956616
2140	9	1	1	0	0:00:01.959682
2160	0	8	8	0	0:00:01.959083
2180	4	-1	4	0	0:00:01.956640
2200	0	2	2	0	0:00:01.956639
2220	1	1	4	1	0:00:01.956594
2240	9	-1	8	0	0:00:01.955471
2260	4	7	4	0	0:00:01.956339
2280	4	8	8	0	0:00:01.955378
2300	3	-1	4	0	0:00:01.953821
2320	5	-1	8	0	0:00:01.955616
2340	7	7	7	1	0:00:01.955907
2360	7	5	3	0	0:00:01.962080
2380	8	0	0	0	0:00:01.951013
2400	0	-1	4	0	0:00:01.951365
2420	8	5	5	0	0:00:01.953981
2440	7	1	8	0	0:00:01.955575
2460	9	3	3	0	0:00:01.954828
2480	8	8	8	1	0:00:01.956213
2500	4	-1	2	0	0:00:01.955206
2520	1	9	8	0	0:00:01.960246
2540	2	3	3	0	0:00:01.953470
2560	7	6	2	0	0:00:01.953305
2580	6	-1	4	0	0:00:01.954270
2600	8	8	8	1	0:00:01.960967
2620	1	4	4	0	0:00:01.955490
2640	7	-1	6	0	0:00:01.958063
2660	3	-1	2	0	0:00:01.958931
2680	0	0	0	1	0:00:01.956373
2700	9	-1	0	0	0:00:01.962885
2720	3	2	2	0	0:00:01.956341
2740	1	1	7	1	0:00:01.955519
2760	2	4	4	0	0:00:01.959301
2780	7	7	6	1	0:00:01.956862
2800	4	6	6	0	0:00:01.956276
2820	6	6	4	1	0:00:01.950785
2840	3	3	3	1	0:00:01.955405
2860	5	7	4	0	0:00:01.953659
2880	4	4	4	1	0:00:01.955298
2900	3	2	2	0	0:00:01.954078
2920	2	5	5	0	0:00:01.955052
2940	3	0	0	0	0:00:01.952204
2960	9	-1	8	0	0:00:01.959936
2980	8	1	8	0	0:00:01.954664
3000	5	5	5	1	0:00:01.959532
3020	1	-1	8	0	0:00:01.953840
3040	7	7	7	1	0:00:01.955322
3060	7	7	7	1	0:00:01.955139
3080	1	7	4	0	0:00:01.957379
3100	0	0	0	1	0:00:01.958453
3120	4	6	2	0	0:00:01.958105
3140	8	-1	8	0	0:00:01.960327
3160	6	4	4	0	0:00:01.959738
3180	3	7	8	0	0:00:01.957639
3200	5	7	7	0	0:00:01.958441
3220	3	9	9	0	0:00:01.960705
3240	4	1	8	0	0:00:01.957777
3260	7	0	0	0	0:00:01.955941
3280	3	0	0	0	0:00:01.954340
3300	4	6	4	0	0:00:01.958982
3320	2	7	7	0	0:00:01.959729
3340	6	-1	4	0	0:00:01.956859
3360	4	6	6	0	0:00:01.959186
3380	8	1	8	0	0:00:01.955792
3400	6	4	4	0	0:00:01.955283
3420	5	-1	4	0	0:00:01.955299
3440	2	9	3	0	0:00:01.959308
3460	1	1	4	1	0:00:01.960075
3480	2	2	2	1	0:00:01.961087
3500	1	1	4	1	0:00:01.957470
3520	1	1	1	1	0:00:01.958677
3540	6	6	4	1	0:00:01.955535
3560	1	9	0	0	0:00:01.952673
3580	4	1	8	0	0:00:01.956975
3600	4	2	2	0	0:00:01.959527
3620	0	6	6	0	0:00:01.955324
3640	6	2	2	0	0:00:01.961798
3660	0	8	8	0	0:00:01.955144
3680	0	2	2	0	0:00:01.956273
3700	3	-1	4	0	0:00:01.957182
3720	2	2	2	1	0:00:01.963749
3740	0	-1	8	0	0:00:01.958007
3760	7	7	7	1	0:00:01.960728
3780	4	-1	2	0	0:00:01.960055
3800	9	3	3	0	0:00:01.957343
3820	0	2	2	0	0:00:01.955349
3840	6	3	3	0	0:00:01.956961
3860	7	7	7	1	0:00:01.957846
3880	6	4	4	0	0:00:01.962764
3900	3	1	1	0	0:00:01.956987
3920	7	-1	8	0	0:00:01.957702
3940	6	7	4	0	0:00:01.953569
3960	2	5	5	0	0:00:01.959366
3980	9	7	7	0	0:00:01.958349
4000	8	7	4	0	0:00:01.956924
4020	8	1	8	0	0:00:01.955676
4040	0	0	0	1	0:00:01.959943
4060	6	3	3	0	0:00:01.956617
4080	1	8	8	0	0:00:01.961352
4100	7	7	7	1	0:00:01.959447
4120	4	0	0	0	0:00:01.958145
4140	5	3	3	0	0:00:01.959301
4160	5	2	2	0	0:00:01.959596
4180	0	8	8	0	0:00:01.959403
4200	4	2	2	0	0:00:01.961539
4220	4	0	0	0	0:00:01.956731
4240	7	0	0	0	0:00:01.954946
4260	8	1	1	0	0:00:01.958111
4280	8	-1	8	0	0:00:01.957445
4300	8	8	8	1	0:00:01.958160
4320	1	8	8	0	0:00:01.960143
4340	0	8	8	0	0:00:01.959501
4360	6	9	9	0	0:00:01.961561
4380	9	-1	8	0	0:00:01.956763
4400	3	4	4	0	0:00:01.959531
4420	5	8	8	0	0:00:01.959450
4440	2	6	2	0	0:00:01.959153
4460	9	8	8	0	0:00:01.957786
4480	9	-1	6	0	0:00:01.961942
4500	3	6	6	0	0:00:01.958474
4520	3	6	6	0	0:00:01.959359
4540	9	9	1	1	0:00:01.956427
4560	1	1	4	1	0:00:01.958030
4580	6	4	4	0	0:00:01.962573
4600	4	7	4	0	0:00:01.956811
4620	7	3	3	0	0:00:01.961871
4640	2	3	4	0	0:00:01.959581
4660	7	-1	2	0	0:00:01.959351
4680	9	1	1	0	0:00:01.961899
4700	6	1	4	0	0:00:01.958706
4720	8	0	0	0	0:00:01.959493
4740	5	-1	4	0	0:00:01.961410
4760	3	-1	4	0	0:00:01.960592
4780	0	0	8	1	0:00:01.957078
4800	9	9	9	1	0:00:01.959407
4820	3	5	5	0	0:00:01.958164
4840	0	0	0	1	0:00:01.952800
4860	5	3	3	0	0:00:01.957331
4880	0	2	2	0	0:00:01.959553
4900	3	6	6	0	0:00:01.958742
4920	7	7	2	1	0:00:01.959844
4940	6	4	4	0	0:00:01.960031
4960	4	3	3	0	0:00:01.954792
4980	1	9	0	0	0:00:01.954878
5000	7	7	7	1	0:00:01.957677
5020	8	1	8	0	0:00:01.958582
5040	3	-1	4	0	0:00:01.958443
5060	6	2	4	0	0:00:01.954346
5080	7	7	7	1	0:00:01.960283
5100	3	3	4	1	0:00:01.956608
5120	9	8	8	0	0:00:01.954774
5140	8	-1	8	0	0:00:01.960153
5160	0	8	8	0	0:00:01.991506
5180	9	-1	4	0	0:00:01.989440
5200	3	3	3	1	0:00:01.988419
5220	0	0	0	1	0:00:01.988551
5240	1	-1	2	0	0:00:01.990843
5260	0	0	0	1	0:00:01.987888
5280	0	8	8	0	0:00:01.988093
5300	9	1	1	0	0:00:02.014052
5320	7	0	3	0	0:00:02.016210
5340	3	4	4	0	0:00:01.988081
5360	9	9	3	1	0:00:01.984943
5380	1	9	9	0	0:00:02.014686
5400	9	0	8	0	0:00:01.992080
5420	6	5	6	0	0:00:01.991282
5440	9	9	8	1	0:00:01.991549
5460	0	7	7	0	0:00:01.989438
5480	1	-1	8	0	0:00:01.985603
5500	8	1	8	0	0:00:01.989394
5520	4	-1	3	0	0:00:01.984409
5540	5	6	2	0	0:00:02.034806
5560	3	6	6	0	0:00:02.045077
5580	5	6	6	0	0:00:02.020387
5600	6	-1	0	0	0:00:01.988422
5620	3	2	2	0	0:00:01.984305
5640	2	5	3	0	0:00:01.987752
5660	9	-1	8	0	0:00:02.051065
5680	2	1	8	0	0:00:02.049918
5700	3	6	6	0	0:00:02.051609
5720	9	9	9	1	0:00:02.021200
5740	6	4	4	0	0:00:02.019697
5760	2	0	2	0	0:00:02.011136
5780	7	7	4	1	0:00:01.988528
5800	2	6	4	0	0:00:01.987656
5820	5	6	6	0	0:00:01.988250
5840	2	6	6	0	0:00:02.041316
5860	0	8	8	0	0:00:02.050012
5880	0	8	8	0	0:00:02.054872
5900	4	3	4	0	0:00:02.050330
5920	8	8	8	1	0:00:02.050698
5940	7	4	4	0	0:00:02.051070
5960	2	7	4	0	0:00:02.052842
5980	9	9	6	1	0:00:02.053498
6000	8	9	8	0	0:00:02.046039
6020	6	7	6	0	0:00:02.017403
6040	2	7	7	0	0:00:02.021639
6060	3	4	4	0	0:00:02.017441
6080	1	9	6	0	0:00:02.024993
6100	1	1	8	1	0:00:02.049471
6120	5	-1	5	0	0:00:02.021560
6140	9	9	7	1	0:00:02.019108
6160	2	5	5	0	0:00:02.021670
6180	0	9	8	0	0:00:02.053768
6200	3	9	8	0	0:00:02.076690
6220	2	6	5	0	0:00:02.042431
6240	2	1	4	0	0:00:02.022950
6260	2	9	8	0	0:00:02.012496
6280	8	5	4	0	0:00:02.011781
6300	1	7	4	0	0:00:02.011050
6320	0	0	0	1	0:00:02.004646
6340	3	-1	3	0	0:00:01.979763
6360	2	6	2	0	0:00:01.978146
6380	3	-1	6	0	0:00:01.977010
6400	0	1	4	0	0:00:01.975074
6420	7	8	8	0	0:00:01.980747
6440	3	-1	8	0	0:00:02.040871
6460	3	1	4	0	0:00:02.041152
6480	0	-1	2	0	0:00:02.017013
6500	7	0	8	0	0:00:01.956696
6520	6	-1	4	0	0:00:02.000603
6540	8	8	8	1	0:00:02.014247
6560	6	-1	4	0	0:00:02.004464
6580	1	2	2	0	0:00:01.961827
6600	7	7	7	1	0:00:01.976774
6620	7	7	7	1	0:00:02.016114
6640	5	8	8	0	0:00:01.985483
6660	0	-1	8	0	0:00:01.954710
6680	3	5	5	0	0:00:01.978653
6700	6	-1	2	0	0:00:01.987185
6720	2	4	2	0	0:00:01.992258
6740	2	6	4	0	0:00:01.981477
6760	5	3	6	0	0:00:01.982258
6780	7	7	7	1	0:00:02.014494
6800	6	2	4	0	0:00:01.985332
6820	1	1	8	1	0:00:01.985522
6840	9	1	1	0	0:00:01.959823
6860	0	2	2	0	0:00:01.973836
6880	2	7	6	0	0:00:02.010053
6900	3	7	4	0	0:00:01.958200
6920	5	2	2	0	0:00:01.955515
6940	1	1	1	1	0:00:01.957105
6960	9	8	8	0	0:00:02.012723
6980	0	-1	8	0	0:00:02.013949
7000	2	8	8	0	0:00:01.986423
7020	7	1	8	0	0:00:01.959901
7040	7	8	8	0	0:00:01.957455
7060	8	0	8	0	0:00:01.955936
7080	5	4	4	0	0:00:02.021556
7100	9	3	3	0	0:00:02.011130
7120	7	-1	6	0	0:00:01.983824
7140	4	3	4	0	0:00:01.957750
7160	5	4	4	0	0:00:01.965871
7180	6	6	6	1	0:00:02.024430
7200	4	6	2	0	0:00:02.015707
7220	9	-1	8	0	0:00:01.988887
7240	0	8	8	0	0:00:01.987888
7260	1	8	8	0	0:00:01.987767
7280	1	6	4	0	0:00:01.986912
7300	3	7	4	0	0:00:01.989450
7320	8	0	0	0	0:00:01.989617
7340	2	4	4	0	0:00:01.988428
7360	2	-1	4	0	0:00:01.987325
7380	7	-1	7	0	0:00:01.987426
7400	3	-1	3	0	0:00:01.987409
7420	3	0	0	0	0:00:01.989179
7440	3	6	2	0	0:00:01.988266
7460	5	5	5	1	0:00:01.986650
7480	1	8	5	0	0:00:01.989058
7500	6	6	6	1	0:00:01.991661
7520	4	6	4	0	0:00:01.988123
7540	5	5	5	1	0:00:01.987950
7560	0	6	2	0	0:00:01.987833
7580	8	0	8	0	0:00:01.990811
7600	8	9	8	0	0:00:01.987665
7620	5	-1	4	0	0:00:01.985687
7640	9	-1	6	0	0:00:02.003134
7660	7	-1	4	0	0:00:02.049253
7680	3	9	3	0	0:00:02.040654
7700	6	6	4	1	0:00:02.014278
7720	5	-1	4	0	0:00:01.995528
7740	4	6	2	0	0:00:01.989442
7760	2	9	6	0	0:00:01.988663
7780	3	1	8	0	0:00:01.987026
7800	0	0	8	1	0:00:01.984859
7820	5	8	8	0	0:00:01.982048
7840	1	1	1	1	0:00:01.983775
7860	8	7	4	0	0:00:02.035385
7880	0	0	0	1	0:00:02.045832
7900	0	8	8	0	0:00:02.023672
7920	9	8	8	0	0:00:01.980990
7940	2	6	6	0	0:00:02.003822
7960	0	-1	3	0	0:00:02.018188
7980	3	7	4	0	0:00:01.999280
8000	9	-1	8	0	0:00:01.983037
8020	6	3	3	0	0:00:01.966500
8040	2	6	4	0	0:00:02.015589
8060	6	4	4	0	0:00:02.015828
8080	4	6	6	0	0:00:02.015888
8100	6	2	2	0	0:00:01.986660
8120	8	9	9	0	0:00:01.984227
8140	5	4	4	0	0:00:01.982362
8160	6	9	6	0	0:00:01.986153
8180	4	-1	4	0	0:00:01.980625
8200	3	-1	2	0	0:00:01.987010
8220	6	2	2	0	0:00:01.983267
8240	7	7	4	1	0:00:01.983927
8260	1	3	3	0	0:00:01.984496
8280	4	-1	3	0	0:00:01.982265
8300	5	2	2	0	0:00:01.981770
8320	7	3	4	0	0:00:01.981640
8340	5	3	4	0	0:00:01.981760
8360	7	-1	4	0	0:00:01.986806
8380	9	8	8	0	0:00:01.988387
8400	0	8	8	0	0:00:01.979778
8420	3	-1	4	0	0:00:01.986156
8440	5	3	4	0	0:00:02.018729
8460	8	8	8	1	0:00:02.019380
8480	2	1	8	0	0:00:02.000596
8500	4	2	2	0	0:00:01.985069
8520	8	4	4	0	0:00:01.979840
8540	4	6	2	0	0:00:02.018070
8560	7	4	4	0	0:00:02.014260
8580	3	0	2	0	0:00:01.997555
8600	3	7	4	0	0:00:01.985336
8620	3	-1	4	0	0:00:01.985472
8640	1	1	8	1	0:00:01.984042
8660	7	5	5	0	0:00:01.983343
8680	3	9	8	0	0:00:01.988910
8700	3	3	3	1	0:00:01.989800
8720	2	0	0	0	0:00:01.984267
8740	2	-1	4	0	0:00:01.957236
8760	8	8	5	1	0:00:02.006983
8780	4	7	4	0	0:00:02.012753
8800	0	0	0	1	0:00:01.983391
8820	2	3	3	0	0:00:01.983495
8840	2	1	1	0	0:00:01.986037
8860	2	6	6	0	0:00:01.983623
8880	1	9	6	0	0:00:01.987508
8900	2	6	4	0	0:00:01.989661
8920	6	6	6	1	0:00:01.984397
8940	6	3	3	0	0:00:01.982445
8960	0	0	0	1	0:00:01.984339
8980	9	9	8	1	0:00:01.980781
9000	8	8	8	1	0:00:01.972325
9020	7	9	8	0	0:00:02.018769
9040	2	5	5	0	0:00:02.000094
9060	9	5	5	0	0:00:01.981196
9080	3	0	0	0	0:00:01.957554
9100	9	6	6	0	0:00:01.953533
9120	3	0	0	0	0:00:02.013808
9140	7	-1	8	0	0:00:01.984520
9160	5	7	4	0	0:00:01.986136
9180	5	5	5	1	0:00:01.981027
9200	8	8	8	1	0:00:01.998180
9220	8	8	8	1	0:00:02.015966
9240	8	-1	8	0	0:00:01.999478
9260	5	6	5	0	0:00:01.982107
9280	9	1	8	0	0:00:01.956610
9300	5	3	2	0	0:00:01.997734
9320	9	9	8	1	0:00:02.014971
9340	1	1	1	1	0:00:01.999736
9360	5	-1	4	0	0:00:01.972997
9380	5	9	3	0	0:00:02.016689
9400	6	4	4	0	0:00:02.003949
9420	5	6	6	0	0:00:01.983689
9440	8	8	8	1	0:00:01.956770
9460	3	7	4	0	0:00:02.017764
9480	2	4	4	0	0:00:02.013378
9500	9	1	4	0	0:00:01.991642
9520	1	-1	1	0	0:00:01.984267
9540	5	3	4	0	0:00:01.982018
9560	9	7	7	0	0:00:01.980925
9580	1	4	4	0	0:00:01.956408
9600	8	8	8	1	0:00:02.013946
9620	4	7	4	0	0:00:01.994890
9640	5	0	0	0	0:00:01.950980
9660	6	6	6	1	0:00:02.008788
9680	8	8	8	1	0:00:02.010605
9700	0	0	2	1	0:00:01.982462
9720	8	6	4	0	0:00:01.985122
9740	3	4	4	0	0:00:01.984134
9760	9	7	4	0	0:00:01.979427
9780	4	6	6	0	0:00:01.957132
9800	1	1	1	1	0:00:02.013685
9820	0	8	8	0	0:00:02.014931
9840	4	5	5	0	0:00:01.988266
9860	0	5	8	0	0:00:01.982678
9880	7	4	4	0	0:00:01.985936
9900	8	0	6	0	0:00:01.983104
9920	6	4	2	0	0:00:01.953239
9940	4	5	6	0	0:00:02.014464
9960	2	0	0	0	0:00:02.013046
9980	0	0	0	1	0:00:01.984586
