idx	label	predict	basePredict	correct	time
0	3	3	3	1	0:00:16.868052
20	7	9	9	0	0:00:15.689024
40	4	4	4	1	0:00:15.687355
60	7	7	7	1	0:00:15.725142
80	8	8	8	1	0:00:15.661680
100	4	5	5	0	0:00:15.721237
120	8	8	8	1	0:00:15.687113
140	6	6	6	1	0:00:15.677157
160	2	2	2	1	0:00:15.721983
180	0	0	0	1	0:00:15.709091
200	5	5	5	1	0:00:15.814610
220	7	7	7	1	0:00:15.715252
240	1	1	1	1	0:00:15.762692
260	8	5	5	0	0:00:15.768783
280	9	9	9	1	0:00:15.743518
300	6	6	6	1	0:00:15.786565
320	3	5	5	0	0:00:15.810481
340	2	6	6	0	0:00:15.752759
360	9	9	7	1	0:00:15.795797
380	6	6	4	1	0:00:15.716355
400	9	9	9	1	0:00:15.719172
420	4	4	4	1	0:00:15.822231
440	1	1	1	1	0:00:15.774168
460	5	5	5	1	0:00:15.731411
480	8	9	9	0	0:00:15.699044
500	4	6	6	0	0:00:15.755319
520	5	5	5	1	0:00:15.761327
540	1	1	1	1	0:00:15.800448
560	0	0	0	1	0:00:15.766965
580	4	6	4	0	0:00:15.775750
600	8	8	8	1	0:00:15.708881
620	7	7	7	1	0:00:15.792604
640	5	3	3	0	0:00:15.718377
660	9	9	9	1	0:00:15.745735
680	9	9	9	1	0:00:15.793587
700	7	7	7	1	0:00:15.725971
720	4	7	9	0	0:00:15.828271
740	2	5	5	0	0:00:15.803775
760	3	3	3	1	0:00:15.810571
780	9	9	9	1	0:00:15.793502
800	7	7	7	1	0:00:15.725732
820	6	1	1	0	0:00:15.725096
840	7	7	7	1	0:00:15.711890
860	4	4	4	1	0:00:15.710247
880	8	8	8	1	0:00:15.828396
900	2	6	6	0	0:00:15.712001
920	6	6	6	1	0:00:15.711201
940	9	9	9	1	0:00:15.844527
960	9	3	3	0	0:00:15.781657
980	2	6	6	0	0:00:15.724017
1000	5	5	5	1	0:00:14.977958
1020	1	1	1	1	0:00:15.031126
1040	7	5	5	0	0:00:14.977346
1060	9	9	9	1	0:00:15.031057
1080	6	6	2	1	0:00:14.983035
1100	7	8	8	0	0:00:14.996477
1120	5	2	2	0	0:00:14.988040
1140	6	6	6	1	0:00:14.964359
1160	8	8	8	1	0:00:14.982770
1180	3	3	3	1	0:00:14.997744
1200	8	8	8	1	0:00:14.993661
1220	9	6	6	0	0:00:14.961371
1240	2	6	6	0	0:00:14.966128
1260	1	9	1	0	0:00:14.989365
1280	3	7	5	0	0:00:14.980495
1300	4	3	3	0	0:00:14.953813
1320	7	2	2	0	0:00:14.978560
1340	1	1	1	1	0:00:14.990741
1360	7	7	7	1	0:00:14.977968
1380	4	5	5	0	0:00:14.978286
1400	5	6	5	0	0:00:14.993603
1420	4	7	7	0	0:00:15.000975
1440	0	8	8	0	0:00:14.998606
1460	6	6	6	1	0:00:14.970457
1480	1	1	1	1	0:00:15.014555
1500	1	1	1	1	0:00:15.017617
1520	7	7	7	1	0:00:14.980776
1540	8	8	8	1	0:00:14.991606
1560	7	7	7	1	0:00:14.979668
1580	6	1	1	0	0:00:14.978968
1600	8	1	1	0	0:00:15.013163
1620	5	4	4	0	0:00:14.967677
1640	7	3	3	0	0:00:15.020206
1660	3	3	3	1	0:00:15.013376
1680	6	6	6	1	0:00:14.985730
1700	5	5	5	1	0:00:14.964543
1720	4	4	3	1	0:00:14.980447
1740	1	9	9	0	0:00:14.988049
1760	0	8	8	0	0:00:14.965748
1780	7	9	7	0	0:00:14.966916
1800	4	4	8	1	0:00:14.976137
1820	8	9	8	0	0:00:14.997618
1840	8	9	7	0	0:00:14.990477
1860	8	8	8	1	0:00:14.996913
1880	1	1	1	1	0:00:14.982451
1900	8	8	8	1	0:00:15.003118
1920	2	2	2	1	0:00:15.015748
1940	5	5	5	1	0:00:14.985171
1960	2	5	5	0	0:00:15.021659
1980	9	9	9	1	0:00:14.967543
2000	1	1	1	1	0:00:14.994376
2020	9	9	9	1	0:00:15.043443
2040	0	0	0	1	0:00:15.036179
2060	5	3	3	0	0:00:15.004587
2080	1	9	1	0	0:00:14.986869
2100	2	7	7	0	0:00:14.975335
2120	4	8	8	0	0:00:15.022641
2140	9	9	9	1	0:00:14.961706
2160	0	8	8	0	0:00:15.000717
2180	4	4	4	1	0:00:14.975106
2200	0	0	0	1	0:00:14.974159
2220	1	1	1	1	0:00:15.045095
2240	9	9	1	1	0:00:15.036258
2260	4	7	7	0	0:00:14.987054
2280	4	3	3	0	0:00:14.990436
2300	3	6	4	0	0:00:14.983355
2320	5	2	2	0	0:00:14.993165
2340	7	7	7	1	0:00:14.994853
2360	7	7	7	1	0:00:14.974100
2380	8	8	8	1	0:00:14.980629
2400	0	0	0	1	0:00:15.010653
2420	8	5	5	0	0:00:14.968132
2440	7	7	7	1	0:00:15.047511
2460	9	9	3	1	0:00:14.981297
2480	8	8	8	1	0:00:14.987856
2500	4	6	4	0	0:00:14.987087
2520	1	3	3	0	0:00:14.978736
2540	2	3	3	0	0:00:14.979159
2560	7	7	7	1	0:00:14.973545
2580	6	6	6	1	0:00:15.032674
2600	8	8	8	1	0:00:14.979982
2620	1	1	1	1	0:00:14.964587
2640	7	7	7	1	0:00:14.994318
2660	3	2	2	0	0:00:14.981170
2680	0	0	0	1	0:00:14.984999
2700	9	1	1	0	0:00:14.982752
2720	3	3	3	1	0:00:14.970760
2740	1	1	1	1	0:00:15.033328
2760	2	2	2	1	0:00:15.022815
2780	7	7	7	1	0:00:14.978478
2800	4	6	4	0	0:00:14.989080
2820	6	6	6	1	0:00:14.986336
2840	3	3	3	1	0:00:14.967263
2860	5	7	6	0	0:00:14.982808
2880	4	4	4	1	0:00:14.981916
2900	3	5	5	0	0:00:15.016239
2920	2	3	3	0	0:00:14.984656
2940	3	0	0	0	0:00:14.978373
2960	9	9	9	1	0:00:15.001216
2980	8	8	8	1	0:00:14.974014
3000	5	5	5	1	0:00:14.965924
3020	1	1	1	1	0:00:15.003254
3040	7	7	7	1	0:00:14.979119
3060	7	7	7	1	0:00:14.989071
3080	1	1	1	1	0:00:14.991760
3100	0	0	0	1	0:00:14.968086
3120	4	6	6	0	0:00:15.050316
3140	8	8	8	1	0:00:14.971175
3160	6	2	2	0	0:00:14.989475
3180	3	3	3	1	0:00:15.036438
3200	5	5	5	1	0:00:15.016988
3220	3	9	9	0	0:00:14.931594
3240	4	1	2	0	0:00:14.939628
3260	7	7	7	1	0:00:14.958419
3280	3	5	5	0	0:00:14.991540
3300	4	2	2	0	0:00:14.981679
3320	2	7	7	0	0:00:14.994380
3340	6	6	6	1	0:00:14.959498
3360	4	6	3	0	0:00:14.997616
3380	8	8	8	1	0:00:14.971053
3400	6	4	4	0	0:00:14.957533
3420	5	7	7	0	0:00:14.969533
3440	2	3	3	0	0:00:14.996737
3460	1	1	1	1	0:00:15.011980
3480	2	2	2	1	0:00:14.951414
3500	1	1	9	1	0:00:14.966986
3520	1	1	1	1	0:00:14.944327
3540	6	6	6	1	0:00:14.933943
3560	1	9	9	0	0:00:14.972250
3580	4	4	4	1	0:00:14.952042
3600	4	2	2	0	0:00:14.952007
3620	0	6	5	0	0:00:14.954998
3640	6	2	6	0	0:00:14.929227
3660	0	8	8	0	0:00:14.927607
3680	0	7	2	0	0:00:14.939900
3700	3	5	5	0	0:00:14.932191
3720	2	2	2	1	0:00:14.989101
3740	0	0	0	1	0:00:14.928687
3760	7	7	7	1	0:00:14.965186
3780	4	4	4	1	0:00:14.936056
3800	9	9	9	1	0:00:14.933028
3820	0	2	0	0	0:00:14.968655
3840	6	8	6	0	0:00:14.987406
3860	7	7	7	1	0:00:14.984136
3880	6	4	4	0	0:00:14.979737
3900	3	6	6	0	0:00:14.949939
3920	7	9	9	0	0:00:15.063061
3940	6	7	4	0	0:00:14.976344
3960	2	2	2	1	0:00:14.995403
3980	9	6	2	0	0:00:14.987397
4000	8	7	9	0	0:00:14.946480
4020	8	8	8	1	0:00:14.948388
4040	0	0	0	1	0:00:14.944576
4060	6	6	6	1	0:00:15.014291
4080	1	1	1	1	0:00:14.958155
4100	7	7	7	1	0:00:14.937128
4120	4	4	4	1	0:00:14.944497
4140	5	5	5	1	0:00:14.951380
4160	5	5	5	1	0:00:14.938053
4180	0	8	8	0	0:00:14.938135
4200	4	4	2	1	0:00:14.928609
4220	4	0	0	0	0:00:14.934094
4240	7	8	8	0	0:00:14.933309
4260	8	8	8	1	0:00:14.933778
4280	8	9	9	0	0:00:14.935889
4300	8	8	8	1	0:00:14.959716
4320	1	8	8	0	0:00:14.941505
4340	0	0	0	1	0:00:14.991119
4360	6	9	9	0	0:00:14.945775
4380	9	9	9	1	0:00:14.995709
4400	3	6	4	0	0:00:14.985854
4420	5	7	7	0	0:00:14.946891
4440	2	3	3	0	0:00:14.946937
4460	9	9	9	1	0:00:14.940658
4480	9	9	9	1	0:00:15.002076
4500	3	5	5	0	0:00:14.959942
4520	3	6	6	0	0:00:14.989349
4540	9	9	9	1	0:00:14.940520
4560	1	1	1	1	0:00:14.963252
4580	6	6	4	1	0:00:14.941249
4600	4	2	2	0	0:00:14.935699
4620	7	7	7	1	0:00:14.937268
4640	2	2	2	1	0:00:14.954349
4660	7	7	7	1	0:00:14.933646
4680	9	9	9	1	0:00:14.930292
4700	6	-1	5	0	0:00:14.940458
4720	8	0	0	0	0:00:14.943427
4740	5	3	3	0	0:00:14.946209
4760	3	2	2	0	0:00:14.934730
4780	0	0	0	1	0:00:14.994001
4800	9	9	9	1	0:00:14.969540
4820	3	3	3	1	0:00:15.001147
4840	0	0	0	1	0:00:14.993365
4860	5	5	5	1	0:00:15.006628
4880	0	7	7	0	0:00:14.990994
4900	3	1	5	0	0:00:15.024009
4920	7	7	7	1	0:00:14.954405
4940	6	6	4	1	0:00:14.934454
4960	4	3	3	0	0:00:14.953744
4980	1	9	9	0	0:00:14.975290
5000	7	7	7	1	0:00:15.011030
5020	8	8	8	1	0:00:14.999114
5040	3	3	3	1	0:00:15.057203
5060	6	6	2	1	0:00:14.963886
5080	7	7	4	1	0:00:14.966111
5100	3	3	3	1	0:00:15.017710
5120	9	9	9	1	0:00:14.958439
5140	8	8	8	1	0:00:14.946060
5160	0	0	0	1	0:00:14.935328
5180	9	7	7	0	0:00:14.951750
5200	3	3	3	1	0:00:14.960570
5220	0	0	0	1	0:00:14.956561
5240	1	9	9	0	0:00:14.934167
5260	0	0	0	1	0:00:14.999385
5280	0	8	8	0	0:00:14.997738
5300	9	9	9	1	0:00:14.947996
5320	7	7	7	1	0:00:14.988889
5340	3	5	3	0	0:00:14.941566
5360	9	9	9	1	0:00:14.969420
5380	1	9	9	0	0:00:14.947371
5400	9	9	9	1	0:00:14.956468
5420	6	6	6	1	0:00:14.967559
5440	9	9	9	1	0:00:14.959171
5460	0	6	6	0	0:00:14.999166
5480	1	1	1	1	0:00:14.957576
5500	8	8	8	1	0:00:15.022901
5520	4	3	3	0	0:00:14.980521
5540	5	6	6	0	0:00:14.940249
5560	3	6	6	0	0:00:14.929082
5580	5	6	6	0	0:00:14.993833
5600	6	9	4	0	0:00:14.984064
5620	3	2	2	0	0:00:14.949306
5640	2	9	3	0	0:00:14.947117
5660	9	9	9	1	0:00:14.941543
5680	2	3	3	0	0:00:14.937884
5700	3	5	5	0	0:00:14.960250
5720	9	9	9	1	0:00:15.002713
5740	6	4	4	0	0:00:14.958228
5760	2	2	2	1	0:00:14.948009
5780	7	7	7	1	0:00:15.064576
5800	2	2	2	1	0:00:15.021504
5820	5	6	3	0	0:00:15.038261
5840	2	5	5	0	0:00:14.948557
5860	0	0	8	1	0:00:14.942366
5880	0	0	0	1	0:00:14.937246
5900	4	0	5	0	0:00:15.024228
5920	8	8	8	1	0:00:15.029819
5940	7	6	6	0	0:00:15.005046
5960	2	6	6	0	0:00:14.938750
5980	9	9	9	1	0:00:14.959686
6000	8	8	8	1	0:00:14.951283
6020	6	6	6	1	0:00:14.981164
6040	2	7	7	0	0:00:14.984341
6060	3	6	4	0	0:00:14.940365
6080	1	1	1	1	0:00:14.940987
6100	1	1	1	1	0:00:14.927866
6120	5	5	5	1	0:00:14.943325
6140	9	9	9	1	0:00:14.939502
6160	2	2	5	1	0:00:14.950148
6180	0	9	0	0	0:00:14.943925
6200	3	3	3	1	0:00:14.954994
6220	2	5	5	0	0:00:14.939036
6240	2	2	0	1	0:00:14.954691
6260	2	1	1	0	0:00:14.930905
6280	8	5	5	0	0:00:14.959287
6300	1	1	1	1	0:00:14.937317
6320	0	0	0	1	0:00:14.955131
6340	3	7	3	0	0:00:14.966701
6360	2	6	2	0	0:00:14.955922
6380	3	6	4	0	0:00:14.936349
6400	0	0	0	1	0:00:14.935021
6420	7	7	7	1	0:00:14.933812
6440	3	6	8	0	0:00:14.970383
6460	3	3	3	1	0:00:15.028151
6480	0	2	0	0	0:00:15.048374
6500	7	6	6	0	0:00:14.955207
6520	6	6	2	1	0:00:14.951629
6540	8	8	8	1	0:00:14.983788
6560	6	6	6	1	0:00:14.942836
6580	1	7	7	0	0:00:14.948229
6600	7	7	7	1	0:00:14.933591
6620	7	7	7	1	0:00:15.021243
6640	5	3	3	0	0:00:15.003735
6660	0	0	0	1	0:00:14.954955
6680	3	3	3	1	0:00:14.968908
6700	6	6	6	1	0:00:14.986388
6720	2	4	4	0	0:00:14.999842
6740	2	-1	2	0	0:00:14.973694
6760	5	5	5	1	0:00:14.938342
6780	7	7	7	1	0:00:14.959206
6800	6	4	4	0	0:00:14.957244
6820	1	1	1	1	0:00:15.040137
6840	9	9	9	1	0:00:15.054221
6860	0	0	0	1	0:00:14.994135
6880	2	2	2	1	0:00:15.003715
6900	3	3	3	1	0:00:14.987633
6920	5	2	4	0	0:00:14.959754
6940	1	1	1	1	0:00:14.951892
6960	9	8	8	0	0:00:14.939187
6980	0	1	1	0	0:00:14.970428
7000	2	8	8	0	0:00:14.941478
7020	7	7	7	1	0:00:14.934911
7040	7	1	8	0	0:00:14.962961
7060	8	8	8	1	0:00:14.981419
7080	5	4	4	0	0:00:14.949131
7100	9	2	2	0	0:00:14.995623
7120	7	7	7	1	0:00:14.989194
7140	4	7	7	0	0:00:14.949121
7160	5	5	5	1	0:00:15.004295
7180	6	6	6	1	0:00:14.935909
7200	4	6	6	0	0:00:15.023478
7220	9	9	0	1	0:00:14.955055
7240	0	8	8	0	0:00:14.962285
7260	1	1	1	1	0:00:14.963617
7280	1	0	0	0	0:00:14.966786
7300	3	4	4	0	0:00:14.992510
7320	8	0	0	0	0:00:14.950335
7340	2	4	4	0	0:00:14.970262
7360	2	7	2	0	0:00:14.991896
7380	7	7	7	1	0:00:14.940505
7400	3	9	3	0	0:00:14.941211
7420	3	2	2	0	0:00:14.966617
7440	3	7	7	0	0:00:14.957353
7460	5	5	5	1	0:00:14.988914
7480	1	9	8	0	0:00:14.947729
7500	6	6	6	1	0:00:14.954124
7520	4	4	4	1	0:00:14.954659
7540	5	5	5	1	0:00:14.934961
7560	0	0	0	1	0:00:14.942845
7580	8	8	8	1	0:00:14.937885
7600	8	9	9	0	0:00:14.944844
7620	5	3	3	0	0:00:14.947879
7640	9	9	9	1	0:00:14.936265
7660	7	7	7	1	0:00:14.939507
7680	3	9	3	0	0:00:14.961733
7700	6	6	6	1	0:00:14.995600
7720	5	2	2	0	0:00:15.006533
7740	4	6	2	0	0:00:15.007148
7760	2	9	9	0	0:00:15.040451
7780	3	9	9	0	0:00:15.006402
7800	0	0	0	1	0:00:14.942137
7820	5	5	5	1	0:00:14.940657
7840	1	1	1	1	0:00:14.976991
7860	8	8	8	1	0:00:14.956507
7880	0	0	0	1	0:00:14.959154
7900	0	2	2	0	0:00:14.945886
7920	9	1	1	0	0:00:14.975830
7940	2	6	6	0	0:00:14.952410
7960	0	0	0	1	0:00:14.975924
7980	3	3	3	1	0:00:14.952120
8000	9	9	9	1	0:00:14.951818
8020	6	7	7	0	0:00:14.930698
8040	2	2	2	1	0:00:14.938207
8060	6	6	6	1	0:00:14.958224
8080	4	6	4	0	0:00:14.977805
8100	6	2	2	0	0:00:14.942122
8120	8	9	8	0	0:00:14.964489
8140	5	4	4	0	0:00:14.932805
8160	6	6	6	1	0:00:14.944013
8180	4	6	4	0	0:00:14.979395
8200	3	0	0	0	0:00:14.939680
8220	6	7	6	0	0:00:14.974328
8240	7	7	7	1	0:00:14.957929
8260	1	1	1	1	0:00:14.942109
8280	4	5	5	0	0:00:14.937099
8300	5	2	2	0	0:00:14.954049
8320	7	7	7	1	0:00:15.036760
8340	5	5	5	1	0:00:15.052281
8360	7	7	7	1	0:00:14.969296
8380	9	9	9	1	0:00:14.982120
8400	0	0	0	1	0:00:14.970709
8420	3	6	6	0	0:00:14.964974
8440	5	3	3	0	0:00:14.958371
8460	8	8	8	1	0:00:14.960845
8480	2	2	2	1	0:00:14.961504
8500	4	4	4	1	0:00:14.958920
8520	8	8	8	1	0:00:14.986181
8540	4	6	4	0	0:00:14.948977
8560	7	7	7	1	0:00:14.955325
8580	3	9	9	0	0:00:14.955444
8600	3	5	5	0	0:00:14.930249
8620	3	2	2	0	0:00:14.944389
8640	1	1	1	1	0:00:14.944565
8660	7	7	5	1	0:00:14.939428
8680	3	6	6	0	0:00:14.944315
8700	3	3	3	1	0:00:14.939917
8720	2	0	0	0	0:00:14.973745
8740	2	4	4	0	0:00:15.044998
8760	8	8	8	1	0:00:14.971687
8780	4	7	4	0	0:00:14.942966
8800	0	0	0	1	0:00:15.001931
8820	2	2	2	1	0:00:14.945402
8840	2	6	2	0	0:00:14.962370
8860	2	2	2	1	0:00:14.963972
8880	1	1	1	1	0:00:14.939493
8900	2	4	2	0	0:00:14.992083
8920	6	6	6	1	0:00:14.958488
8940	6	3	3	0	0:00:14.958666
8960	0	0	0	1	0:00:14.990187
8980	9	9	9	1	0:00:14.970339
9000	8	8	8	1	0:00:14.999589
9020	7	7	7	1	0:00:15.012812
9040	2	5	5	0	0:00:14.935799
9060	9	9	9	1	0:00:14.980819
9080	3	3	6	1	0:00:15.018324
9100	9	1	1	0	0:00:14.974133
9120	3	5	5	0	0:00:15.008901
9140	7	7	7	1	0:00:14.946554
9160	5	5	5	1	0:00:14.939983
9180	5	5	5	1	0:00:14.948251
9200	8	8	8	1	0:00:14.944056
9220	8	8	8	1	0:00:14.943551
9240	8	8	8	1	0:00:14.935895
9260	5	5	5	1	0:00:14.944018
9280	9	9	8	1	0:00:14.946922
9300	5	4	4	0	0:00:14.955729
9320	9	9	9	1	0:00:14.934703
9340	1	1	1	1	0:00:14.943671
9360	5	0	0	0	0:00:14.940233
9380	5	3	3	0	0:00:14.967094
9400	6	6	6	1	0:00:15.014831
9420	5	5	5	1	0:00:14.970098
9440	8	8	8	1	0:00:14.975525
9460	3	7	7	0	0:00:14.986891
9480	2	6	4	0	0:00:14.991877
9500	9	9	9	1	0:00:14.953082
9520	1	1	1	1	0:00:14.985154
9540	5	5	5	1	0:00:14.943751
9560	9	7	7	0	0:00:14.931892
9580	1	1	1	1	0:00:14.940903
9600	8	8	8	1	0:00:14.962666
9620	4	4	4	1	0:00:14.996698
9640	5	5	5	1	0:00:14.946163
9660	6	6	6	1	0:00:14.984178
9680	8	8	8	1	0:00:14.940793
9700	0	0	0	1	0:00:14.943559
9720	8	1	8	0	0:00:14.979365
9740	3	6	6	0	0:00:14.979357
9760	9	7	7	0	0:00:14.943902
9780	4	6	6	0	0:00:15.006505
9800	1	1	1	1	0:00:14.939482
9820	0	8	8	0	0:00:14.969887
9840	4	3	3	0	0:00:14.960958
9860	0	5	5	0	0:00:14.949220
9880	7	8	8	0	0:00:14.980794
9900	8	8	8	1	0:00:14.951478
9920	6	6	6	1	0:00:14.943363
9940	4	4	4	1	0:00:14.951667
9960	2	0	0	0	0:00:14.948636
9980	0	0	0	1	0:00:14.939252
