idx	label	predict	basePredict	correct	time
0	3	-1	5	0	0:00:01.445450
20	7	7	3	1	0:00:01.123480
40	4	4	4	1	0:00:01.105165
60	7	7	7	1	0:00:01.112329
80	8	8	8	1	0:00:01.077821
100	4	4	5	1	0:00:01.038260
120	8	8	8	1	0:00:01.052690
140	6	6	3	1	0:00:01.062508
160	2	2	2	1	0:00:01.140064
180	0	0	0	1	0:00:01.049129
200	5	-1	3	0	0:00:01.065296
220	7	7	7	1	0:00:01.135192
240	1	1	1	1	0:00:01.082372
260	8	8	8	1	0:00:01.076602
280	9	9	9	1	0:00:01.067444
300	6	6	6	1	0:00:01.081874
320	3	3	3	1	0:00:01.068857
340	2	2	2	1	0:00:01.042254
360	9	9	9	1	0:00:01.086500
380	6	6	6	1	0:00:01.095461
400	9	9	9	1	0:00:01.095991
420	4	4	4	1	0:00:01.077618
440	1	1	1	1	0:00:01.084062
460	5	5	5	1	0:00:01.039257
480	8	8	8	1	0:00:01.064279
500	4	-1	4	0	0:00:01.074442
520	5	5	5	1	0:00:01.120612
540	1	1	1	1	0:00:01.098899
560	0	0	0	1	0:00:01.087456
580	4	4	4	1	0:00:01.069984
600	8	8	8	1	0:00:01.072534
620	7	7	7	1	0:00:01.081750
640	5	3	3	0	0:00:01.126803
660	9	9	9	1	0:00:01.072881
680	9	9	9	1	0:00:01.067338
700	7	7	7	1	0:00:01.057858
720	4	4	4	1	0:00:01.063397
740	2	2	2	1	0:00:01.084297
760	3	3	3	1	0:00:01.067557
780	9	9	9	1	0:00:01.069814
800	7	7	7	1	0:00:01.102239
820	6	2	2	0	0:00:01.077343
840	7	7	7	1	0:00:01.070763
860	4	4	4	1	0:00:01.085450
880	8	8	8	1	0:00:01.070310
900	2	-1	2	0	0:00:01.074993
920	6	6	0	1	0:00:01.078317
940	9	9	9	1	0:00:01.063385
960	9	9	9	1	0:00:01.079338
980	2	2	2	1	0:00:01.103720
1000	5	5	5	1	0:00:01.003407
1020	1	1	1	1	0:00:00.957126
1040	7	-1	3	0	0:00:00.974494
1060	9	9	9	1	0:00:00.954734
1080	6	6	6	1	0:00:00.965805
1100	7	7	8	1	0:00:00.965735
1120	5	5	2	1	0:00:00.979943
1140	6	6	3	1	0:00:00.965688
1160	8	8	8	1	0:00:00.936807
1180	3	3	3	1	0:00:00.965170
1200	8	8	8	1	0:00:00.971747
1220	9	6	3	0	0:00:00.993022
1240	2	-1	2	0	0:00:00.982898
1260	1	-1	1	0	0:00:00.978025
1280	3	3	3	1	0:00:00.980297
1300	4	-1	3	0	0:00:00.968151
1320	7	7	7	1	0:00:00.966723
1340	1	1	1	1	0:00:00.955559
1360	7	7	7	1	0:00:00.971002
1380	4	-1	3	0	0:00:00.978591
1400	5	5	5	1	0:00:00.981567
1420	4	-1	7	0	0:00:00.983472
1440	0	2	2	0	0:00:00.993342
1460	6	6	6	1	0:00:01.035674
1480	1	1	1	1	0:00:01.000336
1500	1	1	1	1	0:00:00.993831
1520	7	7	7	1	0:00:00.984621
1540	8	8	8	1	0:00:00.974865
1560	7	7	7	1	0:00:00.968361
1580	6	-1	5	0	0:00:00.970170
1600	8	-1	8	0	0:00:00.985177
1620	5	3	3	0	0:00:01.003993
1640	7	7	7	1	0:00:01.006840
1660	3	3	3	1	0:00:00.970703
1680	6	6	3	1	0:00:00.984630
1700	5	5	5	1	0:00:00.991107
1720	4	4	4	1	0:00:00.999540
1740	1	1	1	1	0:00:00.994562
1760	0	0	0	1	0:00:00.989493
1780	7	7	7	1	0:00:00.982090
1800	4	4	2	1	0:00:00.991567
1820	8	8	8	1	0:00:00.974580
1840	8	8	8	1	0:00:00.999143
1860	8	8	8	1	0:00:00.996300
1880	1	1	1	1	0:00:00.989209
1900	8	8	8	1	0:00:00.994428
1920	2	2	2	1	0:00:01.007023
1940	5	5	5	1	0:00:01.017001
1960	2	-1	2	0	0:00:00.983092
1980	9	9	9	1	0:00:01.009638
2000	1	1	1	1	0:00:00.983596
2020	9	9	9	1	0:00:00.995574
2040	0	0	0	1	0:00:01.004289
2060	5	3	3	0	0:00:00.997393
2080	1	1	1	1	0:00:01.012481
2100	2	2	2	1	0:00:01.013665
2120	4	4	8	1	0:00:00.981812
2140	9	9	9	1	0:00:00.971551
2160	0	0	0	1	0:00:00.997882
2180	4	4	4	1	0:00:01.000169
2200	0	0	0	1	0:00:00.992417
2220	1	1	1	1	0:00:00.991727
2240	9	9	1	1	0:00:00.984047
2260	4	4	4	1	0:00:00.978335
2280	4	4	2	1	0:00:00.997928
2300	3	-1	0	0	0:00:00.990008
2320	5	3	3	0	0:00:00.986156
2340	7	7	7	1	0:00:00.989942
2360	7	-1	7	0	0:00:00.983403
2380	8	8	8	1	0:00:00.972045
2400	0	0	0	1	0:00:00.963933
2420	8	7	7	0	0:00:00.987420
2440	7	7	7	1	0:00:00.966753
2460	9	9	9	1	0:00:00.978532
2480	8	8	8	1	0:00:00.969450
2500	4	4	4	1	0:00:01.006694
2520	1	1	1	1	0:00:00.980370
2540	2	3	2	0	0:00:00.999923
2560	7	7	7	1	0:00:00.971615
2580	6	-1	5	0	0:00:00.994613
2600	8	8	8	1	0:00:01.005468
2620	1	1	1	1	0:00:00.996023
2640	7	7	7	1	0:00:00.979052
2660	3	3	3	1	0:00:01.005817
2680	0	0	0	1	0:00:01.015960
2700	9	9	9	1	0:00:01.000685
2720	3	3	3	1	0:00:00.986770
2740	1	1	1	1	0:00:00.998599
2760	2	2	2	1	0:00:00.994802
2780	7	7	7	1	0:00:01.004694
2800	4	4	4	1	0:00:00.985932
2820	6	6	6	1	0:00:00.994753
2840	3	3	3	1	0:00:00.993833
2860	5	4	3	0	0:00:01.008085
2880	4	4	4	1	0:00:00.994463
2900	3	2	2	0	0:00:01.006624
2920	2	2	2	1	0:00:01.013489
2940	3	0	0	0	0:00:01.002407
2960	9	0	0	0	0:00:00.983549
2980	8	8	8	1	0:00:00.997599
3000	5	5	5	1	0:00:00.974255
3020	1	1	1	1	0:00:00.939779
3040	7	7	7	1	0:00:00.992580
3060	7	7	7	1	0:00:00.990056
3080	1	1	1	1	0:00:01.001630
3100	0	0	0	1	0:00:01.007355
3120	4	4	3	1	0:00:00.997794
3140	8	8	8	1	0:00:00.996869
3160	6	2	2	0	0:00:00.986379
3180	3	6	3	0	0:00:01.000132
3200	5	5	5	1	0:00:00.991023
3220	3	9	9	0	0:00:00.992400
3240	4	4	4	1	0:00:00.991349
3260	7	7	7	1	0:00:01.001643
3280	3	3	5	1	0:00:00.987714
3300	4	4	3	1	0:00:00.995698
3320	2	0	0	0	0:00:00.972292
3340	6	6	6	1	0:00:00.981593
3360	4	4	0	1	0:00:00.991230
3380	8	8	8	1	0:00:00.997825
3400	6	4	4	0	0:00:00.995346
3420	5	-1	3	0	0:00:00.991479
3440	2	3	3	0	0:00:00.995952
3460	1	1	1	1	0:00:00.995141
3480	2	2	2	1	0:00:00.972483
3500	1	1	1	1	0:00:00.984567
3520	1	1	1	1	0:00:00.995307
3540	6	6	6	1	0:00:01.013586
3560	1	9	9	0	0:00:00.974655
3580	4	4	4	1	0:00:00.968093
3600	4	-1	3	0	0:00:00.993007
3620	0	0	0	1	0:00:00.999025
3640	6	6	6	1	0:00:01.005193
3660	0	0	0	1	0:00:00.996374
3680	0	0	0	1	0:00:00.983913
3700	3	3	3	1	0:00:01.000380
3720	2	2	2	1	0:00:01.001652
3740	0	0	0	1	0:00:00.996405
3760	7	7	7	1	0:00:01.017445
3780	4	4	3	1	0:00:01.004902
3800	9	9	9	1	0:00:00.986302
3820	0	-1	0	0	0:00:00.994497
3840	6	6	3	1	0:00:00.999468
3860	7	7	7	1	0:00:01.004133
3880	6	6	6	1	0:00:00.996314
3900	3	3	3	1	0:00:00.986256
3920	7	7	7	1	0:00:00.995099
3940	6	6	3	1	0:00:00.986332
3960	2	2	2	1	0:00:01.007570
3980	9	2	2	0	0:00:00.982792
4000	8	7	7	0	0:00:00.984848
4020	8	8	8	1	0:00:00.983202
4040	0	0	0	1	0:00:01.004678
4060	6	6	6	1	0:00:00.989243
4080	1	1	1	1	0:00:00.992474
4100	7	7	7	1	0:00:00.994401
4120	4	4	4	1	0:00:00.975969
4140	5	5	7	1	0:00:00.987988
4160	5	5	5	1	0:00:00.942972
4180	0	0	8	1	0:00:00.990971
4200	4	4	4	1	0:00:00.973147
4220	4	-1	4	0	0:00:00.982162
4240	7	7	7	1	0:00:00.948704
4260	8	8	8	1	0:00:00.979568
4280	8	0	8	0	0:00:00.960119
4300	8	8	8	1	0:00:00.972878
4320	1	1	1	1	0:00:00.969606
4340	0	0	0	1	0:00:00.973542
4360	6	6	6	1	0:00:00.985057
4380	9	9	9	1	0:00:00.969054
4400	3	3	3	1	0:00:00.998531
4420	5	5	5	1	0:00:00.976631
4440	2	2	2	1	0:00:00.957490
4460	9	9	9	1	0:00:00.974999
4480	9	9	9	1	0:00:00.971560
4500	3	3	3	1	0:00:00.984718
4520	3	3	3	1	0:00:00.985206
4540	9	9	9	1	0:00:00.970138
4560	1	1	1	1	0:00:00.973534
4580	6	6	4	1	0:00:00.964289
4600	4	4	4	1	0:00:00.987191
4620	7	7	7	1	0:00:00.979527
4640	2	2	2	1	0:00:00.986579
4660	7	7	7	1	0:00:00.967055
4680	9	9	9	1	0:00:00.959281
4700	6	6	5	1	0:00:00.965736
4720	8	8	8	1	0:00:00.965446
4740	5	-1	3	0	0:00:00.966883
4760	3	3	0	1	0:00:00.978088
4780	0	0	0	1	0:00:00.977808
4800	9	9	9	1	0:00:00.977302
4820	3	3	3	1	0:00:00.998288
4840	0	0	0	1	0:00:00.971610
4860	5	5	5	1	0:00:00.962292
4880	0	0	0	1	0:00:00.966655
4900	3	3	3	1	0:00:00.958720
4920	7	7	7	1	0:00:00.958001
4940	6	6	6	1	0:00:00.969462
4960	4	4	4	1	0:00:00.966898
4980	1	1	1	1	0:00:00.981936
5000	7	7	7	1	0:00:00.980129
5020	8	8	8	1	0:00:00.969420
5040	3	1	3	0	0:00:00.996170
5060	6	2	2	0	0:00:00.979933
5080	7	7	7	1	0:00:00.960212
5100	3	3	3	1	0:00:01.001753
5120	9	9	9	1	0:00:00.959089
5140	8	8	8	1	0:00:00.976274
5160	0	0	0	1	0:00:00.976929
5180	9	9	9	1	0:00:00.970249
5200	3	-1	0	0	0:00:00.982492
5220	0	0	0	1	0:00:00.978848
5240	1	1	1	1	0:00:00.968287
5260	0	0	0	1	0:00:00.997927
5280	0	-1	4	0	0:00:00.950289
5300	9	9	9	1	0:00:00.977772
5320	7	7	7	1	0:00:00.983301
5340	3	4	5	0	0:00:00.986699
5360	9	9	9	1	0:00:00.962219
5380	1	1	1	1	0:00:00.973781
5400	9	9	9	1	0:00:00.977164
5420	6	6	6	1	0:00:00.973738
5440	9	9	9	1	0:00:00.973913
5460	0	0	0	1	0:00:00.985054
5480	1	1	1	1	0:00:00.972533
5500	8	8	8	1	0:00:00.982364
5520	4	4	4	1	0:00:00.980210
5540	5	5	5	1	0:00:00.975449
5560	3	-1	3	0	0:00:00.980341
5580	5	3	3	0	0:00:00.952477
5600	6	6	3	1	0:00:00.964621
5620	3	3	3	1	0:00:00.973469
5640	2	2	2	1	0:00:00.988818
5660	9	9	9	1	0:00:00.983037
5680	2	2	2	1	0:00:00.997675
5700	3	3	3	1	0:00:00.941550
5720	9	9	9	1	0:00:00.977509
5740	6	6	4	1	0:00:00.976061
5760	2	2	2	1	0:00:00.963291
5780	7	7	7	1	0:00:00.965148
5800	2	2	2	1	0:00:00.982440
5820	5	5	5	1	0:00:00.959214
5840	2	-1	3	0	0:00:00.957672
5860	0	0	0	1	0:00:00.986583
5880	0	0	0	1	0:00:00.957353
5900	4	3	0	0	0:00:00.970188
5920	8	8	8	1	0:00:00.962631
5940	7	7	0	1	0:00:00.975436
5960	2	6	2	0	0:00:00.970716
5980	9	9	9	1	0:00:00.969840
6000	8	8	8	1	0:00:00.978959
6020	6	6	6	1	0:00:00.977091
6040	2	-1	7	0	0:00:00.974533
6060	3	4	2	0	0:00:00.960025
6080	1	1	1	1	0:00:00.971261
6100	1	1	1	1	0:00:00.979800
6120	5	5	5	1	0:00:00.993929
6140	9	9	9	1	0:00:00.974036
6160	2	2	2	1	0:00:00.966084
6180	0	0	0	1	0:00:00.961640
6200	3	2	2	0	0:00:00.963732
6220	2	-1	2	0	0:00:00.967626
6240	2	2	2	1	0:00:00.984915
6260	2	2	2	1	0:00:00.960445
6280	8	8	8	1	0:00:00.978412
6300	1	1	1	1	0:00:00.967048
6320	0	0	0	1	0:00:00.994047
6340	3	3	3	1	0:00:00.981024
6360	2	2	2	1	0:00:00.951419
6380	3	-1	7	0	0:00:00.980928
6400	0	0	0	1	0:00:00.943975
6420	7	7	7	1	0:00:00.971287
6440	3	-1	3	0	0:00:00.964505
6460	3	3	3	1	0:00:00.976022
6480	0	0	0	1	0:00:00.954210
6500	7	-1	8	0	0:00:00.976909
6520	6	6	2	1	0:00:00.973275
6540	8	8	8	1	0:00:00.969502
6560	6	-1	5	0	0:00:00.972697
6580	1	1	1	1	0:00:00.936427
6600	7	7	7	1	0:00:00.952124
6620	7	7	7	1	0:00:00.973114
6640	5	3	3	0	0:00:00.970650
6660	0	0	0	1	0:00:00.973130
6680	3	5	5	0	0:00:00.955622
6700	6	6	8	1	0:00:00.953786
6720	2	2	2	1	0:00:00.969135
6740	2	2	2	1	0:00:00.973075
6760	5	5	5	1	0:00:01.014437
6780	7	7	7	1	0:00:00.984006
6800	6	6	2	1	0:00:00.991540
6820	1	1	1	1	0:00:00.972338
6840	9	9	9	1	0:00:00.961771
6860	0	0	0	1	0:00:00.953727
6880	2	2	2	1	0:00:00.988582
6900	3	5	5	0	0:00:00.985873
6920	5	5	5	1	0:00:00.954020
6940	1	1	1	1	0:00:00.953591
6960	9	9	9	1	0:00:00.983566
6980	0	0	0	1	0:00:01.005920
7000	2	0	0	0	0:00:00.983681
7020	7	7	7	1	0:00:00.972074
7040	7	0	0	0	0:00:00.935027
7060	8	8	8	1	0:00:00.965781
7080	5	-1	0	0	0:00:00.974058
7100	9	3	2	0	0:00:00.956044
7120	7	5	5	0	0:00:00.979542
7140	4	4	2	1	0:00:00.975523
7160	5	5	5	1	0:00:00.986736
7180	6	6	6	1	0:00:00.988638
7200	4	4	4	1	0:00:01.002304
7220	9	9	9	1	0:00:00.986425
7240	0	0	0	1	0:00:00.961382
7260	1	1	1	1	0:00:00.975104
7280	1	1	1	1	0:00:00.975890
7300	3	5	5	0	0:00:00.980093
7320	8	8	8	1	0:00:00.971696
7340	2	2	0	1	0:00:00.969804
7360	2	2	2	1	0:00:00.963689
7380	7	7	7	1	0:00:00.981047
7400	3	5	3	0	0:00:01.008090
7420	3	-1	2	0	0:00:00.983727
7440	3	3	3	1	0:00:00.983999
7460	5	5	5	1	0:00:00.976090
7480	1	1	1	1	0:00:00.969262
7500	6	6	6	1	0:00:00.980723
7520	4	4	4	1	0:00:00.960376
7540	5	5	5	1	0:00:00.956607
7560	0	0	0	1	0:00:00.989681
7580	8	8	8	1	0:00:00.948612
7600	8	2	2	0	0:00:00.955292
7620	5	1	3	0	0:00:01.013432
7640	9	-1	9	0	0:00:00.982478
7660	7	7	7	1	0:00:00.983812
7680	3	-1	5	0	0:00:00.982708
7700	6	6	6	1	0:00:00.994846
7720	5	5	5	1	0:00:00.955221
7740	4	4	4	1	0:00:00.950404
7760	2	-1	0	0	0:00:00.962163
7780	3	8	8	0	0:00:00.997657
7800	0	0	0	1	0:00:00.983911
7820	5	3	3	0	0:00:00.966650
7840	1	1	1	1	0:00:01.003264
7860	8	8	8	1	0:00:00.973110
7880	0	0	0	1	0:00:00.976826
7900	0	0	0	1	0:00:00.978960
7920	9	9	9	1	0:00:00.988881
7940	2	-1	2	0	0:00:00.996557
7960	0	0	0	1	0:00:00.989804
7980	3	3	3	1	0:00:00.999325
8000	9	9	9	1	0:00:00.972402
8020	6	3	3	0	0:00:00.991522
8040	2	2	2	1	0:00:01.022396
8060	6	6	6	1	0:00:00.987029
8080	4	4	3	1	0:00:00.989275
8100	6	6	6	1	0:00:00.997029
8120	8	8	8	1	0:00:00.987613
8140	5	-1	5	0	0:00:00.996439
8160	6	6	6	1	0:00:00.973055
8180	4	4	2	1	0:00:01.003843
8200	3	-1	3	0	0:00:01.000189
8220	6	6	5	1	0:00:00.989916
8240	7	7	7	1	0:00:00.980315
8260	1	1	1	1	0:00:01.005859
8280	4	4	4	1	0:00:00.992008
8300	5	5	3	1	0:00:00.986123
8320	7	7	7	1	0:00:00.984887
8340	5	5	5	1	0:00:00.994858
8360	7	7	7	1	0:00:00.994491
8380	9	9	9	1	0:00:00.998325
8400	0	0	0	1	0:00:00.999089
8420	3	6	3	0	0:00:00.990167
8440	5	-1	3	0	0:00:00.966681
8460	8	8	8	1	0:00:00.969357
8480	2	5	5	0	0:00:01.002865
8500	4	4	4	1	0:00:00.994164
8520	8	8	8	1	0:00:01.000181
8540	4	4	4	1	0:00:01.002722
8560	7	7	7	1	0:00:01.004930
8580	3	5	5	0	0:00:00.979577
8600	3	3	3	1	0:00:00.987107
8620	3	-1	3	0	0:00:00.989808
8640	1	-1	1	0	0:00:00.989804
8660	7	7	7	1	0:00:00.988860
8680	3	3	5	1	0:00:00.987041
8700	3	3	3	1	0:00:00.975543
8720	2	0	0	0	0:00:00.960873
8740	2	2	2	1	0:00:00.985275
8760	8	8	8	1	0:00:00.998284
8780	4	4	8	1	0:00:01.007974
8800	0	0	0	1	0:00:00.992494
8820	2	2	2	1	0:00:00.990413
8840	2	-1	2	0	0:00:00.978560
8860	2	2	2	1	0:00:00.982672
8880	1	1	1	1	0:00:00.990349
8900	2	4	3	0	0:00:00.990269
8920	6	6	6	1	0:00:00.986613
8940	6	3	3	0	0:00:00.984709
8960	0	2	2	0	0:00:01.011280
8980	9	9	9	1	0:00:00.987027
9000	8	8	8	1	0:00:00.982341
9020	7	7	7	1	0:00:00.994631
9040	2	5	5	0	0:00:00.976879
9060	9	9	9	1	0:00:00.974074
9080	3	3	3	1	0:00:00.976273
9100	9	-1	1	0	0:00:00.983488
9120	3	5	5	0	0:00:00.997077
9140	7	7	7	1	0:00:00.991825
9160	5	-1	5	0	0:00:00.987445
9180	5	5	5	1	0:00:00.996433
9200	8	8	8	1	0:00:00.997550
9220	8	8	8	1	0:00:00.992927
9240	8	8	8	1	0:00:00.993770
9260	5	5	3	1	0:00:01.007969
9280	9	9	9	1	0:00:00.993020
9300	5	4	4	0	0:00:00.997597
9320	9	9	9	1	0:00:01.011621
9340	1	1	1	1	0:00:00.998881
9360	5	0	0	0	0:00:00.986599
9380	5	3	3	0	0:00:01.001757
9400	6	6	6	1	0:00:00.996663
9420	5	5	5	1	0:00:00.991733
9440	8	8	8	1	0:00:00.987230
9460	3	3	3	1	0:00:00.986691
9480	2	2	2	1	0:00:01.007275
9500	9	9	9	1	0:00:01.016980
9520	1	1	1	1	0:00:01.004745
9540	5	5	5	1	0:00:00.971305
9560	9	9	9	1	0:00:01.004922
9580	1	1	1	1	0:00:00.989649
9600	8	8	8	1	0:00:00.993852
9620	4	4	5	1	0:00:00.991354
9640	5	5	5	1	0:00:00.987684
9660	6	6	6	1	0:00:01.000744
9680	8	8	8	1	0:00:01.007455
9700	0	0	0	1	0:00:01.021043
9720	8	8	8	1	0:00:00.995765
9740	3	6	3	0	0:00:01.024724
9760	9	-1	5	0	0:00:00.998640
9780	4	-1	2	0	0:00:00.999092
9800	1	1	1	1	0:00:00.999089
9820	0	0	0	1	0:00:00.965680
9840	4	7	7	0	0:00:00.997174
9860	0	0	0	1	0:00:00.987654
9880	7	7	7	1	0:00:00.983825
9900	8	8	8	1	0:00:00.990171
9920	6	6	6	1	0:00:00.992391
9940	4	4	5	1	0:00:00.994405
9960	2	0	0	0	0:00:00.992975
9980	0	0	0	1	0:00:01.000148
