idx	label	predict	basePredict	correct	time
0	3	3	3	1	0:00:03.794484
20	7	9	1	0	0:00:03.566848
40	4	4	4	1	0:00:03.544882
60	7	7	7	1	0:00:03.552703
80	8	8	8	1	0:00:03.521747
100	4	5	5	0	0:00:03.536761
120	8	8	8	1	0:00:03.545483
140	6	6	2	1	0:00:03.540340
160	2	2	2	1	0:00:03.466371
180	0	0	0	1	0:00:03.476833
200	5	5	5	1	0:00:03.487988
220	7	7	7	1	0:00:03.441365
240	1	1	1	1	0:00:03.661766
260	8	5	5	0	0:00:03.443981
280	9	9	9	1	0:00:03.465694
300	6	6	6	1	0:00:03.507930
320	3	5	5	0	0:00:03.517170
340	2	6	6	0	0:00:03.477293
360	9	9	7	1	0:00:03.522323
380	6	6	4	1	0:00:03.491000
400	9	9	9	1	0:00:03.479445
420	4	4	4	1	0:00:03.467350
440	1	1	1	1	0:00:03.461872
460	5	5	5	1	0:00:03.461952
480	8	9	9	0	0:00:03.469429
500	4	6	6	0	0:00:03.522933
520	5	5	5	1	0:00:03.535038
540	1	1	1	1	0:00:03.520244
560	0	0	0	1	0:00:03.531396
580	4	6	4	0	0:00:03.503840
600	8	8	8	1	0:00:03.521146
620	7	7	7	1	0:00:03.497002
640	5	3	3	0	0:00:03.507978
660	9	9	9	1	0:00:03.515695
680	9	9	1	1	0:00:03.495406
700	7	7	7	1	0:00:03.523931
720	4	9	9	0	0:00:03.543856
740	2	5	5	0	0:00:03.529005
760	3	3	3	1	0:00:03.561766
780	9	9	9	1	0:00:03.577432
800	7	7	7	1	0:00:03.476924
820	6	1	1	0	0:00:03.504853
840	7	7	7	1	0:00:03.552625
860	4	4	4	1	0:00:03.542482
880	8	8	8	1	0:00:03.491862
900	2	6	6	0	0:00:03.536550
920	6	6	4	1	0:00:03.558869
940	9	9	9	1	0:00:03.479057
960	9	3	3	0	0:00:03.574191
980	2	6	6	0	0:00:03.517225
1000	5	5	5	1	0:00:03.441112
1020	1	1	1	1	0:00:03.497844
1040	7	5	5	0	0:00:03.450607
1060	9	9	9	1	0:00:03.450270
1080	6	6	2	1	0:00:03.448270
1100	7	8	8	0	0:00:03.440570
1120	5	2	2	0	0:00:03.436620
1140	6	6	4	1	0:00:03.469551
1160	8	8	8	1	0:00:03.463048
1180	3	3	3	1	0:00:03.428205
1200	8	8	8	1	0:00:03.487033
1220	9	6	6	0	0:00:03.415967
1240	2	6	6	0	0:00:03.474323
1260	1	9	9	0	0:00:03.431180
1280	3	5	5	0	0:00:03.436163
1300	4	3	3	0	0:00:03.449944
1320	7	2	2	0	0:00:03.468220
1340	1	1	1	1	0:00:03.396493
1360	7	7	7	1	0:00:03.405149
1380	4	5	5	0	0:00:03.439965
1400	5	5	5	1	0:00:03.442436
1420	4	7	7	0	0:00:03.461806
1440	0	8	8	0	0:00:03.453777
1460	6	6	6	1	0:00:03.423742
1480	1	1	1	1	0:00:03.437912
1500	1	1	1	1	0:00:03.457456
1520	7	7	7	1	0:00:03.395926
1540	8	8	8	1	0:00:03.388799
1560	7	7	7	1	0:00:03.424228
1580	6	1	1	0	0:00:03.467471
1600	8	9	1	0	0:00:03.424474
1620	5	4	4	0	0:00:03.445933
1640	7	3	3	0	0:00:03.413510
1660	3	3	5	1	0:00:03.423813
1680	6	6	6	1	0:00:03.434964
1700	5	5	2	1	0:00:03.409413
1720	4	4	3	1	0:00:03.411000
1740	1	9	9	0	0:00:03.410567
1760	0	8	8	0	0:00:03.420131
1780	7	9	9	0	0:00:03.398951
1800	4	4	8	1	0:00:03.463056
1820	8	9	9	0	0:00:03.402703
1840	8	9	7	0	0:00:03.425711
1860	8	8	8	1	0:00:03.439580
1880	1	1	1	1	0:00:03.350266
1900	8	8	8	1	0:00:03.351867
1920	2	2	2	1	0:00:03.340288
1940	5	5	5	1	0:00:03.398807
1960	2	5	5	0	0:00:03.405228
1980	9	9	9	1	0:00:03.397220
2000	1	1	1	1	0:00:03.344079
2020	9	9	9	1	0:00:03.360934
2040	0	0	0	1	0:00:03.345562
2060	5	3	3	0	0:00:03.345809
2080	1	9	9	0	0:00:03.359346
2100	2	7	7	0	0:00:03.348876
2120	4	8	8	0	0:00:03.372436
2140	9	9	9	1	0:00:03.345227
2160	0	8	8	0	0:00:03.340843
2180	4	4	4	1	0:00:03.400195
2200	0	0	0	1	0:00:03.377840
2220	1	1	1	1	0:00:03.370507
2240	9	9	1	1	0:00:03.401732
2260	4	7	7	0	0:00:03.409392
2280	4	3	3	0	0:00:03.416961
2300	3	-1	2	0	0:00:03.425545
2320	5	2	2	0	0:00:03.430665
2340	7	7	7	1	0:00:03.398141
2360	7	7	7	1	0:00:03.412824
2380	8	8	8	1	0:00:03.362968
2400	0	0	0	1	0:00:03.353911
2420	8	5	5	0	0:00:03.342232
2440	7	7	7	1	0:00:03.359313
2460	9	3	3	0	0:00:03.360038
2480	8	8	8	1	0:00:03.340767
2500	4	6	2	0	0:00:03.352783
2520	1	3	3	0	0:00:03.345344
2540	2	3	3	0	0:00:03.354466
2560	7	7	5	1	0:00:03.360348
2580	6	6	6	1	0:00:03.343586
2600	8	8	8	1	0:00:03.346203
2620	1	1	8	1	0:00:03.348688
2640	7	7	7	1	0:00:03.424393
2660	3	2	2	0	0:00:03.392221
2680	0	0	0	1	0:00:03.414689
2700	9	1	1	0	0:00:03.407036
2720	3	3	3	1	0:00:03.428455
2740	1	1	3	1	0:00:03.422593
2760	2	2	2	1	0:00:03.431338
2780	7	7	7	1	0:00:03.432191
2800	4	6	4	0	0:00:03.455507
2820	6	6	6	1	0:00:03.432922
2840	3	3	3	1	0:00:03.436966
2860	5	6	6	0	0:00:03.404431
2880	4	4	4	1	0:00:03.435359
2900	3	5	5	0	0:00:03.436730
2920	2	3	3	0	0:00:03.450422
2940	3	0	0	0	0:00:03.428090
2960	9	9	9	1	0:00:03.438007
2980	8	8	8	1	0:00:03.424028
3000	5	5	5	1	0:00:03.456594
3020	1	1	1	1	0:00:03.446017
3040	7	7	7	1	0:00:03.447264
3060	7	7	7	1	0:00:03.435369
3080	1	1	1	1	0:00:03.443119
3100	0	0	0	1	0:00:03.459396
3120	4	6	6	0	0:00:03.422394
3140	8	8	8	1	0:00:03.421010
3160	6	2	2	0	0:00:03.456542
3180	3	3	3	1	0:00:03.427828
3200	5	5	5	1	0:00:03.432826
3220	3	9	9	0	0:00:03.449497
3240	4	1	2	0	0:00:03.440496
3260	7	7	7	1	0:00:03.429392
3280	3	5	5	0	0:00:03.427646
3300	4	2	2	0	0:00:03.413407
3320	2	7	7	0	0:00:03.433606
3340	6	6	6	1	0:00:03.478475
3360	4	3	3	0	0:00:03.435430
3380	8	8	8	1	0:00:03.444680
3400	6	4	4	0	0:00:03.431350
3420	5	7	7	0	0:00:03.451000
3440	2	3	3	0	0:00:03.443702
3460	1	1	1	1	0:00:03.462534
3480	2	2	2	1	0:00:03.451061
3500	1	1	9	1	0:00:03.435246
3520	1	1	1	1	0:00:03.454887
3540	6	6	6	1	0:00:03.430112
3560	1	9	9	0	0:00:03.422439
3580	4	2	2	0	0:00:03.440988
3600	4	2	2	0	0:00:03.443859
3620	0	5	5	0	0:00:03.427356
3640	6	2	2	0	0:00:03.425212
3660	0	8	8	0	0:00:03.372164
3680	0	-1	2	0	0:00:03.373405
3700	3	5	5	0	0:00:03.413707
3720	2	2	2	1	0:00:03.412421
3740	0	0	8	1	0:00:03.417847
3760	7	7	7	1	0:00:03.423333
3780	4	4	2	1	0:00:03.410483
3800	9	9	9	1	0:00:03.408320
3820	0	2	2	0	0:00:03.399464
3840	6	8	8	0	0:00:03.375855
3860	7	7	7	1	0:00:03.359039
3880	6	4	4	0	0:00:03.379498
3900	3	6	6	0	0:00:03.398376
3920	7	9	9	0	0:00:03.391868
3940	6	7	4	0	0:00:03.409005
3960	2	2	2	1	0:00:03.353144
3980	9	6	6	0	0:00:03.344224
4000	8	9	9	0	0:00:03.363066
4020	8	8	8	1	0:00:03.400604
4040	0	0	0	1	0:00:03.425022
4060	6	6	3	1	0:00:03.420988
4080	1	1	1	1	0:00:03.431065
4100	7	7	7	1	0:00:03.397869
4120	4	4	4	1	0:00:03.421963
4140	5	5	5	1	0:00:03.419331
4160	5	5	5	1	0:00:03.389698
4180	0	8	8	0	0:00:03.404856
4200	4	4	2	1	0:00:03.391550
4220	4	0	0	0	0:00:03.371018
4240	7	8	8	0	0:00:03.385643
4260	8	8	8	1	0:00:03.419835
4280	8	9	9	0	0:00:03.419340
4300	8	8	8	1	0:00:03.415583
4320	1	8	8	0	0:00:03.435691
4340	0	0	0	1	0:00:03.404425
4360	6	9	9	0	0:00:03.418681
4380	9	9	9	1	0:00:03.390394
4400	3	6	4	0	0:00:03.425287
4420	5	7	7	0	0:00:03.364248
4440	2	-1	5	0	0:00:03.378545
4460	9	9	9	1	0:00:03.409694
4480	9	9	9	1	0:00:03.433077
4500	3	5	5	0	0:00:03.453970
4520	3	6	6	0	0:00:03.426727
4540	9	9	9	1	0:00:03.438112
4560	1	1	1	1	0:00:03.430380
4580	6	6	4	1	0:00:03.466335
4600	4	2	2	0	0:00:03.420015
4620	7	3	3	0	0:00:03.392590
4640	2	2	2	1	0:00:03.387085
4660	7	7	7	1	0:00:03.386711
4680	9	9	9	1	0:00:03.335560
4700	6	1	1	0	0:00:03.387156
4720	8	0	0	0	0:00:03.410960
4740	5	3	3	0	0:00:03.394213
4760	3	2	2	0	0:00:03.405109
4780	0	0	0	1	0:00:03.408810
4800	9	9	9	1	0:00:03.406608
4820	3	5	5	0	0:00:03.390268
4840	0	0	0	1	0:00:03.397928
4860	5	5	5	1	0:00:03.405652
4880	0	7	7	0	0:00:03.406337
4900	3	6	5	0	0:00:03.405310
4920	7	7	7	1	0:00:03.402310
4940	6	6	2	1	0:00:03.401322
4960	4	3	3	0	0:00:03.402188
4980	1	9	9	0	0:00:03.396228
5000	7	7	7	1	0:00:03.390037
5020	8	8	8	1	0:00:03.403039
5040	3	3	3	1	0:00:03.420651
5060	6	6	2	1	0:00:03.374282
5080	7	7	4	1	0:00:03.388780
5100	3	3	3	1	0:00:03.417655
5120	9	9	9	1	0:00:03.392368
5140	8	8	8	1	0:00:03.395108
5160	0	0	0	1	0:00:03.402766
5180	9	7	7	0	0:00:03.395202
5200	3	3	3	1	0:00:03.404188
5220	0	0	0	1	0:00:03.400909
5240	1	9	9	0	0:00:03.361419
5260	0	0	0	1	0:00:03.412197
5280	0	8	8	0	0:00:03.383234
5300	9	9	9	1	0:00:03.404795
5320	7	7	7	1	0:00:03.408059
5340	3	5	5	0	0:00:03.411588
5360	9	9	9	1	0:00:03.397438
5380	1	9	9	0	0:00:03.394002
5400	9	9	9	1	0:00:03.389016
5420	6	6	6	1	0:00:03.375759
5440	9	9	9	1	0:00:03.386559
5460	0	6	6	0	0:00:03.393839
5480	1	1	1	1	0:00:03.413332
5500	8	1	8	0	0:00:03.411969
5520	4	3	3	0	0:00:03.392181
5540	5	6	6	0	0:00:03.381027
5560	3	6	6	0	0:00:03.332957
5580	5	6	3	0	0:00:03.330657
5600	6	9	4	0	0:00:03.332080
5620	3	2	2	0	0:00:03.330711
5640	2	3	0	0	0:00:03.335935
5660	9	9	9	1	0:00:03.327473
5680	2	3	3	0	0:00:03.331164
5700	3	5	0	0	0:00:03.336436
5720	9	9	9	1	0:00:03.327810
5740	6	4	4	0	0:00:03.331709
5760	2	2	2	1	0:00:03.333565
5780	7	7	7	1	0:00:03.331507
5800	2	2	2	1	0:00:03.339193
5820	5	6	6	0	0:00:03.350308
5840	2	5	5	0	0:00:03.343165
5860	0	0	8	1	0:00:03.340348
5880	0	0	0	1	0:00:03.343720
5900	4	5	5	0	0:00:03.337766
5920	8	8	8	1	0:00:03.343369
5940	7	6	6	0	0:00:03.347919
5960	2	6	6	0	0:00:03.339664
5980	9	9	9	1	0:00:03.381435
6000	8	8	8	1	0:00:03.381824
6020	6	6	6	1	0:00:03.381824
6040	2	7	7	0	0:00:03.364799
6060	3	6	4	0	0:00:03.351212
6080	1	1	1	1	0:00:03.332996
6100	1	1	1	1	0:00:03.339972
6120	5	5	5	1	0:00:03.368387
6140	9	9	9	1	0:00:03.333956
6160	2	5	5	0	0:00:03.337553
6180	0	9	9	0	0:00:03.367506
6200	3	3	3	1	0:00:03.344580
6220	2	5	5	0	0:00:03.395625
6240	2	0	0	0	0:00:03.413220
6260	2	1	1	0	0:00:03.402776
6280	8	5	5	0	0:00:03.392688
6300	1	1	1	1	0:00:03.401076
6320	0	0	0	1	0:00:03.395823
6340	3	5	5	0	0:00:03.398578
6360	2	6	2	0	0:00:03.415838
6380	3	6	4	0	0:00:03.388864
6400	0	8	0	0	0:00:03.401608
6420	7	7	7	1	0:00:03.409147
6440	3	6	8	0	0:00:03.392235
6460	3	5	5	0	0:00:03.416234
6480	0	2	2	0	0:00:03.431570
6500	7	6	6	0	0:00:03.406146
6520	6	6	2	1	0:00:03.409931
6540	8	8	8	1	0:00:03.397522
6560	6	6	6	1	0:00:03.402398
6580	1	7	3	0	0:00:03.399293
6600	7	7	7	1	0:00:03.421358
6620	7	7	7	1	0:00:03.412795
6640	5	3	3	0	0:00:03.394130
6660	0	0	0	1	0:00:03.400164
6680	3	3	5	1	0:00:03.408978
6700	6	6	6	1	0:00:03.404227
6720	2	4	4	0	0:00:03.410180
6740	2	6	4	0	0:00:03.398547
6760	5	5	3	1	0:00:03.401290
6780	7	7	7	1	0:00:03.419727
6800	6	4	4	0	0:00:03.400263
6820	1	1	1	1	0:00:03.396841
6840	9	9	9	1	0:00:03.408161
6860	0	0	0	1	0:00:03.384367
6880	2	2	2	1	0:00:03.424591
6900	3	3	3	1	0:00:03.425805
6920	5	2	2	0	0:00:03.378818
6940	1	1	1	1	0:00:03.371309
6960	9	8	8	0	0:00:03.404060
6980	0	1	1	0	0:00:03.372128
7000	2	8	8	0	0:00:03.364613
7020	7	7	7	1	0:00:03.381427
7040	7	-1	8	0	0:00:03.363614
7060	8	8	8	1	0:00:03.368254
7080	5	4	4	0	0:00:03.375511
7100	9	2	2	0	0:00:03.369212
7120	7	7	7	1	0:00:03.358055
7140	4	7	7	0	0:00:03.359988
7160	5	5	5	1	0:00:03.364715
7180	6	6	6	1	0:00:03.360480
7200	4	6	6	0	0:00:03.360209
7220	9	9	0	1	0:00:03.355167
7240	0	8	8	0	0:00:03.347710
7260	1	1	1	1	0:00:03.362216
7280	1	0	0	0	0:00:03.351853
7300	3	4	4	0	0:00:03.346927
7320	8	0	0	0	0:00:03.356915
7340	2	4	4	0	0:00:03.318466
7360	2	7	7	0	0:00:03.332383
7380	7	7	7	1	0:00:03.312758
7400	3	9	9	0	0:00:03.311703
7420	3	2	2	0	0:00:03.309194
7440	3	3	7	1	0:00:03.310523
7460	5	5	5	1	0:00:03.354735
7480	1	-1	8	0	0:00:03.360606
7500	6	6	6	1	0:00:03.352492
7520	4	4	4	1	0:00:03.374383
7540	5	5	5	1	0:00:03.359567
7560	0	0	8	1	0:00:03.358936
7580	8	9	9	0	0:00:03.357329
7600	8	9	9	0	0:00:03.354750
7620	5	3	3	0	0:00:03.353680
7640	9	9	9	1	0:00:03.356044
7660	7	7	7	1	0:00:03.352597
7680	3	5	5	0	0:00:03.357437
7700	6	6	6	1	0:00:03.346377
7720	5	2	2	0	0:00:03.357738
7740	4	4	2	1	0:00:03.352633
7760	2	9	9	0	0:00:03.363225
7780	3	9	9	0	0:00:03.354692
7800	0	0	0	1	0:00:03.353891
7820	5	5	0	1	0:00:03.356786
7840	1	1	1	1	0:00:03.353382
7860	8	8	8	1	0:00:03.351698
7880	0	0	0	1	0:00:03.361266
7900	0	2	8	0	0:00:03.330661
7920	9	1	1	0	0:00:03.327967
7940	2	6	6	0	0:00:03.344333
7960	0	0	0	1	0:00:03.357441
7980	3	3	3	1	0:00:03.349472
8000	9	9	9	1	0:00:03.368359
8020	6	7	7	0	0:00:03.359992
8040	2	2	0	1	0:00:03.375192
8060	6	6	6	1	0:00:03.390100
8080	4	6	6	0	0:00:03.374080
8100	6	2	2	0	0:00:03.378403
8120	8	9	8	0	0:00:03.383057
8140	5	4	4	0	0:00:03.417344
8160	6	6	6	1	0:00:03.382652
8180	4	6	4	0	0:00:03.372063
8200	3	0	0	0	0:00:03.379909
8220	6	7	4	0	0:00:03.370768
8240	7	7	7	1	0:00:03.376068
8260	1	1	1	1	0:00:03.399420
8280	4	-1	0	0	0:00:03.373783
8300	5	2	2	0	0:00:03.382351
8320	7	7	3	1	0:00:03.372771
8340	5	3	5	0	0:00:03.372834
8360	7	7	7	1	0:00:03.384699
8380	9	9	9	1	0:00:03.385660
8400	0	-1	8	0	0:00:03.404785
8420	3	6	4	0	0:00:03.382547
8440	5	3	3	0	0:00:03.381666
8460	8	8	8	1	0:00:03.378770
8480	2	2	2	1	0:00:03.384283
8500	4	4	4	1	0:00:03.371419
8520	8	8	8	1	0:00:03.382522
8540	4	6	2	0	0:00:03.387357
8560	7	7	7	1	0:00:03.386303
8580	3	9	9	0	0:00:03.384551
8600	3	5	5	0	0:00:03.368175
8620	3	2	2	0	0:00:03.376576
8640	1	1	1	1	0:00:03.378722
8660	7	7	5	1	0:00:03.429490
8680	3	6	2	0	0:00:03.405241
8700	3	3	3	1	0:00:03.381864
8720	2	0	0	0	0:00:03.378549
8740	2	4	4	0	0:00:03.395877
8760	8	8	8	1	0:00:03.368978
8780	4	4	4	1	0:00:03.364321
8800	0	0	0	1	0:00:03.375421
8820	2	2	2	1	0:00:03.391688
8840	2	6	2	0	0:00:03.383257
8860	2	2	2	1	0:00:03.376193
8880	1	1	1	1	0:00:03.385665
8900	2	4	4	0	0:00:03.371957
8920	6	6	6	1	0:00:03.361510
8940	6	3	3	0	0:00:03.331859
8960	0	0	0	1	0:00:03.318727
8980	9	9	9	1	0:00:03.320250
9000	8	8	8	1	0:00:03.329947
9020	7	7	7	1	0:00:03.340643
9040	2	5	5	0	0:00:03.335813
9060	9	9	5	1	0:00:03.337595
9080	3	3	6	1	0:00:03.338768
9100	9	1	1	0	0:00:03.365227
9120	3	5	5	0	0:00:03.363716
9140	7	7	7	1	0:00:03.366777
9160	5	5	5	1	0:00:03.366359
9180	5	5	5	1	0:00:03.364200
9200	8	8	8	1	0:00:03.371503
9220	8	8	8	1	0:00:03.365492
9240	8	8	8	1	0:00:03.364269
9260	5	5	5	1	0:00:03.347054
9280	9	8	8	0	0:00:03.341131
9300	5	4	4	0	0:00:03.366555
9320	9	9	9	1	0:00:03.381861
9340	1	1	1	1	0:00:03.368334
9360	5	0	0	0	0:00:03.367637
9380	5	3	3	0	0:00:03.441859
9400	6	6	6	1	0:00:03.370090
9420	5	5	5	1	0:00:03.357832
9440	8	8	8	1	0:00:03.364666
9460	3	7	7	0	0:00:03.368538
9480	2	4	4	0	0:00:03.361841
9500	9	9	9	1	0:00:03.365465
9520	1	1	1	1	0:00:03.382725
9540	5	5	5	1	0:00:03.362494
9560	9	7	7	0	0:00:03.368776
9580	1	1	1	1	0:00:03.386766
9600	8	8	8	1	0:00:03.366657
9620	4	4	4	1	0:00:03.347701
9640	5	5	5	1	0:00:03.344064
9660	6	6	6	1	0:00:03.319754
9680	8	8	8	1	0:00:03.327741
9700	0	0	0	1	0:00:03.338738
9720	8	1	3	0	0:00:03.318477
9740	3	6	6	0	0:00:03.316916
9760	9	7	7	0	0:00:03.332552
9780	4	6	6	0	0:00:03.321320
9800	1	1	1	1	0:00:03.323030
9820	0	8	8	0	0:00:03.374003
9840	4	3	3	0	0:00:03.378262
9860	0	5	5	0	0:00:03.387718
9880	7	3	3	0	0:00:03.376898
9900	8	8	8	1	0:00:03.383615
9920	6	6	6	1	0:00:03.403944
9940	4	4	4	1	0:00:03.378151
9960	2	0	0	0	0:00:03.384308
9980	0	0	0	1	0:00:03.387586
