idx	label	predict	basePredict	correct	time
0	3	-1	4	0	0:00:01.142522
20	7	9	9	0	0:00:01.016197
40	4	-1	8	0	0:00:01.048425
60	7	7	4	1	0:00:01.087537
80	8	8	8	1	0:00:01.086889
100	4	5	5	0	0:00:01.082542
120	8	8	8	1	0:00:01.055366
140	6	2	2	0	0:00:01.059159
160	2	2	2	1	0:00:01.093650
180	0	0	0	1	0:00:01.125590
200	5	3	3	0	0:00:01.091921
220	7	7	7	1	0:00:01.077304
240	1	1	1	1	0:00:01.085670
260	8	5	5	0	0:00:01.099949
280	9	9	9	1	0:00:01.109787
300	6	6	4	1	0:00:01.097208
320	3	5	2	0	0:00:01.104932
340	2	4	4	0	0:00:01.084764
360	9	6	6	0	0:00:01.089872
380	6	6	8	1	0:00:01.089519
400	9	1	1	0	0:00:01.120970
420	4	6	6	0	0:00:01.059384
440	1	1	1	1	0:00:01.051842
460	5	5	5	1	0:00:01.070191
480	8	9	9	0	0:00:01.086976
500	4	6	6	0	0:00:01.055067
520	5	7	7	0	0:00:01.064672
540	1	8	8	0	0:00:01.068104
560	0	0	0	1	0:00:01.050978
580	4	6	6	0	0:00:01.061675
600	8	8	8	1	0:00:01.041454
620	7	6	6	0	0:00:01.051711
640	5	3	3	0	0:00:01.049294
660	9	9	9	1	0:00:01.052145
680	9	-1	1	0	0:00:01.046478
700	7	7	7	1	0:00:00.972841
720	4	9	9	0	0:00:01.013587
740	2	5	5	0	0:00:00.978310
760	3	9	9	0	0:00:01.022989
780	9	-1	8	0	0:00:01.030640
800	7	7	7	1	0:00:01.026215
820	6	9	9	0	0:00:01.034393
840	7	7	7	1	0:00:01.026721
860	4	6	6	0	0:00:01.042077
880	8	8	8	1	0:00:01.053844
900	2	6	6	0	0:00:01.086512
920	6	2	2	0	0:00:01.061261
940	9	-1	1	0	0:00:01.057893
960	9	9	8	1	0:00:01.070342
980	2	6	6	0	0:00:01.058793
1000	5	5	5	1	0:00:00.952090
1020	1	1	1	1	0:00:00.953489
1040	7	5	5	0	0:00:00.959168
1060	9	9	8	1	0:00:00.936572
1080	6	6	6	1	0:00:00.945623
1100	7	8	8	0	0:00:00.946275
1120	5	2	2	0	0:00:00.944520
1140	6	6	6	1	0:00:00.878245
1160	8	0	0	0	0:00:00.878039
1180	3	9	9	0	0:00:00.883097
1200	8	0	0	0	0:00:00.892562
1220	9	-1	2	0	0:00:00.885629
1240	2	6	6	0	0:00:00.869018
1260	1	-1	9	0	0:00:00.879853
1280	3	7	7	0	0:00:00.878097
1300	4	6	6	0	0:00:00.893931
1320	7	7	2	1	0:00:00.936895
1340	1	1	1	1	0:00:00.932821
1360	7	-1	2	0	0:00:00.958539
1380	4	5	5	0	0:00:00.932133
1400	5	-1	2	0	0:00:00.926667
1420	4	7	7	0	0:00:00.915017
1440	0	-1	0	0	0:00:00.915291
1460	6	6	6	1	0:00:00.926429
1480	1	5	5	0	0:00:00.954586
1500	1	9	9	0	0:00:00.931893
1520	7	6	6	0	0:00:00.943717
1540	8	8	8	1	0:00:00.937597
1560	7	7	7	1	0:00:00.948820
1580	6	1	1	0	0:00:00.955209
1600	8	-1	1	0	0:00:00.948543
1620	5	8	8	0	0:00:00.903695
1640	7	5	5	0	0:00:00.949840
1660	3	5	5	0	0:00:00.944665
1680	6	6	6	1	0:00:00.961541
1700	5	2	2	0	0:00:00.925470
1720	4	0	0	0	0:00:00.927365
1740	1	9	9	0	0:00:00.944419
1760	0	8	8	0	0:00:00.943282
1780	7	8	8	0	0:00:00.941153
1800	4	8	8	0	0:00:00.929299
1820	8	1	1	0	0:00:00.947810
1840	8	-1	7	0	0:00:00.938867
1860	8	8	8	1	0:00:00.965370
1880	1	1	1	1	0:00:00.958723
1900	8	8	8	1	0:00:00.908742
1920	2	2	2	1	0:00:00.948361
1940	5	-1	2	0	0:00:00.918650
1960	2	5	5	0	0:00:00.948663
1980	9	9	9	1	0:00:00.954012
2000	1	6	6	0	0:00:00.954996
2020	9	9	9	1	0:00:00.944266
2040	0	8	8	0	0:00:00.968234
2060	5	5	5	1	0:00:00.959450
2080	1	1	1	1	0:00:00.937571
2100	2	4	4	0	0:00:00.944933
2120	4	8	8	0	0:00:00.950378
2140	9	-1	1	0	0:00:00.938449
2160	0	8	8	0	0:00:00.905945
2180	4	6	6	0	0:00:00.927879
2200	0	0	0	1	0:00:00.906966
2220	1	1	1	1	0:00:00.918257
2240	9	9	9	1	0:00:00.934487
2260	4	-1	4	0	0:00:00.947099
2280	4	8	8	0	0:00:00.930631
2300	3	6	6	0	0:00:00.965365
2320	5	-1	0	0	0:00:00.965825
2340	7	7	7	1	0:00:00.969566
2360	7	7	7	1	0:00:00.961342
2380	8	8	8	1	0:00:00.959450
2400	0	4	4	0	0:00:00.917012
2420	8	5	5	0	0:00:00.930768
2440	7	1	8	0	0:00:00.900448
2460	9	9	6	1	0:00:00.904395
2480	8	8	8	1	0:00:00.914276
2500	4	6	4	0	0:00:00.933234
2520	1	8	8	0	0:00:01.001812
2540	2	3	3	0	0:00:00.988250
2560	7	-1	2	0	0:00:00.912189
2580	6	-1	4	0	0:00:00.953050
2600	8	8	8	1	0:00:00.924613
2620	1	-1	4	0	0:00:00.961158
2640	7	7	7	1	0:00:00.941307
2660	3	0	0	0	0:00:00.947013
2680	0	0	0	1	0:00:00.956163
2700	9	-1	3	0	0:00:00.968486
2720	3	8	8	0	0:00:00.976736
2740	1	1	1	1	0:00:00.965762
2760	2	6	6	0	0:00:00.973211
2780	7	7	7	1	0:00:00.961253
2800	4	6	6	0	0:00:00.959889
2820	6	6	6	1	0:00:00.956459
2840	3	7	7	0	0:00:00.935393
2860	5	7	7	0	0:00:00.964296
2880	4	4	4	1	0:00:00.973573
2900	3	5	5	0	0:00:00.965587
2920	2	3	3	0	0:00:00.962334
2940	3	0	0	0	0:00:00.949150
2960	9	-1	8	0	0:00:00.942495
2980	8	1	1	0	0:00:00.966559
3000	5	5	5	1	0:00:00.957409
3020	1	1	8	1	0:00:00.977002
3040	7	7	7	1	0:00:00.987335
3060	7	7	7	1	0:00:00.959188
3080	1	6	2	0	0:00:00.979738
3100	0	0	0	1	0:00:00.966289
3120	4	6	6	0	0:00:00.953171
3140	8	8	8	1	0:00:00.979919
3160	6	4	4	0	0:00:00.968931
3180	3	9	8	0	0:00:00.974281
3200	5	-1	7	0	0:00:00.968453
3220	3	9	9	0	0:00:01.000513
3240	4	1	8	0	0:00:00.983717
3260	7	7	7	1	0:00:00.967022
3280	3	-1	0	0	0:00:00.939970
3300	4	-1	6	0	0:00:00.975825
3320	2	7	7	0	0:00:00.962205
3340	6	6	6	1	0:00:00.947642
3360	4	6	6	0	0:00:00.981078
3380	8	8	8	1	0:00:00.972436
3400	6	-1	1	0	0:00:00.974820
3420	5	6	6	0	0:00:00.961444
3440	2	9	9	0	0:00:01.008508
3460	1	1	1	1	0:00:00.970500
3480	2	2	2	1	0:00:00.972171
3500	1	1	1	1	0:00:00.981373
3520	1	1	1	1	0:00:00.954926
3540	6	-1	8	0	0:00:00.926365
3560	1	9	9	0	0:00:00.956270
3580	4	1	1	0	0:00:00.932032
3600	4	2	2	0	0:00:00.973078
3620	0	7	6	0	0:00:00.976379
3640	6	2	0	0	0:00:00.970896
3660	0	8	8	0	0:00:00.964485
3680	0	2	2	0	0:00:00.984062
3700	3	5	5	0	0:00:00.968825
3720	2	2	2	1	0:00:00.944632
3740	0	0	0	1	0:00:00.958347
3760	7	7	7	1	0:00:00.950017
3780	4	2	2	0	0:00:00.939299
3800	9	-1	3	0	0:00:00.970417
3820	0	0	0	1	0:00:00.958717
3840	6	-1	8	0	0:00:00.974079
3860	7	7	7	1	0:00:00.961760
3880	6	4	4	0	0:00:00.977086
3900	3	0	0	0	0:00:00.966958
3920	7	-1	8	0	0:00:00.917764
3940	6	-1	7	0	0:00:00.885047
3960	2	5	5	0	0:00:00.883093
3980	9	-1	7	0	0:00:00.890751
4000	8	7	0	0	0:00:00.952152
4020	8	8	8	1	0:00:00.975193
4040	0	0	0	1	0:00:00.962346
4060	6	-1	0	0	0:00:00.963838
4080	1	-1	8	0	0:00:00.961988
4100	7	7	7	1	0:00:00.959914
4120	4	0	0	0	0:00:00.992227
4140	5	-1	3	0	0:00:00.971451
4160	5	2	2	0	0:00:00.956021
4180	0	-1	8	0	0:00:00.956649
4200	4	2	2	0	0:00:00.960346
4220	4	0	0	0	0:00:00.965399
4240	7	8	8	0	0:00:00.957364
4260	8	8	8	1	0:00:00.954648
4280	8	8	8	1	0:00:00.979460
4300	8	8	8	1	0:00:00.951689
4320	1	8	8	0	0:00:00.966916
4340	0	-1	0	0	0:00:00.956991
4360	6	9	9	0	0:00:00.996496
4380	9	9	9	1	0:00:00.949861
4400	3	-1	8	0	0:00:00.957069
4420	5	8	8	0	0:00:00.961101
4440	2	6	6	0	0:00:00.969691
4460	9	-1	8	0	0:00:00.958946
4480	9	9	6	1	0:00:00.955512
4500	3	-1	7	0	0:00:00.953926
4520	3	6	6	0	0:00:00.931262
4540	9	9	9	1	0:00:00.941757
4560	1	1	1	1	0:00:00.929822
4580	6	6	6	1	0:00:00.972899
4600	4	7	7	0	0:00:00.974832
4620	7	3	3	0	0:00:00.964643
4640	2	5	5	0	0:00:00.946978
4660	7	6	2	0	0:00:00.952161
4680	9	1	1	0	0:00:00.955481
4700	6	1	1	0	0:00:00.960119
4720	8	0	0	0	0:00:00.961364
4740	5	6	6	0	0:00:00.957724
4760	3	2	2	0	0:00:00.968001
4780	0	0	0	1	0:00:00.971456
4800	9	9	9	1	0:00:00.963532
4820	3	5	5	0	0:00:00.988086
4840	0	0	0	1	0:00:00.952866
4860	5	5	5	1	0:00:00.955972
4880	0	2	2	0	0:00:00.957007
4900	3	1	1	0	0:00:00.953255
4920	7	7	0	1	0:00:00.958463
4940	6	6	2	1	0:00:00.964657
4960	4	6	6	0	0:00:00.956746
4980	1	9	9	0	0:00:00.949543
5000	7	7	7	1	0:00:00.954911
5020	8	8	8	1	0:00:00.968320
5040	3	4	4	0	0:00:00.994804
5060	6	6	6	1	0:00:00.964195
5080	7	7	7	1	0:00:00.968511
5100	3	4	4	0	0:00:00.985969
5120	9	8	8	0	0:00:00.989503
5140	8	8	8	1	0:00:00.961097
5160	0	8	8	0	0:00:00.968135
5180	9	6	6	0	0:00:00.953244
5200	3	3	3	1	0:00:00.937366
5220	0	0	0	1	0:00:00.956506
5240	1	9	2	0	0:00:00.949575
5260	0	0	0	1	0:00:00.970512
5280	0	8	8	0	0:00:00.964961
5300	9	1	1	0	0:00:00.956970
5320	7	7	7	1	0:00:00.951964
5340	3	-1	2	0	0:00:00.967349
5360	9	9	9	1	0:00:00.960463
5380	1	9	9	0	0:00:00.973279
5400	9	0	0	0	0:00:00.965475
5420	6	6	6	1	0:00:00.962794
5440	9	9	9	1	0:00:00.973057
5460	0	-1	2	0	0:00:00.967528
5480	1	-1	8	0	0:00:00.955710
5500	8	1	8	0	0:00:01.002630
5520	4	5	5	0	0:00:00.965287
5540	5	6	6	0	0:00:00.959144
5560	3	6	6	0	0:00:00.967513
5580	5	6	6	0	0:00:00.963403
5600	6	8	8	0	0:00:00.933446
5620	3	4	4	0	0:00:00.935750
5640	2	3	3	0	0:00:00.950434
5660	9	-1	8	0	0:00:00.957246
5680	2	1	8	0	0:00:00.955854
5700	3	6	6	0	0:00:00.972581
5720	9	9	9	1	0:00:00.985950
5740	6	6	6	1	0:00:00.978090
5760	2	2	8	1	0:00:00.966177
5780	7	7	7	1	0:00:00.963832
5800	2	6	6	0	0:00:00.965640
5820	5	6	6	0	0:00:00.962722
5840	2	6	6	0	0:00:00.960195
5860	0	8	8	0	0:00:00.961210
5880	0	-1	0	0	0:00:00.959482
5900	4	-1	4	0	0:00:00.948150
5920	8	8	8	1	0:00:00.950891
5940	7	4	4	0	0:00:00.959944
5960	2	7	7	0	0:00:00.996867
5980	9	9	9	1	0:00:00.962223
6000	8	-1	8	0	0:00:00.939458
6020	6	6	6	1	0:00:00.942372
6040	2	7	7	0	0:00:00.966969
6060	3	4	4	0	0:00:00.942433
6080	1	1	1	1	0:00:00.936085
6100	1	1	8	1	0:00:00.928859
6120	5	5	5	1	0:00:00.945806
6140	9	9	9	1	0:00:00.941276
6160	2	5	5	0	0:00:00.944788
6180	0	-1	8	0	0:00:00.979025
6200	3	-1	3	0	0:00:00.961331
6220	2	6	6	0	0:00:00.930881
6240	2	-1	6	0	0:00:00.937073
6260	2	9	9	0	0:00:00.942021
6280	8	5	5	0	0:00:00.937651
6300	1	-1	4	0	0:00:00.945669
6320	0	0	0	1	0:00:00.955693
6340	3	3	3	1	0:00:00.948610
6360	2	2	2	1	0:00:00.921753
6380	3	1	6	0	0:00:00.899814
6400	0	1	1	0	0:00:00.891960
6420	7	7	7	1	0:00:00.950359
6440	3	8	8	0	0:00:00.905993
6460	3	1	1	0	0:00:00.863385
6480	0	0	0	1	0:00:00.863132
6500	7	0	0	0	0:00:00.867849
6520	6	-1	4	0	0:00:00.891962
6540	8	8	8	1	0:00:00.858693
6560	6	6	6	1	0:00:00.865129
6580	1	8	8	0	0:00:00.859788
6600	7	7	7	1	0:00:00.880756
6620	7	7	7	1	0:00:00.916607
6640	5	3	3	0	0:00:00.935189
6660	0	0	8	1	0:00:00.959554
6680	3	3	3	1	0:00:00.961934
6700	6	6	6	1	0:00:00.943872
6720	2	2	2	1	0:00:00.949677
6740	2	6	6	0	0:00:00.946767
6760	5	-1	2	0	0:00:00.948223
6780	7	7	7	1	0:00:00.949563
6800	6	6	6	1	0:00:00.951470
6820	1	1	1	1	0:00:00.979004
6840	9	1	1	0	0:00:00.945081
6860	0	0	0	1	0:00:00.965171
6880	2	7	7	0	0:00:00.946323
6900	3	7	7	0	0:00:00.991113
6920	5	2	2	0	0:00:00.965111
6940	1	1	1	1	0:00:00.920458
6960	9	8	8	0	0:00:00.908622
6980	0	9	9	0	0:00:00.902850
7000	2	8	8	0	0:00:00.902134
7020	7	7	7	1	0:00:00.913636
7040	7	8	8	0	0:00:00.916179
7060	8	-1	8	0	0:00:00.884754
7080	5	4	0	0	0:00:00.860049
7100	9	3	3	0	0:00:00.885236
7120	7	7	7	1	0:00:00.929124
7140	4	4	4	1	0:00:00.967984
7160	5	4	4	0	0:00:00.929352
7180	6	6	6	1	0:00:00.939280
7200	4	6	6	0	0:00:00.942657
7220	9	8	8	0	0:00:00.930340
7240	0	8	8	0	0:00:00.951040
7260	1	8	8	0	0:00:00.943024
7280	1	1	6	1	0:00:00.945745
7300	3	0	0	0	0:00:00.943116
7320	8	0	0	0	0:00:00.946074
7340	2	4	4	0	0:00:00.948255
7360	2	5	5	0	0:00:00.972779
7380	7	7	7	1	0:00:00.989483
7400	3	9	9	0	0:00:00.948366
7420	3	0	0	0	0:00:00.955290
7440	3	6	6	0	0:00:00.955711
7460	5	5	5	1	0:00:00.961175
7480	1	5	5	0	0:00:00.951145
7500	6	6	6	1	0:00:00.938728
7520	4	6	6	0	0:00:00.941121
7540	5	5	5	1	0:00:00.947623
7560	0	-1	2	0	0:00:00.958027
7580	8	8	8	1	0:00:00.963626
7600	8	9	9	0	0:00:00.999261
7620	5	3	3	0	0:00:00.931905
7640	9	-1	8	0	0:00:00.932333
7660	7	1	1	0	0:00:00.933071
7680	3	9	9	0	0:00:00.924156
7700	6	6	6	1	0:00:00.929850
7720	5	-1	8	0	0:00:00.934208
7740	4	6	2	0	0:00:00.945055
7760	2	9	9	0	0:00:00.960910
7780	3	1	1	0	0:00:00.906377
7800	0	0	0	1	0:00:00.893044
7820	5	8	8	0	0:00:00.925064
7840	1	1	1	1	0:00:00.937528
7860	8	4	4	0	0:00:00.901090
7880	0	-1	2	0	0:00:00.917592
7900	0	8	8	0	0:00:00.936867
7920	9	8	8	0	0:00:00.947410
7940	2	6	6	0	0:00:00.960109
7960	0	0	0	1	0:00:00.914593
7980	3	7	4	0	0:00:00.930603
8000	9	9	9	1	0:00:00.934942
8020	6	6	6	1	0:00:00.940608
8040	2	6	6	0	0:00:00.910794
8060	6	6	6	1	0:00:00.972691
8080	4	6	6	0	0:00:00.982229
8100	6	2	2	0	0:00:00.967789
8120	8	9	8	0	0:00:00.936282
8140	5	-1	6	0	0:00:00.952317
8160	6	-1	6	0	0:00:00.953432
8180	4	6	6	0	0:00:00.967368
8200	3	6	6	0	0:00:00.967065
8220	6	6	6	1	0:00:00.922336
8240	7	7	7	1	0:00:00.937430
8260	1	1	1	1	0:00:00.937658
8280	4	5	5	0	0:00:00.893345
8300	5	2	2	0	0:00:00.986979
8320	7	4	4	0	0:00:00.944072
8340	5	5	5	1	0:00:00.925708
8360	7	7	7	1	0:00:00.960826
8380	9	8	8	0	0:00:00.935211
8400	0	8	8	0	0:00:00.938876
8420	3	6	4	0	0:00:00.956495
8440	5	-1	4	0	0:00:00.924126
8460	8	8	8	1	0:00:00.952191
8480	2	1	8	0	0:00:00.947149
8500	4	2	2	0	0:00:00.963808
8520	8	6	6	0	0:00:00.954993
8540	4	6	4	0	0:00:00.980839
8560	7	7	7	1	0:00:00.941366
8580	3	1	1	0	0:00:00.992270
8600	3	7	7	0	0:00:00.921725
8620	3	4	4	0	0:00:00.952907
8640	1	1	1	1	0:00:00.978311
8660	7	5	5	0	0:00:00.968528
8680	3	9	9	0	0:00:00.973439
8700	3	5	5	0	0:00:00.966863
8720	2	0	0	0	0:00:00.932947
8740	2	6	6	0	0:00:00.931930
8760	8	8	8	1	0:00:00.968966
8780	4	4	4	1	0:00:00.939698
8800	0	0	0	1	0:00:00.980035
8820	2	2	2	1	0:00:00.957125
8840	2	1	1	0	0:00:00.944307
8860	2	-1	2	0	0:00:00.932381
8880	1	1	6	1	0:00:00.898770
8900	2	-1	4	0	0:00:00.918094
8920	6	6	6	1	0:00:00.937332
8940	6	3	3	0	0:00:00.934465
8960	0	0	0	1	0:00:00.964302
8980	9	9	9	1	0:00:00.935157
9000	8	8	8	1	0:00:00.953666
9020	7	-1	7	0	0:00:00.960984
9040	2	5	5	0	0:00:00.971215
9060	9	5	5	0	0:00:00.979386
9080	3	0	0	0	0:00:00.953785
9100	9	6	6	0	0:00:00.946807
9120	3	0	0	0	0:00:00.924629
9140	7	8	8	0	0:00:00.979003
9160	5	5	5	1	0:00:00.978159
9180	5	5	5	1	0:00:00.949270
9200	8	8	8	1	0:00:00.942560
9220	8	8	8	1	0:00:00.968554
9240	8	8	8	1	0:00:00.960285
9260	5	5	5	1	0:00:00.955158
9280	9	-1	8	0	0:00:00.970737
9300	5	5	2	1	0:00:00.953501
9320	9	9	8	1	0:00:00.962592
9340	1	1	1	1	0:00:00.949923
9360	5	0	0	0	0:00:00.958801
9380	5	9	9	0	0:00:00.961309
9400	6	6	6	1	0:00:00.957804
9420	5	-1	6	0	0:00:00.957989
9440	8	8	8	1	0:00:00.939597
9460	3	6	6	0	0:00:00.957053
9480	2	4	4	0	0:00:00.917125
9500	9	1	1	0	0:00:00.950577
9520	1	1	1	1	0:00:00.960704
9540	5	5	5	1	0:00:00.966382
9560	9	7	7	0	0:00:00.975631
9580	1	4	4	0	0:00:00.964705
9600	8	8	8	1	0:00:00.962859
9620	4	-1	0	0	0:00:00.972512
9640	5	0	0	0	0:00:00.965483
9660	6	6	6	1	0:00:00.975752
9680	8	8	8	1	0:00:00.998884
9700	0	0	0	1	0:00:00.974596
9720	8	6	6	0	0:00:00.969018
9740	3	6	6	0	0:00:00.967979
9760	9	9	7	1	0:00:00.966152
9780	4	6	6	0	0:00:00.979076
9800	1	1	1	1	0:00:00.968173
9820	0	8	8	0	0:00:00.962361
9840	4	7	7	0	0:00:00.948776
9860	0	-1	8	0	0:00:00.940414
9880	7	4	4	0	0:00:00.961219
9900	8	0	0	0	0:00:01.039313
9920	6	6	6	1	0:00:00.991213
9940	4	5	5	0	0:00:00.990968
9960	2	0	0	0	0:00:00.914887
9980	0	0	0	1	0:00:00.898750
