idx	label	predict	basePredict	correct	time
0	3	3	3	1	0:00:02.972032
20	7	-1	9	0	0:00:02.842978
40	4	-1	8	0	0:00:02.877635
60	7	7	7	1	0:00:02.840281
80	8	8	8	1	0:00:02.876556
100	4	5	5	0	0:00:02.853367
120	8	0	8	0	0:00:02.872351
140	6	6	2	1	0:00:02.873247
160	2	0	2	0	0:00:02.899905
180	0	0	0	1	0:00:02.898214
200	5	7	5	0	0:00:02.864217
220	7	7	7	1	0:00:02.946799
240	1	1	1	1	0:00:02.881022
260	8	-1	3	0	0:00:02.847960
280	9	9	9	1	0:00:02.884232
300	6	6	4	1	0:00:02.844136
320	3	3	2	1	0:00:02.900210
340	2	4	4	0	0:00:02.878805
360	9	7	5	0	0:00:02.833521
380	6	6	2	1	0:00:02.884706
400	9	9	9	1	0:00:02.864481
420	4	4	4	1	0:00:02.837893
440	1	9	9	0	0:00:02.858579
460	5	5	5	1	0:00:02.912899
480	8	9	9	0	0:00:02.882887
500	4	6	2	0	0:00:02.884816
520	5	7	7	0	0:00:02.921532
540	1	1	8	1	0:00:02.848246
560	0	0	0	1	0:00:02.901962
580	4	4	4	1	0:00:02.984307
600	8	8	8	1	0:00:03.001764
620	7	7	5	1	0:00:02.897036
640	5	3	3	0	0:00:02.921899
660	9	9	9	1	0:00:02.869926
680	9	7	7	0	0:00:02.889982
700	7	7	3	1	0:00:02.911046
720	4	9	4	0	0:00:02.866586
740	2	5	3	0	0:00:02.878345
760	3	-1	3	0	0:00:02.874329
780	9	1	9	0	0:00:02.902749
800	7	7	7	1	0:00:02.877581
820	6	5	8	0	0:00:02.812051
840	7	7	7	1	0:00:02.844266
860	4	4	4	1	0:00:02.848403
880	8	8	8	1	0:00:02.872986
900	2	6	2	0	0:00:02.869180
920	6	6	3	1	0:00:02.862652
940	9	9	9	1	0:00:02.879039
960	9	9	9	1	0:00:02.860137
980	2	6	2	0	0:00:02.965783
1000	5	5	5	1	0:00:02.244009
1020	1	1	1	1	0:00:02.191903
1040	7	5	5	0	0:00:02.177934
1060	9	9	9	1	0:00:02.193872
1080	6	-1	6	0	0:00:02.150475
1100	7	0	0	0	0:00:02.187940
1120	5	2	2	0	0:00:02.184353
1140	6	4	4	0	0:00:02.153667
1160	8	0	0	0	0:00:02.150750
1180	3	3	3	1	0:00:02.169624
1200	8	0	0	0	0:00:02.145944
1220	9	6	6	0	0:00:02.227956
1240	2	6	6	0	0:00:02.159158
1260	1	9	9	0	0:00:02.202437
1280	3	7	5	0	0:00:02.150169
1300	4	3	3	0	0:00:02.174005
1320	7	2	2	0	0:00:02.156827
1340	1	1	1	1	0:00:02.190048
1360	7	7	2	1	0:00:02.185049
1380	4	5	5	0	0:00:02.147088
1400	5	3	3	0	0:00:02.155025
1420	4	7	7	0	0:00:02.173538
1440	0	8	8	0	0:00:02.125275
1460	6	6	2	1	0:00:02.126906
1480	1	5	5	0	0:00:02.151715
1500	1	1	1	1	0:00:02.168788
1520	7	7	4	1	0:00:02.144134
1540	8	8	8	1	0:00:02.188327
1560	7	7	7	1	0:00:02.195460
1580	6	1	3	0	0:00:02.216545
1600	8	9	6	0	0:00:02.164545
1620	5	8	8	0	0:00:02.174172
1640	7	3	3	0	0:00:02.146022
1660	3	5	5	0	0:00:02.206112
1680	6	6	3	1	0:00:02.146882
1700	5	2	2	0	0:00:02.177762
1720	4	3	2	0	0:00:02.140037
1740	1	9	9	0	0:00:02.181760
1760	0	0	8	1	0:00:02.147741
1780	7	7	7	1	0:00:02.156667
1800	4	0	8	0	0:00:02.184935
1820	8	9	8	0	0:00:02.166197
1840	8	-1	4	0	0:00:02.273271
1860	8	8	3	1	0:00:02.165325
1880	1	1	8	1	0:00:02.170816
1900	8	8	8	1	0:00:02.144834
1920	2	2	2	1	0:00:02.188561
1940	5	2	2	0	0:00:02.156727
1960	2	5	5	0	0:00:02.158071
1980	9	9	9	1	0:00:02.173483
2000	1	6	6	0	0:00:02.152941
2020	9	9	9	1	0:00:02.166475
2040	0	0	0	1	0:00:02.236676
2060	5	3	3	0	0:00:02.184885
2080	1	9	9	0	0:00:02.248136
2100	2	2	2	1	0:00:02.193434
2120	4	8	8	0	0:00:02.181530
2140	9	9	9	1	0:00:02.169330
2160	0	8	8	0	0:00:02.180130
2180	4	4	4	1	0:00:02.159600
2200	0	2	2	0	0:00:02.142661
2220	1	1	1	1	0:00:02.162067
2240	9	1	8	0	0:00:02.163570
2260	4	4	4	1	0:00:02.191105
2280	4	8	8	0	0:00:02.176693
2300	3	-1	2	0	0:00:02.168873
2320	5	2	2	0	0:00:02.216133
2340	7	7	7	1	0:00:02.210488
2360	7	5	5	0	0:00:02.199769
2380	8	8	8	1	0:00:02.171568
2400	0	0	0	1	0:00:02.156572
2420	8	5	5	0	0:00:02.199960
2440	7	7	7	1	0:00:02.185080
2460	9	7	7	0	0:00:02.152061
2480	8	8	8	1	0:00:02.160828
2500	4	6	4	0	0:00:02.138463
2520	1	1	7	1	0:00:02.220958
2540	2	5	5	0	0:00:02.147095
2560	7	-1	4	0	0:00:02.162950
2580	6	5	5	0	0:00:02.153661
2600	8	8	8	1	0:00:02.161098
2620	1	1	8	1	0:00:02.163420
2640	7	7	4	1	0:00:02.192153
2660	3	5	2	0	0:00:02.220377
2680	0	0	0	1	0:00:02.146446
2700	9	1	1	0	0:00:02.180546
2720	3	3	3	1	0:00:02.152038
2740	1	1	2	1	0:00:02.205264
2760	2	2	2	1	0:00:02.152483
2780	7	7	7	1	0:00:02.151885
2800	4	6	6	0	0:00:02.137656
2820	6	6	2	1	0:00:02.225141
2840	3	3	3	1	0:00:02.175353
2860	5	7	6	0	0:00:02.166128
2880	4	4	4	1	0:00:02.146006
2900	3	5	5	0	0:00:02.186641
2920	2	3	3	0	0:00:02.144862
2940	3	0	0	0	0:00:02.186170
2960	9	9	9	1	0:00:02.154991
2980	8	-1	8	0	0:00:02.271302
3000	5	5	5	1	0:00:02.153987
3020	1	1	8	1	0:00:02.296980
3040	7	7	7	1	0:00:02.154018
3060	7	7	7	1	0:00:02.268445
3080	1	1	0	1	0:00:02.141079
3100	0	0	0	1	0:00:02.245070
3120	4	6	2	0	0:00:02.136746
3140	8	8	8	1	0:00:02.252940
3160	6	2	2	0	0:00:02.211859
3180	3	9	3	0	0:00:02.172814
3200	5	7	7	0	0:00:02.184792
3220	3	9	3	0	0:00:02.154038
3240	4	1	8	0	0:00:02.176115
3260	7	7	7	1	0:00:02.154465
3280	3	5	5	0	0:00:02.180535
3300	4	4	2	1	0:00:02.151168
3320	2	7	7	0	0:00:02.235548
3340	6	6	2	1	0:00:02.174950
3360	4	6	6	0	0:00:02.170776
3380	8	8	8	1	0:00:02.143301
3400	6	4	4	0	0:00:02.199760
3420	5	3	3	0	0:00:02.142844
3440	2	3	3	0	0:00:02.145686
3460	1	1	9	1	0:00:02.151079
3480	2	2	2	1	0:00:02.216483
3500	1	9	9	0	0:00:02.129380
3520	1	1	1	1	0:00:02.154965
3540	6	6	3	1	0:00:02.184123
3560	1	9	7	0	0:00:02.140166
3580	4	2	2	0	0:00:02.162125
3600	4	2	2	0	0:00:02.178232
3620	0	6	6	0	0:00:02.145391
3640	6	2	2	0	0:00:02.162867
3660	0	0	8	1	0:00:02.158412
3680	0	4	2	0	0:00:02.189017
3700	3	3	3	1	0:00:02.177718
3720	2	2	2	1	0:00:02.190768
3740	0	0	0	1	0:00:02.172866
3760	7	7	4	1	0:00:02.166240
3780	4	4	2	1	0:00:02.180704
3800	9	9	3	1	0:00:02.196289
3820	0	2	2	0	0:00:02.206962
3840	6	3	3	0	0:00:02.176601
3860	7	7	7	1	0:00:02.164004
3880	6	4	4	0	0:00:02.162119
3900	3	6	6	0	0:00:02.208477
3920	7	9	5	0	0:00:02.161478
3940	6	5	4	0	0:00:02.167294
3960	2	2	2	1	0:00:02.165898
3980	9	7	7	0	0:00:02.211514
4000	8	7	0	0	0:00:02.155068
4020	8	-1	8	0	0:00:02.236945
4040	0	0	0	1	0:00:02.159389
4060	6	5	3	0	0:00:02.167989
4080	1	1	8	1	0:00:02.178145
4100	7	7	7	1	0:00:02.161410
4120	4	4	8	1	0:00:02.192806
4140	5	5	3	1	0:00:02.149003
4160	5	2	2	0	0:00:02.195335
4180	0	8	8	0	0:00:02.115858
4200	4	2	2	0	0:00:02.159954
4220	4	0	0	0	0:00:02.129806
4240	7	0	0	0	0:00:02.151790
4260	8	8	8	1	0:00:02.144112
4280	8	1	1	0	0:00:02.187460
4300	8	8	8	1	0:00:02.159736
4320	1	8	8	0	0:00:02.237572
4340	0	0	0	1	0:00:02.149161
4360	6	9	9	0	0:00:02.173937
4380	9	-1	8	0	0:00:02.167912
4400	3	4	4	0	0:00:02.149311
4420	5	5	7	1	0:00:02.272346
4440	2	2	2	1	0:00:02.167570
4460	9	1	8	0	0:00:02.165846
4480	9	9	3	1	0:00:02.171353
4500	3	5	5	0	0:00:02.163254
4520	3	6	6	0	0:00:02.203990
4540	9	9	9	1	0:00:02.140417
4560	1	1	8	1	0:00:02.157334
4580	6	4	4	0	0:00:02.189127
4600	4	7	7	0	0:00:02.178469
4620	7	3	3	0	0:00:02.153244
4640	2	-1	2	0	0:00:02.204616
4660	7	4	4	0	0:00:02.154022
4680	9	1	1	0	0:00:02.155413
4700	6	1	4	0	0:00:02.126302
4720	8	0	0	0	0:00:02.166352
4740	5	3	3	0	0:00:02.140185
4760	3	2	2	0	0:00:02.163702
4780	0	0	8	1	0:00:02.185432
4800	9	9	9	1	0:00:02.189878
4820	3	3	3	1	0:00:02.157896
4840	0	0	0	1	0:00:02.174283
4860	5	5	5	1	0:00:02.184709
4880	0	2	2	0	0:00:02.189749
4900	3	6	6	0	0:00:02.137779
4920	7	7	7	1	0:00:02.193469
4940	6	4	2	0	0:00:02.145149
4960	4	3	3	0	0:00:02.171035
4980	1	9	9	0	0:00:02.141289
5000	7	7	7	1	0:00:02.177435
5020	8	8	8	1	0:00:02.153953
5040	3	1	2	0	0:00:02.167863
5060	6	2	2	0	0:00:02.158613
5080	7	7	7	1	0:00:02.247282
5100	3	3	3	1	0:00:02.176475
5120	9	-1	8	0	0:00:02.178815
5140	8	8	8	1	0:00:02.163086
5160	0	0	8	1	0:00:02.205213
5180	9	7	4	0	0:00:02.197191
5200	3	3	3	1	0:00:02.168014
5220	0	0	0	1	0:00:02.188967
5240	1	9	9	0	0:00:02.169174
5260	0	0	0	1	0:00:02.162055
5280	0	9	8	0	0:00:02.207311
5300	9	9	2	1	0:00:02.164397
5320	7	7	7	1	0:00:02.153264
5340	3	4	4	0	0:00:02.152550
5360	9	9	3	1	0:00:02.169253
5380	1	9	9	0	0:00:02.198567
5400	9	9	9	1	0:00:02.187705
5420	6	6	6	1	0:00:02.187406
5440	9	9	9	1	0:00:02.197745
5460	0	0	0	1	0:00:02.134146
5480	1	1	4	1	0:00:02.149466
5500	8	1	8	0	0:00:02.147498
5520	4	3	3	0	0:00:02.141921
5540	5	6	4	0	0:00:02.147237
5560	3	5	5	0	0:00:02.150578
5580	5	6	3	0	0:00:02.134325
5600	6	9	4	0	0:00:02.151525
5620	3	4	6	0	0:00:02.160579
5640	2	2	2	1	0:00:02.149793
5660	9	-1	8	0	0:00:02.131345
5680	2	3	3	0	0:00:02.133458
5700	3	5	3	0	0:00:02.103285
5720	9	9	9	1	0:00:02.105539
5740	6	4	6	0	0:00:02.187251
5760	2	2	0	1	0:00:02.112047
5780	7	7	7	1	0:00:02.103500
5800	2	4	4	0	0:00:02.141453
5820	5	3	3	0	0:00:02.147587
5840	2	2	2	1	0:00:02.254634
5860	0	1	8	0	0:00:02.126534
5880	0	0	0	1	0:00:02.153227
5900	4	3	0	0	0:00:02.144852
5920	8	8	8	1	0:00:02.193344
5940	7	4	4	0	0:00:02.139606
5960	2	6	6	0	0:00:02.155076
5980	9	9	2	1	0:00:02.195351
6000	8	9	8	0	0:00:02.191902
6020	6	6	6	1	0:00:02.313322
6040	2	7	5	0	0:00:02.145612
6060	3	4	2	0	0:00:02.218616
6080	1	1	9	1	0:00:02.142013
6100	1	1	8	1	0:00:02.146210
6120	5	5	5	1	0:00:02.133749
6140	9	9	9	1	0:00:02.216230
6160	2	5	5	0	0:00:02.131383
6180	0	0	0	1	0:00:02.250385
6200	3	3	3	1	0:00:02.130798
6220	2	5	5	0	0:00:02.174415
6240	2	1	2	0	0:00:02.220198
6260	2	9	6	0	0:00:02.145225
6280	8	5	5	0	0:00:02.164099
6300	1	1	2	1	0:00:02.234866
6320	0	0	0	1	0:00:02.186289
6340	3	3	3	1	0:00:02.203070
6360	2	-1	2	0	0:00:02.240601
6380	3	7	3	0	0:00:02.175673
6400	0	1	8	0	0:00:02.130034
6420	7	7	7	1	0:00:02.163212
6440	3	9	2	0	0:00:02.121405
6460	3	1	3	0	0:00:02.160778
6480	0	0	0	1	0:00:02.156114
6500	7	6	6	0	0:00:02.206514
6520	6	2	2	0	0:00:02.187382
6540	8	8	8	1	0:00:02.202857
6560	6	6	2	1	0:00:02.221004
6580	1	7	4	0	0:00:02.158206
6600	7	7	7	1	0:00:02.182751
6620	7	7	7	1	0:00:02.200097
6640	5	3	3	0	0:00:02.192256
6660	0	0	0	1	0:00:02.172308
6680	3	5	3	0	0:00:02.160450
6700	6	0	0	0	0:00:02.157342
6720	2	2	2	1	0:00:02.181444
6740	2	4	4	0	0:00:02.177747
6760	5	5	5	1	0:00:02.226704
6780	7	7	7	1	0:00:02.170424
6800	6	4	2	0	0:00:02.175416
6820	1	1	1	1	0:00:02.186660
6840	9	9	1	1	0:00:02.238120
6860	0	2	2	0	0:00:02.205178
6880	2	-1	2	0	0:00:02.132001
6900	3	7	7	0	0:00:02.162467
6920	5	2	2	0	0:00:02.157995
6940	1	1	1	1	0:00:02.158987
6960	9	8	8	0	0:00:02.133080
6980	0	1	8	0	0:00:02.169631
7000	2	0	8	0	0:00:02.135151
7020	7	7	7	1	0:00:02.160781
7040	7	-1	8	0	0:00:02.206507
7060	8	8	8	1	0:00:02.196574
7080	5	4	4	0	0:00:02.152923
7100	9	5	3	0	0:00:02.172113
7120	7	5	5	0	0:00:02.190930
7140	4	9	3	0	0:00:02.180251
7160	5	5	5	1	0:00:02.157264
7180	6	6	3	1	0:00:02.176557
7200	4	6	2	0	0:00:02.167824
7220	9	9	8	1	0:00:02.139923
7240	0	8	8	0	0:00:02.154567
7260	1	1	8	1	0:00:02.163009
7280	1	9	9	0	0:00:02.189852
7300	3	4	4	0	0:00:02.241804
7320	8	0	8	0	0:00:02.204131
7340	2	4	4	0	0:00:02.154489
7360	2	7	4	0	0:00:02.198785
7380	7	7	7	1	0:00:02.173926
7400	3	3	3	1	0:00:02.160944
7420	3	4	2	0	0:00:02.145472
7440	3	3	3	1	0:00:02.179325
7460	5	5	5	1	0:00:02.147557
7480	1	8	8	0	0:00:02.161048
7500	6	6	6	1	0:00:02.155755
7520	4	4	2	1	0:00:02.147415
7540	5	5	5	1	0:00:02.144822
7560	0	0	0	1	0:00:02.185792
7580	8	8	8	1	0:00:02.138698
7600	8	9	2	0	0:00:02.182433
7620	5	3	3	0	0:00:02.195860
7640	9	8	8	0	0:00:02.170008
7660	7	9	4	0	0:00:02.188452
7680	3	9	3	0	0:00:02.130939
7700	6	6	6	1	0:00:02.165508
7720	5	2	2	0	0:00:02.207948
7740	4	2	2	0	0:00:02.144932
7760	2	9	9	0	0:00:02.178426
7780	3	-1	8	0	0:00:02.148782
7800	0	0	0	1	0:00:02.261644
7820	5	5	5	1	0:00:02.135432
7840	1	1	1	1	0:00:02.260961
7860	8	8	2	1	0:00:02.225916
7880	0	4	2	0	0:00:02.191583
7900	0	8	8	0	0:00:02.140709
7920	9	9	2	1	0:00:02.174908
7940	2	6	4	0	0:00:02.182328
7960	0	0	8	1	0:00:02.152494
7980	3	3	3	1	0:00:02.172250
8000	9	9	9	1	0:00:02.180475
8020	6	3	3	0	0:00:02.165576
8040	2	2	2	1	0:00:02.193342
8060	6	6	6	1	0:00:02.151121
8080	4	6	2	0	0:00:02.136859
8100	6	2	2	0	0:00:02.155892
8120	8	9	9	0	0:00:02.150734
8140	5	4	4	0	0:00:02.157723
8160	6	6	6	1	0:00:02.173603
8180	4	2	4	0	0:00:02.280523
8200	3	4	4	0	0:00:02.282207
8220	6	7	3	0	0:00:02.163041
8240	7	7	7	1	0:00:02.161256
8260	1	1	1	1	0:00:02.192125
8280	4	5	5	0	0:00:02.147921
8300	5	2	2	0	0:00:02.171029
8320	7	4	4	0	0:00:02.165819
8340	5	3	3	0	0:00:02.138434
8360	7	7	7	1	0:00:02.175456
8380	9	9	9	1	0:00:02.146704
8400	0	8	8	0	0:00:02.167514
8420	3	6	6	0	0:00:02.143689
8440	5	3	3	0	0:00:02.173849
8460	8	8	8	1	0:00:02.132889
8480	2	2	4	1	0:00:02.208838
8500	4	4	4	1	0:00:02.162624
8520	8	1	8	0	0:00:02.174632
8540	4	2	2	0	0:00:02.133530
8560	7	7	7	1	0:00:02.161546
8580	3	2	2	0	0:00:02.155139
8600	3	-1	4	0	0:00:02.210266
8620	3	4	4	0	0:00:02.169977
8640	1	1	8	1	0:00:02.139052
8660	7	7	7	1	0:00:02.168699
8680	3	7	8	0	0:00:02.145159
8700	3	7	3	0	0:00:02.187586
8720	2	0	0	0	0:00:02.192311
8740	2	2	5	1	0:00:02.216200
8760	8	8	8	1	0:00:02.183078
8780	4	-1	2	0	0:00:02.155494
8800	0	0	0	1	0:00:02.164111
8820	2	2	2	1	0:00:02.133773
8840	2	7	7	0	0:00:02.155690
8860	2	2	2	1	0:00:02.145683
8880	1	1	1	1	0:00:02.164140
8900	2	4	4	0	0:00:02.153930
8920	6	6	2	1	0:00:02.158796
8940	6	3	3	0	0:00:02.135200
8960	0	0	0	1	0:00:02.139198
8980	9	9	9	1	0:00:02.237766
9000	8	8	8	1	0:00:02.249017
9020	7	7	7	1	0:00:02.132968
9040	2	5	5	0	0:00:02.177721
9060	9	9	3	1	0:00:02.158227
9080	3	2	2	0	0:00:02.208474
9100	9	1	3	0	0:00:02.139588
9120	3	0	3	0	0:00:02.203571
9140	7	-1	2	0	0:00:02.152280
9160	5	3	3	0	0:00:02.176869
9180	5	5	5	1	0:00:02.178095
9200	8	8	8	1	0:00:02.181593
9220	8	8	8	1	0:00:02.163229
9240	8	8	8	1	0:00:02.180150
9260	5	5	5	1	0:00:02.187232
9280	9	8	8	0	0:00:02.160254
9300	5	2	2	0	0:00:02.215961
9320	9	9	9	1	0:00:02.231597
9340	1	1	1	1	0:00:02.145072
9360	5	0	5	0	0:00:02.157111
9380	5	3	3	0	0:00:02.144092
9400	6	6	2	1	0:00:02.263170
9420	5	5	5	1	0:00:02.262156
9440	8	8	8	1	0:00:02.199713
9460	3	7	7	0	0:00:02.167656
9480	2	6	2	0	0:00:02.222220
9500	9	9	5	1	0:00:02.167489
9520	1	1	1	1	0:00:02.182064
9540	5	3	3	0	0:00:02.174757
9560	9	7	5	0	0:00:02.277511
9580	1	1	4	1	0:00:02.173918
9600	8	8	8	1	0:00:02.194624
9620	4	7	4	0	0:00:02.155225
9640	5	0	2	0	0:00:02.174819
9660	6	6	6	1	0:00:02.186965
9680	8	8	8	1	0:00:02.214667
9700	0	0	0	1	0:00:02.189750
9720	8	1	8	0	0:00:02.161630
9740	3	6	2	0	0:00:02.189274
9760	9	3	3	0	0:00:02.264790
9780	4	6	2	0	0:00:02.250216
9800	1	1	1	1	0:00:02.180778
9820	0	8	8	0	0:00:02.168749
9840	4	7	5	0	0:00:02.156467
9860	0	5	5	0	0:00:02.229895
9880	7	8	3	0	0:00:02.148514
9900	8	8	8	1	0:00:02.158726
9920	6	6	2	1	0:00:02.139302
9940	4	5	5	0	0:00:02.161734
9960	2	0	0	0	0:00:02.145801
9980	0	0	0	1	0:00:02.136999
