idx	label	predict	basePredict	correct	time
0	3	-1	2	0	0:00:01.137516
20	7	-1	4	0	0:00:01.061205
40	4	-1	8	0	0:00:01.050289
60	7	-1	4	0	0:00:01.112644
80	8	8	8	1	0:00:01.061193
100	4	-1	4	0	0:00:01.031969
120	8	-1	8	0	0:00:01.034731
140	6	-1	2	0	0:00:01.145197
160	2	0	2	0	0:00:01.112136
180	0	-1	8	0	0:00:01.052694
200	5	-1	3	0	0:00:01.058885
220	7	7	7	1	0:00:01.071743
240	1	1	8	1	0:00:01.125748
260	8	-1	3	0	0:00:01.053994
280	9	9	9	1	0:00:01.047655
300	6	-1	4	0	0:00:01.091419
320	3	-1	4	0	0:00:01.011712
340	2	4	4	0	0:00:00.990615
360	9	-1	4	0	0:00:01.011140
380	6	-1	4	0	0:00:01.009572
400	9	9	9	1	0:00:01.006747
420	4	-1	6	0	0:00:01.024315
440	1	1	4	1	0:00:01.036294
460	5	-1	3	0	0:00:01.044843
480	8	9	8	0	0:00:01.037843
500	4	6	4	0	0:00:01.083896
520	5	7	7	0	0:00:01.056432
540	1	8	8	0	0:00:01.051228
560	0	0	8	1	0:00:01.047412
580	4	-1	4	0	0:00:01.061595
600	8	-1	8	0	0:00:01.083437
620	7	-1	4	0	0:00:01.070992
640	5	3	3	0	0:00:01.085409
660	9	9	9	1	0:00:01.080122
680	9	-1	4	0	0:00:01.062010
700	7	-1	4	0	0:00:01.082089
720	4	9	4	0	0:00:01.050319
740	2	-1	3	0	0:00:01.037500
760	3	9	9	0	0:00:01.023660
780	9	1	8	0	0:00:01.037085
800	7	7	7	1	0:00:01.030742
820	6	-1	8	0	0:00:01.040157
840	7	7	7	1	0:00:01.058036
860	4	4	4	1	0:00:01.054244
880	8	8	8	1	0:00:01.053958
900	2	-1	4	0	0:00:01.068947
920	6	-1	2	0	0:00:01.042314
940	9	9	9	1	0:00:01.062601
960	9	9	8	1	0:00:01.044749
980	2	6	6	0	0:00:01.168737
1000	5	5	5	1	0:00:00.907964
1020	1	-1	8	0	0:00:00.888953
1040	7	5	5	0	0:00:00.897671
1060	9	9	8	1	0:00:00.894156
1080	6	6	6	1	0:00:00.887793
1100	7	8	8	0	0:00:00.920039
1120	5	-1	2	0	0:00:00.894291
1140	6	-1	4	0	0:00:00.913589
1160	8	0	0	0	0:00:00.917101
1180	3	-1	8	0	0:00:00.915653
1200	8	0	0	0	0:00:00.914956
1220	9	-1	6	0	0:00:00.918053
1240	2	6	6	0	0:00:00.919595
1260	1	9	9	0	0:00:00.923885
1280	3	7	7	0	0:00:00.916139
1300	4	3	3	0	0:00:00.912745
1320	7	2	2	0	0:00:00.972249
1340	1	-1	1	0	0:00:00.969113
1360	7	7	4	1	0:00:00.955251
1380	4	5	5	0	0:00:00.945174
1400	5	-1	2	0	0:00:00.949475
1420	4	7	7	0	0:00:00.962016
1440	0	8	8	0	0:00:01.009126
1460	6	-1	4	0	0:00:00.983106
1480	1	-1	5	0	0:00:00.978664
1500	1	-1	8	0	0:00:00.983848
1520	7	-1	4	0	0:00:00.969919
1540	8	8	8	1	0:00:00.986222
1560	7	7	7	1	0:00:00.983244
1580	6	1	1	0	0:00:00.982192
1600	8	-1	4	0	0:00:00.976931
1620	5	8	8	0	0:00:00.979947
1640	7	-1	3	0	0:00:00.982275
1660	3	-1	4	0	0:00:00.979655
1680	6	6	6	1	0:00:00.983227
1700	5	2	2	0	0:00:00.971191
1720	4	2	2	0	0:00:00.975934
1740	1	9	9	0	0:00:00.987417
1760	0	8	8	0	0:00:00.983493
1780	7	-1	8	0	0:00:00.976621
1800	4	8	8	0	0:00:00.989930
1820	8	-1	8	0	0:00:00.991190
1840	8	-1	4	0	0:00:00.970813
1860	8	8	8	1	0:00:00.980737
1880	1	1	8	1	0:00:00.973853
1900	8	8	8	1	0:00:00.971009
1920	2	-1	2	0	0:00:00.952910
1940	5	3	3	0	0:00:00.967017
1960	2	5	5	0	0:00:00.946973
1980	9	9	4	1	0:00:00.916979
2000	1	6	6	0	0:00:00.921056
2020	9	9	9	1	0:00:00.915617
2040	0	8	8	0	0:00:00.915840
2060	5	-1	5	0	0:00:00.931739
2080	1	-1	6	0	0:00:00.942606
2100	2	4	4	0	0:00:00.920409
2120	4	8	8	0	0:00:00.933000
2140	9	-1	1	0	0:00:00.919244
2160	0	8	8	0	0:00:00.925841
2180	4	4	4	1	0:00:00.990765
2200	0	-1	2	0	0:00:00.908566
2220	1	1	4	1	0:00:00.903447
2240	9	9	9	1	0:00:00.912662
2260	4	-1	4	0	0:00:00.905148
2280	4	-1	8	0	0:00:00.885548
2300	3	-1	4	0	0:00:00.888233
2320	5	-1	8	0	0:00:00.887476
2340	7	7	7	1	0:00:00.901526
2360	7	-1	3	0	0:00:00.886479
2380	8	-1	8	0	0:00:00.898645
2400	0	-1	0	0	0:00:00.926437
2420	8	-1	5	0	0:00:00.892445
2440	7	-1	8	0	0:00:00.894213
2460	9	-1	3	0	0:00:00.891907
2480	8	8	8	1	0:00:00.927718
2500	4	2	2	0	0:00:00.893566
2520	1	-1	8	0	0:00:00.888011
2540	2	3	3	0	0:00:00.887999
2560	7	-1	4	0	0:00:00.888271
2580	6	-1	4	0	0:00:00.881712
2600	8	8	8	1	0:00:00.893785
2620	1	-1	4	0	0:00:00.887524
2640	7	7	6	1	0:00:00.929646
2660	3	-1	2	0	0:00:00.914775
2680	0	0	0	1	0:00:00.934347
2700	9	-1	0	0	0:00:00.941852
2720	3	-1	2	0	0:00:00.943483
2740	1	1	1	1	0:00:00.963472
2760	2	-1	4	0	0:00:00.911141
2780	7	7	7	1	0:00:00.919632
2800	4	-1	4	0	0:00:00.921818
2820	6	6	4	1	0:00:00.930339
2840	3	3	3	1	0:00:00.936307
2860	5	-1	6	0	0:00:00.965703
2880	4	4	4	1	0:00:00.921232
2900	3	2	2	0	0:00:00.932508
2920	2	5	8	0	0:00:00.937292
2940	3	0	0	0	0:00:00.944956
2960	9	9	8	1	0:00:00.938490
2980	8	-1	8	0	0:00:00.939176
3000	5	5	5	1	0:00:00.949945
3020	1	-1	8	0	0:00:00.965109
3040	7	7	7	1	0:00:00.948045
3060	7	7	7	1	0:00:00.948193
3080	1	-1	2	0	0:00:00.934666
3100	0	0	0	1	0:00:00.917033
3120	4	6	2	0	0:00:00.910949
3140	8	8	8	1	0:00:00.912382
3160	6	4	4	0	0:00:00.937514
3180	3	7	8	0	0:00:00.938994
3200	5	-1	7	0	0:00:00.890359
3220	3	9	9	0	0:00:00.892416
3240	4	-1	8	0	0:00:00.895978
3260	7	0	0	0	0:00:00.910933
3280	3	-1	0	0	0:00:00.933310
3300	4	-1	4	0	0:00:00.924422
3320	2	7	7	0	0:00:00.885311
3340	6	-1	4	0	0:00:00.888324
3360	4	6	6	0	0:00:00.883904
3380	8	8	8	1	0:00:00.888082
3400	6	4	4	0	0:00:00.915515
3420	5	-1	4	0	0:00:00.915906
3440	2	9	3	0	0:00:00.913182
3460	1	1	4	1	0:00:00.913456
3480	2	2	2	1	0:00:00.915356
3500	1	1	4	1	0:00:00.942124
3520	1	1	1	1	0:00:00.980295
3540	6	6	6	1	0:00:00.967260
3560	1	-1	0	0	0:00:00.957238
3580	4	1	4	0	0:00:00.943577
3600	4	2	2	0	0:00:00.917069
3620	0	-1	6	0	0:00:00.904389
3640	6	2	2	0	0:00:00.927448
3660	0	8	8	0	0:00:00.920019
3680	0	2	2	0	0:00:00.922964
3700	3	-1	4	0	0:00:00.947437
3720	2	2	2	1	0:00:00.949167
3740	0	0	8	1	0:00:00.976712
3760	7	7	7	1	0:00:00.958440
3780	4	-1	2	0	0:00:00.954008
3800	9	9	8	1	0:00:00.971778
3820	0	-1	2	0	0:00:00.954142
3840	6	3	3	0	0:00:00.948909
3860	7	7	7	1	0:00:00.964576
3880	6	4	4	0	0:00:00.970366
3900	3	-1	1	0	0:00:00.973287
3920	7	-1	8	0	0:00:00.954960
3940	6	-1	4	0	0:00:00.954950
3960	2	-1	5	0	0:00:00.959419
3980	9	7	7	0	0:00:00.950092
4000	8	7	0	0	0:00:00.988410
4020	8	-1	8	0	0:00:00.966660
4040	0	-1	0	0	0:00:00.954233
4060	6	3	3	0	0:00:00.964165
4080	1	8	8	0	0:00:00.966487
4100	7	7	7	1	0:00:00.963139
4120	4	0	0	0	0:00:00.953382
4140	5	3	3	0	0:00:00.958024
4160	5	-1	2	0	0:00:00.972787
4180	0	0	8	1	0:00:00.925802
4200	4	-1	2	0	0:00:00.907713
4220	4	0	0	0	0:00:00.917819
4240	7	0	0	0	0:00:00.914988
4260	8	-1	8	0	0:00:00.914120
4280	8	0	8	0	0:00:00.944379
4300	8	8	8	1	0:00:00.932684
4320	1	8	8	0	0:00:00.960210
4340	0	-1	8	0	0:00:00.949391
4360	6	-1	6	0	0:00:00.946574
4380	9	-1	8	0	0:00:00.948209
4400	3	4	4	0	0:00:00.957357
4420	5	8	8	0	0:00:00.952694
4440	2	-1	2	0	0:00:00.947568
4460	9	-1	8	0	0:00:00.946999
4480	9	-1	6	0	0:00:00.924531
4500	3	6	6	0	0:00:00.919973
4520	3	6	6	0	0:00:00.922461
4540	9	9	9	1	0:00:00.947396
4560	1	1	4	1	0:00:00.968310
4580	6	4	4	0	0:00:00.957173
4600	4	7	4	0	0:00:00.955840
4620	7	3	3	0	0:00:00.936242
4640	2	-1	4	0	0:00:00.915923
4660	7	-1	2	0	0:00:00.910468
4680	9	1	1	0	0:00:00.954068
4700	6	1	4	0	0:00:00.963870
4720	8	0	0	0	0:00:00.957810
4740	5	-1	4	0	0:00:00.986703
4760	3	-1	4	0	0:00:00.976373
4780	0	0	8	1	0:00:00.962377
4800	9	9	9	1	0:00:00.971990
4820	3	-1	5	0	0:00:00.970300
4840	0	0	0	1	0:00:00.956497
4860	5	-1	3	0	0:00:00.941713
4880	0	2	2	0	0:00:00.953155
4900	3	-1	6	0	0:00:00.949065
4920	7	7	2	1	0:00:00.985088
4940	6	-1	4	0	0:00:00.978801
4960	4	-1	3	0	0:00:00.950062
4980	1	9	8	0	0:00:00.991703
5000	7	7	7	1	0:00:00.980302
5020	8	-1	8	0	0:00:00.975057
5040	3	-1	4	0	0:00:00.959336
5060	6	-1	4	0	0:00:00.948265
5080	7	7	7	1	0:00:00.975889
5100	3	3	3	1	0:00:00.971597
5120	9	-1	8	0	0:00:00.977884
5140	8	8	8	1	0:00:00.965673
5160	0	-1	8	0	0:00:00.976435
5180	9	-1	4	0	0:00:00.968274
5200	3	3	3	1	0:00:00.958675
5220	0	0	0	1	0:00:00.976628
5240	1	-1	2	0	0:00:00.993583
5260	0	0	0	1	0:00:00.969683
5280	0	8	8	0	0:00:00.939791
5300	9	-1	9	0	0:00:00.982109
5320	7	-1	3	0	0:00:00.970500
5340	3	4	4	0	0:00:00.950075
5360	9	9	9	1	0:00:00.965357
5380	1	9	9	0	0:00:00.948073
5400	9	-1	8	0	0:00:00.968744
5420	6	6	6	1	0:00:00.954850
5440	9	9	9	1	0:00:00.963901
5460	0	7	7	0	0:00:00.987499
5480	1	1	4	1	0:00:00.977256
5500	8	1	8	0	0:00:00.960974
5520	4	-1	3	0	0:00:00.942249
5540	5	6	2	0	0:00:00.948239
5560	3	6	6	0	0:00:00.973336
5580	5	6	6	0	0:00:00.953165
5600	6	-1	0	0	0:00:00.946644
5620	3	2	2	0	0:00:00.943259
5640	2	-1	3	0	0:00:00.920545
5660	9	-1	8	0	0:00:00.925642
5680	2	3	8	0	0:00:00.954092
5700	3	-1	6	0	0:00:00.927244
5720	9	9	9	1	0:00:00.908637
5740	6	-1	4	0	0:00:00.921727
5760	2	-1	2	0	0:00:00.936654
5780	7	7	7	1	0:00:00.915957
5800	2	-1	4	0	0:00:00.876098
5820	5	6	6	0	0:00:00.902828
5840	2	-1	6	0	0:00:00.907063
5860	0	8	8	0	0:00:00.916428
5880	0	-1	0	0	0:00:00.941281
5900	4	3	4	0	0:00:00.948292
5920	8	8	8	1	0:00:00.879548
5940	7	4	4	0	0:00:00.879944
5960	2	-1	4	0	0:00:00.881825
5980	9	9	6	1	0:00:00.887173
6000	8	9	8	0	0:00:00.901039
6020	6	-1	6	0	0:00:00.913173
6040	2	7	7	0	0:00:00.898645
6060	3	4	4	0	0:00:00.922439
6080	1	9	6	0	0:00:00.929342
6100	1	1	8	1	0:00:00.950055
6120	5	-1	5	0	0:00:00.943774
6140	9	9	9	1	0:00:00.949262
6160	2	5	5	0	0:00:00.937577
6180	0	-1	8	0	0:00:00.939039
6200	3	-1	2	0	0:00:00.935097
6220	2	6	4	0	0:00:00.946481
6240	2	-1	4	0	0:00:00.941303
6260	2	9	4	0	0:00:00.958680
6280	8	-1	4	0	0:00:00.956817
6300	1	7	4	0	0:00:00.953516
6320	0	0	0	1	0:00:00.959730
6340	3	3	3	1	0:00:00.982537
6360	2	-1	2	0	0:00:00.967312
6380	3	-1	6	0	0:00:00.955540
6400	0	1	4	0	0:00:00.965649
6420	7	-1	8	0	0:00:00.967884
6440	3	-1	8	0	0:00:00.972760
6460	3	1	4	0	0:00:00.973194
6480	0	-1	2	0	0:00:00.966619
6500	7	-1	8	0	0:00:00.975997
6520	6	4	4	0	0:00:01.011403
6540	8	8	8	1	0:00:00.973353
6560	6	6	4	1	0:00:00.992706
6580	1	-1	2	0	0:00:00.982332
6600	7	7	7	1	0:00:00.958586
6620	7	7	7	1	0:00:00.938735
6640	5	-1	8	0	0:00:00.933552
6660	0	0	0	1	0:00:00.932644
6680	3	5	5	0	0:00:00.935275
6700	6	-1	4	0	0:00:00.927220
6720	2	-1	2	0	0:00:00.936660
6740	2	-1	4	0	0:00:00.935771
6760	5	-1	6	0	0:00:00.933148
6780	7	7	7	1	0:00:00.957122
6800	6	-1	4	0	0:00:00.932954
6820	1	1	1	1	0:00:00.928898
6840	9	9	9	1	0:00:00.931094
6860	0	-1	2	0	0:00:00.936516
6880	2	7	4	0	0:00:00.934934
6900	3	-1	4	0	0:00:00.933882
6920	5	2	2	0	0:00:00.937810
6940	1	1	1	1	0:00:00.943612
6960	9	8	8	0	0:00:00.923921
6980	0	9	8	0	0:00:00.929728
7000	2	8	8	0	0:00:00.978949
7020	7	7	7	1	0:00:00.979847
7040	7	8	8	0	0:00:00.988360
7060	8	-1	8	0	0:00:00.948667
7080	5	4	4	0	0:00:00.906599
7100	9	3	3	0	0:00:00.916711
7120	7	-1	6	0	0:00:00.913056
7140	4	-1	4	0	0:00:00.904927
7160	5	-1	4	0	0:00:00.914993
7180	6	6	6	1	0:00:00.906783
7200	4	6	2	0	0:00:00.905230
7220	9	-1	8	0	0:00:00.924790
7240	0	8	8	0	0:00:00.908070
7260	1	-1	8	0	0:00:00.914304
7280	1	-1	6	0	0:00:00.909614
7300	3	7	4	0	0:00:00.905174
7320	8	0	8	0	0:00:00.900593
7340	2	4	4	0	0:00:00.889552
7360	2	-1	4	0	0:00:00.900444
7380	7	-1	7	0	0:00:00.917773
7400	3	-1	3	0	0:00:00.913725
7420	3	0	0	0	0:00:00.914653
7440	3	3	3	1	0:00:00.962572
7460	5	5	5	1	0:00:00.937947
7480	1	-1	5	0	0:00:00.944946
7500	6	6	6	1	0:00:00.939108
7520	4	-1	4	0	0:00:00.951041
7540	5	5	5	1	0:00:00.911264
7560	0	9	8	0	0:00:00.894274
7580	8	-1	8	0	0:00:00.902550
7600	8	9	8	0	0:00:00.903956
7620	5	-1	3	0	0:00:00.913313
7640	9	9	6	1	0:00:00.916955
7660	7	-1	4	0	0:00:00.957587
7680	3	9	3	0	0:00:00.944200
7700	6	6	4	1	0:00:00.951968
7720	5	-1	8	0	0:00:00.951695
7740	4	6	2	0	0:00:00.961618
7760	2	9	6	0	0:00:00.951876
7780	3	1	8	0	0:00:00.948038
7800	0	0	8	1	0:00:00.990079
7820	5	8	8	0	0:00:00.946031
7840	1	1	1	1	0:00:00.971134
7860	8	-1	4	0	0:00:00.949305
7880	0	0	0	1	0:00:00.983182
7900	0	-1	8	0	0:00:00.975360
7920	9	8	8	0	0:00:00.954952
7940	2	-1	6	0	0:00:00.955131
7960	0	-1	2	0	0:00:00.966136
7980	3	7	4	0	0:00:00.958461
8000	9	9	0	1	0:00:00.950789
8020	6	3	3	0	0:00:00.988932
8040	2	-1	4	0	0:00:00.960632
8060	6	-1	4	0	0:00:00.955401
8080	4	6	6	0	0:00:00.969070
8100	6	-1	2	0	0:00:00.979385
8120	8	9	8	0	0:00:00.968681
8140	5	4	4	0	0:00:00.961566
8160	6	9	6	0	0:00:00.957620
8180	4	4	4	1	0:00:00.958890
8200	3	-1	2	0	0:00:00.972508
8220	6	-1	2	0	0:00:00.965975
8240	7	7	7	1	0:00:00.971425
8260	1	-1	3	0	0:00:00.972570
8280	4	-1	3	0	0:00:00.952291
8300	5	2	2	0	0:00:00.989558
8320	7	-1	4	0	0:00:00.939229
8340	5	3	3	0	0:00:00.925808
8360	7	7	4	1	0:00:00.897053
8380	9	-1	8	0	0:00:00.874745
8400	0	-1	8	0	0:00:00.895441
8420	3	-1	4	0	0:00:00.901855
8440	5	-1	4	0	0:00:00.906219
8460	8	8	8	1	0:00:00.899394
8480	2	-1	8	0	0:00:00.909574
8500	4	2	2	0	0:00:00.938055
8520	8	-1	4	0	0:00:00.936955
8540	4	-1	2	0	0:00:00.947712
8560	7	-1	4	0	0:00:00.905802
8580	3	0	2	0	0:00:00.902210
8600	3	-1	4	0	0:00:00.895669
8620	3	-1	4	0	0:00:00.893417
8640	1	1	1	1	0:00:00.888117
8660	7	-1	5	0	0:00:00.890545
8680	3	9	8	0	0:00:00.887126
8700	3	3	3	1	0:00:00.891187
8720	2	0	0	0	0:00:00.881535
8740	2	-1	4	0	0:00:00.903109
8760	8	8	8	1	0:00:00.901856
8780	4	-1	4	0	0:00:00.888425
8800	0	0	0	1	0:00:00.884127
8820	2	-1	3	0	0:00:00.879288
8840	2	1	1	0	0:00:00.874786
8860	2	-1	6	0	0:00:00.901309
8880	1	-1	6	0	0:00:00.899539
8900	2	-1	4	0	0:00:00.888174
8920	6	6	6	1	0:00:00.915714
8940	6	3	3	0	0:00:00.948340
8960	0	0	0	1	0:00:00.950187
8980	9	9	9	1	0:00:00.965738
9000	8	8	8	1	0:00:00.954273
9020	7	9	8	0	0:00:00.938101
9040	2	5	5	0	0:00:00.959465
9060	9	5	5	0	0:00:00.894340
9080	3	-1	0	0	0:00:00.944813
9100	9	-1	6	0	0:00:00.925309
9120	3	-1	0	0	0:00:00.937873
9140	7	-1	8	0	0:00:00.940034
9160	5	-1	4	0	0:00:00.933359
9180	5	5	5	1	0:00:00.930329
9200	8	8	8	1	0:00:00.934372
9220	8	8	8	1	0:00:00.966479
9240	8	8	8	1	0:00:00.954855
9260	5	5	5	1	0:00:00.952217
9280	9	-1	8	0	0:00:00.970027
9300	5	-1	2	0	0:00:00.972644
9320	9	9	8	1	0:00:00.966728
9340	1	1	1	1	0:00:00.961686
9360	5	-1	4	0	0:00:00.952495
9380	5	9	3	0	0:00:00.960025
9400	6	-1	4	0	0:00:00.960902
9420	5	-1	6	0	0:00:00.981998
9440	8	8	8	1	0:00:00.966246
9460	3	-1	6	0	0:00:00.954397
9480	2	4	4	0	0:00:00.950405
9500	9	-1	6	0	0:00:00.955518
9520	1	1	1	1	0:00:00.959078
9540	5	-1	4	0	0:00:00.957772
9560	9	7	7	0	0:00:00.958363
9580	1	4	4	0	0:00:00.961565
9600	8	8	8	1	0:00:00.971534
9620	4	7	4	0	0:00:00.962220
9640	5	0	6	0	0:00:00.985568
9660	6	6	6	1	0:00:00.948779
9680	8	8	8	1	0:00:00.946033
9700	0	0	0	1	0:00:00.956288
9720	8	-1	4	0	0:00:00.952266
9740	3	-1	4	0	0:00:00.947742
9760	9	-1	4	0	0:00:00.949502
9780	4	6	4	0	0:00:00.939293
9800	1	1	1	1	0:00:00.936893
9820	0	8	8	0	0:00:00.940898
9840	4	5	5	0	0:00:00.940113
9860	0	5	8	0	0:00:00.947383
9880	7	-1	4	0	0:00:00.912338
9900	8	0	8	0	0:00:00.937835
9920	6	-1	2	0	0:00:00.950718
9940	4	-1	5	0	0:00:00.958342
9960	2	0	0	0	0:00:00.963639
9980	0	0	0	1	0:00:00.945063
