idx	label	predict	basePredict	correct	time
0	3	3	3	1	0:00:16.387158
20	7	9	9	0	0:00:16.311595
40	4	8	8	0	0:00:16.246045
60	7	7	7	1	0:00:16.278358
80	8	8	8	1	0:00:16.252616
100	4	5	5	0	0:00:16.294204
120	8	0	8	0	0:00:16.309387
140	6	3	2	0	0:00:16.290435
160	2	0	2	0	0:00:16.292344
180	0	0	0	1	0:00:16.283741
200	5	7	5	0	0:00:16.236472
220	7	7	7	1	0:00:16.269765
240	1	1	1	1	0:00:16.262820
260	8	6	3	0	0:00:16.290373
280	9	9	9	1	0:00:16.297755
300	6	6	4	1	0:00:16.249917
320	3	3	2	1	0:00:16.260378
340	2	4	4	0	0:00:16.251389
360	9	7	5	0	0:00:16.247166
380	6	6	4	1	0:00:16.245061
400	9	9	9	1	0:00:16.282450
420	4	4	4	1	0:00:16.338484
440	1	9	9	0	0:00:16.247526
460	5	5	2	1	0:00:16.425205
480	8	9	9	0	0:00:16.253586
500	4	6	2	0	0:00:16.250187
520	5	7	7	0	0:00:16.308678
540	1	1	8	1	0:00:16.248432
560	0	0	0	1	0:00:16.247021
580	4	4	4	1	0:00:16.282030
600	8	8	8	1	0:00:16.243314
620	7	7	2	1	0:00:16.303915
640	5	3	3	0	0:00:16.314487
660	9	9	9	1	0:00:16.270743
680	9	7	7	0	0:00:16.284159
700	7	7	3	1	0:00:16.264887
720	4	9	4	0	0:00:16.258617
740	2	5	3	0	0:00:16.257968
760	3	4	3	0	0:00:16.245575
780	9	1	9	0	0:00:16.253094
800	7	7	7	1	0:00:16.252033
820	6	8	8	0	0:00:16.268368
840	7	7	7	1	0:00:16.267897
860	4	2	2	0	0:00:16.300361
880	8	8	8	1	0:00:16.268553
900	2	6	4	0	0:00:16.440383
920	6	-1	2	0	0:00:17.166837
940	9	9	9	1	0:00:16.278933
960	9	9	9	1	0:00:17.040429
980	2	6	2	0	0:00:16.256414
1000	5	5	5	1	0:00:15.556234
1020	1	1	1	1	0:00:15.553407
1040	7	5	5	0	0:00:15.551582
1060	9	9	9	1	0:00:15.563988
1080	6	1	6	0	0:00:15.590894
1100	7	0	0	0	0:00:15.563998
1120	5	2	2	0	0:00:15.553489
1140	6	4	4	0	0:00:15.564252
1160	8	0	0	0	0:00:15.560136
1180	3	3	3	1	0:00:15.563767
1200	8	0	0	0	0:00:15.554636
1220	9	6	6	0	0:00:15.565960
1240	2	6	6	0	0:00:15.562557
1260	1	9	9	0	0:00:15.555767
1280	3	7	5	0	0:00:15.554926
1300	4	3	3	0	0:00:15.558004
1320	7	2	2	0	0:00:15.550437
1340	1	1	1	1	0:00:15.599717
1360	7	7	2	1	0:00:15.550877
1380	4	5	5	0	0:00:15.556714
1400	5	3	3	0	0:00:15.545853
1420	4	7	7	0	0:00:15.566123
1440	0	8	8	0	0:00:15.550565
1460	6	6	2	1	0:00:15.557271
1480	1	5	5	0	0:00:15.549797
1500	1	1	1	1	0:00:15.555434
1520	7	7	4	1	0:00:15.556837
1540	8	8	8	1	0:00:15.562367
1560	7	7	7	1	0:00:15.554083
1580	6	1	3	0	0:00:15.557468
1600	8	9	6	0	0:00:15.557146
1620	5	8	8	0	0:00:15.559404
1640	7	3	3	0	0:00:15.549867
1660	3	5	5	0	0:00:15.566559
1680	6	6	3	1	0:00:15.558242
1700	5	2	2	0	0:00:15.549178
1720	4	-1	2	0	0:00:15.545512
1740	1	9	9	0	0:00:15.554145
1760	0	8	8	0	0:00:15.548941
1780	7	7	2	1	0:00:15.545810
1800	4	0	8	0	0:00:15.553581
1820	8	9	9	0	0:00:15.559533
1840	8	7	4	0	0:00:15.556066
1860	8	8	3	1	0:00:15.551324
1880	1	1	8	1	0:00:15.557974
1900	8	8	8	1	0:00:15.546893
1920	2	2	2	1	0:00:15.560964
1940	5	2	2	0	0:00:15.556865
1960	2	5	5	0	0:00:15.560910
1980	9	9	9	1	0:00:15.569651
2000	1	6	6	0	0:00:15.552080
2020	9	9	9	1	0:00:15.564076
2040	0	0	0	1	0:00:15.553222
2060	5	3	3	0	0:00:15.560921
2080	1	9	9	0	0:00:15.564593
2100	2	4	2	0	0:00:15.572169
2120	4	8	8	0	0:00:15.574207
2140	9	9	9	1	0:00:15.557520
2160	0	8	8	0	0:00:15.557863
2180	4	4	4	1	0:00:15.551063
2200	0	2	2	0	0:00:15.547188
2220	1	1	1	1	0:00:15.554806
2240	9	1	8	0	0:00:15.551503
2260	4	4	3	1	0:00:15.566322
2280	4	8	8	0	0:00:15.580345
2300	3	2	2	0	0:00:15.563106
2320	5	2	2	0	0:00:15.564571
2340	7	7	7	1	0:00:15.549821
2360	7	5	5	0	0:00:15.563176
2380	8	8	8	1	0:00:15.571306
2400	0	0	0	1	0:00:15.558768
2420	8	5	5	0	0:00:15.548449
2440	7	7	0	1	0:00:15.542812
2460	9	7	7	0	0:00:15.556233
2480	8	8	8	1	0:00:15.551634
2500	4	6	2	0	0:00:15.555297
2520	1	1	8	1	0:00:15.548162
2540	2	5	5	0	0:00:15.567597
2560	7	4	4	0	0:00:15.542849
2580	6	5	5	0	0:00:15.550918
2600	8	8	8	1	0:00:15.556101
2620	1	1	8	1	0:00:15.570253
2640	7	7	4	1	0:00:15.553321
2660	3	2	2	0	0:00:15.557946
2680	0	0	0	1	0:00:15.562942
2700	9	1	1	0	0:00:15.563398
2720	3	3	2	1	0:00:15.552049
2740	1	1	7	1	0:00:15.552210
2760	2	2	2	1	0:00:15.559688
2780	7	7	7	1	0:00:15.564883
2800	4	6	6	0	0:00:15.561988
2820	6	6	2	1	0:00:15.559308
2840	3	3	3	1	0:00:15.564596
2860	5	7	6	0	0:00:15.577003
2880	4	4	4	1	0:00:15.597672
2900	3	5	5	0	0:00:15.569298
2920	2	3	3	0	0:00:15.558698
2940	3	0	0	0	0:00:15.554858
2960	9	9	9	1	0:00:15.554201
2980	8	1	8	0	0:00:15.561221
3000	5	5	5	1	0:00:15.569649
3020	1	1	8	1	0:00:15.553605
3040	7	7	7	1	0:00:15.552951
3060	7	7	5	1	0:00:15.559407
3080	1	1	0	1	0:00:15.598279
3100	0	0	0	1	0:00:15.615506
3120	4	6	2	0	0:00:15.565722
3140	8	8	8	1	0:00:15.553981
3160	6	2	2	0	0:00:15.557319
3180	3	9	3	0	0:00:15.572533
3200	5	7	7	0	0:00:15.557587
3220	3	9	3	0	0:00:15.561021
3240	4	1	8	0	0:00:15.560846
3260	7	7	7	1	0:00:15.549418
3280	3	5	5	0	0:00:15.566085
3300	4	3	2	0	0:00:15.567023
3320	2	7	7	0	0:00:15.555747
3340	6	6	2	1	0:00:15.572008
3360	4	6	6	0	0:00:15.562052
3380	8	8	8	1	0:00:15.561939
3400	6	4	4	0	0:00:15.549774
3420	5	3	3	0	0:00:15.549586
3440	2	3	3	0	0:00:15.553657
3460	1	1	9	1	0:00:15.564131
3480	2	2	2	1	0:00:15.563733
3500	1	9	9	0	0:00:15.592667
3520	1	1	1	1	0:00:15.584502
3540	6	6	3	1	0:00:15.578747
3560	1	9	7	0	0:00:15.561113
3580	4	2	2	0	0:00:15.573608
3600	4	2	2	0	0:00:15.556150
3620	0	6	6	0	0:00:15.555293
3640	6	2	2	0	0:00:15.549004
3660	0	0	8	1	0:00:15.574569
3680	0	4	2	0	0:00:15.574781
3700	3	3	3	1	0:00:15.566263
3720	2	2	2	1	0:00:15.563461
3740	0	0	0	1	0:00:15.549579
3760	7	7	4	1	0:00:15.558366
3780	4	4	2	1	0:00:15.553513
3800	9	9	3	1	0:00:15.554146
3820	0	2	2	0	0:00:15.557087
3840	6	3	3	0	0:00:15.604502
3860	7	7	7	1	0:00:15.619525
3880	6	4	4	0	0:00:15.568581
3900	3	6	6	0	0:00:15.549230
3920	7	9	5	0	0:00:15.558657
3940	6	5	4	0	0:00:15.551356
3960	2	2	2	1	0:00:15.555122
3980	9	7	4	0	0:00:15.558581
4000	8	7	0	0	0:00:15.552696
4020	8	9	8	0	0:00:15.550275
4040	0	0	0	1	0:00:15.552260
4060	6	5	3	0	0:00:15.549262
4080	1	1	8	1	0:00:15.554108
4100	7	7	7	1	0:00:15.555935
4120	4	4	8	1	0:00:15.551013
4140	5	5	3	1	0:00:15.559294
4160	5	2	2	0	0:00:15.550581
4180	0	8	8	0	0:00:15.555361
4200	4	2	2	0	0:00:15.560986
4220	4	0	0	0	0:00:15.561062
4240	7	0	8	0	0:00:15.557234
4260	8	8	8	1	0:00:15.595299
4280	8	1	1	0	0:00:15.558854
4300	8	8	8	1	0:00:15.558352
4320	1	8	8	0	0:00:15.563044
4340	0	0	0	1	0:00:15.551984
4360	6	9	9	0	0:00:15.549560
4380	9	8	8	0	0:00:15.551965
4400	3	4	4	0	0:00:15.550838
4420	5	5	7	1	0:00:15.549860
4440	2	2	2	1	0:00:15.547215
4460	9	1	8	0	0:00:15.552613
4480	9	9	3	1	0:00:15.556555
4500	3	5	5	0	0:00:15.550856
4520	3	6	6	0	0:00:15.558105
4540	9	9	9	1	0:00:15.554336
4560	1	1	8	1	0:00:15.549021
4580	6	4	4	0	0:00:15.548171
4600	4	7	7	0	0:00:15.573234
4620	7	3	3	0	0:00:15.555884
4640	2	4	2	0	0:00:15.547851
4660	7	4	4	0	0:00:15.566179
4680	9	1	1	0	0:00:15.591615
4700	6	1	5	0	0:00:15.555803
4720	8	0	0	0	0:00:15.597453
4740	5	3	3	0	0:00:15.557584
4760	3	2	2	0	0:00:15.561413
4780	0	0	8	1	0:00:15.573419
4800	9	9	9	1	0:00:15.558523
4820	3	3	3	1	0:00:15.589881
4840	0	0	0	1	0:00:15.548187
4860	5	5	5	1	0:00:15.570145
4880	0	8	2	0	0:00:15.553342
4900	3	6	6	0	0:00:15.555471
4920	7	7	7	1	0:00:15.551563
4940	6	4	2	0	0:00:15.567519
4960	4	3	3	0	0:00:15.558244
4980	1	9	9	0	0:00:15.554566
5000	7	7	7	1	0:00:15.557539
5020	8	8	8	1	0:00:15.571635
5040	3	1	2	0	0:00:15.550389
5060	6	2	2	0	0:00:15.549597
5080	7	7	7	1	0:00:15.553348
5100	3	3	3	1	0:00:15.553957
5120	9	8	8	0	0:00:15.560106
5140	8	8	8	1	0:00:15.550586
5160	0	0	8	1	0:00:15.550730
5180	9	7	4	0	0:00:15.548726
5200	3	3	3	1	0:00:15.551967
5220	0	0	0	1	0:00:15.544802
5240	1	9	9	0	0:00:15.555815
5260	0	0	0	1	0:00:15.565054
5280	0	9	8	0	0:00:15.545293
5300	9	1	1	0	0:00:15.551615
5320	7	7	7	1	0:00:15.558191
5340	3	4	4	0	0:00:15.558583
5360	9	9	3	1	0:00:15.549938
5380	1	9	9	0	0:00:15.554582
5400	9	9	9	1	0:00:15.562115
5420	6	6	3	1	0:00:15.558748
5440	9	9	9	1	0:00:15.572657
5460	0	0	0	1	0:00:15.588371
5480	1	1	4	1	0:00:15.551917
5500	8	1	8	0	0:00:15.558522
5520	4	3	3	0	0:00:15.549860
5540	5	6	4	0	0:00:15.554986
5560	3	5	5	0	0:00:15.563755
5580	5	6	3	0	0:00:15.559647
5600	6	9	4	0	0:00:15.548122
5620	3	6	6	0	0:00:15.555213
5640	2	2	2	1	0:00:15.551094
5660	9	8	8	0	0:00:15.549381
5680	2	3	3	0	0:00:15.557832
5700	3	5	5	0	0:00:15.580229
5720	9	9	9	1	0:00:15.551160
5740	6	4	6	0	0:00:15.547296
5760	2	4	0	0	0:00:15.546822
5780	7	7	7	1	0:00:15.560485
5800	2	4	4	0	0:00:15.547880
5820	5	3	3	0	0:00:15.555289
5840	2	2	2	1	0:00:15.550362
5860	0	1	8	0	0:00:15.556250
5880	0	0	0	1	0:00:15.557406
5900	4	0	0	0	0:00:15.559760
5920	8	8	8	1	0:00:15.562907
5940	7	4	4	0	0:00:15.565997
5960	2	6	6	0	0:00:15.556383
5980	9	9	2	1	0:00:15.566338
6000	8	9	8	0	0:00:15.556383
6020	6	6	6	1	0:00:15.563916
6040	2	7	7	0	0:00:15.552961
6060	3	4	2	0	0:00:15.554645
6080	1	9	9	0	0:00:15.553696
6100	1	1	8	1	0:00:15.552716
6120	5	5	5	1	0:00:15.547624
6140	9	9	9	1	0:00:15.556418
6160	2	5	5	0	0:00:15.554094
6180	0	0	0	1	0:00:15.550877
6200	3	3	3	1	0:00:15.544059
6220	2	5	5	0	0:00:15.573303
6240	2	1	2	0	0:00:15.554626
6260	2	9	6	0	0:00:15.557940
6280	8	5	5	0	0:00:15.558417
6300	1	1	2	1	0:00:15.603219
6320	0	4	0	0	0:00:15.580037
6340	3	3	3	1	0:00:15.558676
6360	2	-1	2	0	0:00:15.564898
6380	3	0	3	0	0:00:15.546478
6400	0	1	8	0	0:00:15.547366
6420	7	7	7	1	0:00:15.553272
6440	3	9	4	0	0:00:15.545304
6460	3	1	3	0	0:00:15.552336
6480	0	0	0	1	0:00:15.548902
6500	7	6	6	0	0:00:15.549538
6520	6	2	2	0	0:00:15.564101
6540	8	8	8	1	0:00:15.593933
6560	6	6	2	1	0:00:15.588329
6580	1	7	4	0	0:00:15.549860
6600	7	7	7	1	0:00:15.551747
6620	7	7	7	1	0:00:15.558348
6640	5	3	3	0	0:00:15.556288
6660	0	0	0	1	0:00:15.554450
6680	3	5	3	0	0:00:15.553563
6700	6	0	0	0	0:00:15.560923
6720	2	4	2	0	0:00:15.556783
6740	2	4	6	0	0:00:15.559961
6760	5	5	5	1	0:00:15.557744
6780	7	7	7	1	0:00:15.559306
6800	6	4	2	0	0:00:15.553423
6820	1	1	1	1	0:00:15.551467
6840	9	-1	1	0	0:00:15.559851
6860	0	2	2	0	0:00:15.599020
6880	2	7	2	0	0:00:15.551348
6900	3	7	7	0	0:00:15.551065
6920	5	2	2	0	0:00:15.547314
6940	1	1	1	1	0:00:15.565777
6960	9	8	8	0	0:00:15.556916
6980	0	1	8	0	0:00:15.554385
7000	2	0	8	0	0:00:15.557429
7020	7	7	7	1	0:00:15.572608
7040	7	1	8	0	0:00:15.547354
7060	8	-1	8	0	0:00:15.552150
7080	5	4	4	0	0:00:15.588272
7100	9	5	3	0	0:00:15.554909
7120	7	5	5	0	0:00:15.552671
7140	4	9	3	0	0:00:15.557919
7160	5	5	5	1	0:00:15.556433
7180	6	6	3	1	0:00:15.553327
7200	4	6	2	0	0:00:15.549145
7220	9	9	8	1	0:00:15.552972
7240	0	8	8	0	0:00:15.552520
7260	1	1	8	1	0:00:15.551737
7280	1	9	9	0	0:00:15.549403
7300	3	4	4	0	0:00:15.552549
7320	8	0	0	0	0:00:15.564542
7340	2	4	4	0	0:00:15.554480
7360	2	7	4	0	0:00:15.550722
7380	7	7	7	1	0:00:15.555138
7400	3	-1	3	0	0:00:15.554823
7420	3	4	2	0	0:00:15.551626
7440	3	3	3	1	0:00:15.547325
7460	5	5	5	1	0:00:15.555366
7480	1	8	8	0	0:00:15.549268
7500	6	6	6	1	0:00:15.558843
7520	4	2	2	0	0:00:15.553609
7540	5	5	5	1	0:00:15.553041
7560	0	0	0	1	0:00:15.552732
7580	8	8	8	1	0:00:15.562263
7600	8	9	2	0	0:00:15.552600
7620	5	3	3	0	0:00:15.581477
7640	9	8	8	0	0:00:15.600715
7660	7	9	4	0	0:00:15.549367
7680	3	9	3	0	0:00:15.547548
7700	6	6	4	1	0:00:15.565502
7720	5	2	2	0	0:00:15.560814
7740	4	2	2	0	0:00:15.568889
7760	2	9	9	0	0:00:15.552390
7780	3	-1	8	0	0:00:15.559509
7800	0	0	8	1	0:00:15.552458
7820	5	9	9	0	0:00:15.548541
7840	1	1	1	1	0:00:15.549084
7860	8	8	2	1	0:00:15.559674
7880	0	4	4	0	0:00:15.551018
7900	0	8	8	0	0:00:15.553168
7920	9	9	2	1	0:00:15.544425
7940	2	6	4	0	0:00:15.556802
7960	0	0	8	1	0:00:15.544171
7980	3	3	3	1	0:00:15.545891
8000	9	9	8	1	0:00:15.547142
8020	6	3	3	0	0:00:15.555682
8040	2	2	2	1	0:00:15.556518
8060	6	6	6	1	0:00:15.557250
8080	4	6	2	0	0:00:15.544547
8100	6	2	4	0	0:00:15.557412
8120	8	9	9	0	0:00:15.556839
8140	5	4	4	0	0:00:15.561145
8160	6	6	6	1	0:00:15.554601
8180	4	2	4	0	0:00:15.577201
8200	3	4	4	0	0:00:15.571047
8220	6	7	3	0	0:00:15.561658
8240	7	7	7	1	0:00:15.561179
8260	1	1	1	1	0:00:15.561707
8280	4	5	5	0	0:00:15.554692
8300	5	2	2	0	0:00:15.560542
8320	7	4	3	0	0:00:15.546966
8340	5	3	3	0	0:00:15.560194
8360	7	7	7	1	0:00:15.549175
8380	9	9	9	1	0:00:15.562372
8400	0	8	8	0	0:00:15.554316
8420	3	6	6	0	0:00:15.556153
8440	5	3	3	0	0:00:15.550867
8460	8	8	8	1	0:00:15.551416
8480	2	2	4	1	0:00:15.568572
8500	4	4	4	1	0:00:15.556998
8520	8	1	8	0	0:00:15.553603
8540	4	2	2	0	0:00:15.554618
8560	7	7	7	1	0:00:15.556379
8580	3	2	2	0	0:00:15.568071
8600	3	2	2	0	0:00:15.561065
8620	3	4	4	0	0:00:15.573510
8640	1	1	8	1	0:00:15.557693
8660	7	7	7	1	0:00:15.557910
8680	3	7	8	0	0:00:15.547677
8700	3	7	3	0	0:00:15.557231
8720	2	0	0	0	0:00:15.567201
8740	2	2	5	1	0:00:15.558377
8760	8	8	8	1	0:00:15.575148
8780	4	7	2	0	0:00:15.558802
8800	0	0	0	1	0:00:15.548669
8820	2	2	2	1	0:00:15.547572
8840	2	7	7	0	0:00:15.544298
8860	2	2	6	1	0:00:15.556175
8880	1	1	1	1	0:00:15.552149
8900	2	4	4	0	0:00:15.553809
8920	6	6	2	1	0:00:15.550038
8940	6	3	3	0	0:00:15.570273
8960	0	0	2	1	0:00:15.545675
8980	9	9	9	1	0:00:15.558935
9000	8	8	8	1	0:00:15.549908
9020	7	7	7	1	0:00:15.557559
9040	2	5	5	0	0:00:15.572052
9060	9	9	3	1	0:00:15.562644
9080	3	2	2	0	0:00:15.608516
9100	9	1	3	0	0:00:15.552906
9120	3	0	3	0	0:00:15.607598
9140	7	6	2	0	0:00:15.555856
9160	5	3	3	0	0:00:15.590614
9180	5	5	5	1	0:00:15.589264
9200	8	8	8	1	0:00:15.549614
9220	8	8	8	1	0:00:15.564072
9240	8	8	8	1	0:00:15.548371
9260	5	5	5	1	0:00:15.557971
9280	9	8	8	0	0:00:15.545122
9300	5	2	2	0	0:00:15.562124
9320	9	9	9	1	0:00:15.558539
9340	1	1	1	1	0:00:15.564596
9360	5	0	0	0	0:00:15.550493
9380	5	3	3	0	0:00:15.553879
9400	6	6	2	1	0:00:15.563303
9420	5	5	5	1	0:00:15.555866
9440	8	8	8	1	0:00:15.555762
9460	3	7	7	0	0:00:15.548928
9480	2	6	2	0	0:00:15.553846
9500	9	9	2	1	0:00:15.557184
9520	1	1	1	1	0:00:15.548601
9540	5	3	3	0	0:00:15.563686
9560	9	7	5	0	0:00:15.549298
9580	1	1	4	1	0:00:15.553775
9600	8	0	8	0	0:00:15.554063
9620	4	7	4	0	0:00:15.549349
9640	5	0	2	0	0:00:15.568673
9660	6	6	6	1	0:00:15.551176
9680	8	8	8	1	0:00:15.550473
9700	0	0	0	1	0:00:15.557054
9720	8	1	8	0	0:00:15.556311
9740	3	6	2	0	0:00:15.553565
9760	9	3	3	0	0:00:15.575787
9780	4	6	2	0	0:00:15.555322
9800	1	1	1	1	0:00:15.548961
9820	0	8	8	0	0:00:15.574281
9840	4	5	5	0	0:00:15.551489
9860	0	5	5	0	0:00:15.555601
9880	7	8	8	0	0:00:15.560163
9900	8	0	8	0	0:00:15.581297
9920	6	6	2	1	0:00:15.603212
9940	4	5	5	0	0:00:15.634754
9960	2	0	0	0	0:00:15.588374
9980	0	0	0	1	0:00:15.548668
