idx	label	predict	basePredict	correct	time
0	3	2	4	0	0:00:16.410530
20	7	1	9	0	0:00:16.333296
40	4	8	8	0	0:00:16.332371
60	7	2	2	0	0:00:16.262577
80	8	0	8	0	0:00:16.284850
100	4	5	3	0	0:00:16.319038
120	8	0	8	0	0:00:16.273188
140	6	2	2	0	0:00:16.280425
160	2	0	0	0	0:00:16.293133
180	0	9	8	0	0:00:16.289246
200	5	7	7	0	0:00:16.268018
220	7	7	4	1	0:00:16.290006
240	1	1	8	1	0:00:16.676404
260	8	3	6	0	0:00:16.321373
280	9	9	8	1	0:00:17.048895
300	6	7	4	0	0:00:17.037603
320	3	2	4	0	0:00:16.271248
340	2	4	4	0	0:00:17.256173
360	9	6	4	0	0:00:17.400955
380	6	0	4	0	0:00:17.357243
400	9	1	1	0	0:00:17.406237
420	4	6	6	0	0:00:16.269158
440	1	1	6	1	0:00:17.777470
460	5	3	4	0	0:00:17.458447
480	8	9	9	0	0:00:17.705103
500	4	9	6	0	0:00:16.487254
520	5	7	7	0	0:00:16.277499
540	1	8	8	0	0:00:16.282635
560	0	8	8	0	0:00:16.309615
580	4	6	4	0	0:00:16.255720
600	8	0	4	0	0:00:16.279426
620	7	6	4	0	0:00:16.268951
640	5	3	3	0	0:00:16.273915
660	9	9	3	1	0:00:16.319274
680	9	7	4	0	0:00:16.261937
700	7	0	0	0	0:00:16.275780
720	4	9	9	0	0:00:16.287510
740	2	5	3	0	0:00:16.284139
760	3	9	9	0	0:00:16.300956
780	9	0	0	0	0:00:16.284134
800	7	7	7	1	0:00:16.290087
820	6	1	8	0	0:00:16.284056
840	7	7	7	1	0:00:16.270331
860	4	4	4	1	0:00:16.288516
880	8	8	8	1	0:00:16.305816
900	2	4	4	0	0:00:16.299166
920	6	-1	2	0	0:00:16.385209
940	9	1	1	0	0:00:16.280279
960	9	9	4	1	0:00:16.274561
980	2	6	6	0	0:00:16.266739
1000	5	5	5	1	0:00:15.561674
1020	1	8	8	0	0:00:15.587937
1040	7	5	5	0	0:00:15.580003
1060	9	9	8	1	0:00:15.587468
1080	6	3	6	0	0:00:15.603838
1100	7	8	8	0	0:00:15.589942
1120	5	2	2	0	0:00:15.578472
1140	6	4	4	0	0:00:15.595694
1160	8	0	0	0	0:00:15.586918
1180	3	8	8	0	0:00:15.565770
1200	8	0	0	0	0:00:15.566886
1220	9	6	2	0	0:00:15.587828
1240	2	6	6	0	0:00:15.577108
1260	1	9	9	0	0:00:15.584587
1280	3	7	7	0	0:00:15.583987
1300	4	3	3	0	0:00:15.559671
1320	7	2	2	0	0:00:15.580717
1340	1	8	8	0	0:00:15.571216
1360	7	5	4	0	0:00:15.569067
1380	4	5	5	0	0:00:15.610936
1400	5	2	2	0	0:00:15.565978
1420	4	7	7	0	0:00:15.581666
1440	0	8	8	0	0:00:15.589001
1460	6	1	4	0	0:00:15.575946
1480	1	5	5	0	0:00:15.590791
1500	1	9	9	0	0:00:15.585404
1520	7	6	2	0	0:00:15.585464
1540	8	8	8	1	0:00:15.567629
1560	7	7	7	1	0:00:15.587945
1580	6	1	1	0	0:00:15.584953
1600	8	9	6	0	0:00:15.589895
1620	5	8	8	0	0:00:15.597978
1640	7	5	3	0	0:00:15.577287
1660	3	4	4	0	0:00:15.649006
1680	6	6	6	1	0:00:15.602622
1700	5	2	2	0	0:00:15.575526
1720	4	2	2	0	0:00:15.581361
1740	1	9	9	0	0:00:15.590722
1760	0	8	8	0	0:00:15.616312
1780	7	8	8	0	0:00:15.596617
1800	4	8	8	0	0:00:15.573627
1820	8	9	9	0	0:00:15.569995
1840	8	7	4	0	0:00:15.572140
1860	8	5	8	0	0:00:15.614493
1880	1	8	8	0	0:00:15.636282
1900	8	8	8	1	0:00:15.587238
1920	2	5	2	0	0:00:15.567535
1940	5	3	3	0	0:00:15.576223
1960	2	5	5	0	0:00:15.574939
1980	9	9	2	1	0:00:15.576258
2000	1	6	4	0	0:00:15.576519
2020	9	9	1	1	0:00:15.586598
2040	0	8	8	0	0:00:15.570777
2060	5	3	3	0	0:00:15.576235
2080	1	6	4	0	0:00:15.572031
2100	2	4	4	0	0:00:15.581234
2120	4	8	8	0	0:00:15.622788
2140	9	1	1	0	0:00:15.575348
2160	0	8	8	0	0:00:15.577558
2180	4	2	2	0	0:00:15.612826
2200	0	2	2	0	0:00:15.578445
2220	1	1	4	1	0:00:15.607368
2240	9	1	8	0	0:00:15.572194
2260	4	7	2	0	0:00:15.577883
2280	4	8	8	0	0:00:15.562346
2300	3	4	4	0	0:00:15.564087
2320	5	8	8	0	0:00:15.561611
2340	7	1	0	0	0:00:15.572232
2360	7	5	3	0	0:00:15.561637
2380	8	0	0	0	0:00:15.566533
2400	0	4	4	0	0:00:15.589671
2420	8	5	5	0	0:00:15.573866
2440	7	1	8	0	0:00:15.592296
2460	9	3	3	0	0:00:15.573175
2480	8	8	8	1	0:00:15.562078
2500	4	6	2	0	0:00:15.575251
2520	1	9	8	0	0:00:15.559299
2540	2	3	3	0	0:00:15.568360
2560	7	6	2	0	0:00:15.586150
2580	6	7	4	0	0:00:15.572768
2600	8	8	8	1	0:00:15.578305
2620	1	4	4	0	0:00:15.567773
2640	7	6	6	0	0:00:15.575444
2660	3	2	2	0	0:00:15.565089
2680	0	0	0	1	0:00:15.576474
2700	9	7	0	0	0:00:15.579321
2720	3	2	2	0	0:00:15.574254
2740	1	9	7	0	0:00:15.585359
2760	2	4	4	0	0:00:15.560182
2780	7	7	6	1	0:00:15.564073
2800	4	6	6	0	0:00:15.561474
2820	6	6	4	1	0:00:15.594698
2840	3	3	3	1	0:00:15.622968
2860	5	7	4	0	0:00:15.602709
2880	4	4	4	1	0:00:15.571084
2900	3	2	2	0	0:00:15.570974
2920	2	5	5	0	0:00:15.577780
2940	3	0	0	0	0:00:15.581077
2960	9	7	8	0	0:00:15.567464
2980	8	1	8	0	0:00:15.572325
3000	5	5	5	1	0:00:15.566889
3020	1	8	8	0	0:00:15.570953
3040	7	7	7	1	0:00:15.566378
3060	7	-1	3	0	0:00:15.572910
3080	1	7	4	0	0:00:15.569748
3100	0	0	8	1	0:00:15.563089
3120	4	6	2	0	0:00:15.575981
3140	8	0	8	0	0:00:15.576460
3160	6	4	4	0	0:00:15.559982
3180	3	7	8	0	0:00:15.598822
3200	5	7	7	0	0:00:15.610893
3220	3	9	9	0	0:00:15.579514
3240	4	1	8	0	0:00:15.591285
3260	7	0	0	0	0:00:15.580619
3280	3	0	0	0	0:00:15.565191
3300	4	6	4	0	0:00:15.575182
3320	2	7	7	0	0:00:15.589576
3340	6	7	4	0	0:00:15.560221
3360	4	6	6	0	0:00:15.556492
3380	8	1	8	0	0:00:15.597508
3400	6	4	4	0	0:00:15.554141
3420	5	6	4	0	0:00:15.568932
3440	2	9	3	0	0:00:15.615496
3460	1	1	4	1	0:00:15.565104
3480	2	2	2	1	0:00:15.576970
3500	1	1	4	1	0:00:15.604859
3520	1	1	1	1	0:00:15.571559
3540	6	8	4	0	0:00:15.588856
3560	1	9	7	0	0:00:15.568078
3580	4	1	8	0	0:00:15.589756
3600	4	2	2	0	0:00:15.558907
3620	0	6	6	0	0:00:15.569993
3640	6	2	2	0	0:00:15.564403
3660	0	8	8	0	0:00:15.593081
3680	0	2	2	0	0:00:15.566158
3700	3	4	4	0	0:00:15.615329
3720	2	2	2	1	0:00:15.570957
3740	0	8	8	0	0:00:15.577465
3760	7	7	7	1	0:00:15.567438
3780	4	2	2	0	0:00:15.558204
3800	9	3	3	0	0:00:15.581379
3820	0	2	2	0	0:00:15.601958
3840	6	8	3	0	0:00:15.576507
3860	7	7	7	1	0:00:15.572417
3880	6	4	4	0	0:00:15.575557
3900	3	1	1	0	0:00:15.583637
3920	7	1	8	0	0:00:15.559618
3940	6	7	4	0	0:00:15.595168
3960	2	5	5	0	0:00:15.603845
3980	9	7	7	0	0:00:15.602826
4000	8	7	4	0	0:00:15.575694
4020	8	1	8	0	0:00:15.573494
4040	0	8	8	0	0:00:15.581955
4060	6	3	3	0	0:00:15.565463
4080	1	8	8	0	0:00:15.582657
4100	7	7	7	1	0:00:15.592673
4120	4	0	0	0	0:00:15.592391
4140	5	3	3	0	0:00:15.575055
4160	5	2	2	0	0:00:15.578654
4180	0	8	8	0	0:00:15.578736
4200	4	2	2	0	0:00:15.563216
4220	4	0	0	0	0:00:15.574346
4240	7	0	0	0	0:00:15.581178
4260	8	1	1	0	0:00:15.613670
4280	8	0	0	0	0:00:15.562655
4300	8	9	8	0	0:00:15.565954
4320	1	8	8	0	0:00:15.573667
4340	0	8	8	0	0:00:15.579482
4360	6	9	9	0	0:00:15.566669
4380	9	8	8	0	0:00:15.595012
4400	3	4	4	0	0:00:15.602745
4420	5	8	8	0	0:00:15.583698
4440	2	6	2	0	0:00:15.572360
4460	9	8	8	0	0:00:15.581180
4480	9	6	6	0	0:00:15.568146
4500	3	6	4	0	0:00:15.570457
4520	3	6	6	0	0:00:15.588658
4540	9	9	1	1	0:00:15.585147
4560	1	6	4	0	0:00:15.558290
4580	6	4	4	0	0:00:15.577818
4600	4	7	7	0	0:00:15.569869
4620	7	3	3	0	0:00:15.575503
4640	2	3	4	0	0:00:15.586108
4660	7	6	2	0	0:00:15.574003
4680	9	1	1	0	0:00:15.584815
4700	6	1	4	0	0:00:15.627886
4720	8	0	0	0	0:00:15.566702
4740	5	6	4	0	0:00:15.583131
4760	3	-1	8	0	0:00:15.600510
4780	0	8	8	0	0:00:15.575087
4800	9	9	9	1	0:00:15.571846
4820	3	5	5	0	0:00:15.570375
4840	0	0	0	1	0:00:15.574798
4860	5	3	8	0	0:00:15.571630
4880	0	2	2	0	0:00:15.609236
4900	3	6	6	0	0:00:15.573154
4920	7	0	2	0	0:00:15.559122
4940	6	4	4	0	0:00:15.565929
4960	4	3	3	0	0:00:15.564743
4980	1	9	0	0	0:00:15.590078
5000	7	7	7	1	0:00:15.577599
5020	8	1	8	0	0:00:15.573505
5040	3	7	4	0	0:00:15.560189
5060	6	2	4	0	0:00:15.588857
5080	7	7	7	1	0:00:15.577586
5100	3	4	4	0	0:00:15.582334
5120	9	8	8	0	0:00:15.564685
5140	8	0	8	0	0:00:15.579107
5160	0	8	8	0	0:00:15.566016
5180	9	6	4	0	0:00:15.591339
5200	3	3	3	1	0:00:15.568810
5220	0	0	0	1	0:00:15.574029
5240	1	2	2	0	0:00:15.569910
5260	0	0	0	1	0:00:15.575940
5280	0	8	8	0	0:00:15.573956
5300	9	1	1	0	0:00:15.577959
5320	7	0	3	0	0:00:15.599142
5340	3	4	4	0	0:00:15.579121
5360	9	9	3	1	0:00:15.566353
5380	1	9	9	0	0:00:15.572132
5400	9	0	2	0	0:00:15.589499
5420	6	5	6	0	0:00:15.611988
5440	9	9	8	1	0:00:15.582566
5460	0	7	7	0	0:00:15.591326
5480	1	2	4	0	0:00:15.572517
5500	8	1	8	0	0:00:15.612982
5520	4	3	3	0	0:00:15.605770
5540	5	6	2	0	0:00:15.581847
5560	3	6	4	0	0:00:15.573500
5580	5	6	6	0	0:00:15.607899
5600	6	8	0	0	0:00:15.579398
5620	3	2	2	0	0:00:15.576349
5640	2	5	3	0	0:00:15.582608
5660	9	0	8	0	0:00:15.587486
5680	2	1	8	0	0:00:15.561646
5700	3	6	6	0	0:00:15.578983
5720	9	9	7	1	0:00:15.581762
5740	6	4	4	0	0:00:15.573507
5760	2	0	4	0	0:00:15.586042
5780	7	7	4	1	0:00:15.562847
5800	2	-1	4	0	0:00:15.587842
5820	5	6	6	0	0:00:15.585551
5840	2	6	6	0	0:00:15.572876
5860	0	8	8	0	0:00:15.592777
5880	0	8	8	0	0:00:15.577889
5900	4	3	4	0	0:00:15.585459
5920	8	8	6	1	0:00:15.571275
5940	7	4	4	0	0:00:15.566731
5960	2	7	4	0	0:00:15.574212
5980	9	9	6	1	0:00:15.578194
6000	8	9	8	0	0:00:15.583553
6020	6	7	6	0	0:00:15.583443
6040	2	7	7	0	0:00:15.587392
6060	3	4	4	0	0:00:15.561695
6080	1	6	6	0	0:00:15.581601
6100	1	8	8	0	0:00:15.597079
6120	5	3	3	0	0:00:15.565788
6140	9	7	7	0	0:00:15.578823
6160	2	5	5	0	0:00:15.565538
6180	0	9	8	0	0:00:15.631848
6200	3	9	8	0	0:00:15.603606
6220	2	6	5	0	0:00:15.611402
6240	2	1	4	0	0:00:15.563668
6260	2	9	8	0	0:00:15.578673
6280	8	5	6	0	0:00:15.567022
6300	1	7	4	0	0:00:15.579235
6320	0	0	0	1	0:00:15.562994
6340	3	7	3	0	0:00:15.570794
6360	2	6	6	0	0:00:15.593221
6380	3	1	6	0	0:00:15.573044
6400	0	1	8	0	0:00:15.569809
6420	7	8	8	0	0:00:15.587360
6440	3	8	8	0	0:00:15.584142
6460	3	1	4	0	0:00:15.573150
6480	0	2	2	0	0:00:15.597052
6500	7	0	8	0	0:00:15.566075
6520	6	2	4	0	0:00:15.580676
6540	8	1	8	0	0:00:15.585301
6560	6	7	4	0	0:00:15.578274
6580	1	2	2	0	0:00:15.609633
6600	7	7	7	1	0:00:15.574695
6620	7	7	3	1	0:00:15.575227
6640	5	-1	8	0	0:00:15.584648
6660	0	9	8	0	0:00:15.589397
6680	3	5	5	0	0:00:15.592566
6700	6	1	2	0	0:00:15.600800
6720	2	4	2	0	0:00:15.586516
6740	2	6	4	0	0:00:15.579499
6760	5	3	6	0	0:00:15.566591
6780	7	7	7	1	0:00:15.580728
6800	6	2	4	0	0:00:15.584883
6820	1	1	8	1	0:00:15.565945
6840	9	1	1	0	0:00:15.582867
6860	0	2	2	0	0:00:15.582747
6880	2	7	7	0	0:00:15.561836
6900	3	7	4	0	0:00:15.574547
6920	5	2	2	0	0:00:15.595755
6940	1	1	1	1	0:00:15.587675
6960	9	8	8	0	0:00:15.580913
6980	0	1	1	0	0:00:15.568465
7000	2	8	8	0	0:00:15.593127
7020	7	1	8	0	0:00:15.585217
7040	7	8	8	0	0:00:15.559851
7060	8	0	0	0	0:00:15.559247
7080	5	4	4	0	0:00:15.574640
7100	9	3	3	0	0:00:15.574454
7120	7	6	6	0	0:00:15.584368
7140	4	1	4	0	0:00:15.567886
7160	5	4	4	0	0:00:15.577040
7180	6	6	6	1	0:00:15.562642
7200	4	6	6	0	0:00:15.560984
7220	9	8	8	0	0:00:15.575031
7240	0	8	8	0	0:00:15.569959
7260	1	8	8	0	0:00:15.590664
7280	1	6	4	0	0:00:15.560231
7300	3	7	7	0	0:00:15.585557
7320	8	0	0	0	0:00:15.561752
7340	2	4	4	0	0:00:15.597301
7360	2	7	4	0	0:00:15.568217
7380	7	9	5	0	0:00:15.568908
7400	3	9	3	0	0:00:15.555366
7420	3	0	0	0	0:00:15.594896
7440	3	6	4	0	0:00:15.556864
7460	5	5	5	1	0:00:15.566629
7480	1	8	5	0	0:00:15.566973
7500	6	6	6	1	0:00:15.566141
7520	4	6	4	0	0:00:15.572123
7540	5	5	5	1	0:00:15.607677
7560	0	6	2	0	0:00:15.555208
7580	8	0	8	0	0:00:15.580300
7600	8	9	2	0	0:00:15.562713
7620	5	1	9	0	0:00:15.570899
7640	9	3	6	0	0:00:15.558847
7660	7	1	4	0	0:00:15.575117
7680	3	9	9	0	0:00:15.578208
7700	6	6	4	1	0:00:15.576426
7720	5	2	4	0	0:00:15.559648
7740	4	6	2	0	0:00:15.572761
7760	2	9	9	0	0:00:15.564188
7780	3	1	8	0	0:00:15.565725
7800	0	-1	8	0	0:00:15.558988
7820	5	8	8	0	0:00:15.584856
7840	1	1	1	1	0:00:15.596453
7860	8	7	4	0	0:00:15.579289
7880	0	0	8	1	0:00:15.569992
7900	0	8	8	0	0:00:15.605428
7920	9	-1	8	0	0:00:15.562275
7940	2	6	6	0	0:00:15.571587
7960	0	3	2	0	0:00:15.576100
7980	3	7	4	0	0:00:15.571778
8000	9	0	0	0	0:00:15.579931
8020	6	3	3	0	0:00:15.570089
8040	2	6	4	0	0:00:15.571577
8060	6	4	4	0	0:00:15.567956
8080	4	6	6	0	0:00:15.555418
8100	6	2	2	0	0:00:15.571382
8120	8	9	9	0	0:00:15.565379
8140	5	4	4	0	0:00:15.569116
8160	6	9	6	0	0:00:15.564119
8180	4	6	2	0	0:00:15.556487
8200	3	4	2	0	0:00:15.576051
8220	6	2	2	0	0:00:15.574246
8240	7	7	4	1	0:00:15.587104
8260	1	3	3	0	0:00:15.569312
8280	4	3	3	0	0:00:15.570819
8300	5	2	2	0	0:00:15.568613
8320	7	3	4	0	0:00:15.554841
8340	5	3	4	0	0:00:15.580956
8360	7	4	4	0	0:00:15.555218
8380	9	8	8	0	0:00:15.567974
8400	0	8	8	0	0:00:15.571170
8420	3	4	4	0	0:00:15.558264
8440	5	9	4	0	0:00:15.563986
8460	8	8	8	1	0:00:15.580245
8480	2	1	8	0	0:00:15.572250
8500	4	2	2	0	0:00:15.571994
8520	8	4	4	0	0:00:15.585863
8540	4	6	2	0	0:00:15.556832
8560	7	4	4	0	0:00:15.584309
8580	3	0	2	0	0:00:15.571177
8600	3	7	4	0	0:00:15.557093
8620	3	1	4	0	0:00:15.564734
8640	1	1	8	1	0:00:15.575108
8660	7	5	5	0	0:00:15.572218
8680	3	9	8	0	0:00:15.570976
8700	3	3	3	1	0:00:15.561922
8720	2	0	0	0	0:00:15.555776
8740	2	-1	4	0	0:00:15.563613
8760	8	5	5	0	0:00:15.579700
8780	4	7	2	0	0:00:15.567429
8800	0	0	0	1	0:00:15.548332
8820	2	3	3	0	0:00:15.579466
8840	2	1	1	0	0:00:15.562162
8860	2	6	6	0	0:00:15.588111
8880	1	9	6	0	0:00:15.559487
8900	2	6	4	0	0:00:15.559791
8920	6	6	6	1	0:00:15.562214
8940	6	3	3	0	0:00:15.562604
8960	0	0	0	1	0:00:15.558451
8980	9	9	8	1	0:00:15.557603
9000	8	8	8	1	0:00:15.572652
9020	7	9	8	0	0:00:15.589560
9040	2	5	5	0	0:00:15.604337
9060	9	5	5	0	0:00:15.584958
9080	3	0	0	0	0:00:15.565882
9100	9	6	6	0	0:00:15.593999
9120	3	0	0	0	0:00:15.560694
9140	7	1	8	0	0:00:15.562279
9160	5	7	4	0	0:00:15.564215
9180	5	5	5	1	0:00:15.557722
9200	8	8	8	1	0:00:15.556289
9220	8	8	8	1	0:00:15.580777
9240	8	9	8	0	0:00:15.565102
9260	5	6	6	0	0:00:15.555570
9280	9	1	8	0	0:00:15.564976
9300	5	3	2	0	0:00:15.562098
9320	9	8	8	0	0:00:15.562328
9340	1	1	1	1	0:00:15.574237
9360	5	1	4	0	0:00:15.591030
9380	5	9	9	0	0:00:15.578569
9400	6	4	4	0	0:00:15.559108
9420	5	6	6	0	0:00:15.567195
9440	8	8	8	1	0:00:15.561383
9460	3	7	4	0	0:00:15.564282
9480	2	4	4	0	0:00:15.567641
9500	9	1	4	0	0:00:15.566775
9520	1	3	8	0	0:00:15.550641
9540	5	-1	4	0	0:00:15.558661
9560	9	7	7	0	0:00:15.575074
9580	1	4	4	0	0:00:15.586816
9600	8	0	8	0	0:00:15.581027
9620	4	7	7	0	0:00:15.573518
9640	5	0	0	0	0:00:15.568982
9660	6	9	6	0	0:00:15.586133
9680	8	9	8	0	0:00:15.565699
9700	0	2	2	0	0:00:15.592434
9720	8	6	6	0	0:00:15.568678
9740	3	4	4	0	0:00:15.571544
9760	9	7	4	0	0:00:15.569458
9780	4	6	6	0	0:00:15.568919
9800	1	1	1	1	0:00:15.566830
9820	0	8	8	0	0:00:15.573948
9840	4	5	5	0	0:00:15.595881
9860	0	5	2	0	0:00:15.572219
9880	7	4	8	0	0:00:15.565801
9900	8	0	6	0	0:00:15.586213
9920	6	4	2	0	0:00:15.573603
9940	4	5	5	0	0:00:15.575408
9960	2	0	0	0	0:00:15.580912
9980	0	0	4	1	0:00:15.582099
