idx	label	predict	basePredict	correct	time
0	3	3	3	1	0:00:16.015300
20	7	7	7	1	0:00:15.865666
40	4	4	4	1	0:00:15.903725
60	7	7	7	1	0:00:15.862708
80	8	8	8	1	0:00:15.866600
100	4	3	3	0	0:00:15.813324
120	8	1	8	0	0:00:15.829543
140	6	6	6	1	0:00:15.820678
160	2	2	2	1	0:00:15.840017
180	0	0	0	1	0:00:15.844083
200	5	5	5	1	0:00:15.867578
220	7	5	5	0	0:00:15.897848
240	1	1	1	1	0:00:15.842376
260	8	8	8	1	0:00:15.828190
280	9	9	9	1	0:00:15.883908
300	6	6	6	1	0:00:15.867835
320	3	3	3	1	0:00:15.841866
340	2	4	4	0	0:00:15.847633
360	9	9	9	1	0:00:15.834803
380	6	6	6	1	0:00:15.864832
400	9	9	9	1	0:00:15.826238
420	4	4	4	1	0:00:15.849062
440	1	1	1	1	0:00:15.847632
460	5	5	5	1	0:00:15.846812
480	8	8	8	1	0:00:15.947926
500	4	6	6	0	0:00:15.841995
520	5	5	5	1	0:00:15.927323
540	1	1	1	1	0:00:15.844211
560	0	0	0	1	0:00:15.855610
580	4	4	4	1	0:00:15.865008
600	8	8	8	1	0:00:15.820828
620	7	7	7	1	0:00:15.897324
640	5	3	3	0	0:00:15.853417
660	9	9	9	1	0:00:15.854088
680	9	7	7	0	0:00:15.910672
700	7	7	7	1	0:00:15.860925
720	4	4	4	1	0:00:15.898592
740	2	5	5	0	0:00:15.891511
760	3	3	3	1	0:00:15.883484
780	9	9	9	1	0:00:15.883744
800	7	7	7	1	0:00:15.888406
820	6	5	5	0	0:00:15.852498
840	7	7	7	1	0:00:15.847724
860	4	4	4	1	0:00:15.873981
880	8	8	8	1	0:00:15.889353
900	2	6	6	0	0:00:15.855059
920	6	4	0	0	0:00:15.897495
940	9	9	9	1	0:00:15.897014
960	9	9	3	1	0:00:15.875368
980	2	6	2	0	0:00:15.893345
1000	5	5	5	1	0:00:15.191880
1020	1	1	1	1	0:00:15.165067
1040	7	7	7	1	0:00:15.164187
1060	9	9	9	1	0:00:15.219435
1080	6	6	2	1	0:00:15.181746
1100	7	7	7	1	0:00:15.155151
1120	5	2	2	0	0:00:15.162167
1140	6	6	6	1	0:00:15.195227
1160	8	8	8	1	0:00:15.156471
1180	3	2	2	0	0:00:15.140181
1200	8	8	8	1	0:00:15.147197
1220	9	3	3	0	0:00:15.150693
1240	2	6	6	0	0:00:15.156326
1260	1	9	9	0	0:00:15.146619
1280	3	5	5	0	0:00:15.207326
1300	4	3	3	0	0:00:15.145862
1320	7	7	7	1	0:00:15.150968
1340	1	1	1	1	0:00:15.131726
1360	7	7	7	1	0:00:15.174011
1380	4	5	4	0	0:00:15.177785
1400	5	5	5	1	0:00:15.140904
1420	4	4	4	1	0:00:15.169546
1440	0	8	8	0	0:00:15.172137
1460	6	6	6	1	0:00:15.161429
1480	1	1	1	1	0:00:15.147215
1500	1	1	1	1	0:00:15.230147
1520	7	7	7	1	0:00:15.152662
1540	8	8	8	1	0:00:15.212527
1560	7	7	7	1	0:00:15.161627
1580	6	1	1	0	0:00:15.157126
1600	8	9	9	0	0:00:15.206800
1620	5	3	3	0	0:00:15.169923
1640	7	4	4	0	0:00:15.207793
1660	3	3	3	1	0:00:15.160793
1680	6	6	6	1	0:00:15.139946
1700	5	3	3	0	0:00:15.166279
1720	4	3	3	0	0:00:15.203474
1740	1	1	1	1	0:00:15.155582
1760	0	0	0	1	0:00:15.157894
1780	7	7	7	1	0:00:15.171768
1800	4	8	8	0	0:00:15.144635
1820	8	8	1	1	0:00:15.204555
1840	8	9	4	0	0:00:15.176836
1860	8	8	8	1	0:00:15.197700
1880	1	1	1	1	0:00:15.200561
1900	8	8	8	1	0:00:15.144564
1920	2	2	2	1	0:00:15.179325
1940	5	5	5	1	0:00:15.158377
1960	2	5	5	0	0:00:15.144406
1980	9	9	9	1	0:00:15.168026
2000	1	1	1	1	0:00:15.155351
2020	9	9	9	1	0:00:15.144682
2040	0	0	0	1	0:00:15.166123
2060	5	3	3	0	0:00:15.147854
2080	1	1	1	1	0:00:15.152332
2100	2	2	2	1	0:00:15.148168
2120	4	8	8	0	0:00:15.269588
2140	9	9	9	1	0:00:15.164907
2160	0	8	0	0	0:00:15.145286
2180	4	4	4	1	0:00:15.149760
2200	0	6	2	0	0:00:15.156728
2220	1	1	1	1	0:00:15.127722
2240	9	9	1	1	0:00:15.140975
2260	4	4	4	1	0:00:15.141157
2280	4	8	8	0	0:00:15.172802
2300	3	4	3	0	0:00:15.137259
2320	5	3	3	0	0:00:15.150744
2340	7	7	7	1	0:00:15.161718
2360	7	7	7	1	0:00:15.148014
2380	8	8	8	1	0:00:15.158534
2400	0	0	0	1	0:00:15.165837
2420	8	8	7	1	0:00:15.166276
2440	7	7	7	1	0:00:15.163759
2460	9	9	9	1	0:00:15.133738
2480	8	8	8	1	0:00:15.153839
2500	4	6	6	0	0:00:15.170725
2520	1	3	3	0	0:00:15.187397
2540	2	2	2	1	0:00:15.169531
2560	7	7	4	1	0:00:15.172257
2580	6	6	6	1	0:00:15.160200
2600	8	8	8	1	0:00:15.143898
2620	1	1	1	1	0:00:15.134558
2640	7	7	7	1	0:00:15.171287
2660	3	3	3	1	0:00:15.142424
2680	0	0	0	1	0:00:15.155242
2700	9	1	1	0	0:00:15.240914
2720	3	3	3	1	0:00:15.165642
2740	1	1	1	1	0:00:15.195871
2760	2	2	2	1	0:00:15.195282
2780	7	7	7	1	0:00:15.183958
2800	4	4	4	1	0:00:15.169676
2820	6	6	6	1	0:00:15.223146
2840	3	3	3	1	0:00:15.195405
2860	5	5	3	1	0:00:15.151564
2880	4	4	4	1	0:00:15.181329
2900	3	3	3	1	0:00:15.165540
2920	2	3	0	0	0:00:15.178915
2940	3	0	0	0	0:00:15.161625
2960	9	9	9	1	0:00:15.174182
2980	8	8	8	1	0:00:15.182106
3000	5	5	5	1	0:00:15.198124
3020	1	1	1	1	0:00:15.170714
3040	7	7	7	1	0:00:15.179315
3060	7	7	7	1	0:00:15.163686
3080	1	1	1	1	0:00:15.148630
3100	0	0	0	1	0:00:15.144190
3120	4	6	2	0	0:00:15.194002
3140	8	8	8	1	0:00:15.177416
3160	6	2	2	0	0:00:15.191773
3180	3	5	5	0	0:00:15.146008
3200	5	5	5	1	0:00:15.183089
3220	3	3	3	1	0:00:15.200181
3240	4	4	4	1	0:00:15.145558
3260	7	7	7	1	0:00:15.155447
3280	3	5	5	0	0:00:15.189651
3300	4	4	4	1	0:00:15.153689
3320	2	7	7	0	0:00:15.171723
3340	6	6	6	1	0:00:15.232921
3360	4	4	4	1	0:00:15.195117
3380	8	8	8	1	0:00:15.170235
3400	6	4	4	0	0:00:15.198043
3420	5	3	3	0	0:00:15.152106
3440	2	3	3	0	0:00:15.187267
3460	1	1	1	1	0:00:15.166625
3480	2	2	2	1	0:00:15.144358
3500	1	1	1	1	0:00:15.225070
3520	1	1	1	1	0:00:15.182872
3540	6	6	3	1	0:00:15.151680
3560	1	9	9	0	0:00:15.168603
3580	4	4	4	1	0:00:15.138553
3600	4	3	3	0	0:00:15.155530
3620	0	0	0	1	0:00:15.167613
3640	6	6	6	1	0:00:15.147186
3660	0	0	0	1	0:00:15.140237
3680	0	0	0	1	0:00:15.169891
3700	3	3	3	1	0:00:15.165045
3720	2	2	2	1	0:00:15.193526
3740	0	0	0	1	0:00:15.147549
3760	7	7	7	1	0:00:15.146520
3780	4	4	4	1	0:00:15.157395
3800	9	9	9	1	0:00:15.191080
3820	0	0	0	1	0:00:15.184491
3840	6	6	6	1	0:00:15.174568
3860	7	7	7	1	0:00:15.172971
3880	6	6	6	1	0:00:15.133514
3900	3	6	6	0	0:00:15.159060
3920	7	7	7	1	0:00:15.203645
3940	6	3	3	0	0:00:15.158259
3960	2	2	2	1	0:00:15.141057
3980	9	6	2	0	0:00:15.171860
4000	8	4	4	0	0:00:15.151039
4020	8	8	8	1	0:00:15.130752
4040	0	0	0	1	0:00:15.163544
4060	6	6	6	1	0:00:15.140930
4080	1	1	1	1	0:00:15.136931
4100	7	7	7	1	0:00:15.183555
4120	4	4	4	1	0:00:15.179067
4140	5	5	5	1	0:00:15.178854
4160	5	5	5	1	0:00:15.162853
4180	0	8	8	0	0:00:15.162499
4200	4	4	4	1	0:00:15.167730
4220	4	0	0	0	0:00:15.146876
4240	7	7	7	1	0:00:15.128794
4260	8	8	8	1	0:00:15.152615
4280	8	0	0	0	0:00:15.149229
4300	8	8	8	1	0:00:15.153440
4320	1	1	1	1	0:00:15.165551
4340	0	0	0	1	0:00:15.152578
4360	6	9	9	0	0:00:15.189006
4380	9	9	9	1	0:00:15.167786
4400	3	5	5	0	0:00:15.160779
4420	5	5	5	1	0:00:15.205009
4440	2	2	2	1	0:00:15.150510
4460	9	9	9	1	0:00:15.177686
4480	9	9	9	1	0:00:15.177199
4500	3	3	3	1	0:00:15.169435
4520	3	6	6	0	0:00:15.177775
4540	9	9	9	1	0:00:15.211000
4560	1	1	1	1	0:00:15.178751
4580	6	6	4	1	0:00:15.145405
4600	4	4	4	1	0:00:15.172556
4620	7	3	3	0	0:00:15.174719
4640	2	2	2	1	0:00:15.162231
4660	7	7	7	1	0:00:15.168612
4680	9	9	9	1	0:00:15.153339
4700	6	7	5	0	0:00:15.167031
4720	8	8	8	1	0:00:15.162944
4740	5	3	3	0	0:00:15.156554
4760	3	2	2	0	0:00:15.168208
4780	0	0	0	1	0:00:15.173425
4800	9	9	9	1	0:00:15.174704
4820	3	3	3	1	0:00:15.193201
4840	0	0	0	1	0:00:15.175112
4860	5	5	5	1	0:00:15.143258
4880	0	7	7	0	0:00:15.148967
4900	3	3	3	1	0:00:15.142366
4920	7	7	7	1	0:00:15.169240
4940	6	6	6	1	0:00:15.207114
4960	4	4	3	1	0:00:15.142768
4980	1	1	1	1	0:00:15.149059
5000	7	7	7	1	0:00:15.220333
5020	8	8	8	1	0:00:15.167144
5040	3	3	3	1	0:00:15.202504
5060	6	6	6	1	0:00:15.170761
5080	7	4	4	0	0:00:15.205643
5100	3	3	3	1	0:00:15.206916
5120	9	9	9	1	0:00:15.132663
5140	8	8	8	1	0:00:15.173756
5160	0	0	0	1	0:00:15.146253
5180	9	7	7	0	0:00:15.174470
5200	3	3	3	1	0:00:15.171583
5220	0	0	0	1	0:00:15.159596
5240	1	9	9	0	0:00:15.175035
5260	0	0	0	1	0:00:15.137915
5280	0	3	3	0	0:00:15.140960
5300	9	9	9	1	0:00:15.151809
5320	7	7	7	1	0:00:15.150979
5340	3	3	3	1	0:00:15.219025
5360	9	9	9	1	0:00:15.146090
5380	1	9	9	0	0:00:15.169301
5400	9	9	9	1	0:00:15.149316
5420	6	6	6	1	0:00:15.195765
5440	9	9	9	1	0:00:15.179559
5460	0	0	0	1	0:00:15.156784
5480	1	1	1	1	0:00:15.179997
5500	8	8	8	1	0:00:15.202896
5520	4	4	4	1	0:00:15.157008
5540	5	3	5	0	0:00:15.151775
5560	3	6	5	0	0:00:15.143278
5580	5	6	3	0	0:00:15.162155
5600	6	6	5	1	0:00:15.168249
5620	3	3	2	1	0:00:15.140543
5640	2	3	3	0	0:00:15.154391
5660	9	9	9	1	0:00:15.152621
5680	2	3	3	0	0:00:15.151623
5700	3	5	5	0	0:00:15.188938
5720	9	9	9	1	0:00:15.187425
5740	6	4	4	0	0:00:15.146176
5760	2	2	2	1	0:00:15.179756
5780	7	7	7	1	0:00:15.162334
5800	2	2	2	1	0:00:15.164546
5820	5	5	5	1	0:00:15.149603
5840	2	2	2	1	0:00:15.210381
5860	0	0	0	1	0:00:15.149509
5880	0	0	0	1	0:00:15.189636
5900	4	0	3	0	0:00:15.171534
5920	8	8	8	1	0:00:15.221507
5940	7	7	7	1	0:00:15.175881
5960	2	3	3	0	0:00:15.148996
5980	9	9	9	1	0:00:15.157446
6000	8	8	8	1	0:00:15.158378
6020	6	6	6	1	0:00:15.246614
6040	2	3	7	0	0:00:15.172404
6060	3	4	3	0	0:00:15.165226
6080	1	1	1	1	0:00:15.163765
6100	1	1	1	1	0:00:15.246858
6120	5	5	5	1	0:00:15.152159
6140	9	9	9	1	0:00:15.147757
6160	2	2	2	1	0:00:15.175061
6180	0	8	8	0	0:00:15.150383
6200	3	3	3	1	0:00:15.208046
6220	2	2	2	1	0:00:15.145572
6240	2	2	2	1	0:00:15.152292
6260	2	2	3	1	0:00:15.190516
6280	8	3	5	0	0:00:15.140054
6300	1	1	1	1	0:00:15.148157
6320	0	0	0	1	0:00:15.130191
6340	3	3	3	1	0:00:15.119427
6360	2	2	2	1	0:00:15.131071
6380	3	3	3	1	0:00:15.188247
6400	0	8	8	0	0:00:15.146102
6420	7	7	7	1	0:00:15.127895
6440	3	8	8	0	0:00:15.170806
6460	3	3	3	1	0:00:15.145764
6480	0	0	0	1	0:00:15.140105
6500	7	6	3	0	0:00:15.143618
6520	6	6	4	1	0:00:15.155660
6540	8	8	8	1	0:00:15.169078
6560	6	6	6	1	0:00:15.135068
6580	1	1	1	1	0:00:15.140095
6600	7	7	7	1	0:00:15.151146
6620	7	7	7	1	0:00:15.134346
6640	5	3	3	0	0:00:15.119321
6660	0	0	0	1	0:00:15.142914
6680	3	4	5	0	0:00:15.192458
6700	6	6	6	1	0:00:15.205765
6720	2	2	2	1	0:00:15.137989
6740	2	2	2	1	0:00:15.174163
6760	5	3	5	0	0:00:15.160821
6780	7	7	7	1	0:00:15.173789
6800	6	6	4	1	0:00:15.158688
6820	1	1	1	1	0:00:15.149157
6840	9	9	9	1	0:00:15.158046
6860	0	0	0	1	0:00:15.148854
6880	2	2	2	1	0:00:15.130027
6900	3	3	3	1	0:00:15.158418
6920	5	2	2	0	0:00:15.122816
6940	1	1	1	1	0:00:15.187796
6960	9	9	9	1	0:00:15.150642
6980	0	0	8	1	0:00:15.155305
7000	2	8	8	0	0:00:15.164172
7020	7	7	7	1	0:00:15.138921
7040	7	0	0	0	0:00:15.141394
7060	8	8	8	1	0:00:15.133250
7080	5	4	4	0	0:00:15.180181
7100	9	3	3	0	0:00:15.162604
7120	7	7	7	1	0:00:15.139794
7140	4	4	4	1	0:00:15.160860
7160	5	5	5	1	0:00:15.164987
7180	6	6	6	1	0:00:15.149252
7200	4	4	4	1	0:00:15.146372
7220	9	9	9	1	0:00:15.162572
7240	0	0	0	1	0:00:15.142811
7260	1	1	1	1	0:00:15.152024
7280	1	9	9	0	0:00:15.153474
7300	3	5	5	0	0:00:15.133271
7320	8	0	0	0	0:00:15.253908
7340	2	2	2	1	0:00:15.154756
7360	2	2	2	1	0:00:15.200454
7380	7	7	7	1	0:00:15.128755
7400	3	3	3	1	0:00:15.144243
7420	3	4	3	0	0:00:15.140787
7440	3	3	3	1	0:00:15.145480
7460	5	5	5	1	0:00:15.143107
7480	1	1	1	1	0:00:15.159502
7500	6	6	6	1	0:00:15.136918
7520	4	4	4	1	0:00:15.125667
7540	5	5	5	1	0:00:15.147244
7560	0	0	0	1	0:00:15.218443
7580	8	8	8	1	0:00:15.138342
7600	8	2	2	0	0:00:15.158393
7620	5	3	3	0	0:00:15.122265
7640	9	9	8	1	0:00:15.145958
7660	7	7	7	1	0:00:15.129391
7680	3	5	5	0	0:00:15.142066
7700	6	6	6	1	0:00:15.191427
7720	5	5	5	1	0:00:15.136716
7740	4	4	4	1	0:00:15.133539
7760	2	0	0	0	0:00:15.134598
7780	3	1	8	0	0:00:15.138110
7800	0	0	0	1	0:00:15.145947
7820	5	5	5	1	0:00:15.151833
7840	1	1	1	1	0:00:15.138379
7860	8	8	8	1	0:00:15.139612
7880	0	0	0	1	0:00:15.134134
7900	0	0	0	1	0:00:15.146048
7920	9	9	9	1	0:00:15.128998
7940	2	6	6	0	0:00:15.197445
7960	0	0	0	1	0:00:15.138362
7980	3	3	3	1	0:00:15.166249
8000	9	9	9	1	0:00:15.142931
8020	6	3	3	0	0:00:15.137249
8040	2	2	2	1	0:00:15.143739
8060	6	6	6	1	0:00:15.232982
8080	4	4	4	1	0:00:15.132152
8100	6	2	2	0	0:00:15.153840
8120	8	8	8	1	0:00:15.151355
8140	5	7	7	0	0:00:15.171560
8160	6	6	6	1	0:00:15.231643
8180	4	4	4	1	0:00:15.163108
8200	3	6	0	0	0:00:15.138666
8220	6	6	6	1	0:00:15.142846
8240	7	7	7	1	0:00:15.126460
8260	1	1	1	1	0:00:15.200094
8280	4	4	4	1	0:00:15.164203
8300	5	3	5	0	0:00:15.185386
8320	7	7	7	1	0:00:15.170779
8340	5	3	3	0	0:00:15.142518
8360	7	7	7	1	0:00:15.182836
8380	9	9	9	1	0:00:15.196129
8400	0	0	0	1	0:00:15.131865
8420	3	6	6	0	0:00:15.137452
8440	5	3	2	0	0:00:15.134049
8460	8	8	8	1	0:00:15.153532
8480	2	2	2	1	0:00:15.141790
8500	4	4	4	1	0:00:15.170703
8520	8	8	8	1	0:00:15.185629
8540	4	6	2	0	0:00:15.136708
8560	7	7	7	1	0:00:15.150112
8580	3	5	5	0	0:00:15.165764
8600	3	3	3	1	0:00:15.129204
8620	3	5	5	0	0:00:15.149704
8640	1	1	1	1	0:00:15.170752
8660	7	7	7	1	0:00:15.135121
8680	3	3	3	1	0:00:15.137255
8700	3	3	3	1	0:00:15.141275
8720	2	0	0	0	0:00:15.165748
8740	2	5	5	0	0:00:15.151910
8760	8	8	8	1	0:00:15.177575
8780	4	4	4	1	0:00:15.140784
8800	0	0	0	1	0:00:15.144427
8820	2	2	2	1	0:00:15.164257
8840	2	7	7	0	0:00:15.174507
8860	2	2	2	1	0:00:15.199115
8880	1	1	1	1	0:00:15.137224
8900	2	4	4	0	0:00:15.149225
8920	6	6	6	1	0:00:15.170915
8940	6	3	3	0	0:00:15.240324
8960	0	2	2	0	0:00:15.163362
8980	9	9	9	1	0:00:15.177554
9000	8	8	8	1	0:00:15.148397
9020	7	7	7	1	0:00:15.127062
9040	2	5	5	0	0:00:15.133564
9060	9	9	9	1	0:00:15.174640
9080	3	3	3	1	0:00:15.163316
9100	9	1	1	0	0:00:15.134813
9120	3	2	2	0	0:00:15.160542
9140	7	7	7	1	0:00:15.145519
9160	5	3	3	0	0:00:15.145956
9180	5	5	5	1	0:00:15.135633
9200	8	8	8	1	0:00:15.222153
9220	8	8	8	1	0:00:15.149322
9240	8	8	8	1	0:00:15.154122
9260	5	5	5	1	0:00:15.175154
9280	9	9	8	1	0:00:15.141206
9300	5	3	4	0	0:00:15.153079
9320	9	9	9	1	0:00:15.133161
9340	1	1	1	1	0:00:15.135978
9360	5	0	0	0	0:00:15.175037
9380	5	3	3	0	0:00:15.164609
9400	6	6	6	1	0:00:15.162189
9420	5	5	5	1	0:00:15.165145
9440	8	8	8	1	0:00:15.139714
9460	3	3	7	1	0:00:15.146678
9480	2	2	2	1	0:00:15.169659
9500	9	9	9	1	0:00:15.149209
9520	1	1	1	1	0:00:15.155972
9540	5	5	5	1	0:00:15.117073
9560	9	7	7	0	0:00:15.139303
9580	1	1	1	1	0:00:15.159500
9600	8	8	8	1	0:00:15.143780
9620	4	4	4	1	0:00:15.170639
9640	5	5	5	1	0:00:15.139723
9660	6	6	6	1	0:00:15.159987
9680	8	8	8	1	0:00:15.150065
9700	0	0	0	1	0:00:15.125990
9720	8	1	1	0	0:00:15.142017
9740	3	6	6	0	0:00:15.149206
9760	9	7	7	0	0:00:15.146398
9780	4	6	4	0	0:00:15.173680
9800	1	1	1	1	0:00:15.132164
9820	0	8	8	0	0:00:15.139728
9840	4	7	7	0	0:00:15.153614
9860	0	0	0	1	0:00:15.138298
9880	7	8	8	0	0:00:15.156044
9900	8	8	8	1	0:00:15.171582
9920	6	6	6	1	0:00:15.165299
9940	4	6	6	0	0:00:15.186357
9960	2	0	0	0	0:00:15.193470
9980	0	0	0	1	0:00:15.125767
