idx	label	predict	basePredict	correct	time
0	3	6	5	0	0:00:15.862241
20	7	9	9	0	0:00:15.927265
40	4	4	4	1	0:00:15.881788
60	7	7	7	1	0:00:15.957301
80	8	8	8	1	0:00:15.717203
100	4	5	5	0	0:00:15.883202
120	8	8	8	1	0:00:15.709479
140	6	6	2	1	0:00:15.756308
160	2	2	2	1	0:00:15.755822
180	0	0	0	1	0:00:15.708267
200	5	3	3	0	0:00:15.768003
220	7	7	7	1	0:00:15.848543
240	1	1	1	1	0:00:15.771125
260	8	5	5	0	0:00:15.925981
280	9	9	9	1	0:00:15.745930
300	6	6	6	1	0:00:15.752813
320	3	5	5	0	0:00:15.807199
340	2	4	4	0	0:00:15.808365
360	9	6	6	0	0:00:15.733392
380	6	6	8	1	0:00:15.734117
400	9	9	9	1	0:00:15.872058
420	4	6	2	0	0:00:15.718042
440	1	1	1	1	0:00:15.706272
460	5	5	5	1	0:00:15.692876
480	8	9	9	0	0:00:15.651385
500	4	6	6	0	0:00:15.709927
520	5	7	7	0	0:00:15.713884
540	1	1	1	1	0:00:15.668497
560	0	0	0	1	0:00:15.777992
580	4	6	6	0	0:00:15.875292
600	8	8	8	1	0:00:15.757697
620	7	4	2	0	0:00:15.810101
640	5	3	3	0	0:00:19.045226
660	9	9	9	1	0:00:15.749346
680	9	1	1	0	0:00:15.726638
700	7	7	7	1	0:00:15.728938
720	4	7	9	0	0:00:15.880496
740	2	5	5	0	0:00:15.802222
760	3	7	7	0	0:00:15.754996
780	9	1	1	0	0:00:15.820540
800	7	7	7	1	0:00:15.738120
820	6	1	1	0	0:00:15.712038
840	7	7	7	1	0:00:15.780893
860	4	4	4	1	0:00:15.934257
880	8	8	8	1	0:00:15.774680
900	2	6	6	0	0:00:15.862576
920	6	2	2	0	0:00:15.763809
940	9	9	9	1	0:00:15.848871
960	9	9	8	1	0:00:15.877512
980	2	6	6	0	0:00:15.986346
1000	5	5	5	1	0:00:15.053294
1020	1	1	1	1	0:00:15.180141
1040	7	5	5	0	0:00:15.160977
1060	9	9	9	1	0:00:15.077305
1080	6	6	6	1	0:00:15.022641
1100	7	8	8	0	0:00:15.021246
1120	5	2	2	0	0:00:15.013181
1140	6	6	4	1	0:00:14.991425
1160	8	8	0	1	0:00:14.990998
1180	3	1	1	0	0:00:15.040512
1200	8	8	8	1	0:00:15.068726
1220	9	7	4	0	0:00:15.306461
1240	2	6	6	0	0:00:14.947379
1260	1	9	9	0	0:00:14.978930
1280	3	7	7	0	0:00:15.029187
1300	4	6	6	0	0:00:15.035004
1320	7	7	2	1	0:00:15.007995
1340	1	1	1	1	0:00:14.984300
1360	7	7	7	1	0:00:15.149487
1380	4	5	5	0	0:00:15.100038
1400	5	5	5	1	0:00:15.120379
1420	4	7	7	0	0:00:15.048229
1440	0	8	8	0	0:00:15.058822
1460	6	6	6	1	0:00:15.048458
1480	1	1	1	1	0:00:15.124918
1500	1	9	9	0	0:00:15.130905
1520	7	7	7	1	0:00:15.048220
1540	8	8	8	1	0:00:15.105978
1560	7	7	7	1	0:00:15.023006
1580	6	1	1	0	0:00:15.130029
1600	8	1	1	0	0:00:15.075716
1620	5	8	8	0	0:00:15.027256
1640	7	3	3	0	0:00:15.032473
1660	3	5	5	0	0:00:15.075437
1680	6	6	6	1	0:00:15.096268
1700	5	2	2	0	0:00:15.054338
1720	4	2	0	0	0:00:15.080838
1740	1	9	9	0	0:00:15.043161
1760	0	8	8	0	0:00:15.021924
1780	7	-1	7	0	0:00:15.033534
1800	4	8	8	0	0:00:14.999534
1820	8	8	8	1	0:00:15.001826
1840	8	7	7	0	0:00:14.982940
1860	8	8	8	1	0:00:14.998785
1880	1	1	1	1	0:00:15.076195
1900	8	8	8	1	0:00:15.005586
1920	2	2	2	1	0:00:14.959619
1940	5	2	2	0	0:00:15.070639
1960	2	5	5	0	0:00:15.113349
1980	9	9	9	1	0:00:15.017634
2000	1	1	1	1	0:00:15.038811
2020	9	9	9	1	0:00:15.064521
2040	0	8	8	0	0:00:15.001751
2060	5	5	5	1	0:00:15.096878
2080	1	1	1	1	0:00:14.977984
2100	2	4	4	0	0:00:15.159267
2120	4	8	8	0	0:00:15.155199
2140	9	9	9	1	0:00:15.238331
2160	0	8	8	0	0:00:15.124907
2180	4	6	6	0	0:00:14.993514
2200	0	0	0	1	0:00:15.100509
2220	1	1	1	1	0:00:15.083825
2240	9	9	9	1	0:00:15.325087
2260	4	7	4	0	0:00:15.031562
2280	4	8	8	0	0:00:15.129101
2300	3	6	6	0	0:00:15.128043
2320	5	2	2	0	0:00:15.089309
2340	7	7	7	1	0:00:15.077568
2360	7	7	7	1	0:00:15.112939
2380	8	8	8	1	0:00:15.127005
2400	0	0	0	1	0:00:15.039319
2420	8	-1	5	0	0:00:15.109722
2440	7	7	7	1	0:00:15.149159
2460	9	9	3	1	0:00:15.091354
2480	8	8	8	1	0:00:15.257491
2500	4	6	2	0	0:00:15.124603
2520	1	8	8	0	0:00:15.182244
2540	2	3	3	0	0:00:15.079948
2560	7	7	5	1	0:00:14.976953
2580	6	6	6	1	0:00:15.040067
2600	8	8	8	1	0:00:15.104602
2620	1	1	1	1	0:00:15.021650
2640	7	7	7	1	0:00:14.996488
2660	3	2	0	0	0:00:15.028406
2680	0	0	0	1	0:00:15.099095
2700	9	1	1	0	0:00:15.164743
2720	3	8	8	0	0:00:15.216330
2740	1	1	1	1	0:00:15.296131
2760	2	6	4	0	0:00:15.099429
2780	7	7	7	1	0:00:15.041550
2800	4	6	6	0	0:00:15.054761
2820	6	6	6	1	0:00:14.983223
2840	3	3	3	1	0:00:15.138259
2860	5	7	6	0	0:00:15.083554
2880	4	4	4	1	0:00:15.202167
2900	3	5	5	0	0:00:15.137455
2920	2	3	0	0	0:00:15.163192
2940	3	0	0	0	0:00:15.177956
2960	9	9	8	1	0:00:15.066471
2980	8	1	1	0	0:00:15.030875
3000	5	5	5	1	0:00:15.079856
3020	1	1	1	1	0:00:15.070556
3040	7	7	7	1	0:00:15.122832
3060	7	7	7	1	0:00:15.052344
3080	1	1	1	1	0:00:15.144724
3100	0	0	0	1	0:00:15.092099
3120	4	6	6	0	0:00:15.113431
3140	8	8	8	1	0:00:15.156751
3160	6	4	4	0	0:00:15.235260
3180	3	9	9	0	0:00:15.042870
3200	5	7	7	0	0:00:15.180133
3220	3	9	9	0	0:00:15.162226
3240	4	1	4	0	0:00:15.070591
3260	7	7	7	1	0:00:15.064629
3280	3	5	5	0	0:00:14.962558
3300	4	4	4	1	0:00:15.113418
3320	2	7	7	0	0:00:15.015356
3340	6	6	4	1	0:00:15.039516
3360	4	6	6	0	0:00:15.004190
3380	8	8	8	1	0:00:15.115365
3400	6	7	1	0	0:00:15.020782
3420	5	6	6	0	0:00:15.029649
3440	2	9	9	0	0:00:15.163742
3460	1	1	1	1	0:00:15.032997
3480	2	2	2	1	0:00:15.000133
3500	1	1	1	1	0:00:15.049795
3520	1	1	1	1	0:00:15.036974
3540	6	6	8	1	0:00:15.072814
3560	1	9	9	0	0:00:15.045530
3580	4	1	1	0	0:00:15.221731
3600	4	2	2	0	0:00:15.059190
3620	0	7	7	0	0:00:15.064519
3640	6	2	2	0	0:00:15.205890
3660	0	8	8	0	0:00:15.205198
3680	0	2	2	0	0:00:15.057229
3700	3	5	5	0	0:00:15.140815
3720	2	2	2	1	0:00:15.073826
3740	0	0	0	1	0:00:15.074682
3760	7	7	7	1	0:00:15.066835
3780	4	2	2	0	0:00:15.216632
3800	9	9	9	1	0:00:15.080418
3820	0	0	0	1	0:00:15.009681
3840	6	8	3	0	0:00:15.151235
3860	7	7	7	1	0:00:15.056014
3880	6	4	4	0	0:00:15.160186
3900	3	1	1	0	0:00:15.144806
3920	7	9	9	0	0:00:15.071645
3940	6	7	7	0	0:00:15.015779
3960	2	5	5	0	0:00:15.059186
3980	9	7	7	0	0:00:15.160303
4000	8	7	9	0	0:00:15.094132
4020	8	8	8	1	0:00:15.042517
4040	0	0	0	1	0:00:15.049137
4060	6	6	6	1	0:00:14.963151
4080	1	1	1	1	0:00:15.009813
4100	7	7	7	1	0:00:15.122714
4120	4	0	0	0	0:00:15.057074
4140	5	2	2	0	0:00:15.061630
4160	5	3	3	0	0:00:15.130984
4180	0	0	8	1	0:00:15.061539
4200	4	2	2	0	0:00:14.988845
4220	4	0	0	0	0:00:15.090606
4240	7	8	8	0	0:00:14.993902
4260	8	8	8	1	0:00:15.023348
4280	8	9	9	0	0:00:15.032852
4300	8	8	8	1	0:00:15.451597
4320	1	8	8	0	0:00:15.075491
4340	0	0	0	1	0:00:15.052208
4360	6	9	9	0	0:00:15.062387
4380	9	9	9	1	0:00:15.150513
4400	3	2	8	0	0:00:14.983222
4420	5	8	8	0	0:00:15.213638
4440	2	6	6	0	0:00:15.086475
4460	9	9	1	1	0:00:15.122926
4480	9	9	9	1	0:00:15.146893
4500	3	5	5	0	0:00:15.134453
4520	3	6	6	0	0:00:15.053635
4540	9	9	9	1	0:00:15.099593
4560	1	1	1	1	0:00:15.018385
4580	6	6	4	1	0:00:15.060245
4600	4	7	7	0	0:00:15.086386
4620	7	3	3	0	0:00:15.048345
4640	2	4	4	0	0:00:15.176102
4660	7	6	2	0	0:00:15.054858
4680	9	9	9	1	0:00:15.038741
4700	6	1	1	0	0:00:15.081943
4720	8	0	0	0	0:00:15.153146
4740	5	6	6	0	0:00:15.049855
4760	3	-1	2	0	0:00:15.267828
4780	0	0	0	1	0:00:15.340360
4800	9	9	9	1	0:00:15.043720
4820	3	5	5	0	0:00:15.055045
4840	0	0	0	1	0:00:15.044518
4860	5	5	5	1	0:00:15.244828
4880	0	8	8	0	0:00:15.024241
4900	3	1	1	0	0:00:15.101105
4920	7	7	7	1	0:00:15.062706
4940	6	6	2	1	0:00:14.989325
4960	4	6	6	0	0:00:15.132023
4980	1	9	9	0	0:00:15.002236
5000	7	7	7	1	0:00:15.037210
5020	8	8	8	1	0:00:15.043349
5040	3	1	1	0	0:00:15.205241
5060	6	6	6	1	0:00:15.100604
5080	7	7	7	1	0:00:15.222294
5100	3	3	3	1	0:00:15.148926
5120	9	9	8	1	0:00:15.125927
5140	8	8	8	1	0:00:15.126827
5160	0	8	8	0	0:00:15.116509
5180	9	7	7	0	0:00:15.151296
5200	3	3	3	1	0:00:15.165597
5220	0	0	0	1	0:00:15.157824
5240	1	1	9	1	0:00:15.096261
5260	0	0	0	1	0:00:15.049722
5280	0	2	2	0	0:00:15.076264
5300	9	9	1	1	0:00:15.095143
5320	7	7	7	1	0:00:15.141956
5340	3	4	4	0	0:00:15.158498
5360	9	9	9	1	0:00:15.150987
5380	1	9	9	0	0:00:15.107433
5400	9	9	9	1	0:00:15.116478
5420	6	6	6	1	0:00:15.100331
5440	9	9	9	1	0:00:15.051214
5460	0	0	0	1	0:00:15.053226
5480	1	1	1	1	0:00:15.105165
5500	8	1	1	0	0:00:15.015602
5520	4	5	5	0	0:00:14.973062
5540	5	6	2	0	0:00:14.986533
5560	3	6	6	0	0:00:15.027188
5580	5	6	6	0	0:00:15.104973
5600	6	9	8	0	0:00:14.999899
5620	3	2	2	0	0:00:15.064810
5640	2	3	3	0	0:00:14.972726
5660	9	9	9	1	0:00:15.063132
5680	2	8	8	0	0:00:15.020587
5700	3	5	0	0	0:00:15.058052
5720	9	9	9	1	0:00:14.967928
5740	6	4	4	0	0:00:15.022709
5760	2	2	8	1	0:00:15.151124
5780	7	7	7	1	0:00:14.983250
5800	2	4	4	0	0:00:15.073363
5820	5	6	6	0	0:00:15.063510
5840	2	6	6	0	0:00:15.195388
5860	0	0	8	1	0:00:15.042220
5880	0	0	0	1	0:00:15.081422
5900	4	4	4	1	0:00:15.094962
5920	8	8	8	1	0:00:15.112833
5940	7	4	4	0	0:00:15.015942
5960	2	4	4	0	0:00:15.158457
5980	9	9	9	1	0:00:15.083863
6000	8	9	8	0	0:00:15.125085
6020	6	6	6	1	0:00:15.014785
6040	2	7	7	0	0:00:15.121629
6060	3	4	4	0	0:00:15.210820
6080	1	1	1	1	0:00:15.017283
6100	1	1	1	1	0:00:14.996002
6120	5	5	5	1	0:00:15.059509
6140	9	9	9	1	0:00:15.195849
6160	2	5	5	0	0:00:15.083598
6180	0	9	9	0	0:00:15.021410
6200	3	3	3	1	0:00:15.154413
6220	2	6	6	0	0:00:15.188608
6240	2	6	2	0	0:00:15.093105
6260	2	1	1	0	0:00:15.250232
6280	8	5	5	0	0:00:15.078321
6300	1	1	1	1	0:00:15.224591
6320	0	0	0	1	0:00:15.010436
6340	3	3	3	1	0:00:14.994798
6360	2	2	2	1	0:00:15.056572
6380	3	6	6	0	0:00:15.034784
6400	0	8	8	0	0:00:15.052039
6420	7	7	7	1	0:00:14.976270
6440	3	8	8	0	0:00:15.030980
6460	3	9	0	0	0:00:15.026855
6480	0	0	0	1	0:00:14.972528
6500	7	0	0	0	0:00:15.068391
6520	6	4	2	0	0:00:15.058503
6540	8	8	8	1	0:00:14.999646
6560	6	6	6	1	0:00:15.183264
6580	1	9	7	0	0:00:15.095280
6600	7	7	7	1	0:00:15.136166
6620	7	7	7	1	0:00:15.086916
6640	5	3	3	0	0:00:15.150839
6660	0	0	0	1	0:00:15.177008
6680	3	3	3	1	0:00:15.099418
6700	6	6	6	1	0:00:15.137211
6720	2	2	2	1	0:00:15.094307
6740	2	6	6	0	0:00:15.098363
6760	5	2	2	0	0:00:15.051112
6780	7	7	7	1	0:00:15.086210
6800	6	6	4	1	0:00:15.244164
6820	1	1	1	1	0:00:15.042919
6840	9	9	1	1	0:00:15.155715
6860	0	0	0	1	0:00:14.994646
6880	2	7	7	0	0:00:15.016346
6900	3	3	3	1	0:00:15.107590
6920	5	2	2	0	0:00:15.139872
6940	1	1	1	1	0:00:15.062569
6960	9	8	8	0	0:00:15.158540
6980	0	9	9	0	0:00:15.094681
7000	2	8	8	0	0:00:15.066711
7020	7	7	7	1	0:00:14.997179
7040	7	1	8	0	0:00:15.172496
7060	8	8	8	1	0:00:15.141459
7080	5	4	4	0	0:00:15.120730
7100	9	3	3	0	0:00:15.050376
7120	7	7	7	1	0:00:15.004517
7140	4	4	4	1	0:00:15.034420
7160	5	5	5	1	0:00:15.023182
7180	6	6	6	1	0:00:15.070964
7200	4	6	2	0	0:00:14.971905
7220	9	9	0	1	0:00:15.000305
7240	0	8	8	0	0:00:15.024189
7260	1	1	1	1	0:00:15.265923
7280	1	1	0	1	0:00:15.093083
7300	3	7	7	0	0:00:15.069958
7320	8	0	0	0	0:00:15.262012
7340	2	4	0	0	0:00:15.134091
7360	2	7	7	0	0:00:15.319296
7380	7	7	7	1	0:00:15.204059
7400	3	3	3	1	0:00:15.294657
7420	3	0	0	0	0:00:15.114304
7440	3	6	6	0	0:00:15.112431
7460	5	5	5	1	0:00:15.140890
7480	1	1	8	1	0:00:15.061853
7500	6	6	6	1	0:00:15.053195
7520	4	6	4	0	0:00:15.143289
7540	5	5	5	1	0:00:15.006560
7560	0	0	0	1	0:00:15.133200
7580	8	8	8	1	0:00:15.062633
7600	8	9	9	0	0:00:15.026649
7620	5	9	9	0	0:00:15.165650
7640	9	9	9	1	0:00:15.048648
7660	7	1	1	0	0:00:15.197319
7680	3	9	9	0	0:00:15.048795
7700	6	6	6	1	0:00:15.255584
7720	5	4	4	0	0:00:15.042305
7740	4	2	2	0	0:00:15.081935
7760	2	9	9	0	0:00:15.008341
7780	3	9	9	0	0:00:14.982775
7800	0	0	0	1	0:00:15.003567
7820	5	8	8	0	0:00:14.987494
7840	1	1	1	1	0:00:14.974520
7860	8	8	8	1	0:00:15.038819
7880	0	4	4	0	0:00:15.195211
7900	0	8	8	0	0:00:14.991100
7920	9	9	8	1	0:00:15.031304
7940	2	6	6	0	0:00:14.980980
7960	0	0	0	1	0:00:15.079320
7980	3	4	4	0	0:00:15.023310
8000	9	9	9	1	0:00:15.031622
8020	6	6	6	1	0:00:15.007359
8040	2	6	6	0	0:00:14.986643
8060	6	6	6	1	0:00:15.041702
8080	4	6	6	0	0:00:15.232151
8100	6	2	2	0	0:00:15.048138
8120	8	9	9	0	0:00:15.095504
8140	5	4	4	0	0:00:15.190687
8160	6	6	6	1	0:00:15.041995
8180	4	6	6	0	0:00:15.127256
8200	3	0	0	0	0:00:15.143972
8220	6	6	2	1	0:00:15.085547
8240	7	7	7	1	0:00:15.072445
8260	1	1	1	1	0:00:15.205874
8280	4	3	3	0	0:00:15.258739
8300	5	2	2	0	0:00:15.102416
8320	7	7	4	1	0:00:15.087289
8340	5	5	5	1	0:00:15.214446
8360	7	7	7	1	0:00:15.109391
8380	9	9	9	1	0:00:15.136919
8400	0	8	8	0	0:00:15.115616
8420	3	6	4	0	0:00:15.187109
8440	5	3	3	0	0:00:15.083226
8460	8	8	8	1	0:00:15.261326
8480	2	2	2	1	0:00:15.120355
8500	4	2	2	0	0:00:15.028879
8520	8	8	8	1	0:00:14.994770
8540	4	6	2	0	0:00:15.070432
8560	7	7	7	1	0:00:15.171679
8580	3	9	9	0	0:00:15.037743
8600	3	7	3	0	0:00:15.075802
8620	3	4	4	0	0:00:15.016339
8640	1	1	1	1	0:00:14.988889
8660	7	5	5	0	0:00:15.077379
8680	3	9	0	0	0:00:14.983220
8700	3	3	3	1	0:00:15.126782
8720	2	0	0	0	0:00:15.005373
8740	2	4	4	0	0:00:15.085536
8760	8	8	8	1	0:00:14.997008
8780	4	4	4	1	0:00:15.052521
8800	0	0	0	1	0:00:15.079220
8820	2	2	2	1	0:00:15.074534
8840	2	7	7	0	0:00:15.140476
8860	2	2	2	1	0:00:15.162007
8880	1	1	1	1	0:00:15.205167
8900	2	4	4	0	0:00:15.064795
8920	6	6	6	1	0:00:15.052600
8940	6	3	3	0	0:00:15.207886
8960	0	0	0	1	0:00:15.123658
8980	9	9	9	1	0:00:15.094931
9000	8	8	8	1	0:00:15.198196
9020	7	7	7	1	0:00:15.162509
9040	2	5	5	0	0:00:15.246881
9060	9	5	5	0	0:00:15.210438
9080	3	0	0	0	0:00:15.035674
9100	9	6	6	0	0:00:15.183767
9120	3	0	0	0	0:00:15.028565
9140	7	7	7	1	0:00:15.047038
9160	5	5	5	1	0:00:15.184943
9180	5	5	5	1	0:00:15.145017
9200	8	8	8	1	0:00:15.053445
9220	8	8	8	1	0:00:15.186451
9240	8	8	8	1	0:00:15.068779
9260	5	5	5	1	0:00:15.099611
9280	9	8	8	0	0:00:15.282053
9300	5	5	5	1	0:00:15.033095
9320	9	9	9	1	0:00:14.978396
9340	1	1	1	1	0:00:14.991776
9360	5	0	0	0	0:00:15.007405
9380	5	9	9	0	0:00:14.995656
9400	6	6	2	1	0:00:15.054262
9420	5	5	5	1	0:00:15.021976
9440	8	8	8	1	0:00:15.028977
9460	3	6	6	0	0:00:15.004592
9480	2	4	4	0	0:00:15.050084
9500	9	1	1	0	0:00:15.068215
9520	1	1	1	1	0:00:15.100777
9540	5	5	5	1	0:00:15.115540
9560	9	7	7	0	0:00:15.008041
9580	1	1	1	1	0:00:15.033442
9600	8	8	8	1	0:00:15.207282
9620	4	7	7	0	0:00:15.403480
9640	5	7	7	0	0:00:15.027706
9660	6	6	6	1	0:00:15.025870
9680	8	8	8	1	0:00:15.113893
9700	0	0	0	1	0:00:15.118459
9720	8	6	4	0	0:00:15.118688
9740	3	6	6	0	0:00:15.054369
9760	9	7	7	0	0:00:15.063970
9780	4	6	6	0	0:00:15.056028
9800	1	1	1	1	0:00:15.075283
9820	0	8	8	0	0:00:15.114381
9840	4	3	3	0	0:00:15.072890
9860	0	2	8	0	0:00:15.016312
9880	7	7	4	1	0:00:15.074336
9900	8	8	8	1	0:00:15.031458
9920	6	6	6	1	0:00:15.070715
9940	4	5	5	0	0:00:15.035985
9960	2	0	0	0	0:00:15.103620
9980	0	0	0	1	0:00:15.129367
