idx	label	predict	basePredict	correct	time
0	3	3	3	1	0:00:01.338824
20	7	-1	5	0	0:00:01.158922
40	4	4	4	1	0:00:01.129815
60	7	7	7	1	0:00:01.119883
80	8	8	8	1	0:00:01.126020
100	4	5	5	0	0:00:01.114301
120	8	-1	8	0	0:00:01.130405
140	6	6	2	1	0:00:01.074541
160	2	2	2	1	0:00:01.071182
180	0	0	0	1	0:00:01.075570
200	5	5	5	1	0:00:01.073446
220	7	-1	5	0	0:00:01.073381
240	1	1	1	1	0:00:01.064698
260	8	8	8	1	0:00:01.087266
280	9	-1	0	0	0:00:01.084210
300	6	6	6	1	0:00:01.095479
320	3	-1	5	0	0:00:01.128671
340	2	4	4	0	0:00:01.108477
360	9	9	5	1	0:00:01.096195
380	6	6	4	1	0:00:01.116537
400	9	9	9	1	0:00:01.113817
420	4	4	4	1	0:00:01.116442
440	1	1	1	1	0:00:01.124927
460	5	5	5	1	0:00:01.128073
480	8	9	8	0	0:00:01.128706
500	4	-1	3	0	0:00:01.129368
520	5	5	5	1	0:00:01.124711
540	1	1	1	1	0:00:01.180641
560	0	0	0	1	0:00:01.096982
580	4	4	4	1	0:00:01.118178
600	8	8	8	1	0:00:01.103953
620	7	7	7	1	0:00:01.117822
640	5	3	3	0	0:00:01.105968
660	9	9	8	1	0:00:01.099633
680	9	9	9	1	0:00:01.124702
700	7	7	7	1	0:00:01.128454
720	4	4	4	1	0:00:01.121613
740	2	5	5	0	0:00:01.129308
760	3	3	3	1	0:00:01.132857
780	9	9	9	1	0:00:01.148432
800	7	7	7	1	0:00:01.119249
820	6	6	6	1	0:00:01.102850
840	7	7	7	1	0:00:01.118733
860	4	-1	2	0	0:00:01.112296
880	8	8	8	1	0:00:01.166849
900	2	6	6	0	0:00:01.120456
920	6	6	4	1	0:00:01.105659
940	9	9	9	1	0:00:01.112970
960	9	-1	3	0	0:00:01.135413
980	2	-1	2	0	0:00:01.116817
1000	5	5	5	1	0:00:01.029272
1020	1	1	1	1	0:00:01.021883
1040	7	5	5	0	0:00:01.038385
1060	9	9	9	1	0:00:01.028304
1080	6	6	6	1	0:00:01.029339
1100	7	-1	8	0	0:00:01.020732
1120	5	2	2	0	0:00:01.024605
1140	6	6	5	1	0:00:01.027709
1160	8	8	8	1	0:00:01.026338
1180	3	3	3	1	0:00:01.031632
1200	8	8	8	1	0:00:01.030124
1220	9	-1	3	0	0:00:01.025326
1240	2	6	6	0	0:00:00.989034
1260	1	9	1	0	0:00:00.994216
1280	3	-1	3	0	0:00:01.040855
1300	4	3	3	0	0:00:01.024317
1320	7	7	7	1	0:00:01.049935
1340	1	1	1	1	0:00:01.034577
1360	7	7	4	1	0:00:01.018289
1380	4	-1	5	0	0:00:01.018942
1400	5	-1	5	0	0:00:01.016646
1420	4	-1	4	0	0:00:01.031828
1440	0	0	8	1	0:00:01.036310
1460	6	6	6	1	0:00:01.038699
1480	1	1	5	1	0:00:01.044231
1500	1	1	1	1	0:00:01.033927
1520	7	7	4	1	0:00:01.017608
1540	8	8	8	1	0:00:01.037348
1560	7	7	7	1	0:00:01.018347
1580	6	-1	3	0	0:00:01.011936
1600	8	9	8	0	0:00:01.014218
1620	5	-1	8	0	0:00:01.018113
1640	7	3	3	0	0:00:01.017580
1660	3	3	3	1	0:00:01.045965
1680	6	6	3	1	0:00:01.037584
1700	5	3	3	0	0:00:01.036806
1720	4	4	3	1	0:00:01.038158
1740	1	1	1	1	0:00:01.024820
1760	0	0	0	1	0:00:01.035199
1780	7	7	4	1	0:00:01.030085
1800	4	4	2	1	0:00:01.033069
1820	8	8	8	1	0:00:01.028455
1840	8	-1	4	0	0:00:01.013271
1860	8	8	8	1	0:00:01.029367
1880	1	1	1	1	0:00:01.026839
1900	8	8	8	1	0:00:01.035583
1920	2	2	2	1	0:00:01.037328
1940	5	-1	2	0	0:00:01.035755
1960	2	5	2	0	0:00:01.037279
1980	9	9	9	1	0:00:01.037288
2000	1	1	1	1	0:00:01.015686
2020	9	9	9	1	0:00:01.017112
2040	0	0	0	1	0:00:01.022726
2060	5	3	3	0	0:00:01.000544
2080	1	9	9	0	0:00:01.018357
2100	2	2	2	1	0:00:01.036086
2120	4	8	8	0	0:00:01.032148
2140	9	9	9	1	0:00:01.022354
2160	0	0	0	1	0:00:01.020443
2180	4	4	4	1	0:00:01.021029
2200	0	0	0	1	0:00:01.027209
2220	1	1	1	1	0:00:01.029657
2240	9	9	8	1	0:00:01.026690
2260	4	4	4	1	0:00:00.998779
2280	4	4	4	1	0:00:01.009221
2300	3	-1	4	0	0:00:01.025613
2320	5	2	2	0	0:00:01.019385
2340	7	7	7	1	0:00:01.012442
2360	7	5	5	0	0:00:01.027499
2380	8	8	8	1	0:00:01.021077
2400	0	0	0	1	0:00:01.026582
2420	8	-1	3	0	0:00:01.022554
2440	7	7	7	1	0:00:01.015047
2460	9	-1	4	0	0:00:01.009094
2480	8	8	8	1	0:00:01.031442
2500	4	-1	4	0	0:00:01.028901
2520	1	-1	8	0	0:00:01.008422
2540	2	6	2	0	0:00:01.001275
2560	7	7	5	1	0:00:01.030621
2580	6	5	5	0	0:00:01.031329
2600	8	8	8	1	0:00:01.027351
2620	1	1	1	1	0:00:01.007441
2640	7	7	7	1	0:00:01.039167
2660	3	-1	2	0	0:00:01.032725
2680	0	0	0	1	0:00:01.029283
2700	9	1	1	0	0:00:01.026079
2720	3	3	3	1	0:00:01.032076
2740	1	-1	2	0	0:00:01.015352
2760	2	2	2	1	0:00:01.008199
2780	7	7	7	1	0:00:01.016405
2800	4	4	3	1	0:00:01.030648
2820	6	6	6	1	0:00:01.018291
2840	3	3	3	1	0:00:01.022388
2860	5	4	4	0	0:00:01.003795
2880	4	4	4	1	0:00:01.018185
2900	3	7	2	0	0:00:01.013048
2920	2	3	2	0	0:00:01.037783
2940	3	0	0	0	0:00:01.023896
2960	9	0	0	0	0:00:01.027049
2980	8	8	8	1	0:00:01.032835
3000	5	5	5	1	0:00:01.023285
3020	1	1	1	1	0:00:01.034043
3040	7	7	7	1	0:00:01.022899
3060	7	7	7	1	0:00:01.015717
3080	1	-1	9	0	0:00:01.017076
3100	0	0	0	1	0:00:01.012645
3120	4	-1	3	0	0:00:01.020886
3140	8	8	8	1	0:00:01.009065
3160	6	2	2	0	0:00:01.031171
3180	3	-1	3	0	0:00:01.027069
3200	5	5	5	1	0:00:01.029414
3220	3	9	3	0	0:00:01.028527
3240	4	0	0	0	0:00:01.031194
3260	7	7	7	1	0:00:01.027916
3280	3	5	5	0	0:00:01.013173
3300	4	4	4	1	0:00:01.034051
3320	2	7	7	0	0:00:01.023596
3340	6	6	0	1	0:00:01.031209
3360	4	4	4	1	0:00:01.013951
3380	8	8	8	1	0:00:01.009058
3400	6	4	4	0	0:00:01.017388
3420	5	7	7	0	0:00:01.007957
3440	2	3	3	0	0:00:01.019217
3460	1	1	1	1	0:00:01.019278
3480	2	2	2	1	0:00:01.025828
3500	1	-1	1	0	0:00:01.018345
3520	1	1	1	1	0:00:01.034734
3540	6	6	3	1	0:00:01.031367
3560	1	9	1	0	0:00:01.025516
3580	4	4	4	1	0:00:01.020445
3600	4	2	2	0	0:00:01.042109
3620	0	0	5	1	0:00:01.039739
3640	6	-1	6	0	0:00:01.024580
3660	0	0	8	1	0:00:01.028601
3680	0	-1	0	0	0:00:01.025045
3700	3	3	3	1	0:00:01.027783
3720	2	2	2	1	0:00:01.046746
3740	0	0	0	1	0:00:01.023195
3760	7	7	7	1	0:00:01.025971
3780	4	4	2	1	0:00:01.039968
3800	9	9	9	1	0:00:01.032001
3820	0	-1	2	0	0:00:01.052311
3840	6	3	3	0	0:00:01.014093
3860	7	7	7	1	0:00:01.026525
3880	6	6	5	1	0:00:01.024355
3900	3	6	6	0	0:00:01.027905
3920	7	7	7	1	0:00:01.032099
3940	6	-1	2	0	0:00:01.006389
3960	2	2	2	1	0:00:01.026682
3980	9	-1	9	0	0:00:01.023736
4000	8	-1	8	0	0:00:01.030699
4020	8	8	8	1	0:00:01.032485
4040	0	0	0	1	0:00:01.004576
4060	6	6	6	1	0:00:01.018533
4080	1	1	1	1	0:00:01.029745
4100	7	7	7	1	0:00:01.038455
4120	4	4	4	1	0:00:01.041695
4140	5	5	5	1	0:00:01.016766
4160	5	-1	2	0	0:00:01.000864
4180	0	8	8	0	0:00:01.013645
4200	4	4	2	1	0:00:01.018679
4220	4	0	0	0	0:00:00.979081
4240	7	-1	0	0	0:00:01.026895
4260	8	8	8	1	0:00:01.031834
4280	8	0	8	0	0:00:01.031003
4300	8	8	8	1	0:00:01.035749
4320	1	-1	8	0	0:00:01.042441
4340	0	0	0	1	0:00:01.002949
4360	6	6	6	1	0:00:01.038302
4380	9	9	9	1	0:00:01.021313
4400	3	-1	3	0	0:00:00.966527
4420	5	5	5	1	0:00:00.975492
4440	2	2	2	1	0:00:00.996849
4460	9	9	9	1	0:00:00.989228
4480	9	9	9	1	0:00:00.972907
4500	3	5	3	0	0:00:00.976667
4520	3	-1	3	0	0:00:00.961804
4540	9	9	9	1	0:00:00.996304
4560	1	1	1	1	0:00:00.979742
4580	6	6	4	1	0:00:01.008166
4600	4	4	4	1	0:00:01.023485
4620	7	-1	3	0	0:00:01.029391
4640	2	2	2	1	0:00:01.038775
4660	7	-1	4	0	0:00:01.018618
4680	9	9	9	1	0:00:01.020451
4700	6	5	5	0	0:00:01.040942
4720	8	8	8	1	0:00:01.037589
4740	5	3	3	0	0:00:01.047931
4760	3	2	2	0	0:00:01.034456
4780	0	0	0	1	0:00:01.024811
4800	9	9	9	1	0:00:01.017610
4820	3	3	3	1	0:00:01.018024
4840	0	0	0	1	0:00:01.023659
4860	5	5	5	1	0:00:01.023988
4880	0	8	8	0	0:00:01.032407
4900	3	3	3	1	0:00:01.036499
4920	7	7	7	1	0:00:01.033089
4940	6	6	4	1	0:00:01.045184
4960	4	4	3	1	0:00:00.976068
4980	1	9	9	0	0:00:00.978688
5000	7	7	7	1	0:00:01.010106
5020	8	8	8	1	0:00:01.011674
5040	3	3	3	1	0:00:01.007143
5060	6	6	2	1	0:00:01.008605
5080	7	7	7	1	0:00:01.008183
5100	3	3	3	1	0:00:01.011503
5120	9	9	8	1	0:00:00.993869
5140	8	8	8	1	0:00:01.016206
5160	0	0	8	1	0:00:01.039101
5180	9	7	7	0	0:00:01.014070
5200	3	3	3	1	0:00:00.997363
5220	0	0	0	1	0:00:01.019249
5240	1	1	1	1	0:00:01.011501
5260	0	0	0	1	0:00:01.017374
5280	0	4	4	0	0:00:01.049200
5300	9	9	9	1	0:00:01.032552
5320	7	7	7	1	0:00:01.031867
5340	3	4	4	0	0:00:01.034266
5360	9	9	9	1	0:00:01.037442
5380	1	9	9	0	0:00:01.011268
5400	9	9	9	1	0:00:01.012195
5420	6	6	6	1	0:00:00.982349
5440	9	9	9	1	0:00:01.006297
5460	0	0	0	1	0:00:01.001512
5480	1	1	1	1	0:00:00.994956
5500	8	8	8	1	0:00:01.000054
5520	4	4	4	1	0:00:01.005697
5540	5	-1	5	0	0:00:01.019526
5560	3	5	5	0	0:00:01.030518
5580	5	-1	3	0	0:00:01.011662
5600	6	6	3	1	0:00:01.009157
5620	3	6	2	0	0:00:00.996810
5640	2	5	2	0	0:00:00.992045
5660	9	-1	8	0	0:00:00.993081
5680	2	3	3	0	0:00:00.992106
5700	3	3	3	1	0:00:00.997739
5720	9	9	9	1	0:00:01.004456
5740	6	6	2	1	0:00:01.009116
5760	2	2	0	1	0:00:01.022756
5780	7	7	7	1	0:00:01.023851
5800	2	2	2	1	0:00:01.022333
5820	5	5	5	1	0:00:01.019933
5840	2	2	2	1	0:00:01.021554
5860	0	0	0	1	0:00:01.030662
5880	0	0	0	1	0:00:01.024581
5900	4	3	0	0	0:00:01.028976
5920	8	8	8	1	0:00:01.026045
5940	7	-1	0	0	0:00:01.023154
5960	2	6	2	0	0:00:01.028089
5980	9	9	9	1	0:00:01.030138
6000	8	8	8	1	0:00:01.025163
6020	6	6	6	1	0:00:01.035935
6040	2	-1	7	0	0:00:01.039047
6060	3	4	5	0	0:00:01.042442
6080	1	1	1	1	0:00:01.029265
6100	1	1	1	1	0:00:01.037370
6120	5	5	5	1	0:00:01.033305
6140	9	9	9	1	0:00:01.039166
6160	2	5	2	0	0:00:01.032983
6180	0	0	0	1	0:00:01.022657
6200	3	2	2	0	0:00:01.020533
6220	2	-1	4	0	0:00:01.015892
6240	2	2	2	1	0:00:00.993424
6260	2	2	2	1	0:00:00.992163
6280	8	-1	5	0	0:00:00.984203
6300	1	1	1	1	0:00:00.990119
6320	0	0	0	1	0:00:00.986290
6340	3	-1	3	0	0:00:00.976192
6360	2	2	2	1	0:00:00.983911
6380	3	-1	3	0	0:00:01.013604
6400	0	0	0	1	0:00:01.018000
6420	7	7	7	1	0:00:01.028401
6440	3	3	2	1	0:00:01.026251
6460	3	3	3	1	0:00:01.032906
6480	0	0	0	1	0:00:00.993618
6500	7	-1	8	0	0:00:01.003660
6520	6	-1	2	0	0:00:01.018809
6540	8	8	8	1	0:00:01.009615
6560	6	-1	5	0	0:00:00.995826
6580	1	-1	8	0	0:00:01.008370
6600	7	7	7	1	0:00:01.027353
6620	7	7	7	1	0:00:01.029499
6640	5	3	3	0	0:00:01.032924
6660	0	0	1	1	0:00:01.028147
6680	3	5	5	0	0:00:01.016814
6700	6	6	6	1	0:00:01.024363
6720	2	2	2	1	0:00:01.015421
6740	2	-1	4	0	0:00:01.029720
6760	5	5	5	1	0:00:01.028463
6780	7	7	7	1	0:00:01.041670
6800	6	4	4	0	0:00:01.018457
6820	1	1	1	1	0:00:01.016873
6840	9	9	9	1	0:00:01.015349
6860	0	0	0	1	0:00:01.023408
6880	2	2	2	1	0:00:01.026225
6900	3	3	3	1	0:00:01.031277
6920	5	4	2	0	0:00:01.035027
6940	1	1	1	1	0:00:01.032884
6960	9	9	8	1	0:00:01.031483
6980	0	0	0	1	0:00:01.027960
7000	2	-1	8	0	0:00:01.039944
7020	7	7	7	1	0:00:00.955663
7040	7	-1	8	0	0:00:00.958622
7060	8	8	8	1	0:00:00.970571
7080	5	4	4	0	0:00:00.967246
7100	9	3	3	0	0:00:00.948110
7120	7	-1	5	0	0:00:00.961568
7140	4	-1	3	0	0:00:00.994338
7160	5	5	5	1	0:00:01.022425
7180	6	6	3	1	0:00:01.028641
7200	4	-1	2	0	0:00:01.053791
7220	9	9	9	1	0:00:01.034410
7240	0	0	8	1	0:00:00.991190
7260	1	1	1	1	0:00:01.004382
7280	1	-1	3	0	0:00:00.997753
7300	3	-1	5	0	0:00:01.000353
7320	8	0	0	0	0:00:01.022978
7340	2	2	0	1	0:00:01.017704
7360	2	2	2	1	0:00:01.010690
7380	7	7	7	1	0:00:01.015535
7400	3	5	5	0	0:00:01.022395
7420	3	4	4	0	0:00:01.028764
7440	3	3	3	1	0:00:01.022406
7460	5	5	5	1	0:00:00.999437
7480	1	1	1	1	0:00:01.017333
7500	6	6	6	1	0:00:01.008186
7520	4	4	4	1	0:00:01.034364
7540	5	5	5	1	0:00:01.027464
7560	0	0	0	1	0:00:01.020733
7580	8	8	8	1	0:00:01.018247
7600	8	2	2	0	0:00:01.011317
7620	5	3	3	0	0:00:01.047760
7640	9	-1	8	0	0:00:01.000712
7660	7	7	4	1	0:00:01.022280
7680	3	-1	5	0	0:00:01.019006
7700	6	6	6	1	0:00:01.012141
7720	5	2	2	0	0:00:01.024369
7740	4	4	2	1	0:00:01.036438
7760	2	0	8	0	0:00:01.008938
7780	3	8	8	0	0:00:00.989570
7800	0	0	0	1	0:00:01.010726
7820	5	5	0	1	0:00:01.022676
7840	1	1	1	1	0:00:01.003252
7860	8	8	8	1	0:00:01.016073
7880	0	0	0	1	0:00:01.016921
7900	0	-1	8	0	0:00:01.024032
7920	9	9	9	1	0:00:01.009524
7940	2	-1	2	0	0:00:01.010932
7960	0	-1	0	0	0:00:01.001173
7980	3	3	3	1	0:00:01.022714
8000	9	9	9	1	0:00:01.015071
8020	6	-1	3	0	0:00:01.047637
8040	2	2	2	1	0:00:01.016830
8060	6	6	6	1	0:00:01.010969
8080	4	4	3	1	0:00:01.015244
8100	6	2	2	0	0:00:00.998546
8120	8	9	8	0	0:00:01.026092
8140	5	7	5	0	0:00:00.994880
8160	6	6	6	1	0:00:01.022496
8180	4	4	4	1	0:00:01.034988
8200	3	6	3	0	0:00:01.023868
8220	6	-1	5	0	0:00:01.038600
8240	7	7	7	1	0:00:01.023727
8260	1	1	1	1	0:00:01.012990
8280	4	4	4	1	0:00:00.986956
8300	5	-1	3	0	0:00:00.966842
8320	7	7	7	1	0:00:01.028446
8340	5	3	5	0	0:00:01.013347
8360	7	7	7	1	0:00:01.028999
8380	9	9	9	1	0:00:00.990913
8400	0	-1	0	0	0:00:01.010277
8420	3	6	6	0	0:00:01.023203
8440	5	-1	3	0	0:00:01.025427
8460	8	8	8	1	0:00:01.013524
8480	2	2	2	1	0:00:01.025871
8500	4	4	4	1	0:00:00.991333
8520	8	8	8	1	0:00:01.021773
8540	4	-1	2	0	0:00:01.021887
8560	7	7	7	1	0:00:01.044195
8580	3	5	5	0	0:00:01.007331
8600	3	2	2	0	0:00:00.998280
8620	3	-1	5	0	0:00:01.003183
8640	1	1	1	1	0:00:01.022856
8660	7	7	7	1	0:00:01.020283
8680	3	-1	3	0	0:00:00.995661
8700	3	3	3	1	0:00:01.020182
8720	2	0	0	0	0:00:01.015378
8740	2	2	5	1	0:00:01.016595
8760	8	8	8	1	0:00:00.985777
8780	4	4	2	1	0:00:01.019124
8800	0	0	0	1	0:00:01.033626
8820	2	2	2	1	0:00:01.038036
8840	2	-1	2	0	0:00:01.053705
8860	2	2	2	1	0:00:01.018770
8880	1	1	1	1	0:00:01.036778
8900	2	4	4	0	0:00:00.997602
8920	6	6	3	1	0:00:01.046594
8940	6	3	3	0	0:00:01.032144
8960	0	-1	2	0	0:00:01.005312
8980	9	9	9	1	0:00:01.030457
9000	8	8	8	1	0:00:01.020304
9020	7	7	7	1	0:00:01.017097
9040	2	5	5	0	0:00:01.035745
9060	9	9	9	1	0:00:01.033647
9080	3	-1	3	0	0:00:01.010425
9100	9	1	1	0	0:00:01.048092
9120	3	-1	3	0	0:00:01.040154
9140	7	7	4	1	0:00:01.015702
9160	5	3	3	0	0:00:01.000496
9180	5	5	5	1	0:00:01.008062
9200	8	8	8	1	0:00:01.007777
9220	8	8	8	1	0:00:01.027383
9240	8	8	8	1	0:00:01.049830
9260	5	5	5	1	0:00:01.019577
9280	9	8	8	0	0:00:01.019039
9300	5	-1	2	0	0:00:01.022588
9320	9	9	9	1	0:00:01.004934
9340	1	1	1	1	0:00:01.021436
9360	5	0	2	0	0:00:01.027617
9380	5	3	3	0	0:00:01.028074
9400	6	6	6	1	0:00:01.019245
9420	5	5	5	1	0:00:01.026140
9440	8	8	8	1	0:00:01.038257
9460	3	-1	7	0	0:00:01.036521
9480	2	-1	2	0	0:00:01.001894
9500	9	9	2	1	0:00:01.027426
9520	1	1	1	1	0:00:01.011528
9540	5	5	5	1	0:00:01.010247
9560	9	7	3	0	0:00:01.020319
9580	1	1	1	1	0:00:01.024791
9600	8	-1	8	0	0:00:00.986147
9620	4	4	4	1	0:00:01.016280
9640	5	5	5	1	0:00:01.027774
9660	6	6	6	1	0:00:01.039603
9680	8	8	8	1	0:00:01.023510
9700	0	0	0	1	0:00:01.029861
9720	8	-1	8	0	0:00:01.019083
9740	3	6	2	0	0:00:01.002038
9760	9	5	5	0	0:00:01.010386
9780	4	-1	2	0	0:00:01.018828
9800	1	1	1	1	0:00:01.074135
9820	0	8	8	0	0:00:01.001464
9840	4	7	7	0	0:00:00.984082
9860	0	-1	8	0	0:00:01.025279
9880	7	-1	4	0	0:00:01.004631
9900	8	8	8	1	0:00:01.022561
9920	6	6	6	1	0:00:01.002038
9940	4	5	5	0	0:00:00.974197
9960	2	0	0	0	0:00:01.008344
9980	0	0	0	1	0:00:01.016875
