idx	label	predict	basePredict	correct	time
0	3	3	3	1	0:00:02.908705
20	7	5	5	0	0:00:02.799919
40	4	4	4	1	0:00:02.806017
60	7	7	7	1	0:00:02.786516
80	8	8	8	1	0:00:02.799929
100	4	5	5	0	0:00:02.778971
120	8	8	8	1	0:00:02.822188
140	6	6	2	1	0:00:02.796752
160	2	2	2	1	0:00:02.793026
180	0	0	0	1	0:00:02.807071
200	5	5	5	1	0:00:02.775923
220	7	5	5	0	0:00:02.777300
240	1	1	1	1	0:00:02.780187
260	8	8	8	1	0:00:02.796026
280	9	9	0	1	0:00:02.784046
300	6	6	6	1	0:00:02.785314
320	3	3	5	1	0:00:02.784823
340	2	4	4	0	0:00:02.810884
360	9	9	3	1	0:00:02.771947
380	6	6	2	1	0:00:02.792622
400	9	9	9	1	0:00:02.793969
420	4	4	4	1	0:00:02.784669
440	1	1	1	1	0:00:02.791940
460	5	5	5	1	0:00:02.814638
480	8	9	8	0	0:00:02.829556
500	4	3	3	0	0:00:02.777980
520	5	5	5	1	0:00:02.826343
540	1	1	1	1	0:00:02.791504
560	0	0	0	1	0:00:02.773910
580	4	4	4	1	0:00:02.799958
600	8	8	8	1	0:00:02.776590
620	7	7	7	1	0:00:02.802295
640	5	3	3	0	0:00:02.798991
660	9	9	8	1	0:00:02.805241
680	9	9	9	1	0:00:02.786403
700	7	7	7	1	0:00:02.773490
720	4	4	4	1	0:00:02.783910
740	2	5	5	0	0:00:02.831251
760	3	3	3	1	0:00:02.778198
780	9	9	9	1	0:00:02.788109
800	7	7	7	1	0:00:02.800639
820	6	6	6	1	0:00:02.779606
840	7	7	7	1	0:00:02.799748
860	4	7	2	0	0:00:02.784832
880	8	8	8	1	0:00:02.791240
900	2	6	6	0	0:00:02.765224
920	6	6	4	1	0:00:02.783654
940	9	9	9	1	0:00:02.812959
960	9	9	3	1	0:00:02.814761
980	2	4	2	0	0:00:02.795027
1000	5	5	5	1	0:00:02.085010
1020	1	1	1	1	0:00:02.093233
1040	7	5	5	0	0:00:02.095475
1060	9	9	9	1	0:00:02.095285
1080	6	6	6	1	0:00:02.091127
1100	7	-1	8	0	0:00:02.085128
1120	5	2	2	0	0:00:02.085599
1140	6	6	5	1	0:00:02.086796
1160	8	8	8	1	0:00:02.076883
1180	3	3	3	1	0:00:02.080950
1200	8	8	8	1	0:00:02.079406
1220	9	6	3	0	0:00:02.074200
1240	2	6	6	0	0:00:02.085080
1260	1	9	1	0	0:00:02.085377
1280	3	3	3	1	0:00:02.093964
1300	4	3	3	0	0:00:02.081540
1320	7	7	7	1	0:00:02.109262
1340	1	1	1	1	0:00:02.079184
1360	7	7	4	1	0:00:02.083230
1380	4	5	5	0	0:00:02.079851
1400	5	3	5	0	0:00:02.079314
1420	4	-1	7	0	0:00:02.087188
1440	0	0	8	1	0:00:02.084425
1460	6	6	6	1	0:00:02.081380
1480	1	1	5	1	0:00:02.088269
1500	1	1	1	1	0:00:02.084341
1520	7	7	4	1	0:00:02.087264
1540	8	8	8	1	0:00:02.087350
1560	7	7	7	1	0:00:02.086750
1580	6	1	3	0	0:00:02.093163
1600	8	9	8	0	0:00:02.088522
1620	5	3	2	0	0:00:02.099147
1640	7	3	3	0	0:00:02.104275
1660	3	3	3	1	0:00:02.091847
1680	6	6	3	1	0:00:02.082417
1700	5	3	3	0	0:00:02.090393
1720	4	4	4	1	0:00:02.079872
1740	1	1	1	1	0:00:02.114537
1760	0	0	0	1	0:00:02.101705
1780	7	7	4	1	0:00:02.086848
1800	4	4	4	1	0:00:02.090883
1820	8	8	8	1	0:00:02.087276
1840	8	-1	2	0	0:00:02.095794
1860	8	8	8	1	0:00:02.100654
1880	1	1	1	1	0:00:02.088468
1900	8	8	8	1	0:00:02.091924
1920	2	2	2	1	0:00:02.102542
1940	5	5	2	1	0:00:02.110680
1960	2	5	2	0	0:00:02.087695
1980	9	9	9	1	0:00:02.100814
2000	1	1	1	1	0:00:02.097281
2020	9	9	9	1	0:00:02.093266
2040	0	0	0	1	0:00:02.085137
2060	5	3	3	0	0:00:02.084179
2080	1	9	9	0	0:00:02.083108
2100	2	2	2	1	0:00:02.088194
2120	4	8	8	0	0:00:02.091353
2140	9	9	9	1	0:00:02.089189
2160	0	0	0	1	0:00:02.083732
2180	4	4	4	1	0:00:02.085483
2200	0	0	0	1	0:00:02.098014
2220	1	1	1	1	0:00:02.092002
2240	9	9	1	1	0:00:02.090090
2260	4	4	4	1	0:00:02.086302
2280	4	4	4	1	0:00:02.084226
2300	3	4	4	0	0:00:02.083605
2320	5	2	2	0	0:00:02.084356
2340	7	7	7	1	0:00:02.086813
2360	7	5	5	0	0:00:02.084131
2380	8	8	8	1	0:00:02.079632
2400	0	0	0	1	0:00:02.079138
2420	8	1	3	0	0:00:02.090003
2440	7	7	7	1	0:00:02.086376
2460	9	9	4	1	0:00:02.089203
2480	8	8	8	1	0:00:02.095435
2500	4	6	4	0	0:00:02.079195
2520	1	8	8	0	0:00:02.077014
2540	2	6	2	0	0:00:02.080218
2560	7	7	5	1	0:00:02.098965
2580	6	5	5	0	0:00:02.100080
2600	8	8	8	1	0:00:02.090623
2620	1	1	1	1	0:00:02.088003
2640	7	7	7	1	0:00:02.095619
2660	3	2	2	0	0:00:02.087804
2680	0	0	0	1	0:00:02.081156
2700	9	1	1	0	0:00:02.087981
2720	3	3	3	1	0:00:02.081554
2740	1	-1	2	0	0:00:02.086956
2760	2	2	2	1	0:00:02.098459
2780	7	7	7	1	0:00:02.106381
2800	4	4	3	1	0:00:02.098386
2820	6	6	6	1	0:00:02.084715
2840	3	3	3	1	0:00:02.089941
2860	5	4	4	0	0:00:02.081430
2880	4	4	4	1	0:00:02.081952
2900	3	7	2	0	0:00:02.085280
2920	2	3	2	0	0:00:02.085562
2940	3	0	0	0	0:00:02.085992
2960	9	0	0	0	0:00:02.082782
2980	8	8	8	1	0:00:02.084872
3000	5	5	5	1	0:00:02.083951
3020	1	1	1	1	0:00:02.085343
3040	7	7	7	1	0:00:02.095474
3060	7	7	7	1	0:00:02.084666
3080	1	9	9	0	0:00:02.086959
3100	0	0	0	1	0:00:02.085686
3120	4	4	3	1	0:00:02.087246
3140	8	8	8	1	0:00:02.088706
3160	6	2	2	0	0:00:02.083624
3180	3	6	3	0	0:00:02.104936
3200	5	5	5	1	0:00:02.090034
3220	3	9	3	0	0:00:02.097299
3240	4	0	0	0	0:00:02.083197
3260	7	7	7	1	0:00:02.090178
3280	3	5	5	0	0:00:02.084865
3300	4	4	4	1	0:00:02.081893
3320	2	7	7	0	0:00:02.095834
3340	6	6	0	1	0:00:02.111609
3360	4	4	4	1	0:00:02.097792
3380	8	8	8	1	0:00:02.086007
3400	6	4	4	0	0:00:02.086778
3420	5	7	3	0	0:00:02.087551
3440	2	3	3	0	0:00:02.087444
3460	1	1	1	1	0:00:02.091394
3480	2	2	2	1	0:00:02.088916
3500	1	9	9	0	0:00:02.085993
3520	1	1	1	1	0:00:02.094276
3540	6	6	3	1	0:00:02.097971
3560	1	9	1	0	0:00:02.088250
3580	4	4	4	1	0:00:02.079901
3600	4	2	2	0	0:00:02.078494
3620	0	0	0	1	0:00:02.080124
3640	6	2	6	0	0:00:02.080007
3660	0	0	8	1	0:00:02.092916
3680	0	4	0	0	0:00:02.088584
3700	3	3	3	1	0:00:02.080763
3720	2	2	2	1	0:00:02.081608
3740	0	0	0	1	0:00:02.081229
3760	7	7	7	1	0:00:02.086818
3780	4	4	2	1	0:00:02.078218
3800	9	9	9	1	0:00:02.090665
3820	0	0	0	1	0:00:02.087454
3840	6	3	3	0	0:00:02.090292
3860	7	7	7	1	0:00:02.090289
3880	6	6	5	1	0:00:02.086239
3900	3	6	6	0	0:00:02.102040
3920	7	7	7	1	0:00:02.107707
3940	6	2	2	0	0:00:02.100995
3960	2	2	2	1	0:00:02.088266
3980	9	9	9	1	0:00:02.090148
4000	8	4	8	0	0:00:02.085781
4020	8	8	8	1	0:00:02.092137
4040	0	0	0	1	0:00:02.091516
4060	6	6	6	1	0:00:02.089711
4080	1	1	1	1	0:00:02.096561
4100	7	7	7	1	0:00:02.088444
4120	4	4	4	1	0:00:02.085452
4140	5	5	5	1	0:00:02.096270
4160	5	3	2	0	0:00:02.093091
4180	0	8	8	0	0:00:02.093884
4200	4	4	2	1	0:00:02.096279
4220	4	0	0	0	0:00:02.096011
4240	7	0	0	0	0:00:02.089759
4260	8	8	8	1	0:00:02.091379
4280	8	0	8	0	0:00:02.091772
4300	8	8	8	1	0:00:02.081945
4320	1	9	8	0	0:00:02.082460
4340	0	0	0	1	0:00:02.078950
4360	6	6	6	1	0:00:02.083905
4380	9	9	9	1	0:00:02.088938
4400	3	-1	5	0	0:00:02.079694
4420	5	5	5	1	0:00:02.080322
4440	2	2	2	1	0:00:02.090061
4460	9	9	9	1	0:00:02.080385
4480	9	9	9	1	0:00:02.085537
4500	3	5	3	0	0:00:02.100604
4520	3	3	3	1	0:00:02.104206
4540	9	9	9	1	0:00:02.089225
4560	1	1	1	1	0:00:02.093097
4580	6	6	4	1	0:00:02.081455
4600	4	4	4	1	0:00:02.089038
4620	7	3	3	0	0:00:02.086391
4640	2	2	2	1	0:00:02.077754
4660	7	4	4	0	0:00:02.081592
4680	9	9	9	1	0:00:02.080815
4700	6	5	5	0	0:00:02.090513
4720	8	8	8	1	0:00:02.085392
4740	5	3	3	0	0:00:02.102083
4760	3	2	2	0	0:00:02.100137
4780	0	0	0	1	0:00:02.097862
4800	9	9	9	1	0:00:02.093680
4820	3	3	3	1	0:00:02.093820
4840	0	0	0	1	0:00:02.086586
4860	5	5	5	1	0:00:02.091238
4880	0	8	8	0	0:00:02.093305
4900	3	3	3	1	0:00:02.092960
4920	7	7	7	1	0:00:02.083998
4940	6	6	4	1	0:00:02.092877
4960	4	4	3	1	0:00:02.091872
4980	1	9	9	0	0:00:02.086459
5000	7	7	7	1	0:00:02.091897
5020	8	8	8	1	0:00:02.097982
5040	3	3	3	1	0:00:02.078150
5060	6	6	2	1	0:00:02.097303
5080	7	7	7	1	0:00:02.099473
5100	3	3	3	1	0:00:02.109767
5120	9	9	8	1	0:00:02.086683
5140	8	8	8	1	0:00:02.084151
5160	0	0	8	1	0:00:02.089799
5180	9	7	7	0	0:00:02.089410
5200	3	3	3	1	0:00:02.086718
5220	0	0	0	1	0:00:02.088978
5240	1	1	1	1	0:00:02.091658
5260	0	0	0	1	0:00:02.079799
5280	0	4	4	0	0:00:02.081993
5300	9	9	9	1	0:00:02.082156
5320	7	7	7	1	0:00:02.082043
5340	3	4	4	0	0:00:02.086661
5360	9	9	9	1	0:00:02.078542
5380	1	9	9	0	0:00:02.086174
5400	9	9	9	1	0:00:02.091018
5420	6	6	6	1	0:00:02.086231
5440	9	9	9	1	0:00:02.097631
5460	0	0	0	1	0:00:02.085010
5480	1	1	1	1	0:00:02.090190
5500	8	8	8	1	0:00:02.087101
5520	4	4	4	1	0:00:02.098322
5540	5	5	5	1	0:00:02.087801
5560	3	5	5	0	0:00:02.084275
5580	5	6	3	0	0:00:02.085498
5600	6	6	3	1	0:00:02.079286
5620	3	6	2	0	0:00:02.086522
5640	2	5	2	0	0:00:02.096977
5660	9	9	8	1	0:00:02.093722
5680	2	3	3	0	0:00:02.085861
5700	3	3	3	1	0:00:02.083574
5720	9	9	9	1	0:00:02.082637
5740	6	6	2	1	0:00:02.089049
5760	2	2	2	1	0:00:02.077076
5780	7	7	7	1	0:00:02.075503
5800	2	2	2	1	0:00:02.080287
5820	5	5	5	1	0:00:02.086592
5840	2	2	2	1	0:00:02.098183
5860	0	0	0	1	0:00:02.089936
5880	0	0	0	1	0:00:02.087882
5900	4	3	0	0	0:00:02.096870
5920	8	8	8	1	0:00:02.091187
5940	7	7	3	1	0:00:02.093392
5960	2	6	2	0	0:00:02.088493
5980	9	9	9	1	0:00:02.093957
6000	8	8	8	1	0:00:02.088489
6020	6	6	6	1	0:00:02.090791
6040	2	5	2	0	0:00:02.086688
6060	3	4	5	0	0:00:02.091667
6080	1	1	1	1	0:00:02.103393
6100	1	1	1	1	0:00:02.089549
6120	5	5	5	1	0:00:02.090828
6140	9	9	9	1	0:00:02.090731
6160	2	5	2	0	0:00:02.086379
6180	0	0	0	1	0:00:02.095813
6200	3	2	2	0	0:00:02.092913
6220	2	5	5	0	0:00:02.088011
6240	2	2	2	1	0:00:02.094163
6260	2	2	2	1	0:00:02.086975
6280	8	5	5	0	0:00:02.089342
6300	1	1	1	1	0:00:02.086334
6320	0	0	0	1	0:00:02.075701
6340	3	-1	3	0	0:00:02.093547
6360	2	2	2	1	0:00:02.088644
6380	3	6	3	0	0:00:02.101758
6400	0	0	0	1	0:00:02.085086
6420	7	7	7	1	0:00:02.089160
6440	3	-1	2	0	0:00:02.081730
6460	3	3	3	1	0:00:02.093328
6480	0	0	0	1	0:00:02.090758
6500	7	6	8	0	0:00:02.092137
6520	6	6	2	1	0:00:02.096918
6540	8	8	8	1	0:00:02.088550
6560	6	6	5	1	0:00:02.085670
6580	1	8	8	0	0:00:02.096861
6600	7	7	7	1	0:00:02.107681
6620	7	7	7	1	0:00:02.088930
6640	5	3	3	0	0:00:02.098813
6660	0	0	0	1	0:00:02.087912
6680	3	5	5	0	0:00:02.082818
6700	6	6	6	1	0:00:02.095888
6720	2	2	2	1	0:00:02.087167
6740	2	4	4	0	0:00:02.086535
6760	5	5	5	1	0:00:02.086004
6780	7	7	7	1	0:00:02.094457
6800	6	4	4	0	0:00:02.093412
6820	1	1	1	1	0:00:02.088449
6840	9	9	9	1	0:00:02.080125
6860	0	0	0	1	0:00:02.088081
6880	2	2	2	1	0:00:02.088214
6900	3	3	3	1	0:00:02.089419
6920	5	4	2	0	0:00:02.091411
6940	1	1	1	1	0:00:02.110309
6960	9	9	8	1	0:00:02.087095
6980	0	0	0	1	0:00:02.088835
7000	2	0	8	0	0:00:02.087968
7020	7	7	7	1	0:00:02.089352
7040	7	8	8	0	0:00:02.093696
7060	8	8	8	1	0:00:02.097526
7080	5	4	4	0	0:00:02.090675
7100	9	3	3	0	0:00:02.086370
7120	7	7	7	1	0:00:02.081911
7140	4	4	3	1	0:00:02.085708
7160	5	5	5	1	0:00:02.086544
7180	6	6	3	1	0:00:02.081789
7200	4	4	2	1	0:00:02.074893
7220	9	9	9	1	0:00:02.079620
7240	0	0	8	1	0:00:02.091876
7260	1	1	1	1	0:00:02.082555
7280	1	1	3	1	0:00:02.082744
7300	3	4	5	0	0:00:02.086519
7320	8	0	0	0	0:00:02.084646
7340	2	2	0	1	0:00:02.077067
7360	2	2	2	1	0:00:02.089160
7380	7	7	7	1	0:00:02.093935
7400	3	5	5	0	0:00:02.096835
7420	3	4	4	0	0:00:02.091294
7440	3	3	3	1	0:00:02.083085
7460	5	5	5	1	0:00:02.084147
7480	1	1	1	1	0:00:02.087550
7500	6	6	6	1	0:00:02.087565
7520	4	4	4	1	0:00:02.093407
7540	5	5	5	1	0:00:02.086750
7560	0	0	0	1	0:00:02.089586
7580	8	8	8	1	0:00:02.085504
7600	8	2	2	0	0:00:02.086232
7620	5	3	3	0	0:00:02.084968
7640	9	8	8	0	0:00:02.087586
7660	7	7	4	1	0:00:02.088315
7680	3	5	5	0	0:00:02.088695
7700	6	6	6	1	0:00:02.083070
7720	5	2	2	0	0:00:02.088448
7740	4	4	2	1	0:00:02.085270
7760	2	0	8	0	0:00:02.086179
7780	3	8	8	0	0:00:02.099105
7800	0	0	0	1	0:00:02.091212
7820	5	5	0	1	0:00:02.091473
7840	1	1	1	1	0:00:02.087561
7860	8	8	8	1	0:00:02.095081
7880	0	0	0	1	0:00:02.089585
7900	0	4	8	0	0:00:02.096961
7920	9	9	9	1	0:00:02.088499
7940	2	6	2	0	0:00:02.112725
7960	0	3	0	0	0:00:02.110247
7980	3	3	3	1	0:00:02.094357
8000	9	9	9	1	0:00:02.083108
8020	6	7	3	0	0:00:02.091494
8040	2	2	2	1	0:00:02.086606
8060	6	6	6	1	0:00:02.091195
8080	4	4	3	1	0:00:02.085842
8100	6	2	2	0	0:00:02.112578
8120	8	9	8	0	0:00:02.087973
8140	5	7	3	0	0:00:02.085808
8160	6	6	6	1	0:00:02.085779
8180	4	4	4	1	0:00:02.091483
8200	3	6	3	0	0:00:02.090042
8220	6	5	5	0	0:00:02.089253
8240	7	7	7	1	0:00:02.085027
8260	1	1	1	1	0:00:02.084405
8280	4	4	4	1	0:00:02.080072
8300	5	4	2	0	0:00:02.087967
8320	7	7	7	1	0:00:02.085210
8340	5	3	5	0	0:00:02.078362
8360	7	7	7	1	0:00:02.088014
8380	9	9	9	1	0:00:02.086674
8400	0	0	0	1	0:00:02.086695
8420	3	6	6	0	0:00:02.091739
8440	5	3	3	0	0:00:02.088886
8460	8	8	8	1	0:00:02.089547
8480	2	2	2	1	0:00:02.086232
8500	4	4	4	1	0:00:02.099996
8520	8	8	8	1	0:00:02.095487
8540	4	2	2	0	0:00:02.103920
8560	7	7	7	1	0:00:02.082493
8580	3	5	5	0	0:00:02.084954
8600	3	2	2	0	0:00:02.080871
8620	3	2	5	0	0:00:02.087933
8640	1	1	1	1	0:00:02.084197
8660	7	7	7	1	0:00:02.100523
8680	3	7	3	0	0:00:02.092806
8700	3	3	3	1	0:00:02.098454
8720	2	0	0	0	0:00:02.090254
8740	2	2	5	1	0:00:02.088078
8760	8	8	8	1	0:00:02.095657
8780	4	4	4	1	0:00:02.099603
8800	0	0	0	1	0:00:02.089369
8820	2	2	2	1	0:00:02.100344
8840	2	2	2	1	0:00:02.092959
8860	2	2	2	1	0:00:02.090829
8880	1	1	1	1	0:00:02.093078
8900	2	4	4	0	0:00:02.084760
8920	6	6	3	1	0:00:02.083578
8940	6	3	3	0	0:00:02.084484
8960	0	-1	2	0	0:00:02.082502
8980	9	9	9	1	0:00:02.089995
9000	8	8	8	1	0:00:02.091573
9020	7	7	7	1	0:00:02.093781
9040	2	5	5	0	0:00:02.079667
9060	9	9	9	1	0:00:02.088194
9080	3	-1	3	0	0:00:02.090606
9100	9	1	1	0	0:00:02.100224
9120	3	0	3	0	0:00:02.088224
9140	7	7	4	1	0:00:02.085802
9160	5	3	3	0	0:00:02.084446
9180	5	5	5	1	0:00:02.080676
9200	8	8	8	1	0:00:02.084386
9220	8	8	8	1	0:00:02.095318
9240	8	8	8	1	0:00:02.087809
9260	5	5	5	1	0:00:02.087246
9280	9	8	8	0	0:00:02.076165
9300	5	2	2	0	0:00:02.083300
9320	9	9	9	1	0:00:02.084538
9340	1	1	1	1	0:00:02.083220
9360	5	0	0	0	0:00:02.089129
9380	5	3	3	0	0:00:02.082818
9400	6	6	6	1	0:00:02.089385
9420	5	5	5	1	0:00:02.090387
9440	8	8	8	1	0:00:02.081854
9460	3	7	7	0	0:00:02.088795
9480	2	2	2	1	0:00:02.095611
9500	9	9	2	1	0:00:02.094312
9520	1	1	1	1	0:00:02.101845
9540	5	5	5	1	0:00:02.104738
9560	9	7	3	0	0:00:02.083656
9580	1	1	1	1	0:00:02.084792
9600	8	8	8	1	0:00:02.085122
9620	4	4	4	1	0:00:02.092041
9640	5	5	5	1	0:00:02.084049
9660	6	6	6	1	0:00:02.091422
9680	8	8	8	1	0:00:02.092957
9700	0	0	0	1	0:00:02.091705
9720	8	6	8	0	0:00:02.092467
9740	3	6	2	0	0:00:02.087542
9760	9	5	5	0	0:00:02.086251
9780	4	4	2	1	0:00:02.088571
9800	1	1	1	1	0:00:02.084971
9820	0	8	8	0	0:00:02.087775
9840	4	7	7	0	0:00:02.091873
9860	0	3	8	0	0:00:02.096116
9880	7	8	7	0	0:00:02.091727
9900	8	8	8	1	0:00:02.087856
9920	6	6	6	1	0:00:02.087418
9940	4	5	5	0	0:00:02.085227
9960	2	0	0	0	0:00:02.089350
9980	0	0	0	1	0:00:02.103812
