idx	label	predict	basePredict	correct	time
0	3	2	2	0	0:00:01.399060
20	7	1	9	0	0:00:01.282755
40	4	8	8	0	0:00:01.283170
60	7	7	4	1	0:00:01.262839
80	8	8	8	1	0:00:01.262002
100	4	3	4	0	0:00:01.258945
120	8	8	8	1	0:00:01.335083
140	6	2	2	0	0:00:01.284606
160	2	0	2	0	0:00:01.225955
180	0	-1	8	0	0:00:01.214712
200	5	-1	3	0	0:00:01.195631
220	7	7	7	1	0:00:01.216801
240	1	1	8	1	0:00:01.260731
260	8	3	3	0	0:00:01.245846
280	9	9	8	1	0:00:01.239596
300	6	7	4	0	0:00:01.271080
320	3	2	2	0	0:00:01.283194
340	2	4	4	0	0:00:01.269173
360	9	7	6	0	0:00:01.265422
380	6	-1	4	0	0:00:01.260890
400	9	-1	8	0	0:00:01.258338
420	4	6	6	0	0:00:01.269678
440	1	-1	9	0	0:00:01.260882
460	5	-1	3	0	0:00:01.287557
480	8	9	9	0	0:00:01.299022
500	4	6	6	0	0:00:01.262753
520	5	7	7	0	0:00:01.266357
540	1	9	8	0	0:00:01.259817
560	0	-1	8	0	0:00:01.270271
580	4	6	4	0	0:00:01.274370
600	8	-1	8	0	0:00:01.255543
620	7	6	4	0	0:00:01.274669
640	5	3	3	0	0:00:01.255569
660	9	9	8	1	0:00:01.257330
680	9	7	4	0	0:00:01.229095
700	7	-1	4	0	0:00:01.221450
720	4	9	9	0	0:00:01.235520
740	2	5	3	0	0:00:01.215594
760	3	9	9	0	0:00:01.247966
780	9	-1	0	0	0:00:01.242994
800	7	7	7	1	0:00:01.222071
820	6	-1	8	0	0:00:01.203155
840	7	7	7	1	0:00:01.205398
860	4	4	4	1	0:00:01.222691
880	8	8	8	1	0:00:01.195169
900	2	6	4	0	0:00:01.203402
920	6	-1	2	0	0:00:01.187784
940	9	9	7	1	0:00:01.235749
960	9	9	4	1	0:00:01.231694
980	2	6	6	0	0:00:01.236238
1000	5	5	5	1	0:00:01.143894
1020	1	-1	8	0	0:00:01.130875
1040	7	5	5	0	0:00:01.150377
1060	9	9	8	1	0:00:01.164961
1080	6	6	6	1	0:00:01.166983
1100	7	8	8	0	0:00:01.159324
1120	5	2	2	0	0:00:01.163549
1140	6	4	4	0	0:00:01.156120
1160	8	0	0	0	0:00:01.192547
1180	3	3	8	1	0:00:01.179031
1200	8	0	0	0	0:00:01.173546
1220	9	6	6	0	0:00:01.167005
1240	2	6	6	0	0:00:01.148573
1260	1	9	9	0	0:00:01.157469
1280	3	7	7	0	0:00:01.157426
1300	4	3	3	0	0:00:01.161191
1320	7	2	2	0	0:00:01.151048
1340	1	1	8	1	0:00:01.136269
1360	7	7	4	1	0:00:01.110261
1380	4	5	5	0	0:00:01.101127
1400	5	-1	2	0	0:00:01.106647
1420	4	7	7	0	0:00:01.121561
1440	0	8	8	0	0:00:01.130042
1460	6	-1	4	0	0:00:01.121271
1480	1	-1	5	0	0:00:01.128744
1500	1	9	8	0	0:00:01.117031
1520	7	-1	2	0	0:00:01.152355
1540	8	8	8	1	0:00:01.161737
1560	7	7	7	1	0:00:01.160222
1580	6	1	1	0	0:00:01.171571
1600	8	9	6	0	0:00:01.161484
1620	5	8	8	0	0:00:01.161437
1640	7	5	3	0	0:00:01.157950
1660	3	-1	4	0	0:00:01.164139
1680	6	6	6	1	0:00:01.165241
1700	5	2	2	0	0:00:01.189698
1720	4	2	2	0	0:00:01.163162
1740	1	9	9	0	0:00:01.171754
1760	0	8	8	0	0:00:01.178916
1780	7	-1	8	0	0:00:01.171325
1800	4	8	8	0	0:00:01.170066
1820	8	9	8	0	0:00:01.177572
1840	8	9	4	0	0:00:01.174472
1860	8	8	8	1	0:00:01.152028
1880	1	8	8	0	0:00:01.188170
1900	8	8	8	1	0:00:01.177734
1920	2	5	2	0	0:00:01.180717
1940	5	3	3	0	0:00:01.176367
1960	2	5	5	0	0:00:01.170018
1980	9	9	2	1	0:00:01.172714
2000	1	6	4	0	0:00:01.156877
2020	9	9	9	1	0:00:01.153345
2040	0	8	8	0	0:00:01.148693
2060	5	5	3	1	0:00:01.147467
2080	1	6	4	0	0:00:01.141114
2100	2	4	4	0	0:00:01.162046
2120	4	8	8	0	0:00:01.146192
2140	9	1	1	0	0:00:01.144966
2160	0	8	8	0	0:00:01.189093
2180	4	-1	4	0	0:00:01.156502
2200	0	2	2	0	0:00:01.159810
2220	1	1	4	1	0:00:01.196154
2240	9	9	8	1	0:00:01.178602
2260	4	7	4	0	0:00:01.186510
2280	4	8	8	0	0:00:01.183012
2300	3	2	4	0	0:00:01.135185
2320	5	-1	8	0	0:00:01.186488
2340	7	7	7	1	0:00:01.189822
2360	7	5	3	0	0:00:01.189490
2380	8	0	0	0	0:00:01.163302
2400	0	-1	4	0	0:00:01.154345
2420	8	5	5	0	0:00:01.177837
2440	7	-1	8	0	0:00:01.189029
2460	9	3	3	0	0:00:01.174190
2480	8	8	8	1	0:00:01.139256
2500	4	-1	2	0	0:00:01.161157
2520	1	9	8	0	0:00:01.164693
2540	2	3	3	0	0:00:01.132861
2560	7	-1	2	0	0:00:01.166082
2580	6	4	4	0	0:00:01.139795
2600	8	8	8	1	0:00:01.180133
2620	1	4	4	0	0:00:01.156228
2640	7	-1	6	0	0:00:01.184827
2660	3	4	2	0	0:00:01.143020
2680	0	0	0	1	0:00:01.154664
2700	9	-1	0	0	0:00:01.162201
2720	3	2	2	0	0:00:01.140017
2740	1	1	9	1	0:00:01.138392
2760	2	4	4	0	0:00:01.140523
2780	7	7	6	1	0:00:01.168356
2800	4	6	6	0	0:00:01.160594
2820	6	6	4	1	0:00:01.188416
2840	3	3	3	1	0:00:01.137752
2860	5	7	4	0	0:00:01.166962
2880	4	4	4	1	0:00:01.160817
2900	3	2	2	0	0:00:01.141164
2920	2	5	5	0	0:00:01.194479
2940	3	0	0	0	0:00:01.180624
2960	9	7	8	0	0:00:01.201898
2980	8	1	8	0	0:00:01.163633
3000	5	5	5	1	0:00:01.185067
3020	1	1	8	1	0:00:01.162924
3040	7	7	7	1	0:00:01.124149
3060	7	7	7	1	0:00:01.142144
3080	1	-1	2	0	0:00:01.147249
3100	0	0	0	1	0:00:01.187389
3120	4	6	2	0	0:00:01.145746
3140	8	8	8	1	0:00:01.166753
3160	6	4	4	0	0:00:01.179290
3180	3	9	8	0	0:00:01.158645
3200	5	7	7	0	0:00:01.164972
3220	3	9	9	0	0:00:01.191637
3240	4	1	8	0	0:00:01.190966
3260	7	0	0	0	0:00:01.170297
3280	3	5	0	0	0:00:01.164480
3300	4	6	4	0	0:00:01.186978
3320	2	7	7	0	0:00:01.174392
3340	6	-1	4	0	0:00:01.160053
3360	4	6	6	0	0:00:01.138833
3380	8	1	8	0	0:00:01.167120
3400	6	4	4	0	0:00:01.161536
3420	5	4	4	0	0:00:01.148998
3440	2	9	3	0	0:00:01.137197
3460	1	1	4	1	0:00:01.166044
3480	2	2	2	1	0:00:01.165678
3500	1	1	4	1	0:00:01.138797
3520	1	1	1	1	0:00:01.160859
3540	6	-1	6	0	0:00:01.138309
3560	1	9	0	0	0:00:01.151327
3580	4	1	8	0	0:00:01.147036
3600	4	2	2	0	0:00:01.126657
3620	0	6	6	0	0:00:01.161762
3640	6	2	2	0	0:00:01.164025
3660	0	8	8	0	0:00:01.175516
3680	0	2	2	0	0:00:01.136146
3700	3	-1	4	0	0:00:01.183473
3720	2	2	2	1	0:00:01.172003
3740	0	-1	8	0	0:00:01.186338
3760	7	7	7	1	0:00:01.169549
3780	4	-1	2	0	0:00:01.181385
3800	9	3	3	0	0:00:01.174285
3820	0	2	2	0	0:00:01.153908
3840	6	-1	3	0	0:00:01.155650
3860	7	7	7	1	0:00:01.133114
3880	6	4	4	0	0:00:01.189155
3900	3	-1	1	0	0:00:01.132881
3920	7	-1	8	0	0:00:01.148016
3940	6	7	4	0	0:00:01.137359
3960	2	5	5	0	0:00:01.129072
3980	9	7	7	0	0:00:01.161437
4000	8	7	4	0	0:00:01.160610
4020	8	1	8	0	0:00:01.175270
4040	0	0	0	1	0:00:01.188807
4060	6	3	3	0	0:00:01.201420
4080	1	8	8	0	0:00:01.142484
4100	7	7	7	1	0:00:01.137944
4120	4	0	0	0	0:00:01.157689
4140	5	3	3	0	0:00:01.136235
4160	5	2	2	0	0:00:01.186475
4180	0	-1	8	0	0:00:01.168086
4200	4	2	2	0	0:00:01.180786
4220	4	0	0	0	0:00:01.166297
4240	7	0	0	0	0:00:01.191689
4260	8	1	1	0	0:00:01.157762
4280	8	-1	8	0	0:00:01.148283
4300	8	8	8	1	0:00:01.208387
4320	1	8	8	0	0:00:01.188890
4340	0	8	8	0	0:00:01.175987
4360	6	9	9	0	0:00:01.172500
4380	9	-1	8	0	0:00:01.145983
4400	3	4	4	0	0:00:01.167089
4420	5	8	8	0	0:00:01.187938
4440	2	6	2	0	0:00:01.167400
4460	9	1	8	0	0:00:01.181543
4480	9	-1	3	0	0:00:01.171036
4500	3	6	6	0	0:00:01.129611
4520	3	6	6	0	0:00:01.155305
4540	9	9	9	1	0:00:01.137282
4560	1	1	4	1	0:00:01.158105
4580	6	4	4	0	0:00:01.153065
4600	4	7	4	0	0:00:01.204625
4620	7	3	3	0	0:00:01.153548
4640	2	3	4	0	0:00:01.162365
4660	7	-1	2	0	0:00:01.136310
4680	9	1	1	0	0:00:01.156514
4700	6	1	4	0	0:00:01.174348
4720	8	0	0	0	0:00:01.158359
4740	5	-1	4	0	0:00:01.190509
4760	3	-1	8	0	0:00:01.172253
4780	0	-1	8	0	0:00:01.184669
4800	9	9	9	1	0:00:01.155015
4820	3	5	5	0	0:00:01.163165
4840	0	0	0	1	0:00:01.154570
4860	5	3	3	0	0:00:01.147293
4880	0	2	2	0	0:00:01.138762
4900	3	6	6	0	0:00:01.127309
4920	7	7	4	1	0:00:01.118252
4940	6	4	4	0	0:00:01.145474
4960	4	3	3	0	0:00:01.178640
4980	1	9	9	0	0:00:01.145905
5000	7	7	7	1	0:00:01.166240
5020	8	1	8	0	0:00:01.162043
5040	3	7	4	0	0:00:01.163308
5060	6	2	4	0	0:00:01.135296
5080	7	7	7	1	0:00:01.164018
5100	3	3	3	1	0:00:01.150083
5120	9	8	8	0	0:00:01.174483
5140	8	8	8	1	0:00:01.185715
5160	0	8	8	0	0:00:01.170058
5180	9	6	4	0	0:00:01.164074
5200	3	3	3	1	0:00:01.168223
5220	0	0	0	1	0:00:01.167685
5240	1	9	2	0	0:00:01.162331
5260	0	0	0	1	0:00:01.160957
5280	0	8	8	0	0:00:01.164719
5300	9	1	1	0	0:00:01.156092
5320	7	0	3	0	0:00:01.198934
5340	3	4	4	0	0:00:01.173821
5360	9	9	3	1	0:00:01.135138
5380	1	9	9	0	0:00:01.145215
5400	9	-1	8	0	0:00:01.133648
5420	6	-1	6	0	0:00:01.145022
5440	9	9	9	1	0:00:01.137267
5460	0	7	7	0	0:00:01.138718
5480	1	1	4	1	0:00:01.133844
5500	8	1	8	0	0:00:01.169568
5520	4	-1	3	0	0:00:01.163437
5540	5	6	2	0	0:00:01.153490
5560	3	6	6	0	0:00:01.171507
5580	5	6	6	0	0:00:01.168937
5600	6	9	0	0	0:00:01.165581
5620	3	2	2	0	0:00:01.157298
5640	2	5	3	0	0:00:01.153565
5660	9	-1	8	0	0:00:01.164333
5680	2	1	8	0	0:00:01.168660
5700	3	-1	2	0	0:00:01.168925
5720	9	9	9	1	0:00:01.179898
5740	6	4	4	0	0:00:01.166728
5760	2	-1	2	0	0:00:01.168293
5780	7	7	4	1	0:00:01.162826
5800	2	-1	4	0	0:00:01.173274
5820	5	6	6	0	0:00:01.169316
5840	2	6	6	0	0:00:01.157194
5860	0	8	8	0	0:00:01.193154
5880	0	8	8	0	0:00:01.163957
5900	4	3	4	0	0:00:01.156543
5920	8	8	8	1	0:00:01.158735
5940	7	4	4	0	0:00:01.149183
5960	2	-1	4	0	0:00:01.155680
5980	9	9	6	1	0:00:01.156042
6000	8	9	8	0	0:00:01.161936
6020	6	7	6	0	0:00:01.155351
6040	2	7	7	0	0:00:01.192092
6060	3	4	4	0	0:00:01.159882
6080	1	9	6	0	0:00:01.161183
6100	1	1	8	1	0:00:01.159928
6120	5	-1	5	0	0:00:01.162123
6140	9	9	9	1	0:00:01.157280
6160	2	5	5	0	0:00:01.154024
6180	0	9	8	0	0:00:01.162308
6200	3	9	3	0	0:00:01.142351
6220	2	6	5	0	0:00:01.170953
6240	2	-1	4	0	0:00:01.171008
6260	2	9	8	0	0:00:01.165611
6280	8	5	4	0	0:00:01.154626
6300	1	7	4	0	0:00:01.154091
6320	0	0	0	1	0:00:01.171779
6340	3	3	3	1	0:00:01.166950
6360	2	6	2	0	0:00:01.160354
6380	3	6	6	0	0:00:01.112327
6400	0	1	4	0	0:00:01.103457
6420	7	8	8	0	0:00:01.171933
6440	3	9	8	0	0:00:01.155509
6460	3	1	4	0	0:00:01.173507
6480	0	5	2	0	0:00:01.161043
6500	7	0	8	0	0:00:01.159520
6520	6	-1	4	0	0:00:01.155399
6540	8	8	8	1	0:00:01.157615
6560	6	-1	4	0	0:00:01.164045
6580	1	2	2	0	0:00:01.169980
6600	7	7	7	1	0:00:01.112088
6620	7	7	4	1	0:00:01.098313
6640	5	-1	8	0	0:00:01.087800
6660	0	0	8	1	0:00:01.101749
6680	3	5	5	0	0:00:01.090316
6700	6	-1	2	0	0:00:01.090921
6720	2	4	2	0	0:00:01.092890
6740	2	6	4	0	0:00:01.104912
6760	5	3	6	0	0:00:01.087751
6780	7	7	7	1	0:00:01.127331
6800	6	2	4	0	0:00:01.110064
6820	1	1	8	1	0:00:01.124728
6840	9	9	9	1	0:00:01.121639
6860	0	2	2	0	0:00:01.152858
6880	2	7	6	0	0:00:01.161067
6900	3	7	4	0	0:00:01.168297
6920	5	2	2	0	0:00:01.159864
6940	1	1	1	1	0:00:01.150676
6960	9	8	8	0	0:00:01.172076
6980	0	-1	8	0	0:00:01.117793
7000	2	8	8	0	0:00:01.115026
7020	7	1	8	0	0:00:01.115547
7040	7	8	8	0	0:00:01.110063
7060	8	0	8	0	0:00:01.106824
7080	5	4	4	0	0:00:01.136115
7100	9	3	3	0	0:00:01.116949
7120	7	-1	6	0	0:00:01.099150
7140	4	3	4	0	0:00:01.101329
7160	5	4	4	0	0:00:01.117837
7180	6	6	6	1	0:00:01.094049
7200	4	6	2	0	0:00:01.097398
7220	9	9	8	1	0:00:01.107776
7240	0	8	8	0	0:00:01.121016
7260	1	8	8	0	0:00:01.176463
7280	1	6	6	0	0:00:01.142288
7300	3	7	7	0	0:00:01.184711
7320	8	0	0	0	0:00:01.157350
7340	2	4	4	0	0:00:01.187595
7360	2	7	4	0	0:00:01.166939
7380	7	-1	7	0	0:00:01.171074
7400	3	3	3	1	0:00:01.177840
7420	3	0	0	0	0:00:01.131304
7440	3	6	2	0	0:00:01.179390
7460	5	5	5	1	0:00:01.159956
7480	1	8	5	0	0:00:01.165076
7500	6	6	6	1	0:00:01.179814
7520	4	6	4	0	0:00:01.156877
7540	5	5	5	1	0:00:01.183836
7560	0	9	8	0	0:00:01.149407
7580	8	-1	8	0	0:00:01.158237
7600	8	9	8	0	0:00:01.128002
7620	5	-1	4	0	0:00:01.167150
7640	9	9	8	1	0:00:01.165509
7660	7	-1	4	0	0:00:01.162836
7680	3	9	3	0	0:00:01.161344
7700	6	6	4	1	0:00:01.205070
7720	5	-1	4	0	0:00:01.166432
7740	4	6	2	0	0:00:01.136585
7760	2	9	6	0	0:00:01.139813
7780	3	1	8	0	0:00:01.136891
7800	0	0	8	1	0:00:01.173908
7820	5	8	8	0	0:00:01.134121
7840	1	1	1	1	0:00:01.141698
7860	8	7	4	0	0:00:01.156198
7880	0	0	0	1	0:00:01.169609
7900	0	4	2	0	0:00:01.135414
7920	9	8	8	0	0:00:01.126136
7940	2	6	6	0	0:00:01.146814
7960	0	0	3	1	0:00:01.114253
7980	3	7	4	0	0:00:01.141912
8000	9	9	0	1	0:00:01.121704
8020	6	3	3	0	0:00:01.112269
8040	2	6	4	0	0:00:01.143788
8060	6	-1	4	0	0:00:01.153438
8080	4	6	6	0	0:00:01.156008
8100	6	2	2	0	0:00:01.122471
8120	8	9	8	0	0:00:01.158991
8140	5	4	4	0	0:00:01.173839
8160	6	9	6	0	0:00:01.120472
8180	4	4	2	1	0:00:01.123976
8200	3	-1	2	0	0:00:01.161494
8220	6	7	2	0	0:00:01.135947
8240	7	7	4	1	0:00:01.146996
8260	1	3	3	0	0:00:01.174399
8280	4	-1	3	0	0:00:01.158933
8300	5	2	2	0	0:00:01.102509
8320	7	3	4	0	0:00:01.158462
8340	5	3	4	0	0:00:01.163009
8360	7	7	4	1	0:00:01.166214
8380	9	8	8	0	0:00:01.169058
8400	0	8	8	0	0:00:01.147992
8420	3	-1	4	0	0:00:01.161610
8440	5	3	4	0	0:00:01.191148
8460	8	8	8	1	0:00:01.140422
8480	2	1	8	0	0:00:01.148755
8500	4	2	2	0	0:00:01.194516
8520	8	4	4	0	0:00:01.150431
8540	4	6	2	0	0:00:01.148961
8560	7	4	4	0	0:00:01.164352
8580	3	-1	2	0	0:00:01.121940
8600	3	7	4	0	0:00:01.164373
8620	3	7	4	0	0:00:01.176424
8640	1	1	8	1	0:00:01.128956
8660	7	5	5	0	0:00:01.164711
8680	3	9	8	0	0:00:01.117553
8700	3	3	3	1	0:00:01.137257
8720	2	0	0	0	0:00:01.167772
8740	2	4	4	0	0:00:01.146964
8760	8	8	8	1	0:00:01.132895
8780	4	7	4	0	0:00:01.128451
8800	0	0	0	1	0:00:01.187106
8820	2	3	3	0	0:00:01.119370
8840	2	1	1	0	0:00:01.163601
8860	2	6	6	0	0:00:01.170426
8880	1	9	6	0	0:00:01.122352
8900	2	6	4	0	0:00:01.143946
8920	6	6	6	1	0:00:01.161922
8940	6	3	3	0	0:00:01.154702
8960	0	0	0	1	0:00:01.144382
8980	9	9	8	1	0:00:01.191849
9000	8	8	8	1	0:00:01.154039
9020	7	9	8	0	0:00:01.151216
9040	2	5	5	0	0:00:01.118666
9060	9	5	5	0	0:00:01.145040
9080	3	0	0	0	0:00:01.137008
9100	9	6	6	0	0:00:01.181298
9120	3	0	0	0	0:00:01.169680
9140	7	-1	8	0	0:00:01.142036
9160	5	7	4	0	0:00:01.157410
9180	5	5	5	1	0:00:01.165135
9200	8	8	8	1	0:00:01.165763
9220	8	8	8	1	0:00:01.171674
9240	8	-1	8	0	0:00:01.164214
9260	5	6	5	0	0:00:01.171781
9280	9	1	8	0	0:00:01.154745
9300	5	-1	2	0	0:00:01.166446
9320	9	9	8	1	0:00:01.159138
9340	1	1	1	1	0:00:01.131719
9360	5	-1	4	0	0:00:01.116645
9380	5	9	3	0	0:00:01.104824
9400	6	4	4	0	0:00:01.152034
9420	5	6	6	0	0:00:01.167028
9440	8	8	8	1	0:00:01.165883
9460	3	7	6	0	0:00:01.175949
9480	2	4	4	0	0:00:01.156194
9500	9	1	4	0	0:00:01.119354
9520	1	1	1	1	0:00:01.146782
9540	5	3	4	0	0:00:01.158011
9560	9	7	7	0	0:00:01.127091
9580	1	4	4	0	0:00:01.166596
9600	8	8	8	1	0:00:01.151663
9620	4	7	7	0	0:00:01.191363
9640	5	0	6	0	0:00:01.196068
9660	6	6	6	1	0:00:01.158985
9680	8	8	8	1	0:00:01.126689
9700	0	0	2	1	0:00:01.120127
9720	8	1	4	0	0:00:01.144458
9740	3	-1	4	0	0:00:01.112807
9760	9	-1	4	0	0:00:01.093561
9780	4	6	4	0	0:00:01.101820
9800	1	1	1	1	0:00:01.122632
9820	0	8	8	0	0:00:01.106181
9840	4	5	5	0	0:00:01.138986
9860	0	5	8	0	0:00:01.095608
9880	7	4	4	0	0:00:01.117035
9900	8	0	8	0	0:00:01.104194
9920	6	4	2	0	0:00:01.093746
9940	4	-1	7	0	0:00:01.143498
9960	2	0	0	0	0:00:01.140235
9980	0	0	0	1	0:00:01.138633
