idx	label	predict	basePredict	correct	time
0	3	3	2	1	0:00:02.701168
20	7	7	7	1	0:00:02.649794
40	4	8	8	0	0:00:02.680391
60	7	7	4	1	0:00:02.679129
80	8	8	8	1	0:00:02.638968
100	4	4	4	1	0:00:02.635511
120	8	8	8	1	0:00:02.661666
140	6	2	2	0	0:00:02.857659
160	2	0	2	0	0:00:02.639881
180	0	0	0	1	0:00:02.642542
200	5	3	3	0	0:00:02.635997
220	7	7	7	1	0:00:02.641873
240	1	1	1	1	0:00:02.647201
260	8	3	3	0	0:00:02.648206
280	9	9	9	1	0:00:02.635599
300	6	6	4	1	0:00:02.636912
320	3	3	2	1	0:00:02.644435
340	2	4	4	0	0:00:02.643634
360	9	9	6	1	0:00:02.649997
380	6	6	4	1	0:00:02.653563
400	9	9	8	1	0:00:02.633282
420	4	4	4	1	0:00:02.642122
440	1	1	1	1	0:00:02.643972
460	5	5	5	1	0:00:02.644506
480	8	9	8	0	0:00:02.640584
500	4	6	4	0	0:00:02.646668
520	5	5	5	1	0:00:02.660885
540	1	9	8	0	0:00:02.666893
560	0	0	8	1	0:00:02.659685
580	4	4	4	1	0:00:02.632221
600	8	8	8	1	0:00:02.867264
620	7	7	4	1	0:00:02.642441
640	5	3	3	0	0:00:02.672149
660	9	9	9	1	0:00:02.640860
680	9	9	1	1	0:00:02.642351
700	7	7	4	1	0:00:02.643353
720	4	9	7	0	0:00:02.635900
740	2	5	2	0	0:00:02.653871
760	3	9	3	0	0:00:02.671143
780	9	9	8	1	0:00:02.648948
800	7	7	7	1	0:00:02.663865
820	6	-1	8	0	0:00:02.636687
840	7	7	7	1	0:00:02.648582
860	4	4	4	1	0:00:02.646110
880	8	8	8	1	0:00:02.637643
900	2	6	4	0	0:00:02.646440
920	6	6	2	1	0:00:02.638787
940	9	9	9	1	0:00:02.648823
960	9	9	9	1	0:00:02.635122
980	2	6	2	0	0:00:02.633326
1000	5	5	5	1	0:00:01.936457
1020	1	1	8	1	0:00:01.935878
1040	7	5	5	0	0:00:01.934750
1060	9	9	8	1	0:00:01.936474
1080	6	6	6	1	0:00:01.935247
1100	7	8	8	0	0:00:01.941438
1120	5	2	2	0	0:00:01.937460
1140	6	6	4	1	0:00:01.939014
1160	8	8	8	1	0:00:01.938152
1180	3	3	3	1	0:00:01.936785
1200	8	8	0	1	0:00:01.937536
1220	9	6	6	0	0:00:01.938757
1240	2	6	6	0	0:00:01.936637
1260	1	9	9	0	0:00:01.944282
1280	3	7	7	0	0:00:01.937687
1300	4	3	3	0	0:00:01.936144
1320	7	2	2	0	0:00:01.936074
1340	1	1	1	1	0:00:01.937315
1360	7	7	4	1	0:00:01.938204
1380	4	5	5	0	0:00:01.941083
1400	5	6	2	0	0:00:01.935638
1420	4	7	4	0	0:00:01.935590
1440	0	0	0	1	0:00:01.935387
1460	6	6	4	1	0:00:01.935070
1480	1	5	5	0	0:00:01.939260
1500	1	1	1	1	0:00:01.937259
1520	7	7	4	1	0:00:01.936012
1540	8	8	8	1	0:00:01.945190
1560	7	7	7	1	0:00:01.935743
1580	6	1	1	0	0:00:01.937910
1600	8	9	6	0	0:00:01.937887
1620	5	8	8	0	0:00:01.937361
1640	7	5	3	0	0:00:01.936154
1660	3	3	3	1	0:00:01.942280
1680	6	6	6	1	0:00:01.936224
1700	5	2	2	0	0:00:01.935197
1720	4	2	2	0	0:00:01.935762
1740	1	9	1	0	0:00:01.937595
1760	0	8	8	0	0:00:01.937884
1780	7	7	8	1	0:00:01.943080
1800	4	8	8	0	0:00:01.938048
1820	8	8	8	1	0:00:01.937072
1840	8	9	4	0	0:00:01.937158
1860	8	8	8	1	0:00:01.941683
1880	1	1	8	1	0:00:01.943044
1900	8	8	8	1	0:00:01.938678
1920	2	2	2	1	0:00:01.940173
1940	5	3	3	0	0:00:01.934976
1960	2	5	5	0	0:00:01.936090
1980	9	9	9	1	0:00:01.937063
2000	1	6	6	0	0:00:01.939357
2020	9	9	9	1	0:00:01.938271
2040	0	8	8	0	0:00:01.937188
2060	5	5	5	1	0:00:01.939464
2080	1	1	6	1	0:00:01.935333
2100	2	4	4	0	0:00:01.942937
2120	4	8	8	0	0:00:01.936384
2140	9	9	9	1	0:00:01.936063
2160	0	8	8	0	0:00:01.937875
2180	4	4	4	1	0:00:01.936393
2200	0	0	2	1	0:00:01.939845
2220	1	1	1	1	0:00:01.937068
2240	9	9	9	1	0:00:01.936275
2260	4	-1	4	0	0:00:01.938909
2280	4	8	8	0	0:00:01.937289
2300	3	6	4	0	0:00:01.939203
2320	5	2	8	0	0:00:01.936256
2340	7	7	7	1	0:00:01.937346
2360	7	7	7	1	0:00:01.938416
2380	8	8	8	1	0:00:01.940310
2400	0	0	0	1	0:00:01.938436
2420	8	1	5	0	0:00:01.938521
2440	7	7	7	1	0:00:01.939675
2460	9	9	3	1	0:00:01.943235
2480	8	8	8	1	0:00:01.937874
2500	4	2	2	0	0:00:01.937169
2520	1	1	8	1	0:00:01.940016
2540	2	3	3	0	0:00:01.947980
2560	7	7	4	1	0:00:01.936803
2580	6	4	4	0	0:00:01.940197
2600	8	8	8	1	0:00:01.937351
2620	1	1	4	1	0:00:01.940451
2640	7	7	4	1	0:00:01.936900
2660	3	-1	2	0	0:00:01.936561
2680	0	0	0	1	0:00:01.936772
2700	9	9	0	1	0:00:01.935573
2720	3	2	2	0	0:00:01.938661
2740	1	1	1	1	0:00:01.937053
2760	2	2	4	1	0:00:01.936672
2780	7	7	7	1	0:00:01.939238
2800	4	6	4	0	0:00:01.942246
2820	6	6	6	1	0:00:01.937006
2840	3	3	3	1	0:00:01.936884
2860	5	6	6	0	0:00:01.936540
2880	4	4	4	1	0:00:01.937286
2900	3	2	5	0	0:00:01.937970
2920	2	5	2	0	0:00:01.937090
2940	3	0	0	0	0:00:01.936252
2960	9	9	8	1	0:00:01.944405
2980	8	-1	8	0	0:00:01.937882
3000	5	5	5	1	0:00:01.937633
3020	1	1	8	1	0:00:01.939729
3040	7	7	7	1	0:00:01.938182
3060	7	7	7	1	0:00:01.938937
3080	1	7	4	0	0:00:01.939593
3100	0	0	0	1	0:00:01.938415
3120	4	6	2	0	0:00:01.938809
3140	8	8	8	1	0:00:01.938435
3160	6	4	4	0	0:00:01.939387
3180	3	-1	8	0	0:00:01.937589
3200	5	7	7	0	0:00:01.935549
3220	3	3	3	1	0:00:01.936809
3240	4	-1	8	0	0:00:01.936692
3260	7	0	0	0	0:00:01.937779
3280	3	5	0	0	0:00:01.936501
3300	4	-1	4	0	0:00:01.937959
3320	2	7	7	0	0:00:01.939042
3340	6	6	4	1	0:00:01.936723
3360	4	6	4	0	0:00:01.937460
3380	8	8	8	1	0:00:01.936778
3400	6	4	4	0	0:00:01.937773
3420	5	3	4	0	0:00:01.949638
3440	2	9	3	0	0:00:01.937124
3460	1	1	1	1	0:00:01.936389
3480	2	2	2	1	0:00:01.936845
3500	1	1	1	1	0:00:01.936854
3520	1	1	1	1	0:00:01.938499
3540	6	6	6	1	0:00:01.936946
3560	1	9	0	0	0:00:01.934678
3580	4	1	4	0	0:00:01.936845
3600	4	2	2	0	0:00:01.936854
3620	0	7	6	0	0:00:01.936951
3640	6	2	2	0	0:00:01.936676
3660	0	8	8	0	0:00:01.937266
3680	0	2	2	0	0:00:01.938163
3700	3	3	4	1	0:00:01.935323
3720	2	2	2	1	0:00:01.935264
3740	0	0	0	1	0:00:01.936092
3760	7	7	7	1	0:00:01.937807
3780	4	4	2	1	0:00:01.936939
3800	9	9	8	1	0:00:01.943791
3820	0	0	0	1	0:00:01.938121
3840	6	3	3	0	0:00:01.934952
3860	7	7	7	1	0:00:01.939253
3880	6	4	4	0	0:00:01.938622
3900	3	3	6	1	0:00:01.936304
3920	7	9	8	0	0:00:01.939270
3940	6	6	4	1	0:00:01.936104
3960	2	2	2	1	0:00:01.936408
3980	9	7	7	0	0:00:01.941457
4000	8	-1	0	0	0:00:01.935898
4020	8	1	8	0	0:00:01.936430
4040	0	0	0	1	0:00:01.937481
4060	6	3	3	0	0:00:01.937257
4080	1	8	8	0	0:00:01.938494
4100	7	7	7	1	0:00:01.940110
4120	4	0	4	0	0:00:01.937703
4140	5	3	3	0	0:00:01.938380
4160	5	2	2	0	0:00:01.937058
4180	0	0	8	1	0:00:01.949524
4200	4	4	2	1	0:00:01.939383
4220	4	0	0	0	0:00:01.939010
4240	7	0	0	0	0:00:01.940622
4260	8	8	8	1	0:00:01.937895
4280	8	8	8	1	0:00:01.938911
4300	8	8	8	1	0:00:01.943479
4320	1	8	8	0	0:00:01.937344
4340	0	0	8	1	0:00:01.939353
4360	6	9	6	0	0:00:01.937454
4380	9	9	8	1	0:00:01.940459
4400	3	4	4	0	0:00:01.938220
4420	5	8	8	0	0:00:01.937943
4440	2	2	2	1	0:00:01.939205
4460	9	1	8	0	0:00:01.951906
4480	9	9	3	1	0:00:01.946378
4500	3	3	6	1	0:00:01.942390
4520	3	6	6	0	0:00:01.938315
4540	9	9	9	1	0:00:01.939182
4560	1	1	4	1	0:00:01.940915
4580	6	4	4	0	0:00:01.940020
4600	4	7	4	0	0:00:01.939343
4620	7	3	3	0	0:00:01.938959
4640	2	4	4	0	0:00:01.942082
4660	7	4	2	0	0:00:01.943645
4680	9	1	1	0	0:00:01.939262
4700	6	1	4	0	0:00:01.939194
4720	8	0	0	0	0:00:01.938227
4740	5	3	3	0	0:00:01.941622
4760	3	3	4	1	0:00:01.938989
4780	0	0	0	1	0:00:01.938734
4800	9	9	9	1	0:00:01.937641
4820	3	5	5	0	0:00:01.939829
4840	0	0	0	1	0:00:01.944121
4860	5	5	5	1	0:00:01.942833
4880	0	2	2	0	0:00:01.938754
4900	3	6	6	0	0:00:01.943342
4920	7	7	7	1	0:00:01.940350
4940	6	6	2	1	0:00:01.938227
4960	4	6	4	0	0:00:01.939982
4980	1	9	8	0	0:00:01.940511
5000	7	7	7	1	0:00:01.938006
5020	8	8	8	1	0:00:01.938889
5040	3	3	4	1	0:00:01.937801
5060	6	6	4	1	0:00:01.938306
5080	7	7	7	1	0:00:01.939134
5100	3	3	3	1	0:00:01.937884
5120	9	9	8	1	0:00:01.937255
5140	8	8	8	1	0:00:01.937995
5160	0	0	8	1	0:00:01.938115
5180	9	7	4	0	0:00:01.938039
5200	3	3	3	1	0:00:01.937582
5220	0	0	0	1	0:00:01.937577
5240	1	9	2	0	0:00:01.937808
5260	0	0	0	1	0:00:01.937423
5280	0	8	8	0	0:00:01.942239
5300	9	9	9	1	0:00:01.940668
5320	7	7	7	1	0:00:01.938651
5340	3	4	4	0	0:00:01.937456
5360	9	9	9	1	0:00:01.938506
5380	1	9	9	0	0:00:01.937109
5400	9	9	8	1	0:00:01.942505
5420	6	6	6	1	0:00:01.937782
5440	9	9	9	1	0:00:01.937218
5460	0	7	7	0	0:00:01.941689
5480	1	1	8	1	0:00:01.938397
5500	8	1	8	0	0:00:01.936836
5520	4	3	3	0	0:00:01.935719
5540	5	6	2	0	0:00:01.937127
5560	3	6	5	0	0:00:01.937550
5580	5	6	6	0	0:00:01.941031
5600	6	-1	0	0	0:00:01.939386
5620	3	2	2	0	0:00:01.936581
5640	2	3	3	0	0:00:01.937073
5660	9	9	8	1	0:00:01.950289
5680	2	3	8	0	0:00:01.941879
5700	3	3	3	1	0:00:01.934658
5720	9	9	9	1	0:00:01.937270
5740	6	4	4	0	0:00:01.937305
5760	2	2	2	1	0:00:01.935042
5780	7	7	7	1	0:00:01.940509
5800	2	4	2	0	0:00:01.935513
5820	5	6	3	0	0:00:01.937715
5840	2	2	6	1	0:00:01.940934
5860	0	8	8	0	0:00:01.935426
5880	0	0	0	1	0:00:01.937320
5900	4	4	4	1	0:00:01.935579
5920	8	8	8	1	0:00:01.937134
5940	7	4	4	0	0:00:01.935095
5960	2	4	4	0	0:00:01.934875
5980	9	9	9	1	0:00:01.935151
6000	8	9	8	0	0:00:01.936225
6020	6	6	6	1	0:00:01.937783
6040	2	7	7	0	0:00:01.942333
6060	3	4	4	0	0:00:01.934680
6080	1	9	6	0	0:00:01.939037
6100	1	1	8	1	0:00:01.938895
6120	5	5	5	1	0:00:01.942784
6140	9	9	9	1	0:00:01.936794
6160	2	5	5	0	0:00:01.936937
6180	0	9	8	0	0:00:01.937588
6200	3	3	3	1	0:00:01.940811
6220	2	6	4	0	0:00:01.936923
6240	2	2	4	1	0:00:01.934591
6260	2	9	4	0	0:00:01.935980
6280	8	5	4	0	0:00:01.935147
6300	1	7	4	0	0:00:01.941093
6320	0	0	0	1	0:00:01.935836
6340	3	3	3	1	0:00:01.934944
6360	2	2	2	1	0:00:01.935205
6380	3	6	6	0	0:00:01.934668
6400	0	1	8	0	0:00:01.937058
6420	7	7	8	1	0:00:01.934605
6440	3	9	8	0	0:00:01.935855
6460	3	1	4	0	0:00:01.933980
6480	0	0	0	1	0:00:01.937807
6500	7	0	8	0	0:00:01.936785
6520	6	4	4	0	0:00:01.944438
6540	8	8	8	1	0:00:01.934570
6560	6	6	4	1	0:00:01.936505
6580	1	1	2	1	0:00:01.937331
6600	7	7	7	1	0:00:01.942291
6620	7	7	7	1	0:00:01.934856
6640	5	3	8	0	0:00:01.937365
6660	0	0	0	1	0:00:01.942581
6680	3	5	3	0	0:00:01.935535
6700	6	6	2	1	0:00:01.939785
6720	2	2	2	1	0:00:01.939337
6740	2	4	4	0	0:00:01.936715
6760	5	5	3	1	0:00:01.934630
6780	7	7	7	1	0:00:01.936337
6800	6	6	4	1	0:00:01.936951
6820	1	1	1	1	0:00:01.937268
6840	9	9	9	1	0:00:01.934800
6860	0	0	2	1	0:00:01.942972
6880	2	7	4	0	0:00:01.934258
6900	3	7	4	0	0:00:01.935151
6920	5	2	2	0	0:00:01.934358
6940	1	1	1	1	0:00:01.935149
6960	9	8	8	0	0:00:01.935037
6980	0	9	8	0	0:00:01.938736
7000	2	8	8	0	0:00:01.939932
7020	7	7	7	1	0:00:01.935398
7040	7	8	8	0	0:00:01.940011
7060	8	8	8	1	0:00:01.936130
7080	5	4	4	0	0:00:01.940447
7100	9	3	8	0	0:00:01.936546
7120	7	7	7	1	0:00:01.937559
7140	4	4	4	1	0:00:01.939108
7160	5	-1	4	0	0:00:01.935066
7180	6	6	6	1	0:00:01.934896
7200	4	6	2	0	0:00:01.934451
7220	9	9	8	1	0:00:01.935955
7240	0	8	8	0	0:00:01.937160
7260	1	8	8	0	0:00:01.936937
7280	1	1	6	1	0:00:01.935752
7300	3	7	4	0	0:00:01.935642
7320	8	-1	8	0	0:00:01.935131
7340	2	4	4	0	0:00:01.936675
7360	2	4	4	0	0:00:01.936648
7380	7	7	7	1	0:00:01.936241
7400	3	3	3	1	0:00:01.938738
7420	3	0	2	0	0:00:01.936961
7440	3	3	2	1	0:00:01.935930
7460	5	5	5	1	0:00:01.937579
7480	1	8	8	0	0:00:01.938072
7500	6	6	6	1	0:00:01.934854
7520	4	4	4	1	0:00:01.940084
7540	5	5	5	1	0:00:01.934514
7560	0	9	4	0	0:00:01.939850
7580	8	8	8	1	0:00:01.936703
7600	8	9	8	0	0:00:01.936028
7620	5	3	3	0	0:00:01.934577
7640	9	9	6	1	0:00:01.936984
7660	7	7	4	1	0:00:01.934693
7680	3	9	3	0	0:00:01.942796
7700	6	6	6	1	0:00:01.934477
7720	5	5	2	1	0:00:01.937045
7740	4	4	2	1	0:00:01.936106
7760	2	9	3	0	0:00:01.933875
7780	3	1	8	0	0:00:01.935795
7800	0	0	0	1	0:00:01.939104
7820	5	8	8	0	0:00:01.938807
7840	1	1	1	1	0:00:01.934580
7860	8	1	4	0	0:00:01.933757
7880	0	0	0	1	0:00:01.938073
7900	0	8	8	0	0:00:01.935196
7920	9	8	8	0	0:00:01.933817
7940	2	6	6	0	0:00:01.934085
7960	0	0	0	1	0:00:01.936324
7980	3	3	4	1	0:00:01.936938
8000	9	9	9	1	0:00:01.936223
8020	6	3	3	0	0:00:01.936020
8040	2	2	2	1	0:00:01.935141
8060	6	6	4	1	0:00:01.934563
8080	4	6	2	0	0:00:01.933257
8100	6	2	4	0	0:00:01.934558
8120	8	9	8	0	0:00:01.936697
8140	5	4	4	0	0:00:01.938558
8160	6	6	6	1	0:00:01.935153
8180	4	4	4	1	0:00:01.934665
8200	3	6	2	0	0:00:01.934061
8220	6	6	2	1	0:00:01.933843
8240	7	7	7	1	0:00:01.933899
8260	1	1	3	1	0:00:01.934995
8280	4	5	3	0	0:00:01.935297
8300	5	2	2	0	0:00:01.934715
8320	7	4	4	0	0:00:01.933743
8340	5	3	3	0	0:00:01.934169
8360	7	7	4	1	0:00:01.941258
8380	9	9	8	1	0:00:01.934727
8400	0	-1	8	0	0:00:01.934475
8420	3	6	4	0	0:00:01.933992
8440	5	3	4	0	0:00:01.935076
8460	8	8	8	1	0:00:01.934631
8480	2	2	4	1	0:00:01.933938
8500	4	4	4	1	0:00:01.935149
8520	8	1	4	0	0:00:01.935668
8540	4	4	2	1	0:00:01.934120
8560	7	7	4	1	0:00:01.934652
8580	3	0	2	0	0:00:01.935288
8600	3	3	4	1	0:00:01.934930
8620	3	7	4	0	0:00:01.935186
8640	1	1	1	1	0:00:01.935078
8660	7	7	7	1	0:00:01.934267
8680	3	9	4	0	0:00:01.933636
8700	3	3	3	1	0:00:01.934175
8720	2	0	0	0	0:00:01.935323
8740	2	2	4	1	0:00:01.934772
8760	8	8	8	1	0:00:01.934161
8780	4	4	4	1	0:00:01.936338
8800	0	0	0	1	0:00:01.935024
8820	2	2	2	1	0:00:01.934532
8840	2	1	7	0	0:00:01.934502
8860	2	2	2	1	0:00:01.934221
8880	1	1	1	1	0:00:01.933978
8900	2	4	4	0	0:00:01.935598
8920	6	6	6	1	0:00:01.939805
8940	6	3	6	0	0:00:01.936454
8960	0	0	0	1	0:00:01.935129
8980	9	9	9	1	0:00:01.936215
9000	8	8	8	1	0:00:01.943937
9020	7	9	8	0	0:00:01.935834
9040	2	5	5	0	0:00:01.935752
9060	9	5	5	0	0:00:01.934049
9080	3	3	3	1	0:00:01.934128
9100	9	6	6	0	0:00:01.934687
9120	3	3	3	1	0:00:01.933897
9140	7	7	4	1	0:00:01.935243
9160	5	5	5	1	0:00:01.934408
9180	5	5	5	1	0:00:01.935171
9200	8	8	8	1	0:00:01.935626
9220	8	8	8	1	0:00:01.936714
9240	8	8	8	1	0:00:01.935195
9260	5	5	5	1	0:00:01.936720
9280	9	1	8	0	0:00:01.934172
9300	5	3	2	0	0:00:01.934941
9320	9	9	8	1	0:00:01.933790
9340	1	1	1	1	0:00:01.937320
9360	5	6	6	0	0:00:01.936899
9380	5	3	3	0	0:00:01.933695
9400	6	6	4	1	0:00:01.934230
9420	5	5	6	1	0:00:01.935148
9440	8	8	8	1	0:00:01.934983
9460	3	7	6	0	0:00:01.936138
9480	2	4	4	0	0:00:01.933831
9500	9	-1	6	0	0:00:01.935051
9520	1	1	1	1	0:00:01.934680
9540	5	5	4	1	0:00:01.934288
9560	9	7	7	0	0:00:01.935937
9580	1	4	4	0	0:00:01.934685
9600	8	8	8	1	0:00:01.935110
9620	4	7	4	0	0:00:01.937630
9640	5	0	6	0	0:00:01.933994
9660	6	6	6	1	0:00:01.934545
9680	8	8	8	1	0:00:01.934439
9700	0	0	0	1	0:00:01.935658
9720	8	1	8	0	0:00:01.934659
9740	3	6	4	0	0:00:01.935039
9760	9	9	4	1	0:00:01.936162
9780	4	6	4	0	0:00:01.935364
9800	1	1	1	1	0:00:01.944156
9820	0	8	8	0	0:00:01.935493
9840	4	5	5	0	0:00:01.935481
9860	0	5	8	0	0:00:01.933289
9880	7	7	4	1	0:00:01.934015
9900	8	0	8	0	0:00:01.938610
9920	6	6	2	1	0:00:01.939600
9940	4	7	4	0	0:00:01.935635
9960	2	0	0	0	0:00:01.935971
9980	0	0	0	1	0:00:01.936929
