idx	label	predict	basePredict	correct	time
0	3	3	2	1	0:00:02.737732
20	7	7	7	1	0:00:02.636312
40	4	8	8	0	0:00:02.994057
60	7	7	4	1	0:00:02.863017
80	8	8	8	1	0:00:02.845789
100	4	4	4	1	0:00:02.644259
120	8	8	8	1	0:00:02.657888
140	6	2	2	0	0:00:02.646578
160	2	0	2	0	0:00:02.643455
180	0	0	0	1	0:00:02.641183
200	5	3	3	0	0:00:02.664669
220	7	7	7	1	0:00:02.661651
240	1	1	1	1	0:00:02.636176
260	8	3	3	0	0:00:02.671732
280	9	9	9	1	0:00:02.658904
300	6	6	4	1	0:00:02.662275
320	3	3	2	1	0:00:02.640657
340	2	4	4	0	0:00:02.635329
360	9	9	6	1	0:00:02.645529
380	6	6	4	1	0:00:02.642503
400	9	9	8	1	0:00:02.650785
420	4	4	4	1	0:00:02.675670
440	1	1	1	1	0:00:02.657259
460	5	5	5	1	0:00:02.666511
480	8	9	8	0	0:00:02.657005
500	4	6	4	0	0:00:02.677382
520	5	5	5	1	0:00:02.646885
540	1	9	8	0	0:00:02.655314
560	0	0	8	1	0:00:02.650396
580	4	4	4	1	0:00:02.648416
600	8	8	8	1	0:00:02.639231
620	7	7	4	1	0:00:02.650685
640	5	3	3	0	0:00:02.673971
660	9	9	9	1	0:00:02.637970
680	9	9	1	1	0:00:02.665579
700	7	7	4	1	0:00:02.642043
720	4	9	7	0	0:00:02.661162
740	2	5	2	0	0:00:02.639154
760	3	9	3	0	0:00:02.644204
780	9	9	8	1	0:00:02.883879
800	7	7	7	1	0:00:02.694364
820	6	-1	8	0	0:00:02.657357
840	7	7	7	1	0:00:02.641933
860	4	4	4	1	0:00:02.639580
880	8	8	8	1	0:00:02.636956
900	2	6	4	0	0:00:02.676667
920	6	6	2	1	0:00:02.637273
940	9	9	9	1	0:00:02.640733
960	9	9	9	1	0:00:02.650737
980	2	6	2	0	0:00:02.640179
1000	5	5	5	1	0:00:01.938780
1020	1	1	8	1	0:00:01.938837
1040	7	5	5	0	0:00:01.936964
1060	9	9	8	1	0:00:01.936249
1080	6	6	6	1	0:00:01.936726
1100	7	8	8	0	0:00:01.937731
1120	5	2	2	0	0:00:01.936651
1140	6	6	4	1	0:00:01.937946
1160	8	8	8	1	0:00:01.941209
1180	3	3	3	1	0:00:01.935531
1200	8	8	0	1	0:00:01.936010
1220	9	6	6	0	0:00:01.936574
1240	2	6	6	0	0:00:01.938091
1260	1	9	9	0	0:00:01.946564
1280	3	7	7	0	0:00:01.945858
1300	4	3	3	0	0:00:01.936296
1320	7	2	2	0	0:00:01.935755
1340	1	1	1	1	0:00:01.935595
1360	7	7	4	1	0:00:01.935708
1380	4	5	5	0	0:00:01.935430
1400	5	6	2	0	0:00:01.941495
1420	4	7	4	0	0:00:01.937760
1440	0	0	0	1	0:00:01.945430
1460	6	6	4	1	0:00:01.935729
1480	1	5	5	0	0:00:01.936748
1500	1	1	1	1	0:00:01.938070
1520	7	7	4	1	0:00:01.936845
1540	8	8	8	1	0:00:01.936153
1560	7	7	7	1	0:00:01.935187
1580	6	1	1	0	0:00:01.935868
1600	8	9	6	0	0:00:01.936991
1620	5	8	8	0	0:00:01.935212
1640	7	5	3	0	0:00:01.936046
1660	3	3	3	1	0:00:01.936568
1680	6	6	6	1	0:00:01.936646
1700	5	2	2	0	0:00:01.935734
1720	4	2	2	0	0:00:01.937203
1740	1	9	1	0	0:00:01.936838
1760	0	8	8	0	0:00:01.935495
1780	7	7	8	1	0:00:01.935318
1800	4	8	8	0	0:00:01.935118
1820	8	8	8	1	0:00:01.936178
1840	8	9	4	0	0:00:01.938453
1860	8	8	8	1	0:00:01.935091
1880	1	1	8	1	0:00:01.939065
1900	8	8	8	1	0:00:01.938575
1920	2	2	2	1	0:00:01.937047
1940	5	3	3	0	0:00:01.938397
1960	2	5	5	0	0:00:01.940264
1980	9	9	9	1	0:00:01.937755
2000	1	6	6	0	0:00:01.938546
2020	9	9	9	1	0:00:01.936802
2040	0	8	8	0	0:00:01.937197
2060	5	5	5	1	0:00:01.935717
2080	1	1	6	1	0:00:01.935545
2100	2	4	4	0	0:00:01.936911
2120	4	8	8	0	0:00:01.943383
2140	9	9	9	1	0:00:01.935674
2160	0	8	8	0	0:00:01.935804
2180	4	4	4	1	0:00:01.935627
2200	0	0	2	1	0:00:01.935699
2220	1	1	1	1	0:00:01.936069
2240	9	9	9	1	0:00:01.938122
2260	4	-1	4	0	0:00:01.937917
2280	4	8	8	0	0:00:01.935569
2300	3	6	4	0	0:00:01.937334
2320	5	2	8	0	0:00:01.935637
2340	7	7	7	1	0:00:01.935964
2360	7	7	7	1	0:00:01.935881
2380	8	8	8	1	0:00:01.935464
2400	0	0	0	1	0:00:01.936264
2420	8	1	5	0	0:00:01.934881
2440	7	7	7	1	0:00:01.945463
2460	9	9	3	1	0:00:01.935658
2480	8	8	8	1	0:00:01.936030
2500	4	2	2	0	0:00:01.941596
2520	1	1	8	1	0:00:01.942499
2540	2	3	3	0	0:00:01.937952
2560	7	7	4	1	0:00:01.936640
2580	6	4	4	0	0:00:01.934839
2600	8	8	8	1	0:00:01.935090
2620	1	1	4	1	0:00:01.935763
2640	7	7	4	1	0:00:01.937426
2660	3	-1	2	0	0:00:01.938632
2680	0	0	0	1	0:00:01.944501
2700	9	9	0	1	0:00:01.938283
2720	3	2	2	0	0:00:01.934896
2740	1	1	1	1	0:00:01.935952
2760	2	2	4	1	0:00:01.935985
2780	7	7	7	1	0:00:01.936455
2800	4	6	4	0	0:00:01.937140
2820	6	6	6	1	0:00:01.935082
2840	3	3	3	1	0:00:01.934968
2860	5	6	6	0	0:00:01.936116
2880	4	4	4	1	0:00:01.933779
2900	3	2	5	0	0:00:01.934587
2920	2	5	2	0	0:00:01.934449
2940	3	0	0	0	0:00:01.934446
2960	9	9	8	1	0:00:01.935626
2980	8	-1	8	0	0:00:01.934224
3000	5	5	5	1	0:00:01.934726
3020	1	1	8	1	0:00:01.935461
3040	7	7	7	1	0:00:01.935600
3060	7	7	7	1	0:00:01.933971
3080	1	7	4	0	0:00:01.934044
3100	0	0	0	1	0:00:01.935004
3120	4	6	2	0	0:00:01.935043
3140	8	8	8	1	0:00:01.935349
3160	6	4	4	0	0:00:01.935046
3180	3	-1	8	0	0:00:01.936084
3200	5	7	7	0	0:00:01.934380
3220	3	3	3	1	0:00:01.934734
3240	4	-1	8	0	0:00:01.934492
3260	7	0	0	0	0:00:01.935300
3280	3	5	0	0	0:00:01.935540
3300	4	-1	4	0	0:00:01.934860
3320	2	7	7	0	0:00:01.939146
3340	6	6	4	1	0:00:01.936274
3360	4	6	4	0	0:00:01.941016
3380	8	8	8	1	0:00:01.935169
3400	6	4	4	0	0:00:01.935219
3420	5	-1	4	0	0:00:01.942170
3440	2	9	3	0	0:00:01.934840
3460	1	1	1	1	0:00:01.934572
3480	2	2	2	1	0:00:01.934700
3500	1	1	1	1	0:00:01.936304
3520	1	1	1	1	0:00:01.934699
3540	6	6	6	1	0:00:01.937146
3560	1	9	0	0	0:00:01.935982
3580	4	1	4	0	0:00:01.934697
3600	4	2	2	0	0:00:01.935557
3620	0	7	6	0	0:00:01.934971
3640	6	2	2	0	0:00:01.935023
3660	0	8	8	0	0:00:01.937503
3680	0	2	2	0	0:00:01.938378
3700	3	3	4	1	0:00:01.934870
3720	2	2	2	1	0:00:01.939443
3740	0	0	0	1	0:00:01.936927
3760	7	7	7	1	0:00:01.940049
3780	4	4	2	1	0:00:01.941165
3800	9	9	8	1	0:00:01.939162
3820	0	0	0	1	0:00:01.935823
3840	6	3	3	0	0:00:01.935084
3860	7	7	7	1	0:00:01.933293
3880	6	4	4	0	0:00:01.934222
3900	3	3	6	1	0:00:01.934791
3920	7	9	8	0	0:00:01.936093
3940	6	6	4	1	0:00:01.933646
3960	2	2	2	1	0:00:01.934253
3980	9	7	7	0	0:00:01.934097
4000	8	7	0	0	0:00:01.935602
4020	8	1	8	0	0:00:01.934714
4040	0	0	0	1	0:00:01.934037
4060	6	3	3	0	0:00:01.934144
4080	1	8	8	0	0:00:01.935376
4100	7	7	7	1	0:00:01.938924
4120	4	0	4	0	0:00:01.935149
4140	5	3	3	0	0:00:01.940908
4160	5	2	2	0	0:00:01.933752
4180	0	0	8	1	0:00:01.935381
4200	4	4	2	1	0:00:01.934990
4220	4	0	0	0	0:00:01.940736
4240	7	0	0	0	0:00:01.933495
4260	8	8	8	1	0:00:01.934782
4280	8	8	8	1	0:00:01.934264
4300	8	8	8	1	0:00:01.934056
4320	1	8	8	0	0:00:01.934388
4340	0	0	8	1	0:00:01.934836
4360	6	9	6	0	0:00:01.937423
4380	9	9	8	1	0:00:01.934880
4400	3	4	4	0	0:00:01.940614
4420	5	8	8	0	0:00:01.934710
4440	2	2	2	1	0:00:01.937858
4460	9	1	8	0	0:00:01.934417
4480	9	9	3	1	0:00:01.934624
4500	3	3	6	1	0:00:01.934341
4520	3	6	6	0	0:00:01.935473
4540	9	9	9	1	0:00:01.934540
4560	1	1	4	1	0:00:01.941273
4580	6	4	4	0	0:00:01.934937
4600	4	7	4	0	0:00:01.937174
4620	7	3	3	0	0:00:01.935619
4640	2	4	4	0	0:00:01.945468
4660	7	4	2	0	0:00:01.937537
4680	9	1	1	0	0:00:01.933819
4700	6	1	4	0	0:00:01.936091
4720	8	0	0	0	0:00:01.935550
4740	5	3	3	0	0:00:01.934611
4760	3	3	4	1	0:00:01.936171
4780	0	0	0	1	0:00:01.933999
4800	9	9	9	1	0:00:01.935691
4820	3	5	5	0	0:00:01.938582
4840	0	0	0	1	0:00:01.936286
4860	5	5	5	1	0:00:01.941562
4880	0	2	2	0	0:00:01.934301
4900	3	6	6	0	0:00:01.936020
4920	7	7	7	1	0:00:01.934515
4940	6	6	2	1	0:00:01.937112
4960	4	6	4	0	0:00:01.934412
4980	1	9	8	0	0:00:01.940006
5000	7	7	7	1	0:00:01.940443
5020	8	8	8	1	0:00:01.937275
5040	3	3	4	1	0:00:01.936538
5060	6	6	4	1	0:00:01.937866
5080	7	7	7	1	0:00:01.935071
5100	3	3	3	1	0:00:01.936259
5120	9	9	8	1	0:00:01.937790
5140	8	8	8	1	0:00:01.938405
5160	0	0	8	1	0:00:01.936262
5180	9	7	4	0	0:00:01.933692
5200	3	3	3	1	0:00:01.934089
5220	0	0	0	1	0:00:01.935980
5240	1	9	2	0	0:00:01.934489
5260	0	0	0	1	0:00:01.934346
5280	0	8	8	0	0:00:01.934098
5300	9	9	9	1	0:00:01.940671
5320	7	7	7	1	0:00:01.935331
5340	3	4	4	0	0:00:01.938288
5360	9	9	9	1	0:00:01.934488
5380	1	9	9	0	0:00:01.934353
5400	9	9	8	1	0:00:01.936305
5420	6	6	6	1	0:00:01.934665
5440	9	9	9	1	0:00:01.934870
5460	0	7	7	0	0:00:01.934784
5480	1	1	8	1	0:00:01.935287
5500	8	1	8	0	0:00:01.934005
5520	4	3	3	0	0:00:01.934839
5540	5	6	2	0	0:00:01.935361
5560	3	6	6	0	0:00:01.934505
5580	5	6	6	0	0:00:01.934262
5600	6	-1	0	0	0:00:01.935267
5620	3	2	2	0	0:00:01.936103
5640	2	3	3	0	0:00:01.937732
5660	9	9	8	1	0:00:01.935813
5680	2	3	8	0	0:00:01.935496
5700	3	3	3	1	0:00:01.934790
5720	9	9	9	1	0:00:01.933712
5740	6	4	4	0	0:00:01.937509
5760	2	2	2	1	0:00:01.934498
5780	7	7	7	1	0:00:01.938144
5800	2	4	4	0	0:00:01.934874
5820	5	6	3	0	0:00:01.934922
5840	2	2	6	1	0:00:01.934218
5860	0	8	8	0	0:00:01.935326
5880	0	0	0	1	0:00:01.939513
5900	4	4	4	1	0:00:01.937639
5920	8	8	8	1	0:00:01.934933
5940	7	4	4	0	0:00:01.934263
5960	2	4	4	0	0:00:01.934472
5980	9	9	9	1	0:00:01.937999
6000	8	9	8	0	0:00:01.934275
6020	6	6	6	1	0:00:01.934363
6040	2	7	7	0	0:00:01.933658
6060	3	4	4	0	0:00:01.935323
6080	1	9	6	0	0:00:01.935002
6100	1	1	8	1	0:00:01.933313
6120	5	5	5	1	0:00:01.935441
6140	9	9	9	1	0:00:01.935434
6160	2	5	5	0	0:00:01.934018
6180	0	9	8	0	0:00:01.935294
6200	3	3	3	1	0:00:01.933786
6220	2	6	4	0	0:00:01.937316
6240	2	2	4	1	0:00:01.935699
6260	2	9	4	0	0:00:01.936313
6280	8	5	4	0	0:00:01.937884
6300	1	7	4	0	0:00:01.934369
6320	0	0	0	1	0:00:01.942322
6340	3	3	3	1	0:00:01.935611
6360	2	2	2	1	0:00:01.935980
6380	3	6	6	0	0:00:01.936054
6400	0	1	8	0	0:00:01.935321
6420	7	7	8	1	0:00:01.935924
6440	3	9	8	0	0:00:01.935756
6460	3	1	4	0	0:00:01.935699
6480	0	0	0	1	0:00:01.944796
6500	7	0	8	0	0:00:01.935688
6520	6	4	4	0	0:00:01.938988
6540	8	8	8	1	0:00:01.935070
6560	6	6	4	1	0:00:01.935477
6580	1	1	2	1	0:00:01.935821
6600	7	7	7	1	0:00:01.934386
6620	7	7	7	1	0:00:01.937504
6640	5	3	8	0	0:00:01.934891
6660	0	0	0	1	0:00:01.934843
6680	3	5	3	0	0:00:01.934883
6700	6	6	2	1	0:00:01.934837
6720	2	2	2	1	0:00:01.936384
6740	2	4	4	0	0:00:01.934482
6760	5	-1	3	0	0:00:01.935167
6780	7	7	7	1	0:00:01.934090
6800	6	6	4	1	0:00:01.936085
6820	1	1	1	1	0:00:01.935158
6840	9	9	9	1	0:00:01.936550
6860	0	0	2	1	0:00:01.938771
6880	2	7	4	0	0:00:01.939455
6900	3	7	4	0	0:00:01.936697
6920	5	2	2	0	0:00:01.937397
6940	1	1	1	1	0:00:01.938788
6960	9	8	8	0	0:00:01.938111
6980	0	9	8	0	0:00:01.937216
7000	2	8	8	0	0:00:01.935199
7020	7	7	7	1	0:00:01.935543
7040	7	8	8	0	0:00:01.939635
7060	8	8	8	1	0:00:01.935493
7080	5	4	4	0	0:00:01.935796
7100	9	3	8	0	0:00:01.937990
7120	7	7	7	1	0:00:01.935433
7140	4	4	4	1	0:00:01.937827
7160	5	4	4	0	0:00:01.934764
7180	6	6	6	1	0:00:01.935491
7200	4	6	2	0	0:00:01.935965
7220	9	9	8	1	0:00:01.935417
7240	0	8	8	0	0:00:01.938990
7260	1	8	8	0	0:00:01.934819
7280	1	1	6	1	0:00:01.935004
7300	3	7	4	0	0:00:01.934997
7320	8	0	8	0	0:00:01.935479
7340	2	4	4	0	0:00:01.934994
7360	2	4	4	0	0:00:01.937609
7380	7	7	7	1	0:00:01.936121
7400	3	3	3	1	0:00:01.935750
7420	3	0	2	0	0:00:01.936838
7440	3	3	2	1	0:00:01.935182
7460	5	5	5	1	0:00:01.936697
7480	1	8	8	0	0:00:01.941581
7500	6	6	6	1	0:00:01.944965
7520	4	4	4	1	0:00:01.940313
7540	5	5	5	1	0:00:01.935363
7560	0	9	4	0	0:00:01.934452
7580	8	8	8	1	0:00:01.936361
7600	8	9	8	0	0:00:01.937218
7620	5	3	3	0	0:00:01.936675
7640	9	9	6	1	0:00:01.935153
7660	7	7	4	1	0:00:01.935052
7680	3	9	3	0	0:00:01.936310
7700	6	6	6	1	0:00:01.935749
7720	5	5	2	1	0:00:01.934844
7740	4	-1	2	0	0:00:01.940992
7760	2	9	3	0	0:00:01.937033
7780	3	1	8	0	0:00:01.935591
7800	0	0	0	1	0:00:01.935413
7820	5	8	8	0	0:00:01.936714
7840	1	1	1	1	0:00:01.936286
7860	8	1	4	0	0:00:01.935051
7880	0	0	0	1	0:00:01.936511
7900	0	8	8	0	0:00:01.935023
7920	9	8	8	0	0:00:01.935370
7940	2	6	6	0	0:00:01.936741
7960	0	0	0	1	0:00:01.939990
7980	3	3	4	1	0:00:01.935407
8000	9	9	9	1	0:00:01.935845
8020	6	3	3	0	0:00:01.936706
8040	2	2	2	1	0:00:01.936149
8060	6	6	4	1	0:00:01.935854
8080	4	6	2	0	0:00:01.937396
8100	6	2	4	0	0:00:01.940401
8120	8	9	8	0	0:00:01.943059
8140	5	4	4	0	0:00:01.935148
8160	6	6	6	1	0:00:01.935848
8180	4	4	4	1	0:00:01.936435
8200	3	6	2	0	0:00:01.935516
8220	6	6	2	1	0:00:01.936860
8240	7	7	7	1	0:00:01.935488
8260	1	1	3	1	0:00:01.941128
8280	4	5	3	0	0:00:01.935327
8300	5	2	2	0	0:00:01.937157
8320	7	4	4	0	0:00:01.935291
8340	5	3	3	0	0:00:01.942831
8360	7	7	4	1	0:00:01.935461
8380	9	9	8	1	0:00:01.935491
8400	0	-1	8	0	0:00:01.935154
8420	3	6	4	0	0:00:01.934925
8440	5	3	4	0	0:00:01.938685
8460	8	8	8	1	0:00:01.938448
8480	2	2	4	1	0:00:01.935442
8500	4	4	4	1	0:00:01.935218
8520	8	1	4	0	0:00:01.935210
8540	4	4	2	1	0:00:01.937262
8560	7	7	4	1	0:00:01.937933
8580	3	0	2	0	0:00:01.936222
8600	3	3	4	1	0:00:01.935460
8620	3	7	4	0	0:00:01.935110
8640	1	1	1	1	0:00:01.941569
8660	7	7	7	1	0:00:01.940151
8680	3	9	8	0	0:00:01.936765
8700	3	3	3	1	0:00:01.938015
8720	2	0	0	0	0:00:01.942539
8740	2	2	4	1	0:00:01.939423
8760	8	8	8	1	0:00:01.941155
8780	4	4	4	1	0:00:01.934840
8800	0	0	0	1	0:00:01.934902
8820	2	2	2	1	0:00:01.935188
8840	2	1	7	0	0:00:01.935926
8860	2	2	2	1	0:00:01.935810
8880	1	1	1	1	0:00:01.936556
8900	2	4	4	0	0:00:01.935388
8920	6	6	6	1	0:00:01.935654
8940	6	3	6	0	0:00:01.935907
8960	0	0	0	1	0:00:01.936408
8980	9	9	9	1	0:00:01.936222
9000	8	8	8	1	0:00:01.938381
9020	7	9	8	0	0:00:01.937661
9040	2	5	5	0	0:00:01.936123
9060	9	5	5	0	0:00:01.935894
9080	3	3	3	1	0:00:01.936018
9100	9	6	6	0	0:00:01.935642
9120	3	3	3	1	0:00:01.942729
9140	7	-1	4	0	0:00:01.936519
9160	5	5	5	1	0:00:01.935702
9180	5	5	5	1	0:00:01.940521
9200	8	8	8	1	0:00:01.936204
9220	8	8	8	1	0:00:01.935224
9240	8	8	8	1	0:00:01.934696
9260	5	5	5	1	0:00:01.942363
9280	9	1	8	0	0:00:01.935199
9300	5	3	2	0	0:00:01.935551
9320	9	9	8	1	0:00:01.936097
9340	1	1	1	1	0:00:01.936179
9360	5	6	6	0	0:00:01.938725
9380	5	3	3	0	0:00:01.935009
9400	6	6	4	1	0:00:01.936070
9420	5	5	6	1	0:00:01.936164
9440	8	8	8	1	0:00:01.934741
9460	3	7	6	0	0:00:01.934621
9480	2	4	4	0	0:00:01.939964
9500	9	-1	6	0	0:00:01.935993
9520	1	1	1	1	0:00:01.935624
9540	5	5	4	1	0:00:01.935830
9560	9	7	7	0	0:00:01.936053
9580	1	4	4	0	0:00:01.935974
9600	8	8	8	1	0:00:01.936406
9620	4	7	4	0	0:00:01.937011
9640	5	0	6	0	0:00:01.941103
9660	6	6	6	1	0:00:01.936499
9680	8	8	8	1	0:00:01.936777
9700	0	0	0	1	0:00:01.942581
9720	8	1	8	0	0:00:01.939167
9740	3	6	4	0	0:00:01.936719
9760	9	9	4	1	0:00:01.935356
9780	4	6	4	0	0:00:01.935344
9800	1	1	1	1	0:00:01.935442
9820	0	8	8	0	0:00:01.940177
9840	4	5	5	0	0:00:01.934565
9860	0	5	8	0	0:00:01.935235
9880	7	7	4	1	0:00:01.936452
9900	8	0	8	0	0:00:01.935455
9920	6	6	2	1	0:00:01.938220
9940	4	7	4	0	0:00:01.939519
9960	2	0	0	0	0:00:01.937889
9980	0	0	0	1	0:00:01.939013
