idx	label	predict	basePredict	correct	time
0	3	-1	5	0	0:00:02.678344
20	7	7	3	1	0:00:02.553755
40	4	4	4	1	0:00:02.579896
60	7	7	7	1	0:00:02.556773
80	8	8	8	1	0:00:02.651544
100	4	4	5	1	0:00:02.543899
120	8	8	8	1	0:00:02.753281
140	6	6	3	1	0:00:02.579900
160	2	2	2	1	0:00:02.542299
180	0	0	0	1	0:00:02.547830
200	5	5	3	1	0:00:02.620815
220	7	7	7	1	0:00:02.552319
240	1	1	1	1	0:00:02.600417
260	8	8	8	1	0:00:02.563941
280	9	9	9	1	0:00:02.601520
300	6	6	6	1	0:00:02.573648
320	3	3	3	1	0:00:02.603360
340	2	2	2	1	0:00:02.579947
360	9	9	9	1	0:00:02.581698
380	6	6	6	1	0:00:02.620920
400	9	9	9	1	0:00:02.608522
420	4	4	4	1	0:00:02.897402
440	1	1	1	1	0:00:02.648841
460	5	5	5	1	0:00:02.609155
480	8	8	8	1	0:00:02.551003
500	4	6	4	0	0:00:02.546846
520	5	5	5	1	0:00:02.539480
540	1	1	1	1	0:00:02.564368
560	0	0	0	1	0:00:02.547922
580	4	4	4	1	0:00:02.618813
600	8	8	8	1	0:00:02.584386
620	7	7	7	1	0:00:02.600494
640	5	3	3	0	0:00:02.554982
660	9	9	9	1	0:00:02.532979
680	9	9	9	1	0:00:02.598383
700	7	7	7	1	0:00:02.627264
720	4	4	4	1	0:00:02.612274
740	2	2	2	1	0:00:02.558481
760	3	3	3	1	0:00:02.540473
780	9	9	9	1	0:00:02.596685
800	7	7	7	1	0:00:02.549304
820	6	2	2	0	0:00:02.558758
840	7	7	7	1	0:00:02.593151
860	4	4	4	1	0:00:02.558263
880	8	8	8	1	0:00:02.579371
900	2	6	2	0	0:00:02.563372
920	6	6	0	1	0:00:02.574660
940	9	9	9	1	0:00:02.587381
960	9	9	9	1	0:00:02.687604
980	2	2	2	1	0:00:02.634265
1000	5	5	5	1	0:00:01.818650
1020	1	1	1	1	0:00:01.843834
1040	7	2	3	0	0:00:01.850028
1060	9	9	9	1	0:00:01.845580
1080	6	6	6	1	0:00:01.854953
1100	7	7	8	1	0:00:01.837855
1120	5	5	2	1	0:00:01.847932
1140	6	6	3	1	0:00:01.835703
1160	8	8	8	1	0:00:01.822147
1180	3	3	3	1	0:00:01.884537
1200	8	8	8	1	0:00:01.846287
1220	9	6	3	0	0:00:01.866149
1240	2	2	2	1	0:00:01.871528
1260	1	9	1	0	0:00:01.822720
1280	3	3	3	1	0:00:01.924435
1300	4	3	3	0	0:00:01.815428
1320	7	7	7	1	0:00:01.850313
1340	1	1	1	1	0:00:01.831753
1360	7	7	7	1	0:00:01.854534
1380	4	5	3	0	0:00:01.843368
1400	5	5	5	1	0:00:01.829632
1420	4	7	7	0	0:00:01.851468
1440	0	2	2	0	0:00:01.826947
1460	6	6	6	1	0:00:01.844566
1480	1	1	1	1	0:00:01.867840
1500	1	1	1	1	0:00:01.827828
1520	7	7	7	1	0:00:01.863014
1540	8	8	8	1	0:00:01.837097
1560	7	7	7	1	0:00:01.837930
1580	6	6	5	1	0:00:01.860894
1600	8	8	8	1	0:00:01.817550
1620	5	3	3	0	0:00:01.824375
1640	7	7	7	1	0:00:01.849638
1660	3	3	3	1	0:00:01.832973
1680	6	6	3	1	0:00:01.962286
1700	5	5	5	1	0:00:01.876132
1720	4	4	4	1	0:00:01.914828
1740	1	1	1	1	0:00:01.814483
1760	0	0	0	1	0:00:01.922378
1780	7	7	7	1	0:00:01.916837
1800	4	4	2	1	0:00:01.837922
1820	8	8	8	1	0:00:01.828720
1840	8	8	8	1	0:00:01.837151
1860	8	8	8	1	0:00:01.833974
1880	1	1	1	1	0:00:01.818781
1900	8	8	8	1	0:00:01.835171
1920	2	2	2	1	0:00:01.842178
1940	5	5	5	1	0:00:01.854032
1960	2	5	2	0	0:00:01.843395
1980	9	9	9	1	0:00:01.847022
2000	1	1	1	1	0:00:01.849820
2020	9	9	9	1	0:00:01.837315
2040	0	0	0	1	0:00:01.839227
2060	5	3	3	0	0:00:01.827442
2080	1	1	1	1	0:00:01.846982
2100	2	2	2	1	0:00:01.860492
2120	4	4	8	1	0:00:01.864453
2140	9	9	9	1	0:00:01.865957
2160	0	0	0	1	0:00:01.865116
2180	4	4	4	1	0:00:01.867121
2200	0	0	0	1	0:00:01.844990
2220	1	1	1	1	0:00:01.833205
2240	9	9	1	1	0:00:01.830902
2260	4	4	4	1	0:00:01.860545
2280	4	4	2	1	0:00:01.840189
2300	3	8	0	0	0:00:01.838465
2320	5	3	3	0	0:00:01.858902
2340	7	7	7	1	0:00:01.853845
2360	7	7	7	1	0:00:01.851672
2380	8	8	8	1	0:00:01.843293
2400	0	0	0	1	0:00:01.829376
2420	8	7	7	0	0:00:01.839313
2440	7	7	7	1	0:00:01.847569
2460	9	9	9	1	0:00:01.843922
2480	8	8	8	1	0:00:01.835325
2500	4	4	4	1	0:00:01.849454
2520	1	1	1	1	0:00:01.828201
2540	2	3	2	0	0:00:01.849958
2560	7	7	7	1	0:00:01.825353
2580	6	-1	5	0	0:00:01.838140
2600	8	8	8	1	0:00:01.831635
2620	1	1	1	1	0:00:01.838357
2640	7	7	7	1	0:00:01.844767
2660	3	3	3	1	0:00:01.828287
2680	0	0	0	1	0:00:01.838349
2700	9	9	9	1	0:00:01.848777
2720	3	3	3	1	0:00:01.846499
2740	1	1	1	1	0:00:01.852873
2760	2	2	2	1	0:00:01.838734
2780	7	7	7	1	0:00:01.851768
2800	4	4	4	1	0:00:01.842218
2820	6	6	6	1	0:00:01.863153
2840	3	3	3	1	0:00:01.837663
2860	5	4	3	0	0:00:01.866366
2880	4	4	4	1	0:00:01.918405
2900	3	2	2	0	0:00:01.864851
2920	2	2	2	1	0:00:01.896861
2940	3	0	0	0	0:00:01.913079
2960	9	0	0	0	0:00:01.833087
2980	8	8	8	1	0:00:01.991706
3000	5	5	5	1	0:00:01.891851
3020	1	1	1	1	0:00:01.952730
3040	7	7	7	1	0:00:01.856308
3060	7	7	7	1	0:00:01.866578
3080	1	1	1	1	0:00:01.846361
3100	0	0	0	1	0:00:01.902894
3120	4	4	3	1	0:00:01.884657
3140	8	8	8	1	0:00:01.926590
3160	6	2	2	0	0:00:01.871835
3180	3	6	3	0	0:00:01.898264
3200	5	5	5	1	0:00:01.843510
3220	3	9	9	0	0:00:01.842226
3240	4	4	4	1	0:00:01.823870
3260	7	7	7	1	0:00:01.855895
3280	3	3	5	1	0:00:01.864966
3300	4	4	3	1	0:00:01.856665
3320	2	0	0	0	0:00:01.833430
3340	6	6	6	1	0:00:01.831207
3360	4	4	0	1	0:00:01.854933
3380	8	8	8	1	0:00:01.858845
3400	6	4	4	0	0:00:01.830865
3420	5	3	3	0	0:00:01.839050
3440	2	3	3	0	0:00:01.841352
3460	1	1	1	1	0:00:01.865825
3480	2	2	2	1	0:00:01.856905
3500	1	1	1	1	0:00:01.864338
3520	1	1	1	1	0:00:01.844545
3540	6	6	6	1	0:00:01.828956
3560	1	9	9	0	0:00:01.842189
3580	4	4	4	1	0:00:01.835826
3600	4	2	3	0	0:00:01.841319
3620	0	0	0	1	0:00:01.849770
3640	6	6	6	1	0:00:01.839496
3660	0	0	0	1	0:00:01.837116
3680	0	0	0	1	0:00:01.832129
3700	3	3	3	1	0:00:01.874626
3720	2	2	2	1	0:00:01.835514
3740	0	0	0	1	0:00:01.849586
3760	7	7	7	1	0:00:01.845384
3780	4	4	3	1	0:00:01.852520
3800	9	9	9	1	0:00:01.833289
3820	0	0	0	1	0:00:01.851508
3840	6	6	3	1	0:00:01.845570
3860	7	7	7	1	0:00:01.860691
3880	6	6	6	1	0:00:01.926413
3900	3	3	3	1	0:00:01.873422
3920	7	7	7	1	0:00:01.846886
3940	6	6	3	1	0:00:01.833499
3960	2	2	2	1	0:00:01.847257
3980	9	2	2	0	0:00:01.824289
4000	8	7	7	0	0:00:01.841958
4020	8	8	8	1	0:00:01.850564
4040	0	0	0	1	0:00:01.846983
4060	6	6	6	1	0:00:01.830043
4080	1	1	1	1	0:00:01.839277
4100	7	7	7	1	0:00:01.833950
4120	4	4	4	1	0:00:01.824710
4140	5	5	7	1	0:00:01.855986
4160	5	5	5	1	0:00:01.842450
4180	0	0	8	1	0:00:01.824883
4200	4	4	4	1	0:00:01.843929
4220	4	4	4	1	0:00:01.843296
4240	7	7	7	1	0:00:01.840480
4260	8	8	8	1	0:00:01.844110
4280	8	0	8	0	0:00:01.839181
4300	8	8	8	1	0:00:01.826141
4320	1	1	1	1	0:00:01.842048
4340	0	0	0	1	0:00:01.837408
4360	6	6	6	1	0:00:01.847946
4380	9	9	9	1	0:00:01.826707
4400	3	3	3	1	0:00:01.843712
4420	5	5	5	1	0:00:01.858598
4440	2	2	2	1	0:00:01.825308
4460	9	9	9	1	0:00:01.832172
4480	9	9	9	1	0:00:01.818658
4500	3	3	3	1	0:00:01.818139
4520	3	3	3	1	0:00:01.830432
4540	9	9	9	1	0:00:01.845684
4560	1	1	1	1	0:00:01.835749
4580	6	6	4	1	0:00:01.850439
4600	4	4	4	1	0:00:01.851039
4620	7	7	7	1	0:00:01.832884
4640	2	2	2	1	0:00:01.829323
4660	7	7	7	1	0:00:01.832199
4680	9	9	9	1	0:00:01.839034
4700	6	6	5	1	0:00:01.832134
4720	8	8	8	1	0:00:01.846056
4740	5	2	3	0	0:00:01.852000
4760	3	3	0	1	0:00:01.843362
4780	0	0	0	1	0:00:01.842196
4800	9	9	9	1	0:00:01.840184
4820	3	3	3	1	0:00:01.880196
4840	0	0	0	1	0:00:01.841565
4860	5	5	5	1	0:00:01.831286
4880	0	0	0	1	0:00:01.869668
4900	3	3	3	1	0:00:01.848022
4920	7	7	7	1	0:00:01.834091
4940	6	6	6	1	0:00:01.835282
4960	4	4	4	1	0:00:01.835813
4980	1	1	1	1	0:00:01.862816
5000	7	7	7	1	0:00:01.821667
5020	8	8	8	1	0:00:01.838812
5040	3	1	3	0	0:00:01.840675
5060	6	2	2	0	0:00:01.839497
5080	7	7	7	1	0:00:01.838042
5100	3	3	3	1	0:00:01.852560
5120	9	9	9	1	0:00:01.851472
5140	8	8	8	1	0:00:01.852618
5160	0	0	0	1	0:00:01.850888
5180	9	9	9	1	0:00:01.858434
5200	3	0	0	0	0:00:01.842615
5220	0	0	0	1	0:00:01.824597
5240	1	1	1	1	0:00:01.827643
5260	0	0	0	1	0:00:01.841076
5280	0	-1	4	0	0:00:01.856714
5300	9	9	9	1	0:00:01.872577
5320	7	7	7	1	0:00:01.844167
5340	3	4	5	0	0:00:01.852359
5360	9	9	9	1	0:00:01.826881
5380	1	1	1	1	0:00:01.833271
5400	9	9	9	1	0:00:01.857245
5420	6	6	6	1	0:00:01.844115
5440	9	9	9	1	0:00:01.855751
5460	0	0	0	1	0:00:01.846600
5480	1	1	1	1	0:00:01.830234
5500	8	8	8	1	0:00:01.836633
5520	4	4	4	1	0:00:01.831560
5540	5	5	5	1	0:00:01.864333
5560	3	5	3	0	0:00:01.834042
5580	5	3	3	0	0:00:01.834958
5600	6	6	3	1	0:00:01.846072
5620	3	3	3	1	0:00:01.890737
5640	2	2	2	1	0:00:01.948274
5660	9	9	9	1	0:00:01.858365
5680	2	2	2	1	0:00:01.829047
5700	3	3	3	1	0:00:01.847029
5720	9	9	9	1	0:00:01.823415
5740	6	6	4	1	0:00:01.846782
5760	2	2	2	1	0:00:01.851454
5780	7	7	7	1	0:00:01.870642
5800	2	2	2	1	0:00:01.832647
5820	5	5	5	1	0:00:01.860425
5840	2	3	3	0	0:00:01.834073
5860	0	0	0	1	0:00:01.838750
5880	0	0	0	1	0:00:01.840156
5900	4	3	0	0	0:00:01.861158
5920	8	8	8	1	0:00:01.854988
5940	7	7	0	1	0:00:01.841539
5960	2	6	2	0	0:00:01.862808
5980	9	9	9	1	0:00:01.833920
6000	8	8	8	1	0:00:01.863555
6020	6	6	6	1	0:00:01.880771
6040	2	7	7	0	0:00:01.833312
6060	3	4	2	0	0:00:01.856728
6080	1	1	1	1	0:00:01.838696
6100	1	1	1	1	0:00:01.846220
6120	5	5	5	1	0:00:01.838259
6140	9	9	9	1	0:00:01.872416
6160	2	2	2	1	0:00:01.859604
6180	0	0	0	1	0:00:01.840418
6200	3	2	2	0	0:00:01.876805
6220	2	2	2	1	0:00:01.856456
6240	2	2	2	1	0:00:01.826658
6260	2	2	2	1	0:00:01.836567
6280	8	8	8	1	0:00:01.838165
6300	1	1	1	1	0:00:01.865843
6320	0	0	0	1	0:00:01.826879
6340	3	3	3	1	0:00:01.989733
6360	2	2	2	1	0:00:01.823508
6380	3	7	7	0	0:00:01.829902
6400	0	0	0	1	0:00:01.860919
6420	7	7	7	1	0:00:01.937366
6440	3	3	3	1	0:00:01.838537
6460	3	3	3	1	0:00:01.826240
6480	0	0	0	1	0:00:01.824472
6500	7	7	8	1	0:00:01.853671
6520	6	6	2	1	0:00:01.828733
6540	8	8	8	1	0:00:01.820101
6560	6	6	5	1	0:00:01.857972
6580	1	1	1	1	0:00:01.823664
6600	7	7	7	1	0:00:01.874768
6620	7	7	7	1	0:00:01.845046
6640	5	3	3	0	0:00:01.814447
6660	0	0	0	1	0:00:01.816956
6680	3	5	5	0	0:00:01.828681
6700	6	6	8	1	0:00:01.825035
6720	2	2	2	1	0:00:01.854323
6740	2	2	2	1	0:00:01.826462
6760	5	5	5	1	0:00:01.858382
6780	7	7	7	1	0:00:01.821623
6800	6	6	2	1	0:00:01.832870
6820	1	1	1	1	0:00:01.830733
6840	9	9	9	1	0:00:01.838990
6860	0	0	0	1	0:00:01.844831
6880	2	2	2	1	0:00:01.824966
6900	3	5	5	0	0:00:01.843835
6920	5	5	5	1	0:00:01.869770
6940	1	1	1	1	0:00:01.841805
6960	9	9	9	1	0:00:01.850834
6980	0	0	0	1	0:00:01.892588
7000	2	0	0	0	0:00:01.851862
7020	7	7	7	1	0:00:01.824772
7040	7	0	0	0	0:00:01.822066
7060	8	8	8	1	0:00:01.815032
7080	5	4	0	0	0:00:01.831468
7100	9	3	2	0	0:00:01.812460
7120	7	5	5	0	0:00:01.876306
7140	4	4	2	1	0:00:01.813046
7160	5	5	5	1	0:00:01.817262
7180	6	6	6	1	0:00:01.830239
7200	4	4	4	1	0:00:01.827505
7220	9	9	9	1	0:00:01.848594
7240	0	0	0	1	0:00:01.815523
7260	1	1	1	1	0:00:01.839936
7280	1	1	1	1	0:00:01.831816
7300	3	5	5	0	0:00:01.817367
7320	8	8	8	1	0:00:01.823879
7340	2	2	0	1	0:00:01.814822
7360	2	2	2	1	0:00:01.840466
7380	7	7	7	1	0:00:01.815045
7400	3	5	3	0	0:00:01.840386
7420	3	5	2	0	0:00:01.817620
7440	3	3	3	1	0:00:01.832891
7460	5	5	5	1	0:00:01.825968
7480	1	1	1	1	0:00:01.821894
7500	6	6	6	1	0:00:01.833706
7520	4	4	4	1	0:00:01.838537
7540	5	5	5	1	0:00:01.838454
7560	0	0	0	1	0:00:01.828871
7580	8	8	8	1	0:00:01.843429
7600	8	2	2	0	0:00:01.941877
7620	5	1	3	0	0:00:01.813650
7640	9	8	9	0	0:00:01.920192
7660	7	7	7	1	0:00:01.866525
7680	3	5	5	0	0:00:01.862601
7700	6	6	6	1	0:00:01.835076
7720	5	5	5	1	0:00:01.904892
7740	4	4	4	1	0:00:01.898060
7760	2	-1	0	0	0:00:01.830730
7780	3	8	8	0	0:00:01.833719
7800	0	0	0	1	0:00:01.822876
7820	5	3	3	0	0:00:01.825162
7840	1	1	1	1	0:00:01.847783
7860	8	8	8	1	0:00:01.825568
7880	0	0	0	1	0:00:01.889704
7900	0	0	0	1	0:00:01.894530
7920	9	9	9	1	0:00:01.841662
7940	2	6	2	0	0:00:01.875685
7960	0	0	0	1	0:00:01.852975
7980	3	3	3	1	0:00:01.870589
8000	9	9	9	1	0:00:01.857250
8020	6	3	3	0	0:00:01.864938
8040	2	2	2	1	0:00:01.850601
8060	6	6	6	1	0:00:01.858512
8080	4	4	3	1	0:00:01.958975
8100	6	6	6	1	0:00:01.828645
8120	8	8	8	1	0:00:01.819371
8140	5	3	5	0	0:00:01.839753
8160	6	6	6	1	0:00:01.822683
8180	4	4	2	1	0:00:01.829092
8200	3	7	3	0	0:00:01.835004
8220	6	6	5	1	0:00:01.849762
8240	7	7	7	1	0:00:01.887270
8260	1	1	1	1	0:00:01.871383
8280	4	4	4	1	0:00:01.822994
8300	5	5	3	1	0:00:01.837472
8320	7	7	7	1	0:00:01.813504
8340	5	5	5	1	0:00:01.855439
8360	7	7	7	1	0:00:01.817945
8380	9	9	9	1	0:00:01.830112
8400	0	0	0	1	0:00:01.824065
8420	3	6	3	0	0:00:01.832212
8440	5	5	3	1	0:00:01.805193
8460	8	8	8	1	0:00:01.830667
8480	2	5	5	0	0:00:01.838269
8500	4	4	4	1	0:00:01.827982
8520	8	8	8	1	0:00:01.842885
8540	4	4	4	1	0:00:01.844296
8560	7	7	7	1	0:00:01.805245
8580	3	5	5	0	0:00:01.902815
8600	3	3	3	1	0:00:01.837070
8620	3	3	3	1	0:00:01.845137
8640	1	1	1	1	0:00:01.826749
8660	7	7	7	1	0:00:01.818508
8680	3	3	5	1	0:00:01.810170
8700	3	3	3	1	0:00:01.823959
8720	2	0	0	0	0:00:01.809145
8740	2	2	2	1	0:00:01.841125
8760	8	8	8	1	0:00:01.830023
8780	4	4	8	1	0:00:01.820230
8800	0	0	0	1	0:00:01.840351
8820	2	2	2	1	0:00:01.834715
8840	2	7	2	0	0:00:01.824129
8860	2	2	2	1	0:00:01.837335
8880	1	1	1	1	0:00:01.840148
8900	2	4	3	0	0:00:01.816945
8920	6	6	6	1	0:00:01.840455
8940	6	3	3	0	0:00:01.827616
8960	0	2	2	0	0:00:01.899848
8980	9	9	9	1	0:00:01.819330
9000	8	8	8	1	0:00:01.901148
9020	7	7	7	1	0:00:01.979567
9040	2	5	5	0	0:00:01.855551
9060	9	9	9	1	0:00:01.864139
9080	3	3	3	1	0:00:01.916780
9100	9	9	1	1	0:00:01.835195
9120	3	5	5	0	0:00:01.860049
9140	7	7	7	1	0:00:01.853369
9160	5	5	5	1	0:00:01.839847
9180	5	5	5	1	0:00:01.898260
9200	8	8	8	1	0:00:01.850435
9220	8	8	8	1	0:00:01.822131
9240	8	8	8	1	0:00:01.853227
9260	5	5	3	1	0:00:01.822374
9280	9	9	9	1	0:00:01.833597
9300	5	4	4	0	0:00:01.903612
9320	9	9	9	1	0:00:01.824497
9340	1	1	1	1	0:00:01.902639
9360	5	0	0	0	0:00:01.839322
9380	5	3	3	0	0:00:01.885105
9400	6	6	6	1	0:00:01.813952
9420	5	5	5	1	0:00:01.814962
9440	8	8	8	1	0:00:01.811703
9460	3	3	3	1	0:00:01.829333
9480	2	2	2	1	0:00:01.816809
9500	9	9	9	1	0:00:01.823877
9520	1	1	1	1	0:00:01.835897
9540	5	5	5	1	0:00:01.829629
9560	9	9	9	1	0:00:01.826439
9580	1	1	1	1	0:00:01.838249
9600	8	8	8	1	0:00:01.821159
9620	4	4	5	1	0:00:01.832004
9640	5	5	5	1	0:00:01.864233
9660	6	6	6	1	0:00:01.915735
9680	8	8	8	1	0:00:01.827294
9700	0	0	0	1	0:00:01.833973
9720	8	8	8	1	0:00:01.815744
9740	3	6	3	0	0:00:01.837409
9760	9	5	5	0	0:00:01.850777
9780	4	4	2	1	0:00:01.824532
9800	1	1	1	1	0:00:01.815476
9820	0	0	0	1	0:00:01.821120
9840	4	7	7	0	0:00:01.828676
9860	0	0	0	1	0:00:01.837297
9880	7	7	7	1	0:00:01.811155
9900	8	8	8	1	0:00:01.825424
9920	6	6	6	1	0:00:01.840022
9940	4	4	5	1	0:00:01.831081
9960	2	0	0	0	0:00:01.835648
9980	0	0	0	1	0:00:01.874098
