idx	label	predict	basePredict	correct	time
0	3	2	2	0	0:00:16.301381
20	7	1	9	0	0:00:15.831531
40	4	8	8	0	0:00:15.850603
60	7	2	4	0	0:00:15.880349
80	8	8	8	1	0:00:15.861776
100	4	3	3	0	0:00:15.828265
120	8	8	8	1	0:00:15.822565
140	6	2	2	0	0:00:15.879152
160	2	0	2	0	0:00:15.866117
180	0	9	8	0	0:00:15.837618
200	5	7	3	0	0:00:15.874048
220	7	7	7	1	0:00:15.881489
240	1	1	8	1	0:00:15.960370
260	8	3	6	0	0:00:15.836257
280	9	9	8	1	0:00:15.871326
300	6	7	4	0	0:00:15.839373
320	3	2	4	0	0:00:15.843324
340	2	4	4	0	0:00:15.841241
360	9	7	6	0	0:00:15.824384
380	6	4	4	0	0:00:15.844684
400	9	1	1	0	0:00:15.872991
420	4	6	6	0	0:00:15.830160
440	1	1	6	1	0:00:15.843736
460	5	3	3	0	0:00:15.894093
480	8	9	9	0	0:00:16.099928
500	4	6	6	0	0:00:15.847914
520	5	7	7	0	0:00:15.838115
540	1	9	8	0	0:00:16.059550
560	0	0	8	1	0:00:15.859777
580	4	6	4	0	0:00:16.130893
600	8	-1	8	0	0:00:15.852613
620	7	6	4	0	0:00:15.845870
640	5	3	3	0	0:00:15.831617
660	9	9	9	1	0:00:15.885103
680	9	7	4	0	0:00:15.833602
700	7	0	4	0	0:00:15.858516
720	4	9	9	0	0:00:18.103371
740	2	5	3	0	0:00:15.846246
760	3	9	9	0	0:00:18.155004
780	9	1	0	0	0:00:15.841915
800	7	7	7	1	0:00:15.828279
820	6	1	8	0	0:00:15.849195
840	7	7	7	1	0:00:15.867322
860	4	4	4	1	0:00:15.916393
880	8	8	8	1	0:00:15.922810
900	2	6	4	0	0:00:15.833842
920	6	2	2	0	0:00:15.937637
940	9	9	9	1	0:00:15.886416
960	9	9	4	1	0:00:15.879966
980	2	6	6	0	0:00:15.876289
1000	5	5	5	1	0:00:15.126309
1020	1	8	8	0	0:00:15.145066
1040	7	5	5	0	0:00:15.144836
1060	9	9	8	1	0:00:15.163496
1080	6	6	6	1	0:00:15.127566
1100	7	8	8	0	0:00:15.129797
1120	5	2	2	0	0:00:15.130177
1140	6	4	4	0	0:00:15.141070
1160	8	0	0	0	0:00:15.184512
1180	3	3	8	1	0:00:15.143528
1200	8	0	0	0	0:00:15.142372
1220	9	6	6	0	0:00:15.121583
1240	2	6	6	0	0:00:15.123946
1260	1	9	9	0	0:00:15.121202
1280	3	7	7	0	0:00:15.152105
1300	4	3	3	0	0:00:15.138011
1320	7	2	2	0	0:00:15.130332
1340	1	1	8	1	0:00:15.134647
1360	7	7	4	1	0:00:15.135586
1380	4	5	5	0	0:00:15.140317
1400	5	-1	2	0	0:00:15.135953
1420	4	7	7	0	0:00:15.133871
1440	0	8	8	0	0:00:15.152164
1460	6	6	4	1	0:00:15.136224
1480	1	5	5	0	0:00:15.138962
1500	1	9	9	0	0:00:15.130415
1520	7	6	2	0	0:00:15.128408
1540	8	8	8	1	0:00:15.140381
1560	7	7	7	1	0:00:15.133007
1580	6	1	1	0	0:00:15.134595
1600	8	9	6	0	0:00:15.135620
1620	5	8	8	0	0:00:15.144789
1640	7	5	3	0	0:00:15.131100
1660	3	5	4	0	0:00:15.127902
1680	6	6	6	1	0:00:15.130091
1700	5	2	2	0	0:00:15.164097
1720	4	2	2	0	0:00:15.139452
1740	1	9	9	0	0:00:15.129064
1760	0	8	8	0	0:00:15.119132
1780	7	9	8	0	0:00:15.160271
1800	4	8	8	0	0:00:15.145339
1820	8	9	8	0	0:00:15.136219
1840	8	7	4	0	0:00:15.197155
1860	8	8	8	1	0:00:15.147895
1880	1	8	8	0	0:00:15.145672
1900	8	8	8	1	0:00:15.150815
1920	2	5	2	0	0:00:15.137261
1940	5	3	3	0	0:00:15.135009
1960	2	5	5	0	0:00:15.131691
1980	9	9	2	1	0:00:15.139525
2000	1	6	4	0	0:00:15.127524
2020	9	9	1	1	0:00:15.155313
2040	0	8	8	0	0:00:15.122387
2060	5	5	3	1	0:00:15.131591
2080	1	6	4	0	0:00:15.122527
2100	2	4	4	0	0:00:15.122703
2120	4	8	8	0	0:00:15.126137
2140	9	1	1	0	0:00:15.123168
2160	0	8	8	0	0:00:15.134239
2180	4	-1	4	0	0:00:15.139349
2200	0	2	2	0	0:00:15.120847
2220	1	1	4	1	0:00:15.131807
2240	9	-1	8	0	0:00:15.127078
2260	4	7	4	0	0:00:15.140580
2280	4	8	8	0	0:00:15.122562
2300	3	6	4	0	0:00:15.117858
2320	5	8	8	0	0:00:15.127705
2340	7	7	7	1	0:00:15.131408
2360	7	5	3	0	0:00:15.114697
2380	8	0	0	0	0:00:15.131421
2400	0	4	4	0	0:00:15.153139
2420	8	5	5	0	0:00:15.137082
2440	7	1	8	0	0:00:15.124358
2460	9	3	3	0	0:00:15.111736
2480	8	8	8	1	0:00:15.129632
2500	4	-1	2	0	0:00:15.122841
2520	1	9	8	0	0:00:15.114427
2540	2	3	3	0	0:00:15.130103
2560	7	6	2	0	0:00:15.125801
2580	6	-1	4	0	0:00:15.143233
2600	8	8	8	1	0:00:15.143934
2620	1	4	4	0	0:00:15.127515
2640	7	7	6	1	0:00:15.133938
2660	3	-1	2	0	0:00:15.149324
2680	0	0	0	1	0:00:15.132854
2700	9	0	0	0	0:00:15.112707
2720	3	2	2	0	0:00:15.121509
2740	1	1	7	1	0:00:15.202231
2760	2	4	4	0	0:00:15.228201
2780	7	7	6	1	0:00:15.125798
2800	4	6	6	0	0:00:15.139535
2820	6	6	4	1	0:00:15.125301
2840	3	3	3	1	0:00:15.164949
2860	5	7	4	0	0:00:15.129560
2880	4	4	4	1	0:00:15.235050
2900	3	2	2	0	0:00:15.126676
2920	2	5	5	0	0:00:15.198876
2940	3	0	0	0	0:00:15.168080
2960	9	9	8	1	0:00:15.137321
2980	8	1	8	0	0:00:15.117540
3000	5	5	5	1	0:00:15.134506
3020	1	1	8	1	0:00:15.129576
3040	7	7	7	1	0:00:15.137397
3060	7	7	7	1	0:00:15.145337
3080	1	7	4	0	0:00:15.131906
3100	0	0	0	1	0:00:15.119740
3120	4	6	2	0	0:00:15.143448
3140	8	8	8	1	0:00:15.142134
3160	6	4	4	0	0:00:15.128060
3180	3	7	8	0	0:00:15.138870
3200	5	7	7	0	0:00:15.133916
3220	3	9	9	0	0:00:15.144934
3240	4	1	8	0	0:00:15.140656
3260	7	0	0	0	0:00:15.128989
3280	3	0	0	0	0:00:15.133588
3300	4	6	4	0	0:00:15.125314
3320	2	7	7	0	0:00:15.127486
3340	6	-1	4	0	0:00:15.128438
3360	4	6	6	0	0:00:15.127840
3380	8	1	8	0	0:00:15.116252
3400	6	4	4	0	0:00:15.118273
3420	5	-1	4	0	0:00:15.136133
3440	2	9	3	0	0:00:15.136692
3460	1	1	4	1	0:00:15.129336
3480	2	2	2	1	0:00:15.130573
3500	1	1	4	1	0:00:15.136155
3520	1	1	1	1	0:00:15.129414
3540	6	6	4	1	0:00:15.120611
3560	1	9	0	0	0:00:15.116490
3580	4	1	8	0	0:00:15.134625
3600	4	2	2	0	0:00:15.170797
3620	0	6	6	0	0:00:15.139525
3640	6	2	2	0	0:00:15.122136
3660	0	8	8	0	0:00:15.140162
3680	0	2	2	0	0:00:15.137989
3700	3	6	4	0	0:00:15.144486
3720	2	2	2	1	0:00:15.131970
3740	0	8	8	0	0:00:15.144066
3760	7	7	7	1	0:00:15.152141
3780	4	2	2	0	0:00:15.147804
3800	9	3	3	0	0:00:15.140758
3820	0	2	2	0	0:00:15.143708
3840	6	3	3	0	0:00:15.149154
3860	7	7	7	1	0:00:15.137646
3880	6	4	4	0	0:00:15.134680
3900	3	1	1	0	0:00:15.155192
3920	7	9	8	0	0:00:15.128032
3940	6	7	4	0	0:00:15.187816
3960	2	5	5	0	0:00:15.143295
3980	9	7	7	0	0:00:15.144404
4000	8	7	4	0	0:00:15.136502
4020	8	1	8	0	0:00:15.124584
4040	0	0	0	1	0:00:15.148003
4060	6	3	3	0	0:00:15.136364
4080	1	8	8	0	0:00:15.173198
4100	7	7	7	1	0:00:15.154059
4120	4	0	0	0	0:00:15.120601
4140	5	3	3	0	0:00:15.136265
4160	5	2	2	0	0:00:15.141921
4180	0	8	8	0	0:00:15.128388
4200	4	2	2	0	0:00:15.134637
4220	4	0	0	0	0:00:15.150974
4240	7	0	0	0	0:00:15.149513
4260	8	1	1	0	0:00:15.124856
4280	8	-1	8	0	0:00:15.135182
4300	8	8	8	1	0:00:15.118348
4320	1	8	8	0	0:00:15.137647
4340	0	8	8	0	0:00:15.151219
4360	6	9	9	0	0:00:15.155983
4380	9	8	8	0	0:00:15.170777
4400	3	4	4	0	0:00:15.139529
4420	5	8	8	0	0:00:15.114551
4440	2	6	2	0	0:00:15.104857
4460	9	8	8	0	0:00:15.119958
4480	9	6	6	0	0:00:15.103912
4500	3	-1	6	0	0:00:15.108621
4520	3	6	6	0	0:00:15.108423
4540	9	9	1	1	0:00:15.112247
4560	1	1	4	1	0:00:15.102594
4580	6	4	4	0	0:00:15.124829
4600	4	7	4	0	0:00:15.108291
4620	7	3	3	0	0:00:15.123376
4640	2	3	4	0	0:00:15.103873
4660	7	-1	2	0	0:00:15.114648
4680	9	1	1	0	0:00:15.118005
4700	6	1	4	0	0:00:15.122941
4720	8	0	0	0	0:00:15.103943
4740	5	-1	4	0	0:00:15.105259
4760	3	8	4	0	0:00:15.117984
4780	0	0	8	1	0:00:15.135912
4800	9	9	9	1	0:00:15.113027
4820	3	5	5	0	0:00:15.104238
4840	0	0	0	1	0:00:15.137535
4860	5	3	3	0	0:00:15.155840
4880	0	2	2	0	0:00:15.109282
4900	3	6	6	0	0:00:15.125931
4920	7	7	2	1	0:00:15.126195
4940	6	4	4	0	0:00:15.143950
4960	4	3	3	0	0:00:15.115227
4980	1	9	0	0	0:00:15.122374
5000	7	7	7	1	0:00:15.110140
5020	8	1	8	0	0:00:15.129889
5040	3	7	4	0	0:00:15.159528
5060	6	2	4	0	0:00:15.142124
5080	7	7	7	1	0:00:15.151838
5100	3	3	4	1	0:00:15.112355
5120	9	8	8	0	0:00:15.097374
5140	8	8	8	1	0:00:15.121457
5160	0	8	8	0	0:00:15.109483
5180	9	7	4	0	0:00:15.119135
5200	3	3	3	1	0:00:15.107902
5220	0	0	0	1	0:00:15.112686
5240	1	9	2	0	0:00:15.194132
5260	0	0	0	1	0:00:15.210461
5280	0	8	8	0	0:00:15.123279
5300	9	1	1	0	0:00:15.134614
5320	7	0	3	0	0:00:15.146085
5340	3	4	4	0	0:00:15.115927
5360	9	9	3	1	0:00:15.153522
5380	1	9	9	0	0:00:15.200684
5400	9	0	8	0	0:00:15.156225
5420	6	5	6	0	0:00:15.142156
5440	9	9	9	1	0:00:15.119658
5460	0	7	7	0	0:00:15.115776
5480	1	1	8	1	0:00:15.111964
5500	8	1	8	0	0:00:15.110511
5520	4	3	3	0	0:00:15.107877
5540	5	6	2	0	0:00:15.114212
5560	3	6	6	0	0:00:15.108295
5580	5	6	6	0	0:00:15.217646
5600	6	-1	0	0	0:00:15.122965
5620	3	2	2	0	0:00:15.107473
5640	2	5	3	0	0:00:15.173635
5660	9	0	8	0	0:00:15.148198
5680	2	1	8	0	0:00:15.117102
5700	3	6	2	0	0:00:15.109585
5720	9	9	9	1	0:00:15.121834
5740	6	4	4	0	0:00:15.146925
5760	2	0	2	0	0:00:15.097908
5780	7	7	4	1	0:00:15.119901
5800	2	6	4	0	0:00:15.113355
5820	5	6	6	0	0:00:15.131423
5840	2	6	6	0	0:00:15.076189
5860	0	8	8	0	0:00:15.117270
5880	0	8	8	0	0:00:15.085817
5900	4	3	4	0	0:00:15.103159
5920	8	8	8	1	0:00:15.085267
5940	7	4	4	0	0:00:15.127295
5960	2	7	4	0	0:00:15.129825
5980	9	9	6	1	0:00:15.136130
6000	8	9	8	0	0:00:15.109518
6020	6	7	6	0	0:00:15.108558
6040	2	7	7	0	0:00:15.091433
6060	3	4	4	0	0:00:15.096946
6080	1	9	6	0	0:00:15.088210
6100	1	1	8	1	0:00:15.079732
6120	5	3	5	0	0:00:15.135357
6140	9	9	7	1	0:00:15.125188
6160	2	5	5	0	0:00:15.079408
6180	0	9	8	0	0:00:15.103182
6200	3	9	8	0	0:00:15.109696
6220	2	6	5	0	0:00:15.109488
6240	2	1	4	0	0:00:15.083384
6260	2	9	8	0	0:00:15.094628
6280	8	5	4	0	0:00:15.094432
6300	1	7	4	0	0:00:15.114782
6320	0	0	0	1	0:00:15.097851
6340	3	7	3	0	0:00:15.096911
6360	2	6	2	0	0:00:15.106040
6380	3	6	6	0	0:00:15.102700
6400	0	1	8	0	0:00:15.098057
6420	7	8	8	0	0:00:15.095069
6440	3	9	8	0	0:00:15.085181
6460	3	1	4	0	0:00:15.101671
6480	0	2	2	0	0:00:15.079002
6500	7	0	8	0	0:00:15.096197
6520	6	4	4	0	0:00:15.083559
6540	8	8	8	1	0:00:15.099458
6560	6	7	4	0	0:00:15.094000
6580	1	2	2	0	0:00:15.094172
6600	7	7	7	1	0:00:15.098666
6620	7	7	7	1	0:00:15.106170
6640	5	8	8	0	0:00:15.078371
6660	0	0	8	1	0:00:15.107860
6680	3	5	5	0	0:00:15.087829
6700	6	-1	2	0	0:00:15.111176
6720	2	4	2	0	0:00:15.122714
6740	2	6	4	0	0:00:15.099513
6760	5	3	6	0	0:00:15.095723
6780	7	7	7	1	0:00:15.111181
6800	6	2	4	0	0:00:15.086256
6820	1	1	8	1	0:00:15.097167
6840	9	1	1	0	0:00:15.092666
6860	0	2	2	0	0:00:15.098531
6880	2	7	7	0	0:00:15.093181
6900	3	7	4	0	0:00:15.097549
6920	5	2	2	0	0:00:15.085371
6940	1	1	1	1	0:00:15.109729
6960	9	8	8	0	0:00:15.094377
6980	0	9	8	0	0:00:15.104306
7000	2	8	8	0	0:00:15.090974
7020	7	1	8	0	0:00:15.103999
7040	7	8	8	0	0:00:15.087240
7060	8	0	8	0	0:00:15.097716
7080	5	4	4	0	0:00:15.139839
7100	9	3	3	0	0:00:15.103217
7120	7	5	6	0	0:00:15.102726
7140	4	-1	4	0	0:00:15.099304
7160	5	4	4	0	0:00:15.103088
7180	6	6	6	1	0:00:15.100820
7200	4	6	2	0	0:00:15.102806
7220	9	9	8	1	0:00:15.086641
7240	0	8	8	0	0:00:15.095403
7260	1	8	8	0	0:00:15.120412
7280	1	6	4	0	0:00:15.071090
7300	3	7	4	0	0:00:15.087112
7320	8	0	0	0	0:00:15.082145
7340	2	4	4	0	0:00:15.114964
7360	2	7	4	0	0:00:15.102248
7380	7	9	7	0	0:00:15.103515
7400	3	3	3	1	0:00:15.100172
7420	3	0	0	0	0:00:15.116647
7440	3	6	2	0	0:00:15.136159
7460	5	5	5	1	0:00:15.193551
7480	1	8	5	0	0:00:15.144384
7500	6	6	6	1	0:00:15.139060
7520	4	6	4	0	0:00:15.099785
7540	5	5	5	1	0:00:15.109308
7560	0	6	2	0	0:00:15.147864
7580	8	0	8	0	0:00:15.187335
7600	8	9	8	0	0:00:15.097846
7620	5	9	4	0	0:00:15.150844
7640	9	-1	6	0	0:00:15.130838
7660	7	9	4	0	0:00:15.175928
7680	3	9	3	0	0:00:15.183560
7700	6	6	4	1	0:00:15.144224
7720	5	2	4	0	0:00:15.118221
7740	4	6	2	0	0:00:15.098937
7760	2	9	6	0	0:00:15.082431
7780	3	1	8	0	0:00:15.096714
7800	0	0	8	1	0:00:15.091832
7820	5	8	8	0	0:00:15.113934
7840	1	1	1	1	0:00:15.170708
7860	8	7	4	0	0:00:15.097946
7880	0	0	2	1	0:00:15.094360
7900	0	8	8	0	0:00:15.097794
7920	9	8	8	0	0:00:15.090104
7940	2	6	6	0	0:00:15.098457
7960	0	0	2	1	0:00:15.103765
7980	3	7	4	0	0:00:15.104402
8000	9	9	8	1	0:00:15.098988
8020	6	3	3	0	0:00:15.102222
8040	2	6	4	0	0:00:15.121022
8060	6	4	4	0	0:00:15.115249
8080	4	6	6	0	0:00:15.079188
8100	6	2	2	0	0:00:15.094302
8120	8	9	9	0	0:00:15.119754
8140	5	4	4	0	0:00:15.112716
8160	6	9	6	0	0:00:15.084125
8180	4	4	4	1	0:00:15.112368
8200	3	-1	2	0	0:00:15.080163
8220	6	2	2	0	0:00:15.094001
8240	7	7	4	1	0:00:15.098305
8260	1	3	3	0	0:00:15.082265
8280	4	3	3	0	0:00:15.084028
8300	5	2	2	0	0:00:15.105410
8320	7	3	4	0	0:00:15.091145
8340	5	3	4	0	0:00:15.084767
8360	7	7	4	1	0:00:15.091894
8380	9	8	8	0	0:00:15.098691
8400	0	8	8	0	0:00:15.103088
8420	3	4	4	0	0:00:15.127676
8440	5	3	4	0	0:00:15.082911
8460	8	8	8	1	0:00:15.091158
8480	2	1	8	0	0:00:15.088706
8500	4	2	2	0	0:00:15.087559
8520	8	4	4	0	0:00:15.099279
8540	4	6	2	0	0:00:15.090415
8560	7	4	4	0	0:00:15.078367
8580	3	0	2	0	0:00:15.102198
8600	3	7	4	0	0:00:15.085340
8620	3	1	4	0	0:00:15.090111
8640	1	1	8	1	0:00:15.079405
8660	7	5	5	0	0:00:15.121548
8680	3	9	8	0	0:00:15.100965
8700	3	3	3	1	0:00:15.122238
8720	2	0	0	0	0:00:15.129707
8740	2	6	4	0	0:00:15.124698
8760	8	8	5	1	0:00:15.104563
8780	4	7	4	0	0:00:15.097981
8800	0	0	0	1	0:00:15.089580
8820	2	3	3	0	0:00:15.114620
8840	2	1	1	0	0:00:15.112447
8860	2	6	6	0	0:00:15.190081
8880	1	9	6	0	0:00:15.176596
8900	2	6	4	0	0:00:15.189012
8920	6	6	6	1	0:00:15.189894
8940	6	3	3	0	0:00:15.196731
8960	0	0	0	1	0:00:15.162654
8980	9	9	8	1	0:00:15.126666
9000	8	8	8	1	0:00:15.102648
9020	7	9	8	0	0:00:15.114335
9040	2	5	5	0	0:00:15.079535
9060	9	5	5	0	0:00:15.102642
9080	3	0	0	0	0:00:15.112119
9100	9	6	6	0	0:00:15.100316
9120	3	0	0	0	0:00:15.085510
9140	7	9	8	0	0:00:15.089025
9160	5	7	4	0	0:00:15.086331
9180	5	5	5	1	0:00:15.109660
9200	8	8	8	1	0:00:15.103460
9220	8	8	8	1	0:00:15.188415
9240	8	9	8	0	0:00:15.110209
9260	5	6	5	0	0:00:15.132893
9280	9	1	8	0	0:00:15.101440
9300	5	3	2	0	0:00:15.090748
9320	9	9	8	1	0:00:15.097411
9340	1	1	1	1	0:00:15.097254
9360	5	9	4	0	0:00:15.088909
9380	5	9	3	0	0:00:15.113206
9400	6	4	4	0	0:00:15.092649
9420	5	6	6	0	0:00:15.096546
9440	8	8	8	1	0:00:15.098472
9460	3	7	4	0	0:00:15.094141
9480	2	4	4	0	0:00:15.079167
9500	9	1	4	0	0:00:15.082030
9520	1	1	1	1	0:00:15.091616
9540	5	3	4	0	0:00:15.083646
9560	9	7	7	0	0:00:15.088320
9580	1	4	4	0	0:00:15.103282
9600	8	8	8	1	0:00:15.105707
9620	4	7	7	0	0:00:15.119949
9640	5	0	6	0	0:00:15.098202
9660	6	6	6	1	0:00:15.125963
9680	8	8	8	1	0:00:15.093295
9700	0	0	2	1	0:00:15.102593
9720	8	6	6	0	0:00:15.153268
9740	3	4	4	0	0:00:15.124941
9760	9	7	4	0	0:00:15.085488
9780	4	6	6	0	0:00:15.180098
9800	1	1	1	1	0:00:15.106455
9820	0	8	8	0	0:00:15.106022
9840	4	5	5	0	0:00:15.092422
9860	0	5	8	0	0:00:15.143117
9880	7	4	4	0	0:00:15.099649
9900	8	0	6	0	0:00:15.089236
9920	6	4	2	0	0:00:15.093582
9940	4	5	6	0	0:00:15.154862
9960	2	0	0	0	0:00:15.091940
9980	0	0	0	1	0:00:15.123224
