idx	label	predict	basePredict	correct	time
0	3	3	2	1	0:00:03.007455
20	7	7	7	1	0:00:02.968613
40	4	8	8	0	0:00:02.943580
60	7	7	4	1	0:00:02.959172
80	8	8	8	1	0:00:02.954026
100	4	4	4	1	0:00:02.925377
120	8	8	8	1	0:00:02.946707
140	6	2	2	0	0:00:02.985982
160	2	0	2	0	0:00:02.935914
180	0	0	0	1	0:00:02.965115
200	5	3	3	0	0:00:02.957037
220	7	7	7	1	0:00:02.941952
240	1	1	1	1	0:00:02.943878
260	8	3	3	0	0:00:02.958234
280	9	9	9	1	0:00:03.167482
300	6	6	4	1	0:00:02.988324
320	3	3	2	1	0:00:02.939049
340	2	4	4	0	0:00:03.005401
360	9	9	6	1	0:00:02.955939
380	6	6	4	1	0:00:02.954199
400	9	9	8	1	0:00:02.967949
420	4	4	4	1	0:00:02.961810
440	1	1	1	1	0:00:03.164203
460	5	5	5	1	0:00:02.933844
480	8	9	8	0	0:00:03.008624
500	4	6	4	0	0:00:03.355092
520	5	5	5	1	0:00:02.958516
540	1	9	8	0	0:00:02.977328
560	0	0	8	1	0:00:02.937999
580	4	4	4	1	0:00:02.972807
600	8	8	8	1	0:00:02.986077
620	7	7	4	1	0:00:02.964346
640	5	3	3	0	0:00:02.954448
660	9	9	9	1	0:00:02.927828
680	9	9	1	1	0:00:03.059569
700	7	7	4	1	0:00:02.957109
720	4	9	7	0	0:00:02.962240
740	2	5	2	0	0:00:03.022141
760	3	9	3	0	0:00:02.936222
780	9	9	8	1	0:00:02.942495
800	7	7	7	1	0:00:02.937521
820	6	9	8	0	0:00:02.937214
840	7	7	7	1	0:00:02.963396
860	4	4	4	1	0:00:02.945905
880	8	8	8	1	0:00:02.952929
900	2	6	4	0	0:00:02.948009
920	6	6	2	1	0:00:02.944749
940	9	9	9	1	0:00:02.934610
960	9	9	9	1	0:00:02.938758
980	2	6	2	0	0:00:02.948831
1000	5	5	5	1	0:00:02.238199
1020	1	1	8	1	0:00:02.234089
1040	7	5	5	0	0:00:02.237126
1060	9	9	8	1	0:00:02.237016
1080	6	6	6	1	0:00:02.235375
1100	7	8	8	0	0:00:02.235037
1120	5	2	2	0	0:00:02.239232
1140	6	6	4	1	0:00:02.234223
1160	8	-1	8	0	0:00:02.233060
1180	3	3	3	1	0:00:02.233604
1200	8	8	0	1	0:00:02.234454
1220	9	6	6	0	0:00:02.233150
1240	2	6	6	0	0:00:02.236466
1260	1	9	9	0	0:00:02.234182
1280	3	7	7	0	0:00:02.235936
1300	4	3	8	0	0:00:02.239354
1320	7	2	2	0	0:00:02.235976
1340	1	1	1	1	0:00:02.234382
1360	7	7	4	1	0:00:02.234128
1380	4	5	5	0	0:00:02.233307
1400	5	6	2	0	0:00:02.236467
1420	4	7	4	0	0:00:02.232863
1440	0	8	0	0	0:00:02.234002
1460	6	6	4	1	0:00:02.233756
1480	1	5	5	0	0:00:02.233819
1500	1	1	1	1	0:00:02.236747
1520	7	7	4	1	0:00:02.240909
1540	8	8	8	1	0:00:02.233512
1560	7	7	7	1	0:00:02.233988
1580	6	1	1	0	0:00:02.233546
1600	8	9	6	0	0:00:02.233139
1620	5	8	8	0	0:00:02.233126
1640	7	5	3	0	0:00:02.233016
1660	3	3	3	1	0:00:02.233574
1680	6	6	6	1	0:00:02.233113
1700	5	2	2	0	0:00:02.233487
1720	4	2	2	0	0:00:02.232366
1740	1	9	1	0	0:00:02.233256
1760	0	8	8	0	0:00:02.232491
1780	7	7	8	1	0:00:02.232752
1800	4	8	8	0	0:00:02.236809
1820	8	8	8	1	0:00:02.233070
1840	8	9	4	0	0:00:02.237388
1860	8	8	8	1	0:00:02.236694
1880	1	1	8	1	0:00:02.235656
1900	8	8	8	1	0:00:02.237042
1920	2	2	2	1	0:00:02.235019
1940	5	3	3	0	0:00:02.235134
1960	2	5	5	0	0:00:02.236346
1980	9	9	4	1	0:00:02.233620
2000	1	6	6	0	0:00:02.234370
2020	9	9	9	1	0:00:02.239219
2040	0	8	8	0	0:00:02.233472
2060	5	5	5	1	0:00:02.233322
2080	1	1	6	1	0:00:02.233340
2100	2	4	4	0	0:00:02.234862
2120	4	8	8	0	0:00:02.233882
2140	9	9	9	1	0:00:02.233176
2160	0	8	8	0	0:00:02.233594
2180	4	4	4	1	0:00:02.235247
2200	0	0	2	1	0:00:02.232988
2220	1	1	1	1	0:00:02.234100
2240	9	9	9	1	0:00:02.234134
2260	4	-1	4	0	0:00:02.233156
2280	4	8	8	0	0:00:02.233410
2300	3	6	4	0	0:00:02.233249
2320	5	2	8	0	0:00:02.232993
2340	7	7	7	1	0:00:02.234913
2360	7	7	7	1	0:00:02.233751
2380	8	8	8	1	0:00:02.234394
2400	0	0	0	1	0:00:02.235312
2420	8	1	5	0	0:00:02.233498
2440	7	7	7	1	0:00:02.234079
2460	9	9	3	1	0:00:02.234425
2480	8	8	8	1	0:00:02.236681
2500	4	2	2	0	0:00:02.234092
2520	1	1	8	1	0:00:02.233936
2540	2	3	3	0	0:00:02.233822
2560	7	7	4	1	0:00:02.235390
2580	6	4	4	0	0:00:02.234045
2600	8	8	8	1	0:00:02.234275
2620	1	1	4	1	0:00:02.235545
2640	7	7	4	1	0:00:02.233980
2660	3	4	2	0	0:00:02.233800
2680	0	0	0	1	0:00:02.233938
2700	9	-1	0	0	0:00:02.235168
2720	3	2	2	0	0:00:02.239038
2740	1	1	1	1	0:00:02.234137
2760	2	2	4	1	0:00:02.234950
2780	7	7	7	1	0:00:02.234393
2800	4	6	4	0	0:00:02.233103
2820	6	6	6	1	0:00:02.234348
2840	3	3	3	1	0:00:02.238594
2860	5	6	6	0	0:00:02.233818
2880	4	4	4	1	0:00:02.234515
2900	3	2	5	0	0:00:02.235095
2920	2	5	2	0	0:00:02.233849
2940	3	0	0	0	0:00:02.235308
2960	9	9	8	1	0:00:02.235432
2980	8	-1	8	0	0:00:02.234261
3000	5	5	5	1	0:00:02.234226
3020	1	1	8	1	0:00:02.233507
3040	7	7	7	1	0:00:02.234435
3060	7	7	7	1	0:00:02.237979
3080	1	7	2	0	0:00:02.232789
3100	0	0	0	1	0:00:02.233107
3120	4	6	2	0	0:00:02.232572
3140	8	8	8	1	0:00:02.235140
3160	6	4	4	0	0:00:02.232893
3180	3	9	8	0	0:00:02.232803
3200	5	7	7	0	0:00:02.235723
3220	3	-1	3	0	0:00:02.233914
3240	4	-1	8	0	0:00:02.233088
3260	7	0	0	0	0:00:02.233799
3280	3	5	0	0	0:00:02.233875
3300	4	-1	4	0	0:00:02.233432
3320	2	7	7	0	0:00:02.233495
3340	6	6	4	1	0:00:02.233883
3360	4	6	4	0	0:00:02.234340
3380	8	8	8	1	0:00:02.234051
3400	6	4	4	0	0:00:02.234532
3420	5	-1	4	0	0:00:02.232479
3440	2	9	3	0	0:00:02.232936
3460	1	1	1	1	0:00:02.238127
3480	2	2	2	1	0:00:02.234129
3500	1	1	1	1	0:00:02.237111
3520	1	1	1	1	0:00:02.233196
3540	6	6	6	1	0:00:02.232945
3560	1	9	0	0	0:00:02.233000
3580	4	1	4	0	0:00:02.233133
3600	4	2	2	0	0:00:02.232847
3620	0	7	6	0	0:00:02.232932
3640	6	2	2	0	0:00:02.233269
3660	0	8	8	0	0:00:02.234595
3680	0	2	2	0	0:00:02.234946
3700	3	3	4	1	0:00:02.233092
3720	2	2	2	1	0:00:02.233682
3740	0	0	0	1	0:00:02.235469
3760	7	7	7	1	0:00:02.234614
3780	4	4	2	1	0:00:02.233107
3800	9	9	8	1	0:00:02.239061
3820	0	0	0	1	0:00:02.232945
3840	6	3	3	0	0:00:02.235113
3860	7	7	7	1	0:00:02.233456
3880	6	4	4	0	0:00:02.233352
3900	3	3	6	1	0:00:02.233015
3920	7	9	8	0	0:00:02.233925
3940	6	6	4	1	0:00:02.237000
3960	2	2	2	1	0:00:02.232774
3980	9	7	7	0	0:00:02.235779
4000	8	7	0	0	0:00:02.233504
4020	8	1	8	0	0:00:02.233598
4040	0	0	0	1	0:00:02.234050
4060	6	3	3	0	0:00:02.235049
4080	1	8	8	0	0:00:02.233433
4100	7	7	7	1	0:00:02.233315
4120	4	0	4	0	0:00:02.233899
4140	5	3	3	0	0:00:02.233083
4160	5	2	2	0	0:00:02.235089
4180	0	0	8	1	0:00:02.234433
4200	4	4	2	1	0:00:02.232543
4220	4	0	0	0	0:00:02.236786
4240	7	0	0	0	0:00:02.232866
4260	8	8	8	1	0:00:02.233078
4280	8	8	8	1	0:00:02.232425
4300	8	8	8	1	0:00:02.233397
4320	1	8	8	0	0:00:02.233695
4340	0	0	8	1	0:00:02.233478
4360	6	-1	6	0	0:00:02.233297
4380	9	9	8	1	0:00:02.233199
4400	3	4	4	0	0:00:02.234430
4420	5	8	8	0	0:00:02.232670
4440	2	2	2	1	0:00:02.234797
4460	9	1	8	0	0:00:02.233890
4480	9	9	3	1	0:00:02.232684
4500	3	3	6	1	0:00:02.234168
4520	3	6	6	0	0:00:02.233648
4540	9	9	9	1	0:00:02.234518
4560	1	1	4	1	0:00:02.235564
4580	6	4	4	0	0:00:02.244195
4600	4	7	4	0	0:00:02.233200
4620	7	3	3	0	0:00:02.233216
4640	2	4	4	0	0:00:02.238778
4660	7	4	2	0	0:00:02.233531
4680	9	1	1	0	0:00:02.233619
4700	6	1	4	0	0:00:02.233679
4720	8	0	0	0	0:00:02.233777
4740	5	3	3	0	0:00:02.234287
4760	3	3	4	1	0:00:02.233996
4780	0	0	0	1	0:00:02.235436
4800	9	9	9	1	0:00:02.234421
4820	3	5	5	0	0:00:02.233240
4840	0	0	0	1	0:00:02.233750
4860	5	5	5	1	0:00:02.234526
4880	0	2	2	0	0:00:02.234209
4900	3	6	6	0	0:00:02.233497
4920	7	7	7	1	0:00:02.234307
4940	6	6	2	1	0:00:02.234073
4960	4	6	4	0	0:00:02.234699
4980	1	9	8	0	0:00:02.233906
5000	7	7	7	1	0:00:02.234386
5020	8	8	8	1	0:00:02.234540
5040	3	3	4	1	0:00:02.234532
5060	6	-1	4	0	0:00:02.234021
5080	7	7	7	1	0:00:02.234637
5100	3	3	3	1	0:00:02.234466
5120	9	9	8	1	0:00:02.235608
5140	8	8	8	1	0:00:02.233144
5160	0	0	8	1	0:00:02.233150
5180	9	7	4	0	0:00:02.233607
5200	3	3	3	1	0:00:02.233248
5220	0	0	0	1	0:00:02.233041
5240	1	9	2	0	0:00:02.233018
5260	0	0	0	1	0:00:02.234225
5280	0	8	8	0	0:00:02.234673
5300	9	9	9	1	0:00:02.233951
5320	7	7	7	1	0:00:02.233416
5340	3	4	4	0	0:00:02.233226
5360	9	9	9	1	0:00:02.234264
5380	1	9	9	0	0:00:02.234148
5400	9	9	8	1	0:00:02.233485
5420	6	6	6	1	0:00:02.233896
5440	9	9	9	1	0:00:02.233566
5460	0	7	7	0	0:00:02.233923
5480	1	1	8	1	0:00:02.234071
5500	8	1	8	0	0:00:02.233999
5520	4	3	3	0	0:00:02.232454
5540	5	6	2	0	0:00:02.237322
5560	3	6	5	0	0:00:02.233118
5580	5	6	6	0	0:00:02.233142
5600	6	-1	0	0	0:00:02.233526
5620	3	2	2	0	0:00:02.234851
5640	2	3	3	0	0:00:02.240220
5660	9	9	8	1	0:00:02.234864
5680	2	3	8	0	0:00:02.234741
5700	3	3	3	1	0:00:02.233531
5720	9	9	9	1	0:00:02.234281
5740	6	4	4	0	0:00:02.233479
5760	2	2	2	1	0:00:02.233777
5780	7	7	7	1	0:00:02.234805
5800	2	-1	2	0	0:00:02.238042
5820	5	-1	3	0	0:00:02.235787
5840	2	2	6	1	0:00:02.234324
5860	0	8	8	0	0:00:02.238748
5880	0	0	0	1	0:00:02.233676
5900	4	4	4	1	0:00:02.233614
5920	8	8	8	1	0:00:02.233038
5940	7	4	4	0	0:00:02.233718
5960	2	4	4	0	0:00:02.233451
5980	9	9	9	1	0:00:02.232973
6000	8	9	8	0	0:00:02.233413
6020	6	6	6	1	0:00:02.234222
6040	2	7	7	0	0:00:02.233662
6060	3	4	4	0	0:00:02.232980
6080	1	9	6	0	0:00:02.233191
6100	1	1	8	1	0:00:02.233092
6120	5	5	5	1	0:00:02.234611
6140	9	9	9	1	0:00:02.234601
6160	2	5	5	0	0:00:02.234798
6180	0	9	8	0	0:00:02.234691
6200	3	3	3	1	0:00:02.233659
6220	2	6	4	0	0:00:02.234947
6240	2	2	4	1	0:00:02.233380
6260	2	9	4	0	0:00:02.234378
6280	8	5	4	0	0:00:02.234592
6300	1	7	4	0	0:00:02.234372
6320	0	0	0	1	0:00:02.233274
6340	3	3	3	1	0:00:02.234391
6360	2	2	2	1	0:00:02.234382
6380	3	6	6	0	0:00:02.243243
6400	0	1	4	0	0:00:02.233268
6420	7	7	8	1	0:00:02.233409
6440	3	9	8	0	0:00:02.236110
6460	3	1	4	0	0:00:02.239738
6480	0	0	0	1	0:00:02.235319
6500	7	0	8	0	0:00:02.232753
6520	6	4	4	0	0:00:02.233888
6540	8	8	8	1	0:00:02.236601
6560	6	6	4	1	0:00:02.235443
6580	1	-1	2	0	0:00:02.234491
6600	7	7	7	1	0:00:02.234390
6620	7	7	7	1	0:00:02.234125
6640	5	3	8	0	0:00:02.240505
6660	0	0	0	1	0:00:02.233865
6680	3	5	3	0	0:00:02.233873
6700	6	6	4	1	0:00:02.234840
6720	2	2	2	1	0:00:02.235530
6740	2	4	4	0	0:00:02.234686
6760	5	5	3	1	0:00:02.234115
6780	7	7	7	1	0:00:02.234343
6800	6	6	4	1	0:00:02.234746
6820	1	1	1	1	0:00:02.236299
6840	9	9	9	1	0:00:02.234118
6860	0	0	2	1	0:00:02.233328
6880	2	7	4	0	0:00:02.242063
6900	3	7	4	0	0:00:02.234155
6920	5	2	2	0	0:00:02.235383
6940	1	1	1	1	0:00:02.237800
6960	9	8	8	0	0:00:02.233478
6980	0	9	8	0	0:00:02.232413
7000	2	8	8	0	0:00:02.234588
7020	7	7	7	1	0:00:02.233553
7040	7	8	8	0	0:00:02.233415
7060	8	8	8	1	0:00:02.233631
7080	5	4	4	0	0:00:02.235155
7100	9	3	8	0	0:00:02.235533
7120	7	7	5	1	0:00:02.234002
7140	4	4	4	1	0:00:02.232861
7160	5	4	4	0	0:00:02.234051
7180	6	6	6	1	0:00:02.233877
7200	4	6	2	0	0:00:02.234051
7220	9	9	8	1	0:00:02.235691
7240	0	8	8	0	0:00:02.234666
7260	1	8	8	0	0:00:02.232937
7280	1	1	6	1	0:00:02.232911
7300	3	7	4	0	0:00:02.233584
7320	8	-1	8	0	0:00:02.233805
7340	2	4	4	0	0:00:02.233174
7360	2	4	4	0	0:00:02.233708
7380	7	7	7	1	0:00:02.234088
7400	3	3	3	1	0:00:02.233948
7420	3	0	2	0	0:00:02.237496
7440	3	3	2	1	0:00:02.236678
7460	5	5	5	1	0:00:02.233412
7480	1	8	8	0	0:00:02.233112
7500	6	6	6	1	0:00:02.234043
7520	4	4	4	1	0:00:02.233585
7540	5	5	5	1	0:00:02.234142
7560	0	9	4	0	0:00:02.233974
7580	8	8	8	1	0:00:02.233552
7600	8	9	8	0	0:00:02.233631
7620	5	3	3	0	0:00:02.233693
7640	9	9	6	1	0:00:02.233490
7660	7	7	4	1	0:00:02.233786
7680	3	9	3	0	0:00:02.233120
7700	6	6	6	1	0:00:02.234371
7720	5	5	5	1	0:00:02.233252
7740	4	-1	2	0	0:00:02.240578
7760	2	9	3	0	0:00:02.233815
7780	3	1	8	0	0:00:02.234108
7800	0	0	0	1	0:00:02.233979
7820	5	8	8	0	0:00:02.235667
7840	1	1	1	1	0:00:02.233052
7860	8	1	4	0	0:00:02.234257
7880	0	0	0	1	0:00:02.234436
7900	0	8	8	0	0:00:02.233443
7920	9	8	8	0	0:00:02.235674
7940	2	6	6	0	0:00:02.234226
7960	0	0	0	1	0:00:02.236525
7980	3	3	4	1	0:00:02.234619
8000	9	9	9	1	0:00:02.235753
8020	6	3	3	0	0:00:02.233732
8040	2	2	2	1	0:00:02.233928
8060	6	6	4	1	0:00:02.233518
8080	4	6	2	0	0:00:02.235392
8100	6	2	4	0	0:00:02.233812
8120	8	9	8	0	0:00:02.233428
8140	5	4	4	0	0:00:02.233543
8160	6	6	6	1	0:00:02.234485
8180	4	4	4	1	0:00:02.237022
8200	3	6	2	0	0:00:02.233366
8220	6	6	2	1	0:00:02.235303
8240	7	7	7	1	0:00:02.236360
8260	1	1	3	1	0:00:02.233736
8280	4	5	3	0	0:00:02.234445
8300	5	2	2	0	0:00:02.235899
8320	7	4	4	0	0:00:02.234187
8340	5	3	3	0	0:00:02.233843
8360	7	7	4	1	0:00:02.238773
8380	9	9	8	1	0:00:02.236128
8400	0	-1	8	0	0:00:02.237380
8420	3	6	4	0	0:00:02.235973
8440	5	3	4	0	0:00:02.239893
8460	8	8	8	1	0:00:02.238127
8480	2	2	4	1	0:00:02.235829
8500	4	4	4	1	0:00:02.249968
8520	8	1	4	0	0:00:02.244949
8540	4	4	2	1	0:00:02.245877
8560	7	7	4	1	0:00:02.239611
8580	3	0	2	0	0:00:02.235787
8600	3	3	4	1	0:00:02.233913
8620	3	7	4	0	0:00:02.233214
8640	1	1	1	1	0:00:02.235757
8660	7	7	7	1	0:00:02.235687
8680	3	9	8	0	0:00:02.236418
8700	3	3	3	1	0:00:02.239187
8720	2	0	0	0	0:00:02.242646
8740	2	2	4	1	0:00:02.237677
8760	8	8	8	1	0:00:02.236241
8780	4	4	4	1	0:00:02.234812
8800	0	0	0	1	0:00:02.234751
8820	2	2	2	1	0:00:02.235198
8840	2	1	7	0	0:00:02.234130
8860	2	2	2	1	0:00:02.234229
8880	1	1	1	1	0:00:02.234452
8900	2	-1	4	0	0:00:02.235518
8920	6	6	6	1	0:00:02.232999
8940	6	3	6	0	0:00:02.233360
8960	0	0	0	1	0:00:02.235729
8980	9	9	9	1	0:00:02.234712
9000	8	8	8	1	0:00:02.234113
9020	7	9	8	0	0:00:02.233851
9040	2	5	5	0	0:00:02.233986
9060	9	5	5	0	0:00:02.237081
9080	3	3	3	1	0:00:02.238684
9100	9	6	6	0	0:00:02.237525
9120	3	-1	3	0	0:00:02.237151
9140	7	9	4	0	0:00:02.234345
9160	5	5	5	1	0:00:02.234015
9180	5	5	5	1	0:00:02.235173
9200	8	8	8	1	0:00:02.242962
9220	8	8	8	1	0:00:02.236287
9240	8	8	8	1	0:00:02.241903
9260	5	5	5	1	0:00:02.233233
9280	9	1	8	0	0:00:02.234334
9300	5	3	2	0	0:00:02.233531
9320	9	9	8	1	0:00:02.232946
9340	1	1	1	1	0:00:02.234009
9360	5	6	4	0	0:00:02.234775
9380	5	3	3	0	0:00:02.235916
9400	6	6	4	1	0:00:02.234494
9420	5	5	6	1	0:00:02.234971
9440	8	8	8	1	0:00:02.234121
9460	3	7	6	0	0:00:02.240366
9480	2	4	4	0	0:00:02.232767
9500	9	-1	6	0	0:00:02.234514
9520	1	1	1	1	0:00:02.235730
9540	5	5	4	1	0:00:02.234036
9560	9	7	7	0	0:00:02.238658
9580	1	4	4	0	0:00:02.239212
9600	8	8	8	1	0:00:02.271482
9620	4	7	4	0	0:00:02.233507
9640	5	0	6	0	0:00:02.233029
9660	6	6	6	1	0:00:02.233085
9680	8	8	8	1	0:00:02.234924
9700	0	0	0	1	0:00:02.234516
9720	8	1	8	0	0:00:02.234327
9740	3	6	4	0	0:00:02.233824
9760	9	9	4	1	0:00:02.233824
9780	4	6	4	0	0:00:02.236725
9800	1	1	1	1	0:00:02.234598
9820	0	8	8	0	0:00:02.234030
9840	4	5	5	0	0:00:02.236763
9860	0	5	8	0	0:00:02.236020
9880	7	7	4	1	0:00:02.233813
9900	8	0	8	0	0:00:02.234553
9920	6	6	2	1	0:00:02.238649
9940	4	-1	4	0	0:00:02.234876
9960	2	0	0	0	0:00:02.237251
9980	0	0	0	1	0:00:02.238188
