idx	label	predict	basePredict	correct	time
0	3	6	4	0	0:00:13.170046
20	7	9	9	0	0:00:13.078132
40	4	8	8	0	0:00:13.095537
60	7	7	4	1	0:00:13.071253
80	8	8	8	1	0:00:13.068642
100	4	5	5	0	0:00:13.078486
120	8	8	8	1	0:00:13.072878
140	6	2	2	0	0:00:13.071671
160	2	2	2	1	0:00:13.076418
180	0	0	0	1	0:00:13.074728
200	5	3	3	0	0:00:13.078212
220	7	7	7	1	0:00:13.078559
240	1	1	1	1	0:00:13.081336
260	8	5	5	0	0:00:13.071351
280	9	9	9	1	0:00:13.075773
300	6	6	4	1	0:00:13.065711
320	3	5	2	0	0:00:13.077010
340	2	4	4	0	0:00:13.081085
360	9	6	6	0	0:00:13.071944
380	6	6	8	1	0:00:13.074445
400	9	1	1	0	0:00:13.072919
420	4	6	6	0	0:00:13.075544
440	1	1	1	1	0:00:13.087211
460	5	5	5	1	0:00:13.077547
480	8	9	9	0	0:00:13.080530
500	4	6	6	0	0:00:13.069439
520	5	7	7	0	0:00:13.071011
540	1	8	8	0	0:00:13.068438
560	0	0	0	1	0:00:13.068054
580	4	6	6	0	0:00:13.072845
600	8	8	8	1	0:00:13.077502
620	7	6	6	0	0:00:13.115158
640	5	3	3	0	0:00:13.085873
660	9	9	9	1	0:00:13.090225
680	9	1	1	0	0:00:13.084211
700	7	7	7	1	0:00:13.088725
720	4	9	9	0	0:00:13.069373
740	2	5	5	0	0:00:13.087109
760	3	9	9	0	0:00:13.077621
780	9	9	8	1	0:00:13.085643
800	7	7	7	1	0:00:13.073603
820	6	9	9	0	0:00:13.075713
840	7	7	7	1	0:00:13.072402
860	4	6	6	0	0:00:13.132076
880	8	8	8	1	0:00:13.085495
900	2	6	6	0	0:00:13.072853
920	6	2	2	0	0:00:13.072315
940	9	1	1	0	0:00:13.098345
960	9	9	8	1	0:00:13.078895
980	2	6	6	0	0:00:13.084532
1000	5	5	5	1	0:00:12.986148
1020	1	1	1	1	0:00:12.993224
1040	7	5	5	0	0:00:12.989942
1060	9	9	8	1	0:00:12.984490
1080	6	6	6	1	0:00:12.983825
1100	7	8	8	0	0:00:12.983097
1120	5	2	2	0	0:00:12.982365
1140	6	6	6	1	0:00:12.983782
1160	8	0	0	0	0:00:12.984959
1180	3	9	9	0	0:00:12.982995
1200	8	0	0	0	0:00:12.988375
1220	9	7	2	0	0:00:12.981278
1240	2	6	6	0	0:00:12.981205
1260	1	9	9	0	0:00:12.988736
1280	3	7	7	0	0:00:12.985590
1300	4	6	6	0	0:00:12.983941
1320	7	7	2	1	0:00:12.980788
1340	1	1	1	1	0:00:12.981964
1360	7	5	2	0	0:00:12.989961
1380	4	5	5	0	0:00:12.981100
1400	5	6	2	0	0:00:12.985912
1420	4	7	7	0	0:00:12.988129
1440	0	8	8	0	0:00:12.986451
1460	6	6	6	1	0:00:12.981661
1480	1	5	5	0	0:00:12.988028
1500	1	9	9	0	0:00:12.988611
1520	7	6	6	0	0:00:12.980853
1540	8	8	8	1	0:00:12.967534
1560	7	7	7	1	0:00:12.971148
1580	6	1	1	0	0:00:12.972916
1600	8	9	6	0	0:00:12.971401
1620	5	8	8	0	0:00:12.973257
1640	7	5	5	0	0:00:12.967531
1660	3	5	5	0	0:00:12.967963
1680	6	6	6	1	0:00:12.970423
1700	5	2	2	0	0:00:12.960719
1720	4	0	0	0	0:00:12.961149
1740	1	9	9	0	0:00:12.968196
1760	0	8	8	0	0:00:12.966413
1780	7	8	8	0	0:00:12.964159
1800	4	8	8	0	0:00:12.967266
1820	8	1	1	0	0:00:12.977861
1840	8	7	7	0	0:00:12.974078
1860	8	8	8	1	0:00:12.982475
1880	1	1	1	1	0:00:12.984700
1900	8	8	8	1	0:00:12.976418
1920	2	2	2	1	0:00:12.983121
1940	5	2	2	0	0:00:12.992443
1960	2	5	5	0	0:00:12.980704
1980	9	9	9	1	0:00:12.979117
2000	1	6	6	0	0:00:12.976951
2020	9	9	9	1	0:00:12.978299
2040	0	8	8	0	0:00:12.982024
2060	5	5	5	1	0:00:12.982565
2080	1	1	1	1	0:00:12.982740
2100	2	4	4	0	0:00:12.994319
2120	4	8	8	0	0:00:12.986923
2140	9	1	1	0	0:00:12.990252
2160	0	8	8	0	0:00:12.987885
2180	4	6	6	0	0:00:12.989980
2200	0	0	0	1	0:00:12.987184
2220	1	1	1	1	0:00:12.988912
2240	9	9	9	1	0:00:12.990150
2260	4	6	4	0	0:00:12.991567
2280	4	8	8	0	0:00:12.986105
2300	3	6	6	0	0:00:12.980792
2320	5	8	0	0	0:00:12.982101
2340	7	7	7	1	0:00:12.976820
2360	7	7	7	1	0:00:12.981801
2380	8	8	8	1	0:00:12.974934
2400	0	4	4	0	0:00:12.971764
2420	8	5	5	0	0:00:12.981243
2440	7	1	8	0	0:00:12.980726
2460	9	9	6	1	0:00:12.975112
2480	8	8	8	1	0:00:12.978714
2500	4	6	4	0	0:00:12.978336
2520	1	8	8	0	0:00:12.976301
2540	2	3	3	0	0:00:12.977531
2560	7	6	2	0	0:00:12.986095
2580	6	4	4	0	0:00:12.990594
2600	8	8	8	1	0:00:12.985131
2620	1	6	6	0	0:00:12.986199
2640	7	7	7	1	0:00:12.986170
2660	3	0	0	0	0:00:12.982796
2680	0	0	0	1	0:00:12.986464
2700	9	3	3	0	0:00:12.993655
2720	3	8	8	0	0:00:12.982959
2740	1	1	1	1	0:00:12.978130
2760	2	6	6	0	0:00:12.971864
2780	7	7	7	1	0:00:12.974916
2800	4	6	6	0	0:00:12.971951
2820	6	6	6	1	0:00:12.973541
2840	3	7	7	0	0:00:12.974786
2860	5	7	7	0	0:00:12.970818
2880	4	4	4	1	0:00:12.971523
2900	3	5	5	0	0:00:12.975357
2920	2	3	8	0	0:00:12.973131
2940	3	0	0	0	0:00:12.981173
2960	9	7	9	0	0:00:12.979867
2980	8	1	1	0	0:00:12.977250
3000	5	5	5	1	0:00:12.981206
3020	1	1	8	1	0:00:12.982400
3040	7	7	7	1	0:00:12.988178
3060	7	7	7	1	0:00:12.991213
3080	1	6	2	0	0:00:12.988715
3100	0	0	0	1	0:00:12.988503
3120	4	6	6	0	0:00:12.989078
3140	8	8	8	1	0:00:12.988492
3160	6	4	4	0	0:00:12.992793
3180	3	9	8	0	0:00:12.991499
3200	5	7	7	0	0:00:12.991452
3220	3	9	9	0	0:00:12.982594
3240	4	1	8	0	0:00:12.981736
3260	7	7	7	1	0:00:12.979629
3280	3	0	0	0	0:00:12.978363
3300	4	6	6	0	0:00:12.976979
3320	2	7	7	0	0:00:12.976685
3340	6	6	6	1	0:00:12.980558
3360	4	6	6	0	0:00:12.978298
3380	8	8	8	1	0:00:12.974754
3400	6	1	1	0	0:00:12.976519
3420	5	6	6	0	0:00:12.979080
3440	2	9	9	0	0:00:12.979793
3460	1	1	1	1	0:00:12.977263
3480	2	2	2	1	0:00:12.979945
3500	1	1	1	1	0:00:12.992237
3520	1	1	1	1	0:00:12.992625
3540	6	8	8	0	0:00:12.989181
3560	1	9	9	0	0:00:12.992647
3580	4	1	1	0	0:00:12.991201
3600	4	2	2	0	0:00:12.988728
3620	0	7	6	0	0:00:12.987457
3640	6	2	0	0	0:00:12.989468
3660	0	8	8	0	0:00:12.983949
3680	0	2	2	0	0:00:12.975704
3700	3	5	5	0	0:00:12.982215
3720	2	2	2	1	0:00:12.977196
3740	0	0	0	1	0:00:12.975026
3760	7	7	7	1	0:00:12.980898
3780	4	2	2	0	0:00:12.974846
3800	9	3	3	0	0:00:12.976095
3820	0	0	0	1	0:00:12.972068
3840	6	8	8	0	0:00:12.981013
3860	7	7	7	1	0:00:12.976339
3880	6	4	4	0	0:00:12.980289
3900	3	0	0	0	0:00:12.968778
3920	7	9	8	0	0:00:12.970825
3940	6	7	7	0	0:00:12.977093
3960	2	5	5	0	0:00:12.988565
3980	9	7	7	0	0:00:12.985575
4000	8	7	0	0	0:00:12.982895
4020	8	8	8	1	0:00:12.980470
4040	0	0	0	1	0:00:12.975956
4060	6	-1	0	0	0:00:12.979693
4080	1	1	8	1	0:00:12.985498
4100	7	7	7	1	0:00:12.986040
4120	4	0	0	0	0:00:12.985569
4140	5	3	3	0	0:00:12.977628
4160	5	2	2	0	0:00:12.975376
4180	0	8	8	0	0:00:12.972812
4200	4	2	2	0	0:00:12.969512
4220	4	0	0	0	0:00:12.967624
4240	7	8	8	0	0:00:12.968176
4260	8	8	8	1	0:00:12.973389
4280	8	8	8	1	0:00:12.968057
4300	8	8	8	1	0:00:12.972392
4320	1	8	8	0	0:00:12.967859
4340	0	0	0	1	0:00:12.969511
4360	6	9	9	0	0:00:12.978365
4380	9	9	9	1	0:00:12.969718
4400	3	6	8	0	0:00:12.978041
4420	5	8	8	0	0:00:12.987235
4440	2	6	6	0	0:00:12.989181
4460	9	1	8	0	0:00:12.985847
4480	9	9	6	1	0:00:12.984919
4500	3	7	7	0	0:00:12.984797
4520	3	6	6	0	0:00:12.985092
4540	9	9	9	1	0:00:12.984565
4560	1	1	1	1	0:00:12.990938
4580	6	6	6	1	0:00:12.984509
4600	4	7	7	0	0:00:12.975545
4620	7	3	3	0	0:00:12.974321
4640	2	5	5	0	0:00:12.977422
4660	7	6	2	0	0:00:12.972150
4680	9	1	1	0	0:00:12.966195
4700	6	1	1	0	0:00:12.975482
4720	8	0	0	0	0:00:12.970389
4740	5	6	6	0	0:00:12.968213
4760	3	2	2	0	0:00:12.967946
4780	0	0	0	1	0:00:12.967781
4800	9	9	9	1	0:00:12.973209
4820	3	5	5	0	0:00:12.972877
4840	0	0	0	1	0:00:12.972358
4860	5	5	5	1	0:00:12.979297
4880	0	2	2	0	0:00:12.984231
4900	3	1	1	0	0:00:12.990865
4920	7	7	0	1	0:00:12.987076
4940	6	6	2	1	0:00:12.983517
4960	4	6	6	0	0:00:12.985061
4980	1	9	9	0	0:00:12.986591
5000	7	7	7	1	0:00:12.981432
5020	8	8	8	1	0:00:12.982984
5040	3	4	4	0	0:00:12.983509
5060	6	6	6	1	0:00:12.981107
5080	7	7	7	1	0:00:12.971789
5100	3	4	4	0	0:00:12.975037
5120	9	8	8	0	0:00:12.972358
5140	8	8	8	1	0:00:12.968743
5160	0	8	8	0	0:00:12.967285
5180	9	6	6	0	0:00:12.974222
5200	3	3	3	1	0:00:12.974958
5220	0	0	0	1	0:00:12.965302
5240	1	9	3	0	0:00:12.972394
5260	0	0	0	1	0:00:12.970692
5280	0	8	8	0	0:00:12.974432
5300	9	1	1	0	0:00:12.974423
5320	7	7	7	1	0:00:12.972061
5340	3	2	2	0	0:00:12.989197
5360	9	9	9	1	0:00:12.991549
5380	1	9	9	0	0:00:12.986604
5400	9	0	0	0	0:00:12.984928
5420	6	6	6	1	0:00:12.985678
5440	9	9	9	1	0:00:12.984163
5460	0	0	2	1	0:00:12.988034
5480	1	-1	8	0	0:00:12.979844
5500	8	1	8	0	0:00:12.985446
5520	4	5	5	0	0:00:12.983001
5540	5	6	6	0	0:00:12.967874
5560	3	6	6	0	0:00:12.972947
5580	5	6	6	0	0:00:12.968549
5600	6	8	8	0	0:00:12.967721
5620	3	4	4	0	0:00:12.968852
5640	2	3	3	0	0:00:12.969179
5660	9	8	8	0	0:00:12.964563
5680	2	1	8	0	0:00:12.971301
5700	3	6	6	0	0:00:12.974026
5720	9	9	9	1	0:00:12.972716
5740	6	6	6	1	0:00:12.971064
5760	2	2	8	1	0:00:12.966054
5780	7	7	7	1	0:00:12.973004
5800	2	6	6	0	0:00:12.984579
5820	5	6	6	0	0:00:12.987639
5840	2	6	6	0	0:00:12.987140
5860	0	8	8	0	0:00:12.981791
5880	0	8	0	0	0:00:12.981756
5900	4	5	4	0	0:00:12.980808
5920	8	8	8	1	0:00:12.986465
5940	7	4	4	0	0:00:12.983677
5960	2	7	7	0	0:00:12.982756
5980	9	9	9	1	0:00:12.979318
6000	8	9	8	0	0:00:12.969019
6020	6	6	6	1	0:00:12.977323
6040	2	7	7	0	0:00:12.969475
6060	3	4	4	0	0:00:12.968374
6080	1	1	1	1	0:00:12.971389
6100	1	1	8	1	0:00:12.971873
6120	5	5	5	1	0:00:12.971383
6140	9	9	9	1	0:00:12.965750
6160	2	5	5	0	0:00:12.967636
6180	0	8	8	0	0:00:12.975201
6200	3	3	3	1	0:00:12.970239
6220	2	6	6	0	0:00:12.967961
6240	2	1	6	0	0:00:12.971009
6260	2	9	9	0	0:00:12.977817
6280	8	5	5	0	0:00:12.983587
6300	1	-1	4	0	0:00:12.991422
6320	0	0	0	1	0:00:12.981288
6340	3	3	3	1	0:00:12.983384
6360	2	6	2	0	0:00:12.981279
6380	3	1	6	0	0:00:12.988026
6400	0	1	1	0	0:00:12.985289
6420	7	7	7	1	0:00:12.985516
6440	3	8	8	0	0:00:12.980880
6460	3	1	1	0	0:00:12.970443
6480	0	0	0	1	0:00:12.973654
6500	7	0	0	0	0:00:12.968993
6520	6	4	4	0	0:00:12.971511
6540	8	8	8	1	0:00:12.967669
6560	6	6	6	1	0:00:12.971120
6580	1	8	8	0	0:00:12.978217
6600	7	7	7	1	0:00:12.971941
6620	7	7	7	1	0:00:12.973172
6640	5	3	3	0	0:00:12.967710
6660	0	0	8	1	0:00:12.974491
6680	3	3	3	1	0:00:12.974774
6700	6	6	6	1	0:00:12.971402
6720	2	2	2	1	0:00:12.974272
6740	2	6	6	0	0:00:12.981415
6760	5	2	2	0	0:00:12.983644
6780	7	7	7	1	0:00:12.981499
6800	6	6	6	1	0:00:12.983433
6820	1	1	1	1	0:00:12.984270
6840	9	1	1	0	0:00:12.982279
6860	0	0	0	1	0:00:12.989136
6880	2	7	7	0	0:00:12.985098
6900	3	7	7	0	0:00:12.986720
6920	5	2	2	0	0:00:12.969831
6940	1	1	1	1	0:00:12.976020
6960	9	8	8	0	0:00:12.972976
6980	0	9	9	0	0:00:12.969620
7000	2	8	8	0	0:00:12.972656
7020	7	7	7	1	0:00:12.971518
7040	7	8	8	0	0:00:12.976392
7060	8	0	8	0	0:00:12.972467
7080	5	4	0	0	0:00:12.969742
7100	9	3	3	0	0:00:12.973619
7120	7	7	7	1	0:00:12.975253
7140	4	4	4	1	0:00:12.966514
7160	5	4	4	0	0:00:12.972274
7180	6	6	6	1	0:00:12.975511
7200	4	6	6	0	0:00:12.987021
7220	9	8	8	0	0:00:12.984632
7240	0	8	8	0	0:00:12.976342
7260	1	8	8	0	0:00:12.980277
7280	1	1	6	1	0:00:12.980925
7300	3	0	0	0	0:00:12.978108
7320	8	0	0	0	0:00:12.982067
7340	2	4	4	0	0:00:12.985724
7360	2	7	5	0	0:00:12.981905
7380	7	7	7	1	0:00:12.967554
7400	3	9	9	0	0:00:12.972444
7420	3	0	0	0	0:00:12.969067
7440	3	6	6	0	0:00:12.973206
7460	5	5	5	1	0:00:12.970943
7480	1	5	5	0	0:00:12.971008
7500	6	6	6	1	0:00:12.974446
7520	4	6	6	0	0:00:12.971398
7540	5	5	5	1	0:00:12.975671
7560	0	6	2	0	0:00:12.971824
7580	8	8	8	1	0:00:12.968119
7600	8	9	9	0	0:00:12.970578
7620	5	3	3	0	0:00:12.968437
7640	9	8	8	0	0:00:12.980498
7660	7	1	1	0	0:00:12.987302
7680	3	9	9	0	0:00:12.985710
7700	6	6	6	1	0:00:12.984235
7720	5	6	6	0	0:00:12.982461
7740	4	6	2	0	0:00:12.981095
7760	2	9	9	0	0:00:12.986018
7780	3	1	1	0	0:00:12.986928
7800	0	0	0	1	0:00:12.979413
7820	5	8	8	0	0:00:12.980905
7840	1	1	1	1	0:00:12.971021
7860	8	-1	4	0	0:00:12.973080
7880	0	-1	2	0	0:00:12.964259
7900	0	8	8	0	0:00:12.968547
7920	9	8	8	0	0:00:12.969307
7940	2	6	6	0	0:00:12.965623
7960	0	0	0	1	0:00:12.969942
7980	3	7	4	0	0:00:12.966791
8000	9	9	8	1	0:00:12.967088
8020	6	6	6	1	0:00:12.971564
8040	2	6	6	0	0:00:12.969934
8060	6	6	6	1	0:00:12.970767
8080	4	6	6	0	0:00:12.964780
8100	6	2	2	0	0:00:12.979626
8120	8	9	8	0	0:00:12.992435
8140	5	6	6	0	0:00:12.985725
8160	6	9	6	0	0:00:12.987074
8180	4	6	6	0	0:00:12.981860
8200	3	6	6	0	0:00:12.982597
8220	6	6	6	1	0:00:12.982861
8240	7	7	7	1	0:00:12.981126
8260	1	1	1	1	0:00:12.988360
8280	4	5	5	0	0:00:12.985605
8300	5	2	2	0	0:00:12.968844
8320	7	4	4	0	0:00:12.966850
8340	5	5	5	1	0:00:12.973546
8360	7	7	4	1	0:00:12.971999
8380	9	8	8	0	0:00:12.968978
8400	0	8	8	0	0:00:12.966587
8420	3	6	4	0	0:00:12.974713
8440	5	9	4	0	0:00:12.967490
8460	8	8	8	1	0:00:12.968188
8480	2	1	8	0	0:00:12.966839
8500	4	2	2	0	0:00:12.971804
8520	8	6	6	0	0:00:12.972672
8540	4	6	4	0	0:00:12.964277
8560	7	7	7	1	0:00:12.974599
8580	3	1	1	0	0:00:12.984865
8600	3	7	7	0	0:00:12.986714
8620	3	-1	4	0	0:00:12.986205
8640	1	1	1	1	0:00:12.981823
8660	7	5	5	0	0:00:12.984404
8680	3	9	0	0	0:00:12.979641
8700	3	5	5	0	0:00:12.997548
8720	2	0	0	0	0:00:12.999129
8740	2	6	6	0	0:00:12.999976
8760	8	8	8	1	0:00:12.983419
8780	4	4	4	1	0:00:12.962092
8800	0	0	0	1	0:00:12.967144
8820	2	2	2	1	0:00:12.964979
8840	2	1	1	0	0:00:12.965398
8860	2	2	2	1	0:00:12.969078
8880	1	1	6	1	0:00:12.970434
8900	2	6	4	0	0:00:12.963450
8920	6	6	6	1	0:00:12.964012
8940	6	3	3	0	0:00:12.963302
8960	0	0	0	1	0:00:12.962543
8980	9	9	9	1	0:00:12.967311
9000	8	8	8	1	0:00:12.965960
9020	7	7	9	1	0:00:12.971126
9040	2	5	5	0	0:00:12.977424
9060	9	5	5	0	0:00:12.973875
9080	3	0	0	0	0:00:12.972218
9100	9	6	6	0	0:00:12.971741
9120	3	0	0	0	0:00:12.968929
9140	7	8	8	0	0:00:12.970217
9160	5	5	5	1	0:00:12.971969
9180	5	5	5	1	0:00:12.972374
9200	8	8	8	1	0:00:12.969548
9220	8	8	8	1	0:00:12.967274
9240	8	8	8	1	0:00:12.961944
9260	5	5	5	1	0:00:12.967500
9280	9	0	8	0	0:00:12.966246
9300	5	5	2	1	0:00:12.970512
9320	9	9	8	1	0:00:12.966227
9340	1	1	1	1	0:00:12.967906
9360	5	0	6	0	0:00:12.965132
9380	5	9	9	0	0:00:12.967319
9400	6	6	6	1	0:00:12.967637
9420	5	6	6	0	0:00:12.967928
9440	8	8	8	1	0:00:12.974175
9460	3	6	6	0	0:00:12.969015
9480	2	4	4	0	0:00:12.968918
9500	9	1	6	0	0:00:12.977862
9520	1	1	1	1	0:00:12.974325
9540	5	5	5	1	0:00:12.975935
9560	9	7	7	0	0:00:12.978759
9580	1	4	4	0	0:00:12.973232
9600	8	8	8	1	0:00:12.969368
9620	4	7	2	0	0:00:12.976249
9640	5	0	0	0	0:00:12.973351
9660	6	6	6	1	0:00:12.975465
9680	8	8	8	1	0:00:12.974511
9700	0	0	0	1	0:00:12.962808
9720	8	6	6	0	0:00:12.966225
9740	3	6	6	0	0:00:12.965960
9760	9	9	7	1	0:00:12.964685
9780	4	6	6	0	0:00:12.965112
9800	1	1	1	1	0:00:12.969891
9820	0	8	8	0	0:00:12.970914
9840	4	7	7	0	0:00:12.969456
9860	0	2	2	0	0:00:12.966319
9880	7	4	4	0	0:00:12.968440
9900	8	0	0	0	0:00:12.964775
9920	6	6	6	1	0:00:12.963835
9940	4	5	5	0	0:00:12.971046
9960	2	0	0	0	0:00:12.971595
9980	0	0	0	1	0:00:12.974821
