idx	label	predict	basePredict	correct	time
0	3	3	3	1	0:00:03.592184
20	7	1	1	0	0:00:03.537394
40	4	4	4	1	0:00:03.664397
60	7	7	7	1	0:00:03.536961
80	8	8	8	1	0:00:03.540700
100	4	5	5	0	0:00:03.554631
120	8	8	8	1	0:00:03.502211
140	6	6	6	1	0:00:03.522353
160	2	2	2	1	0:00:03.519131
180	0	0	0	1	0:00:03.530004
200	5	5	5	1	0:00:03.533463
220	7	5	5	0	0:00:03.538359
240	1	1	1	1	0:00:03.524340
260	8	8	8	1	0:00:03.507674
280	9	9	9	1	0:00:03.512051
300	6	6	6	1	0:00:03.467014
320	3	3	3	1	0:00:03.490953
340	2	-1	2	0	0:00:03.540717
360	9	9	9	1	0:00:03.521902
380	6	6	6	1	0:00:03.541222
400	9	9	9	1	0:00:03.538787
420	4	4	4	1	0:00:03.533349
440	1	1	1	1	0:00:03.558489
460	5	5	5	1	0:00:03.512731
480	8	8	8	1	0:00:03.523045
500	4	6	6	0	0:00:03.540813
520	5	5	5	1	0:00:03.528351
540	1	1	1	1	0:00:03.524846
560	0	0	0	1	0:00:03.543529
580	4	4	4	1	0:00:03.522034
600	8	8	8	1	0:00:03.549116
620	7	7	7	1	0:00:03.520994
640	5	3	3	0	0:00:03.530496
660	9	9	9	1	0:00:03.539387
680	9	1	1	0	0:00:03.531702
700	7	7	7	1	0:00:03.529189
720	4	4	4	1	0:00:03.569233
740	2	3	2	0	0:00:03.525932
760	3	3	3	1	0:00:03.534326
780	9	9	9	1	0:00:03.495236
800	7	7	7	1	0:00:03.518191
820	6	6	5	1	0:00:03.512871
840	7	7	7	1	0:00:03.543248
860	4	4	4	1	0:00:03.530659
880	8	8	8	1	0:00:03.527123
900	2	6	6	0	0:00:03.533029
920	6	4	4	0	0:00:03.533733
940	9	9	9	1	0:00:03.533245
960	9	9	3	1	0:00:03.580607
980	2	2	2	1	0:00:03.586437
1000	5	5	5	1	0:00:03.466544
1020	1	1	1	1	0:00:03.464710
1040	7	3	3	0	0:00:03.435205
1060	9	9	9	1	0:00:03.449719
1080	6	6	2	1	0:00:03.453243
1100	7	7	7	1	0:00:03.435365
1120	5	2	2	0	0:00:03.433884
1140	6	6	6	1	0:00:03.412694
1160	8	8	8	1	0:00:03.445802
1180	3	3	3	1	0:00:03.447268
1200	8	8	8	1	0:00:03.427638
1220	9	3	3	0	0:00:03.448418
1240	2	2	2	1	0:00:03.448288
1260	1	9	9	0	0:00:03.447537
1280	3	5	5	0	0:00:03.401896
1300	4	3	3	0	0:00:03.364450
1320	7	7	7	1	0:00:03.363789
1340	1	1	1	1	0:00:03.360445
1360	7	7	7	1	0:00:03.361502
1380	4	4	4	1	0:00:03.359734
1400	5	5	5	1	0:00:03.467874
1420	4	4	7	1	0:00:03.388580
1440	0	0	0	1	0:00:03.389606
1460	6	6	6	1	0:00:03.408941
1480	1	1	1	1	0:00:03.386265
1500	1	1	1	1	0:00:03.390688
1520	7	7	7	1	0:00:03.453768
1540	8	8	8	1	0:00:03.419861
1560	7	7	7	1	0:00:03.422143
1580	6	6	6	1	0:00:03.428948
1600	8	9	9	0	0:00:03.449232
1620	5	4	4	0	0:00:03.356592
1640	7	7	7	1	0:00:03.374681
1660	3	3	3	1	0:00:03.442342
1680	6	6	6	1	0:00:03.431055
1700	5	3	3	0	0:00:03.419693
1720	4	4	3	1	0:00:03.364576
1740	1	1	1	1	0:00:03.383613
1760	0	0	0	1	0:00:03.452466
1780	7	7	7	1	0:00:03.399208
1800	4	4	4	1	0:00:03.396656
1820	8	8	8	1	0:00:03.391769
1840	8	4	4	0	0:00:03.406390
1860	8	8	8	1	0:00:03.358585
1880	1	1	1	1	0:00:03.360988
1900	8	8	8	1	0:00:03.363609
1920	2	2	2	1	0:00:03.360207
1940	5	5	2	1	0:00:03.374584
1960	2	5	5	0	0:00:03.364999
1980	9	9	9	1	0:00:03.431692
2000	1	1	1	1	0:00:03.439526
2020	9	9	9	1	0:00:03.445678
2040	0	0	0	1	0:00:03.434269
2060	5	3	3	0	0:00:03.434274
2080	1	1	1	1	0:00:03.434420
2100	2	2	2	1	0:00:03.352570
2120	4	8	8	0	0:00:03.354774
2140	9	9	9	1	0:00:03.350671
2160	0	0	0	1	0:00:03.376826
2180	4	4	4	1	0:00:03.429070
2200	0	0	0	1	0:00:03.433280
2220	1	1	1	1	0:00:03.421608
2240	9	9	9	1	0:00:03.360382
2260	4	4	4	1	0:00:03.394448
2280	4	2	2	0	0:00:03.385538
2300	3	4	2	0	0:00:03.417315
2320	5	3	3	0	0:00:03.388712
2340	7	7	7	1	0:00:03.397836
2360	7	7	7	1	0:00:03.444784
2380	8	1	8	0	0:00:03.433954
2400	0	0	0	1	0:00:03.436967
2420	8	-1	7	0	0:00:03.433625
2440	7	7	7	1	0:00:03.434779
2460	9	9	9	1	0:00:03.444724
2480	8	8	8	1	0:00:03.426387
2500	4	6	2	0	0:00:03.449463
2520	1	0	0	0	0:00:03.430993
2540	2	2	2	1	0:00:03.436466
2560	7	7	7	1	0:00:03.433044
2580	6	6	6	1	0:00:03.441490
2600	8	8	8	1	0:00:03.444464
2620	1	1	1	1	0:00:03.447258
2640	7	7	7	1	0:00:03.452165
2660	3	3	3	1	0:00:03.470644
2680	0	0	0	1	0:00:03.427230
2700	9	1	1	0	0:00:03.431828
2720	3	3	3	1	0:00:03.452261
2740	1	1	1	1	0:00:03.439408
2760	2	2	2	1	0:00:03.447055
2780	7	7	7	1	0:00:03.436474
2800	4	4	4	1	0:00:03.440517
2820	6	6	6	1	0:00:03.435747
2840	3	3	3	1	0:00:03.437161
2860	5	5	5	1	0:00:03.450087
2880	4	4	4	1	0:00:03.397054
2900	3	2	2	0	0:00:03.367432
2920	2	2	2	1	0:00:03.433502
2940	3	0	0	0	0:00:03.436527
2960	9	0	0	0	0:00:03.404648
2980	8	8	8	1	0:00:03.408279
3000	5	5	5	1	0:00:03.403214
3020	1	1	1	1	0:00:03.350531
3040	7	7	7	1	0:00:03.380242
3060	7	7	7	1	0:00:03.326518
3080	1	1	1	1	0:00:03.343502
3100	0	0	0	1	0:00:03.355708
3120	4	4	4	1	0:00:03.366363
3140	8	8	8	1	0:00:03.358707
3160	6	2	2	0	0:00:03.376195
3180	3	6	3	0	0:00:03.368830
3200	5	5	5	1	0:00:03.398646
3220	3	9	3	0	0:00:03.408628
3240	4	1	1	0	0:00:03.339101
3260	7	7	7	1	0:00:03.351825
3280	3	3	3	1	0:00:03.348770
3300	4	4	4	1	0:00:03.363050
3320	2	2	2	1	0:00:03.366045
3340	6	6	6	1	0:00:03.365110
3360	4	4	4	1	0:00:03.442541
3380	8	8	8	1	0:00:03.402452
3400	6	4	4	0	0:00:03.413821
3420	5	3	3	0	0:00:03.432252
3440	2	3	3	0	0:00:03.413971
3460	1	1	1	1	0:00:03.399417
3480	2	2	2	1	0:00:03.406889
3500	1	9	9	0	0:00:03.411921
3520	1	1	1	1	0:00:03.418891
3540	6	6	3	1	0:00:03.417791
3560	1	9	9	0	0:00:03.422653
3580	4	4	4	1	0:00:03.414057
3600	4	3	3	0	0:00:03.418277
3620	0	0	0	1	0:00:03.371037
3640	6	6	6	1	0:00:03.367434
3660	0	0	0	1	0:00:03.380487
3680	0	0	0	1	0:00:03.416502
3700	3	3	3	1	0:00:03.405709
3720	2	2	2	1	0:00:03.426492
3740	0	0	0	1	0:00:03.420198
3760	7	7	7	1	0:00:03.399120
3780	4	4	4	1	0:00:03.397488
3800	9	9	9	1	0:00:03.438220
3820	0	8	8	0	0:00:03.409851
3840	6	8	4	0	0:00:03.418414
3860	7	7	7	1	0:00:03.410887
3880	6	6	6	1	0:00:03.417088
3900	3	3	3	1	0:00:03.408265
3920	7	7	7	1	0:00:03.411136
3940	6	3	3	0	0:00:03.367224
3960	2	2	2	1	0:00:03.356981
3980	9	2	9	0	0:00:03.392542
4000	8	2	2	0	0:00:03.411278
4020	8	8	8	1	0:00:03.423463
4040	0	0	0	1	0:00:03.402710
4060	6	6	6	1	0:00:03.410573
4080	1	1	1	1	0:00:03.422851
4100	7	7	7	1	0:00:03.399536
4120	4	4	4	1	0:00:03.349232
4140	5	5	5	1	0:00:03.346202
4160	5	5	5	1	0:00:03.336219
4180	0	0	8	1	0:00:03.419856
4200	4	4	4	1	0:00:03.417083
4220	4	0	0	0	0:00:03.408806
4240	7	7	7	1	0:00:03.439880
4260	8	8	8	1	0:00:03.419245
4280	8	0	0	0	0:00:03.415118
4300	8	8	8	1	0:00:03.422433
4320	1	9	1	0	0:00:03.442608
4340	0	0	0	1	0:00:03.439377
4360	6	6	6	1	0:00:03.445027
4380	9	9	9	1	0:00:03.443850
4400	3	5	5	0	0:00:03.448394
4420	5	5	5	1	0:00:03.463934
4440	2	2	2	1	0:00:03.440087
4460	9	9	9	1	0:00:03.439558
4480	9	9	9	1	0:00:03.450043
4500	3	3	3	1	0:00:03.413605
4520	3	3	3	1	0:00:03.424373
4540	9	9	9	1	0:00:03.439657
4560	1	1	1	1	0:00:03.440626
4580	6	6	6	1	0:00:03.422055
4600	4	4	4	1	0:00:03.431933
4620	7	7	3	1	0:00:03.458975
4640	2	2	2	1	0:00:03.409859
4660	7	7	7	1	0:00:03.403632
4680	9	9	9	1	0:00:03.416584
4700	6	6	5	1	0:00:03.405706
4720	8	8	0	1	0:00:03.404093
4740	5	3	3	0	0:00:03.394209
4760	3	2	3	0	0:00:03.399773
4780	0	0	0	1	0:00:03.407714
4800	9	9	9	1	0:00:03.406710
4820	3	3	3	1	0:00:03.414365
4840	0	0	0	1	0:00:03.394825
4860	5	5	5	1	0:00:03.397414
4880	0	0	0	1	0:00:03.397578
4900	3	3	3	1	0:00:03.406169
4920	7	7	7	1	0:00:03.414395
4940	6	6	6	1	0:00:03.415234
4960	4	4	4	1	0:00:03.384207
4980	1	1	1	1	0:00:03.394423
5000	7	7	7	1	0:00:03.414247
5020	8	8	8	1	0:00:03.396483
5040	3	3	3	1	0:00:03.405428
5060	6	6	6	1	0:00:03.440827
5080	7	4	4	0	0:00:03.406100
5100	3	3	3	1	0:00:03.416128
5120	9	9	9	1	0:00:03.408967
5140	8	8	8	1	0:00:03.408549
5160	0	0	0	1	0:00:03.406814
5180	9	7	7	0	0:00:03.402662
5200	3	3	3	1	0:00:03.397769
5220	0	0	0	1	0:00:03.396049
5240	1	1	1	1	0:00:03.411187
5260	0	0	0	1	0:00:03.394345
5280	0	-1	2	0	0:00:03.398132
5300	9	9	9	1	0:00:03.408387
5320	7	7	7	1	0:00:03.399298
5340	3	3	3	1	0:00:03.390464
5360	9	9	9	1	0:00:03.479059
5380	1	1	1	1	0:00:03.367054
5400	9	9	9	1	0:00:03.365198
5420	6	6	6	1	0:00:03.370271
5440	9	9	9	1	0:00:03.356028
5460	0	0	0	1	0:00:03.322771
5480	1	1	1	1	0:00:03.327725
5500	8	8	8	1	0:00:03.377645
5520	4	4	4	1	0:00:03.369484
5540	5	5	5	1	0:00:03.365707
5560	3	6	6	0	0:00:03.368153
5580	5	3	3	0	0:00:03.367174
5600	6	5	5	0	0:00:03.366341
5620	3	6	6	0	0:00:03.355382
5640	2	2	2	1	0:00:03.361557
5660	9	9	9	1	0:00:03.364091
5680	2	4	0	0	0:00:03.368468
5700	3	5	5	0	0:00:03.363247
5720	9	9	9	1	0:00:03.364367
5740	6	6	6	1	0:00:03.361309
5760	2	2	2	1	0:00:03.374049
5780	7	7	7	1	0:00:03.364640
5800	2	2	2	1	0:00:03.363439
5820	5	5	5	1	0:00:03.386220
5840	2	3	5	0	0:00:03.363002
5860	0	0	2	1	0:00:03.366783
5880	0	0	0	1	0:00:03.366984
5900	4	3	3	0	0:00:03.361968
5920	8	8	8	1	0:00:03.362738
5940	7	3	3	0	0:00:03.363147
5960	2	6	6	0	0:00:03.364328
5980	9	9	9	1	0:00:03.363772
6000	8	8	8	1	0:00:03.359857
6020	6	6	6	1	0:00:03.373713
6040	2	3	7	0	0:00:03.317687
6060	3	4	3	0	0:00:03.328408
6080	1	1	1	1	0:00:03.409545
6100	1	1	1	1	0:00:03.384967
6120	5	5	5	1	0:00:03.398869
6140	9	9	9	1	0:00:03.435308
6160	2	2	2	1	0:00:03.373861
6180	0	0	0	1	0:00:03.393847
6200	3	3	3	1	0:00:03.404675
6220	2	2	2	1	0:00:03.398860
6240	2	2	2	1	0:00:03.379109
6260	2	2	2	1	0:00:03.391541
6280	8	8	8	1	0:00:03.381742
6300	1	1	1	1	0:00:03.394432
6320	0	0	0	1	0:00:03.384827
6340	3	4	4	0	0:00:03.386369
6360	2	2	2	1	0:00:03.397985
6380	3	3	3	1	0:00:03.395112
6400	0	0	0	1	0:00:03.391769
6420	7	7	7	1	0:00:03.372463
6440	3	3	3	1	0:00:03.374280
6460	3	3	3	1	0:00:03.345085
6480	0	0	0	1	0:00:03.330596
6500	7	6	0	0	0:00:03.327721
6520	6	6	6	1	0:00:03.374554
6540	8	8	8	1	0:00:03.326152
6560	6	6	4	1	0:00:03.331704
6580	1	1	1	1	0:00:03.344142
6600	7	7	7	1	0:00:03.373758
6620	7	7	7	1	0:00:03.373510
6640	5	3	3	0	0:00:03.378666
6660	0	0	0	1	0:00:03.367148
6680	3	5	3	0	0:00:03.377597
6700	6	6	6	1	0:00:03.375202
6720	2	6	2	0	0:00:03.367903
6740	2	3	3	0	0:00:03.330679
6760	5	5	5	1	0:00:03.331479
6780	7	7	7	1	0:00:03.341065
6800	6	6	3	1	0:00:03.327566
6820	1	1	1	1	0:00:03.335670
6840	9	9	9	1	0:00:03.371114
6860	0	0	0	1	0:00:03.328551
6880	2	2	2	1	0:00:03.329108
6900	3	3	3	1	0:00:03.341434
6920	5	6	6	0	0:00:03.382941
6940	1	1	1	1	0:00:03.373320
6960	9	9	9	1	0:00:03.387215
6980	0	0	0	1	0:00:03.364386
7000	2	8	8	0	0:00:03.374291
7020	7	7	7	1	0:00:03.390429
7040	7	0	0	0	0:00:03.375703
7060	8	8	8	1	0:00:03.374470
7080	5	4	4	0	0:00:03.379852
7100	9	3	3	0	0:00:03.332931
7120	7	7	7	1	0:00:03.329087
7140	4	2	2	0	0:00:03.344536
7160	5	5	5	1	0:00:03.353791
7180	6	6	6	1	0:00:03.326932
7200	4	4	4	1	0:00:03.329621
7220	9	9	9	1	0:00:03.330513
7240	0	0	0	1	0:00:03.332362
7260	1	1	1	1	0:00:03.345810
7280	1	9	9	0	0:00:03.338809
7300	3	5	3	0	0:00:03.374670
7320	8	8	8	1	0:00:03.374855
7340	2	2	2	1	0:00:03.380908
7360	2	2	2	1	0:00:03.380939
7380	7	7	7	1	0:00:03.372279
7400	3	3	3	1	0:00:03.380650
7420	3	3	3	1	0:00:03.377656
7440	3	3	3	1	0:00:03.378006
7460	5	5	5	1	0:00:03.384124
7480	1	1	1	1	0:00:03.374970
7500	6	6	6	1	0:00:03.337000
7520	4	4	4	1	0:00:03.335797
7540	5	5	5	1	0:00:03.341050
7560	0	0	0	1	0:00:03.327200
7580	8	8	8	1	0:00:03.330293
7600	8	9	5	0	0:00:03.324703
7620	5	3	3	0	0:00:03.319065
7640	9	8	8	0	0:00:03.319073
7660	7	7	7	1	0:00:03.318943
7680	3	5	5	0	0:00:03.318099
7700	6	6	6	1	0:00:03.316437
7720	5	5	3	1	0:00:03.314155
7740	4	4	4	1	0:00:03.326984
7760	2	9	9	0	0:00:03.314544
7780	3	8	8	0	0:00:03.310674
7800	0	0	0	1	0:00:03.358640
7820	5	3	3	0	0:00:03.312796
7840	1	1	1	1	0:00:03.320109
7860	8	8	8	1	0:00:03.376423
7880	0	0	0	1	0:00:03.383200
7900	0	0	0	1	0:00:03.370461
7920	9	9	9	1	0:00:03.377602
7940	2	2	2	1	0:00:03.379325
7960	0	0	0	1	0:00:03.384903
7980	3	3	3	1	0:00:03.370667
8000	9	9	9	1	0:00:03.348232
8020	6	7	7	0	0:00:03.356632
8040	2	2	2	1	0:00:03.357464
8060	6	6	6	1	0:00:03.391559
8080	4	4	3	1	0:00:03.356439
8100	6	6	6	1	0:00:03.364276
8120	8	8	8	1	0:00:03.413344
8140	5	5	5	1	0:00:03.369519
8160	6	6	6	1	0:00:03.369997
8180	4	2	2	0	0:00:03.366365
8200	3	7	7	0	0:00:03.346893
8220	6	6	6	1	0:00:03.349900
8240	7	7	7	1	0:00:03.355149
8260	1	1	1	1	0:00:03.350906
8280	4	4	4	1	0:00:03.353886
8300	5	5	5	1	0:00:03.347874
8320	7	7	7	1	0:00:03.350727
8340	5	5	5	1	0:00:03.353808
8360	7	7	7	1	0:00:03.352902
8380	9	9	9	1	0:00:03.354327
8400	0	0	0	1	0:00:03.351389
8420	3	6	6	0	0:00:03.372622
8440	5	3	3	0	0:00:03.378151
8460	8	8	8	1	0:00:03.350330
8480	2	2	2	1	0:00:03.356112
8500	4	4	4	1	0:00:03.357657
8520	8	8	8	1	0:00:03.310581
8540	4	2	2	0	0:00:03.308182
8560	7	7	7	1	0:00:03.306720
8580	3	5	5	0	0:00:03.352193
8600	3	5	5	0	0:00:03.347816
8620	3	3	5	1	0:00:03.345119
8640	1	1	1	1	0:00:03.350615
8660	7	7	7	1	0:00:03.347881
8680	3	5	5	0	0:00:03.351577
8700	3	3	3	1	0:00:03.316506
8720	2	0	0	0	0:00:03.306815
8740	2	5	5	0	0:00:03.302330
8760	8	8	8	1	0:00:03.328295
8780	4	7	4	0	0:00:03.304418
8800	0	0	0	1	0:00:03.343455
8820	2	2	2	1	0:00:03.306906
8840	2	2	2	1	0:00:03.307151
8860	2	2	2	1	0:00:03.305535
8880	1	1	1	1	0:00:03.304932
8900	2	2	2	1	0:00:03.306247
8920	6	6	6	1	0:00:03.303026
8940	6	3	3	0	0:00:03.303182
8960	0	2	2	0	0:00:03.308466
8980	9	9	9	1	0:00:03.301718
9000	8	8	8	1	0:00:03.304564
9020	7	7	7	1	0:00:03.346821
9040	2	5	5	0	0:00:03.360801
9060	9	9	9	1	0:00:03.350501
9080	3	3	3	1	0:00:03.351323
9100	9	1	1	0	0:00:03.357840
9120	3	5	5	0	0:00:03.348432
9140	7	7	7	1	0:00:03.346924
9160	5	3	3	0	0:00:03.340862
9180	5	5	5	1	0:00:03.349241
9200	8	8	8	1	0:00:03.349065
9220	8	8	8	1	0:00:03.351423
9240	8	8	8	1	0:00:03.349783
9260	5	3	3	0	0:00:03.326312
9280	9	9	9	1	0:00:03.329900
9300	5	3	3	0	0:00:03.295516
9320	9	9	9	1	0:00:03.297464
9340	1	1	1	1	0:00:03.327095
9360	5	0	0	0	0:00:03.298112
9380	5	3	3	0	0:00:03.298827
9400	6	6	6	1	0:00:03.297890
9420	5	5	5	1	0:00:03.304816
9440	8	8	8	1	0:00:03.308351
9460	3	3	3	1	0:00:03.301280
9480	2	2	2	1	0:00:03.354347
9500	9	9	9	1	0:00:03.343033
9520	1	1	1	1	0:00:03.344763
9540	5	5	3	1	0:00:03.343544
9560	9	7	7	0	0:00:03.343670
9580	1	1	1	1	0:00:03.345168
9600	8	8	8	1	0:00:03.395757
9620	4	4	4	1	0:00:03.347460
9640	5	5	5	1	0:00:03.357184
9660	6	6	6	1	0:00:03.377550
9680	8	8	8	1	0:00:03.386416
9700	0	0	0	1	0:00:03.368395
9720	8	8	8	1	0:00:03.381154
9740	3	6	6	0	0:00:03.372329
9760	9	9	9	1	0:00:03.361119
9780	4	4	4	1	0:00:03.375142
9800	1	1	1	1	0:00:03.377433
9820	0	8	8	0	0:00:03.369552
9840	4	7	7	0	0:00:03.371609
9860	0	0	0	1	0:00:03.373880
9880	7	7	7	1	0:00:03.381660
9900	8	8	8	1	0:00:03.375888
9920	6	6	6	1	0:00:03.385603
9940	4	4	4	1	0:00:03.363859
9960	2	0	0	0	0:00:03.364824
9980	0	0	0	1	0:00:03.322420
