idx	label	predict	basePredict	correct	time
0	3	3	2	1	0:00:02.871430
20	7	7	7	1	0:00:02.621987
40	4	8	8	0	0:00:02.620625
60	7	7	4	1	0:00:02.596402
80	8	8	8	1	0:00:02.548435
100	4	4	4	1	0:00:02.542984
120	8	8	8	1	0:00:02.575357
140	6	6	2	1	0:00:02.585834
160	2	0	2	0	0:00:02.545925
180	0	0	0	1	0:00:02.583777
200	5	3	3	0	0:00:02.555827
220	7	7	7	1	0:00:02.525660
240	1	1	1	1	0:00:02.570134
260	8	3	3	0	0:00:02.533144
280	9	9	9	1	0:00:02.594830
300	6	6	4	1	0:00:02.597784
320	3	3	2	1	0:00:02.624892
340	2	4	4	0	0:00:02.534511
360	9	9	6	1	0:00:02.553788
380	6	6	4	1	0:00:02.529771
400	9	9	9	1	0:00:02.603394
420	4	4	4	1	0:00:02.515350
440	1	1	1	1	0:00:02.534833
460	5	5	5	1	0:00:02.581926
480	8	9	8	0	0:00:02.566801
500	4	6	4	0	0:00:02.574729
520	5	5	5	1	0:00:02.535494
540	1	9	8	0	0:00:02.551242
560	0	0	8	1	0:00:02.579408
580	4	4	4	1	0:00:02.553802
600	8	8	8	1	0:00:02.558365
620	7	7	4	1	0:00:02.510678
640	5	3	3	0	0:00:02.663335
660	9	9	9	1	0:00:02.529509
680	9	9	1	1	0:00:02.627974
700	7	7	4	1	0:00:02.692052
720	4	9	4	0	0:00:02.515669
740	2	5	2	0	0:00:02.578000
760	3	9	3	0	0:00:02.536783
780	9	9	8	1	0:00:02.981098
800	7	7	7	1	0:00:02.548217
820	6	9	2	0	0:00:02.532708
840	7	7	7	1	0:00:03.345996
860	4	4	4	1	0:00:02.636057
880	8	8	8	1	0:00:02.772961
900	2	6	4	0	0:00:02.720142
920	6	6	2	1	0:00:02.561765
940	9	9	9	1	0:00:02.791324
960	9	9	9	1	0:00:02.528239
980	2	6	2	0	0:00:02.560509
1000	5	5	5	1	0:00:01.821584
1020	1	1	8	1	0:00:01.822413
1040	7	5	5	0	0:00:01.848033
1060	9	9	8	1	0:00:01.823850
1080	6	6	6	1	0:00:01.841339
1100	7	8	8	0	0:00:01.912158
1120	5	2	2	0	0:00:01.841755
1140	6	6	4	1	0:00:01.828350
1160	8	8	8	1	0:00:01.959328
1180	3	3	3	1	0:00:01.877034
1200	8	8	0	1	0:00:01.853248
1220	9	6	6	0	0:00:01.819031
1240	2	6	6	0	0:00:01.914547
1260	1	9	9	0	0:00:01.890291
1280	3	7	7	0	0:00:01.879431
1300	4	3	8	0	0:00:01.846761
1320	7	2	2	0	0:00:01.919547
1340	1	1	1	1	0:00:01.836083
1360	7	7	4	1	0:00:01.856124
1380	4	5	5	0	0:00:01.858297
1400	5	6	2	0	0:00:01.874210
1420	4	7	4	0	0:00:01.921804
1440	0	0	0	1	0:00:01.906188
1460	6	6	4	1	0:00:01.827038
1480	1	-1	5	0	0:00:01.842500
1500	1	1	1	1	0:00:01.948813
1520	7	7	4	1	0:00:01.951665
1540	8	8	8	1	0:00:01.917003
1560	7	7	7	1	0:00:01.842057
1580	6	1	1	0	0:00:01.914084
1600	8	9	4	0	0:00:01.814992
1620	5	8	8	0	0:00:01.850207
1640	7	5	3	0	0:00:01.831009
1660	3	3	3	1	0:00:01.892236
1680	6	6	6	1	0:00:01.818880
1700	5	2	2	0	0:00:01.922237
1720	4	2	2	0	0:00:01.847322
1740	1	-1	1	0	0:00:01.954797
1760	0	8	8	0	0:00:01.958127
1780	7	7	8	1	0:00:01.994875
1800	4	8	8	0	0:00:01.935982
1820	8	8	8	1	0:00:01.855941
1840	8	9	4	0	0:00:01.846175
1860	8	8	8	1	0:00:01.821028
1880	1	1	8	1	0:00:01.916214
1900	8	8	8	1	0:00:01.914662
1920	2	2	2	1	0:00:01.840157
1940	5	3	3	0	0:00:01.908762
1960	2	5	5	0	0:00:01.845097
1980	9	9	9	1	0:00:01.841911
2000	1	6	6	0	0:00:01.962637
2020	9	9	9	1	0:00:01.845934
2040	0	8	8	0	0:00:01.858064
2060	5	5	5	1	0:00:01.835280
2080	1	1	6	1	0:00:01.852098
2100	2	4	4	0	0:00:01.826110
2120	4	8	8	0	0:00:01.833620
2140	9	9	9	1	0:00:01.820944
2160	0	8	8	0	0:00:01.908257
2180	4	4	4	1	0:00:01.856652
2200	0	0	2	1	0:00:01.862382
2220	1	1	1	1	0:00:01.944924
2240	9	9	9	1	0:00:01.872555
2260	4	-1	4	0	0:00:01.825527
2280	4	8	8	0	0:00:01.816741
2300	3	6	2	0	0:00:01.842562
2320	5	2	8	0	0:00:01.898449
2340	7	7	7	1	0:00:01.831090
2360	7	7	7	1	0:00:01.846859
2380	8	8	8	1	0:00:01.856290
2400	0	0	0	1	0:00:01.820598
2420	8	1	8	0	0:00:01.856852
2440	7	7	7	1	0:00:01.834322
2460	9	9	3	1	0:00:01.850153
2480	8	8	8	1	0:00:01.918776
2500	4	2	2	0	0:00:01.957685
2520	1	1	8	1	0:00:01.841486
2540	2	3	3	0	0:00:01.814516
2560	7	7	4	1	0:00:01.869412
2580	6	4	4	0	0:00:01.833315
2600	8	8	8	1	0:00:01.822161
2620	1	1	4	1	0:00:01.853850
2640	7	7	4	1	0:00:01.974414
2660	3	-1	2	0	0:00:01.952546
2680	0	0	0	1	0:00:01.832651
2700	9	9	0	1	0:00:01.912172
2720	3	2	2	0	0:00:01.847106
2740	1	1	1	1	0:00:01.824559
2760	2	2	4	1	0:00:01.862543
2780	7	7	7	1	0:00:01.829154
2800	4	6	4	0	0:00:01.834392
2820	6	6	6	1	0:00:01.833971
2840	3	3	3	1	0:00:01.856538
2860	5	6	6	0	0:00:01.825219
2880	4	4	4	1	0:00:01.943438
2900	3	2	5	0	0:00:01.849100
2920	2	2	2	1	0:00:01.849676
2940	3	0	0	0	0:00:01.822721
2960	9	9	8	1	0:00:01.824039
2980	8	8	8	1	0:00:01.878551
3000	5	5	5	1	0:00:01.825990
3020	1	1	8	1	0:00:01.845983
3040	7	7	7	1	0:00:01.827242
3060	7	7	7	1	0:00:01.859748
3080	1	7	2	0	0:00:01.998953
3100	0	0	0	1	0:00:01.835898
3120	4	6	2	0	0:00:01.822143
3140	8	8	8	1	0:00:01.829324
3160	6	4	4	0	0:00:01.852976
3180	3	9	8	0	0:00:01.931731
3200	5	7	7	0	0:00:01.823838
3220	3	3	3	1	0:00:01.940061
3240	4	2	8	0	0:00:01.860211
3260	7	-1	7	0	0:00:01.843096
3280	3	5	0	0	0:00:01.839662
3300	4	4	4	1	0:00:01.821391
3320	2	7	2	0	0:00:01.876407
3340	6	6	4	1	0:00:01.833328
3360	4	6	4	0	0:00:01.846956
3380	8	8	8	1	0:00:01.879280
3400	6	4	4	0	0:00:01.887145
3420	5	-1	4	0	0:00:01.835567
3440	2	9	3	0	0:00:01.864474
3460	1	1	1	1	0:00:01.829854
3480	2	2	2	1	0:00:01.817855
3500	1	1	1	1	0:00:01.903356
3520	1	1	1	1	0:00:01.819201
3540	6	6	6	1	0:00:01.943915
3560	1	9	0	0	0:00:01.854009
3580	4	1	4	0	0:00:01.824633
3600	4	2	2	0	0:00:01.916198
3620	0	-1	6	0	0:00:01.915191
3640	6	2	2	0	0:00:01.889877
3660	0	8	8	0	0:00:01.821903
3680	0	2	2	0	0:00:01.815978
3700	3	3	4	1	0:00:01.855945
3720	2	2	2	1	0:00:01.831654
3740	0	0	0	1	0:00:01.835677
3760	7	7	7	1	0:00:01.815880
3780	4	4	2	1	0:00:01.863632
3800	9	9	8	1	0:00:01.918147
3820	0	0	0	1	0:00:01.893651
3840	6	3	3	0	0:00:01.853770
3860	7	7	7	1	0:00:01.898055
3880	6	4	4	0	0:00:01.826744
3900	3	3	6	1	0:00:01.866993
3920	7	9	8	0	0:00:01.879351
3940	6	6	4	1	0:00:01.840643
3960	2	2	2	1	0:00:01.831264
3980	9	7	7	0	0:00:01.850815
4000	8	-1	0	0	0:00:01.876224
4020	8	1	8	0	0:00:01.863507
4040	0	0	0	1	0:00:01.927615
4060	6	3	3	0	0:00:01.841321
4080	1	1	8	1	0:00:01.920639
4100	7	7	7	1	0:00:01.836505
4120	4	0	4	0	0:00:01.821554
4140	5	3	3	0	0:00:01.878166
4160	5	2	2	0	0:00:01.873013
4180	0	0	8	1	0:00:01.857756
4200	4	4	2	1	0:00:01.829247
4220	4	0	0	0	0:00:01.898584
4240	7	0	0	0	0:00:01.833149
4260	8	8	8	1	0:00:01.829479
4280	8	8	8	1	0:00:01.817139
4300	8	8	8	1	0:00:01.827403
4320	1	8	8	0	0:00:01.822040
4340	0	0	8	1	0:00:01.834473
4360	6	6	6	1	0:00:01.852386
4380	9	9	8	1	0:00:01.872706
4400	3	4	4	0	0:00:01.853186
4420	5	8	8	0	0:00:01.862762
4440	2	2	2	1	0:00:01.826592
4460	9	1	8	0	0:00:01.837534
4480	9	9	3	1	0:00:01.861954
4500	3	3	6	1	0:00:01.841626
4520	3	6	6	0	0:00:01.913399
4540	9	9	9	1	0:00:01.827646
4560	1	1	4	1	0:00:01.894984
4580	6	4	4	0	0:00:01.865523
4600	4	7	4	0	0:00:01.818761
4620	7	3	3	0	0:00:01.865568
4640	2	4	4	0	0:00:01.834745
4660	7	4	2	0	0:00:01.848350
4680	9	1	1	0	0:00:01.840061
4700	6	1	4	0	0:00:01.826740
4720	8	0	0	0	0:00:01.933377
4740	5	3	3	0	0:00:01.843082
4760	3	3	4	1	0:00:01.853276
4780	0	0	0	1	0:00:01.821218
4800	9	9	9	1	0:00:01.826175
4820	3	5	5	0	0:00:01.842153
4840	0	0	0	1	0:00:01.914793
4860	5	5	5	1	0:00:01.863070
4880	0	2	2	0	0:00:01.848367
4900	3	6	6	0	0:00:01.831397
4920	7	7	7	1	0:00:01.856328
4940	6	6	2	1	0:00:01.839185
4960	4	6	4	0	0:00:01.913936
4980	1	9	8	0	0:00:01.822721
5000	7	7	7	1	0:00:01.871605
5020	8	8	8	1	0:00:01.834598
5040	3	3	4	1	0:00:01.848952
5060	6	6	4	1	0:00:01.840804
5080	7	7	7	1	0:00:01.807941
5100	3	3	3	1	0:00:01.815017
5120	9	9	8	1	0:00:01.864103
5140	8	8	8	1	0:00:01.829993
5160	0	0	8	1	0:00:01.903383
5180	9	7	4	0	0:00:01.884477
5200	3	3	3	1	0:00:01.883435
5220	0	0	0	1	0:00:01.857905
5240	1	9	2	0	0:00:01.869725
5260	0	0	0	1	0:00:01.853763
5280	0	8	8	0	0:00:01.870634
5300	9	9	9	1	0:00:01.846718
5320	7	7	7	1	0:00:01.828078
5340	3	4	4	0	0:00:01.842999
5360	9	9	9	1	0:00:01.853982
5380	1	9	9	0	0:00:01.852934
5400	9	9	8	1	0:00:01.881691
5420	6	6	6	1	0:00:01.847719
5440	9	9	9	1	0:00:01.845070
5460	0	7	7	0	0:00:01.819904
5480	1	1	8	1	0:00:01.835563
5500	8	1	8	0	0:00:01.819203
5520	4	3	3	0	0:00:01.849799
5540	5	6	2	0	0:00:01.815645
5560	3	6	6	0	0:00:01.813511
5580	5	6	6	0	0:00:01.821110
5600	6	-1	0	0	0:00:01.826694
5620	3	2	2	0	0:00:01.828159
5640	2	3	2	0	0:00:01.808825
5660	9	9	8	1	0:00:01.817068
5680	2	3	8	0	0:00:01.816469
5700	3	3	3	1	0:00:01.838409
5720	9	9	9	1	0:00:01.827726
5740	6	4	4	0	0:00:01.833685
5760	2	2	2	1	0:00:01.845594
5780	7	7	7	1	0:00:01.849941
5800	2	4	2	0	0:00:01.842202
5820	5	-1	3	0	0:00:01.901523
5840	2	2	6	1	0:00:01.824223
5860	0	-1	8	0	0:00:01.828373
5880	0	0	0	1	0:00:01.843274
5900	4	4	4	1	0:00:01.830745
5920	8	8	8	1	0:00:01.844668
5940	7	4	4	0	0:00:01.864509
5960	2	4	4	0	0:00:01.852731
5980	9	9	9	1	0:00:01.885357
6000	8	9	8	0	0:00:01.814185
6020	6	6	6	1	0:00:01.818518
6040	2	7	7	0	0:00:01.826688
6060	3	-1	4	0	0:00:01.836772
6080	1	9	6	0	0:00:01.837917
6100	1	1	8	1	0:00:01.866163
6120	5	5	5	1	0:00:01.828847
6140	9	9	9	1	0:00:01.829291
6160	2	5	5	0	0:00:01.857468
6180	0	9	8	0	0:00:01.857074
6200	3	3	3	1	0:00:01.838826
6220	2	6	4	0	0:00:01.860289
6240	2	2	4	1	0:00:01.827691
6260	2	9	4	0	0:00:01.835500
6280	8	5	4	0	0:00:01.821499
6300	1	7	4	0	0:00:01.862415
6320	0	0	0	1	0:00:01.827999
6340	3	3	3	1	0:00:01.845549
6360	2	2	2	1	0:00:01.879359
6380	3	6	6	0	0:00:01.822906
6400	0	1	4	0	0:00:01.871637
6420	7	7	8	1	0:00:01.824400
6440	3	9	8	0	0:00:01.821111
6460	3	1	4	0	0:00:01.901042
6480	0	0	0	1	0:00:01.860548
6500	7	0	8	0	0:00:01.847984
6520	6	4	4	0	0:00:01.943988
6540	8	8	8	1	0:00:01.835099
6560	6	6	4	1	0:00:01.835133
6580	1	1	2	1	0:00:01.825831
6600	7	7	7	1	0:00:01.842296
6620	7	7	7	1	0:00:01.824457
6640	5	3	8	0	0:00:01.820963
6660	0	0	0	1	0:00:01.829829
6680	3	5	3	0	0:00:01.840469
6700	6	6	2	1	0:00:01.936696
6720	2	2	2	1	0:00:01.846283
6740	2	4	4	0	0:00:01.821511
6760	5	5	3	1	0:00:01.824020
6780	7	7	7	1	0:00:01.847353
6800	6	6	4	1	0:00:01.854229
6820	1	1	1	1	0:00:01.818318
6840	9	9	9	1	0:00:01.843911
6860	0	0	2	1	0:00:01.852229
6880	2	7	4	0	0:00:01.915038
6900	3	7	4	0	0:00:01.870246
6920	5	2	2	0	0:00:01.878753
6940	1	1	1	1	0:00:01.825330
6960	9	8	8	0	0:00:01.951984
6980	0	9	0	0	0:00:01.850585
7000	2	8	8	0	0:00:01.863591
7020	7	7	7	1	0:00:01.830995
7040	7	8	8	0	0:00:01.860410
7060	8	8	8	1	0:00:01.824854
7080	5	4	4	0	0:00:01.863443
7100	9	3	8	0	0:00:01.880754
7120	7	7	7	1	0:00:01.832879
7140	4	4	4	1	0:00:01.851778
7160	5	-1	4	0	0:00:01.855188
7180	6	6	6	1	0:00:01.830079
7200	4	6	2	0	0:00:01.827510
7220	9	9	8	1	0:00:01.866407
7240	0	8	8	0	0:00:01.887708
7260	1	-1	8	0	0:00:01.900770
7280	1	1	6	1	0:00:01.910219
7300	3	7	4	0	0:00:01.884024
7320	8	-1	8	0	0:00:01.835777
7340	2	4	4	0	0:00:01.856101
7360	2	4	4	0	0:00:01.812570
7380	7	7	7	1	0:00:01.814912
7400	3	3	3	1	0:00:01.838137
7420	3	0	2	0	0:00:01.837092
7440	3	3	2	1	0:00:01.851757
7460	5	5	5	1	0:00:01.825047
7480	1	8	8	0	0:00:01.838436
7500	6	6	6	1	0:00:01.854491
7520	4	4	4	1	0:00:01.831516
7540	5	5	5	1	0:00:01.814309
7560	0	9	4	0	0:00:01.830608
7580	8	8	8	1	0:00:01.829992
7600	8	9	8	0	0:00:01.832819
7620	5	3	3	0	0:00:01.839403
7640	9	9	6	1	0:00:01.867061
7660	7	7	4	1	0:00:01.920702
7680	3	9	3	0	0:00:01.841415
7700	6	6	6	1	0:00:01.816803
7720	5	5	5	1	0:00:01.860438
7740	4	4	2	1	0:00:01.835521
7760	2	9	2	0	0:00:01.839994
7780	3	1	8	0	0:00:01.917026
7800	0	0	0	1	0:00:01.817257
7820	5	8	8	0	0:00:01.838999
7840	1	1	1	1	0:00:01.864123
7860	8	1	4	0	0:00:01.843915
7880	0	0	0	1	0:00:01.854148
7900	0	8	8	0	0:00:01.937597
7920	9	8	8	0	0:00:01.918212
7940	2	6	4	0	0:00:01.811742
7960	0	0	0	1	0:00:01.822917
7980	3	3	4	1	0:00:01.891637
8000	9	9	9	1	0:00:01.873270
8020	6	3	3	0	0:00:01.915444
8040	2	2	2	1	0:00:01.962354
8060	6	6	4	1	0:00:01.824497
8080	4	6	4	0	0:00:01.827005
8100	6	2	4	0	0:00:01.833433
8120	8	9	8	0	0:00:01.851653
8140	5	4	4	0	0:00:01.849377
8160	6	6	6	1	0:00:01.830438
8180	4	4	4	1	0:00:01.949042
8200	3	6	2	0	0:00:01.835973
8220	6	6	2	1	0:00:01.830758
8240	7	7	7	1	0:00:01.812979
8260	1	1	3	1	0:00:01.890298
8280	4	5	2	0	0:00:01.943317
8300	5	2	2	0	0:00:01.851961
8320	7	4	4	0	0:00:01.836334
8340	5	3	3	0	0:00:01.919770
8360	7	7	4	1	0:00:01.830869
8380	9	9	8	1	0:00:01.852632
8400	0	0	8	1	0:00:01.875375
8420	3	6	4	0	0:00:01.852918
8440	5	-1	4	0	0:00:01.820247
8460	8	8	8	1	0:00:01.869221
8480	2	2	4	1	0:00:01.837329
8500	4	4	4	1	0:00:01.869290
8520	8	1	4	0	0:00:01.878191
8540	4	4	2	1	0:00:01.886008
8560	7	7	4	1	0:00:01.883455
8580	3	0	2	0	0:00:01.953500
8600	3	3	4	1	0:00:01.825526
8620	3	-1	4	0	0:00:01.827101
8640	1	1	1	1	0:00:01.938310
8660	7	7	7	1	0:00:01.826184
8680	3	9	4	0	0:00:01.858547
8700	3	3	3	1	0:00:01.887264
8720	2	0	0	0	0:00:01.843412
8740	2	2	4	1	0:00:01.867032
8760	8	8	8	1	0:00:01.987297
8780	4	4	4	1	0:00:01.864940
8800	0	0	0	1	0:00:01.843824
8820	2	2	2	1	0:00:01.825480
8840	2	1	7	0	0:00:02.024907
8860	2	2	2	1	0:00:01.871356
8880	1	1	1	1	0:00:01.865311
8900	2	4	4	0	0:00:01.899711
8920	6	6	6	1	0:00:01.869855
8940	6	3	6	0	0:00:01.837489
8960	0	0	0	1	0:00:01.820802
8980	9	9	9	1	0:00:01.937815
9000	8	8	8	1	0:00:01.830095
9020	7	9	8	0	0:00:01.851755
9040	2	5	5	0	0:00:01.844444
9060	9	5	5	0	0:00:01.861317
9080	3	3	3	1	0:00:01.925021
9100	9	6	6	0	0:00:01.826861
9120	3	3	3	1	0:00:01.842919
9140	7	7	4	1	0:00:01.832811
9160	5	5	5	1	0:00:01.832785
9180	5	5	5	1	0:00:01.826066
9200	8	8	8	1	0:00:01.830600
9220	8	8	8	1	0:00:01.860587
9240	8	8	8	1	0:00:01.838068
9260	5	5	5	1	0:00:01.827073
9280	9	1	8	0	0:00:01.823807
9300	5	3	2	0	0:00:01.885431
9320	9	9	8	1	0:00:01.901181
9340	1	1	1	1	0:00:01.870360
9360	5	6	6	0	0:00:01.819055
9380	5	3	3	0	0:00:01.808749
9400	6	6	4	1	0:00:01.829359
9420	5	5	6	1	0:00:01.820620
9440	8	8	8	1	0:00:01.833155
9460	3	7	6	0	0:00:01.828248
9480	2	4	4	0	0:00:01.868796
9500	9	9	6	1	0:00:01.864031
9520	1	1	1	1	0:00:01.841937
9540	5	5	4	1	0:00:01.876482
9560	9	7	7	0	0:00:01.824611
9580	1	-1	4	0	0:00:01.946662
9600	8	8	8	1	0:00:01.895282
9620	4	7	4	0	0:00:02.032141
9640	5	0	6	0	0:00:01.836049
9660	6	6	6	1	0:00:01.894285
9680	8	8	8	1	0:00:01.843676
9700	0	0	0	1	0:00:01.850782
9720	8	1	8	0	0:00:01.846906
9740	3	6	4	0	0:00:01.902799
9760	9	9	7	1	0:00:01.853335
9780	4	6	4	0	0:00:01.862800
9800	1	1	1	1	0:00:01.811709
9820	0	8	8	0	0:00:01.877961
9840	4	5	5	0	0:00:01.817979
9860	0	5	8	0	0:00:01.814372
9880	7	7	4	1	0:00:01.923401
9900	8	0	8	0	0:00:01.823991
9920	6	6	2	1	0:00:01.816516
9940	4	7	4	0	0:00:01.817474
9960	2	0	0	0	0:00:01.822483
9980	0	0	0	1	0:00:01.818964
