idx	label	predict	basePredict	correct	time
0	3	-1	5	0	0:00:07.508493
20	7	7	3	1	0:00:07.458062
40	4	4	4	1	0:00:07.449675
60	7	7	7	1	0:00:07.442665
80	8	8	8	1	0:00:07.433038
100	4	4	5	1	0:00:07.439646
120	8	8	8	1	0:00:07.441010
140	6	6	3	1	0:00:07.439862
160	2	2	2	1	0:00:07.443303
180	0	0	0	1	0:00:07.435508
200	5	-1	3	0	0:00:07.444544
220	7	7	7	1	0:00:07.465523
240	1	1	1	1	0:00:07.456560
260	8	8	8	1	0:00:07.463695
280	9	9	9	1	0:00:07.456638
300	6	6	6	1	0:00:07.446147
320	3	3	3	1	0:00:07.460607
340	2	2	2	1	0:00:07.463424
360	9	9	9	1	0:00:07.474487
380	6	6	6	1	0:00:07.461666
400	9	9	9	1	0:00:07.451298
420	4	4	4	1	0:00:07.446696
440	1	1	1	1	0:00:07.454250
460	5	5	5	1	0:00:07.472214
480	8	8	8	1	0:00:07.468504
500	4	-1	4	0	0:00:07.451856
520	5	5	5	1	0:00:07.457962
540	1	1	1	1	0:00:07.452694
560	0	0	0	1	0:00:07.449724
580	4	4	4	1	0:00:07.463383
600	8	8	8	1	0:00:07.455331
620	7	7	7	1	0:00:07.479914
640	5	3	3	0	0:00:07.457529
660	9	9	9	1	0:00:07.458215
680	9	9	9	1	0:00:07.453850
700	7	7	7	1	0:00:07.455250
720	4	4	4	1	0:00:07.445177
740	2	2	2	1	0:00:07.456454
760	3	3	3	1	0:00:07.477541
780	9	9	9	1	0:00:07.486788
800	7	7	7	1	0:00:07.453950
820	6	-1	2	0	0:00:07.453316
840	7	7	7	1	0:00:07.456183
860	4	4	4	1	0:00:07.460613
880	8	8	8	1	0:00:07.479260
900	2	-1	2	0	0:00:07.468265
920	6	6	0	1	0:00:07.492234
940	9	9	9	1	0:00:07.510316
960	9	9	9	1	0:00:07.458437
980	2	2	2	1	0:00:07.462148
1000	5	5	5	1	0:00:07.373600
1020	1	1	1	1	0:00:07.371487
1040	7	-1	3	0	0:00:07.376673
1060	9	9	9	1	0:00:07.367928
1080	6	6	6	1	0:00:07.369524
1100	7	7	8	1	0:00:07.370556
1120	5	5	2	1	0:00:07.368622
1140	6	6	3	1	0:00:07.367878
1160	8	8	8	1	0:00:07.371590
1180	3	3	3	1	0:00:07.368891
1200	8	8	8	1	0:00:07.370208
1220	9	6	3	0	0:00:07.369768
1240	2	-1	2	0	0:00:07.364409
1260	1	-1	1	0	0:00:07.369959
1280	3	3	3	1	0:00:07.369089
1300	4	-1	3	0	0:00:07.367203
1320	7	7	7	1	0:00:07.367055
1340	1	1	1	1	0:00:07.376083
1360	7	7	7	1	0:00:07.371728
1380	4	-1	3	0	0:00:07.371331
1400	5	5	5	1	0:00:07.369782
1420	4	-1	7	0	0:00:07.365304
1440	0	-1	2	0	0:00:07.368317
1460	6	6	6	1	0:00:07.371597
1480	1	-1	1	0	0:00:07.366857
1500	1	1	1	1	0:00:07.368260
1520	7	7	7	1	0:00:07.367903
1540	8	8	8	1	0:00:07.364397
1560	7	7	7	1	0:00:07.369487
1580	6	6	5	1	0:00:07.369514
1600	8	-1	8	0	0:00:07.365200
1620	5	3	3	0	0:00:07.368518
1640	7	7	7	1	0:00:07.376003
1660	3	3	3	1	0:00:07.374292
1680	6	6	3	1	0:00:07.368948
1700	5	5	5	1	0:00:07.376250
1720	4	4	4	1	0:00:07.371878
1740	1	1	1	1	0:00:07.366267
1760	0	0	0	1	0:00:07.369848
1780	7	7	7	1	0:00:07.375444
1800	4	4	2	1	0:00:07.376273
1820	8	8	8	1	0:00:07.372954
1840	8	8	8	1	0:00:07.377365
1860	8	8	8	1	0:00:07.378207
1880	1	1	1	1	0:00:07.377836
1900	8	8	8	1	0:00:07.374992
1920	2	2	2	1	0:00:07.378327
1940	5	5	5	1	0:00:07.375966
1960	2	-1	2	0	0:00:07.376549
1980	9	9	9	1	0:00:07.378088
2000	1	1	1	1	0:00:07.379527
2020	9	9	9	1	0:00:07.377668
2040	0	0	0	1	0:00:07.375641
2060	5	3	3	0	0:00:07.380443
2080	1	1	1	1	0:00:07.377202
2100	2	2	2	1	0:00:07.375306
2120	4	4	8	1	0:00:07.377226
2140	9	9	9	1	0:00:07.377002
2160	0	0	0	1	0:00:07.368566
2180	4	4	4	1	0:00:07.366395
2200	0	0	0	1	0:00:07.369535
2220	1	1	1	1	0:00:07.370598
2240	9	9	1	1	0:00:07.368712
2260	4	4	4	1	0:00:07.370314
2280	4	4	2	1	0:00:07.374390
2300	3	-1	0	0	0:00:07.373044
2320	5	3	3	0	0:00:07.374609
2340	7	7	7	1	0:00:07.370885
2360	7	7	7	1	0:00:07.372129
2380	8	8	8	1	0:00:07.371208
2400	0	0	0	1	0:00:07.372360
2420	8	7	7	0	0:00:07.369294
2440	7	7	7	1	0:00:07.369263
2460	9	9	9	1	0:00:07.374086
2480	8	8	8	1	0:00:07.370689
2500	4	4	4	1	0:00:07.367677
2520	1	1	1	1	0:00:07.368885
2540	2	-1	2	0	0:00:07.368279
2560	7	7	7	1	0:00:07.369636
2580	6	-1	5	0	0:00:07.367767
2600	8	8	8	1	0:00:07.368603
2620	1	1	1	1	0:00:07.369124
2640	7	7	7	1	0:00:07.374976
2660	3	3	3	1	0:00:07.375715
2680	0	0	0	1	0:00:07.375104
2700	9	9	9	1	0:00:07.376308
2720	3	3	3	1	0:00:07.375979
2740	1	1	1	1	0:00:07.374145
2760	2	2	2	1	0:00:07.377305
2780	7	7	7	1	0:00:07.377973
2800	4	4	4	1	0:00:07.375178
2820	6	6	6	1	0:00:07.373531
2840	3	3	3	1	0:00:07.378185
2860	5	4	3	0	0:00:07.376987
2880	4	4	4	1	0:00:07.371732
2900	3	2	2	0	0:00:07.378716
2920	2	2	2	1	0:00:07.378824
2940	3	0	0	0	0:00:07.373657
2960	9	0	0	0	0:00:07.376337
2980	8	8	8	1	0:00:07.371500
3000	5	5	5	1	0:00:07.374821
3020	1	1	1	1	0:00:07.373240
3040	7	7	7	1	0:00:07.376715
3060	7	7	7	1	0:00:07.372938
3080	1	1	1	1	0:00:07.367936
3100	0	0	0	1	0:00:07.363383
3120	4	4	3	1	0:00:07.371027
3140	8	8	8	1	0:00:07.371481
3160	6	2	2	0	0:00:07.367772
3180	3	6	3	0	0:00:07.370265
3200	5	5	5	1	0:00:07.373179
3220	3	9	9	0	0:00:07.377421
3240	4	4	4	1	0:00:07.370979
3260	7	7	7	1	0:00:07.369889
3280	3	3	5	1	0:00:07.370590
3300	4	4	3	1	0:00:07.370531
3320	2	0	0	0	0:00:07.371905
3340	6	6	6	1	0:00:07.370579
3360	4	4	0	1	0:00:07.373367
3380	8	8	8	1	0:00:07.370497
3400	6	4	4	0	0:00:07.364306
3420	5	-1	3	0	0:00:07.369877
3440	2	3	3	0	0:00:07.369204
3460	1	1	1	1	0:00:07.369653
3480	2	2	2	1	0:00:07.375690
3500	1	1	1	1	0:00:07.377530
3520	1	1	1	1	0:00:07.376757
3540	6	6	6	1	0:00:07.374327
3560	1	9	9	0	0:00:07.378283
3580	4	4	4	1	0:00:07.374699
3600	4	-1	3	0	0:00:07.379222
3620	0	0	0	1	0:00:07.381334
3640	6	6	6	1	0:00:07.376445
3660	0	0	0	1	0:00:07.371562
3680	0	0	0	1	0:00:07.376521
3700	3	3	3	1	0:00:07.374918
3720	2	2	2	1	0:00:07.372102
3740	0	0	0	1	0:00:07.375575
3760	7	7	7	1	0:00:07.375450
3780	4	4	3	1	0:00:07.371528
3800	9	9	9	1	0:00:07.377145
3820	0	-1	0	0	0:00:07.374781
3840	6	6	3	1	0:00:07.378021
3860	7	7	7	1	0:00:07.381217
3880	6	6	6	1	0:00:07.379975
3900	3	3	3	1	0:00:07.365040
3920	7	7	7	1	0:00:07.373635
3940	6	6	3	1	0:00:07.373452
3960	2	2	2	1	0:00:07.376519
3980	9	2	2	0	0:00:07.377050
4000	8	7	7	0	0:00:07.376542
4020	8	8	8	1	0:00:07.375067
4040	0	0	0	1	0:00:07.369588
4060	6	6	6	1	0:00:07.370873
4080	1	1	1	1	0:00:07.367582
4100	7	7	7	1	0:00:07.378657
4120	4	4	4	1	0:00:07.375406
4140	5	5	7	1	0:00:07.377862
4160	5	5	5	1	0:00:07.375224
4180	0	0	8	1	0:00:07.374805
4200	4	4	4	1	0:00:07.369712
4220	4	-1	4	0	0:00:07.367660
4240	7	7	7	1	0:00:07.373490
4260	8	8	8	1	0:00:07.374780
4280	8	0	8	0	0:00:07.369075
4300	8	8	8	1	0:00:07.376907
4320	1	1	1	1	0:00:07.376769
4340	0	0	0	1	0:00:07.377234
4360	6	6	6	1	0:00:07.376541
4380	9	9	9	1	0:00:07.375403
4400	3	-1	3	0	0:00:07.375077
4420	5	5	5	1	0:00:07.377725
4440	2	2	2	1	0:00:07.379735
4460	9	9	9	1	0:00:07.379612
4480	9	9	9	1	0:00:07.378238
4500	3	3	3	1	0:00:07.375683
4520	3	3	3	1	0:00:07.378500
4540	9	9	9	1	0:00:07.374051
4560	1	1	1	1	0:00:07.377267
4580	6	6	4	1	0:00:07.376507
4600	4	4	4	1	0:00:07.376776
4620	7	7	7	1	0:00:07.374316
4640	2	2	2	1	0:00:07.375052
4660	7	7	7	1	0:00:07.382422
4680	9	9	9	1	0:00:07.381276
4700	6	6	5	1	0:00:07.378121
4720	8	8	8	1	0:00:07.378932
4740	5	-1	3	0	0:00:07.374521
4760	3	3	0	1	0:00:07.375534
4780	0	0	0	1	0:00:07.373836
4800	9	9	9	1	0:00:07.366592
4820	3	3	3	1	0:00:07.365281
4840	0	0	0	1	0:00:07.371744
4860	5	5	5	1	0:00:07.367441
4880	0	0	0	1	0:00:07.368556
4900	3	3	3	1	0:00:07.370912
4920	7	7	7	1	0:00:07.370802
4940	6	6	6	1	0:00:07.376173
4960	4	4	4	1	0:00:07.374768
4980	1	1	1	1	0:00:07.374483
5000	7	7	7	1	0:00:07.378104
5020	8	8	8	1	0:00:07.372237
5040	3	1	3	0	0:00:07.377712
5060	6	2	2	0	0:00:07.378364
5080	7	7	7	1	0:00:07.378175
5100	3	3	3	1	0:00:07.380214
5120	9	9	9	1	0:00:07.376913
5140	8	8	8	1	0:00:07.372570
5160	0	0	0	1	0:00:07.375356
5180	9	9	9	1	0:00:07.373931
5200	3	0	0	0	0:00:07.376613
5220	0	0	0	1	0:00:07.372379
5240	1	1	1	1	0:00:07.377922
5260	0	0	0	1	0:00:07.373246
5280	0	-1	4	0	0:00:07.375031
5300	9	9	9	1	0:00:07.375864
5320	7	7	7	1	0:00:07.374289
5340	3	4	5	0	0:00:07.375696
5360	9	9	9	1	0:00:07.374333
5380	1	1	1	1	0:00:07.374203
5400	9	9	9	1	0:00:07.372441
5420	6	6	6	1	0:00:07.376108
5440	9	9	9	1	0:00:07.374074
5460	0	0	0	1	0:00:07.379488
5480	1	1	1	1	0:00:07.375323
5500	8	8	8	1	0:00:07.374439
5520	4	4	4	1	0:00:07.375232
5540	5	5	5	1	0:00:07.378705
5560	3	-1	3	0	0:00:07.376562
5580	5	3	3	0	0:00:07.372967
5600	6	6	3	1	0:00:07.372196
5620	3	3	3	1	0:00:07.364149
5640	2	-1	2	0	0:00:07.373126
5660	9	9	9	1	0:00:07.375952
5680	2	2	2	1	0:00:07.367147
5700	3	3	3	1	0:00:07.377959
5720	9	9	9	1	0:00:07.369487
5740	6	-1	4	0	0:00:07.369671
5760	2	2	2	1	0:00:07.371722
5780	7	7	7	1	0:00:07.374107
5800	2	2	2	1	0:00:07.376570
5820	5	5	5	1	0:00:07.376129
5840	2	-1	3	0	0:00:07.376881
5860	0	0	0	1	0:00:07.361395
5880	0	0	0	1	0:00:07.361727
5900	4	3	0	0	0:00:07.374793
5920	8	8	8	1	0:00:07.372734
5940	7	7	0	1	0:00:07.374277
5960	2	6	2	0	0:00:07.376632
5980	9	9	9	1	0:00:07.375096
6000	8	8	8	1	0:00:07.376036
6020	6	6	6	1	0:00:07.378556
6040	2	-1	7	0	0:00:07.380244
6060	3	4	2	0	0:00:07.376506
6080	1	1	1	1	0:00:07.377504
6100	1	1	1	1	0:00:07.372151
6120	5	5	5	1	0:00:07.373126
6140	9	9	9	1	0:00:07.373925
6160	2	2	2	1	0:00:07.378128
6180	0	0	0	1	0:00:07.375667
6200	3	2	2	0	0:00:07.378175
6220	2	-1	2	0	0:00:07.366972
6240	2	2	2	1	0:00:07.371625
6260	2	2	2	1	0:00:07.378928
6280	8	8	8	1	0:00:07.379678
6300	1	1	1	1	0:00:07.380160
6320	0	0	0	1	0:00:07.378522
6340	3	3	3	1	0:00:07.379409
6360	2	2	2	1	0:00:07.378476
6380	3	-1	7	0	0:00:07.376086
6400	0	0	0	1	0:00:07.377403
6420	7	7	7	1	0:00:07.376424
6440	3	3	3	1	0:00:07.368765
6460	3	3	3	1	0:00:07.364516
6480	0	0	0	1	0:00:07.367540
6500	7	-1	8	0	0:00:07.378613
6520	6	6	2	1	0:00:07.375249
6540	8	8	8	1	0:00:07.369111
6560	6	-1	5	0	0:00:07.380399
6580	1	1	1	1	0:00:07.374856
6600	7	7	7	1	0:00:07.371601
6620	7	7	7	1	0:00:07.366320
6640	5	3	3	0	0:00:07.372459
6660	0	0	0	1	0:00:07.376100
6680	3	5	5	0	0:00:07.378751
6700	6	6	8	1	0:00:07.379117
6720	2	2	2	1	0:00:07.374846
6740	2	2	2	1	0:00:07.376688
6760	5	5	5	1	0:00:07.375927
6780	7	7	7	1	0:00:07.375187
6800	6	6	2	1	0:00:07.373698
6820	1	1	1	1	0:00:07.375740
6840	9	9	9	1	0:00:07.374497
6860	0	0	0	1	0:00:07.376428
6880	2	2	2	1	0:00:07.374009
6900	3	5	5	0	0:00:07.376030
6920	5	5	5	1	0:00:07.374657
6940	1	1	1	1	0:00:07.377378
6960	9	9	9	1	0:00:07.373710
6980	0	0	0	1	0:00:07.373947
7000	2	0	0	0	0:00:07.375871
7020	7	7	7	1	0:00:07.379424
7040	7	0	0	0	0:00:07.374546
7060	8	8	8	1	0:00:07.373821
7080	5	4	0	0	0:00:07.377646
7100	9	3	2	0	0:00:07.377111
7120	7	5	5	0	0:00:07.378708
7140	4	4	2	1	0:00:07.376262
7160	5	5	5	1	0:00:07.379412
7180	6	6	6	1	0:00:07.376683
7200	4	4	4	1	0:00:07.376734
7220	9	9	9	1	0:00:07.375823
7240	0	0	0	1	0:00:07.371119
7260	1	1	1	1	0:00:07.366493
7280	1	1	1	1	0:00:07.362960
7300	3	5	5	0	0:00:07.366802
7320	8	8	8	1	0:00:07.362783
7340	2	2	0	1	0:00:07.366707
7360	2	2	2	1	0:00:07.367253
7380	7	7	7	1	0:00:07.364488
7400	3	5	3	0	0:00:07.373436
7420	3	-1	2	0	0:00:07.375816
7440	3	3	3	1	0:00:07.378564
7460	5	5	5	1	0:00:07.375315
7480	1	1	1	1	0:00:07.377395
7500	6	6	6	1	0:00:07.370205
7520	4	4	4	1	0:00:07.367845
7540	5	5	5	1	0:00:07.374074
7560	0	0	0	1	0:00:07.373960
7580	8	8	8	1	0:00:07.370964
7600	8	2	2	0	0:00:07.374606
7620	5	1	3	0	0:00:07.373467
7640	9	-1	9	0	0:00:07.370140
7660	7	7	7	1	0:00:07.373952
7680	3	-1	5	0	0:00:07.375112
7700	6	6	6	1	0:00:07.367707
7720	5	5	5	1	0:00:07.367516
7740	4	4	4	1	0:00:07.368029
7760	2	-1	0	0	0:00:07.368489
7780	3	8	8	0	0:00:07.368362
7800	0	0	0	1	0:00:07.370884
7820	5	3	3	0	0:00:07.367978
7840	1	1	1	1	0:00:07.364241
7860	8	8	8	1	0:00:07.362941
7880	0	0	0	1	0:00:07.358564
7900	0	0	0	1	0:00:07.360783
7920	9	9	9	1	0:00:07.366833
7940	2	-1	2	0	0:00:07.364901
7960	0	0	0	1	0:00:07.358381
7980	3	3	3	1	0:00:07.361891
8000	9	9	9	1	0:00:07.367923
8020	6	3	3	0	0:00:07.371482
8040	2	2	2	1	0:00:07.370916
8060	6	6	6	1	0:00:07.367698
8080	4	4	3	1	0:00:07.376104
8100	6	6	6	1	0:00:07.372233
8120	8	-1	8	0	0:00:07.366336
8140	5	-1	5	0	0:00:07.371102
8160	6	6	6	1	0:00:07.377504
8180	4	4	2	1	0:00:07.375849
8200	3	-1	3	0	0:00:07.372274
8220	6	6	5	1	0:00:07.370560
8240	7	7	7	1	0:00:07.368050
8260	1	1	1	1	0:00:07.372555
8280	4	4	4	1	0:00:07.371649
8300	5	5	3	1	0:00:07.373369
8320	7	7	7	1	0:00:07.367184
8340	5	5	5	1	0:00:07.372103
8360	7	7	7	1	0:00:07.375073
8380	9	9	9	1	0:00:07.374249
8400	0	0	0	1	0:00:07.372932
8420	3	6	3	0	0:00:07.377541
8440	5	-1	3	0	0:00:07.372075
8460	8	8	8	1	0:00:07.369965
8480	2	-1	5	0	0:00:07.373090
8500	4	4	4	1	0:00:07.371773
8520	8	8	8	1	0:00:07.372184
8540	4	4	4	1	0:00:07.371779
8560	7	7	7	1	0:00:07.373412
8580	3	5	5	0	0:00:07.375671
8600	3	3	3	1	0:00:07.372130
8620	3	-1	3	0	0:00:07.371429
8640	1	-1	1	0	0:00:07.369930
8660	7	7	7	1	0:00:07.372679
8680	3	-1	5	0	0:00:07.371479
8700	3	3	3	1	0:00:07.374201
8720	2	0	0	0	0:00:07.374884
8740	2	2	2	1	0:00:07.373296
8760	8	8	8	1	0:00:07.372832
8780	4	4	8	1	0:00:07.367306
8800	0	0	0	1	0:00:07.368058
8820	2	2	2	1	0:00:07.373114
8840	2	-1	2	0	0:00:07.369096
8860	2	2	2	1	0:00:07.373526
8880	1	1	1	1	0:00:07.376521
8900	2	4	3	0	0:00:07.374911
8920	6	6	6	1	0:00:07.371366
8940	6	3	3	0	0:00:07.376018
8960	0	2	2	0	0:00:07.370573
8980	9	9	9	1	0:00:07.372516
9000	8	8	8	1	0:00:07.374284
9020	7	7	7	1	0:00:07.374454
9040	2	5	5	0	0:00:07.376082
9060	9	9	9	1	0:00:07.377726
9080	3	3	3	1	0:00:07.373375
9100	9	-1	1	0	0:00:07.373321
9120	3	5	5	0	0:00:07.376378
9140	7	7	7	1	0:00:07.376096
9160	5	5	5	1	0:00:07.374409
9180	5	5	5	1	0:00:07.377538
9200	8	8	8	1	0:00:07.367257
9220	8	8	8	1	0:00:07.374008
9240	8	8	8	1	0:00:07.376406
9260	5	5	3	1	0:00:07.373427
9280	9	9	9	1	0:00:07.372664
9300	5	4	4	0	0:00:07.375803
9320	9	9	9	1	0:00:07.377371
9340	1	1	1	1	0:00:07.377429
9360	5	0	0	0	0:00:07.376196
9380	5	3	3	0	0:00:07.372306
9400	6	6	6	1	0:00:07.378014
9420	5	5	5	1	0:00:07.377337
9440	8	8	8	1	0:00:07.373734
9460	3	3	3	1	0:00:07.378369
9480	2	2	2	1	0:00:07.369832
9500	9	9	9	1	0:00:07.372008
9520	1	1	1	1	0:00:07.371297
9540	5	5	5	1	0:00:07.369495
9560	9	9	9	1	0:00:07.371963
9580	1	1	1	1	0:00:07.367259
9600	8	8	8	1	0:00:07.370507
9620	4	4	5	1	0:00:07.372880
9640	5	5	5	1	0:00:07.368309
9660	6	6	6	1	0:00:07.377143
9680	8	8	8	1	0:00:07.373659
9700	0	0	0	1	0:00:07.371434
9720	8	8	8	1	0:00:07.372756
9740	3	6	3	0	0:00:07.370270
9760	9	5	5	0	0:00:07.364606
9780	4	-1	2	0	0:00:07.370070
9800	1	1	1	1	0:00:07.373671
9820	0	0	0	1	0:00:07.375377
9840	4	7	7	0	0:00:07.370739
9860	0	0	0	1	0:00:07.373375
9880	7	7	7	1	0:00:07.375050
9900	8	8	8	1	0:00:07.374573
9920	6	6	6	1	0:00:07.374871
9940	4	4	5	1	0:00:07.368302
9960	2	0	0	0	0:00:07.368031
9980	0	0	0	1	0:00:07.372718
