idx	label	predict	basePredict	correct	time
0	3	6	6	0	0:00:16.840598
20	7	9	9	0	0:00:15.690671
40	4	8	8	0	0:00:15.712677
60	7	2	2	0	0:00:15.691806
80	8	8	8	1	0:00:15.695750
100	4	5	5	0	0:00:15.768708
120	8	8	8	1	0:00:15.695234
140	6	2	2	0	0:00:15.753814
160	2	0	0	0	0:00:15.699571
180	0	0	0	1	0:00:15.797620
200	5	3	3	0	0:00:15.687409
220	7	7	7	1	0:00:15.752104
240	1	1	1	1	0:00:15.707223
260	8	5	5	0	0:00:15.689210
280	9	9	9	1	0:00:15.733807
300	6	4	4	0	0:00:15.730223
320	3	4	2	0	0:00:15.717786
340	2	4	4	0	0:00:15.801907
360	9	6	6	0	0:00:15.695447
380	6	6	6	1	0:00:15.688282
400	9	9	9	1	0:00:15.682725
420	4	6	6	0	0:00:15.719163
440	1	1	1	1	0:00:15.696677
460	5	5	5	1	0:00:15.748619
480	8	9	9	0	0:00:15.716816
500	4	6	6	0	0:00:15.756052
520	5	7	5	0	0:00:15.676944
540	1	8	8	0	0:00:15.762932
560	0	0	0	1	0:00:15.712397
580	4	6	6	0	0:00:15.726562
600	8	8	8	1	0:00:15.761808
620	7	6	6	0	0:00:15.761844
640	5	6	6	0	0:00:15.910820
660	9	9	9	1	0:00:15.737298
680	9	9	9	1	0:00:16.022063
700	7	7	7	1	0:00:15.766914
720	4	9	9	0	0:00:15.740969
740	2	5	5	0	0:00:15.794446
760	3	9	9	0	0:00:15.749676
780	9	9	0	1	0:00:15.770661
800	7	7	7	1	0:00:15.865577
820	6	9	9	0	0:00:15.965235
840	7	7	7	1	0:00:15.831211
860	4	6	6	0	0:00:15.698488
880	8	8	8	1	0:00:15.732401
900	2	6	6	0	0:00:15.703089
920	6	2	2	0	0:00:15.668605
940	9	1	6	0	0:00:15.924471
960	9	9	9	1	0:00:15.752860
980	2	6	6	0	0:00:15.955139
1000	5	5	5	1	0:00:14.964421
1020	1	8	8	0	0:00:14.951715
1040	7	5	5	0	0:00:14.947230
1060	9	8	8	0	0:00:14.960836
1080	6	6	6	1	0:00:14.945006
1100	7	8	8	0	0:00:14.946363
1120	5	2	8	0	0:00:14.967188
1140	6	4	6	0	0:00:14.968304
1160	8	0	0	0	0:00:14.983314
1180	3	9	9	0	0:00:14.948775
1200	8	0	0	0	0:00:14.956381
1220	9	2	2	0	0:00:15.073870
1240	2	6	6	0	0:00:14.955927
1260	1	9	9	0	0:00:14.964385
1280	3	7	7	0	0:00:14.953413
1300	4	6	6	0	0:00:14.943677
1320	7	0	0	0	0:00:14.946736
1340	1	1	1	1	0:00:14.945455
1360	7	9	5	0	0:00:14.942389
1380	4	5	5	0	0:00:14.948767
1400	5	4	2	0	0:00:14.948957
1420	4	7	7	0	0:00:14.947760
1440	0	8	8	0	0:00:14.944771
1460	6	6	6	1	0:00:14.986917
1480	1	5	5	0	0:00:14.964542
1500	1	9	9	0	0:00:14.963005
1520	7	6	6	0	0:00:14.933969
1540	8	8	8	1	0:00:14.958983
1560	7	7	7	1	0:00:14.963896
1580	6	1	1	0	0:00:14.964684
1600	8	9	6	0	0:00:14.951264
1620	5	8	8	0	0:00:14.953995
1640	7	5	5	0	0:00:14.953118
1660	3	5	5	0	0:00:14.989722
1680	6	6	6	1	0:00:14.951922
1700	5	2	2	0	0:00:14.957501
1720	4	0	0	0	0:00:14.959219
1740	1	9	9	0	0:00:15.003491
1760	0	8	8	0	0:00:14.954885
1780	7	8	8	0	0:00:14.946174
1800	4	8	8	0	0:00:14.949295
1820	8	9	9	0	0:00:14.962568
1840	8	7	7	0	0:00:14.955373
1860	8	8	8	1	0:00:14.983378
1880	1	1	8	1	0:00:14.968643
1900	8	8	8	1	0:00:14.947305
1920	2	7	4	0	0:00:14.950240
1940	5	2	2	0	0:00:14.968284
1960	2	5	5	0	0:00:14.939522
1980	9	9	9	1	0:00:14.949852
2000	1	6	6	0	0:00:14.938060
2020	9	9	9	1	0:00:14.960639
2040	0	8	8	0	0:00:14.943486
2060	5	5	5	1	0:00:14.950882
2080	1	1	4	1	0:00:15.011163
2100	2	4	4	0	0:00:14.960599
2120	4	8	8	0	0:00:14.969550
2140	9	9	1	1	0:00:14.964498
2160	0	8	8	0	0:00:14.968234
2180	4	6	6	0	0:00:14.957590
2200	0	0	0	1	0:00:14.952890
2220	1	1	1	1	0:00:14.956229
2240	9	9	9	1	0:00:14.957911
2260	4	1	4	0	0:00:14.965228
2280	4	8	8	0	0:00:14.950753
2300	3	6	6	0	0:00:14.942205
2320	5	8	8	0	0:00:14.962450
2340	7	7	7	1	0:00:14.967768
2360	7	7	7	1	0:00:14.942433
2380	8	8	8	1	0:00:14.957158
2400	0	0	0	1	0:00:14.953117
2420	8	5	5	0	0:00:14.957374
2440	7	1	1	0	0:00:14.940424
2460	9	6	6	0	0:00:14.931951
2480	8	8	8	1	0:00:14.949901
2500	4	6	4	0	0:00:14.952853
2520	1	8	8	0	0:00:14.948240
2540	2	3	3	0	0:00:14.938898
2560	7	4	4	0	0:00:14.951325
2580	6	4	4	0	0:00:14.955648
2600	8	8	8	1	0:00:14.961292
2620	1	6	6	0	0:00:14.955378
2640	7	7	7	1	0:00:14.964631
2660	3	0	0	0	0:00:14.957362
2680	0	0	0	1	0:00:14.961099
2700	9	9	0	1	0:00:14.944093
2720	3	8	8	0	0:00:14.956994
2740	1	1	1	1	0:00:14.959756
2760	2	6	6	0	0:00:14.953390
2780	7	7	7	1	0:00:14.956197
2800	4	6	6	0	0:00:14.952838
2820	6	6	6	1	0:00:14.951853
2840	3	3	3	1	0:00:14.957140
2860	5	7	7	0	0:00:14.949297
2880	4	4	4	1	0:00:14.970005
2900	3	5	5	0	0:00:14.969434
2920	2	8	8	0	0:00:14.975796
2940	3	8	8	0	0:00:14.971349
2960	9	7	7	0	0:00:14.950198
2980	8	1	1	0	0:00:14.974001
3000	5	5	5	1	0:00:14.961366
3020	1	1	1	1	0:00:14.949749
3040	7	7	7	1	0:00:14.963391
3060	7	7	7	1	0:00:14.964020
3080	1	2	2	0	0:00:14.950040
3100	0	0	0	1	0:00:14.962524
3120	4	6	6	0	0:00:14.975219
3140	8	8	8	1	0:00:14.966900
3160	6	4	4	0	0:00:14.972576
3180	3	9	8	0	0:00:14.951730
3200	5	7	7	0	0:00:14.952848
3220	3	9	9	0	0:00:14.971040
3240	4	1	8	0	0:00:14.960263
3260	7	0	0	0	0:00:14.952366
3280	3	0	0	0	0:00:14.957112
3300	4	4	4	1	0:00:14.972995
3320	2	7	7	0	0:00:15.007026
3340	6	4	4	0	0:00:14.961620
3360	4	6	6	0	0:00:14.943895
3380	8	9	8	0	0:00:14.959208
3400	6	4	4	0	0:00:14.950497
3420	5	6	6	0	0:00:14.968849
3440	2	9	9	0	0:00:15.022102
3460	1	1	1	1	0:00:15.002497
3480	2	2	2	1	0:00:14.977623
3500	1	1	4	1	0:00:14.968206
3520	1	1	1	1	0:00:14.957272
3540	6	8	8	0	0:00:14.988479
3560	1	9	9	0	0:00:14.987965
3580	4	1	1	0	0:00:14.994135
3600	4	2	2	0	0:00:14.967368
3620	0	7	7	0	0:00:15.022944
3640	6	2	2	0	0:00:14.996874
3660	0	8	8	0	0:00:14.977970
3680	0	2	2	0	0:00:14.976890
3700	3	4	4	0	0:00:14.972797
3720	2	2	2	1	0:00:14.984284
3740	0	0	0	1	0:00:15.009454
3760	7	7	7	1	0:00:14.961842
3780	4	2	2	0	0:00:14.998074
3800	9	9	3	1	0:00:14.993315
3820	0	0	0	1	0:00:15.039376
3840	6	8	8	0	0:00:14.949285
3860	7	7	7	1	0:00:14.957520
3880	6	4	4	0	0:00:15.010283
3900	3	0	0	0	0:00:14.972148
3920	7	8	8	0	0:00:14.972202
3940	6	-1	6	0	0:00:14.981120
3960	2	5	5	0	0:00:14.968828
3980	9	7	7	0	0:00:14.992125
4000	8	7	7	0	0:00:14.960743
4020	8	9	8	0	0:00:14.947010
4040	0	0	0	1	0:00:14.967051
4060	6	0	0	0	0:00:14.949989
4080	1	8	8	0	0:00:14.940197
4100	7	7	7	1	0:00:14.960611
4120	4	0	0	0	0:00:14.946914
4140	5	2	2	0	0:00:14.950040
4160	5	2	2	0	0:00:14.961301
4180	0	8	8	0	0:00:14.959501
4200	4	2	2	0	0:00:14.965284
4220	4	0	0	0	0:00:14.972109
4240	7	8	8	0	0:00:14.961992
4260	8	8	8	1	0:00:14.973032
4280	8	8	8	1	0:00:14.961031
4300	8	8	8	1	0:00:14.959300
4320	1	8	8	0	0:00:14.966130
4340	0	0	0	1	0:00:14.971785
4360	6	9	9	0	0:00:14.961638
4380	9	9	9	1	0:00:14.973597
4400	3	8	8	0	0:00:14.976466
4420	5	8	8	0	0:00:14.965109
4440	2	6	6	0	0:00:14.974875
4460	9	8	8	0	0:00:14.964080
4480	9	6	6	0	0:00:14.983773
4500	3	7	7	0	0:00:14.962604
4520	3	6	6	0	0:00:14.980270
4540	9	9	9	1	0:00:14.967388
4560	1	1	6	1	0:00:14.955688
4580	6	6	6	1	0:00:14.955827
4600	4	7	7	0	0:00:14.959968
4620	7	3	3	0	0:00:14.962697
4640	2	5	5	0	0:00:14.962229
4660	7	2	2	0	0:00:14.967908
4680	9	1	1	0	0:00:14.971403
4700	6	1	1	0	0:00:14.953957
4720	8	0	0	0	0:00:14.988353
4740	5	6	6	0	0:00:14.998393
4760	3	2	2	0	0:00:14.990856
4780	0	8	0	0	0:00:14.948717
4800	9	9	9	1	0:00:14.963231
4820	3	5	5	0	0:00:14.952964
4840	0	0	0	1	0:00:14.955653
4860	5	5	5	1	0:00:14.961988
4880	0	2	2	0	0:00:14.958452
4900	3	1	1	0	0:00:14.952644
4920	7	0	0	0	0:00:14.999969
4940	6	4	2	0	0:00:14.945167
4960	4	6	6	0	0:00:14.937089
4980	1	9	9	0	0:00:14.950742
5000	7	7	7	1	0:00:14.967635
5020	8	1	1	0	0:00:14.944103
5040	3	7	7	0	0:00:14.943333
5060	6	6	6	1	0:00:14.966809
5080	7	7	7	1	0:00:14.954886
5100	3	4	4	0	0:00:14.971760
5120	9	8	8	0	0:00:14.958115
5140	8	8	8	1	0:00:14.951968
5160	0	8	8	0	0:00:14.955866
5180	9	6	6	0	0:00:14.957679
5200	3	3	3	1	0:00:14.953005
5220	0	0	0	1	0:00:14.944199
5240	1	9	3	0	0:00:14.954541
5260	0	0	0	1	0:00:14.949513
5280	0	8	8	0	0:00:14.966949
5300	9	1	1	0	0:00:15.014496
5320	7	7	7	1	0:00:14.967643
5340	3	4	4	0	0:00:14.973404
5360	9	9	9	1	0:00:14.952154
5380	1	9	9	0	0:00:14.942388
5400	9	0	0	0	0:00:14.950248
5420	6	5	6	0	0:00:14.950027
5440	9	9	9	1	0:00:14.944777
5460	0	7	7	0	0:00:14.961533
5480	1	8	8	0	0:00:14.960874
5500	8	1	1	0	0:00:14.955825
5520	4	5	5	0	0:00:14.957245
5540	5	6	2	0	0:00:14.949120
5560	3	6	6	0	0:00:14.970145
5580	5	6	6	0	0:00:14.940579
5600	6	8	8	0	0:00:14.941322
5620	3	2	2	0	0:00:14.953567
5640	2	3	3	0	0:00:14.955023
5660	9	9	8	1	0:00:14.966779
5680	2	8	8	0	0:00:14.953774
5700	3	6	6	0	0:00:14.977331
5720	9	9	9	1	0:00:14.962918
5740	6	6	6	1	0:00:14.954619
5760	2	2	2	1	0:00:14.947870
5780	7	7	7	1	0:00:14.960168
5800	2	6	6	0	0:00:14.969453
5820	5	6	6	0	0:00:14.964967
5840	2	6	6	0	0:00:14.962195
5860	0	8	8	0	0:00:14.948630
5880	0	8	8	0	0:00:14.952194
5900	4	5	5	0	0:00:14.974591
5920	8	8	8	1	0:00:14.947508
5940	7	4	4	0	0:00:14.962838
5960	2	7	7	0	0:00:14.974909
5980	9	9	9	1	0:00:14.966190
6000	8	9	9	0	0:00:14.975515
6020	6	7	7	0	0:00:14.953659
6040	2	7	7	0	0:00:14.964778
6060	3	4	4	0	0:00:14.974247
6080	1	9	6	0	0:00:14.965604
6100	1	1	8	1	0:00:14.958230
6120	5	5	5	1	0:00:14.977996
6140	9	9	9	1	0:00:14.950046
6160	2	5	5	0	0:00:14.958662
6180	0	9	8	0	0:00:14.960706
6200	3	9	0	0	0:00:14.951088
6220	2	6	6	0	0:00:14.947751
6240	2	1	6	0	0:00:14.955107
6260	2	9	9	0	0:00:14.949066
6280	8	5	5	0	0:00:14.986125
6300	1	7	7	0	0:00:14.952239
6320	0	0	0	1	0:00:14.947050
6340	3	8	8	0	0:00:14.953956
6360	2	6	2	0	0:00:14.969408
6380	3	1	1	0	0:00:14.975658
6400	0	1	1	0	0:00:14.989844
6420	7	8	8	0	0:00:14.955823
6440	3	8	8	0	0:00:14.948762
6460	3	1	1	0	0:00:14.956686
6480	0	5	0	0	0:00:14.954107
6500	7	0	0	0	0:00:14.953251
6520	6	4	4	0	0:00:14.976432
6540	8	8	8	1	0:00:14.975597
6560	6	6	6	1	0:00:14.951504
6580	1	9	2	0	0:00:14.978331
6600	7	7	7	1	0:00:14.980012
6620	7	7	7	1	0:00:14.967069
6640	5	8	8	0	0:00:14.959877
6660	0	8	8	0	0:00:14.969711
6680	3	5	5	0	0:00:14.985062
6700	6	6	6	1	0:00:14.961863
6720	2	2	2	1	0:00:14.952734
6740	2	6	6	0	0:00:14.948814
6760	5	2	2	0	0:00:14.951560
6780	7	7	7	1	0:00:14.952451
6800	6	6	6	1	0:00:14.948900
6820	1	1	1	1	0:00:14.938355
6840	9	1	1	0	0:00:14.971411
6860	0	0	0	1	0:00:14.951065
6880	2	7	4	0	0:00:14.949085
6900	3	7	7	0	0:00:14.950615
6920	5	2	2	0	0:00:14.975829
6940	1	1	1	1	0:00:14.959717
6960	9	8	8	0	0:00:14.964211
6980	0	9	9	0	0:00:14.972911
7000	2	8	8	0	0:00:14.969171
7020	7	1	1	0	0:00:14.969120
7040	7	8	8	0	0:00:14.958037
7060	8	8	8	1	0:00:14.947104
7080	5	4	4	0	0:00:14.958864
7100	9	3	3	0	0:00:14.956348
7120	7	-1	6	0	0:00:14.957401
7140	4	4	4	1	0:00:14.943794
7160	5	4	4	0	0:00:14.958409
7180	6	6	6	1	0:00:14.953167
7200	4	6	6	0	0:00:14.935639
7220	9	8	8	0	0:00:14.962523
7240	0	8	8	0	0:00:14.956326
7260	1	8	8	0	0:00:14.942964
7280	1	6	6	0	0:00:14.946641
7300	3	7	7	0	0:00:14.939073
7320	8	0	0	0	0:00:14.963554
7340	2	4	4	0	0:00:14.947052
7360	2	7	7	0	0:00:14.955010
7380	7	1	7	0	0:00:14.947192
7400	3	9	9	0	0:00:14.950454
7420	3	0	0	0	0:00:14.963604
7440	3	6	6	0	0:00:14.950474
7460	5	5	5	1	0:00:14.946978
7480	1	5	5	0	0:00:14.970658
7500	6	6	6	1	0:00:14.953592
7520	4	6	6	0	0:00:14.967677
7540	5	5	5	1	0:00:14.949445
7560	0	6	2	0	0:00:14.971077
7580	8	8	8	1	0:00:14.953475
7600	8	9	9	0	0:00:14.961799
7620	5	1	1	0	0:00:14.946025
7640	9	9	8	1	0:00:14.962680
7660	7	9	9	0	0:00:14.947243
7680	3	9	9	0	0:00:14.950517
7700	6	6	6	1	0:00:14.945336
7720	5	6	6	0	0:00:14.964360
7740	4	6	2	0	0:00:14.947797
7760	2	9	9	0	0:00:14.960371
7780	3	8	8	0	0:00:14.971287
7800	0	0	0	1	0:00:14.955580
7820	5	8	8	0	0:00:14.956017
7840	1	1	1	1	0:00:14.956216
7860	8	4	4	0	0:00:14.935971
7880	0	8	8	0	0:00:14.971668
7900	0	8	8	0	0:00:14.948928
7920	9	8	8	0	0:00:14.958858
7940	2	6	6	0	0:00:14.946159
7960	0	0	0	1	0:00:14.959898
7980	3	7	4	0	0:00:14.967029
8000	9	9	9	1	0:00:14.948102
8020	6	6	6	1	0:00:14.950943
8040	2	6	6	0	0:00:14.963927
8060	6	4	4	0	0:00:14.965821
8080	4	6	6	0	0:00:14.952493
8100	6	2	2	0	0:00:14.974969
8120	8	9	9	0	0:00:14.960526
8140	5	6	6	0	0:00:14.945806
8160	6	9	9	0	0:00:14.948844
8180	4	6	6	0	0:00:14.959146
8200	3	6	6	0	0:00:14.955940
8220	6	7	2	0	0:00:14.962834
8240	7	7	7	1	0:00:14.955395
8260	1	1	1	1	0:00:14.955818
8280	4	1	1	0	0:00:14.951829
8300	5	2	2	0	0:00:14.951061
8320	7	4	4	0	0:00:14.961222
8340	5	4	4	0	0:00:14.959266
8360	7	4	4	0	0:00:14.956285
8380	9	8	8	0	0:00:14.972826
8400	0	8	8	0	0:00:14.943447
8420	3	6	4	0	0:00:14.966804
8440	5	9	9	0	0:00:14.961899
8460	8	8	8	1	0:00:14.962894
8480	2	1	1	0	0:00:14.957862
8500	4	2	2	0	0:00:14.972307
8520	8	6	6	0	0:00:14.952702
8540	4	6	4	0	0:00:14.951952
8560	7	7	7	1	0:00:14.946803
8580	3	0	0	0	0:00:14.955322
8600	3	7	7	0	0:00:14.968716
8620	3	1	4	0	0:00:14.961558
8640	1	1	1	1	0:00:14.955435
8660	7	5	5	0	0:00:14.962033
8680	3	9	9	0	0:00:14.961778
8700	3	5	5	0	0:00:14.956397
8720	2	0	0	0	0:00:14.972271
8740	2	6	6	0	0:00:14.946101
8760	8	8	8	1	0:00:14.953564
8780	4	4	4	1	0:00:14.966396
8800	0	0	0	1	0:00:14.960529
8820	2	2	2	1	0:00:14.962407
8840	2	1	1	0	0:00:14.948547
8860	2	0	0	0	0:00:14.952141
8880	1	6	6	0	0:00:14.947172
8900	2	1	6	0	0:00:14.954515
8920	6	6	6	1	0:00:14.948824
8940	6	3	3	0	0:00:14.970755
8960	0	0	0	1	0:00:14.947221
8980	9	9	9	1	0:00:14.971093
9000	8	8	8	1	0:00:14.961457
9020	7	9	9	0	0:00:14.958832
9040	2	5	5	0	0:00:14.943738
9060	9	5	5	0	0:00:14.986752
9080	3	0	0	0	0:00:14.957210
9100	9	6	6	0	0:00:14.969476
9120	3	0	0	0	0:00:14.948864
9140	7	8	8	0	0:00:14.975289
9160	5	5	5	1	0:00:14.966631
9180	5	5	5	1	0:00:14.956889
9200	8	8	8	1	0:00:14.950172
9220	8	8	8	1	0:00:14.964249
9240	8	8	8	1	0:00:14.965163
9260	5	5	5	1	0:00:14.986006
9280	9	0	8	0	0:00:14.949053
9300	5	5	6	1	0:00:14.962312
9320	9	9	8	1	0:00:14.961102
9340	1	1	1	1	0:00:14.963868
9360	5	6	6	0	0:00:14.974338
9380	5	5	5	1	0:00:14.953138
9400	6	6	4	1	0:00:14.945271
9420	5	6	6	0	0:00:14.954641
9440	8	8	8	1	0:00:14.937591
9460	3	9	7	0	0:00:14.946330
9480	2	4	6	0	0:00:14.956089
9500	9	1	6	0	0:00:14.947835
9520	1	9	9	0	0:00:14.941133
9540	5	4	4	0	0:00:14.942143
9560	9	7	7	0	0:00:14.960394
9580	1	4	4	0	0:00:14.942910
9600	8	8	8	1	0:00:14.963785
9620	4	7	7	0	0:00:14.954733
9640	5	6	6	0	0:00:14.952088
9660	6	6	6	1	0:00:14.943967
9680	8	9	9	0	0:00:14.953602
9700	0	0	0	1	0:00:14.957674
9720	8	6	6	0	0:00:14.948731
9740	3	6	6	0	0:00:14.947304
9760	9	9	9	1	0:00:14.967678
9780	4	6	6	0	0:00:14.952363
9800	1	1	1	1	0:00:14.959181
9820	0	9	8	0	0:00:14.979380
9840	4	3	3	0	0:00:14.955765
9860	0	2	2	0	0:00:14.971160
9880	7	7	4	1	0:00:14.960185
9900	8	0	0	0	0:00:14.968227
9920	6	6	6	1	0:00:14.966105
9940	4	7	7	0	0:00:14.969438
9960	2	0	0	0	0:00:14.967661
9980	0	0	0	1	0:00:14.955458
