idx	label	predict	basePredict	correct	time
0	3	3	3	1	0:00:01.250117
20	7	7	7	1	0:00:01.171316
40	4	4	4	1	0:00:01.146658
60	7	7	7	1	0:00:01.117649
80	8	8	8	1	0:00:01.116877
100	4	3	3	0	0:00:01.140746
120	8	-1	8	0	0:00:01.163445
140	6	6	6	1	0:00:01.141944
160	2	2	2	1	0:00:01.122372
180	0	0	0	1	0:00:01.159314
200	5	5	5	1	0:00:01.137312
220	7	-1	5	0	0:00:01.115299
240	1	1	1	1	0:00:01.139719
260	8	8	8	1	0:00:01.155120
280	9	9	9	1	0:00:01.102262
300	6	6	6	1	0:00:01.120334
320	3	3	3	1	0:00:01.136795
340	2	4	4	0	0:00:01.131568
360	9	9	9	1	0:00:01.120872
380	6	6	6	1	0:00:01.135538
400	9	9	9	1	0:00:01.148023
420	4	4	4	1	0:00:01.121117
440	1	1	1	1	0:00:01.143435
460	5	5	5	1	0:00:01.116671
480	8	-1	8	0	0:00:01.125398
500	4	6	6	0	0:00:01.154115
520	5	5	5	1	0:00:01.143041
540	1	1	1	1	0:00:01.153443
560	0	0	0	1	0:00:01.134755
580	4	4	4	1	0:00:01.120814
600	8	8	8	1	0:00:01.131307
620	7	7	7	1	0:00:01.122459
640	5	3	3	0	0:00:01.128171
660	9	9	9	1	0:00:01.132847
680	9	-1	7	0	0:00:01.159810
700	7	7	7	1	0:00:01.135428
720	4	4	4	1	0:00:01.127795
740	2	-1	5	0	0:00:01.111941
760	3	3	3	1	0:00:01.119504
780	9	9	9	1	0:00:01.145461
800	7	7	7	1	0:00:01.143394
820	6	-1	5	0	0:00:01.118639
840	7	7	7	1	0:00:01.125501
860	4	4	4	1	0:00:01.127060
880	8	8	8	1	0:00:01.125401
900	2	6	6	0	0:00:01.126857
920	6	-1	0	0	0:00:01.111797
940	9	9	9	1	0:00:01.139955
960	9	9	3	1	0:00:01.135367
980	2	6	2	0	0:00:01.161250
1000	5	5	5	1	0:00:01.034183
1020	1	1	1	1	0:00:01.046849
1040	7	7	7	1	0:00:01.044270
1060	9	9	9	1	0:00:01.044213
1080	6	6	2	1	0:00:01.043324
1100	7	7	7	1	0:00:01.031131
1120	5	2	2	0	0:00:01.028769
1140	6	6	6	1	0:00:01.032778
1160	8	8	8	1	0:00:01.011289
1180	3	-1	2	0	0:00:01.027618
1200	8	8	8	1	0:00:01.021143
1220	9	3	3	0	0:00:01.022071
1240	2	6	6	0	0:00:01.038265
1260	1	9	9	0	0:00:01.030378
1280	3	-1	5	0	0:00:01.014383
1300	4	3	3	0	0:00:01.019246
1320	7	7	7	1	0:00:01.013228
1340	1	1	1	1	0:00:01.022247
1360	7	7	7	1	0:00:01.017056
1380	4	-1	4	0	0:00:01.017238
1400	5	5	5	1	0:00:01.016589
1420	4	4	4	1	0:00:01.016976
1440	0	-1	8	0	0:00:01.025219
1460	6	6	6	1	0:00:01.023213
1480	1	1	1	1	0:00:01.065941
1500	1	1	1	1	0:00:01.040235
1520	7	7	7	1	0:00:01.016665
1540	8	8	8	1	0:00:01.026634
1560	7	7	7	1	0:00:01.021779
1580	6	1	1	0	0:00:01.021727
1600	8	9	9	0	0:00:01.022297
1620	5	3	3	0	0:00:01.027514
1640	7	4	4	0	0:00:01.022029
1660	3	3	3	1	0:00:01.056478
1680	6	6	6	1	0:00:01.058663
1700	5	3	3	0	0:00:01.017173
1720	4	-1	3	0	0:00:01.018762
1740	1	1	1	1	0:00:01.010434
1760	0	0	0	1	0:00:01.009174
1780	7	7	7	1	0:00:01.009229
1800	4	-1	8	0	0:00:01.015702
1820	8	8	1	1	0:00:01.034305
1840	8	9	4	0	0:00:01.035370
1860	8	8	8	1	0:00:01.051042
1880	1	1	1	1	0:00:01.041747
1900	8	8	8	1	0:00:01.039605
1920	2	2	2	1	0:00:01.035504
1940	5	5	5	1	0:00:01.036347
1960	2	5	5	0	0:00:01.031699
1980	9	9	9	1	0:00:01.031886
2000	1	1	1	1	0:00:01.042310
2020	9	9	9	1	0:00:01.026067
2040	0	0	0	1	0:00:01.033899
2060	5	3	3	0	0:00:01.045622
2080	1	1	1	1	0:00:01.052416
2100	2	2	2	1	0:00:01.032052
2120	4	8	8	0	0:00:01.020722
2140	9	9	9	1	0:00:01.063520
2160	0	-1	0	0	0:00:01.048798
2180	4	4	4	1	0:00:01.052867
2200	0	-1	2	0	0:00:01.055783
2220	1	1	1	1	0:00:01.049076
2240	9	9	1	1	0:00:01.043906
2260	4	4	4	1	0:00:01.047641
2280	4	-1	8	0	0:00:01.030423
2300	3	-1	3	0	0:00:01.043488
2320	5	3	3	0	0:00:01.041694
2340	7	7	7	1	0:00:01.032081
2360	7	7	7	1	0:00:01.019762
2380	8	8	8	1	0:00:01.032626
2400	0	0	0	1	0:00:01.034950
2420	8	-1	7	0	0:00:01.017168
2440	7	7	7	1	0:00:01.033868
2460	9	9	9	1	0:00:01.042507
2480	8	8	8	1	0:00:01.042119
2500	4	6	6	0	0:00:01.035842
2520	1	-1	3	0	0:00:01.030184
2540	2	2	2	1	0:00:01.035275
2560	7	7	7	1	0:00:01.043898
2580	6	6	6	1	0:00:01.013713
2600	8	8	8	1	0:00:01.014711
2620	1	1	1	1	0:00:01.042958
2640	7	7	7	1	0:00:01.058811
2660	3	3	3	1	0:00:01.035159
2680	0	0	0	1	0:00:01.036441
2700	9	1	1	0	0:00:01.045897
2720	3	3	3	1	0:00:01.051211
2740	1	1	1	1	0:00:01.062059
2760	2	2	2	1	0:00:01.043258
2780	7	7	7	1	0:00:01.039438
2800	4	4	4	1	0:00:01.020288
2820	6	6	6	1	0:00:01.014301
2840	3	3	3	1	0:00:01.047010
2860	5	5	3	1	0:00:01.045573
2880	4	4	4	1	0:00:01.037738
2900	3	3	3	1	0:00:01.024249
2920	2	3	0	0	0:00:01.033053
2940	3	0	0	0	0:00:01.042818
2960	9	-1	0	0	0:00:01.051412
2980	8	8	8	1	0:00:01.041791
3000	5	5	5	1	0:00:01.014470
3020	1	1	1	1	0:00:01.020726
3040	7	7	7	1	0:00:01.053790
3060	7	7	7	1	0:00:01.052257
3080	1	1	1	1	0:00:01.039389
3100	0	0	0	1	0:00:01.032605
3120	4	-1	2	0	0:00:01.037456
3140	8	8	8	1	0:00:01.043519
3160	6	2	2	0	0:00:01.061074
3180	3	5	5	0	0:00:01.035125
3200	5	5	5	1	0:00:01.062561
3220	3	3	3	1	0:00:01.042810
3240	4	4	4	1	0:00:01.070439
3260	7	7	7	1	0:00:01.040764
3280	3	5	5	0	0:00:01.035189
3300	4	4	4	1	0:00:01.082010
3320	2	7	7	0	0:00:01.039257
3340	6	6	6	1	0:00:01.019466
3360	4	4	4	1	0:00:01.030783
3380	8	8	8	1	0:00:01.032562
3400	6	4	4	0	0:00:01.028223
3420	5	3	3	0	0:00:01.042138
3440	2	3	3	0	0:00:01.029809
3460	1	1	1	1	0:00:01.048383
3480	2	2	2	1	0:00:01.031250
3500	1	1	1	1	0:00:01.015616
3520	1	1	1	1	0:00:01.031991
3540	6	6	3	1	0:00:01.046709
3560	1	9	9	0	0:00:01.036401
3580	4	4	4	1	0:00:01.044545
3600	4	3	3	0	0:00:01.013640
3620	0	0	0	1	0:00:01.030218
3640	6	6	6	1	0:00:01.023383
3660	0	0	0	1	0:00:01.036957
3680	0	0	0	1	0:00:01.047675
3700	3	3	3	1	0:00:01.046960
3720	2	2	2	1	0:00:01.031853
3740	0	0	0	1	0:00:01.030551
3760	7	7	7	1	0:00:01.030378
3780	4	4	4	1	0:00:01.033841
3800	9	9	9	1	0:00:01.027914
3820	0	0	0	1	0:00:01.031577
3840	6	6	6	1	0:00:01.030121
3860	7	7	7	1	0:00:01.030904
3880	6	6	6	1	0:00:01.043885
3900	3	6	6	0	0:00:01.036966
3920	7	7	7	1	0:00:01.051946
3940	6	3	3	0	0:00:01.030685
3960	2	2	2	1	0:00:01.021682
3980	9	-1	5	0	0:00:01.025372
4000	8	4	4	0	0:00:01.025393
4020	8	8	8	1	0:00:01.030689
4040	0	0	0	1	0:00:01.020882
4060	6	6	6	1	0:00:01.033078
4080	1	1	1	1	0:00:01.032891
4100	7	7	7	1	0:00:01.027188
4120	4	4	4	1	0:00:01.016032
4140	5	5	5	1	0:00:01.024432
4160	5	5	5	1	0:00:01.038945
4180	0	8	8	0	0:00:01.041248
4200	4	4	4	1	0:00:01.043868
4220	4	0	0	0	0:00:01.023506
4240	7	7	7	1	0:00:01.028528
4260	8	8	8	1	0:00:01.036844
4280	8	-1	0	0	0:00:01.042639
4300	8	8	8	1	0:00:01.031489
4320	1	1	1	1	0:00:01.040099
4340	0	0	0	1	0:00:01.014122
4360	6	9	9	0	0:00:01.036220
4380	9	9	9	1	0:00:01.025386
4400	3	5	5	0	0:00:01.054427
4420	5	5	5	1	0:00:01.040889
4440	2	2	2	1	0:00:01.035427
4460	9	9	9	1	0:00:01.047740
4480	9	9	9	1	0:00:01.040510
4500	3	3	3	1	0:00:01.019402
4520	3	6	6	0	0:00:01.022206
4540	9	9	9	1	0:00:01.024508
4560	1	1	1	1	0:00:01.023350
4580	6	6	4	1	0:00:01.021860
4600	4	4	4	1	0:00:01.026737
4620	7	3	3	0	0:00:01.014343
4640	2	2	2	1	0:00:01.019708
4660	7	7	7	1	0:00:01.021818
4680	9	9	9	1	0:00:01.047351
4700	6	-1	5	0	0:00:01.045692
4720	8	8	8	1	0:00:01.033516
4740	5	3	3	0	0:00:01.035899
4760	3	2	2	0	0:00:01.017067
4780	0	0	0	1	0:00:01.016845
4800	9	9	9	1	0:00:01.025650
4820	3	3	3	1	0:00:01.025439
4840	0	0	0	1	0:00:01.025606
4860	5	5	5	1	0:00:01.021239
4880	0	7	7	0	0:00:01.019339
4900	3	3	3	1	0:00:01.049938
4920	7	7	7	1	0:00:01.050031
4940	6	6	6	1	0:00:01.042985
4960	4	4	3	1	0:00:01.028227
4980	1	-1	1	0	0:00:01.022975
5000	7	7	7	1	0:00:01.016497
5020	8	8	8	1	0:00:01.010800
5040	3	3	3	1	0:00:01.017193
5060	6	6	6	1	0:00:01.009837
5080	7	4	4	0	0:00:01.007998
5100	3	3	3	1	0:00:01.006741
5120	9	9	9	1	0:00:01.004600
5140	8	8	8	1	0:00:01.008045
5160	0	0	0	1	0:00:01.001201
5180	9	7	7	0	0:00:01.006357
5200	3	3	3	1	0:00:01.004627
5220	0	0	0	1	0:00:01.002506
5240	1	9	9	0	0:00:01.005486
5260	0	0	0	1	0:00:01.007371
5280	0	3	3	0	0:00:01.005823
5300	9	9	9	1	0:00:01.011808
5320	7	7	7	1	0:00:01.004482
5340	3	3	3	1	0:00:01.004763
5360	9	9	9	1	0:00:01.002639
5380	1	9	9	0	0:00:01.008873
5400	9	9	9	1	0:00:01.041662
5420	6	6	6	1	0:00:01.032195
5440	9	9	9	1	0:00:01.032516
5460	0	0	0	1	0:00:01.053208
5480	1	1	1	1	0:00:01.042275
5500	8	8	8	1	0:00:01.040637
5520	4	4	4	1	0:00:01.039560
5540	5	-1	5	0	0:00:01.040086
5560	3	6	5	0	0:00:01.038141
5580	5	6	3	0	0:00:01.032068
5600	6	6	5	1	0:00:01.053405
5620	3	3	2	1	0:00:01.042006
5640	2	3	3	0	0:00:01.051636
5660	9	9	9	1	0:00:01.059283
5680	2	3	3	0	0:00:01.046734
5700	3	5	5	0	0:00:01.059391
5720	9	9	9	1	0:00:01.033585
5740	6	-1	4	0	0:00:01.036505
5760	2	2	2	1	0:00:01.030037
5780	7	7	7	1	0:00:01.023199
5800	2	2	2	1	0:00:01.038001
5820	5	-1	3	0	0:00:01.038328
5840	2	2	2	1	0:00:01.035303
5860	0	0	0	1	0:00:01.029537
5880	0	0	0	1	0:00:01.048617
5900	4	0	3	0	0:00:01.039611
5920	8	8	8	1	0:00:01.041455
5940	7	7	7	1	0:00:01.037141
5960	2	3	3	0	0:00:01.034477
5980	9	9	9	1	0:00:01.039371
6000	8	8	8	1	0:00:01.027395
6020	6	6	6	1	0:00:01.039212
6040	2	-1	7	0	0:00:01.039104
6060	3	4	3	0	0:00:01.038831
6080	1	1	1	1	0:00:01.041323
6100	1	1	1	1	0:00:01.057820
6120	5	5	5	1	0:00:01.048618
6140	9	9	9	1	0:00:01.039636
6160	2	2	2	1	0:00:01.021130
6180	0	-1	8	0	0:00:01.032126
6200	3	3	3	1	0:00:01.023988
6220	2	2	2	1	0:00:01.011689
6240	2	2	2	1	0:00:01.013319
6260	2	2	3	1	0:00:01.010969
6280	8	3	5	0	0:00:01.010377
6300	1	1	1	1	0:00:01.029008
6320	0	0	0	1	0:00:01.028565
6340	3	3	3	1	0:00:01.023025
6360	2	2	2	1	0:00:01.041093
6380	3	3	3	1	0:00:01.025573
6400	0	8	8	0	0:00:01.029670
6420	7	7	7	1	0:00:01.025238
6440	3	8	8	0	0:00:01.027791
6460	3	3	3	1	0:00:01.024982
6480	0	0	0	1	0:00:01.021618
6500	7	-1	3	0	0:00:01.039639
6520	6	6	4	1	0:00:01.020829
6540	8	8	8	1	0:00:01.018038
6560	6	6	6	1	0:00:01.022158
6580	1	1	1	1	0:00:01.028867
6600	7	7	7	1	0:00:01.021742
6620	7	7	7	1	0:00:01.037411
6640	5	3	3	0	0:00:01.016357
6660	0	0	0	1	0:00:01.033743
6680	3	4	5	0	0:00:01.022146
6700	6	6	6	1	0:00:01.037307
6720	2	2	2	1	0:00:01.039324
6740	2	2	2	1	0:00:01.042855
6760	5	-1	5	0	0:00:01.015913
6780	7	7	7	1	0:00:01.021922
6800	6	6	4	1	0:00:01.050131
6820	1	1	1	1	0:00:01.018939
6840	9	9	9	1	0:00:01.030399
6860	0	0	0	1	0:00:01.039464
6880	2	2	2	1	0:00:01.016940
6900	3	3	3	1	0:00:01.014791
6920	5	2	2	0	0:00:01.042251
6940	1	1	1	1	0:00:01.033707
6960	9	9	9	1	0:00:01.035143
6980	0	-1	0	0	0:00:01.026468
7000	2	8	8	0	0:00:01.036177
7020	7	7	7	1	0:00:01.032298
7040	7	0	0	0	0:00:01.038320
7060	8	8	8	1	0:00:01.022429
7080	5	4	4	0	0:00:01.032994
7100	9	3	3	0	0:00:01.046915
7120	7	7	7	1	0:00:01.045632
7140	4	4	4	1	0:00:01.033349
7160	5	5	5	1	0:00:01.030853
7180	6	6	6	1	0:00:01.025063
7200	4	-1	4	0	0:00:01.032392
7220	9	9	9	1	0:00:01.036380
7240	0	0	0	1	0:00:01.027098
7260	1	1	1	1	0:00:01.028597
7280	1	9	9	0	0:00:01.024523
7300	3	5	5	0	0:00:01.033150
7320	8	0	0	0	0:00:01.041388
7340	2	2	0	1	0:00:01.014944
7360	2	2	2	1	0:00:01.008561
7380	7	7	7	1	0:00:01.001259
7400	3	3	3	1	0:00:01.006130
7420	3	-1	3	0	0:00:01.000669
7440	3	3	3	1	0:00:01.001790
7460	5	5	5	1	0:00:01.005785
7480	1	1	1	1	0:00:01.007180
7500	6	6	6	1	0:00:01.005284
7520	4	4	4	1	0:00:01.010648
7540	5	5	5	1	0:00:01.007472
7560	0	0	0	1	0:00:01.003674
7580	8	8	8	1	0:00:01.005931
7600	8	2	2	0	0:00:01.005270
7620	5	3	3	0	0:00:01.007907
7640	9	-1	8	0	0:00:01.039534
7660	7	7	7	1	0:00:01.038599
7680	3	5	5	0	0:00:01.033979
7700	6	6	6	1	0:00:01.037097
7720	5	5	5	1	0:00:01.028221
7740	4	4	4	1	0:00:01.019472
7760	2	0	0	0	0:00:01.024891
7780	3	-1	8	0	0:00:01.023254
7800	0	0	0	1	0:00:01.024783
7820	5	5	5	1	0:00:01.022756
7840	1	1	1	1	0:00:01.040515
7860	8	8	8	1	0:00:01.027725
7880	0	0	0	1	0:00:01.019759
7900	0	0	0	1	0:00:01.026634
7920	9	9	9	1	0:00:01.047119
7940	2	6	6	0	0:00:01.014238
7960	0	0	0	1	0:00:01.056173
7980	3	3	3	1	0:00:01.066999
8000	9	9	9	1	0:00:01.011302
8020	6	3	3	0	0:00:01.053307
8040	2	2	2	1	0:00:01.038410
8060	6	6	6	1	0:00:01.031766
8080	4	4	4	1	0:00:01.028875
8100	6	2	2	0	0:00:01.018356
8120	8	8	8	1	0:00:01.065060
8140	5	7	7	0	0:00:01.057185
8160	6	6	6	1	0:00:01.033102
8180	4	4	4	1	0:00:01.032649
8200	3	6	0	0	0:00:01.034038
8220	6	6	6	1	0:00:01.050766
8240	7	7	7	1	0:00:01.060691
8260	1	1	1	1	0:00:01.035681
8280	4	4	4	1	0:00:01.045830
8300	5	3	5	0	0:00:01.016675
8320	7	7	7	1	0:00:01.053015
8340	5	3	3	0	0:00:01.044236
8360	7	7	7	1	0:00:01.042415
8380	9	9	9	1	0:00:01.042881
8400	0	0	0	1	0:00:01.047091
8420	3	6	6	0	0:00:01.036372
8440	5	3	2	0	0:00:01.007313
8460	8	8	8	1	0:00:01.014125
8480	2	2	2	1	0:00:01.064936
8500	4	4	4	1	0:00:01.034805
8520	8	8	8	1	0:00:01.021949
8540	4	6	2	0	0:00:01.055512
8560	7	7	7	1	0:00:01.045854
8580	3	5	5	0	0:00:01.053320
8600	3	3	3	1	0:00:01.040374
8620	3	5	5	0	0:00:01.037968
8640	1	1	1	1	0:00:01.012110
8660	7	7	7	1	0:00:01.052520
8680	3	3	3	1	0:00:01.031250
8700	3	3	3	1	0:00:01.052481
8720	2	0	0	0	0:00:01.034091
8740	2	5	5	0	0:00:01.069717
8760	8	8	8	1	0:00:01.040407
8780	4	4	4	1	0:00:01.047593
8800	0	0	0	1	0:00:01.022278
8820	2	2	2	1	0:00:01.027906
8840	2	7	7	0	0:00:01.045766
8860	2	2	2	1	0:00:01.029945
8880	1	1	1	1	0:00:01.013302
8900	2	4	4	0	0:00:01.019730
8920	6	6	6	1	0:00:01.027185
8940	6	3	3	0	0:00:01.021036
8960	0	2	2	0	0:00:01.020493
8980	9	9	9	1	0:00:01.024874
9000	8	8	8	1	0:00:01.023555
9020	7	7	7	1	0:00:01.006616
9040	2	5	5	0	0:00:01.029854
9060	9	9	9	1	0:00:01.026234
9080	3	3	3	1	0:00:01.027826
9100	9	1	1	0	0:00:01.041711
9120	3	-1	2	0	0:00:01.064426
9140	7	7	7	1	0:00:01.086819
9160	5	3	3	0	0:00:01.033732
9180	5	5	5	1	0:00:01.043060
9200	8	8	8	1	0:00:01.028986
9220	8	8	8	1	0:00:01.028960
9240	8	8	8	1	0:00:01.026236
9260	5	5	5	1	0:00:01.017267
9280	9	9	9	1	0:00:01.032148
9300	5	-1	4	0	0:00:01.041425
9320	9	9	9	1	0:00:01.025793
9340	1	1	1	1	0:00:01.051978
9360	5	-1	5	0	0:00:01.035994
9380	5	3	3	0	0:00:01.028621
9400	6	6	6	1	0:00:01.023115
9420	5	5	5	1	0:00:01.019560
9440	8	8	8	1	0:00:01.014971
9460	3	3	7	1	0:00:01.011051
9480	2	2	2	1	0:00:01.011490
9500	9	9	9	1	0:00:01.020688
9520	1	1	1	1	0:00:01.013058
9540	5	5	5	1	0:00:01.060522
9560	9	7	7	0	0:00:01.017734
9580	1	1	1	1	0:00:01.020221
9600	8	8	8	1	0:00:01.031982
9620	4	4	4	1	0:00:01.019531
9640	5	5	5	1	0:00:01.018760
9660	6	6	6	1	0:00:01.013549
9680	8	8	8	1	0:00:01.017058
9700	0	0	0	1	0:00:01.011899
9720	8	1	1	0	0:00:01.012707
9740	3	6	6	0	0:00:01.007377
9760	9	7	7	0	0:00:01.005400
9780	4	6	4	0	0:00:01.009740
9800	1	1	1	1	0:00:01.006572
9820	0	8	8	0	0:00:01.010563
9840	4	7	7	0	0:00:01.015824
9860	0	0	0	1	0:00:01.013567
9880	7	8	8	0	0:00:01.015412
9900	8	8	8	1	0:00:01.011532
9920	6	6	6	1	0:00:01.013838
9940	4	6	6	0	0:00:01.030334
9960	2	0	0	0	0:00:01.039949
9980	0	0	0	1	0:00:01.032071
