idx	label	predict	basePredict	correct	time
0	3	6	6	0	0:00:03.730708
20	7	9	9	0	0:00:03.597326
40	4	8	8	0	0:00:03.556821
60	7	2	2	0	0:00:03.560123
80	8	8	8	1	0:00:03.567160
100	4	5	5	0	0:00:03.575930
120	8	8	8	1	0:00:03.552817
140	6	2	2	0	0:00:03.544620
160	2	0	0	0	0:00:03.490405
180	0	0	0	1	0:00:03.496984
200	5	3	3	0	0:00:03.487741
220	7	7	7	1	0:00:03.464370
240	1	1	1	1	0:00:03.510651
260	8	5	5	0	0:00:03.548990
280	9	9	9	1	0:00:03.531296
300	6	4	4	0	0:00:03.521904
320	3	4	4	0	0:00:03.512035
340	2	4	4	0	0:00:03.489215
360	9	6	6	0	0:00:03.545051
380	6	6	6	1	0:00:03.503685
400	9	9	9	1	0:00:03.541425
420	4	6	6	0	0:00:03.536610
440	1	1	1	1	0:00:03.551145
460	5	5	5	1	0:00:03.543376
480	8	9	9	0	0:00:03.553947
500	4	6	6	0	0:00:03.563454
520	5	-1	5	0	0:00:03.559295
540	1	8	8	0	0:00:03.549165
560	0	0	0	1	0:00:03.545965
580	4	6	6	0	0:00:03.547372
600	8	8	8	1	0:00:03.581043
620	7	6	6	0	0:00:03.563277
640	5	6	6	0	0:00:03.595999
660	9	9	9	1	0:00:03.593041
680	9	9	9	1	0:00:03.549603
700	7	7	7	1	0:00:03.557631
720	4	9	9	0	0:00:03.552109
740	2	5	5	0	0:00:03.549293
760	3	9	9	0	0:00:03.551581
780	9	9	0	1	0:00:03.548492
800	7	7	7	1	0:00:03.550909
820	6	9	9	0	0:00:03.554510
840	7	7	7	1	0:00:03.611351
860	4	6	6	0	0:00:03.591937
880	8	8	8	1	0:00:03.558626
900	2	6	6	0	0:00:03.534139
920	6	2	2	0	0:00:03.582889
940	9	1	6	0	0:00:03.591321
960	9	9	9	1	0:00:03.602492
980	2	6	6	0	0:00:03.579648
1000	5	5	5	1	0:00:03.469568
1020	1	8	8	0	0:00:03.461810
1040	7	5	5	0	0:00:03.485478
1060	9	-1	8	0	0:00:03.480798
1080	6	6	6	1	0:00:03.475024
1100	7	8	8	0	0:00:03.474068
1120	5	2	8	0	0:00:03.463725
1140	6	4	6	0	0:00:03.454090
1160	8	0	0	0	0:00:03.472726
1180	3	9	9	0	0:00:03.462487
1200	8	0	0	0	0:00:03.435846
1220	9	2	2	0	0:00:03.462443
1240	2	6	6	0	0:00:03.478413
1260	1	9	9	0	0:00:03.494357
1280	3	7	7	0	0:00:03.497033
1300	4	6	6	0	0:00:03.472126
1320	7	0	0	0	0:00:03.477587
1340	1	1	1	1	0:00:03.458668
1360	7	9	5	0	0:00:03.456348
1380	4	5	5	0	0:00:03.454632
1400	5	4	2	0	0:00:03.458019
1420	4	7	7	0	0:00:03.492999
1440	0	8	8	0	0:00:03.476581
1460	6	6	6	1	0:00:03.464194
1480	1	5	5	0	0:00:03.425768
1500	1	9	9	0	0:00:03.463375
1520	7	6	6	0	0:00:03.451881
1540	8	8	8	1	0:00:03.458679
1560	7	7	7	1	0:00:03.465613
1580	6	1	1	0	0:00:03.481082
1600	8	9	6	0	0:00:03.477200
1620	5	8	8	0	0:00:03.459523
1640	7	5	5	0	0:00:03.460860
1660	3	5	5	0	0:00:03.480035
1680	6	6	6	1	0:00:03.467880
1700	5	2	2	0	0:00:03.459934
1720	4	0	0	0	0:00:03.443722
1740	1	9	9	0	0:00:03.458134
1760	0	8	8	0	0:00:03.459432
1780	7	8	8	0	0:00:03.480250
1800	4	8	8	0	0:00:03.470650
1820	8	9	9	0	0:00:03.467462
1840	8	7	7	0	0:00:03.477887
1860	8	8	8	1	0:00:03.453978
1880	1	1	8	1	0:00:03.462289
1900	8	8	8	1	0:00:03.456620
1920	2	7	4	0	0:00:03.464243
1940	5	2	2	0	0:00:03.475330
1960	2	5	5	0	0:00:03.472191
1980	9	9	9	1	0:00:03.459768
2000	1	6	6	0	0:00:03.458409
2020	9	9	9	1	0:00:03.481984
2040	0	8	8	0	0:00:03.478986
2060	5	5	5	1	0:00:03.473235
2080	1	1	4	1	0:00:03.467455
2100	2	4	4	0	0:00:03.462283
2120	4	8	8	0	0:00:03.468389
2140	9	9	1	1	0:00:03.485171
2160	0	8	8	0	0:00:03.461907
2180	4	6	6	0	0:00:03.455635
2200	0	0	0	1	0:00:03.466231
2220	1	1	1	1	0:00:03.388305
2240	9	9	9	1	0:00:03.407406
2260	4	1	4	0	0:00:03.417703
2280	4	8	8	0	0:00:03.415135
2300	3	6	6	0	0:00:03.485390
2320	5	8	8	0	0:00:03.440152
2340	7	7	7	1	0:00:03.423150
2360	7	7	7	1	0:00:03.433525
2380	8	8	8	1	0:00:03.463683
2400	0	0	0	1	0:00:03.467021
2420	8	5	5	0	0:00:03.463687
2440	7	1	1	0	0:00:03.470134
2460	9	6	6	0	0:00:03.476830
2480	8	8	8	1	0:00:03.458943
2500	4	6	4	0	0:00:03.392866
2520	1	8	8	0	0:00:03.467771
2540	2	3	3	0	0:00:03.472258
2560	7	4	4	0	0:00:03.494196
2580	6	4	4	0	0:00:03.470699
2600	8	8	8	1	0:00:03.462238
2620	1	6	6	0	0:00:03.483455
2640	7	7	7	1	0:00:03.474893
2660	3	0	0	0	0:00:03.493861
2680	0	0	0	1	0:00:03.432969
2700	9	9	0	1	0:00:03.452219
2720	3	8	8	0	0:00:03.435480
2740	1	1	1	1	0:00:03.434098
2760	2	6	6	0	0:00:03.422123
2780	7	7	7	1	0:00:03.467009
2800	4	6	6	0	0:00:03.463019
2820	6	6	6	1	0:00:03.479563
2840	3	3	3	1	0:00:03.468105
2860	5	7	7	0	0:00:03.429682
2880	4	4	4	1	0:00:03.421495
2900	3	5	5	0	0:00:03.448699
2920	2	8	8	0	0:00:03.473893
2940	3	8	8	0	0:00:03.422640
2960	9	7	7	0	0:00:03.423980
2980	8	1	1	0	0:00:03.465048
3000	5	5	5	1	0:00:03.444308
3020	1	1	1	1	0:00:03.442340
3040	7	7	7	1	0:00:03.406465
3060	7	7	7	1	0:00:03.459880
3080	1	2	2	0	0:00:03.434494
3100	0	0	0	1	0:00:03.410763
3120	4	6	6	0	0:00:03.473273
3140	8	8	8	1	0:00:03.412682
3160	6	4	4	0	0:00:03.409958
3180	3	9	8	0	0:00:03.401705
3200	5	7	7	0	0:00:03.407528
3220	3	9	9	0	0:00:03.450817
3240	4	1	8	0	0:00:03.445865
3260	7	0	0	0	0:00:03.448136
3280	3	0	0	0	0:00:03.451079
3300	4	4	4	1	0:00:03.451601
3320	2	7	7	0	0:00:03.446183
3340	6	4	4	0	0:00:03.439664
3360	4	6	6	0	0:00:03.471248
3380	8	9	8	0	0:00:03.467337
3400	6	4	4	0	0:00:03.386498
3420	5	6	6	0	0:00:03.386503
3440	2	9	9	0	0:00:03.384953
3460	1	1	1	1	0:00:03.384522
3480	2	2	2	1	0:00:03.395234
3500	1	1	4	1	0:00:03.386584
3520	1	1	1	1	0:00:03.376082
3540	6	8	8	0	0:00:03.389517
3560	1	9	9	0	0:00:03.389841
3580	4	1	1	0	0:00:03.378156
3600	4	2	2	0	0:00:03.382262
3620	0	7	7	0	0:00:03.380568
3640	6	2	2	0	0:00:03.382702
3660	0	8	8	0	0:00:03.384223
3680	0	-1	2	0	0:00:03.380062
3700	3	4	4	0	0:00:03.376832
3720	2	2	2	1	0:00:03.378403
3740	0	0	0	1	0:00:03.381941
3760	7	7	7	1	0:00:03.381429
3780	4	2	2	0	0:00:03.373749
3800	9	9	3	1	0:00:03.378735
3820	0	0	0	1	0:00:03.407770
3840	6	8	8	0	0:00:03.422050
3860	7	7	7	1	0:00:03.411845
3880	6	4	4	0	0:00:03.458441
3900	3	0	0	0	0:00:03.408816
3920	7	8	8	0	0:00:03.412403
3940	6	-1	6	0	0:00:03.390743
3960	2	5	5	0	0:00:03.382071
3980	9	7	7	0	0:00:03.377432
4000	8	7	7	0	0:00:03.390966
4020	8	9	8	0	0:00:03.380162
4040	0	0	0	1	0:00:03.383659
4060	6	0	0	0	0:00:03.391140
4080	1	8	8	0	0:00:03.383551
4100	7	7	7	1	0:00:03.382027
4120	4	0	0	0	0:00:03.391407
4140	5	2	2	0	0:00:03.382203
4160	5	2	2	0	0:00:03.384372
4180	0	8	8	0	0:00:03.410381
4200	4	2	2	0	0:00:03.432474
4220	4	0	0	0	0:00:03.446373
4240	7	8	8	0	0:00:03.460093
4260	8	8	8	1	0:00:03.477947
4280	8	8	8	1	0:00:03.456660
4300	8	8	8	1	0:00:03.462737
4320	1	8	8	0	0:00:03.472755
4340	0	0	0	1	0:00:03.461732
4360	6	9	9	0	0:00:03.463018
4380	9	9	9	1	0:00:03.464149
4400	3	8	8	0	0:00:03.459558
4420	5	8	8	0	0:00:03.491899
4440	2	6	6	0	0:00:03.446572
4460	9	8	8	0	0:00:03.471988
4480	9	6	6	0	0:00:03.486449
4500	3	7	7	0	0:00:03.479527
4520	3	6	6	0	0:00:03.473933
4540	9	9	9	1	0:00:03.490896
4560	1	1	6	1	0:00:03.464969
4580	6	6	6	1	0:00:03.471749
4600	4	7	7	0	0:00:03.482473
4620	7	3	3	0	0:00:03.459894
4640	2	5	5	0	0:00:03.470791
4660	7	2	2	0	0:00:03.484430
4680	9	1	1	0	0:00:03.436341
4700	6	1	1	0	0:00:03.449766
4720	8	0	0	0	0:00:03.486801
4740	5	6	6	0	0:00:03.483298
4760	3	2	2	0	0:00:03.494878
4780	0	8	0	0	0:00:03.456220
4800	9	9	9	1	0:00:03.450535
4820	3	5	5	0	0:00:03.438257
4840	0	0	0	1	0:00:03.402771
4860	5	5	5	1	0:00:03.448283
4880	0	2	2	0	0:00:03.434948
4900	3	1	1	0	0:00:03.464308
4920	7	0	0	0	0:00:03.471778
4940	6	4	2	0	0:00:03.454322
4960	4	6	6	0	0:00:03.444031
4980	1	9	9	0	0:00:03.480474
5000	7	7	7	1	0:00:03.454641
5020	8	1	1	0	0:00:03.457775
5040	3	7	7	0	0:00:03.461550
5060	6	6	6	1	0:00:03.448120
5080	7	7	7	1	0:00:03.453304
5100	3	4	4	0	0:00:03.481728
5120	9	8	8	0	0:00:03.469542
5140	8	8	8	1	0:00:03.480922
5160	0	8	8	0	0:00:03.477291
5180	9	6	6	0	0:00:03.470543
5200	3	3	3	1	0:00:03.452940
5220	0	0	0	1	0:00:03.466587
5240	1	9	3	0	0:00:03.465541
5260	0	0	0	1	0:00:03.472248
5280	0	8	8	0	0:00:03.469661
5300	9	1	1	0	0:00:03.470705
5320	7	7	7	1	0:00:03.459847
5340	3	4	4	0	0:00:03.464273
5360	9	9	9	1	0:00:03.483886
5380	1	9	9	0	0:00:03.485115
5400	9	0	0	0	0:00:03.460157
5420	6	5	6	0	0:00:03.459489
5440	9	9	9	1	0:00:03.468695
5460	0	7	7	0	0:00:03.484650
5480	1	8	8	0	0:00:03.471618
5500	8	1	1	0	0:00:03.424671
5520	4	5	5	0	0:00:03.415271
5540	5	6	2	0	0:00:03.424427
5560	3	6	6	0	0:00:03.439899
5580	5	6	6	0	0:00:03.448444
5600	6	8	8	0	0:00:03.450078
5620	3	2	2	0	0:00:03.440928
5640	2	3	3	0	0:00:03.441593
5660	9	9	8	1	0:00:03.445072
5680	2	8	8	0	0:00:03.460495
5700	3	6	6	0	0:00:03.472969
5720	9	9	9	1	0:00:03.409680
5740	6	6	6	1	0:00:03.455346
5760	2	2	2	1	0:00:03.461497
5780	7	7	7	1	0:00:03.416762
5800	2	6	6	0	0:00:03.433950
5820	5	6	6	0	0:00:03.435195
5840	2	6	6	0	0:00:03.467881
5860	0	8	8	0	0:00:03.389382
5880	0	8	8	0	0:00:03.393709
5900	4	5	5	0	0:00:03.379000
5920	8	8	8	1	0:00:03.385077
5940	7	4	4	0	0:00:03.378036
5960	2	7	7	0	0:00:03.373831
5980	9	9	9	1	0:00:03.381095
6000	8	9	9	0	0:00:03.374503
6020	6	7	7	0	0:00:03.453757
6040	2	7	7	0	0:00:03.449070
6060	3	4	4	0	0:00:03.414647
6080	1	9	6	0	0:00:03.451962
6100	1	1	8	1	0:00:03.469809
6120	5	5	5	1	0:00:03.459549
6140	9	9	9	1	0:00:03.457986
6160	2	5	5	0	0:00:03.484941
6180	0	9	8	0	0:00:03.419221
6200	3	-1	0	0	0:00:03.465702
6220	2	6	6	0	0:00:03.426719
6240	2	1	6	0	0:00:03.459092
6260	2	9	9	0	0:00:03.426885
6280	8	5	5	0	0:00:03.470405
6300	1	7	7	0	0:00:03.435019
6320	0	0	0	1	0:00:03.445843
6340	3	8	8	0	0:00:03.411090
6360	2	6	2	0	0:00:03.397573
6380	3	1	1	0	0:00:03.444483
6400	0	1	1	0	0:00:03.445172
6420	7	8	8	0	0:00:03.417461
6440	3	8	8	0	0:00:03.472443
6460	3	1	1	0	0:00:03.485163
6480	0	5	0	0	0:00:03.427280
6500	7	0	0	0	0:00:03.413446
6520	6	4	4	0	0:00:03.424525
6540	8	8	8	1	0:00:03.491948
6560	6	6	6	1	0:00:03.460046
6580	1	-1	2	0	0:00:03.454500
6600	7	7	7	1	0:00:03.436249
6620	7	7	7	1	0:00:03.499123
6640	5	8	8	0	0:00:03.478193
6660	0	8	8	0	0:00:03.435336
6680	3	5	5	0	0:00:03.404180
6700	6	6	6	1	0:00:03.416464
6720	2	2	2	1	0:00:03.421649
6740	2	6	6	0	0:00:03.407902
6760	5	2	2	0	0:00:03.421569
6780	7	7	7	1	0:00:03.456924
6800	6	6	6	1	0:00:03.427640
6820	1	1	1	1	0:00:03.409853
6840	9	1	1	0	0:00:03.379491
6860	0	0	0	1	0:00:03.380986
6880	2	7	4	0	0:00:03.402935
6900	3	7	7	0	0:00:03.473377
6920	5	2	2	0	0:00:03.456007
6940	1	1	1	1	0:00:03.455837
6960	9	8	8	0	0:00:03.455178
6980	0	9	9	0	0:00:03.453691
7000	2	8	8	0	0:00:03.440684
7020	7	1	1	0	0:00:03.467262
7040	7	8	8	0	0:00:03.462707
7060	8	8	8	1	0:00:03.442374
7080	5	4	4	0	0:00:03.477493
7100	9	3	3	0	0:00:03.444484
7120	7	-1	6	0	0:00:03.476933
7140	4	4	4	1	0:00:03.451079
7160	5	4	4	0	0:00:03.471088
7180	6	6	6	1	0:00:03.444191
7200	4	6	6	0	0:00:03.472690
7220	9	8	8	0	0:00:03.449386
7240	0	8	8	0	0:00:03.439850
7260	1	8	8	0	0:00:03.451000
7280	1	6	6	0	0:00:03.445528
7300	3	7	7	0	0:00:03.412088
7320	8	0	0	0	0:00:03.415119
7340	2	4	4	0	0:00:03.438449
7360	2	7	7	0	0:00:03.431995
7380	7	1	7	0	0:00:03.433976
7400	3	9	9	0	0:00:03.444477
7420	3	0	0	0	0:00:03.401916
7440	3	6	6	0	0:00:03.410869
7460	5	5	5	1	0:00:03.417067
7480	1	5	5	0	0:00:03.433993
7500	6	6	6	1	0:00:03.443958
7520	4	6	6	0	0:00:03.443633
7540	5	5	5	1	0:00:03.455737
7560	0	6	2	0	0:00:03.467885
7580	8	8	8	1	0:00:03.439306
7600	8	9	9	0	0:00:03.382617
7620	5	1	1	0	0:00:03.388343
7640	9	9	8	1	0:00:03.385302
7660	7	9	9	0	0:00:03.378670
7680	3	9	9	0	0:00:03.382573
7700	6	6	6	1	0:00:03.385055
7720	5	6	6	0	0:00:03.393796
7740	4	6	2	0	0:00:03.382309
7760	2	9	9	0	0:00:03.470224
7780	3	8	8	0	0:00:03.462572
7800	0	0	0	1	0:00:03.422899
7820	5	8	8	0	0:00:03.505424
7840	1	1	1	1	0:00:03.465538
7860	8	4	4	0	0:00:03.460624
7880	0	8	8	0	0:00:03.486862
7900	0	8	8	0	0:00:03.503275
7920	9	8	8	0	0:00:03.506278
7940	2	6	6	0	0:00:03.471753
7960	0	0	0	1	0:00:03.473855
7980	3	7	4	0	0:00:03.484330
8000	9	9	9	1	0:00:03.493094
8020	6	6	6	1	0:00:03.459720
8040	2	6	6	0	0:00:03.480212
8060	6	4	4	0	0:00:03.500805
8080	4	6	6	0	0:00:03.457386
8100	6	2	2	0	0:00:03.435998
8120	8	9	9	0	0:00:03.485506
8140	5	6	6	0	0:00:03.464399
8160	6	9	9	0	0:00:03.460692
8180	4	6	6	0	0:00:03.425001
8200	3	6	6	0	0:00:03.441840
8220	6	7	2	0	0:00:03.424150
8240	7	7	7	1	0:00:03.473604
8260	1	1	1	1	0:00:03.470456
8280	4	1	1	0	0:00:03.476101
8300	5	2	2	0	0:00:03.476124
8320	7	4	4	0	0:00:03.481627
8340	5	4	4	0	0:00:03.456436
8360	7	4	6	0	0:00:03.479045
8380	9	8	8	0	0:00:03.492598
8400	0	8	8	0	0:00:03.484432
8420	3	6	4	0	0:00:03.386996
8440	5	9	9	0	0:00:03.393897
8460	8	8	8	1	0:00:03.458004
8480	2	1	1	0	0:00:03.449370
8500	4	2	2	0	0:00:03.451160
8520	8	6	6	0	0:00:03.385965
8540	4	6	4	0	0:00:03.396545
8560	7	7	7	1	0:00:03.389231
8580	3	0	0	0	0:00:03.391303
8600	3	7	7	0	0:00:03.417117
8620	3	1	4	0	0:00:03.391816
8640	1	1	1	1	0:00:03.400309
8660	7	5	5	0	0:00:03.404364
8680	3	9	9	0	0:00:03.381492
8700	3	5	5	0	0:00:03.394440
8720	2	0	0	0	0:00:03.404828
8740	2	6	6	0	0:00:03.389237
8760	8	8	8	1	0:00:03.401691
8780	4	4	4	1	0:00:03.399839
8800	0	0	0	1	0:00:03.406110
8820	2	2	2	1	0:00:03.382935
8840	2	1	1	0	0:00:03.406736
8860	2	0	0	0	0:00:03.416717
8880	1	6	6	0	0:00:03.388551
8900	2	1	6	0	0:00:03.406884
8920	6	6	6	1	0:00:03.388293
8940	6	3	3	0	0:00:03.380018
8960	0	0	0	1	0:00:03.395463
8980	9	9	9	1	0:00:03.407609
9000	8	8	8	1	0:00:03.421904
9020	7	9	9	0	0:00:03.466070
9040	2	5	5	0	0:00:03.466392
9060	9	5	5	0	0:00:03.468904
9080	3	0	0	0	0:00:03.473876
9100	9	6	6	0	0:00:03.470645
9120	3	0	0	0	0:00:03.453281
9140	7	8	8	0	0:00:03.460309
9160	5	5	5	1	0:00:03.466292
9180	5	5	5	1	0:00:03.457891
9200	8	8	8	1	0:00:03.470960
9220	8	8	8	1	0:00:03.476590
9240	8	8	8	1	0:00:03.457954
9260	5	5	5	1	0:00:03.452360
9280	9	0	8	0	0:00:03.459461
9300	5	5	6	1	0:00:03.481647
9320	9	9	8	1	0:00:03.457963
9340	1	1	1	1	0:00:03.451458
9360	5	6	6	0	0:00:03.460331
9380	5	5	5	1	0:00:03.467343
9400	6	6	4	1	0:00:03.478799
9420	5	6	6	0	0:00:03.437413
9440	8	8	8	1	0:00:03.375789
9460	3	9	7	0	0:00:03.369092
9480	2	4	6	0	0:00:03.368778
9500	9	1	6	0	0:00:03.427972
9520	1	9	9	0	0:00:03.458217
9540	5	4	4	0	0:00:03.462467
9560	9	7	7	0	0:00:03.464391
9580	1	4	4	0	0:00:03.484225
9600	8	8	8	1	0:00:03.494187
9620	4	7	7	0	0:00:03.496073
9640	5	6	6	0	0:00:03.486375
9660	6	6	6	1	0:00:03.465222
9680	8	9	9	0	0:00:03.464835
9700	0	0	0	1	0:00:03.467370
9720	8	6	6	0	0:00:03.477025
9740	3	6	6	0	0:00:03.494167
9760	9	9	9	1	0:00:03.474382
9780	4	6	6	0	0:00:03.477222
9800	1	1	1	1	0:00:03.460374
9820	0	9	8	0	0:00:03.462802
9840	4	3	3	0	0:00:03.462356
9860	0	2	2	0	0:00:03.492094
9880	7	7	4	1	0:00:03.454432
9900	8	0	0	0	0:00:03.462359
9920	6	6	6	1	0:00:03.492927
9940	4	7	7	0	0:00:03.445614
9960	2	0	0	0	0:00:03.446476
9980	0	0	0	1	0:00:03.424162
