idx	label	predict	basePredict	correct	time
0	3	2	2	0	0:00:02.887883
20	7	1	9	0	0:00:02.875657
40	4	-1	8	0	0:00:02.762447
60	7	7	4	1	0:00:02.878020
80	8	8	8	1	0:00:02.801856
100	4	3	3	0	0:00:02.818615
120	8	8	8	1	0:00:02.814293
140	6	2	2	0	0:00:02.826611
160	2	0	2	0	0:00:02.858425
180	0	0	8	1	0:00:02.774854
200	5	7	3	0	0:00:02.808137
220	7	7	7	1	0:00:02.809421
240	1	1	8	1	0:00:02.799535
260	8	3	3	0	0:00:02.832053
280	9	9	9	1	0:00:02.783442
300	6	6	4	1	0:00:02.802270
320	3	2	2	0	0:00:02.788035
340	2	4	4	0	0:00:02.801517
360	9	7	6	0	0:00:02.795809
380	6	6	4	1	0:00:02.773889
400	9	9	8	1	0:00:02.825307
420	4	6	6	0	0:00:02.790815
440	1	1	6	1	0:00:02.781726
460	5	5	3	1	0:00:02.839573
480	8	9	8	0	0:00:02.834699
500	4	6	4	0	0:00:02.958150
520	5	7	7	0	0:00:02.819664
540	1	9	8	0	0:00:02.826164
560	0	0	8	1	0:00:02.814278
580	4	-1	4	0	0:00:02.817784
600	8	8	8	1	0:00:02.800649
620	7	-1	4	0	0:00:02.822423
640	5	3	3	0	0:00:02.798251
660	9	9	9	1	0:00:02.777854
680	9	7	4	0	0:00:02.780109
700	7	7	4	1	0:00:02.780293
720	4	9	7	0	0:00:02.771291
740	2	5	3	0	0:00:02.766713
760	3	9	7	0	0:00:02.790191
780	9	1	8	0	0:00:02.771107
800	7	7	7	1	0:00:02.782705
820	6	-1	8	0	0:00:02.763124
840	7	7	7	1	0:00:02.760551
860	4	4	4	1	0:00:02.810794
880	8	8	8	1	0:00:02.774733
900	2	6	4	0	0:00:02.773823
920	6	4	2	0	0:00:02.755090
940	9	9	9	1	0:00:02.767951
960	9	9	4	1	0:00:02.764919
980	2	6	6	0	0:00:02.803962
1000	5	5	5	1	0:00:02.076127
1020	1	1	8	1	0:00:02.079738
1040	7	5	5	0	0:00:02.077903
1060	9	9	8	1	0:00:02.065204
1080	6	6	6	1	0:00:02.067249
1100	7	8	8	0	0:00:02.061693
1120	5	2	2	0	0:00:02.070793
1140	6	-1	4	0	0:00:02.074322
1160	8	0	8	0	0:00:02.073987
1180	3	3	8	1	0:00:02.063354
1200	8	0	0	0	0:00:02.077312
1220	9	6	6	0	0:00:02.071621
1240	2	6	6	0	0:00:02.068382
1260	1	9	9	0	0:00:02.073239
1280	3	7	7	0	0:00:02.059047
1300	4	3	3	0	0:00:02.106115
1320	7	2	2	0	0:00:02.085152
1340	1	1	1	1	0:00:02.136382
1360	7	7	4	1	0:00:02.099576
1380	4	5	5	0	0:00:02.105483
1400	5	6	2	0	0:00:02.108350
1420	4	7	4	0	0:00:02.069171
1440	0	8	8	0	0:00:02.119181
1460	6	6	4	1	0:00:02.130588
1480	1	7	5	0	0:00:02.074423
1500	1	9	1	0	0:00:02.083493
1520	7	7	4	1	0:00:02.124268
1540	8	8	8	1	0:00:02.079965
1560	7	7	7	1	0:00:02.127801
1580	6	1	1	0	0:00:02.085996
1600	8	9	6	0	0:00:02.078767
1620	5	8	8	0	0:00:02.092113
1640	7	5	3	0	0:00:02.095750
1660	3	-1	4	0	0:00:02.072049
1680	6	6	6	1	0:00:02.070621
1700	5	2	2	0	0:00:02.073269
1720	4	2	2	0	0:00:02.076555
1740	1	9	9	0	0:00:02.074882
1760	0	8	8	0	0:00:02.103675
1780	7	9	8	0	0:00:02.125835
1800	4	8	8	0	0:00:02.069536
1820	8	-1	8	0	0:00:02.077984
1840	8	9	4	0	0:00:02.123281
1860	8	8	8	1	0:00:02.116006
1880	1	1	8	1	0:00:02.133823
1900	8	8	8	1	0:00:02.139311
1920	2	2	2	1	0:00:02.100606
1940	5	3	3	0	0:00:02.083491
1960	2	5	5	0	0:00:02.078040
1980	9	9	4	1	0:00:02.078337
2000	1	6	6	0	0:00:02.080838
2020	9	9	9	1	0:00:02.067273
2040	0	8	8	0	0:00:02.064835
2060	5	5	3	1	0:00:02.070958
2080	1	-1	6	0	0:00:02.059957
2100	2	4	4	0	0:00:02.064369
2120	4	8	8	0	0:00:02.065741
2140	9	9	1	1	0:00:02.064147
2160	0	8	8	0	0:00:02.068927
2180	4	4	4	1	0:00:02.078265
2200	0	2	2	0	0:00:02.079579
2220	1	1	4	1	0:00:02.094737
2240	9	9	8	1	0:00:02.081982
2260	4	7	4	0	0:00:02.072313
2280	4	8	8	0	0:00:02.073267
2300	3	2	4	0	0:00:02.096304
2320	5	8	8	0	0:00:02.069968
2340	7	7	7	1	0:00:02.075150
2360	7	7	3	1	0:00:02.077026
2380	8	8	8	1	0:00:02.073596
2400	0	0	0	1	0:00:02.073244
2420	8	-1	5	0	0:00:02.075006
2440	7	7	7	1	0:00:02.073067
2460	9	3	3	0	0:00:02.075102
2480	8	8	8	1	0:00:02.083636
2500	4	2	2	0	0:00:02.067304
2520	1	9	8	0	0:00:02.151100
2540	2	3	3	0	0:00:02.125089
2560	7	7	4	1	0:00:02.112800
2580	6	4	4	0	0:00:02.079724
2600	8	8	8	1	0:00:02.075927
2620	1	-1	4	0	0:00:02.078073
2640	7	7	6	1	0:00:02.079348
2660	3	2	2	0	0:00:02.074850
2680	0	0	0	1	0:00:02.081778
2700	9	7	0	0	0:00:02.075996
2720	3	2	2	0	0:00:02.082962
2740	1	1	1	1	0:00:02.080811
2760	2	-1	4	0	0:00:02.094687
2780	7	7	7	1	0:00:02.079573
2800	4	6	4	0	0:00:02.074721
2820	6	6	6	1	0:00:02.076550
2840	3	3	3	1	0:00:02.079024
2860	5	7	6	0	0:00:02.071515
2880	4	4	4	1	0:00:02.073297
2900	3	2	5	0	0:00:02.086817
2920	2	5	5	0	0:00:02.073528
2940	3	0	0	0	0:00:02.070490
2960	9	9	8	1	0:00:02.068497
2980	8	1	8	0	0:00:02.073214
3000	5	5	5	1	0:00:02.067884
3020	1	1	8	1	0:00:02.072720
3040	7	7	7	1	0:00:02.088249
3060	7	7	7	1	0:00:02.066488
3080	1	-1	2	0	0:00:02.064142
3100	0	0	0	1	0:00:02.064042
3120	4	6	2	0	0:00:02.072853
3140	8	8	8	1	0:00:02.075483
3160	6	4	4	0	0:00:02.065500
3180	3	9	8	0	0:00:02.071972
3200	5	7	7	0	0:00:02.067664
3220	3	9	3	0	0:00:02.078296
3240	4	1	8	0	0:00:02.072829
3260	7	0	2	0	0:00:02.066376
3280	3	-1	0	0	0:00:02.084376
3300	4	6	4	0	0:00:02.084165
3320	2	7	7	0	0:00:02.125464
3340	6	6	4	1	0:00:02.104018
3360	4	6	4	0	0:00:02.082312
3380	8	8	8	1	0:00:02.062812
3400	6	4	4	0	0:00:02.064689
3420	5	4	4	0	0:00:02.067535
3440	2	9	3	0	0:00:02.063434
3460	1	1	4	1	0:00:02.073013
3480	2	2	2	1	0:00:02.079838
3500	1	1	4	1	0:00:02.067525
3520	1	1	1	1	0:00:02.063217
3540	6	6	6	1	0:00:02.054812
3560	1	9	7	0	0:00:02.063446
3580	4	1	4	0	0:00:02.067309
3600	4	2	2	0	0:00:02.071000
3620	0	7	7	0	0:00:02.162632
3640	6	2	2	0	0:00:02.090018
3660	0	8	8	0	0:00:02.075814
3680	0	2	2	0	0:00:02.086429
3700	3	6	4	0	0:00:02.082255
3720	2	2	2	1	0:00:02.079717
3740	0	0	8	1	0:00:02.081400
3760	7	7	7	1	0:00:02.077865
3780	4	4	2	1	0:00:02.081808
3800	9	9	3	1	0:00:02.081390
3820	0	2	2	0	0:00:02.083430
3840	6	3	3	0	0:00:02.081103
3860	7	7	7	1	0:00:02.073842
3880	6	4	4	0	0:00:02.072169
3900	3	6	6	0	0:00:02.077069
3920	7	9	8	0	0:00:02.098434
3940	6	7	4	0	0:00:02.101209
3960	2	-1	5	0	0:00:02.077707
3980	9	7	7	0	0:00:02.069151
4000	8	7	4	0	0:00:02.078512
4020	8	1	8	0	0:00:02.078259
4040	0	0	0	1	0:00:02.076417
4060	6	3	3	0	0:00:02.075235
4080	1	8	8	0	0:00:02.073695
4100	7	7	7	1	0:00:02.072944
4120	4	0	0	0	0:00:02.074343
4140	5	3	3	0	0:00:02.069532
4160	5	2	2	0	0:00:02.064076
4180	0	8	8	0	0:00:02.072917
4200	4	4	2	1	0:00:02.068369
4220	4	0	0	0	0:00:02.067506
4240	7	0	0	0	0:00:02.072014
4260	8	-1	8	0	0:00:02.071857
4280	8	-1	8	0	0:00:02.083028
4300	8	8	8	1	0:00:02.076012
4320	1	8	8	0	0:00:02.074751
4340	0	0	8	1	0:00:02.083439
4360	6	9	6	0	0:00:02.087632
4380	9	9	8	1	0:00:02.080924
4400	3	4	4	0	0:00:02.066870
4420	5	8	8	0	0:00:02.087005
4440	2	6	2	0	0:00:02.064996
4460	9	1	8	0	0:00:02.071162
4480	9	9	6	1	0:00:02.071607
4500	3	6	6	0	0:00:02.095048
4520	3	6	6	0	0:00:02.101051
4540	9	9	9	1	0:00:02.077899
4560	1	1	4	1	0:00:02.073030
4580	6	4	4	0	0:00:02.083137
4600	4	7	4	0	0:00:02.078870
4620	7	3	3	0	0:00:02.076686
4640	2	3	4	0	0:00:02.073031
4660	7	4	2	0	0:00:02.078504
4680	9	1	1	0	0:00:02.073621
4700	6	1	4	0	0:00:02.139903
4720	8	0	0	0	0:00:02.108889
4740	5	3	4	0	0:00:02.076767
4760	3	3	4	1	0:00:02.072663
4780	0	0	8	1	0:00:02.080742
4800	9	9	9	1	0:00:02.077210
4820	3	5	5	0	0:00:02.074903
4840	0	0	0	1	0:00:02.073272
4860	5	3	3	0	0:00:02.102067
4880	0	2	2	0	0:00:02.066689
4900	3	6	6	0	0:00:02.068864
4920	7	7	7	1	0:00:02.062947
4940	6	4	2	0	0:00:02.069033
4960	4	3	3	0	0:00:02.072650
4980	1	9	8	0	0:00:02.066412
5000	7	7	7	1	0:00:02.064998
5020	8	-1	8	0	0:00:02.061351
5040	3	3	4	1	0:00:02.074253
5060	6	-1	4	0	0:00:02.070349
5080	7	7	7	1	0:00:02.090659
5100	3	3	3	1	0:00:02.092311
5120	9	9	8	1	0:00:02.062866
5140	8	8	8	1	0:00:02.075084
5160	0	-1	8	0	0:00:02.081447
5180	9	-1	4	0	0:00:02.065384
5200	3	3	3	1	0:00:02.064849
5220	0	0	0	1	0:00:02.061673
5240	1	9	2	0	0:00:02.061158
5260	0	0	0	1	0:00:02.076151
5280	0	8	8	0	0:00:02.057664
5300	9	-1	9	0	0:00:02.072415
5320	7	7	7	1	0:00:02.073971
5340	3	4	4	0	0:00:02.065068
5360	9	9	9	1	0:00:02.073233
5380	1	9	9	0	0:00:02.077688
5400	9	-1	8	0	0:00:02.073393
5420	6	6	6	1	0:00:02.069485
5440	9	9	9	1	0:00:02.073062
5460	0	7	7	0	0:00:02.072781
5480	1	1	8	1	0:00:02.076596
5500	8	1	8	0	0:00:02.078705
5520	4	3	3	0	0:00:02.077643
5540	5	6	2	0	0:00:02.076087
5560	3	6	5	0	0:00:02.073038
5580	5	6	6	0	0:00:02.073312
5600	6	-1	0	0	0:00:02.087872
5620	3	2	2	0	0:00:02.078049
5640	2	-1	3	0	0:00:02.093209
5660	9	9	8	1	0:00:02.155579
5680	2	8	8	0	0:00:02.092640
5700	3	6	6	0	0:00:02.077873
5720	9	9	9	1	0:00:02.072323
5740	6	4	4	0	0:00:02.082684
5760	2	2	2	1	0:00:02.062749
5780	7	7	7	1	0:00:02.098741
5800	2	4	4	0	0:00:02.125593
5820	5	6	6	0	0:00:02.082023
5840	2	6	6	0	0:00:02.077534
5860	0	8	8	0	0:00:02.083554
5880	0	8	0	0	0:00:02.082135
5900	4	3	4	0	0:00:02.075107
5920	8	8	8	1	0:00:02.078621
5940	7	4	4	0	0:00:02.087430
5960	2	6	4	0	0:00:02.072762
5980	9	9	8	1	0:00:02.074756
6000	8	9	8	0	0:00:02.076123
6020	6	6	6	1	0:00:02.078699
6040	2	7	7	0	0:00:02.080651
6060	3	4	4	0	0:00:02.075370
6080	1	9	6	0	0:00:02.076797
6100	1	1	8	1	0:00:02.080152
6120	5	5	5	1	0:00:02.080284
6140	9	9	9	1	0:00:02.074206
6160	2	5	5	0	0:00:02.069343
6180	0	9	8	0	0:00:02.072162
6200	3	0	3	0	0:00:02.076761
6220	2	6	5	0	0:00:02.101925
6240	2	1	4	0	0:00:02.088444
6260	2	9	4	0	0:00:02.074765
6280	8	5	4	0	0:00:02.063394
6300	1	7	4	0	0:00:02.077852
6320	0	0	0	1	0:00:02.066258
6340	3	3	3	1	0:00:02.067894
6360	2	6	2	0	0:00:02.074947
6380	3	6	6	0	0:00:02.074507
6400	0	1	4	0	0:00:02.071942
6420	7	7	8	1	0:00:02.076939
6440	3	9	8	0	0:00:02.087125
6460	3	1	4	0	0:00:02.095316
6480	0	0	0	1	0:00:02.077097
6500	7	6	6	0	0:00:02.076012
6520	6	4	4	0	0:00:02.077471
6540	8	8	8	1	0:00:02.079620
6560	6	6	4	1	0:00:02.063386
6580	1	2	2	0	0:00:02.087769
6600	7	7	7	1	0:00:02.076700
6620	7	7	7	1	0:00:02.075499
6640	5	3	8	0	0:00:02.068435
6660	0	0	0	1	0:00:02.065479
6680	3	5	5	0	0:00:02.081574
6700	6	6	2	1	0:00:02.068653
6720	2	2	2	1	0:00:02.069279
6740	2	-1	4	0	0:00:02.076449
6760	5	3	3	0	0:00:02.075447
6780	7	7	7	1	0:00:02.076808
6800	6	2	4	0	0:00:02.077116
6820	1	1	1	1	0:00:02.089787
6840	9	9	9	1	0:00:02.082583
6860	0	0	2	1	0:00:02.076817
6880	2	7	4	0	0:00:02.086289
6900	3	7	4	0	0:00:02.075647
6920	5	2	2	0	0:00:02.075590
6940	1	1	1	1	0:00:02.081228
6960	9	8	8	0	0:00:02.085759
6980	0	9	8	0	0:00:02.065487
7000	2	8	8	0	0:00:02.080572
7020	7	7	7	1	0:00:02.074170
7040	7	8	8	0	0:00:02.068112
7060	8	8	8	1	0:00:02.077917
7080	5	4	4	0	0:00:02.080206
7100	9	3	3	0	0:00:02.072417
7120	7	5	6	0	0:00:02.075985
7140	4	4	4	1	0:00:02.074934
7160	5	4	4	0	0:00:02.072402
7180	6	6	6	1	0:00:02.072094
7200	4	6	2	0	0:00:02.122531
7220	9	9	8	1	0:00:02.177056
7240	0	8	8	0	0:00:02.076230
7260	1	8	8	0	0:00:02.110687
7280	1	9	6	0	0:00:02.172478
7300	3	7	4	0	0:00:02.082340
7320	8	0	8	0	0:00:02.081129
7340	2	4	4	0	0:00:02.120735
7360	2	4	4	0	0:00:02.103469
7380	7	7	7	1	0:00:02.152562
7400	3	3	3	1	0:00:02.171567
7420	3	0	0	0	0:00:02.096001
7440	3	3	2	1	0:00:02.068460
7460	5	5	5	1	0:00:02.065707
7480	1	8	8	0	0:00:02.066146
7500	6	6	6	1	0:00:02.067230
7520	4	6	4	0	0:00:02.069079
7540	5	5	5	1	0:00:02.073067
7560	0	9	4	0	0:00:02.137292
7580	8	8	8	1	0:00:02.178919
7600	8	9	8	0	0:00:02.138145
7620	5	9	3	0	0:00:02.075227
7640	9	9	6	1	0:00:02.110783
7660	7	9	4	0	0:00:02.112973
7680	3	9	3	0	0:00:02.146634
7700	6	6	6	1	0:00:02.084490
7720	5	5	4	1	0:00:02.075057
7740	4	6	2	0	0:00:02.078528
7760	2	9	6	0	0:00:02.079434
7780	3	1	8	0	0:00:02.087378
7800	0	0	0	1	0:00:02.075900
7820	5	8	8	0	0:00:02.076920
7840	1	1	1	1	0:00:02.082849
7860	8	1	4	0	0:00:02.079428
7880	0	0	0	1	0:00:02.077883
7900	0	-1	8	0	0:00:02.089277
7920	9	8	8	0	0:00:02.080670
7940	2	6	6	0	0:00:02.079740
7960	0	0	2	1	0:00:02.093354
7980	3	7	4	0	0:00:02.090131
8000	9	9	9	1	0:00:02.075558
8020	6	3	3	0	0:00:02.076092
8040	2	2	2	1	0:00:02.080217
8060	6	6	4	1	0:00:02.070942
8080	4	6	2	0	0:00:02.081962
8100	6	2	2	0	0:00:02.076331
8120	8	9	8	0	0:00:02.076220
8140	5	4	4	0	0:00:02.075764
8160	6	9	6	0	0:00:02.074084
8180	4	4	4	1	0:00:02.075458
8200	3	-1	2	0	0:00:02.083330
8220	6	6	2	1	0:00:02.073338
8240	7	7	7	1	0:00:02.074792
8260	1	3	3	0	0:00:02.077452
8280	4	5	3	0	0:00:02.077834
8300	5	2	2	0	0:00:02.074297
8320	7	4	4	0	0:00:02.071009
8340	5	3	4	0	0:00:02.069523
8360	7	7	4	1	0:00:02.074369
8380	9	9	8	1	0:00:02.071068
8400	0	8	8	0	0:00:02.076354
8420	3	-1	4	0	0:00:02.073836
8440	5	3	4	0	0:00:02.073861
8460	8	8	8	1	0:00:02.075339
8480	2	1	8	0	0:00:02.074366
8500	4	4	4	1	0:00:02.077365
8520	8	1	4	0	0:00:02.093770
8540	4	2	2	0	0:00:02.099275
8560	7	7	4	1	0:00:02.091803
8580	3	0	2	0	0:00:02.073816
8600	3	6	4	0	0:00:02.064801
8620	3	-1	4	0	0:00:02.062666
8640	1	1	1	1	0:00:02.061771
8660	7	7	5	1	0:00:02.079506
8680	3	9	8	0	0:00:02.090627
8700	3	3	3	1	0:00:02.172979
8720	2	0	0	0	0:00:02.162365
8740	2	2	4	1	0:00:02.167493
8760	8	8	8	1	0:00:02.129699
8780	4	4	4	1	0:00:02.164896
8800	0	0	0	1	0:00:02.127331
8820	2	2	3	1	0:00:02.141616
8840	2	1	7	0	0:00:02.103805
8860	2	2	2	1	0:00:02.075905
8880	1	9	6	0	0:00:02.135677
8900	2	6	4	0	0:00:02.150621
8920	6	6	6	1	0:00:02.080256
8940	6	3	3	0	0:00:02.077797
8960	0	0	0	1	0:00:02.081945
8980	9	9	8	1	0:00:02.078087
9000	8	8	8	1	0:00:02.082750
9020	7	9	8	0	0:00:02.080297
9040	2	5	5	0	0:00:02.075998
9060	9	5	5	0	0:00:02.083473
9080	3	0	0	0	0:00:02.080702
9100	9	6	6	0	0:00:02.101067
9120	3	0	0	0	0:00:02.093703
9140	7	9	8	0	0:00:02.069876
9160	5	5	4	1	0:00:02.079016
9180	5	5	5	1	0:00:02.070907
9200	8	8	8	1	0:00:02.070717
9220	8	8	8	1	0:00:02.073784
9240	8	8	8	1	0:00:02.092932
9260	5	5	5	1	0:00:02.070657
9280	9	1	8	0	0:00:02.066617
9300	5	3	2	0	0:00:02.067057
9320	9	9	8	1	0:00:02.064039
9340	1	1	1	1	0:00:02.058232
9360	5	6	6	0	0:00:02.060908
9380	5	9	3	0	0:00:02.069792
9400	6	6	2	1	0:00:02.065214
9420	5	5	6	1	0:00:02.057335
9440	8	8	8	1	0:00:02.061979
9460	3	7	6	0	0:00:02.072430
9480	2	4	4	0	0:00:02.076452
9500	9	-1	6	0	0:00:02.068142
9520	1	1	1	1	0:00:02.071235
9540	5	3	4	0	0:00:02.077142
9560	9	7	7	0	0:00:02.116979
9580	1	4	4	0	0:00:02.094208
9600	8	8	8	1	0:00:02.075670
9620	4	7	4	0	0:00:02.075285
9640	5	0	6	0	0:00:02.072687
9660	6	6	6	1	0:00:02.078265
9680	8	8	8	1	0:00:02.078602
9700	0	0	0	1	0:00:02.095426
9720	8	6	6	0	0:00:02.070904
9740	3	6	4	0	0:00:02.165735
9760	9	7	4	0	0:00:02.179372
9780	4	6	4	0	0:00:02.168583
9800	1	1	1	1	0:00:02.073693
9820	0	8	8	0	0:00:02.070263
9840	4	5	5	0	0:00:02.076017
9860	0	5	8	0	0:00:02.072800
9880	7	-1	4	0	0:00:02.082417
9900	8	0	8	0	0:00:02.073954
9920	6	4	2	0	0:00:02.072834
9940	4	7	4	0	0:00:02.073174
9960	2	0	0	0	0:00:02.073905
9980	0	0	0	1	0:00:02.076435
