idx	label	predict	basePredict	correct	time
0	3	2	2	0	0:00:02.943333
20	7	1	9	0	0:00:02.858698
40	4	8	8	0	0:00:02.925819
60	7	2	4	0	0:00:02.897682
80	8	8	8	1	0:00:02.894166
100	4	-1	3	0	0:00:02.859430
120	8	8	8	1	0:00:02.902230
140	6	2	2	0	0:00:02.861818
160	2	0	2	0	0:00:02.812624
180	0	9	8	0	0:00:02.865796
200	5	7	3	0	0:00:02.845644
220	7	7	7	1	0:00:02.892364
240	1	1	8	1	0:00:02.854527
260	8	3	6	0	0:00:02.832506
280	9	9	8	1	0:00:03.030548
300	6	7	4	0	0:00:02.852640
320	3	2	4	0	0:00:02.892246
340	2	4	4	0	0:00:02.878159
360	9	7	4	0	0:00:02.907967
380	6	-1	4	0	0:00:02.880821
400	9	1	1	0	0:00:02.890190
420	4	6	6	0	0:00:02.880019
440	1	9	6	0	0:00:02.839427
460	5	3	4	0	0:00:02.895612
480	8	9	9	0	0:00:02.895974
500	4	9	6	0	0:00:02.905816
520	5	7	7	0	0:00:02.917426
540	1	9	8	0	0:00:02.806659
560	0	0	8	1	0:00:02.854314
580	4	6	4	0	0:00:02.835963
600	8	3	8	0	0:00:02.804830
620	7	6	4	0	0:00:02.858994
640	5	3	3	0	0:00:02.834339
660	9	9	8	1	0:00:02.901733
680	9	7	4	0	0:00:02.951328
700	7	0	0	0	0:00:02.855141
720	4	9	9	0	0:00:02.879382
740	2	5	3	0	0:00:02.854729
760	3	9	9	0	0:00:02.841395
780	9	1	0	0	0:00:02.900741
800	7	7	7	1	0:00:03.040479
820	6	1	8	0	0:00:02.853416
840	7	7	7	1	0:00:02.873081
860	4	4	4	1	0:00:02.859538
880	8	8	8	1	0:00:02.934111
900	2	6	4	0	0:00:02.840205
920	6	4	2	0	0:00:02.919843
940	9	1	9	0	0:00:02.862311
960	9	9	4	1	0:00:02.843182
980	2	6	6	0	0:00:02.880311
1000	5	5	5	1	0:00:02.217324
1020	1	8	8	0	0:00:02.222297
1040	7	5	5	0	0:00:02.151242
1060	9	9	8	1	0:00:02.173744
1080	6	3	6	0	0:00:02.108475
1100	7	8	8	0	0:00:02.129244
1120	5	2	2	0	0:00:02.142425
1140	6	4	4	0	0:00:02.238926
1160	8	0	0	0	0:00:02.113878
1180	3	-1	8	0	0:00:02.144932
1200	8	0	0	0	0:00:02.154624
1220	9	6	6	0	0:00:02.125981
1240	2	6	6	0	0:00:02.118615
1260	1	9	9	0	0:00:02.176950
1280	3	7	7	0	0:00:02.125079
1300	4	3	3	0	0:00:02.126893
1320	7	2	2	0	0:00:02.126980
1340	1	-1	8	0	0:00:02.136992
1360	7	5	4	0	0:00:02.115608
1380	4	5	5	0	0:00:02.155009
1400	5	6	2	0	0:00:02.162532
1420	4	7	6	0	0:00:02.167372
1440	0	8	8	0	0:00:02.117347
1460	6	6	4	1	0:00:02.113542
1480	1	5	5	0	0:00:02.227606
1500	1	9	8	0	0:00:02.153765
1520	7	6	2	0	0:00:02.092890
1540	8	8	8	1	0:00:02.134198
1560	7	7	7	1	0:00:02.174723
1580	6	1	1	0	0:00:02.113759
1600	8	9	6	0	0:00:02.102152
1620	5	8	8	0	0:00:02.114091
1640	7	5	3	0	0:00:02.152572
1660	3	5	4	0	0:00:02.141003
1680	6	6	6	1	0:00:02.097944
1700	5	2	2	0	0:00:02.102950
1720	4	2	2	0	0:00:02.157013
1740	1	9	9	0	0:00:02.148240
1760	0	8	8	0	0:00:02.119872
1780	7	8	8	0	0:00:02.096180
1800	4	8	8	0	0:00:02.100556
1820	8	-1	8	0	0:00:02.132432
1840	8	-1	4	0	0:00:02.134068
1860	8	8	8	1	0:00:02.155261
1880	1	8	8	0	0:00:02.110771
1900	8	8	8	1	0:00:02.115857
1920	2	5	2	0	0:00:02.133524
1940	5	3	3	0	0:00:02.102234
1960	2	5	5	0	0:00:02.146791
1980	9	9	4	1	0:00:02.104578
2000	1	6	4	0	0:00:02.120075
2020	9	9	1	1	0:00:02.239926
2040	0	8	8	0	0:00:02.130652
2060	5	5	3	1	0:00:02.107792
2080	1	9	6	0	0:00:02.124788
2100	2	4	4	0	0:00:02.182097
2120	4	8	8	0	0:00:02.127467
2140	9	1	1	0	0:00:02.126336
2160	0	8	8	0	0:00:02.180114
2180	4	2	2	0	0:00:02.161210
2200	0	2	2	0	0:00:02.346865
2220	1	1	4	1	0:00:02.110369
2240	9	-1	8	0	0:00:02.113760
2260	4	7	4	0	0:00:02.166637
2280	4	8	8	0	0:00:02.155626
2300	3	2	4	0	0:00:02.109915
2320	5	8	8	0	0:00:02.114988
2340	7	7	7	1	0:00:02.162417
2360	7	5	3	0	0:00:02.139116
2380	8	0	0	0	0:00:02.174922
2400	0	4	4	0	0:00:02.153101
2420	8	5	5	0	0:00:02.155259
2440	7	1	8	0	0:00:02.129611
2460	9	3	3	0	0:00:02.093085
2480	8	8	8	1	0:00:02.127809
2500	4	6	2	0	0:00:02.133911
2520	1	9	9	0	0:00:02.142165
2540	2	3	3	0	0:00:02.139770
2560	7	6	2	0	0:00:02.104656
2580	6	7	4	0	0:00:02.102245
2600	8	8	8	1	0:00:02.129471
2620	1	4	4	0	0:00:02.089796
2640	7	6	6	0	0:00:02.131079
2660	3	2	2	0	0:00:02.112002
2680	0	0	0	1	0:00:02.118363
2700	9	7	0	0	0:00:02.145896
2720	3	8	2	0	0:00:02.104741
2740	1	1	7	1	0:00:02.111426
2760	2	4	4	0	0:00:02.111679
2780	7	7	6	1	0:00:02.134788
2800	4	6	6	0	0:00:02.123704
2820	6	6	4	1	0:00:02.103472
2840	3	3	3	1	0:00:02.093141
2860	5	7	4	0	0:00:02.128645
2880	4	4	4	1	0:00:02.142431
2900	3	2	2	0	0:00:02.122040
2920	2	5	5	0	0:00:02.114903
2940	3	0	0	0	0:00:02.142695
2960	9	9	8	1	0:00:02.191301
2980	8	1	8	0	0:00:02.164566
3000	5	5	5	1	0:00:02.144654
3020	1	8	8	0	0:00:02.107855
3040	7	7	7	1	0:00:02.146228
3060	7	7	7	1	0:00:02.114916
3080	1	7	4	0	0:00:02.103534
3100	0	0	0	1	0:00:02.170237
3120	4	6	2	0	0:00:02.201962
3140	8	-1	8	0	0:00:02.122339
3160	6	4	4	0	0:00:02.110748
3180	3	7	8	0	0:00:02.258160
3200	5	7	7	0	0:00:02.122618
3220	3	9	9	0	0:00:02.110019
3240	4	1	8	0	0:00:02.101400
3260	7	0	0	0	0:00:02.192451
3280	3	0	0	0	0:00:02.135099
3300	4	6	4	0	0:00:02.133216
3320	2	7	7	0	0:00:02.116023
3340	6	7	4	0	0:00:02.079197
3360	4	6	6	0	0:00:02.112779
3380	8	1	8	0	0:00:02.135395
3400	6	4	4	0	0:00:02.131543
3420	5	4	4	0	0:00:02.111017
3440	2	9	3	0	0:00:02.132467
3460	1	1	4	1	0:00:02.133018
3480	2	2	2	1	0:00:02.188498
3500	1	1	4	1	0:00:02.157510
3520	1	1	1	1	0:00:02.127860
3540	6	6	4	1	0:00:02.163019
3560	1	9	0	0	0:00:02.159482
3580	4	1	8	0	0:00:02.196902
3600	4	2	2	0	0:00:02.126960
3620	0	6	6	0	0:00:02.145000
3640	6	2	2	0	0:00:02.182498
3660	0	8	8	0	0:00:02.150806
3680	0	2	2	0	0:00:02.111230
3700	3	6	4	0	0:00:02.117418
3720	2	2	2	1	0:00:02.107600
3740	0	8	8	0	0:00:02.117427
3760	7	7	7	1	0:00:02.123498
3780	4	2	2	0	0:00:02.137328
3800	9	3	3	0	0:00:02.146290
3820	0	2	2	0	0:00:02.103952
3840	6	3	3	0	0:00:02.150163
3860	7	7	7	1	0:00:02.132307
3880	6	4	4	0	0:00:02.138605
3900	3	1	1	0	0:00:02.101423
3920	7	-1	8	0	0:00:02.155877
3940	6	7	4	0	0:00:02.152272
3960	2	5	5	0	0:00:02.128259
3980	9	7	7	0	0:00:02.126981
4000	8	7	0	0	0:00:02.140242
4020	8	1	8	0	0:00:02.113839
4040	0	-1	0	0	0:00:02.099686
4060	6	3	3	0	0:00:02.120301
4080	1	8	8	0	0:00:02.181185
4100	7	7	7	1	0:00:02.145744
4120	4	0	0	0	0:00:02.133796
4140	5	3	3	0	0:00:02.204241
4160	5	2	2	0	0:00:02.157339
4180	0	8	8	0	0:00:02.130892
4200	4	2	2	0	0:00:02.132010
4220	4	0	0	0	0:00:02.141107
4240	7	0	0	0	0:00:02.178749
4260	8	1	1	0	0:00:02.160274
4280	8	-1	8	0	0:00:02.180328
4300	8	9	8	0	0:00:02.135326
4320	1	8	8	0	0:00:02.165547
4340	0	8	8	0	0:00:02.159331
4360	6	9	9	0	0:00:02.178630
4380	9	8	8	0	0:00:02.137636
4400	3	4	4	0	0:00:02.129554
4420	5	8	8	0	0:00:02.147565
4440	2	6	2	0	0:00:02.179013
4460	9	8	8	0	0:00:02.176130
4480	9	6	6	0	0:00:02.161919
4500	3	6	6	0	0:00:02.185532
4520	3	6	6	0	0:00:02.144343
4540	9	9	9	1	0:00:02.157821
4560	1	6	4	0	0:00:02.152548
4580	6	4	4	0	0:00:02.136772
4600	4	7	7	0	0:00:02.195827
4620	7	3	3	0	0:00:02.124865
4640	2	3	4	0	0:00:02.193664
4660	7	4	2	0	0:00:02.157997
4680	9	1	1	0	0:00:02.144857
4700	6	1	4	0	0:00:02.176773
4720	8	0	0	0	0:00:02.154283
4740	5	6	4	0	0:00:02.270116
4760	3	-1	4	0	0:00:02.247003
4780	0	0	8	1	0:00:02.182376
4800	9	9	9	1	0:00:02.138872
4820	3	5	5	0	0:00:02.243287
4840	0	0	0	1	0:00:02.139996
4860	5	3	3	0	0:00:02.139470
4880	0	2	2	0	0:00:02.139402
4900	3	6	6	0	0:00:02.158766
4920	7	-1	2	0	0:00:02.157294
4940	6	4	4	0	0:00:02.156206
4960	4	3	3	0	0:00:02.133102
4980	1	9	9	0	0:00:02.156620
5000	7	7	7	1	0:00:02.161577
5020	8	1	8	0	0:00:02.163248
5040	3	7	4	0	0:00:02.130047
5060	6	2	4	0	0:00:02.145767
5080	7	7	7	1	0:00:02.156153
5100	3	3	4	1	0:00:02.136520
5120	9	8	8	0	0:00:02.159353
5140	8	0	8	0	0:00:02.136345
5160	0	8	8	0	0:00:02.146888
5180	9	6	4	0	0:00:02.182685
5200	3	3	3	1	0:00:02.163285
5220	0	0	0	1	0:00:02.160575
5240	1	9	2	0	0:00:02.148359
5260	0	0	0	1	0:00:02.143760
5280	0	8	8	0	0:00:02.183655
5300	9	1	1	0	0:00:02.162084
5320	7	0	3	0	0:00:02.179191
5340	3	4	4	0	0:00:02.165550
5360	9	9	3	1	0:00:02.138809
5380	1	9	9	0	0:00:02.190014
5400	9	0	8	0	0:00:02.186300
5420	6	5	6	0	0:00:02.233241
5440	9	9	8	1	0:00:02.177229
5460	0	7	7	0	0:00:02.143633
5480	1	-1	8	0	0:00:02.237742
5500	8	1	8	0	0:00:02.157289
5520	4	-1	3	0	0:00:02.136748
5540	5	6	2	0	0:00:02.186248
5560	3	6	4	0	0:00:02.187897
5580	5	6	6	0	0:00:02.164733
5600	6	-1	0	0	0:00:02.176443
5620	3	2	2	0	0:00:02.166708
5640	2	5	3	0	0:00:02.159057
5660	9	8	8	0	0:00:02.163270
5680	2	1	8	0	0:00:02.152382
5700	3	6	6	0	0:00:02.156181
5720	9	9	9	1	0:00:02.160887
5740	6	4	4	0	0:00:02.203170
5760	2	0	2	0	0:00:02.228799
5780	7	7	4	1	0:00:02.159085
5800	2	7	4	0	0:00:02.175597
5820	5	6	6	0	0:00:02.143035
5840	2	6	6	0	0:00:02.178464
5860	0	8	8	0	0:00:02.181259
5880	0	8	8	0	0:00:02.146255
5900	4	3	4	0	0:00:02.149372
5920	8	8	6	1	0:00:02.219611
5940	7	4	4	0	0:00:02.182017
5960	2	7	4	0	0:00:02.137117
5980	9	9	6	1	0:00:02.130992
6000	8	9	8	0	0:00:02.135370
6020	6	7	6	0	0:00:02.197245
6040	2	7	7	0	0:00:02.169064
6060	3	4	4	0	0:00:02.181838
6080	1	9	6	0	0:00:02.191282
6100	1	1	8	1	0:00:02.168707
6120	5	3	3	0	0:00:02.188772
6140	9	9	7	1	0:00:02.170235
6160	2	5	5	0	0:00:02.158250
6180	0	9	8	0	0:00:02.169023
6200	3	9	8	0	0:00:02.190506
6220	2	6	5	0	0:00:02.167858
6240	2	1	4	0	0:00:02.176068
6260	2	9	8	0	0:00:02.141781
6280	8	5	4	0	0:00:02.172718
6300	1	7	4	0	0:00:02.159647
6320	0	0	0	1	0:00:02.210054
6340	3	-1	3	0	0:00:02.194274
6360	2	6	2	0	0:00:02.193945
6380	3	1	6	0	0:00:02.135803
6400	0	1	4	0	0:00:02.129193
6420	7	8	8	0	0:00:02.200746
6440	3	9	8	0	0:00:02.172938
6460	3	1	4	0	0:00:02.192190
6480	0	5	2	0	0:00:02.130972
6500	7	8	8	0	0:00:02.166017
6520	6	4	4	0	0:00:02.154636
6540	8	8	8	1	0:00:02.143139
6560	6	7	4	0	0:00:02.174253
6580	1	2	2	0	0:00:02.173432
6600	7	7	7	1	0:00:02.168703
6620	7	7	3	1	0:00:02.218523
6640	5	0	8	0	0:00:02.139973
6660	0	0	8	1	0:00:02.146714
6680	3	5	5	0	0:00:02.204903
6700	6	2	2	0	0:00:02.188973
6720	2	4	2	0	0:00:02.161223
6740	2	6	4	0	0:00:02.165859
6760	5	3	6	0	0:00:02.197832
6780	7	7	7	1	0:00:02.135720
6800	6	2	4	0	0:00:02.166575
6820	1	1	8	1	0:00:02.187531
6840	9	1	1	0	0:00:02.171168
6860	0	2	2	0	0:00:02.176268
6880	2	7	6	0	0:00:02.148181
6900	3	7	4	0	0:00:02.163819
6920	5	2	2	0	0:00:02.141732
6940	1	1	1	1	0:00:02.165160
6960	9	8	8	0	0:00:02.139977
6980	0	1	1	0	0:00:02.181630
7000	2	8	8	0	0:00:02.182396
7020	7	1	8	0	0:00:02.179349
7040	7	8	8	0	0:00:02.200513
7060	8	0	0	0	0:00:02.183562
7080	5	4	4	0	0:00:02.163266
7100	9	3	3	0	0:00:02.168137
7120	7	6	6	0	0:00:02.173437
7140	4	1	4	0	0:00:02.182510
7160	5	4	4	0	0:00:02.218978
7180	6	6	6	1	0:00:02.155507
7200	4	6	2	0	0:00:02.190074
7220	9	9	8	1	0:00:02.137929
7240	0	8	8	0	0:00:02.193106
7260	1	8	8	0	0:00:02.131001
7280	1	6	4	0	0:00:02.218092
7300	3	7	7	0	0:00:02.145590
7320	8	0	0	0	0:00:02.174456
7340	2	4	4	0	0:00:02.150236
7360	2	7	4	0	0:00:02.158343
7380	7	9	7	0	0:00:02.149220
7400	3	9	3	0	0:00:02.170227
7420	3	0	0	0	0:00:02.178431
7440	3	6	2	0	0:00:02.184241
7460	5	5	5	1	0:00:02.152657
7480	1	8	5	0	0:00:02.159403
7500	6	6	6	1	0:00:02.179206
7520	4	6	4	0	0:00:02.180385
7540	5	5	5	1	0:00:02.235547
7560	0	9	2	0	0:00:02.217911
7580	8	0	8	0	0:00:02.181432
7600	8	9	8	0	0:00:02.143833
7620	5	-1	9	0	0:00:02.149753
7640	9	3	6	0	0:00:02.153592
7660	7	1	4	0	0:00:02.123763
7680	3	9	3	0	0:00:02.157341
7700	6	6	4	1	0:00:02.168990
7720	5	2	4	0	0:00:02.207249
7740	4	6	2	0	0:00:02.166832
7760	2	9	9	0	0:00:02.171185
7780	3	1	8	0	0:00:02.137518
7800	0	0	8	1	0:00:02.168806
7820	5	8	8	0	0:00:02.204640
7840	1	1	1	1	0:00:02.227208
7860	8	7	4	0	0:00:02.242177
7880	0	0	2	1	0:00:02.156037
7900	0	4	2	0	0:00:02.258520
7920	9	8	8	0	0:00:02.172641
7940	2	6	6	0	0:00:02.170511
7960	0	2	2	0	0:00:02.234721
7980	3	7	4	0	0:00:02.324979
8000	9	9	9	1	0:00:02.159328
8020	6	3	3	0	0:00:02.208089
8040	2	6	4	0	0:00:02.110670
8060	6	4	4	0	0:00:02.116704
8080	4	6	6	0	0:00:02.160744
8100	6	2	2	0	0:00:02.141022
8120	8	9	9	0	0:00:02.128829
8140	5	4	4	0	0:00:02.156713
8160	6	9	6	0	0:00:02.176660
8180	4	6	4	0	0:00:02.136879
8200	3	7	2	0	0:00:02.110442
8220	6	2	2	0	0:00:02.147211
8240	7	7	4	1	0:00:02.154328
8260	1	3	3	0	0:00:02.132498
8280	4	5	3	0	0:00:02.118086
8300	5	2	2	0	0:00:02.113753
8320	7	3	4	0	0:00:02.151626
8340	5	3	4	0	0:00:02.143614
8360	7	-1	4	0	0:00:02.100725
8380	9	8	8	0	0:00:02.139563
8400	0	8	8	0	0:00:02.113921
8420	3	4	4	0	0:00:02.138804
8440	5	9	4	0	0:00:02.118349
8460	8	8	8	1	0:00:02.152643
8480	2	1	8	0	0:00:02.139356
8500	4	-1	2	0	0:00:02.144830
8520	8	1	4	0	0:00:02.159592
8540	4	6	2	0	0:00:02.168974
8560	7	4	4	0	0:00:02.109469
8580	3	0	2	0	0:00:02.115523
8600	3	-1	4	0	0:00:02.131122
8620	3	1	4	0	0:00:02.146531
8640	1	1	8	1	0:00:02.115777
8660	7	5	5	0	0:00:02.118686
8680	3	9	8	0	0:00:02.127415
8700	3	3	3	1	0:00:02.317306
8720	2	0	0	0	0:00:02.100077
8740	2	4	4	0	0:00:02.129890
8760	8	5	5	0	0:00:02.136053
8780	4	7	4	0	0:00:02.142928
8800	0	0	0	1	0:00:02.119727
8820	2	3	3	0	0:00:02.095628
8840	2	1	1	0	0:00:02.121174
8860	2	6	8	0	0:00:02.139876
8880	1	9	6	0	0:00:02.147232
8900	2	6	4	0	0:00:02.110647
8920	6	6	6	1	0:00:02.107788
8940	6	3	3	0	0:00:02.162667
8960	0	0	0	1	0:00:02.114440
8980	9	9	8	1	0:00:02.136795
9000	8	8	8	1	0:00:02.125013
9020	7	9	8	0	0:00:02.117961
9040	2	5	5	0	0:00:02.114127
9060	9	5	5	0	0:00:02.148289
9080	3	0	0	0	0:00:02.171184
9100	9	6	6	0	0:00:02.143317
9120	3	0	0	0	0:00:02.161679
9140	7	9	8	0	0:00:02.126421
9160	5	7	4	0	0:00:02.093884
9180	5	5	5	1	0:00:02.152659
9200	8	8	8	1	0:00:02.128332
9220	8	8	8	1	0:00:02.120238
9240	8	9	8	0	0:00:02.111913
9260	5	6	6	0	0:00:02.144918
9280	9	0	8	0	0:00:02.146183
9300	5	3	2	0	0:00:02.156782
9320	9	9	8	1	0:00:02.124218
9340	1	1	1	1	0:00:02.113670
9360	5	-1	4	0	0:00:02.129839
9380	5	9	3	0	0:00:02.136235
9400	6	4	2	0	0:00:02.133530
9420	5	6	6	0	0:00:02.141063
9440	8	8	8	1	0:00:02.118979
9460	3	7	4	0	0:00:02.158412
9480	2	4	4	0	0:00:02.126472
9500	9	1	4	0	0:00:02.123352
9520	1	3	8	0	0:00:02.116584
9540	5	3	4	0	0:00:02.107426
9560	9	7	7	0	0:00:02.120984
9580	1	4	4	0	0:00:02.122073
9600	8	0	8	0	0:00:02.091985
9620	4	7	7	0	0:00:02.092400
9640	5	0	0	0	0:00:02.145261
9660	6	6	6	1	0:00:02.158700
9680	8	-1	8	0	0:00:02.117355
9700	0	-1	2	0	0:00:02.104220
9720	8	6	6	0	0:00:02.156472
9740	3	4	4	0	0:00:02.133646
9760	9	7	4	0	0:00:02.122270
9780	4	6	6	0	0:00:02.083816
9800	1	1	1	1	0:00:02.117742
9820	0	8	8	0	0:00:02.152285
9840	4	5	5	0	0:00:02.129269
9860	0	5	8	0	0:00:02.114408
9880	7	4	4	0	0:00:02.116196
9900	8	0	6	0	0:00:02.142902
9920	6	4	2	0	0:00:02.134718
9940	4	5	5	0	0:00:02.109642
9960	2	0	0	0	0:00:02.131510
9980	0	0	0	1	0:00:02.121810
