idx	label	predict	basePredict	correct	time
0	3	-1	4	0	0:00:01.348033
20	7	9	9	0	0:00:01.253905
40	4	8	8	0	0:00:01.222555
60	7	7	4	1	0:00:01.256483
80	8	8	8	1	0:00:01.264385
100	4	5	5	0	0:00:01.258704
120	8	8	8	1	0:00:01.247749
140	6	2	2	0	0:00:01.257615
160	2	2	2	1	0:00:01.248697
180	0	0	0	1	0:00:01.235242
200	5	3	3	0	0:00:01.261606
220	7	7	7	1	0:00:01.219146
240	1	1	1	1	0:00:01.262118
260	8	5	5	0	0:00:01.263806
280	9	9	9	1	0:00:01.237242
300	6	6	6	1	0:00:01.278715
320	3	5	2	0	0:00:01.265673
340	2	4	4	0	0:00:01.280792
360	9	6	6	0	0:00:01.278416
380	6	6	4	1	0:00:01.239932
400	9	1	1	0	0:00:01.235172
420	4	6	6	0	0:00:01.238170
440	1	1	1	1	0:00:01.303286
460	5	5	5	1	0:00:01.272315
480	8	9	9	0	0:00:01.236820
500	4	6	6	0	0:00:01.247157
520	5	7	7	0	0:00:01.255841
540	1	8	8	0	0:00:01.248063
560	0	0	0	1	0:00:01.244376
580	4	6	6	0	0:00:01.212199
600	8	8	8	1	0:00:01.237413
620	7	6	6	0	0:00:01.249131
640	5	3	3	0	0:00:01.276978
660	9	9	9	1	0:00:01.231166
680	9	1	1	0	0:00:01.266433
700	7	7	7	1	0:00:01.287779
720	4	9	9	0	0:00:01.261545
740	2	5	5	0	0:00:01.189953
760	3	9	9	0	0:00:01.189870
780	9	9	8	1	0:00:01.203593
800	7	7	7	1	0:00:01.190528
820	6	9	9	0	0:00:01.200127
840	7	7	7	1	0:00:01.225994
860	4	6	6	0	0:00:01.228964
880	8	8	8	1	0:00:01.199891
900	2	6	6	0	0:00:01.171787
920	6	2	2	0	0:00:01.207295
940	9	1	1	0	0:00:01.214087
960	9	9	8	1	0:00:01.261221
980	2	6	6	0	0:00:01.241284
1000	5	5	5	1	0:00:01.161299
1020	1	1	1	1	0:00:01.160568
1040	7	5	5	0	0:00:01.153736
1060	9	9	9	1	0:00:01.157582
1080	6	6	6	1	0:00:01.156243
1100	7	8	8	0	0:00:01.152032
1120	5	2	2	0	0:00:01.138009
1140	6	6	6	1	0:00:01.160172
1160	8	0	0	0	0:00:01.162738
1180	3	9	9	0	0:00:01.143528
1200	8	0	0	0	0:00:01.172661
1220	9	7	2	0	0:00:01.160806
1240	2	6	6	0	0:00:01.174692
1260	1	9	9	0	0:00:01.176537
1280	3	7	7	0	0:00:01.156645
1300	4	6	6	0	0:00:01.155271
1320	7	7	2	1	0:00:01.176225
1340	1	1	1	1	0:00:01.155807
1360	7	-1	2	0	0:00:01.162252
1380	4	5	5	0	0:00:01.131384
1400	5	6	2	0	0:00:01.134841
1420	4	7	7	0	0:00:01.091221
1440	0	8	8	0	0:00:01.108627
1460	6	6	6	1	0:00:01.106604
1480	1	5	5	0	0:00:01.133925
1500	1	9	9	0	0:00:01.079168
1520	7	6	6	0	0:00:01.101232
1540	8	8	8	1	0:00:01.112171
1560	7	7	7	1	0:00:01.162255
1580	6	1	1	0	0:00:01.169103
1600	8	1	1	0	0:00:01.184413
1620	5	8	8	0	0:00:01.168062
1640	7	5	5	0	0:00:01.169446
1660	3	5	5	0	0:00:01.165880
1680	6	6	6	1	0:00:01.161126
1700	5	2	2	0	0:00:01.167365
1720	4	0	0	0	0:00:01.199082
1740	1	9	9	0	0:00:01.109699
1760	0	8	8	0	0:00:01.104010
1780	7	8	8	0	0:00:01.114212
1800	4	8	8	0	0:00:01.123162
1820	8	1	1	0	0:00:01.144475
1840	8	-1	7	0	0:00:01.145176
1860	8	8	8	1	0:00:01.144878
1880	1	1	1	1	0:00:01.139651
1900	8	8	8	1	0:00:01.174334
1920	2	2	2	1	0:00:01.191866
1940	5	-1	2	0	0:00:01.164936
1960	2	5	5	0	0:00:01.140829
1980	9	9	9	1	0:00:01.150732
2000	1	6	6	0	0:00:01.137666
2020	9	9	9	1	0:00:01.174840
2040	0	8	8	0	0:00:01.170190
2060	5	5	5	1	0:00:01.157075
2080	1	1	1	1	0:00:01.170691
2100	2	4	4	0	0:00:01.196147
2120	4	8	8	0	0:00:01.181505
2140	9	9	1	1	0:00:01.161994
2160	0	8	8	0	0:00:01.158437
2180	4	6	6	0	0:00:01.171915
2200	0	0	0	1	0:00:01.150818
2220	1	1	1	1	0:00:01.151658
2240	9	9	9	1	0:00:01.172024
2260	4	6	4	0	0:00:01.168769
2280	4	8	8	0	0:00:01.221292
2300	3	6	6	0	0:00:01.143905
2320	5	2	2	0	0:00:01.115947
2340	7	7	7	1	0:00:01.111705
2360	7	7	7	1	0:00:01.110092
2380	8	8	8	1	0:00:01.102857
2400	0	4	4	0	0:00:01.094842
2420	8	5	5	0	0:00:01.140975
2440	7	1	1	0	0:00:01.084431
2460	9	9	6	1	0:00:01.093926
2480	8	8	8	1	0:00:01.189172
2500	4	6	6	0	0:00:01.161008
2520	1	8	8	0	0:00:01.161945
2540	2	3	3	0	0:00:01.163421
2560	7	6	2	0	0:00:01.183545
2580	6	-1	4	0	0:00:01.145106
2600	8	8	8	1	0:00:01.180443
2620	1	6	6	0	0:00:01.161923
2640	7	7	7	1	0:00:01.173754
2660	3	0	0	0	0:00:01.183815
2680	0	0	0	1	0:00:01.170083
2700	9	3	3	0	0:00:01.163111
2720	3	8	8	0	0:00:01.163402
2740	1	1	1	1	0:00:01.153722
2760	2	6	6	0	0:00:01.169685
2780	7	7	7	1	0:00:01.171977
2800	4	6	6	0	0:00:01.172999
2820	6	6	6	1	0:00:01.173864
2840	3	7	7	0	0:00:01.174911
2860	5	7	7	0	0:00:01.175780
2880	4	4	4	1	0:00:01.179186
2900	3	5	5	0	0:00:01.156065
2920	2	3	8	0	0:00:01.158530
2940	3	0	0	0	0:00:01.171076
2960	9	9	9	1	0:00:01.150702
2980	8	1	1	0	0:00:01.159781
3000	5	5	5	1	0:00:01.168659
3020	1	1	8	1	0:00:01.126587
3040	7	7	7	1	0:00:01.135480
3060	7	7	7	1	0:00:01.140626
3080	1	6	2	0	0:00:01.163622
3100	0	0	0	1	0:00:01.148647
3120	4	6	6	0	0:00:01.149720
3140	8	8	8	1	0:00:01.156472
3160	6	4	4	0	0:00:01.137195
3180	3	9	8	0	0:00:01.145778
3200	5	7	7	0	0:00:01.125905
3220	3	9	9	0	0:00:01.156607
3240	4	1	8	0	0:00:01.140884
3260	7	7	7	1	0:00:01.161571
3280	3	5	0	0	0:00:01.181566
3300	4	6	6	0	0:00:01.163057
3320	2	7	7	0	0:00:01.157348
3340	6	6	6	1	0:00:01.158682
3360	4	6	6	0	0:00:01.165895
3380	8	8	8	1	0:00:01.166055
3400	6	1	1	0	0:00:01.152911
3420	5	6	6	0	0:00:01.107207
3440	2	9	9	0	0:00:01.109420
3460	1	1	1	1	0:00:01.118810
3480	2	2	2	1	0:00:01.134139
3500	1	1	1	1	0:00:01.128540
3520	1	1	1	1	0:00:01.130571
3540	6	8	8	0	0:00:01.121567
3560	1	9	9	0	0:00:01.089299
3580	4	1	1	0	0:00:01.101442
3600	4	2	2	0	0:00:01.123738
3620	0	7	7	0	0:00:01.116784
3640	6	2	2	0	0:00:01.146620
3660	0	8	8	0	0:00:01.155416
3680	0	2	2	0	0:00:01.162118
3700	3	5	5	0	0:00:01.155403
3720	2	2	2	1	0:00:01.164375
3740	0	0	0	1	0:00:01.168404
3760	7	7	7	1	0:00:01.156369
3780	4	2	2	0	0:00:01.158132
3800	9	3	3	0	0:00:01.160757
3820	0	0	0	1	0:00:01.150923
3840	6	8	8	0	0:00:01.158509
3860	7	7	7	1	0:00:01.153679
3880	6	4	4	0	0:00:01.157575
3900	3	0	0	0	0:00:01.159108
3920	7	9	8	0	0:00:01.167056
3940	6	-1	7	0	0:00:01.158561
3960	2	5	5	0	0:00:01.165143
3980	9	7	7	0	0:00:01.192713
4000	8	7	0	0	0:00:01.164431
4020	8	8	8	1	0:00:01.112256
4040	0	0	0	1	0:00:01.121578
4060	6	6	0	1	0:00:01.106324
4080	1	1	8	1	0:00:01.143567
4100	7	7	7	1	0:00:01.141331
4120	4	0	0	0	0:00:01.186208
4140	5	-1	3	0	0:00:01.152725
4160	5	2	2	0	0:00:01.141968
4180	0	-1	8	0	0:00:01.182531
4200	4	2	2	0	0:00:01.154181
4220	4	0	0	0	0:00:01.169147
4240	7	8	8	0	0:00:01.151289
4260	8	8	8	1	0:00:01.131206
4280	8	8	8	1	0:00:01.137846
4300	8	8	8	1	0:00:01.161137
4320	1	8	8	0	0:00:01.157162
4340	0	0	0	1	0:00:01.175338
4360	6	9	9	0	0:00:01.178641
4380	9	9	9	1	0:00:01.131284
4400	3	6	8	0	0:00:01.172436
4420	5	8	8	0	0:00:01.165344
4440	2	6	6	0	0:00:01.167492
4460	9	1	8	0	0:00:01.137414
4480	9	9	6	1	0:00:01.159389
4500	3	7	7	0	0:00:01.185207
4520	3	6	6	0	0:00:01.154038
4540	9	9	9	1	0:00:01.180063
4560	1	1	1	1	0:00:01.171138
4580	6	6	6	1	0:00:01.173181
4600	4	7	7	0	0:00:01.178267
4620	7	3	3	0	0:00:01.171154
4640	2	5	5	0	0:00:01.146528
4660	7	6	2	0	0:00:01.147181
4680	9	1	1	0	0:00:01.176596
4700	6	1	1	0	0:00:01.168113
4720	8	0	0	0	0:00:01.162887
4740	5	6	6	0	0:00:01.149587
4760	3	2	2	0	0:00:01.177080
4780	0	-1	0	0	0:00:01.150272
4800	9	9	9	1	0:00:01.136151
4820	3	5	5	0	0:00:01.168984
4840	0	0	0	1	0:00:01.164242
4860	5	5	5	1	0:00:01.165846
4880	0	2	2	0	0:00:01.130342
4900	3	1	6	0	0:00:01.146101
4920	7	7	0	1	0:00:01.172922
4940	6	6	6	1	0:00:01.159079
4960	4	6	6	0	0:00:01.142779
4980	1	9	9	0	0:00:01.155162
5000	7	7	7	1	0:00:01.153890
5020	8	8	8	1	0:00:01.156843
5040	3	4	4	0	0:00:01.164353
5060	6	6	6	1	0:00:01.161638
5080	7	7	7	1	0:00:01.177033
5100	3	4	4	0	0:00:01.165298
5120	9	8	8	0	0:00:01.170229
5140	8	8	8	1	0:00:01.153804
5160	0	8	8	0	0:00:01.166584
5180	9	6	6	0	0:00:01.142490
5200	3	3	3	1	0:00:01.156432
5220	0	0	0	1	0:00:01.172361
5240	1	9	9	0	0:00:01.138854
5260	0	0	0	1	0:00:01.168185
5280	0	8	8	0	0:00:01.168337
5300	9	1	1	0	0:00:01.170524
5320	7	7	7	1	0:00:01.164041
5340	3	2	2	0	0:00:01.175517
5360	9	9	9	1	0:00:01.167652
5380	1	9	9	0	0:00:01.154400
5400	9	0	0	0	0:00:01.159083
5420	6	6	6	1	0:00:01.176531
5440	9	9	9	1	0:00:01.135540
5460	0	0	2	1	0:00:01.138997
5480	1	-1	8	0	0:00:01.171953
5500	8	1	8	0	0:00:01.161739
5520	4	5	5	0	0:00:01.194968
5540	5	6	6	0	0:00:01.154469
5560	3	6	6	0	0:00:01.166148
5580	5	6	6	0	0:00:01.182092
5600	6	8	8	0	0:00:01.126360
5620	3	4	4	0	0:00:01.157108
5640	2	3	3	0	0:00:01.153015
5660	9	9	8	1	0:00:01.185881
5680	2	1	1	0	0:00:01.135198
5700	3	6	6	0	0:00:01.156980
5720	9	9	9	1	0:00:01.157387
5740	6	6	6	1	0:00:01.147588
5760	2	2	8	1	0:00:01.171221
5780	7	7	7	1	0:00:01.142762
5800	2	6	6	0	0:00:01.158012
5820	5	6	6	0	0:00:01.165202
5840	2	6	6	0	0:00:01.182013
5860	0	8	8	0	0:00:01.198669
5880	0	8	0	0	0:00:01.126475
5900	4	4	4	1	0:00:01.103372
5920	8	8	8	1	0:00:01.113019
5940	7	4	4	0	0:00:01.094642
5960	2	7	7	0	0:00:01.104246
5980	9	9	9	1	0:00:01.095715
6000	8	9	8	0	0:00:01.102676
6020	6	6	6	1	0:00:01.090398
6040	2	7	7	0	0:00:01.119010
6060	3	-1	4	0	0:00:01.114364
6080	1	1	1	1	0:00:01.105446
6100	1	1	8	1	0:00:01.118296
6120	5	5	5	1	0:00:01.126320
6140	9	9	9	1	0:00:01.131868
6160	2	5	5	0	0:00:01.137743
6180	0	-1	8	0	0:00:01.142800
6200	3	3	3	1	0:00:01.159392
6220	2	6	6	0	0:00:01.158671
6240	2	6	6	0	0:00:01.210392
6260	2	9	9	0	0:00:01.166085
6280	8	5	5	0	0:00:01.171008
6300	1	7	4	0	0:00:01.173176
6320	0	0	0	1	0:00:01.167542
6340	3	3	3	1	0:00:01.162386
6360	2	-1	2	0	0:00:01.167226
6380	3	1	6	0	0:00:01.165245
6400	0	1	1	0	0:00:01.172693
6420	7	7	7	1	0:00:01.188585
6440	3	8	8	0	0:00:01.131984
6460	3	1	1	0	0:00:01.178301
6480	0	0	0	1	0:00:01.179619
6500	7	0	0	0	0:00:01.169546
6520	6	-1	4	0	0:00:01.164301
6540	8	8	8	1	0:00:01.177994
6560	6	6	6	1	0:00:01.185332
6580	1	8	8	0	0:00:01.174224
6600	7	7	7	1	0:00:01.177025
6620	7	7	7	1	0:00:01.180553
6640	5	3	3	0	0:00:01.164062
6660	0	0	0	1	0:00:01.168932
6680	3	3	3	1	0:00:01.128548
6700	6	6	6	1	0:00:01.127474
6720	2	2	2	1	0:00:01.179981
6740	2	6	6	0	0:00:01.160259
6760	5	-1	2	0	0:00:01.180118
6780	7	7	7	1	0:00:01.174678
6800	6	6	6	1	0:00:01.184958
6820	1	1	1	1	0:00:01.169873
6840	9	1	1	0	0:00:01.161890
6860	0	0	0	1	0:00:01.163425
6880	2	7	7	0	0:00:01.160703
6900	3	7	7	0	0:00:01.183731
6920	5	2	2	0	0:00:01.165621
6940	1	1	1	1	0:00:01.171758
6960	9	8	8	0	0:00:01.151291
6980	0	9	9	0	0:00:01.197013
7000	2	8	8	0	0:00:01.182111
7020	7	7	7	1	0:00:01.167280
7040	7	8	8	0	0:00:01.169244
7060	8	8	8	1	0:00:01.162917
7080	5	4	4	0	0:00:01.161033
7100	9	3	3	0	0:00:01.156333
7120	7	7	7	1	0:00:01.165058
7140	4	4	4	1	0:00:01.155602
7160	5	4	4	0	0:00:01.165028
7180	6	6	6	1	0:00:01.168561
7200	4	6	6	0	0:00:01.159785
7220	9	8	8	0	0:00:01.151705
7240	0	8	8	0	0:00:01.168382
7260	1	8	8	0	0:00:01.158496
7280	1	1	6	1	0:00:01.174050
7300	3	7	0	0	0:00:01.161771
7320	8	0	0	0	0:00:01.160486
7340	2	4	4	0	0:00:01.177591
7360	2	7	5	0	0:00:01.199106
7380	7	7	7	1	0:00:01.155586
7400	3	9	9	0	0:00:01.160756
7420	3	0	0	0	0:00:01.160005
7440	3	6	6	0	0:00:01.169115
7460	5	5	5	1	0:00:01.159704
7480	1	5	5	0	0:00:01.158352
7500	6	6	6	1	0:00:01.164812
7520	4	6	6	0	0:00:01.171768
7540	5	5	5	1	0:00:01.203640
7560	0	6	2	0	0:00:01.151043
7580	8	8	8	1	0:00:01.150496
7600	8	9	9	0	0:00:01.190185
7620	5	3	3	0	0:00:01.158356
7640	9	-1	8	0	0:00:01.103799
7660	7	1	1	0	0:00:01.095481
7680	3	9	9	0	0:00:01.110629
7700	6	6	6	1	0:00:01.098453
7720	5	-1	6	0	0:00:01.103247
7740	4	6	2	0	0:00:01.137552
7760	2	9	9	0	0:00:01.105603
7780	3	1	1	0	0:00:01.087896
7800	0	0	0	1	0:00:01.110343
7820	5	8	8	0	0:00:01.119462
7840	1	1	1	1	0:00:01.134183
7860	8	4	4	0	0:00:01.143667
7880	0	2	2	0	0:00:01.136809
7900	0	8	8	0	0:00:01.137498
7920	9	8	8	0	0:00:01.139200
7940	2	6	6	0	0:00:01.170334
7960	0	0	0	1	0:00:01.149342
7980	3	7	4	0	0:00:01.167453
8000	9	9	9	1	0:00:01.169777
8020	6	6	6	1	0:00:01.154936
8040	2	6	6	0	0:00:01.153238
8060	6	6	6	1	0:00:01.155389
8080	4	6	6	0	0:00:01.145861
8100	6	2	2	0	0:00:01.149342
8120	8	9	8	0	0:00:01.183692
8140	5	6	6	0	0:00:01.158165
8160	6	9	6	0	0:00:01.136785
8180	4	6	6	0	0:00:01.144428
8200	3	6	6	0	0:00:01.156803
8220	6	6	6	1	0:00:01.166824
8240	7	7	7	1	0:00:01.164824
8260	1	1	1	1	0:00:01.169165
8280	4	5	5	0	0:00:01.171176
8300	5	2	2	0	0:00:01.179351
8320	7	4	4	0	0:00:01.175525
8340	5	5	5	1	0:00:01.162479
8360	7	7	7	1	0:00:01.165429
8380	9	8	8	0	0:00:01.157668
8400	0	8	8	0	0:00:01.173357
8420	3	6	4	0	0:00:01.163768
8440	5	9	4	0	0:00:01.159278
8460	8	8	8	1	0:00:01.169235
8480	2	1	8	0	0:00:01.163633
8500	4	2	2	0	0:00:01.189595
8520	8	6	6	0	0:00:01.168547
8540	4	6	4	0	0:00:01.159031
8560	7	7	7	1	0:00:01.148654
8580	3	1	1	0	0:00:01.120228
8600	3	7	7	0	0:00:01.118799
8620	3	4	4	0	0:00:01.119093
8640	1	1	1	1	0:00:01.163393
8660	7	5	5	0	0:00:01.146708
8680	3	9	0	0	0:00:01.159530
8700	3	5	5	0	0:00:01.095611
8720	2	0	0	0	0:00:01.083624
8740	2	6	6	0	0:00:01.093691
8760	8	8	8	1	0:00:01.102058
8780	4	4	4	1	0:00:01.102937
8800	0	0	0	1	0:00:01.098606
8820	2	2	2	1	0:00:01.099220
8840	2	1	1	0	0:00:01.119358
8860	2	2	2	1	0:00:01.123948
8880	1	1	6	1	0:00:01.197459
8900	2	6	4	0	0:00:01.180437
8920	6	6	6	1	0:00:01.115524
8940	6	3	3	0	0:00:01.128907
8960	0	0	0	1	0:00:01.123028
8980	9	9	9	1	0:00:01.112068
9000	8	8	8	1	0:00:01.116161
9020	7	7	7	1	0:00:01.116987
9040	2	5	5	0	0:00:01.144273
9060	9	5	5	0	0:00:01.140356
9080	3	0	0	0	0:00:01.148493
9100	9	6	6	0	0:00:01.141056
9120	3	0	0	0	0:00:01.145719
9140	7	8	8	0	0:00:01.159611
9160	5	5	5	1	0:00:01.163966
9180	5	5	5	1	0:00:01.157629
9200	8	8	8	1	0:00:01.156482
9220	8	8	8	1	0:00:01.153978
9240	8	8	8	1	0:00:01.134524
9260	5	5	5	1	0:00:01.201414
9280	9	0	8	0	0:00:01.169097
9300	5	5	2	1	0:00:01.182197
9320	9	9	8	1	0:00:01.180197
9340	1	1	1	1	0:00:01.182890
9360	5	0	6	0	0:00:01.176621
9380	5	9	9	0	0:00:01.173843
9400	6	6	6	1	0:00:01.170504
9420	5	6	6	0	0:00:01.180538
9440	8	8	8	1	0:00:01.214389
9460	3	6	6	0	0:00:01.192246
9480	2	6	4	0	0:00:01.189438
9500	9	1	6	0	0:00:01.176392
9520	1	1	1	1	0:00:01.188491
9540	5	5	5	1	0:00:01.176913
9560	9	7	7	0	0:00:01.183006
9580	1	4	4	0	0:00:01.170152
9600	8	8	8	1	0:00:01.173523
9620	4	7	2	0	0:00:01.185125
9640	5	0	0	0	0:00:01.184670
9660	6	6	6	1	0:00:01.173572
9680	8	8	8	1	0:00:01.182978
9700	0	0	0	1	0:00:01.173905
9720	8	6	6	0	0:00:01.192344
9740	3	6	6	0	0:00:01.177542
9760	9	9	7	1	0:00:01.178983
9780	4	6	6	0	0:00:01.173100
9800	1	1	1	1	0:00:01.182427
9820	0	8	8	0	0:00:01.179858
9840	4	7	7	0	0:00:01.191348
9860	0	2	8	0	0:00:01.186877
9880	7	4	4	0	0:00:01.181236
9900	8	0	0	0	0:00:01.175147
9920	6	6	6	1	0:00:01.174886
9940	4	-1	5	0	0:00:01.168864
9960	2	0	0	0	0:00:01.182172
9980	0	0	0	1	0:00:01.178264
