idx	label	predict	basePredict	correct	time
0	3	3	3	1	0:00:15.906230
20	7	5	5	0	0:00:15.718107
40	4	0	4	0	0:00:15.762061
60	7	7	7	1	0:00:15.696015
80	8	8	8	1	0:00:15.670144
100	4	5	5	0	0:00:15.739768
120	8	1	8	0	0:00:15.768995
140	6	2	2	0	0:00:15.794020
160	2	2	2	1	0:00:16.187709
180	0	0	8	1	0:00:15.715693
200	5	3	5	0	0:00:16.025690
220	7	5	5	0	0:00:15.690896
240	1	1	1	1	0:00:15.764493
260	8	8	8	1	0:00:16.009699
280	9	0	0	0	0:00:15.747904
300	6	6	6	1	0:00:15.849072
320	3	5	5	0	0:00:15.715381
340	2	4	4	0	0:00:15.749657
360	9	9	5	1	0:00:15.751363
380	6	6	2	1	0:00:15.722865
400	9	9	5	1	0:00:15.726624
420	4	4	2	1	0:00:15.744717
440	1	1	1	1	0:00:15.721627
460	5	5	5	1	0:00:15.720188
480	8	9	9	0	0:00:15.737012
500	4	6	3	0	0:00:15.826594
520	5	5	5	1	0:00:15.763192
540	1	1	1	1	0:00:15.756930
560	0	0	0	1	0:00:15.780094
580	4	2	4	0	0:00:15.751771
600	8	8	2	1	0:00:15.742494
620	7	7	7	1	0:00:15.703678
640	5	3	3	0	0:00:15.738440
660	9	9	8	1	0:00:15.711002
680	9	9	2	1	0:00:15.709504
700	7	7	7	1	0:00:15.738025
720	4	9	8	0	0:00:15.738981
740	2	5	5	0	0:00:15.725126
760	3	4	4	0	0:00:15.833879
780	9	9	9	1	0:00:15.714179
800	7	7	7	1	0:00:15.785111
820	6	6	2	1	0:00:15.804136
840	7	7	7	1	0:00:15.819140
860	4	7	2	0	0:00:15.702233
880	8	8	8	1	0:00:15.699766
900	2	6	6	0	0:00:15.711198
920	6	6	4	1	0:00:15.690726
940	9	9	9	1	0:00:15.724406
960	9	3	3	0	0:00:15.687611
980	2	4	2	0	0:00:15.687166
1000	5	5	5	1	0:00:15.112085
1020	1	1	1	1	0:00:15.116708
1040	7	5	5	0	0:00:15.071438
1060	9	9	9	1	0:00:15.043621
1080	6	6	2	1	0:00:15.048627
1100	7	8	8	0	0:00:15.026890
1120	5	2	2	0	0:00:15.139004
1140	6	6	5	1	0:00:15.126702
1160	8	8	8	1	0:00:15.041033
1180	3	3	3	1	0:00:15.160082
1200	8	8	0	1	0:00:15.025629
1220	9	6	3	0	0:00:15.140152
1240	2	6	6	0	0:00:15.120026
1260	1	9	9	0	0:00:15.038542
1280	3	5	5	0	0:00:15.009773
1300	4	3	3	0	0:00:15.100470
1320	7	7	2	1	0:00:15.154889
1340	1	1	1	1	0:00:15.137079
1360	7	4	4	0	0:00:15.178875
1380	4	5	5	0	0:00:15.102371
1400	5	3	5	0	0:00:15.099623
1420	4	7	7	0	0:00:15.056292
1440	0	8	8	0	0:00:15.092379
1460	6	6	2	1	0:00:15.149182
1480	1	5	5	0	0:00:15.118813
1500	1	1	1	1	0:00:14.987394
1520	7	7	2	1	0:00:14.985827
1540	8	8	8	1	0:00:15.158431
1560	7	7	7	1	0:00:15.078885
1580	6	3	3	0	0:00:15.108780
1600	8	9	3	0	0:00:15.016743
1620	5	8	8	0	0:00:15.032454
1640	7	3	3	0	0:00:15.081672
1660	3	3	3	1	0:00:15.008353
1680	6	6	3	1	0:00:15.041545
1700	5	3	3	0	0:00:15.062678
1720	4	4	3	1	0:00:15.128587
1740	1	1	1	1	0:00:15.086340
1760	0	0	0	1	0:00:15.153705
1780	7	7	4	1	0:00:15.040551
1800	4	4	2	1	0:00:15.016424
1820	8	8	8	1	0:00:15.043839
1840	8	7	4	0	0:00:15.093215
1860	8	8	8	1	0:00:15.062999
1880	1	1	1	1	0:00:15.126475
1900	8	8	8	1	0:00:15.079716
1920	2	2	2	1	0:00:15.094792
1940	5	2	2	0	0:00:15.075889
1960	2	5	5	0	0:00:15.022152
1980	9	9	9	1	0:00:15.000846
2000	1	1	1	1	0:00:14.971842
2020	9	9	9	1	0:00:15.067143
2040	0	0	0	1	0:00:15.012895
2060	5	3	3	0	0:00:15.106055
2080	1	9	9	0	0:00:15.065923
2100	2	2	2	1	0:00:15.063833
2120	4	8	8	0	0:00:14.984264
2140	9	9	9	1	0:00:15.022345
2160	0	0	8	1	0:00:15.078783
2180	4	4	4	1	0:00:15.145076
2200	0	4	0	0	0:00:15.078374
2220	1	1	1	1	0:00:15.064075
2240	9	1	1	0	0:00:15.199394
2260	4	4	4	1	0:00:15.051662
2280	4	2	8	0	0:00:15.046038
2300	3	4	4	0	0:00:15.021148
2320	5	2	2	0	0:00:14.976571
2340	7	7	7	1	0:00:14.977648
2360	7	5	5	0	0:00:14.991867
2380	8	8	8	1	0:00:15.147520
2400	0	0	0	1	0:00:14.991359
2420	8	7	3	0	0:00:14.992974
2440	7	7	7	1	0:00:15.131264
2460	9	4	4	0	0:00:15.105527
2480	8	8	8	1	0:00:15.065873
2500	4	6	2	0	0:00:15.140361
2520	1	8	8	0	0:00:15.036224
2540	2	6	6	0	0:00:15.062133
2560	7	5	5	0	0:00:15.048245
2580	6	5	5	0	0:00:15.080998
2600	8	8	8	1	0:00:15.075634
2620	1	1	1	1	0:00:15.045948
2640	7	7	7	1	0:00:15.065779
2660	3	2	2	0	0:00:15.073903
2680	0	0	0	1	0:00:15.078606
2700	9	1	1	0	0:00:15.093420
2720	3	3	3	1	0:00:15.029371
2740	1	7	2	0	0:00:14.992692
2760	2	2	2	1	0:00:15.081826
2780	7	7	7	1	0:00:15.065103
2800	4	4	3	1	0:00:14.974049
2820	6	6	6	1	0:00:15.102629
2840	3	3	3	1	0:00:15.007584
2860	5	4	4	0	0:00:15.056996
2880	4	4	4	1	0:00:15.039141
2900	3	7	2	0	0:00:15.091151
2920	2	3	3	0	0:00:15.055407
2940	3	0	0	0	0:00:15.091509
2960	9	0	0	0	0:00:15.109679
2980	8	8	8	1	0:00:15.050358
3000	5	5	5	1	0:00:15.110150
3020	1	1	8	1	0:00:14.995885
3040	7	7	7	1	0:00:15.100193
3060	7	7	7	1	0:00:15.021729
3080	1	9	9	0	0:00:15.035672
3100	0	0	0	1	0:00:15.053905
3120	4	2	3	0	0:00:15.028656
3140	8	8	8	1	0:00:14.978779
3160	6	2	2	0	0:00:15.086025
3180	3	6	3	0	0:00:14.985082
3200	5	5	5	1	0:00:15.028255
3220	3	9	9	0	0:00:15.148073
3240	4	0	0	0	0:00:15.051574
3260	7	7	7	1	0:00:15.047731
3280	3	5	5	0	0:00:15.103217
3300	4	2	2	0	0:00:15.020319
3320	2	7	7	0	0:00:15.034266
3340	6	6	0	1	0:00:15.085449
3360	4	4	3	1	0:00:15.082510
3380	8	8	8	1	0:00:15.086427
3400	6	4	4	0	0:00:14.977208
3420	5	7	7	0	0:00:15.035932
3440	2	3	3	0	0:00:15.062955
3460	1	1	1	1	0:00:15.086494
3480	2	2	2	1	0:00:15.068583
3500	1	9	9	0	0:00:15.019767
3520	1	1	1	1	0:00:15.055780
3540	6	6	3	1	0:00:15.077739
3560	1	9	9	0	0:00:15.109650
3580	4	9	4	0	0:00:15.042467
3600	4	2	2	0	0:00:15.065410
3620	0	0	5	1	0:00:15.133318
3640	6	2	2	0	0:00:15.036260
3660	0	0	8	1	0:00:15.072453
3680	0	4	0	0	0:00:14.995244
3700	3	3	3	1	0:00:15.029789
3720	2	2	2	1	0:00:15.058875
3740	0	0	0	1	0:00:15.033523
3760	7	7	7	1	0:00:15.049590
3780	4	4	2	1	0:00:15.023079
3800	9	9	9	1	0:00:15.023571
3820	0	2	2	0	0:00:15.190932
3840	6	3	3	0	0:00:15.101248
3860	7	7	7	1	0:00:15.041885
3880	6	6	5	1	0:00:15.112222
3900	3	6	6	0	0:00:14.986907
3920	7	5	7	0	0:00:15.120170
3940	6	2	2	0	0:00:15.042784
3960	2	2	2	1	0:00:15.048978
3980	9	2	2	0	0:00:15.177789
4000	8	4	2	0	0:00:15.120067
4020	8	8	8	1	0:00:15.001872
4040	0	0	0	1	0:00:15.076192
4060	6	6	0	1	0:00:15.079715
4080	1	1	1	1	0:00:14.999949
4100	7	7	7	1	0:00:15.021917
4120	4	4	4	1	0:00:15.066200
4140	5	5	3	1	0:00:15.073096
4160	5	3	3	0	0:00:15.095168
4180	0	8	8	0	0:00:15.076424
4200	4	2	2	0	0:00:15.077576
4220	4	0	0	0	0:00:14.984125
4240	7	0	0	0	0:00:15.078523
4260	8	8	8	1	0:00:15.082038
4280	8	0	0	0	0:00:15.072658
4300	8	8	8	1	0:00:15.082543
4320	1	9	8	0	0:00:15.106101
4340	0	0	0	1	0:00:15.018085
4360	6	6	6	1	0:00:15.081279
4380	9	9	9	1	0:00:15.114764
4400	3	4	5	0	0:00:15.110017
4420	5	5	5	1	0:00:15.070993
4440	2	4	2	0	0:00:15.098138
4460	9	9	9	1	0:00:15.093905
4480	9	9	9	1	0:00:15.069703
4500	3	5	5	0	0:00:15.152367
4520	3	6	3	0	0:00:15.125483
4540	9	9	9	1	0:00:15.073956
4560	1	1	1	1	0:00:15.145694
4580	6	6	4	1	0:00:15.062990
4600	4	4	4	1	0:00:15.110597
4620	7	3	3	0	0:00:15.063719
4640	2	2	5	1	0:00:15.006172
4660	7	4	4	0	0:00:15.137105
4680	9	9	1	1	0:00:15.303641
4700	6	5	5	0	0:00:15.115951
4720	8	0	8	0	0:00:15.046707
4740	5	3	3	0	0:00:15.132597
4760	3	2	2	0	0:00:15.066681
4780	0	0	0	1	0:00:15.010281
4800	9	9	9	1	0:00:15.000660
4820	3	3	3	1	0:00:15.121197
4840	0	0	0	1	0:00:15.112604
4860	5	5	5	1	0:00:15.058298
4880	0	8	8	0	0:00:15.076157
4900	3	3	3	1	0:00:15.001596
4920	7	7	7	1	0:00:15.043626
4940	6	6	4	1	0:00:15.026717
4960	4	3	3	0	0:00:15.031728
4980	1	9	9	0	0:00:15.064332
5000	7	7	7	1	0:00:15.117475
5020	8	8	8	1	0:00:15.085702
5040	3	5	3	0	0:00:15.040173
5060	6	2	2	0	0:00:15.095610
5080	7	7	7	1	0:00:15.055439
5100	3	3	3	1	0:00:14.992209
5120	9	8	8	0	0:00:15.039992
5140	8	8	8	1	0:00:15.000390
5160	0	0	8	1	0:00:15.104833
5180	9	7	7	0	0:00:15.111317
5200	3	3	3	1	0:00:15.041503
5220	0	0	0	1	0:00:15.050169
5240	1	1	9	1	0:00:15.073019
5260	0	0	0	1	0:00:15.015252
5280	0	4	4	0	0:00:15.168831
5300	9	9	9	1	0:00:15.031153
5320	7	7	7	1	0:00:15.076455
5340	3	4	4	0	0:00:15.157962
5360	9	9	5	1	0:00:14.977390
5380	1	9	9	0	0:00:14.998233
5400	9	9	9	1	0:00:15.070836
5420	6	6	6	1	0:00:15.046261
5440	9	9	9	1	0:00:15.030708
5460	0	0	0	1	0:00:15.069126
5480	1	1	1	1	0:00:15.149267
5500	8	8	8	1	0:00:15.059608
5520	4	4	3	1	0:00:15.047174
5540	5	3	2	0	0:00:14.979332
5560	3	5	5	0	0:00:15.009994
5580	5	6	3	0	0:00:14.985352
5600	6	5	3	0	0:00:15.137709
5620	3	6	2	0	0:00:15.055447
5640	2	5	3	0	0:00:15.156292
5660	9	1	8	0	0:00:15.080052
5680	2	3	3	0	0:00:15.036970
5700	3	3	3	1	0:00:15.080899
5720	9	9	9	1	0:00:15.132359
5740	6	4	2	0	0:00:15.040748
5760	2	2	0	1	0:00:15.122971
5780	7	7	7	1	0:00:15.086703
5800	2	2	2	1	0:00:15.113845
5820	5	5	5	1	0:00:15.117984
5840	2	2	3	1	0:00:15.027160
5860	0	0	8	1	0:00:15.031534
5880	0	0	0	1	0:00:15.102947
5900	4	3	0	0	0:00:15.059185
5920	8	8	8	1	0:00:15.034676
5940	7	2	3	0	0:00:15.048074
5960	2	6	6	0	0:00:15.035519
5980	9	9	9	1	0:00:15.022604
6000	8	8	8	1	0:00:14.999290
6020	6	6	2	1	0:00:15.032545
6040	2	5	7	0	0:00:15.003993
6060	3	4	5	0	0:00:15.106010
6080	1	1	1	1	0:00:14.975878
6100	1	1	1	1	0:00:15.063950
6120	5	5	5	1	0:00:15.013341
6140	9	9	1	1	0:00:15.037101
6160	2	5	5	0	0:00:15.059680
6180	0	0	8	1	0:00:15.099236
6200	3	2	2	0	0:00:15.044865
6220	2	5	5	0	0:00:15.048073
6240	2	2	0	1	0:00:15.028646
6260	2	8	2	0	0:00:15.136894
6280	8	5	5	0	0:00:15.076748
6300	1	1	1	1	0:00:14.995333
6320	0	0	0	1	0:00:15.024445
6340	3	7	3	0	0:00:15.045497
6360	2	2	2	1	0:00:15.008088
6380	3	6	3	0	0:00:15.039303
6400	0	0	0	1	0:00:15.047104
6420	7	7	7	1	0:00:15.096482
6440	3	6	2	0	0:00:15.125714
6460	3	3	3	1	0:00:15.039996
6480	0	0	0	1	0:00:15.049257
6500	7	6	8	0	0:00:15.051495
6520	6	2	2	0	0:00:15.016343
6540	8	8	4	1	0:00:15.042063
6560	6	5	5	0	0:00:15.206796
6580	1	8	8	0	0:00:15.032774
6600	7	7	7	1	0:00:15.034846
6620	7	7	7	1	0:00:15.012310
6640	5	3	3	0	0:00:15.110164
6660	0	0	1	1	0:00:15.138706
6680	3	5	5	0	0:00:15.002878
6700	6	6	6	1	0:00:15.008919
6720	2	4	2	0	0:00:14.973950
6740	2	4	4	0	0:00:15.112569
6760	5	5	5	1	0:00:15.120350
6780	7	7	7	1	0:00:14.996811
6800	6	4	4	0	0:00:15.045532
6820	1	1	1	1	0:00:15.122444
6840	9	9	9	1	0:00:15.213877
6860	0	0	0	1	0:00:15.057537
6880	2	2	2	1	0:00:15.130190
6900	3	3	3	1	0:00:15.057921
6920	5	4	2	0	0:00:15.013189
6940	1	1	1	1	0:00:15.069571
6960	9	9	8	1	0:00:15.068868
6980	0	0	8	1	0:00:15.100806
7000	2	8	8	0	0:00:15.056480
7020	7	7	7	1	0:00:15.043572
7040	7	8	8	0	0:00:15.126490
7060	8	8	8	1	0:00:15.119121
7080	5	4	4	0	0:00:15.105995
7100	9	3	3	0	0:00:15.140054
7120	7	5	5	0	0:00:15.123927
7140	4	3	3	0	0:00:15.045138
7160	5	5	5	1	0:00:15.034717
7180	6	6	3	1	0:00:15.066078
7200	4	3	2	0	0:00:15.010579
7220	9	9	9	1	0:00:15.046012
7240	0	0	8	1	0:00:14.981508
7260	1	1	1	1	0:00:15.089231
7280	1	9	3	0	0:00:15.051793
7300	3	4	5	0	0:00:15.027117
7320	8	0	0	0	0:00:15.132904
7340	2	2	0	1	0:00:15.047190
7360	2	5	2	0	0:00:14.996497
7380	7	7	7	1	0:00:15.000849
7400	3	5	5	0	0:00:15.017608
7420	3	4	4	0	0:00:15.060313
7440	3	3	3	1	0:00:15.084743
7460	5	5	5	1	0:00:15.119525
7480	1	1	8	1	0:00:15.045947
7500	6	6	6	1	0:00:15.146649
7520	4	4	4	1	0:00:15.038318
7540	5	5	5	1	0:00:15.101735
7560	0	0	0	1	0:00:15.149880
7580	8	8	8	1	0:00:15.012928
7600	8	2	2	0	0:00:15.106843
7620	5	9	3	0	0:00:15.170049
7640	9	8	8	0	0:00:15.081141
7660	7	7	4	1	0:00:15.079876
7680	3	5	5	0	0:00:15.168742
7700	6	6	4	1	0:00:15.125085
7720	5	2	2	0	0:00:15.178009
7740	4	4	2	1	0:00:15.148945
7760	2	0	8	0	0:00:15.003240
7780	3	8	8	0	0:00:15.124925
7800	0	0	0	1	0:00:15.174564
7820	5	5	0	1	0:00:15.063854
7840	1	1	1	1	0:00:15.016213
7860	8	8	8	1	0:00:15.169106
7880	0	0	0	1	0:00:15.065012
7900	0	4	8	0	0:00:15.053595
7920	9	9	9	1	0:00:15.034046
7940	2	6	6	0	0:00:14.999373
7960	0	3	3	0	0:00:15.053440
7980	3	5	3	0	0:00:15.126027
8000	9	9	9	1	0:00:15.163096
8020	6	7	3	0	0:00:15.070155
8040	2	2	2	1	0:00:15.012949
8060	6	6	5	1	0:00:14.975666
8080	4	4	3	1	0:00:14.975557
8100	6	2	2	0	0:00:15.037004
8120	8	9	8	0	0:00:15.139248
8140	5	7	7	0	0:00:15.300828
8160	6	6	6	1	0:00:15.058725
8180	4	4	2	1	0:00:15.106439
8200	3	6	0	0	0:00:15.130395
8220	6	5	5	0	0:00:15.080550
8240	7	7	4	1	0:00:15.076834
8260	1	1	1	1	0:00:15.133935
8280	4	4	4	1	0:00:15.073537
8300	5	4	2	0	0:00:15.130967
8320	7	7	7	1	0:00:15.081470
8340	5	3	5	0	0:00:15.036061
8360	7	7	7	1	0:00:15.174873
8380	9	9	9	1	0:00:15.007593
8400	0	9	9	0	0:00:15.134366
8420	3	6	6	0	0:00:15.147375
8440	5	3	3	0	0:00:15.045419
8460	8	8	8	1	0:00:15.070729
8480	2	2	2	1	0:00:15.050563
8500	4	4	4	1	0:00:15.107745
8520	8	8	8	1	0:00:15.154013
8540	4	2	2	0	0:00:14.999568
8560	7	7	7	1	0:00:15.131793
8580	3	2	5	0	0:00:15.119324
8600	3	2	2	0	0:00:15.049283
8620	3	2	5	0	0:00:15.062473
8640	1	1	1	1	0:00:15.059517
8660	7	7	7	1	0:00:15.050109
8680	3	7	3	0	0:00:15.024316
8700	3	3	3	1	0:00:15.042941
8720	2	0	0	0	0:00:15.043540
8740	2	5	5	0	0:00:15.110992
8760	8	8	8	1	0:00:15.099499
8780	4	7	4	0	0:00:15.075762
8800	0	0	0	1	0:00:15.043312
8820	2	2	2	1	0:00:15.168320
8840	2	5	2	0	0:00:15.152027
8860	2	2	2	1	0:00:15.095936
8880	1	1	1	1	0:00:15.037994
8900	2	4	4	0	0:00:15.079236
8920	6	6	3	1	0:00:15.147251
8940	6	3	3	0	0:00:15.140734
8960	0	4	2	0	0:00:15.183295
8980	9	9	9	1	0:00:15.170710
9000	8	8	8	1	0:00:15.143034
9020	7	7	7	1	0:00:15.013578
9040	2	5	5	0	0:00:15.044610
9060	9	9	5	1	0:00:15.128359
9080	3	5	3	0	0:00:14.989171
9100	9	1	1	0	0:00:15.056491
9120	3	0	2	0	0:00:15.044181
9140	7	7	4	1	0:00:15.074202
9160	5	3	3	0	0:00:15.048780
9180	5	5	5	1	0:00:15.050118
9200	8	8	8	1	0:00:15.199934
9220	8	8	8	1	0:00:15.134509
9240	8	8	8	1	0:00:15.226645
9260	5	3	3	0	0:00:15.057731
9280	9	8	8	0	0:00:15.019767
9300	5	4	2	0	0:00:15.105988
9320	9	9	9	1	0:00:15.009827
9340	1	1	1	1	0:00:15.081681
9360	5	0	0	0	0:00:15.123972
9380	5	3	3	0	0:00:15.086602
9400	6	6	6	1	0:00:15.084648
9420	5	5	5	1	0:00:15.110656
9440	8	8	8	1	0:00:15.032037
9460	3	7	7	0	0:00:15.003536
9480	2	6	6	0	0:00:15.142263
9500	9	9	2	1	0:00:15.041028
9520	1	1	1	1	0:00:15.012943
9540	5	5	5	1	0:00:15.060755
9560	9	7	7	0	0:00:15.031621
9580	1	1	1	1	0:00:15.077139
9600	8	0	8	0	0:00:15.135256
9620	4	7	4	0	0:00:15.031545
9640	5	5	5	1	0:00:15.123611
9660	6	6	6	1	0:00:15.199278
9680	8	8	8	1	0:00:15.091946
9700	0	0	2	1	0:00:15.125083
9720	8	6	8	0	0:00:15.183977
9740	3	6	2	0	0:00:15.058747
9760	9	5	5	0	0:00:15.227136
9780	4	6	2	0	0:00:15.100129
9800	1	1	1	1	0:00:15.071002
9820	0	8	8	0	0:00:15.012952
9840	4	7	7	0	0:00:15.120957
9860	0	3	8	0	0:00:15.098275
9880	7	8	8	0	0:00:15.056063
9900	8	8	8	1	0:00:15.020882
9920	6	6	6	1	0:00:15.131956
9940	4	5	5	0	0:00:15.144292
9960	2	0	0	0	0:00:15.134094
9980	0	0	0	1	0:00:15.152354
