idx	label	predict	basePredict	correct	time
0	3	3	3	1	0:00:08.402867
20	7	7	7	1	0:00:08.254358
40	4	4	4	1	0:00:08.239999
60	7	7	7	1	0:00:08.261766
80	8	8	8	1	0:00:08.225953
100	4	4	3	1	0:00:08.229491
120	8	8	8	1	0:00:08.235578
140	6	6	6	1	0:00:08.231132
160	2	2	2	1	0:00:08.223516
180	0	0	0	1	0:00:08.217836
200	5	5	5	1	0:00:08.234501
220	7	7	7	1	0:00:08.235445
240	1	1	1	1	0:00:08.229185
260	8	8	8	1	0:00:08.222245
280	9	9	9	1	0:00:08.221100
300	6	6	6	1	0:00:08.228494
320	3	3	3	1	0:00:08.224302
340	2	2	2	1	0:00:08.244335
360	9	9	9	1	0:00:08.222228
380	6	6	6	1	0:00:08.221998
400	9	9	9	1	0:00:08.224265
420	4	4	4	1	0:00:08.221601
440	1	1	1	1	0:00:08.221378
460	5	5	5	1	0:00:08.228828
480	8	8	8	1	0:00:08.234817
500	4	4	4	1	0:00:08.264746
520	5	5	5	1	0:00:08.234420
540	1	1	1	1	0:00:08.218344
560	0	0	0	1	0:00:08.229829
580	4	4	4	1	0:00:08.221998
600	8	8	8	1	0:00:08.247913
620	7	7	7	1	0:00:08.240071
640	5	3	3	0	0:00:08.233151
660	9	9	9	1	0:00:08.230134
680	9	3	3	0	0:00:08.224723
700	7	7	7	1	0:00:08.216448
720	4	4	4	1	0:00:08.222126
740	2	2	2	1	0:00:08.314691
760	3	3	3	1	0:00:08.236765
780	9	9	9	1	0:00:09.628721
800	7	7	7	1	0:00:08.222511
820	6	1	2	0	0:00:08.226758
840	7	7	7	1	0:00:08.230977
860	4	4	4	1	0:00:08.223734
880	8	8	8	1	0:00:08.226458
900	2	2	2	1	0:00:08.240088
920	6	6	6	1	0:00:08.223810
940	9	9	9	1	0:00:08.221014
960	9	9	9	1	0:00:08.224142
980	2	2	2	1	0:00:08.228953
1000	5	5	5	1	0:00:08.136059
1020	1	1	1	1	0:00:08.138569
1040	7	2	2	0	0:00:08.152408
1060	9	9	9	1	0:00:08.136018
1080	6	6	6	1	0:00:08.132661
1100	7	7	7	1	0:00:08.137435
1120	5	2	2	0	0:00:08.137948
1140	6	6	6	1	0:00:08.134284
1160	8	8	8	1	0:00:08.136171
1180	3	3	3	1	0:00:08.150895
1200	8	8	8	1	0:00:08.141036
1220	9	3	3	0	0:00:08.137967
1240	2	2	2	1	0:00:08.136124
1260	1	9	9	0	0:00:08.135608
1280	3	3	3	1	0:00:08.138951
1300	4	3	3	0	0:00:08.133429
1320	7	7	7	1	0:00:08.152749
1340	1	1	1	1	0:00:08.131413
1360	7	7	7	1	0:00:08.134869
1380	4	4	4	1	0:00:08.137213
1400	5	5	5	1	0:00:08.135829
1420	4	4	4	1	0:00:08.138529
1440	0	8	8	0	0:00:08.136768
1460	6	6	6	1	0:00:08.152636
1480	1	1	1	1	0:00:08.140501
1500	1	1	1	1	0:00:08.138886
1520	7	7	7	1	0:00:08.142146
1540	8	8	8	1	0:00:08.139131
1560	7	7	7	1	0:00:08.142676
1580	6	6	6	1	0:00:08.137059
1600	8	8	8	1	0:00:08.151804
1620	5	-1	2	0	0:00:08.137921
1640	7	7	7	1	0:00:08.137223
1660	3	3	3	1	0:00:08.139332
1680	6	6	6	1	0:00:08.135043
1700	5	5	5	1	0:00:08.139774
1720	4	4	4	1	0:00:08.137358
1740	1	1	1	1	0:00:08.150929
1760	0	0	0	1	0:00:08.134913
1780	7	7	7	1	0:00:08.136960
1800	4	4	4	1	0:00:08.136678
1820	8	8	8	1	0:00:08.129548
1840	8	8	8	1	0:00:08.134133
1860	8	8	8	1	0:00:08.138858
1880	1	1	1	1	0:00:08.156116
1900	8	8	8	1	0:00:08.135246
1920	2	2	2	1	0:00:08.136789
1940	5	5	5	1	0:00:08.137429
1960	2	2	2	1	0:00:08.137090
1980	9	9	9	1	0:00:08.136618
2000	1	1	1	1	0:00:08.136072
2020	9	9	9	1	0:00:08.146187
2040	0	0	0	1	0:00:08.131468
2060	5	3	3	0	0:00:08.136986
2080	1	1	1	1	0:00:08.138278
2100	2	2	2	1	0:00:08.132815
2120	4	8	8	0	0:00:08.134766
2140	9	9	9	1	0:00:08.138041
2160	0	0	0	1	0:00:08.148574
2180	4	4	4	1	0:00:08.132133
2200	0	0	0	1	0:00:08.139363
2220	1	1	1	1	0:00:08.142484
2240	9	9	9	1	0:00:08.137592
2260	4	4	4	1	0:00:08.146114
2280	4	4	5	1	0:00:08.136896
2300	3	3	3	1	0:00:08.147540
2320	5	3	3	0	0:00:08.132361
2340	7	7	7	1	0:00:08.124881
2360	7	7	7	1	0:00:08.131247
2380	8	8	8	1	0:00:08.126093
2400	0	0	0	1	0:00:08.128174
2420	8	8	8	1	0:00:08.127482
2440	7	7	7	1	0:00:08.153417
2460	9	9	9	1	0:00:08.140685
2480	8	8	8	1	0:00:08.129701
2500	4	6	2	0	0:00:08.135679
2520	1	1	1	1	0:00:08.135158
2540	2	2	2	1	0:00:08.136389
2560	7	7	7	1	0:00:08.129508
2580	6	6	3	1	0:00:08.152368
2600	8	8	8	1	0:00:08.139099
2620	1	1	1	1	0:00:08.134308
2640	7	7	7	1	0:00:08.136213
2660	3	3	3	1	0:00:08.137483
2680	0	0	0	1	0:00:08.135544
2700	9	9	9	1	0:00:08.134500
2720	3	3	3	1	0:00:08.140016
2740	1	1	1	1	0:00:08.123757
2760	2	2	2	1	0:00:08.118289
2780	7	7	7	1	0:00:08.122888
2800	4	4	4	1	0:00:08.125687
2820	6	6	6	1	0:00:08.122872
2840	3	2	2	0	0:00:08.127648
2860	5	5	3	1	0:00:08.134706
2880	4	4	4	1	0:00:08.123494
2900	3	3	3	1	0:00:08.127573
2920	2	2	2	1	0:00:08.127243
2940	3	5	5	0	0:00:08.124880
2960	9	3	3	0	0:00:08.123063
2980	8	8	8	1	0:00:08.122709
3000	5	5	3	1	0:00:08.136063
3020	1	1	1	1	0:00:08.120932
3040	7	7	7	1	0:00:08.120550
3060	7	7	7	1	0:00:08.126462
3080	1	1	1	1	0:00:08.128043
3100	0	0	0	1	0:00:08.121654
3120	4	4	4	1	0:00:08.123852
3140	8	8	8	1	0:00:08.136031
3160	6	2	2	0	0:00:08.124553
3180	3	3	3	1	0:00:08.135087
3200	5	5	5	1	0:00:08.134469
3220	3	3	3	1	0:00:08.137554
3240	4	4	4	1	0:00:08.134952
3260	7	7	7	1	0:00:08.136280
3280	3	3	3	1	0:00:08.149537
3300	4	4	4	1	0:00:08.134469
3320	2	2	2	1	0:00:08.133132
3340	6	6	6	1	0:00:08.130940
3360	4	4	4	1	0:00:08.137675
3380	8	8	8	1	0:00:08.133507
3400	6	1	1	0	0:00:08.133070
3420	5	3	3	0	0:00:08.143011
3440	2	3	3	0	0:00:08.134599
3460	1	1	1	1	0:00:08.127084
3480	2	2	2	1	0:00:08.122130
3500	1	-1	9	0	0:00:08.121128
3520	1	1	1	1	0:00:08.125148
3540	6	6	3	1	0:00:08.125185
3560	1	9	9	0	0:00:08.139147
3580	4	4	4	1	0:00:08.123752
3600	4	3	3	0	0:00:08.123091
3620	0	0	0	1	0:00:08.123422
3640	6	6	6	1	0:00:08.118641
3660	0	0	0	1	0:00:08.120245
3680	0	0	0	1	0:00:08.126860
3700	3	3	3	1	0:00:08.136330
3720	2	2	2	1	0:00:08.115105
3740	0	0	0	1	0:00:08.113799
3760	7	7	7	1	0:00:08.118879
3780	4	4	4	1	0:00:08.120140
3800	9	9	9	1	0:00:08.126082
3820	0	8	8	0	0:00:08.119074
3840	6	3	3	0	0:00:08.138790
3860	7	7	7	1	0:00:08.119635
3880	6	6	6	1	0:00:08.124747
3900	3	3	3	1	0:00:08.116570
3920	7	7	3	1	0:00:08.130108
3940	6	3	3	0	0:00:08.130605
3960	2	2	2	1	0:00:08.130189
3980	9	9	9	1	0:00:08.145243
4000	8	-1	2	0	0:00:08.129560
4020	8	8	8	1	0:00:08.128559
4040	0	0	0	1	0:00:08.126923
4060	6	6	6	1	0:00:08.132979
4080	1	1	1	1	0:00:08.131893
4100	7	7	7	1	0:00:08.131869
4120	4	4	4	1	0:00:08.151556
4140	5	3	3	0	0:00:08.137411
4160	5	5	5	1	0:00:08.131972
4180	0	0	8	1	0:00:08.132955
4200	4	4	4	1	0:00:08.121673
4220	4	3	3	0	0:00:08.120515
4240	7	7	7	1	0:00:08.122576
4260	8	8	8	1	0:00:08.136003
4280	8	8	8	1	0:00:08.124084
4300	8	8	8	1	0:00:08.120512
4320	1	1	1	1	0:00:08.123007
4340	0	0	0	1	0:00:08.121881
4360	6	6	6	1	0:00:08.123871
4380	9	9	9	1	0:00:08.124103
4400	3	3	3	1	0:00:08.135153
4420	5	5	5	1	0:00:08.119593
4440	2	2	2	1	0:00:08.119103
4460	9	9	9	1	0:00:08.121116
4480	9	9	9	1	0:00:08.123751
4500	3	3	3	1	0:00:08.118315
4520	3	3	3	1	0:00:08.124446
4540	9	9	9	1	0:00:08.136433
4560	1	1	1	1	0:00:08.125434
4580	6	6	6	1	0:00:08.125101
4600	4	4	4	1	0:00:08.125931
4620	7	7	7	1	0:00:08.124499
4640	2	2	2	1	0:00:08.123568
4660	7	7	7	1	0:00:08.137712
4680	9	9	9	1	0:00:08.152800
4700	6	6	6	1	0:00:08.134676
4720	8	8	8	1	0:00:08.130750
4740	5	-1	3	0	0:00:08.134477
4760	3	2	2	0	0:00:08.130370
4780	0	0	0	1	0:00:08.134508
4800	9	9	9	1	0:00:08.133851
4820	3	3	3	1	0:00:08.151402
4840	0	0	0	1	0:00:08.138486
4860	5	5	5	1	0:00:08.135236
4880	0	0	0	1	0:00:08.134667
4900	3	3	3	1	0:00:08.135601
4920	7	7	7	1	0:00:08.133699
4940	6	6	6	1	0:00:08.123116
4960	4	4	4	1	0:00:08.138505
4980	1	1	1	1	0:00:08.125320
5000	7	7	7	1	0:00:08.124030
5020	8	8	8	1	0:00:08.125938
5040	3	3	3	1	0:00:08.122455
5060	6	6	6	1	0:00:08.124086
5080	7	7	7	1	0:00:08.122672
5100	3	3	3	1	0:00:08.135736
5120	9	9	9	1	0:00:08.123206
5140	8	8	8	1	0:00:08.119616
5160	0	0	0	1	0:00:08.122538
5180	9	7	7	0	0:00:08.121177
5200	3	3	3	1	0:00:08.123275
5220	0	0	0	1	0:00:08.120506
5240	1	1	1	1	0:00:08.137515
5260	0	0	0	1	0:00:08.122408
5280	0	-1	8	0	0:00:08.120549
5300	9	9	9	1	0:00:08.119851
5320	7	7	7	1	0:00:08.122709
5340	3	3	3	1	0:00:08.120418
5360	9	9	9	1	0:00:08.120117
5380	1	1	1	1	0:00:08.135815
5400	9	9	9	1	0:00:08.128536
5420	6	6	6	1	0:00:08.131105
5440	9	9	9	1	0:00:08.134906
5460	0	0	0	1	0:00:08.137597
5480	1	1	1	1	0:00:08.131428
5500	8	8	8	1	0:00:08.129819
5520	4	4	4	1	0:00:08.149904
5540	5	5	5	1	0:00:08.134012
5560	3	3	6	1	0:00:08.131707
5580	5	3	3	0	0:00:08.133970
5600	6	3	3	0	0:00:08.133191
5620	3	3	3	1	0:00:08.125209
5640	2	2	2	1	0:00:08.135071
5660	9	9	9	1	0:00:08.148545
5680	2	2	2	1	0:00:08.128486
5700	3	3	3	1	0:00:08.125207
5720	9	9	9	1	0:00:08.117492
5740	6	6	6	1	0:00:08.112779
5760	2	2	2	1	0:00:08.111671
5780	7	7	7	1	0:00:08.119600
5800	2	2	2	1	0:00:08.133207
5820	5	5	5	1	0:00:08.122504
5840	2	2	7	1	0:00:08.122574
5860	0	8	8	0	0:00:08.120001
5880	0	0	0	1	0:00:08.116272
5900	4	4	4	1	0:00:08.125398
5920	8	8	8	1	0:00:08.124303
5940	7	7	7	1	0:00:08.139188
5960	2	-1	5	0	0:00:08.126626
5980	9	9	9	1	0:00:08.119343
6000	8	8	8	1	0:00:08.122004
6020	6	6	6	1	0:00:08.122778
6040	2	7	2	0	0:00:08.127345
6060	3	3	3	1	0:00:08.121567
6080	1	1	1	1	0:00:08.140714
6100	1	1	1	1	0:00:08.129000
6120	5	5	5	1	0:00:08.129827
6140	9	9	9	1	0:00:08.132475
6160	2	2	2	1	0:00:08.134847
6180	0	0	0	1	0:00:08.129292
6200	3	3	3	1	0:00:08.131690
6220	2	2	2	1	0:00:08.146003
6240	2	2	2	1	0:00:08.135565
6260	2	2	2	1	0:00:08.130138
6280	8	8	8	1	0:00:08.133081
6300	1	1	1	1	0:00:08.134465
6320	0	0	0	1	0:00:08.133013
6340	3	3	3	1	0:00:08.134881
6360	2	2	2	1	0:00:08.143197
6380	3	3	3	1	0:00:08.133811
6400	0	0	0	1	0:00:08.129100
6420	7	7	7	1	0:00:08.121105
6440	3	3	3	1	0:00:08.122800
6460	3	3	3	1	0:00:08.117568
6480	0	0	0	1	0:00:08.119505
6500	7	3	3	0	0:00:08.138287
6520	6	6	2	1	0:00:08.124131
6540	8	8	8	1	0:00:08.122271
6560	6	6	6	1	0:00:08.126198
6580	1	1	1	1	0:00:08.123588
6600	7	7	7	1	0:00:08.121330
6620	7	7	7	1	0:00:08.117941
6640	5	3	3	0	0:00:08.135911
6660	0	0	0	1	0:00:08.119834
6680	3	3	3	1	0:00:08.125672
6700	6	6	6	1	0:00:08.127612
6720	2	2	2	1	0:00:08.121659
6740	2	2	2	1	0:00:08.122727
6760	5	5	5	1	0:00:08.125909
6780	7	7	7	1	0:00:08.144605
6800	6	6	2	1	0:00:08.123193
6820	1	1	1	1	0:00:08.125619
6840	9	9	9	1	0:00:08.127000
6860	0	0	0	1	0:00:08.131506
6880	2	2	2	1	0:00:08.131992
6900	3	3	3	1	0:00:08.133097
6920	5	-1	2	0	0:00:08.149749
6940	1	1	1	1	0:00:08.136470
6960	9	9	9	1	0:00:08.132350
6980	0	0	0	1	0:00:08.134149
7000	2	8	8	0	0:00:08.133868
7020	7	7	7	1	0:00:08.135970
7040	7	0	0	0	0:00:08.138541
7060	8	8	8	1	0:00:08.147938
7080	5	3	3	0	0:00:08.135590
7100	9	-1	3	0	0:00:08.132265
7120	7	7	7	1	0:00:08.134970
7140	4	4	4	1	0:00:08.125804
7160	5	5	5	1	0:00:08.123842
7180	6	6	6	1	0:00:08.122118
7200	4	3	3	0	0:00:08.140115
7220	9	9	9	1	0:00:08.127753
7240	0	0	0	1	0:00:08.123635
7260	1	1	1	1	0:00:08.123060
7280	1	-1	9	0	0:00:08.126148
7300	3	3	3	1	0:00:08.123969
7320	8	8	8	1	0:00:08.122043
7340	2	2	2	1	0:00:08.138794
7360	2	2	2	1	0:00:08.122449
7380	7	7	7	1	0:00:08.124691
7400	3	3	3	1	0:00:08.123117
7420	3	3	3	1	0:00:08.122812
7440	3	3	3	1	0:00:08.125062
7460	5	5	5	1	0:00:08.124810
7480	1	1	1	1	0:00:08.138217
7500	6	6	6	1	0:00:08.125637
7520	4	4	4	1	0:00:08.123958
7540	5	5	5	1	0:00:08.128715
7560	0	0	0	1	0:00:08.126973
7580	8	8	8	1	0:00:08.129323
7600	8	2	2	0	0:00:08.125896
7620	5	3	3	0	0:00:08.150380
7640	9	8	8	0	0:00:08.129926
7660	7	7	7	1	0:00:08.134048
7680	3	5	5	0	0:00:08.133761
7700	6	6	6	1	0:00:08.129812
7720	5	5	5	1	0:00:08.130807
7740	4	4	4	1	0:00:08.128026
7760	2	2	2	1	0:00:08.143839
7780	3	8	8	0	0:00:08.129272
7800	0	0	0	1	0:00:08.126683
7820	5	3	3	0	0:00:08.127366
7840	1	1	1	1	0:00:08.136127
7860	8	8	8	1	0:00:08.132917
7880	0	0	0	1	0:00:08.121627
7900	0	0	0	1	0:00:08.133265
7920	9	9	9	1	0:00:08.121429
7940	2	2	2	1	0:00:08.120872
7960	0	0	0	1	0:00:08.122887
7980	3	3	3	1	0:00:08.124586
8000	9	9	9	1	0:00:08.119846
8020	6	3	3	0	0:00:08.122449
8040	2	2	2	1	0:00:08.134435
8060	6	6	6	1	0:00:08.117560
8080	4	4	4	1	0:00:08.109351
8100	6	6	6	1	0:00:08.113707
8120	8	8	8	1	0:00:08.125908
8140	5	5	5	1	0:00:08.120372
8160	6	6	6	1	0:00:08.114715
8180	4	-1	2	0	0:00:08.124309
8200	3	0	0	0	0:00:08.114249
8220	6	6	6	1	0:00:08.117296
8240	7	7	7	1	0:00:08.117202
8260	1	1	1	1	0:00:08.123837
8280	4	4	4	1	0:00:08.123391
8300	5	7	3	0	0:00:08.123441
8320	7	7	7	1	0:00:08.131857
8340	5	5	5	1	0:00:08.130075
8360	7	7	7	1	0:00:08.131709
8380	9	9	9	1	0:00:08.131502
8400	0	0	0	1	0:00:08.128161
8420	3	6	3	0	0:00:08.131861
8440	5	5	5	1	0:00:08.133010
8460	8	8	8	1	0:00:08.142149
8480	2	2	2	1	0:00:08.132196
8500	4	4	4	1	0:00:08.131385
8520	8	8	8	1	0:00:08.132885
8540	4	4	2	1	0:00:08.134011
8560	7	7	7	1	0:00:08.136739
8580	3	5	5	0	0:00:08.137256
8600	3	3	3	1	0:00:08.147618
8620	3	3	3	1	0:00:08.124631
8640	1	1	1	1	0:00:08.122018
8660	7	7	7	1	0:00:08.125448
8680	3	3	3	1	0:00:08.122154
8700	3	5	5	0	0:00:08.127638
8720	2	2	2	1	0:00:08.120600
8740	2	2	2	1	0:00:08.137058
8760	8	8	8	1	0:00:08.123680
8780	4	4	4	1	0:00:08.112617
8800	0	0	0	1	0:00:08.115354
8820	2	2	2	1	0:00:08.119171
8840	2	-1	2	0	0:00:08.123394
8860	2	2	2	1	0:00:08.123209
8880	1	1	1	1	0:00:08.139625
8900	2	2	2	1	0:00:08.123734
8920	6	6	6	1	0:00:08.119601
8940	6	6	6	1	0:00:08.122035
8960	0	0	0	1	0:00:08.114323
8980	9	9	9	1	0:00:08.121045
9000	8	8	8	1	0:00:08.124494
9020	7	7	7	1	0:00:08.138859
9040	2	5	2	0	0:00:08.128683
9060	9	9	9	1	0:00:08.122762
9080	3	3	3	1	0:00:08.126043
9100	9	1	1	0	0:00:08.135061
9120	3	3	3	1	0:00:08.136739
9140	7	7	7	1	0:00:08.133981
9160	5	3	3	0	0:00:08.143035
9180	5	5	5	1	0:00:08.131941
9200	8	8	8	1	0:00:08.128371
9220	8	8	8	1	0:00:08.133399
9240	8	8	8	1	0:00:08.129809
9260	5	3	3	0	0:00:08.132929
9280	9	9	9	1	0:00:08.134454
9300	5	-1	4	0	0:00:08.150011
9320	9	9	9	1	0:00:08.133426
9340	1	1	1	1	0:00:08.132210
9360	5	5	5	1	0:00:08.124137
9380	5	3	3	0	0:00:08.114326
9400	6	6	6	1	0:00:08.116548
9420	5	5	5	1	0:00:08.119318
9440	8	8	8	1	0:00:08.134510
9460	3	3	3	1	0:00:08.114229
9480	2	2	2	1	0:00:08.123372
9500	9	9	9	1	0:00:08.125392
9520	1	1	1	1	0:00:08.119435
9540	5	5	5	1	0:00:08.123609
9560	9	7	9	0	0:00:08.122043
9580	1	1	1	1	0:00:08.134382
9600	8	8	8	1	0:00:08.121206
9620	4	4	4	1	0:00:08.120213
9640	5	5	5	1	0:00:08.127728
9660	6	6	6	1	0:00:08.127356
9680	8	8	8	1	0:00:08.123419
9700	0	0	0	1	0:00:08.116997
9720	8	8	8	1	0:00:08.134660
9740	3	6	3	0	0:00:08.122133
9760	9	-1	2	0	0:00:08.122808
9780	4	4	2	1	0:00:08.126136
9800	1	1	1	1	0:00:08.122826
9820	0	0	0	1	0:00:08.127853
9840	4	7	7	0	0:00:08.133233
9860	0	0	0	1	0:00:08.143785
9880	7	7	7	1	0:00:08.132937
9900	8	8	8	1	0:00:08.132248
9920	6	6	6	1	0:00:08.133226
9940	4	4	4	1	0:00:08.132431
9960	2	0	0	0	0:00:08.129342
9980	0	0	0	1	0:00:08.133862
