idx	label	predict	basePredict	correct	time
0	3	3	3	1	0:00:01.133790
20	7	-1	9	0	0:00:01.027857
40	4	4	4	1	0:00:01.052154
60	7	7	7	1	0:00:01.040255
80	8	8	8	1	0:00:01.015889
100	4	5	5	0	0:00:01.040379
120	8	-1	8	0	0:00:01.069852
140	6	6	6	1	0:00:01.028036
160	2	2	2	1	0:00:01.095643
180	0	0	0	1	0:00:01.028407
200	5	5	5	1	0:00:01.037915
220	7	7	7	1	0:00:01.055466
240	1	1	1	1	0:00:01.012660
260	8	-1	5	0	0:00:01.056659
280	9	9	9	1	0:00:01.059423
300	6	6	6	1	0:00:01.010082
320	3	5	5	0	0:00:01.043550
340	2	6	6	0	0:00:01.022156
360	9	-1	7	0	0:00:01.130086
380	6	6	4	1	0:00:01.064462
400	9	9	9	1	0:00:01.054405
420	4	4	4	1	0:00:01.030390
440	1	1	1	1	0:00:01.072918
460	5	5	5	1	0:00:01.030616
480	8	9	9	0	0:00:01.044599
500	4	6	6	0	0:00:01.044828
520	5	5	5	1	0:00:01.076149
540	1	1	1	1	0:00:01.051373
560	0	0	0	1	0:00:01.036168
580	4	6	4	0	0:00:01.046900
600	8	-1	8	0	0:00:01.068043
620	7	7	7	1	0:00:01.051522
640	5	3	3	0	0:00:01.058605
660	9	9	9	1	0:00:01.067970
680	9	-1	1	0	0:00:01.072372
700	7	7	7	1	0:00:01.034942
720	4	9	9	0	0:00:01.055591
740	2	5	5	0	0:00:01.041008
760	3	-1	3	0	0:00:01.080148
780	9	9	9	1	0:00:01.041753
800	7	7	7	1	0:00:01.038958
820	6	1	1	0	0:00:01.042296
840	7	7	7	1	0:00:01.037825
860	4	4	4	1	0:00:01.041829
880	8	8	8	1	0:00:01.077587
900	2	6	6	0	0:00:01.034304
920	6	6	6	1	0:00:01.036201
940	9	9	9	1	0:00:01.037375
960	9	3	3	0	0:00:01.078270
980	2	6	6	0	0:00:01.067438
1000	5	5	5	1	0:00:00.967936
1020	1	1	1	1	0:00:00.971054
1040	7	-1	5	0	0:00:00.981564
1060	9	9	9	1	0:00:00.976917
1080	6	6	2	1	0:00:00.906654
1100	7	8	8	0	0:00:00.912795
1120	5	2	2	0	0:00:00.912947
1140	6	6	4	1	0:00:00.905201
1160	8	8	8	1	0:00:00.914024
1180	3	3	3	1	0:00:00.953489
1200	8	-1	8	0	0:00:00.952270
1220	9	6	6	0	0:00:00.962347
1240	2	6	6	0	0:00:00.967270
1260	1	9	1	0	0:00:00.955807
1280	3	-1	5	0	0:00:00.967120
1300	4	3	3	0	0:00:00.956834
1320	7	2	2	0	0:00:00.909132
1340	1	1	1	1	0:00:00.896064
1360	7	7	7	1	0:00:00.905900
1380	4	5	5	0	0:00:00.898640
1400	5	-1	5	0	0:00:00.938187
1420	4	7	7	0	0:00:00.907500
1440	0	8	8	0	0:00:00.905711
1460	6	6	6	1	0:00:00.947705
1480	1	1	1	1	0:00:00.942131
1500	1	1	1	1	0:00:00.949530
1520	7	7	7	1	0:00:00.941570
1540	8	8	8	1	0:00:00.950105
1560	7	7	7	1	0:00:00.946260
1580	6	1	1	0	0:00:00.954747
1600	8	9	1	0	0:00:00.948592
1620	5	4	4	0	0:00:00.963218
1640	7	3	3	0	0:00:00.958371
1660	3	3	3	1	0:00:00.948441
1680	6	6	6	1	0:00:00.958380
1700	5	5	5	1	0:00:00.956389
1720	4	4	3	1	0:00:00.943417
1740	1	9	9	0	0:00:00.959569
1760	0	8	8	0	0:00:00.947879
1780	7	9	9	0	0:00:00.950424
1800	4	-1	8	0	0:00:00.949556
1820	8	9	9	0	0:00:00.963373
1840	8	9	7	0	0:00:00.963605
1860	8	8	8	1	0:00:00.956142
1880	1	1	1	1	0:00:00.955954
1900	8	8	8	1	0:00:00.941086
1920	2	2	2	1	0:00:00.955728
1940	5	5	5	1	0:00:00.933620
1960	2	5	5	0	0:00:00.949515
1980	9	9	9	1	0:00:00.946502
2000	1	-1	1	0	0:00:00.938692
2020	9	9	9	1	0:00:00.946267
2040	0	0	0	1	0:00:00.922657
2060	5	3	3	0	0:00:00.880821
2080	1	9	9	0	0:00:00.877779
2100	2	7	7	0	0:00:00.873346
2120	4	8	8	0	0:00:00.882100
2140	9	9	9	1	0:00:00.885069
2160	0	8	8	0	0:00:00.880877
2180	4	4	4	1	0:00:00.873866
2200	0	0	0	1	0:00:00.875579
2220	1	1	1	1	0:00:00.877214
2240	9	-1	1	0	0:00:00.891370
2260	4	7	7	0	0:00:00.962609
2280	4	3	3	0	0:00:00.950792
2300	3	6	4	0	0:00:00.952490
2320	5	2	2	0	0:00:00.961247
2340	7	7	7	1	0:00:00.957304
2360	7	7	7	1	0:00:00.965159
2380	8	8	8	1	0:00:00.954821
2400	0	0	0	1	0:00:00.958174
2420	8	5	5	0	0:00:00.956892
2440	7	7	7	1	0:00:00.948460
2460	9	-1	3	0	0:00:00.939535
2480	8	-1	8	0	0:00:00.939688
2500	4	6	4	0	0:00:00.941784
2520	1	-1	3	0	0:00:00.981173
2540	2	3	3	0	0:00:00.943245
2560	7	7	7	1	0:00:00.957311
2580	6	6	6	1	0:00:00.886577
2600	8	8	8	1	0:00:00.891395
2620	1	1	1	1	0:00:00.886825
2640	7	7	7	1	0:00:00.879841
2660	3	2	2	0	0:00:00.885511
2680	0	0	0	1	0:00:00.893983
2700	9	1	1	0	0:00:00.908912
2720	3	3	3	1	0:00:00.917431
2740	1	1	1	1	0:00:00.934453
2760	2	2	2	1	0:00:00.914400
2780	7	7	7	1	0:00:00.885345
2800	4	6	4	0	0:00:00.914797
2820	6	6	6	1	0:00:00.899355
2840	3	3	3	1	0:00:00.909806
2860	5	7	6	0	0:00:00.947224
2880	4	4	4	1	0:00:00.946368
2900	3	5	5	0	0:00:00.945111
2920	2	3	3	0	0:00:00.954964
2940	3	0	0	0	0:00:00.948102
2960	9	9	9	1	0:00:00.955508
2980	8	8	8	1	0:00:00.988342
3000	5	5	5	1	0:00:00.958030
3020	1	1	1	1	0:00:00.934622
3040	7	7	7	1	0:00:00.907075
3060	7	7	7	1	0:00:00.898311
3080	1	1	1	1	0:00:00.914429
3100	0	0	0	1	0:00:00.913535
3120	4	6	6	0	0:00:00.937551
3140	8	8	8	1	0:00:00.943464
3160	6	2	2	0	0:00:00.962156
3180	3	3	3	1	0:00:00.947852
3200	5	5	5	1	0:00:00.970094
3220	3	9	9	0	0:00:00.938579
3240	4	1	3	0	0:00:00.943971
3260	7	7	7	1	0:00:00.944277
3280	3	5	5	0	0:00:00.941355
3300	4	-1	2	0	0:00:00.956582
3320	2	7	7	0	0:00:00.941727
3340	6	6	6	1	0:00:00.964045
3360	4	6	3	0	0:00:00.952664
3380	8	8	8	1	0:00:00.956239
3400	6	4	4	0	0:00:00.941296
3420	5	7	7	0	0:00:00.931066
3440	2	3	3	0	0:00:00.894116
3460	1	1	1	1	0:00:00.893636
3480	2	2	2	1	0:00:00.904492
3500	1	-1	9	0	0:00:00.898232
3520	1	1	1	1	0:00:00.903387
3540	6	6	6	1	0:00:00.923641
3560	1	9	9	0	0:00:00.922552
3580	4	-1	2	0	0:00:00.920675
3600	4	2	2	0	0:00:00.923022
3620	0	-1	5	0	0:00:00.935560
3640	6	2	6	0	0:00:00.961940
3660	0	8	8	0	0:00:00.945024
3680	0	-1	2	0	0:00:00.943147
3700	3	5	5	0	0:00:00.928234
3720	2	2	2	1	0:00:00.942503
3740	0	0	8	1	0:00:00.929463
3760	7	7	7	1	0:00:00.924194
3780	4	4	4	1	0:00:00.930324
3800	9	9	9	1	0:00:00.941052
3820	0	-1	0	0	0:00:00.952502
3840	6	8	3	0	0:00:00.969472
3860	7	7	7	1	0:00:00.933219
3880	6	4	4	0	0:00:00.969381
3900	3	6	6	0	0:00:00.950144
3920	7	9	9	0	0:00:00.946378
3940	6	7	4	0	0:00:00.949504
3960	2	2	2	1	0:00:00.956577
3980	9	6	6	0	0:00:00.946318
4000	8	-1	9	0	0:00:00.926161
4020	8	8	8	1	0:00:00.922953
4040	0	0	0	1	0:00:00.929780
4060	6	6	3	1	0:00:00.953610
4080	1	1	1	1	0:00:00.953415
4100	7	7	7	1	0:00:01.009579
4120	4	4	4	1	0:00:00.960602
4140	5	5	5	1	0:00:00.940451
4160	5	5	5	1	0:00:00.951271
4180	0	8	8	0	0:00:00.948390
4200	4	4	2	1	0:00:00.944009
4220	4	0	0	0	0:00:00.941584
4240	7	8	8	0	0:00:00.926344
4260	8	8	8	1	0:00:00.938543
4280	8	9	9	0	0:00:00.932003
4300	8	8	8	1	0:00:00.952565
4320	1	8	8	0	0:00:00.993398
4340	0	0	0	1	0:00:00.958925
4360	6	9	9	0	0:00:00.962916
4380	9	9	9	1	0:00:00.915816
4400	3	6	4	0	0:00:00.935239
4420	5	7	7	0	0:00:00.936397
4440	2	-1	3	0	0:00:00.920627
4460	9	9	9	1	0:00:00.948102
4480	9	9	9	1	0:00:00.941571
4500	3	5	5	0	0:00:00.932965
4520	3	6	6	0	0:00:00.959795
4540	9	9	9	1	0:00:00.941190
4560	1	1	1	1	0:00:00.958274
4580	6	-1	4	0	0:00:00.954616
4600	4	2	2	0	0:00:00.933992
4620	7	-1	3	0	0:00:00.945388
4640	2	2	2	1	0:00:00.957078
4660	7	-1	7	0	0:00:00.940489
4680	9	9	9	1	0:00:00.942536
4700	6	-1	5	0	0:00:00.960031
4720	8	0	0	0	0:00:00.917593
4740	5	3	3	0	0:00:00.988840
4760	3	2	2	0	0:00:00.959738
4780	0	0	0	1	0:00:00.938047
4800	9	9	9	1	0:00:00.914863
4820	3	5	5	0	0:00:00.947009
4840	0	0	0	1	0:00:00.961289
4860	5	5	5	1	0:00:00.949856
4880	0	7	7	0	0:00:00.970919
4900	3	-1	5	0	0:00:00.944731
4920	7	7	7	1	0:00:00.915529
4940	6	6	4	1	0:00:00.933620
4960	4	3	3	0	0:00:00.946447
4980	1	9	9	0	0:00:00.978706
5000	7	7	7	1	0:00:00.966074
5020	8	8	8	1	0:00:00.951091
5040	3	3	3	1	0:00:00.966235
5060	6	6	2	1	0:00:00.932107
5080	7	7	4	1	0:00:00.939070
5100	3	3	3	1	0:00:00.960844
5120	9	9	9	1	0:00:00.951451
5140	8	8	8	1	0:00:00.929050
5160	0	0	0	1	0:00:00.940592
5180	9	7	7	0	0:00:00.942719
5200	3	3	3	1	0:00:00.975508
5220	0	0	0	1	0:00:00.970859
5240	1	9	9	0	0:00:00.941154
5260	0	0	0	1	0:00:00.923289
5280	0	8	8	0	0:00:00.965296
5300	9	9	9	1	0:00:00.943626
5320	7	7	7	1	0:00:00.968617
5340	3	5	5	0	0:00:00.921476
5360	9	9	9	1	0:00:00.939374
5380	1	9	9	0	0:00:00.955693
5400	9	9	9	1	0:00:00.951999
5420	6	6	6	1	0:00:00.971579
5440	9	9	9	1	0:00:00.942308
5460	0	6	6	0	0:00:00.981129
5480	1	1	1	1	0:00:00.966697
5500	8	-1	8	0	0:00:00.924192
5520	4	3	3	0	0:00:00.924698
5540	5	6	6	0	0:00:00.945067
5560	3	6	6	0	0:00:00.927230
5580	5	6	6	0	0:00:00.959215
5600	6	9	4	0	0:00:00.962032
5620	3	-1	2	0	0:00:00.948263
5640	2	-1	3	0	0:00:00.981750
5660	9	9	9	1	0:00:00.950459
5680	2	3	3	0	0:00:00.949446
5700	3	5	5	0	0:00:00.964620
5720	9	9	9	1	0:00:00.959030
5740	6	4	4	0	0:00:00.939949
5760	2	-1	2	0	0:00:00.942297
5780	7	7	7	1	0:00:00.965191
5800	2	2	2	1	0:00:00.955686
5820	5	6	3	0	0:00:00.948374
5840	2	-1	5	0	0:00:00.958982
5860	0	0	8	1	0:00:00.961752
5880	0	0	0	1	0:00:00.937249
5900	4	0	5	0	0:00:00.940854
5920	8	8	8	1	0:00:00.944506
5940	7	6	6	0	0:00:00.921597
5960	2	6	6	0	0:00:00.949742
5980	9	9	9	1	0:00:01.014088
6000	8	-1	8	0	0:00:00.914363
6020	6	6	6	1	0:00:00.893519
6040	2	7	7	0	0:00:00.898997
6060	3	6	4	0	0:00:00.957682
6080	1	1	1	1	0:00:00.941949
6100	1	1	1	1	0:00:00.912900
6120	5	5	5	1	0:00:00.902138
6140	9	9	9	1	0:00:00.896203
6160	2	5	5	0	0:00:00.915110
6180	0	9	9	0	0:00:00.891147
6200	3	3	3	1	0:00:00.914581
6220	2	5	5	0	0:00:00.928519
6240	2	0	0	0	0:00:00.926808
6260	2	1	1	0	0:00:00.917329
6280	8	5	5	0	0:00:00.909178
6300	1	1	1	1	0:00:00.917855
6320	0	0	0	1	0:00:00.920999
6340	3	-1	5	0	0:00:00.890771
6360	2	6	2	0	0:00:00.920562
6380	3	6	6	0	0:00:00.978239
6400	0	-1	0	0	0:00:00.946199
6420	7	7	7	1	0:00:00.932697
6440	3	6	8	0	0:00:00.943405
6460	3	3	5	1	0:00:00.939705
6480	0	2	2	0	0:00:00.946097
6500	7	6	6	0	0:00:00.931709
6520	6	6	2	1	0:00:00.929066
6540	8	8	8	1	0:00:00.954158
6560	6	6	6	1	0:00:00.922777
6580	1	-1	3	0	0:00:00.936980
6600	7	7	7	1	0:00:00.953057
6620	7	7	7	1	0:00:00.927896
6640	5	3	3	0	0:00:00.944239
6660	0	0	0	1	0:00:00.953837
6680	3	3	3	1	0:00:00.923689
6700	6	6	6	1	0:00:00.953671
6720	2	4	4	0	0:00:01.006790
6740	2	-1	4	0	0:00:00.935084
6760	5	-1	3	0	0:00:00.897716
6780	7	7	7	1	0:00:00.932832
6800	6	4	4	0	0:00:00.929892
6820	1	1	1	1	0:00:00.908029
6840	9	9	9	1	0:00:00.925286
6860	0	0	0	1	0:00:00.917052
6880	2	2	2	1	0:00:00.943905
6900	3	3	3	1	0:00:00.917896
6920	5	2	4	0	0:00:00.927085
6940	1	1	1	1	0:00:00.918324
6960	9	8	8	0	0:00:00.945577
6980	0	1	1	0	0:00:00.944554
7000	2	0	8	0	0:00:00.932390
7020	7	7	7	1	0:00:00.938236
7040	7	1	8	0	0:00:00.954025
7060	8	8	8	1	0:00:00.938723
7080	5	4	4	0	0:00:00.930426
7100	9	2	2	0	0:00:00.868488
7120	7	7	7	1	0:00:00.873098
7140	4	7	7	0	0:00:00.854826
7160	5	5	5	1	0:00:00.920640
7180	6	6	6	1	0:00:00.845728
7200	4	6	6	0	0:00:00.905490
7220	9	-1	0	0	0:00:00.950597
7240	0	8	8	0	0:00:00.954249
7260	1	1	1	1	0:00:00.931788
7280	1	0	0	0	0:00:00.901192
7300	3	4	4	0	0:00:00.901008
7320	8	0	0	0	0:00:00.890905
7340	2	4	4	0	0:00:00.870102
7360	2	7	7	0	0:00:00.867970
7380	7	7	7	1	0:00:00.878531
7400	3	9	9	0	0:00:00.867303
7420	3	2	2	0	0:00:00.882860
7440	3	3	3	1	0:00:00.910727
7460	5	5	5	1	0:00:00.887794
7480	1	-1	8	0	0:00:00.868815
7500	6	6	6	1	0:00:00.860119
7520	4	4	4	1	0:00:00.877358
7540	5	5	5	1	0:00:00.895452
7560	0	-1	0	0	0:00:00.866645
7580	8	9	8	0	0:00:00.899394
7600	8	9	9	0	0:00:00.912806
7620	5	-1	3	0	0:00:00.905355
7640	9	9	9	1	0:00:00.915081
7660	7	7	7	1	0:00:00.914062
7680	3	9	3	0	0:00:00.956437
7700	6	6	6	1	0:00:00.976774
7720	5	2	2	0	0:00:00.914939
7740	4	6	2	0	0:00:00.902776
7760	2	9	9	0	0:00:00.912967
7780	3	9	9	0	0:00:00.921557
7800	0	0	0	1	0:00:00.904778
7820	5	5	5	1	0:00:00.903628
7840	1	1	1	1	0:00:00.920761
7860	8	8	8	1	0:00:00.956865
7880	0	0	0	1	0:00:00.952712
7900	0	2	2	0	0:00:00.944392
7920	9	1	1	0	0:00:00.915745
7940	2	6	6	0	0:00:00.863727
7960	0	0	0	1	0:00:00.865093
7980	3	3	3	1	0:00:00.872996
8000	9	9	9	1	0:00:00.892400
8020	6	7	7	0	0:00:00.871527
8040	2	2	2	1	0:00:00.883064
8060	6	6	6	1	0:00:00.884875
8080	4	6	6	0	0:00:00.885069
8100	6	2	2	0	0:00:00.932681
8120	8	9	8	0	0:00:00.897980
8140	5	4	4	0	0:00:00.942830
8160	6	6	6	1	0:00:00.863555
8180	4	6	4	0	0:00:00.862059
8200	3	0	0	0	0:00:00.923877
8220	6	-1	5	0	0:00:00.868802
8240	7	7	7	1	0:00:00.881676
8260	1	1	1	1	0:00:00.873755
8280	4	5	5	0	0:00:00.949679
8300	5	2	2	0	0:00:00.951218
8320	7	7	7	1	0:00:00.950266
8340	5	-1	5	0	0:00:00.887664
8360	7	7	7	1	0:00:00.940636
8380	9	9	9	1	0:00:00.925882
8400	0	-1	8	0	0:00:00.932260
8420	3	6	6	0	0:00:00.932427
8440	5	3	3	0	0:00:00.941876
8460	8	8	8	1	0:00:00.878381
8480	2	2	2	1	0:00:00.866090
8500	4	4	4	1	0:00:00.866672
8520	8	-1	8	0	0:00:00.873912
8540	4	6	4	0	0:00:00.872111
8560	7	7	7	1	0:00:00.871195
8580	3	9	9	0	0:00:00.878765
8600	3	5	5	0	0:00:00.895477
8620	3	2	2	0	0:00:00.869117
8640	1	1	1	1	0:00:00.877133
8660	7	-1	5	0	0:00:00.872255
8680	3	6	6	0	0:00:00.886818
8700	3	3	3	1	0:00:00.872337
8720	2	0	0	0	0:00:00.871638
8740	2	4	4	0	0:00:00.892280
8760	8	8	8	1	0:00:00.881810
8780	4	-1	4	0	0:00:00.876736
8800	0	0	0	1	0:00:00.865362
8820	2	2	2	1	0:00:00.874481
8840	2	6	2	0	0:00:00.915961
8860	2	2	2	1	0:00:00.900648
8880	1	1	1	1	0:00:00.924475
8900	2	4	4	0	0:00:00.947298
8920	6	6	6	1	0:00:00.940593
8940	6	3	3	0	0:00:00.930048
8960	0	0	0	1	0:00:00.933093
8980	9	9	9	1	0:00:00.929528
9000	8	8	8	1	0:00:00.939191
9020	7	7	7	1	0:00:00.927704
9040	2	5	5	0	0:00:00.965885
9060	9	9	9	1	0:00:00.968090
9080	3	3	6	1	0:00:00.935252
9100	9	1	1	0	0:00:00.938813
9120	3	5	5	0	0:00:00.944399
9140	7	7	7	1	0:00:00.926817
9160	5	5	5	1	0:00:00.922534
9180	5	5	5	1	0:00:00.943518
9200	8	8	8	1	0:00:00.930321
9220	8	8	8	1	0:00:00.944217
9240	8	-1	8	0	0:00:00.941249
9260	5	5	5	1	0:00:00.942854
9280	9	-1	8	0	0:00:00.956650
9300	5	4	4	0	0:00:00.904493
9320	9	9	9	1	0:00:00.905353
9340	1	1	1	1	0:00:00.920561
9360	5	0	0	0	0:00:00.916247
9380	5	3	3	0	0:00:00.917432
9400	6	6	6	1	0:00:00.871897
9420	5	5	5	1	0:00:00.884452
9440	8	8	8	1	0:00:00.876415
9460	3	7	7	0	0:00:00.878639
9480	2	-1	4	0	0:00:00.879462
9500	9	9	9	1	0:00:00.881668
9520	1	1	1	1	0:00:00.913986
9540	5	5	5	1	0:00:00.886949
9560	9	7	7	0	0:00:00.910892
9580	1	1	1	1	0:00:00.905080
9600	8	-1	8	0	0:00:00.916058
9620	4	4	4	1	0:00:00.897695
9640	5	5	5	1	0:00:00.906679
9660	6	6	6	1	0:00:00.920301
9680	8	8	8	1	0:00:00.919598
9700	0	0	0	1	0:00:00.926628
9720	8	-1	8	0	0:00:00.929489
9740	3	6	6	0	0:00:00.961618
9760	9	7	7	0	0:00:00.953692
9780	4	6	6	0	0:00:00.944938
9800	1	1	1	1	0:00:00.941791
9820	0	8	8	0	0:00:00.951272
9840	4	3	3	0	0:00:00.940416
9860	0	5	5	0	0:00:00.938353
9880	7	-1	3	0	0:00:00.935541
9900	8	8	8	1	0:00:00.930698
9920	6	6	6	1	0:00:00.932656
9940	4	4	4	1	0:00:00.939916
9960	2	0	0	0	0:00:00.964920
9980	0	0	0	1	0:00:00.933109
