idx	label	predict	basePredict	correct	time
0	3	3	3	1	0:00:15.742767
20	7	9	1	0	0:00:15.684004
40	4	4	4	1	0:00:15.694561
60	7	7	7	1	0:00:15.668483
80	8	8	8	1	0:00:15.678530
100	4	5	5	0	0:00:15.664023
120	8	8	8	1	0:00:15.642982
140	6	6	2	1	0:00:15.645730
160	2	2	2	1	0:00:15.658675
180	0	0	0	1	0:00:15.667174
200	5	5	5	1	0:00:15.675965
220	7	7	7	1	0:00:15.663617
240	1	1	1	1	0:00:15.676427
260	8	5	5	0	0:00:15.699813
280	9	9	9	1	0:00:15.673455
300	6	6	6	1	0:00:15.708803
320	3	5	5	0	0:00:15.660790
340	2	6	6	0	0:00:15.671310
360	9	9	7	1	0:00:15.671778
380	6	6	4	1	0:00:15.764857
400	9	9	9	1	0:00:15.752735
420	4	4	4	1	0:00:15.686831
440	1	1	1	1	0:00:15.779963
460	5	5	5	1	0:00:15.753169
480	8	9	9	0	0:00:15.773019
500	4	6	6	0	0:00:15.706856
520	5	5	5	1	0:00:15.690248
540	1	1	1	1	0:00:15.765612
560	0	0	0	1	0:00:15.744323
580	4	6	4	0	0:00:15.663877
600	8	8	8	1	0:00:15.670791
620	7	7	7	1	0:00:15.664146
640	5	3	3	0	0:00:15.775079
660	9	9	9	1	0:00:15.757158
680	9	9	1	1	0:00:15.696870
700	7	7	7	1	0:00:15.750083
720	4	9	9	0	0:00:15.684038
740	2	5	5	0	0:00:15.717817
760	3	3	3	1	0:00:15.674700
780	9	9	9	1	0:00:15.733456
800	7	7	7	1	0:00:15.691616
820	6	1	1	0	0:00:15.687780
840	7	7	7	1	0:00:15.709936
860	4	4	4	1	0:00:15.754826
880	8	8	8	1	0:00:15.696384
900	2	6	6	0	0:00:15.752411
920	6	6	4	1	0:00:15.687123
940	9	9	9	1	0:00:15.739516
960	9	3	3	0	0:00:15.710368
980	2	6	6	0	0:00:15.768480
1000	5	5	5	1	0:00:14.957565
1020	1	1	1	1	0:00:14.982470
1040	7	5	5	0	0:00:14.959908
1060	9	9	9	1	0:00:14.969981
1080	6	6	2	1	0:00:14.970406
1100	7	8	8	0	0:00:14.969879
1120	5	2	2	0	0:00:14.957672
1140	6	6	4	1	0:00:14.958284
1160	8	8	8	1	0:00:14.968301
1180	3	3	3	1	0:00:14.974674
1200	8	8	8	1	0:00:14.968195
1220	9	6	6	0	0:00:14.966792
1240	2	6	6	0	0:00:15.001799
1260	1	9	9	0	0:00:15.016195
1280	3	5	5	0	0:00:15.010460
1300	4	3	3	0	0:00:14.947891
1320	7	2	2	0	0:00:14.957554
1340	1	1	1	1	0:00:14.967835
1360	7	7	7	1	0:00:14.961714
1380	4	5	5	0	0:00:15.027073
1400	5	5	5	1	0:00:14.947180
1420	4	7	7	0	0:00:14.947989
1440	0	8	8	0	0:00:14.952492
1460	6	6	6	1	0:00:14.999441
1480	1	1	1	1	0:00:15.041018
1500	1	1	1	1	0:00:14.987662
1520	7	7	7	1	0:00:14.967744
1540	8	8	8	1	0:00:15.038043
1560	7	7	7	1	0:00:14.987473
1580	6	1	1	0	0:00:15.016763
1600	8	9	1	0	0:00:15.013758
1620	5	4	4	0	0:00:14.969650
1640	7	3	3	0	0:00:15.001040
1660	3	3	5	1	0:00:15.053145
1680	6	6	6	1	0:00:14.991408
1700	5	5	2	1	0:00:14.994539
1720	4	4	3	1	0:00:14.959753
1740	1	9	9	0	0:00:14.968280
1760	0	8	8	0	0:00:15.002904
1780	7	9	9	0	0:00:14.994569
1800	4	4	8	1	0:00:14.965721
1820	8	9	9	0	0:00:14.976142
1840	8	9	7	0	0:00:15.065818
1860	8	8	8	1	0:00:14.971742
1880	1	1	1	1	0:00:15.013069
1900	8	8	8	1	0:00:14.967514
1920	2	2	2	1	0:00:14.958778
1940	5	5	5	1	0:00:14.976669
1960	2	5	5	0	0:00:15.000338
1980	9	9	9	1	0:00:14.976040
2000	1	1	1	1	0:00:14.967360
2020	9	9	9	1	0:00:14.999428
2040	0	0	0	1	0:00:15.038060
2060	5	3	3	0	0:00:14.998026
2080	1	9	9	0	0:00:14.966191
2100	2	7	7	0	0:00:14.964906
2120	4	8	8	0	0:00:14.961199
2140	9	9	9	1	0:00:15.007033
2160	0	8	8	0	0:00:14.962451
2180	4	4	4	1	0:00:14.946855
2200	0	0	0	1	0:00:14.955845
2220	1	1	1	1	0:00:14.955365
2240	9	9	1	1	0:00:14.958753
2260	4	7	7	0	0:00:15.037834
2280	4	3	3	0	0:00:14.959998
2300	3	4	2	0	0:00:14.961166
2320	5	2	2	0	0:00:14.958176
2340	7	7	7	1	0:00:14.967297
2360	7	7	7	1	0:00:14.976649
2380	8	8	8	1	0:00:14.965007
2400	0	0	0	1	0:00:14.969308
2420	8	5	5	0	0:00:14.996685
2440	7	7	7	1	0:00:15.026101
2460	9	3	3	0	0:00:14.965663
2480	8	8	8	1	0:00:14.990214
2500	4	6	2	0	0:00:14.961442
2520	1	3	3	0	0:00:14.960505
2540	2	3	3	0	0:00:14.958324
2560	7	7	5	1	0:00:14.968592
2580	6	6	6	1	0:00:14.957876
2600	8	8	8	1	0:00:15.001627
2620	1	1	8	1	0:00:14.955278
2640	7	7	7	1	0:00:14.965262
2660	3	2	2	0	0:00:14.948694
2680	0	0	0	1	0:00:14.953122
2700	9	1	1	0	0:00:14.951988
2720	3	3	3	1	0:00:15.023571
2740	1	1	3	1	0:00:15.053458
2760	2	2	2	1	0:00:14.981002
2780	7	7	7	1	0:00:15.035470
2800	4	6	4	0	0:00:14.968639
2820	6	6	6	1	0:00:14.985147
2840	3	3	3	1	0:00:14.995237
2860	5	6	6	0	0:00:14.990220
2880	4	4	4	1	0:00:14.945057
2900	3	5	5	0	0:00:14.989528
2920	2	3	3	0	0:00:14.987745
2940	3	0	0	0	0:00:15.031301
2960	9	9	9	1	0:00:14.969513
2980	8	8	8	1	0:00:14.960136
3000	5	5	5	1	0:00:14.999011
3020	1	1	1	1	0:00:14.965812
3040	7	7	7	1	0:00:14.972314
3060	7	7	7	1	0:00:15.031874
3080	1	1	1	1	0:00:14.968543
3100	0	0	0	1	0:00:14.989558
3120	4	6	6	0	0:00:14.990185
3140	8	8	8	1	0:00:15.013468
3160	6	2	2	0	0:00:15.065613
3180	3	3	3	1	0:00:14.955413
3200	5	5	5	1	0:00:14.993121
3220	3	9	9	0	0:00:14.963562
3240	4	1	2	0	0:00:14.960381
3260	7	7	7	1	0:00:14.998070
3280	3	5	5	0	0:00:14.963677
3300	4	2	2	0	0:00:14.998879
3320	2	7	7	0	0:00:14.954200
3340	6	6	6	1	0:00:15.041792
3360	4	3	3	0	0:00:14.973161
3380	8	8	8	1	0:00:14.951183
3400	6	4	4	0	0:00:15.005558
3420	5	7	7	0	0:00:15.003233
3440	2	3	3	0	0:00:14.942791
3460	1	1	1	1	0:00:14.951025
3480	2	2	2	1	0:00:14.944067
3500	1	1	9	1	0:00:14.983133
3520	1	1	1	1	0:00:15.000441
3540	6	6	6	1	0:00:14.983094
3560	1	9	9	0	0:00:15.000477
3580	4	2	2	0	0:00:15.001192
3600	4	2	2	0	0:00:14.920931
3620	0	5	5	0	0:00:14.982931
3640	6	2	2	0	0:00:14.984195
3660	0	8	8	0	0:00:14.959388
3680	0	2	2	0	0:00:14.935728
3700	3	5	5	0	0:00:14.932146
3720	2	2	2	1	0:00:14.995939
3740	0	0	8	1	0:00:14.954801
3760	7	7	7	1	0:00:14.931520
3780	4	4	2	1	0:00:14.924753
3800	9	9	9	1	0:00:14.932730
3820	0	2	2	0	0:00:14.924914
3840	6	8	8	0	0:00:14.937356
3860	7	7	7	1	0:00:14.950073
3880	6	4	4	0	0:00:14.959623
3900	3	6	6	0	0:00:14.967870
3920	7	9	9	0	0:00:14.968087
3940	6	7	4	0	0:00:14.953305
3960	2	2	2	1	0:00:14.951541
3980	9	6	6	0	0:00:15.037685
4000	8	9	9	0	0:00:14.948753
4020	8	8	8	1	0:00:14.983675
4040	0	0	0	1	0:00:14.951201
4060	6	6	3	1	0:00:15.007983
4080	1	1	1	1	0:00:14.940246
4100	7	7	7	1	0:00:14.945798
4120	4	4	4	1	0:00:14.933125
4140	5	5	5	1	0:00:14.974434
4160	5	5	5	1	0:00:14.999569
4180	0	8	8	0	0:00:14.954904
4200	4	4	2	1	0:00:14.975072
4220	4	0	0	0	0:00:14.999561
4240	7	8	8	0	0:00:14.932952
4260	8	8	8	1	0:00:14.930618
4280	8	9	9	0	0:00:14.931329
4300	8	8	8	1	0:00:14.958326
4320	1	8	8	0	0:00:14.956946
4340	0	0	0	1	0:00:14.928552
4360	6	9	9	0	0:00:14.960331
4380	9	9	9	1	0:00:14.962043
4400	3	6	4	0	0:00:14.948472
4420	5	7	7	0	0:00:14.996904
4440	2	-1	5	0	0:00:14.949056
4460	9	9	9	1	0:00:14.964172
4480	9	9	9	1	0:00:14.942484
4500	3	5	5	0	0:00:14.963603
4520	3	6	6	0	0:00:14.955794
4540	9	9	9	1	0:00:14.984363
4560	1	1	1	1	0:00:14.970569
4580	6	6	4	1	0:00:14.935926
4600	4	2	2	0	0:00:14.933003
4620	7	3	3	0	0:00:14.969810
4640	2	2	2	1	0:00:14.931435
4660	7	7	7	1	0:00:15.011477
4680	9	9	9	1	0:00:14.938598
4700	6	1	1	0	0:00:14.948471
4720	8	0	0	0	0:00:14.949003
4740	5	3	3	0	0:00:14.938003
4760	3	2	2	0	0:00:14.957644
4780	0	0	0	1	0:00:14.943384
4800	9	9	9	1	0:00:14.958285
4820	3	5	5	0	0:00:14.944028
4840	0	0	0	1	0:00:14.991293
4860	5	5	5	1	0:00:14.954611
4880	0	7	7	0	0:00:14.963019
4900	3	6	5	0	0:00:14.948621
4920	7	7	7	1	0:00:14.951153
4940	6	6	2	1	0:00:14.935675
4960	4	3	3	0	0:00:14.987090
4980	1	9	9	0	0:00:14.924476
5000	7	7	7	1	0:00:14.947289
5020	8	8	8	1	0:00:14.964521
5040	3	3	3	1	0:00:14.934804
5060	6	6	2	1	0:00:14.948605
5080	7	7	4	1	0:00:15.008410
5100	3	3	3	1	0:00:14.987333
5120	9	9	9	1	0:00:14.936060
5140	8	8	8	1	0:00:14.960885
5160	0	0	0	1	0:00:14.933787
5180	9	7	7	0	0:00:14.928900
5200	3	3	3	1	0:00:14.954756
5220	0	0	0	1	0:00:14.972367
5240	1	9	9	0	0:00:14.928038
5260	0	0	0	1	0:00:14.930845
5280	0	8	8	0	0:00:14.931955
5300	9	9	9	1	0:00:14.975100
5320	7	7	7	1	0:00:14.945045
5340	3	5	5	0	0:00:14.994529
5360	9	9	9	1	0:00:14.981128
5380	1	9	9	0	0:00:14.933158
5400	9	9	9	1	0:00:14.925442
5420	6	6	6	1	0:00:14.933535
5440	9	9	9	1	0:00:14.938288
5460	0	6	6	0	0:00:15.011045
5480	1	1	1	1	0:00:14.952274
5500	8	1	8	0	0:00:14.949830
5520	4	3	3	0	0:00:14.951500
5540	5	6	6	0	0:00:14.928564
5560	3	6	6	0	0:00:14.949173
5580	5	6	3	0	0:00:14.956824
5600	6	9	4	0	0:00:14.944554
5620	3	2	2	0	0:00:14.933319
5640	2	3	0	0	0:00:14.919005
5660	9	9	9	1	0:00:14.929303
5680	2	3	3	0	0:00:14.931144
5700	3	5	0	0	0:00:14.923933
5720	9	9	9	1	0:00:14.920918
5740	6	4	4	0	0:00:14.913861
5760	2	2	2	1	0:00:14.920692
5780	7	7	7	1	0:00:14.930997
5800	2	2	2	1	0:00:14.980484
5820	5	6	6	0	0:00:14.922973
5840	2	5	5	0	0:00:14.945371
5860	0	0	8	1	0:00:14.948682
5880	0	0	0	1	0:00:14.931012
5900	4	5	5	0	0:00:14.942659
5920	8	8	8	1	0:00:14.943619
5940	7	6	6	0	0:00:14.955458
5960	2	6	6	0	0:00:14.977680
5980	9	9	9	1	0:00:14.984377
6000	8	8	8	1	0:00:14.947132
6020	6	6	6	1	0:00:14.942926
6040	2	7	7	0	0:00:14.931643
6060	3	6	4	0	0:00:14.943005
6080	1	1	1	1	0:00:14.948285
6100	1	1	1	1	0:00:14.943359
6120	5	5	5	1	0:00:14.923987
6140	9	9	9	1	0:00:14.946019
6160	2	5	5	0	0:00:14.994933
6180	0	9	9	0	0:00:14.989429
6200	3	3	3	1	0:00:14.926643
6220	2	5	5	0	0:00:14.938426
6240	2	0	0	0	0:00:14.932970
6260	2	1	1	0	0:00:14.931487
6280	8	5	5	0	0:00:14.933997
6300	1	1	1	1	0:00:14.926619
6320	0	0	0	1	0:00:14.934735
6340	3	5	5	0	0:00:14.923218
6360	2	6	2	0	0:00:14.934932
6380	3	6	4	0	0:00:14.946333
6400	0	8	0	0	0:00:15.027895
6420	7	7	7	1	0:00:15.001985
6440	3	6	8	0	0:00:14.957897
6460	3	5	5	0	0:00:14.940225
6480	0	2	2	0	0:00:14.985570
6500	7	6	6	0	0:00:14.949793
6520	6	6	2	1	0:00:14.933651
6540	8	8	8	1	0:00:14.921574
6560	6	6	6	1	0:00:14.947847
6580	1	7	3	0	0:00:14.994833
6600	7	7	7	1	0:00:14.977144
6620	7	7	7	1	0:00:14.937459
6640	5	3	3	0	0:00:14.960344
6660	0	0	0	1	0:00:14.946167
6680	3	3	5	1	0:00:14.967289
6700	6	6	6	1	0:00:15.007683
6720	2	4	4	0	0:00:15.000691
6740	2	6	4	0	0:00:14.925601
6760	5	5	3	1	0:00:14.912742
6780	7	7	7	1	0:00:14.923861
6800	6	4	4	0	0:00:14.942841
6820	1	1	1	1	0:00:14.955304
6840	9	9	9	1	0:00:14.945138
6860	0	0	0	1	0:00:14.931826
6880	2	2	2	1	0:00:14.932389
6900	3	3	3	1	0:00:14.933309
6920	5	2	2	0	0:00:14.945264
6940	1	1	1	1	0:00:14.975655
6960	9	8	8	0	0:00:14.942227
6980	0	1	1	0	0:00:14.923109
7000	2	8	8	0	0:00:14.915512
7020	7	7	7	1	0:00:14.942459
7040	7	8	8	0	0:00:14.965607
7060	8	8	8	1	0:00:15.015876
7080	5	4	4	0	0:00:14.947545
7100	9	2	2	0	0:00:14.942267
7120	7	7	7	1	0:00:14.952183
7140	4	7	7	0	0:00:14.952876
7160	5	5	5	1	0:00:14.923923
7180	6	6	6	1	0:00:14.993239
7200	4	6	6	0	0:00:14.947958
7220	9	9	0	1	0:00:15.012023
7240	0	8	8	0	0:00:14.983641
7260	1	1	1	1	0:00:14.930773
7280	1	0	0	0	0:00:14.983763
7300	3	4	4	0	0:00:14.934433
7320	8	0	0	0	0:00:15.020853
7340	2	4	4	0	0:00:14.933064
7360	2	7	7	0	0:00:14.983182
7380	7	7	7	1	0:00:14.946700
7400	3	9	9	0	0:00:14.964629
7420	3	2	2	0	0:00:15.016628
7440	3	3	7	1	0:00:14.956023
7460	5	5	5	1	0:00:14.920846
7480	1	8	8	0	0:00:14.911876
7500	6	6	6	1	0:00:14.927811
7520	4	4	4	1	0:00:14.958894
7540	5	5	5	1	0:00:14.927069
7560	0	0	8	1	0:00:14.928284
7580	8	9	9	0	0:00:14.942162
7600	8	9	9	0	0:00:14.997424
7620	5	3	3	0	0:00:14.941187
7640	9	9	9	1	0:00:14.934537
7660	7	7	7	1	0:00:14.936170
7680	3	5	5	0	0:00:14.930623
7700	6	6	6	1	0:00:14.933095
7720	5	2	2	0	0:00:14.945683
7740	4	4	2	1	0:00:14.958465
7760	2	9	9	0	0:00:14.943776
7780	3	9	9	0	0:00:14.975063
7800	0	0	0	1	0:00:14.906521
7820	5	5	0	1	0:00:14.957137
7840	1	1	1	1	0:00:14.972745
7860	8	8	8	1	0:00:14.935019
7880	0	0	0	1	0:00:14.939440
7900	0	2	8	0	0:00:14.936191
7920	9	1	1	0	0:00:14.930458
7940	2	6	6	0	0:00:14.989268
7960	0	0	0	1	0:00:14.920787
7980	3	3	3	1	0:00:14.922737
8000	9	9	9	1	0:00:14.927335
8020	6	7	7	0	0:00:14.931099
8040	2	2	0	1	0:00:14.915994
8060	6	6	6	1	0:00:14.909270
8080	4	6	6	0	0:00:14.908133
8100	6	2	2	0	0:00:14.926890
8120	8	9	8	0	0:00:14.985926
8140	5	4	4	0	0:00:14.937767
8160	6	6	6	1	0:00:14.940975
8180	4	6	4	0	0:00:14.942310
8200	3	0	0	0	0:00:14.972172
8220	6	7	4	0	0:00:14.927907
8240	7	7	7	1	0:00:14.967376
8260	1	1	1	1	0:00:14.914257
8280	4	0	0	0	0:00:14.943583
8300	5	2	2	0	0:00:14.939595
8320	7	7	3	1	0:00:14.934608
8340	5	3	5	0	0:00:14.944464
8360	7	7	7	1	0:00:15.000890
8380	9	9	9	1	0:00:14.917141
8400	0	8	8	0	0:00:14.973780
8420	3	6	4	0	0:00:14.925532
8440	5	3	3	0	0:00:14.923688
8460	8	8	8	1	0:00:14.918604
8480	2	2	2	1	0:00:14.919827
8500	4	4	4	1	0:00:14.914808
8520	8	8	8	1	0:00:14.943538
8540	4	6	2	0	0:00:14.965191
8560	7	7	7	1	0:00:14.947589
8580	3	9	9	0	0:00:14.938841
8600	3	5	5	0	0:00:14.958410
8620	3	2	2	0	0:00:14.957320
8640	1	1	1	1	0:00:14.921865
8660	7	7	5	1	0:00:14.918913
8680	3	6	2	0	0:00:14.925134
8700	3	3	3	1	0:00:14.915622
8720	2	0	0	0	0:00:14.945170
8740	2	4	4	0	0:00:14.945715
8760	8	8	8	1	0:00:14.939266
8780	4	4	4	1	0:00:14.920178
8800	0	0	0	1	0:00:14.926160
8820	2	2	2	1	0:00:14.960328
8840	2	6	2	0	0:00:14.969716
8860	2	2	2	1	0:00:14.926768
8880	1	1	1	1	0:00:14.956981
8900	2	4	4	0	0:00:14.936223
8920	6	6	6	1	0:00:14.954478
8940	6	3	3	0	0:00:14.996727
8960	0	0	0	1	0:00:14.931593
8980	9	9	9	1	0:00:14.939495
9000	8	8	8	1	0:00:14.918767
9020	7	7	7	1	0:00:14.927253
9040	2	5	5	0	0:00:14.993895
9060	9	9	5	1	0:00:14.960866
9080	3	3	6	1	0:00:14.908520
9100	9	1	1	0	0:00:14.906798
9120	3	5	5	0	0:00:14.922299
9140	7	7	7	1	0:00:14.922698
9160	5	5	5	1	0:00:14.932466
9180	5	5	5	1	0:00:14.920393
9200	8	8	8	1	0:00:14.912869
9220	8	8	8	1	0:00:14.967261
9240	8	8	8	1	0:00:14.932241
9260	5	5	5	1	0:00:14.936674
9280	9	8	8	0	0:00:14.947018
9300	5	4	4	0	0:00:14.980505
9320	9	9	9	1	0:00:14.946360
9340	1	1	1	1	0:00:14.943940
9360	5	0	0	0	0:00:14.939573
9380	5	3	3	0	0:00:14.920182
9400	6	6	6	1	0:00:14.914216
9420	5	5	5	1	0:00:14.917620
9440	8	8	8	1	0:00:14.922472
9460	3	7	7	0	0:00:14.929271
9480	2	4	4	0	0:00:14.915589
9500	9	9	9	1	0:00:14.920087
9520	1	1	1	1	0:00:14.933199
9540	5	5	5	1	0:00:14.905987
9560	9	7	7	0	0:00:14.915745
9580	1	1	1	1	0:00:14.912622
9600	8	8	8	1	0:00:14.906550
9620	4	4	4	1	0:00:14.923355
9640	5	5	5	1	0:00:14.919970
9660	6	6	6	1	0:00:14.928293
9680	8	8	8	1	0:00:14.925932
9700	0	0	0	1	0:00:14.963186
9720	8	1	3	0	0:00:14.921056
9740	3	6	6	0	0:00:14.919619
9760	9	7	7	0	0:00:14.911043
9780	4	6	6	0	0:00:14.925915
9800	1	1	1	1	0:00:14.946565
9820	0	8	8	0	0:00:14.942551
9840	4	3	3	0	0:00:14.962099
9860	0	5	5	0	0:00:14.924657
9880	7	3	3	0	0:00:14.946765
9900	8	8	8	1	0:00:14.932026
9920	6	6	6	1	0:00:14.909801
9940	4	4	4	1	0:00:14.967732
9960	2	0	0	0	0:00:14.987832
9980	0	0	0	1	0:00:14.929302
