idx	label	predict	basePredict	correct	time
0	3	-1	4	0	0:00:16.417017
20	7	9	9	0	0:00:16.303769
40	4	8	8	0	0:00:16.324230
60	7	7	4	1	0:00:16.302232
80	8	8	8	1	0:00:16.303373
100	4	5	5	0	0:00:16.423351
120	8	8	8	1	0:00:16.323572
140	6	2	2	0	0:00:16.306223
160	2	2	2	1	0:00:16.299498
180	0	0	0	1	0:00:16.324295
200	5	3	3	0	0:00:16.297804
220	7	7	7	1	0:00:16.314803
240	1	1	1	1	0:00:16.307492
260	8	5	5	0	0:00:16.295786
280	9	9	9	1	0:00:16.361717
300	6	6	4	1	0:00:16.303318
320	3	5	2	0	0:00:16.312018
340	2	4	4	0	0:00:16.346344
360	9	6	6	0	0:00:16.289160
380	6	6	4	1	0:00:16.311386
400	9	1	1	0	0:00:16.390362
420	4	6	6	0	0:00:16.315786
440	1	1	1	1	0:00:16.294306
460	5	5	5	1	0:00:16.329839
480	8	9	9	0	0:00:16.302689
500	4	6	6	0	0:00:16.346446
520	5	7	7	0	0:00:16.327810
540	1	8	8	0	0:00:16.302851
560	0	0	0	1	0:00:16.278800
580	4	6	6	0	0:00:16.346630
600	8	8	8	1	0:00:16.297901
620	7	6	6	0	0:00:16.274491
640	5	3	3	0	0:00:16.318411
660	9	9	9	1	0:00:16.295987
680	9	1	1	0	0:00:18.160781
700	7	7	7	1	0:00:16.398580
720	4	9	9	0	0:00:16.310858
740	2	5	5	0	0:00:16.310103
760	3	9	9	0	0:00:16.353168
780	9	9	8	1	0:00:16.298927
800	7	7	7	1	0:00:16.361270
820	6	9	9	0	0:00:16.324474
840	7	7	7	1	0:00:16.309773
860	4	6	6	0	0:00:16.301415
880	8	8	8	1	0:00:16.311045
900	2	6	6	0	0:00:16.300603
920	6	2	2	0	0:00:16.304965
940	9	1	1	0	0:00:16.296874
960	9	9	8	1	0:00:16.357249
980	2	6	6	0	0:00:16.275409
1000	5	5	5	1	0:00:15.606463
1020	1	1	1	1	0:00:15.579165
1040	7	5	5	0	0:00:15.595302
1060	9	9	9	1	0:00:15.600871
1080	6	6	6	1	0:00:15.587577
1100	7	8	8	0	0:00:15.598488
1120	5	2	2	0	0:00:15.582754
1140	6	6	6	1	0:00:15.614701
1160	8	0	0	0	0:00:15.610470
1180	3	9	9	0	0:00:15.651913
1200	8	0	0	0	0:00:15.584021
1220	9	7	2	0	0:00:15.575237
1240	2	6	6	0	0:00:15.620986
1260	1	9	9	0	0:00:15.588768
1280	3	7	7	0	0:00:15.565470
1300	4	6	6	0	0:00:15.579621
1320	7	7	2	1	0:00:15.592486
1340	1	1	1	1	0:00:15.590235
1360	7	5	2	0	0:00:15.612892
1380	4	5	5	0	0:00:15.616237
1400	5	6	4	0	0:00:15.598293
1420	4	7	7	0	0:00:15.614157
1440	0	8	0	0	0:00:15.603072
1460	6	6	6	1	0:00:15.615512
1480	1	5	5	0	0:00:15.579846
1500	1	9	9	0	0:00:15.603825
1520	7	6	6	0	0:00:15.590305
1540	8	8	8	1	0:00:15.585947
1560	7	7	7	1	0:00:15.591880
1580	6	1	1	0	0:00:15.608434
1600	8	9	6	0	0:00:15.643478
1620	5	8	8	0	0:00:15.651717
1640	7	5	5	0	0:00:15.626067
1660	3	5	5	0	0:00:15.618088
1680	6	6	6	1	0:00:15.559914
1700	5	2	2	0	0:00:15.605736
1720	4	0	0	0	0:00:15.576205
1740	1	9	9	0	0:00:15.579163
1760	0	8	8	0	0:00:15.578191
1780	7	8	8	0	0:00:15.617388
1800	4	8	8	0	0:00:15.564285
1820	8	1	1	0	0:00:15.588454
1840	8	7	7	0	0:00:15.614022
1860	8	8	8	1	0:00:15.579001
1880	1	1	1	1	0:00:15.650309
1900	8	8	8	1	0:00:15.634098
1920	2	2	2	1	0:00:15.575731
1940	5	2	2	0	0:00:15.624867
1960	2	5	5	0	0:00:15.599020
1980	9	9	9	1	0:00:15.590718
2000	1	6	6	0	0:00:15.579898
2020	9	9	9	1	0:00:15.573718
2040	0	8	8	0	0:00:15.601878
2060	5	5	5	1	0:00:15.580928
2080	1	1	1	1	0:00:15.583971
2100	2	4	4	0	0:00:15.623610
2120	4	8	8	0	0:00:15.598418
2140	9	1	1	0	0:00:15.582023
2160	0	8	8	0	0:00:15.616239
2180	4	6	6	0	0:00:15.618404
2200	0	0	0	1	0:00:15.594524
2220	1	1	1	1	0:00:15.627843
2240	9	9	9	1	0:00:15.602932
2260	4	6	4	0	0:00:15.637825
2280	4	8	8	0	0:00:15.669915
2300	3	6	6	0	0:00:15.600332
2320	5	8	0	0	0:00:15.621442
2340	7	7	7	1	0:00:15.581727
2360	7	7	7	1	0:00:15.597085
2380	8	8	8	1	0:00:15.642002
2400	0	4	4	0	0:00:15.614435
2420	8	5	5	0	0:00:15.588197
2440	7	1	8	0	0:00:15.586736
2460	9	9	6	1	0:00:15.626723
2480	8	8	8	1	0:00:15.631929
2500	4	6	4	0	0:00:15.596534
2520	1	8	8	0	0:00:15.566345
2540	2	3	3	0	0:00:15.601676
2560	7	6	2	0	0:00:15.567613
2580	6	6	4	1	0:00:15.587766
2600	8	8	8	1	0:00:15.615869
2620	1	6	4	0	0:00:15.626967
2640	7	7	7	1	0:00:15.618113
2660	3	0	0	0	0:00:15.584538
2680	0	0	0	1	0:00:15.589959
2700	9	3	3	0	0:00:15.641344
2720	3	8	8	0	0:00:15.598115
2740	1	1	1	1	0:00:15.631426
2760	2	6	6	0	0:00:15.587969
2780	7	7	7	1	0:00:15.603631
2800	4	6	6	0	0:00:15.571485
2820	6	6	6	1	0:00:15.607613
2840	3	7	7	0	0:00:15.652578
2860	5	7	7	0	0:00:15.622517
2880	4	4	4	1	0:00:15.610598
2900	3	5	5	0	0:00:15.628751
2920	2	3	8	0	0:00:15.607663
2940	3	0	0	0	0:00:15.616701
2960	9	7	9	0	0:00:15.596350
2980	8	1	1	0	0:00:15.583172
3000	5	5	5	1	0:00:15.625893
3020	1	1	8	1	0:00:15.619368
3040	7	7	7	1	0:00:15.594403
3060	7	7	7	1	0:00:15.594715
3080	1	6	2	0	0:00:15.610974
3100	0	0	0	1	0:00:15.633771
3120	4	6	6	0	0:00:15.633789
3140	8	8	8	1	0:00:15.582593
3160	6	4	4	0	0:00:15.601128
3180	3	9	8	0	0:00:15.581708
3200	5	7	7	0	0:00:15.568461
3220	3	9	9	0	0:00:15.582391
3240	4	1	8	0	0:00:15.584272
3260	7	7	7	1	0:00:15.575683
3280	3	5	0	0	0:00:15.578721
3300	4	6	6	0	0:00:15.600025
3320	2	7	7	0	0:00:15.599539
3340	6	6	6	1	0:00:15.577796
3360	4	6	6	0	0:00:15.600838
3380	8	8	8	1	0:00:15.625817
3400	6	1	1	0	0:00:15.609293
3420	5	6	6	0	0:00:15.608050
3440	2	9	9	0	0:00:15.587357
3460	1	1	1	1	0:00:15.602257
3480	2	2	2	1	0:00:15.585085
3500	1	1	1	1	0:00:15.582898
3520	1	1	1	1	0:00:15.576346
3540	6	8	8	0	0:00:15.635900
3560	1	9	9	0	0:00:15.618765
3580	4	1	1	0	0:00:15.641974
3600	4	2	2	0	0:00:15.582423
3620	0	7	6	0	0:00:15.612513
3640	6	2	0	0	0:00:15.583262
3660	0	8	8	0	0:00:15.585503
3680	0	2	2	0	0:00:15.594667
3700	3	5	5	0	0:00:15.611671
3720	2	2	2	1	0:00:15.592953
3740	0	0	0	1	0:00:15.596939
3760	7	7	7	1	0:00:15.662404
3780	4	2	2	0	0:00:15.617044
3800	9	3	3	0	0:00:15.590191
3820	0	0	0	1	0:00:15.583627
3840	6	8	8	0	0:00:15.625113
3860	7	7	7	1	0:00:15.602125
3880	6	4	4	0	0:00:15.626499
3900	3	0	0	0	0:00:15.600443
3920	7	9	8	0	0:00:15.602201
3940	6	7	7	0	0:00:15.603103
3960	2	5	5	0	0:00:15.579569
3980	9	7	7	0	0:00:15.595177
4000	8	7	0	0	0:00:15.582790
4020	8	8	8	1	0:00:15.568645
4040	0	0	0	1	0:00:15.631170
4060	6	6	0	1	0:00:15.587309
4080	1	1	8	1	0:00:15.602056
4100	7	7	7	1	0:00:15.609650
4120	4	0	0	0	0:00:15.592028
4140	5	3	3	0	0:00:15.614695
4160	5	2	2	0	0:00:15.577410
4180	0	-1	8	0	0:00:15.595891
4200	4	2	2	0	0:00:15.591557
4220	4	0	0	0	0:00:15.582891
4240	7	8	8	0	0:00:15.590820
4260	8	8	8	1	0:00:15.581300
4280	8	8	8	1	0:00:15.588909
4300	8	8	8	1	0:00:15.620269
4320	1	8	8	0	0:00:15.604716
4340	0	0	0	1	0:00:15.597955
4360	6	9	9	0	0:00:15.618184
4380	9	9	9	1	0:00:15.608097
4400	3	6	8	0	0:00:15.621900
4420	5	8	8	0	0:00:15.586409
4440	2	6	6	0	0:00:15.582689
4460	9	1	8	0	0:00:15.600564
4480	9	9	6	1	0:00:15.570184
4500	3	7	7	0	0:00:15.590185
4520	3	6	6	0	0:00:15.619151
4540	9	9	9	1	0:00:15.608153
4560	1	1	1	1	0:00:15.600952
4580	6	6	6	1	0:00:15.587158
4600	4	7	7	0	0:00:15.571277
4620	7	3	3	0	0:00:15.599847
4640	2	5	5	0	0:00:15.596821
4660	7	6	2	0	0:00:15.592854
4680	9	1	1	0	0:00:15.565467
4700	6	1	1	0	0:00:15.628018
4720	8	0	0	0	0:00:15.626255
4740	5	6	6	0	0:00:15.599997
4760	3	2	2	0	0:00:15.598305
4780	0	0	0	1	0:00:15.639376
4800	9	9	9	1	0:00:15.581061
4820	3	5	5	0	0:00:15.614793
4840	0	0	0	1	0:00:15.583480
4860	5	5	5	1	0:00:15.668193
4880	0	2	2	0	0:00:15.632967
4900	3	1	1	0	0:00:15.597760
4920	7	7	0	1	0:00:15.575318
4940	6	6	2	1	0:00:15.610046
4960	4	6	6	0	0:00:15.595345
4980	1	9	9	0	0:00:15.624439
5000	7	7	7	1	0:00:15.577230
5020	8	8	8	1	0:00:15.615403
5040	3	4	4	0	0:00:15.627277
5060	6	6	6	1	0:00:15.595363
5080	7	7	7	1	0:00:15.607862
5100	3	4	4	0	0:00:15.609700
5120	9	8	8	0	0:00:15.585775
5140	8	8	8	1	0:00:15.602299
5160	0	8	8	0	0:00:15.589221
5180	9	6	6	0	0:00:15.606852
5200	3	3	3	1	0:00:15.625213
5220	0	0	0	1	0:00:15.584732
5240	1	9	3	0	0:00:15.610547
5260	0	0	0	1	0:00:15.581024
5280	0	8	8	0	0:00:15.607812
5300	9	1	1	0	0:00:15.613950
5320	7	7	7	1	0:00:15.605495
5340	3	2	2	0	0:00:15.626833
5360	9	9	9	1	0:00:15.597919
5380	1	9	9	0	0:00:15.589900
5400	9	0	0	0	0:00:15.580017
5420	6	6	6	1	0:00:15.600688
5440	9	9	9	1	0:00:15.591002
5460	0	0	2	1	0:00:15.596183
5480	1	1	8	1	0:00:15.614077
5500	8	1	8	0	0:00:15.600220
5520	4	5	5	0	0:00:15.574053
5540	5	6	6	0	0:00:15.601181
5560	3	6	6	0	0:00:15.608263
5580	5	6	6	0	0:00:15.648706
5600	6	8	8	0	0:00:15.594784
5620	3	4	4	0	0:00:15.582681
5640	2	3	3	0	0:00:15.610063
5660	9	9	8	1	0:00:15.578935
5680	2	1	8	0	0:00:15.586100
5700	3	6	6	0	0:00:15.589575
5720	9	9	9	1	0:00:15.600743
5740	6	6	6	1	0:00:15.589166
5760	2	2	8	1	0:00:15.597631
5780	7	7	7	1	0:00:15.595128
5800	2	6	6	0	0:00:15.599174
5820	5	6	6	0	0:00:15.604633
5840	2	6	6	0	0:00:15.600150
5860	0	8	8	0	0:00:15.587765
5880	0	8	0	0	0:00:15.593503
5900	4	5	4	0	0:00:15.622075
5920	8	8	8	1	0:00:15.609944
5940	7	4	4	0	0:00:15.579791
5960	2	7	7	0	0:00:15.599833
5980	9	9	9	1	0:00:15.621005
6000	8	9	8	0	0:00:15.623844
6020	6	6	6	1	0:00:15.611910
6040	2	7	7	0	0:00:15.652798
6060	3	4	4	0	0:00:15.653803
6080	1	1	1	1	0:00:15.596195
6100	1	1	8	1	0:00:15.600152
6120	5	5	5	1	0:00:15.612936
6140	9	9	9	1	0:00:15.593815
6160	2	5	5	0	0:00:15.612882
6180	0	8	8	0	0:00:15.583922
6200	3	3	3	1	0:00:15.575992
6220	2	6	6	0	0:00:15.598667
6240	2	1	6	0	0:00:15.607300
6260	2	9	9	0	0:00:15.615824
6280	8	5	5	0	0:00:15.615075
6300	1	7	4	0	0:00:15.583366
6320	0	0	0	1	0:00:15.597751
6340	3	3	3	1	0:00:15.621258
6360	2	6	2	0	0:00:15.618519
6380	3	1	6	0	0:00:15.644251
6400	0	1	1	0	0:00:15.596459
6420	7	7	7	1	0:00:15.578259
6440	3	8	8	0	0:00:15.601691
6460	3	1	1	0	0:00:15.591695
6480	0	0	0	1	0:00:15.572706
6500	7	0	0	0	0:00:15.570058
6520	6	4	4	0	0:00:15.589966
6540	8	8	8	1	0:00:15.603559
6560	6	6	6	1	0:00:15.607313
6580	1	8	8	0	0:00:15.622067
6600	7	7	7	1	0:00:15.589074
6620	7	7	7	1	0:00:15.647438
6640	5	3	3	0	0:00:15.621706
6660	0	0	8	1	0:00:15.576940
6680	3	3	3	1	0:00:15.571803
6700	6	6	6	1	0:00:15.592549
6720	2	2	2	1	0:00:15.570394
6740	2	6	6	0	0:00:15.629116
6760	5	2	2	0	0:00:15.589193
6780	7	7	7	1	0:00:15.588804
6800	6	6	6	1	0:00:15.597086
6820	1	1	1	1	0:00:15.598253
6840	9	1	1	0	0:00:15.615128
6860	0	0	0	1	0:00:15.622623
6880	2	7	7	0	0:00:15.596862
6900	3	7	7	0	0:00:15.631602
6920	5	2	2	0	0:00:15.580005
6940	1	1	1	1	0:00:15.646525
6960	9	8	8	0	0:00:15.585199
6980	0	9	9	0	0:00:15.566461
7000	2	8	8	0	0:00:15.604571
7020	7	7	7	1	0:00:15.589030
7040	7	8	8	0	0:00:15.587661
7060	8	8	8	1	0:00:15.592079
7080	5	4	4	0	0:00:15.596303
7100	9	3	3	0	0:00:15.651596
7120	7	7	7	1	0:00:15.633750
7140	4	4	4	1	0:00:15.581890
7160	5	4	4	0	0:00:15.620533
7180	6	6	6	1	0:00:15.582425
7200	4	6	6	0	0:00:15.600331
7220	9	8	8	0	0:00:15.633074
7240	0	8	8	0	0:00:15.581141
7260	1	8	8	0	0:00:15.565751
7280	1	1	6	1	0:00:15.602523
7300	3	0	0	0	0:00:15.586472
7320	8	0	0	0	0:00:15.611307
7340	2	4	4	0	0:00:15.568598
7360	2	7	5	0	0:00:15.595901
7380	7	7	7	1	0:00:15.608476
7400	3	9	9	0	0:00:15.603868
7420	3	0	0	0	0:00:15.584798
7440	3	6	6	0	0:00:15.611676
7460	5	5	5	1	0:00:15.582364
7480	1	5	5	0	0:00:15.594409
7500	6	6	6	1	0:00:15.589710
7520	4	6	6	0	0:00:15.568737
7540	5	5	5	1	0:00:15.579119
7560	0	6	2	0	0:00:15.556880
7580	8	8	8	1	0:00:15.594586
7600	8	9	9	0	0:00:15.588410
7620	5	3	3	0	0:00:15.596637
7640	9	8	8	0	0:00:15.579310
7660	7	1	1	0	0:00:15.578575
7680	3	9	9	0	0:00:15.580441
7700	6	6	6	1	0:00:15.612252
7720	5	6	6	0	0:00:15.605148
7740	4	6	2	0	0:00:15.607586
7760	2	9	9	0	0:00:15.577365
7780	3	1	1	0	0:00:15.592287
7800	0	0	0	1	0:00:15.566566
7820	5	8	8	0	0:00:15.594262
7840	1	1	1	1	0:00:15.583918
7860	8	-1	4	0	0:00:15.578881
7880	0	2	2	0	0:00:15.576262
7900	0	8	8	0	0:00:15.663990
7920	9	8	8	0	0:00:15.605344
7940	2	6	6	0	0:00:15.581491
7960	0	0	0	1	0:00:15.566669
7980	3	7	4	0	0:00:15.567974
8000	9	9	9	1	0:00:15.581050
8020	6	6	6	1	0:00:15.648456
8040	2	6	6	0	0:00:15.591385
8060	6	6	6	1	0:00:15.571833
8080	4	6	6	0	0:00:15.590245
8100	6	2	2	0	0:00:15.618048
8120	8	9	8	0	0:00:15.619570
8140	5	6	6	0	0:00:15.602950
8160	6	9	6	0	0:00:15.580208
8180	4	6	6	0	0:00:15.576926
8200	3	6	6	0	0:00:15.593399
8220	6	6	6	1	0:00:15.594117
8240	7	7	7	1	0:00:15.592353
8260	1	1	1	1	0:00:15.584647
8280	4	5	5	0	0:00:15.588045
8300	5	2	2	0	0:00:15.574856
8320	7	4	4	0	0:00:15.607175
8340	5	5	5	1	0:00:15.583721
8360	7	7	7	1	0:00:15.569927
8380	9	8	8	0	0:00:15.588467
8400	0	8	8	0	0:00:15.594236
8420	3	6	4	0	0:00:15.585494
8440	5	9	4	0	0:00:15.575868
8460	8	8	8	1	0:00:15.590262
8480	2	1	8	0	0:00:15.582684
8500	4	2	2	0	0:00:15.593238
8520	8	6	6	0	0:00:15.566226
8540	4	6	4	0	0:00:15.583684
8560	7	7	7	1	0:00:15.611778
8580	3	1	1	0	0:00:15.591737
8600	3	7	7	0	0:00:15.578469
8620	3	4	4	0	0:00:15.586329
8640	1	1	1	1	0:00:15.573529
8660	7	5	5	0	0:00:15.600922
8680	3	9	0	0	0:00:15.591313
8700	3	5	5	0	0:00:15.594656
8720	2	0	0	0	0:00:15.562516
8740	2	6	6	0	0:00:15.577544
8760	8	8	8	1	0:00:15.610720
8780	4	4	4	1	0:00:15.618337
8800	0	0	0	1	0:00:15.643520
8820	2	2	2	1	0:00:15.599575
8840	2	1	1	0	0:00:15.595089
8860	2	2	2	1	0:00:15.583085
8880	1	1	6	1	0:00:15.565364
8900	2	6	4	0	0:00:15.587472
8920	6	6	6	1	0:00:15.560512
8940	6	3	3	0	0:00:15.611682
8960	0	0	0	1	0:00:15.591233
8980	9	9	9	1	0:00:15.598069
9000	8	8	8	1	0:00:15.570468
9020	7	7	7	1	0:00:15.579702
9040	2	5	5	0	0:00:15.573526
9060	9	5	5	0	0:00:15.569374
9080	3	0	0	0	0:00:15.580817
9100	9	6	6	0	0:00:15.603017
9120	3	0	0	0	0:00:15.604906
9140	7	8	8	0	0:00:15.611204
9160	5	5	5	1	0:00:15.584993
9180	5	5	5	1	0:00:15.572760
9200	8	8	8	1	0:00:15.613034
9220	8	8	8	1	0:00:15.581324
9240	8	8	8	1	0:00:15.578790
9260	5	5	5	1	0:00:15.581813
9280	9	0	8	0	0:00:15.587364
9300	5	5	2	1	0:00:15.599667
9320	9	9	8	1	0:00:15.618972
9340	1	1	1	1	0:00:15.601621
9360	5	0	6	0	0:00:15.580746
9380	5	9	9	0	0:00:15.607266
9400	6	6	6	1	0:00:15.577393
9420	5	6	6	0	0:00:15.574868
9440	8	8	8	1	0:00:15.588280
9460	3	6	6	0	0:00:15.594684
9480	2	4	4	0	0:00:15.617989
9500	9	1	1	0	0:00:15.572329
9520	1	1	1	1	0:00:15.577328
9540	5	5	5	1	0:00:15.592596
9560	9	7	7	0	0:00:15.603967
9580	1	4	4	0	0:00:15.585637
9600	8	8	8	1	0:00:15.570777
9620	4	7	7	0	0:00:15.589804
9640	5	0	0	0	0:00:15.598315
9660	6	6	6	1	0:00:15.625771
9680	8	8	8	1	0:00:15.588837
9700	0	0	0	1	0:00:15.602890
9720	8	6	6	0	0:00:15.570070
9740	3	6	6	0	0:00:15.598770
9760	9	9	7	1	0:00:15.562801
9780	4	6	6	0	0:00:15.614043
9800	1	1	1	1	0:00:15.577543
9820	0	8	8	0	0:00:15.563291
9840	4	7	7	0	0:00:15.568486
9860	0	2	8	0	0:00:15.623353
9880	7	4	4	0	0:00:15.601028
9900	8	0	0	0	0:00:15.592695
9920	6	6	6	1	0:00:15.590161
9940	4	5	5	0	0:00:15.602392
9960	2	0	0	0	0:00:15.578235
9980	0	0	0	1	0:00:15.582477
