idx	label	predict	basePredict	correct	time
0	3	-1	2	0	0:00:02.179886
20	7	-1	9	0	0:00:01.802706
40	4	-1	8	0	0:00:01.814525
60	7	-1	2	0	0:00:01.825024
80	8	-1	8	0	0:00:01.812648
100	4	-1	3	0	0:00:01.802811
120	8	-1	8	0	0:00:01.804342
140	6	2	2	0	0:00:01.800754
160	2	0	2	0	0:00:01.819143
180	0	-1	8	0	0:00:01.808038
200	5	7	3	0	0:00:01.811720
220	7	7	7	1	0:00:01.816701
240	1	1	8	1	0:00:01.797870
260	8	-1	6	0	0:00:01.807159
280	9	9	8	1	0:00:01.805330
300	6	-1	4	0	0:00:01.803020
320	3	-1	4	0	0:00:01.856559
340	2	4	4	0	0:00:01.804744
360	9	-1	4	0	0:00:01.817386
380	6	-1	4	0	0:00:01.800143
400	9	-1	1	0	0:00:01.795481
420	4	-1	6	0	0:00:01.799975
440	1	-1	6	0	0:00:01.803048
460	5	-1	3	0	0:00:01.794600
480	8	9	9	0	0:00:01.800368
500	4	-1	6	0	0:00:01.800019
520	5	7	7	0	0:00:01.815900
540	1	-1	8	0	0:00:01.803952
560	0	-1	8	0	0:00:01.800153
580	4	6	4	0	0:00:01.817120
600	8	-1	8	0	0:00:01.805352
620	7	-1	4	0	0:00:01.812476
640	5	3	3	0	0:00:01.806763
660	9	9	9	1	0:00:01.803331
680	9	7	4	0	0:00:01.818555
700	7	0	4	0	0:00:01.802065
720	4	9	9	0	0:00:01.817363
740	2	5	3	0	0:00:01.814769
760	3	9	9	0	0:00:01.806396
780	9	-1	0	0	0:00:01.808376
800	7	7	7	1	0:00:01.805144
820	6	-1	8	0	0:00:01.805203
840	7	7	7	1	0:00:01.801949
860	4	-1	4	0	0:00:01.791617
880	8	8	8	1	0:00:01.797691
900	2	-1	4	0	0:00:01.801725
920	6	-1	2	0	0:00:01.794500
940	9	-1	9	0	0:00:01.803979
960	9	9	4	1	0:00:01.804823
980	2	6	6	0	0:00:01.813524
1000	5	5	5	1	0:00:01.720278
1020	1	-1	8	0	0:00:01.719493
1040	7	5	5	0	0:00:01.715775
1060	9	9	8	1	0:00:01.713260
1080	6	-1	6	0	0:00:01.713941
1100	7	8	8	0	0:00:01.715343
1120	5	-1	2	0	0:00:01.718431
1140	6	4	4	0	0:00:01.717329
1160	8	0	0	0	0:00:01.720484
1180	3	-1	8	0	0:00:01.715081
1200	8	0	0	0	0:00:01.720490
1220	9	6	6	0	0:00:01.715901
1240	2	6	6	0	0:00:01.718266
1260	1	9	9	0	0:00:01.718120
1280	3	7	7	0	0:00:01.723121
1300	4	3	3	0	0:00:01.715035
1320	7	-1	2	0	0:00:01.720741
1340	1	-1	8	0	0:00:01.715734
1360	7	-1	4	0	0:00:01.718121
1380	4	5	5	0	0:00:01.719290
1400	5	-1	2	0	0:00:01.721971
1420	4	7	7	0	0:00:01.718282
1440	0	8	8	0	0:00:01.718925
1460	6	-1	4	0	0:00:01.718446
1480	1	-1	5	0	0:00:01.721445
1500	1	9	8	0	0:00:01.717984
1520	7	-1	2	0	0:00:01.717595
1540	8	-1	8	0	0:00:01.717369
1560	7	7	7	1	0:00:01.721061
1580	6	1	1	0	0:00:01.714729
1600	8	-1	6	0	0:00:01.719728
1620	5	8	8	0	0:00:01.720416
1640	7	5	3	0	0:00:01.721153
1660	3	-1	4	0	0:00:01.720870
1680	6	6	6	1	0:00:01.718544
1700	5	2	2	0	0:00:01.719199
1720	4	2	2	0	0:00:01.720836
1740	1	9	9	0	0:00:01.717162
1760	0	8	8	0	0:00:01.718919
1780	7	-1	8	0	0:00:01.716237
1800	4	8	8	0	0:00:01.721259
1820	8	-1	8	0	0:00:01.718344
1840	8	-1	4	0	0:00:01.721443
1860	8	-1	8	0	0:00:01.718283
1880	1	8	8	0	0:00:01.719402
1900	8	8	8	1	0:00:01.719604
1920	2	-1	2	0	0:00:01.720439
1940	5	3	3	0	0:00:01.723020
1960	2	5	5	0	0:00:01.723087
1980	9	9	2	1	0:00:01.720426
2000	1	6	4	0	0:00:01.720448
2020	9	9	1	1	0:00:01.719204
2040	0	8	8	0	0:00:01.718663
2060	5	-1	3	0	0:00:01.720935
2080	1	-1	4	0	0:00:01.724874
2100	2	4	4	0	0:00:01.717056
2120	4	8	8	0	0:00:01.724642
2140	9	-1	1	0	0:00:01.720508
2160	0	8	8	0	0:00:01.722889
2180	4	-1	4	0	0:00:01.714985
2200	0	2	2	0	0:00:01.716726
2220	1	1	4	1	0:00:01.718331
2240	9	-1	8	0	0:00:01.718542
2260	4	7	4	0	0:00:01.714718
2280	4	8	8	0	0:00:01.714556
2300	3	-1	4	0	0:00:01.718582
2320	5	-1	8	0	0:00:01.721410
2340	7	-1	7	0	0:00:01.719750
2360	7	-1	3	0	0:00:01.719861
2380	8	0	0	0	0:00:01.716720
2400	0	-1	4	0	0:00:01.717649
2420	8	-1	5	0	0:00:01.720773
2440	7	-1	8	0	0:00:01.721009
2460	9	3	3	0	0:00:01.716743
2480	8	-1	8	0	0:00:01.718366
2500	4	-1	2	0	0:00:01.723841
2520	1	9	8	0	0:00:01.717991
2540	2	3	3	0	0:00:01.718148
2560	7	-1	2	0	0:00:01.719491
2580	6	-1	4	0	0:00:01.717136
2600	8	8	8	1	0:00:01.716705
2620	1	-1	4	0	0:00:01.718178
2640	7	-1	6	0	0:00:01.719556
2660	3	-1	2	0	0:00:01.715945
2680	0	0	0	1	0:00:01.717507
2700	9	-1	0	0	0:00:01.716889
2720	3	2	2	0	0:00:01.719082
2740	1	-1	7	0	0:00:01.716577
2760	2	4	4	0	0:00:01.720113
2780	7	7	6	1	0:00:01.717392
2800	4	6	6	0	0:00:01.719593
2820	6	6	4	1	0:00:01.715227
2840	3	3	3	1	0:00:01.717031
2860	5	-1	4	0	0:00:01.714806
2880	4	4	4	1	0:00:01.720789
2900	3	2	2	0	0:00:01.716594
2920	2	5	5	0	0:00:01.719147
2940	3	0	0	0	0:00:01.718108
2960	9	-1	8	0	0:00:01.719923
2980	8	1	8	0	0:00:01.716760
3000	5	5	5	1	0:00:01.719610
3020	1	-1	8	0	0:00:01.716310
3040	7	7	7	1	0:00:01.720298
3060	7	7	7	1	0:00:01.714126
3080	1	-1	4	0	0:00:01.716533
3100	0	0	8	1	0:00:01.717911
3120	4	6	2	0	0:00:01.720651
3140	8	-1	8	0	0:00:01.719004
3160	6	4	4	0	0:00:01.720570
3180	3	-1	8	0	0:00:01.720226
3200	5	7	7	0	0:00:01.719314
3220	3	9	9	0	0:00:01.718662
3240	4	1	8	0	0:00:01.721630
3260	7	0	0	0	0:00:01.719397
3280	3	-1	0	0	0:00:01.722596
3300	4	6	4	0	0:00:01.721706
3320	2	7	7	0	0:00:01.723308
3340	6	-1	4	0	0:00:01.719032
3360	4	6	6	0	0:00:01.717345
3380	8	-1	8	0	0:00:01.713925
3400	6	4	4	0	0:00:01.713956
3420	5	-1	4	0	0:00:01.717697
3440	2	9	3	0	0:00:01.719714
3460	1	1	4	1	0:00:01.719148
3480	2	2	2	1	0:00:01.721565
3500	1	-1	4	0	0:00:01.719332
3520	1	1	1	1	0:00:01.720893
3540	6	-1	4	0	0:00:01.719587
3560	1	9	0	0	0:00:01.722240
3580	4	1	8	0	0:00:01.715352
3600	4	2	2	0	0:00:01.720571
3620	0	-1	6	0	0:00:01.719518
3640	6	2	2	0	0:00:01.721160
3660	0	8	8	0	0:00:01.719664
3680	0	-1	2	0	0:00:01.722137
3700	3	-1	4	0	0:00:01.718269
3720	2	2	2	1	0:00:01.722072
3740	0	-1	8	0	0:00:01.721816
3760	7	7	7	1	0:00:01.721819
3780	4	-1	2	0	0:00:01.721678
3800	9	-1	3	0	0:00:01.722916
3820	0	2	2	0	0:00:01.722277
3840	6	-1	3	0	0:00:01.722169
3860	7	7	7	1	0:00:01.718404
3880	6	4	4	0	0:00:01.720902
3900	3	1	1	0	0:00:01.716694
3920	7	-1	8	0	0:00:01.717449
3940	6	7	4	0	0:00:01.718660
3960	2	5	5	0	0:00:01.719173
3980	9	7	7	0	0:00:01.719086
4000	8	7	4	0	0:00:01.719803
4020	8	1	8	0	0:00:01.717945
4040	0	-1	0	0	0:00:01.722281
4060	6	3	3	0	0:00:01.717738
4080	1	8	8	0	0:00:01.724206
4100	7	7	7	1	0:00:01.721420
4120	4	0	0	0	0:00:01.724673
4140	5	3	3	0	0:00:01.723525
4160	5	2	2	0	0:00:01.723737
4180	0	8	8	0	0:00:01.718887
4200	4	-1	2	0	0:00:01.721752
4220	4	0	0	0	0:00:01.718067
4240	7	0	0	0	0:00:01.719395
4260	8	-1	1	0	0:00:01.715245
4280	8	-1	8	0	0:00:01.717028
4300	8	-1	8	0	0:00:01.718404
4320	1	8	8	0	0:00:01.717924
4340	0	8	8	0	0:00:01.720632
4360	6	9	9	0	0:00:01.725960
4380	9	-1	8	0	0:00:01.719175
4400	3	4	4	0	0:00:01.720316
4420	5	8	8	0	0:00:01.719586
4440	2	6	2	0	0:00:01.720580
4460	9	-1	8	0	0:00:01.718105
4480	9	-1	6	0	0:00:01.719634
4500	3	-1	6	0	0:00:01.718501
4520	3	6	6	0	0:00:01.719636
4540	9	9	1	1	0:00:01.714456
4560	1	-1	4	0	0:00:01.720797
4580	6	4	4	0	0:00:01.714637
4600	4	7	4	0	0:00:01.717050
4620	7	3	3	0	0:00:01.716509
4640	2	-1	4	0	0:00:01.721098
4660	7	-1	2	0	0:00:01.720451
4680	9	1	1	0	0:00:01.723514
4700	6	1	4	0	0:00:01.721457
4720	8	0	0	0	0:00:01.721950
4740	5	-1	4	0	0:00:01.720322
4760	3	-1	4	0	0:00:01.720013
4780	0	-1	8	0	0:00:01.719608
4800	9	9	9	1	0:00:01.721515
4820	3	5	5	0	0:00:01.721285
4840	0	0	0	1	0:00:01.723675
4860	5	3	3	0	0:00:01.720793
4880	0	2	2	0	0:00:01.724026
4900	3	6	6	0	0:00:01.721511
4920	7	-1	2	0	0:00:01.724262
4940	6	-1	4	0	0:00:01.721307
4960	4	3	3	0	0:00:01.719948
4980	1	9	0	0	0:00:01.715322
5000	7	7	7	1	0:00:01.717566
5020	8	1	8	0	0:00:01.716799
5040	3	-1	4	0	0:00:01.720362
5060	6	2	4	0	0:00:01.718096
5080	7	7	7	1	0:00:01.723950
5100	3	-1	4	0	0:00:01.722573
5120	9	-1	8	0	0:00:01.723188
5140	8	-1	8	0	0:00:01.718671
5160	0	8	8	0	0:00:01.722012
5180	9	-1	4	0	0:00:01.722020
5200	3	3	3	1	0:00:01.720129
5220	0	0	0	1	0:00:01.719905
5240	1	-1	2	0	0:00:01.721839
5260	0	0	0	1	0:00:01.721812
5280	0	8	8	0	0:00:01.724338
5300	9	1	1	0	0:00:01.723307
5320	7	-1	3	0	0:00:01.723527
5340	3	4	4	0	0:00:01.720331
5360	9	9	3	1	0:00:01.717698
5380	1	9	9	0	0:00:01.715760
5400	9	-1	8	0	0:00:01.725127
5420	6	-1	6	0	0:00:01.720043
5440	9	9	9	1	0:00:01.722361
5460	0	7	7	0	0:00:01.722168
5480	1	-1	8	0	0:00:01.725593
5500	8	1	8	0	0:00:01.718581
5520	4	-1	3	0	0:00:01.718937
5540	5	6	2	0	0:00:01.719000
5560	3	6	4	0	0:00:01.719974
5580	5	6	6	0	0:00:01.719170
5600	6	-1	0	0	0:00:01.737682
5620	3	2	2	0	0:00:01.722946
5640	2	-1	3	0	0:00:01.759294
5660	9	-1	8	0	0:00:01.721110
5680	2	-1	8	0	0:00:01.719791
5700	3	-1	2	0	0:00:01.721010
5720	9	9	9	1	0:00:01.721838
5740	6	4	4	0	0:00:01.722442
5760	2	-1	2	0	0:00:01.726680
5780	7	7	4	1	0:00:01.720062
5800	2	-1	4	0	0:00:01.720019
5820	5	6	6	0	0:00:01.720102
5840	2	-1	6	0	0:00:01.723629
5860	0	-1	8	0	0:00:01.717117
5880	0	8	8	0	0:00:01.720894
5900	4	3	4	0	0:00:01.717443
5920	8	8	8	1	0:00:01.722778
5940	7	4	4	0	0:00:01.718375
5960	2	-1	4	0	0:00:01.722434
5980	9	9	6	1	0:00:01.717939
6000	8	9	8	0	0:00:01.721490
6020	6	7	6	0	0:00:01.721629
6040	2	7	7	0	0:00:01.721028
6060	3	4	4	0	0:00:01.719422
6080	1	-1	6	0	0:00:01.722211
6100	1	-1	8	0	0:00:01.716387
6120	5	-1	3	0	0:00:01.719699
6140	9	-1	7	0	0:00:01.720960
6160	2	5	5	0	0:00:01.722431
6180	0	-1	8	0	0:00:01.717218
6200	3	-1	8	0	0:00:01.720477
6220	2	6	5	0	0:00:01.719277
6240	2	-1	4	0	0:00:01.723773
6260	2	9	8	0	0:00:01.723461
6280	8	-1	4	0	0:00:01.791890
6300	1	7	4	0	0:00:01.726712
6320	0	0	0	1	0:00:01.723706
6340	3	7	3	0	0:00:01.720751
6360	2	6	2	0	0:00:01.723046
6380	3	-1	6	0	0:00:01.718988
6400	0	1	4	0	0:00:01.719899
6420	7	8	8	0	0:00:01.721417
6440	3	-1	8	0	0:00:01.722116
6460	3	-1	4	0	0:00:01.717887
6480	0	-1	2	0	0:00:01.719603
6500	7	-1	8	0	0:00:01.719611
6520	6	-1	4	0	0:00:01.718831
6540	8	-1	8	0	0:00:01.718084
6560	6	7	4	0	0:00:01.720749
6580	1	-1	2	0	0:00:01.720813
6600	7	7	7	1	0:00:01.724845
6620	7	-1	3	0	0:00:01.718394
6640	5	-1	8	0	0:00:01.719695
6660	0	-1	8	0	0:00:01.716462
6680	3	5	5	0	0:00:01.721699
6700	6	-1	2	0	0:00:01.718026
6720	2	4	2	0	0:00:01.715686
6740	2	-1	4	0	0:00:01.716942
6760	5	-1	6	0	0:00:01.720317
6780	7	7	7	1	0:00:01.717683
6800	6	2	4	0	0:00:01.719034
6820	1	1	8	1	0:00:01.718014
6840	9	-1	1	0	0:00:01.720023
6860	0	2	2	0	0:00:01.716923
6880	2	7	7	0	0:00:01.717992
6900	3	7	4	0	0:00:01.717795
6920	5	2	2	0	0:00:01.720637
6940	1	1	1	1	0:00:01.715916
6960	9	8	8	0	0:00:01.719556
6980	0	-1	8	0	0:00:01.719015
7000	2	8	8	0	0:00:01.720146
7020	7	-1	8	0	0:00:01.717642
7040	7	8	8	0	0:00:01.717841
7060	8	0	0	0	0:00:01.715339
7080	5	-1	4	0	0:00:01.722024
7100	9	3	3	0	0:00:01.714814
7120	7	-1	6	0	0:00:01.721412
7140	4	-1	4	0	0:00:01.719860
7160	5	-1	4	0	0:00:01.721312
7180	6	-1	6	0	0:00:01.717849
7200	4	6	2	0	0:00:01.716792
7220	9	-1	8	0	0:00:01.709806
7240	0	8	8	0	0:00:01.714656
7260	1	-1	8	0	0:00:01.713186
7280	1	-1	4	0	0:00:01.715497
7300	3	7	4	0	0:00:01.716417
7320	8	0	0	0	0:00:01.721159
7340	2	4	4	0	0:00:01.722569
7360	2	-1	4	0	0:00:01.722529
7380	7	-1	7	0	0:00:01.718650
7400	3	-1	3	0	0:00:01.721968
7420	3	0	0	0	0:00:01.720650
7440	3	-1	2	0	0:00:01.721686
7460	5	5	5	1	0:00:01.720723
7480	1	-1	5	0	0:00:01.720597
7500	6	6	6	1	0:00:01.721555
7520	4	-1	4	0	0:00:01.719744
7540	5	5	5	1	0:00:01.718584
7560	0	-1	2	0	0:00:01.723210
7580	8	0	8	0	0:00:01.718359
7600	8	9	8	0	0:00:01.721226
7620	5	-1	4	0	0:00:01.720126
7640	9	-1	6	0	0:00:01.720875
7660	7	-1	4	0	0:00:01.716855
7680	3	9	3	0	0:00:01.720578
7700	6	6	4	1	0:00:01.717371
7720	5	-1	4	0	0:00:01.712452
7740	4	6	2	0	0:00:01.710538
7760	2	9	6	0	0:00:01.712322
7780	3	1	8	0	0:00:01.708585
7800	0	-1	8	0	0:00:01.711576
7820	5	8	8	0	0:00:01.710604
7840	1	1	1	1	0:00:01.711333
7860	8	-1	4	0	0:00:01.710421
7880	0	-1	2	0	0:00:01.711356
7900	0	-1	8	0	0:00:01.711577
7920	9	-1	8	0	0:00:01.713090
7940	2	6	6	0	0:00:01.708597
7960	0	-1	2	0	0:00:01.713929
7980	3	7	4	0	0:00:01.712814
8000	9	-1	8	0	0:00:01.712297
8020	6	3	3	0	0:00:01.709287
8040	2	6	4	0	0:00:01.711886
8060	6	-1	4	0	0:00:01.709311
8080	4	6	6	0	0:00:01.715674
8100	6	2	2	0	0:00:01.710918
8120	8	9	9	0	0:00:01.713669
8140	5	4	4	0	0:00:01.708280
8160	6	9	6	0	0:00:01.711863
8180	4	-1	4	0	0:00:01.707453
8200	3	-1	2	0	0:00:01.713103
8220	6	-1	2	0	0:00:01.710110
8240	7	7	4	1	0:00:01.711356
8260	1	3	3	0	0:00:01.709152
8280	4	-1	3	0	0:00:01.712129
8300	5	2	2	0	0:00:01.711983
8320	7	-1	4	0	0:00:01.713424
8340	5	3	4	0	0:00:01.709602
8360	7	-1	4	0	0:00:01.711468
8380	9	8	8	0	0:00:01.707586
8400	0	8	8	0	0:00:01.710407
8420	3	4	4	0	0:00:01.709614
8440	5	-1	4	0	0:00:01.711593
8460	8	-1	8	0	0:00:01.711457
8480	2	-1	8	0	0:00:01.712196
8500	4	2	2	0	0:00:01.709909
8520	8	-1	4	0	0:00:01.713133
8540	4	-1	2	0	0:00:01.710713
8560	7	4	4	0	0:00:01.710919
8580	3	-1	2	0	0:00:01.712026
8600	3	7	4	0	0:00:01.715456
8620	3	-1	4	0	0:00:01.712283
8640	1	1	1	1	0:00:01.711227
8660	7	-1	5	0	0:00:01.718533
8680	3	9	8	0	0:00:01.719806
8700	3	-1	3	0	0:00:01.720210
8720	2	0	0	0	0:00:01.723858
8740	2	-1	4	0	0:00:01.719899
8760	8	-1	5	0	0:00:01.720177
8780	4	-1	4	0	0:00:01.720245
8800	0	0	0	1	0:00:01.720599
8820	2	-1	3	0	0:00:01.716633
8840	2	1	1	0	0:00:01.718856
8860	2	-1	6	0	0:00:01.720328
8880	1	9	6	0	0:00:01.721403
8900	2	-1	4	0	0:00:01.718147
8920	6	6	6	1	0:00:01.721519
8940	6	3	3	0	0:00:01.720097
8960	0	0	0	1	0:00:01.717626
8980	9	9	8	1	0:00:01.715413
9000	8	8	8	1	0:00:01.723837
9020	7	9	8	0	0:00:01.718997
9040	2	5	5	0	0:00:01.722310
9060	9	5	5	0	0:00:01.719924
9080	3	0	0	0	0:00:01.718750
9100	9	-1	6	0	0:00:01.719985
9120	3	0	0	0	0:00:01.718722
9140	7	-1	8	0	0:00:01.717398
9160	5	-1	4	0	0:00:01.718120
9180	5	5	5	1	0:00:01.715560
9200	8	8	8	1	0:00:01.718979
9220	8	8	8	1	0:00:01.714141
9240	8	-1	8	0	0:00:01.721814
9260	5	6	5	0	0:00:01.716721
9280	9	-1	8	0	0:00:01.720171
9300	5	-1	2	0	0:00:01.715428
9320	9	-1	8	0	0:00:01.719239
9340	1	1	1	1	0:00:01.717668
9360	5	-1	4	0	0:00:01.720042
9380	5	9	3	0	0:00:01.716795
9400	6	-1	4	0	0:00:01.718749
9420	5	6	6	0	0:00:01.721267
9440	8	8	8	1	0:00:01.717943
9460	3	7	4	0	0:00:01.718436
9480	2	4	4	0	0:00:01.720103
9500	9	-1	4	0	0:00:01.715332
9520	1	-1	1	0	0:00:01.720629
9540	5	-1	4	0	0:00:01.717767
9560	9	7	7	0	0:00:01.717360
9580	1	4	4	0	0:00:01.718140
9600	8	-1	8	0	0:00:01.719683
9620	4	7	7	0	0:00:01.717519
9640	5	0	0	0	0:00:01.719735
9660	6	-1	6	0	0:00:01.717488
9680	8	-1	8	0	0:00:01.722940
9700	0	-1	2	0	0:00:01.716518
9720	8	-1	6	0	0:00:01.719371
9740	3	-1	4	0	0:00:01.720896
9760	9	7	4	0	0:00:01.717878
9780	4	6	6	0	0:00:01.713870
9800	1	1	1	1	0:00:01.721744
9820	0	8	8	0	0:00:01.717931
9840	4	-1	5	0	0:00:01.719690
9860	0	-1	8	0	0:00:01.719188
9880	7	-1	4	0	0:00:01.717892
9900	8	0	6	0	0:00:01.718197
9920	6	4	2	0	0:00:01.719180
9940	4	-1	5	0	0:00:01.719416
9960	2	0	0	0	0:00:01.720694
9980	0	0	0	1	0:00:01.714662
