idx	label	predict	basePredict	correct	time
0	3	3	3	1	0:00:16.023457
20	7	9	9	0	0:00:15.876998
40	4	8	8	0	0:00:15.828761
60	7	7	7	1	0:00:15.880531
80	8	8	8	1	0:00:15.960545
100	4	5	5	0	0:00:15.869041
120	8	0	8	0	0:00:15.892298
140	6	3	2	0	0:00:15.946804
160	2	0	2	0	0:00:15.862275
180	0	0	0	1	0:00:15.895880
200	5	7	5	0	0:00:15.969619
220	7	7	7	1	0:00:15.861832
240	1	1	1	1	0:00:15.963454
260	8	-1	3	0	0:00:15.834744
280	9	9	9	1	0:00:15.861771
300	6	6	4	1	0:00:15.860905
320	3	3	2	1	0:00:15.877967
340	2	4	4	0	0:00:15.864819
360	9	7	5	0	0:00:15.876892
380	6	6	4	1	0:00:15.861565
400	9	9	9	1	0:00:15.866862
420	4	4	4	1	0:00:15.977515
440	1	9	9	0	0:00:15.856274
460	5	5	2	1	0:00:15.887015
480	8	9	9	0	0:00:15.923455
500	4	6	2	0	0:00:15.986170
520	5	7	7	0	0:00:15.850557
540	1	1	8	1	0:00:15.894200
560	0	0	0	1	0:00:15.928399
580	4	4	4	1	0:00:16.232728
600	8	8	8	1	0:00:15.997772
620	7	7	2	1	0:00:16.702553
640	5	3	3	0	0:00:16.455445
660	9	9	9	1	0:00:16.161470
680	9	7	7	0	0:00:17.340586
700	7	7	3	1	0:00:16.204001
720	4	9	4	0	0:00:16.866025
740	2	5	3	0	0:00:16.355232
760	3	9	3	0	0:00:16.180473
780	9	1	9	0	0:00:17.327083
800	7	7	7	1	0:00:16.048370
820	6	8	8	0	0:00:16.971849
840	7	7	7	1	0:00:15.859803
860	4	2	2	0	0:00:15.861816
880	8	8	8	1	0:00:15.853519
900	2	6	4	0	0:00:15.988725
920	6	6	3	1	0:00:15.880181
940	9	9	9	1	0:00:15.960474
960	9	9	9	1	0:00:16.347912
980	2	6	2	0	0:00:15.968777
1000	5	5	5	1	0:00:15.160001
1020	1	1	1	1	0:00:15.155047
1040	7	5	5	0	0:00:15.159394
1060	9	9	9	1	0:00:15.153196
1080	6	1	6	0	0:00:15.158553
1100	7	0	0	0	0:00:15.164160
1120	5	2	2	0	0:00:15.153445
1140	6	4	4	0	0:00:15.163845
1160	8	0	0	0	0:00:15.146303
1180	3	3	3	1	0:00:15.140379
1200	8	0	0	0	0:00:15.149176
1220	9	6	6	0	0:00:15.158363
1240	2	6	6	0	0:00:15.155971
1260	1	9	9	0	0:00:15.163316
1280	3	7	5	0	0:00:15.139630
1300	4	3	3	0	0:00:15.152799
1320	7	2	2	0	0:00:15.174507
1340	1	1	1	1	0:00:15.136130
1360	7	7	2	1	0:00:15.143281
1380	4	5	5	0	0:00:15.146506
1400	5	3	3	0	0:00:15.133430
1420	4	7	7	0	0:00:15.133826
1440	0	8	8	0	0:00:15.142180
1460	6	6	2	1	0:00:15.232937
1480	1	5	5	0	0:00:15.230689
1500	1	1	1	1	0:00:15.164209
1520	7	7	4	1	0:00:15.134235
1540	8	8	8	1	0:00:15.148825
1560	7	7	7	1	0:00:15.130508
1580	6	1	3	0	0:00:15.146077
1600	8	9	6	0	0:00:15.143226
1620	5	8	8	0	0:00:15.187526
1640	7	3	3	0	0:00:15.218972
1660	3	5	5	0	0:00:15.183634
1680	6	6	3	1	0:00:15.181443
1700	5	2	2	0	0:00:15.158567
1720	4	2	2	0	0:00:15.133684
1740	1	9	9	0	0:00:15.153616
1760	0	8	8	0	0:00:15.164266
1780	7	7	2	1	0:00:15.158216
1800	4	0	8	0	0:00:15.150653
1820	8	9	9	0	0:00:15.156881
1840	8	7	4	0	0:00:15.146289
1860	8	8	3	1	0:00:15.152773
1880	1	1	8	1	0:00:15.146261
1900	8	8	8	1	0:00:15.180445
1920	2	2	2	1	0:00:15.153110
1940	5	2	2	0	0:00:15.146359
1960	2	5	5	0	0:00:15.135516
1980	9	9	9	1	0:00:15.165475
2000	1	6	6	0	0:00:15.148487
2020	9	9	9	1	0:00:15.153197
2040	0	0	0	1	0:00:15.143070
2060	5	3	3	0	0:00:15.137715
2080	1	9	9	0	0:00:15.133149
2100	2	2	2	1	0:00:15.156781
2120	4	8	8	0	0:00:15.155397
2140	9	9	9	1	0:00:15.143394
2160	0	8	8	0	0:00:15.154887
2180	4	4	4	1	0:00:15.140066
2200	0	2	2	0	0:00:15.143456
2220	1	1	1	1	0:00:15.139703
2240	9	1	8	0	0:00:15.130077
2260	4	4	3	1	0:00:15.139703
2280	4	8	8	0	0:00:15.132860
2300	3	-1	2	0	0:00:15.210444
2320	5	2	2	0	0:00:15.143899
2340	7	7	7	1	0:00:15.143671
2360	7	5	5	0	0:00:15.138123
2380	8	8	8	1	0:00:15.142451
2400	0	0	0	1	0:00:15.149152
2420	8	5	5	0	0:00:15.147941
2440	7	7	0	1	0:00:15.135255
2460	9	7	7	0	0:00:15.138829
2480	8	8	8	1	0:00:15.146375
2500	4	6	2	0	0:00:15.139243
2520	1	1	8	1	0:00:15.166558
2540	2	5	5	0	0:00:15.129374
2560	7	4	4	0	0:00:15.142047
2580	6	5	5	0	0:00:15.143913
2600	8	8	8	1	0:00:15.143496
2620	1	1	8	1	0:00:15.153280
2640	7	7	4	1	0:00:15.137141
2660	3	2	2	0	0:00:15.137728
2680	0	0	0	1	0:00:15.134770
2700	9	1	1	0	0:00:15.153244
2720	3	3	2	1	0:00:15.141068
2740	1	1	7	1	0:00:15.125762
2760	2	2	2	1	0:00:15.142381
2780	7	7	7	1	0:00:15.145734
2800	4	6	6	0	0:00:15.141771
2820	6	6	2	1	0:00:15.149187
2840	3	3	3	1	0:00:15.168760
2860	5	7	6	0	0:00:15.134217
2880	4	4	4	1	0:00:15.157517
2900	3	5	5	0	0:00:15.276149
2920	2	3	3	0	0:00:15.145416
2940	3	0	0	0	0:00:15.138021
2960	9	9	9	1	0:00:15.160616
2980	8	1	8	0	0:00:15.142283
3000	5	5	5	1	0:00:15.150110
3020	1	1	8	1	0:00:15.152740
3040	7	7	7	1	0:00:15.166742
3060	7	7	5	1	0:00:15.140960
3080	1	1	0	1	0:00:15.140400
3100	0	0	0	1	0:00:15.144335
3120	4	6	2	0	0:00:15.153689
3140	8	8	8	1	0:00:15.153500
3160	6	2	2	0	0:00:15.142849
3180	3	9	3	0	0:00:15.143342
3200	5	7	7	0	0:00:15.150662
3220	3	9	3	0	0:00:15.129968
3240	4	1	8	0	0:00:15.132635
3260	7	7	7	1	0:00:15.126911
3280	3	5	5	0	0:00:15.150809
3300	4	3	2	0	0:00:15.147151
3320	2	7	7	0	0:00:15.146153
3340	6	6	2	1	0:00:15.239562
3360	4	6	2	0	0:00:15.165475
3380	8	8	8	1	0:00:15.134782
3400	6	4	4	0	0:00:15.139039
3420	5	3	3	0	0:00:15.155014
3440	2	3	3	0	0:00:15.168937
3460	1	1	9	1	0:00:15.171532
3480	2	2	2	1	0:00:15.140697
3500	1	9	9	0	0:00:15.158017
3520	1	1	1	1	0:00:15.152704
3540	6	6	3	1	0:00:15.201960
3560	1	9	7	0	0:00:15.171028
3580	4	2	2	0	0:00:15.154752
3600	4	2	2	0	0:00:15.139746
3620	0	6	6	0	0:00:15.139649
3640	6	2	2	0	0:00:15.133070
3660	0	0	8	1	0:00:15.191888
3680	0	4	2	0	0:00:15.156483
3700	3	3	3	1	0:00:15.165446
3720	2	2	2	1	0:00:15.135235
3740	0	0	0	1	0:00:15.167362
3760	7	7	4	1	0:00:15.163044
3780	4	4	2	1	0:00:15.152191
3800	9	9	3	1	0:00:15.147738
3820	0	2	2	0	0:00:15.160423
3840	6	3	3	0	0:00:15.145301
3860	7	7	7	1	0:00:15.137037
3880	6	4	4	0	0:00:15.146973
3900	3	6	6	0	0:00:15.152469
3920	7	9	5	0	0:00:15.155863
3940	6	5	4	0	0:00:15.260541
3960	2	2	2	1	0:00:15.174487
3980	9	7	4	0	0:00:15.167470
4000	8	7	0	0	0:00:15.140622
4020	8	9	8	0	0:00:15.129084
4040	0	0	0	1	0:00:15.183637
4060	6	5	3	0	0:00:15.147436
4080	1	1	8	1	0:00:15.149414
4100	7	7	7	1	0:00:15.159221
4120	4	4	8	1	0:00:15.178963
4140	5	5	3	1	0:00:15.169248
4160	5	2	2	0	0:00:15.143378
4180	0	8	8	0	0:00:15.143163
4200	4	2	2	0	0:00:15.151532
4220	4	0	0	0	0:00:15.151987
4240	7	0	8	0	0:00:15.140299
4260	8	8	8	1	0:00:15.149035
4280	8	1	1	0	0:00:15.144781
4300	8	8	8	1	0:00:15.171672
4320	1	8	8	0	0:00:15.130636
4340	0	0	0	1	0:00:15.138830
4360	6	9	9	0	0:00:15.149238
4380	9	8	8	0	0:00:15.152014
4400	3	4	4	0	0:00:15.150765
4420	5	5	7	1	0:00:15.173226
4440	2	2	2	1	0:00:15.143466
4460	9	1	8	0	0:00:15.163850
4480	9	9	3	1	0:00:15.148662
4500	3	5	5	0	0:00:15.153371
4520	3	6	6	0	0:00:15.151855
4540	9	9	9	1	0:00:15.147829
4560	1	1	8	1	0:00:15.133808
4580	6	4	4	0	0:00:15.146504
4600	4	7	7	0	0:00:15.133494
4620	7	3	3	0	0:00:15.156644
4640	2	4	2	0	0:00:15.147987
4660	7	4	4	0	0:00:15.245083
4680	9	1	1	0	0:00:15.194125
4700	6	1	5	0	0:00:15.208755
4720	8	0	0	0	0:00:15.162096
4740	5	3	3	0	0:00:15.160340
4760	3	2	2	0	0:00:15.134401
4780	0	0	8	1	0:00:15.146580
4800	9	9	9	1	0:00:15.151449
4820	3	3	3	1	0:00:15.218797
4840	0	0	0	1	0:00:15.171078
4860	5	5	5	1	0:00:15.170598
4880	0	8	2	0	0:00:15.161898
4900	3	6	6	0	0:00:15.149986
4920	7	7	7	1	0:00:15.148674
4940	6	4	2	0	0:00:15.159277
4960	4	3	3	0	0:00:15.170477
4980	1	9	9	0	0:00:15.143293
5000	7	7	7	1	0:00:15.161418
5020	8	8	8	1	0:00:15.143623
5040	3	1	2	0	0:00:15.132535
5060	6	2	2	0	0:00:15.140753
5080	7	7	7	1	0:00:15.150241
5100	3	3	3	1	0:00:15.191507
5120	9	8	8	0	0:00:15.142056
5140	8	8	8	1	0:00:15.147565
5160	0	0	8	1	0:00:15.158509
5180	9	7	4	0	0:00:15.234154
5200	3	3	3	1	0:00:15.246988
5220	0	0	0	1	0:00:15.260887
5240	1	9	9	0	0:00:15.147171
5260	0	0	0	1	0:00:15.177389
5280	0	9	8	0	0:00:15.143018
5300	9	1	1	0	0:00:15.165493
5320	7	7	7	1	0:00:15.149955
5340	3	4	4	0	0:00:15.166590
5360	9	9	3	1	0:00:15.153349
5380	1	9	9	0	0:00:15.140637
5400	9	9	9	1	0:00:15.159794
5420	6	6	3	1	0:00:15.150699
5440	9	9	9	1	0:00:15.136191
5460	0	0	0	1	0:00:15.162200
5480	1	1	4	1	0:00:15.148371
5500	8	1	8	0	0:00:15.155348
5520	4	3	3	0	0:00:15.149910
5540	5	6	4	0	0:00:15.145298
5560	3	5	5	0	0:00:15.250622
5580	5	6	3	0	0:00:15.149830
5600	6	9	4	0	0:00:15.154540
5620	3	6	6	0	0:00:15.189797
5640	2	2	2	1	0:00:15.140579
5660	9	8	8	0	0:00:15.163728
5680	2	3	3	0	0:00:15.136319
5700	3	5	5	0	0:00:15.172426
5720	9	9	9	1	0:00:15.151498
5740	6	4	6	0	0:00:15.179895
5760	2	4	0	0	0:00:15.142570
5780	7	7	7	1	0:00:15.152680
5800	2	4	4	0	0:00:15.159223
5820	5	3	3	0	0:00:15.240342
5840	2	2	2	1	0:00:15.142302
5860	0	1	8	0	0:00:15.189223
5880	0	0	0	1	0:00:15.134004
5900	4	3	0	0	0:00:15.156607
5920	8	8	8	1	0:00:15.165979
5940	7	4	4	0	0:00:15.202781
5960	2	6	6	0	0:00:15.205155
5980	9	9	2	1	0:00:15.174760
6000	8	9	8	0	0:00:15.140477
6020	6	6	6	1	0:00:15.158242
6040	2	7	7	0	0:00:15.157630
6060	3	4	2	0	0:00:15.192261
6080	1	9	9	0	0:00:15.158175
6100	1	1	8	1	0:00:15.156334
6120	5	5	5	1	0:00:15.153855
6140	9	9	9	1	0:00:15.170510
6160	2	5	5	0	0:00:15.159912
6180	0	0	0	1	0:00:15.165582
6200	3	3	3	1	0:00:15.147125
6220	2	5	5	0	0:00:15.149526
6240	2	1	2	0	0:00:15.133908
6260	2	9	6	0	0:00:15.147581
6280	8	5	5	0	0:00:15.148411
6300	1	1	2	1	0:00:15.143184
6320	0	4	0	0	0:00:15.169185
6340	3	3	3	1	0:00:15.153265
6360	2	4	2	0	0:00:15.153772
6380	3	0	3	0	0:00:15.145354
6400	0	1	8	0	0:00:15.128271
6420	7	7	7	1	0:00:15.155517
6440	3	9	4	0	0:00:15.145162
6460	3	1	3	0	0:00:15.234647
6480	0	0	0	1	0:00:15.258713
6500	7	6	6	0	0:00:15.253860
6520	6	2	2	0	0:00:15.163285
6540	8	8	8	1	0:00:15.162986
6560	6	6	2	1	0:00:15.153359
6580	1	7	4	0	0:00:15.178633
6600	7	7	7	1	0:00:15.159292
6620	7	7	7	1	0:00:15.226092
6640	5	3	3	0	0:00:15.150114
6660	0	0	0	1	0:00:15.147261
6680	3	5	3	0	0:00:15.157228
6700	6	0	0	0	0:00:15.183004
6720	2	4	2	0	0:00:15.235172
6740	2	4	4	0	0:00:15.157890
6760	5	5	5	1	0:00:15.177682
6780	7	7	7	1	0:00:15.149314
6800	6	4	2	0	0:00:15.124650
6820	1	1	1	1	0:00:15.149262
6840	9	9	1	1	0:00:15.187356
6860	0	2	2	0	0:00:15.134048
6880	2	7	2	0	0:00:15.170913
6900	3	7	7	0	0:00:15.178672
6920	5	2	2	0	0:00:15.143581
6940	1	1	1	1	0:00:15.205642
6960	9	8	8	0	0:00:15.170448
6980	0	1	8	0	0:00:15.138317
7000	2	0	8	0	0:00:15.149966
7020	7	7	7	1	0:00:15.193427
7040	7	1	8	0	0:00:15.162354
7060	8	-1	8	0	0:00:15.160539
7080	5	4	4	0	0:00:15.169745
7100	9	5	3	0	0:00:15.153831
7120	7	5	5	0	0:00:15.138079
7140	4	9	3	0	0:00:15.232164
7160	5	5	5	1	0:00:15.152809
7180	6	6	3	1	0:00:15.155239
7200	4	6	2	0	0:00:15.151313
7220	9	9	8	1	0:00:15.157645
7240	0	8	8	0	0:00:15.241600
7260	1	1	8	1	0:00:15.209309
7280	1	9	9	0	0:00:15.158959
7300	3	4	4	0	0:00:15.187681
7320	8	0	0	0	0:00:15.195866
7340	2	4	4	0	0:00:15.151865
7360	2	7	4	0	0:00:15.155639
7380	7	7	7	1	0:00:15.152458
7400	3	5	3	0	0:00:15.138430
7420	3	4	2	0	0:00:15.148793
7440	3	3	3	1	0:00:15.145811
7460	5	5	5	1	0:00:15.155612
7480	1	8	8	0	0:00:15.150176
7500	6	6	6	1	0:00:15.155942
7520	4	2	2	0	0:00:15.146062
7540	5	5	5	1	0:00:15.171489
7560	0	0	0	1	0:00:15.161010
7580	8	8	8	1	0:00:15.156133
7600	8	9	2	0	0:00:15.167115
7620	5	3	3	0	0:00:15.157336
7640	9	8	8	0	0:00:15.142671
7660	7	9	4	0	0:00:15.158425
7680	3	9	3	0	0:00:15.139489
7700	6	6	4	1	0:00:15.171950
7720	5	2	2	0	0:00:15.149873
7740	4	2	2	0	0:00:15.159384
7760	2	9	9	0	0:00:15.142375
7780	3	9	9	0	0:00:15.141954
7800	0	0	0	1	0:00:15.131055
7820	5	9	9	0	0:00:15.157630
7840	1	1	1	1	0:00:15.177596
7860	8	8	2	1	0:00:15.170396
7880	0	4	4	0	0:00:15.140121
7900	0	8	8	0	0:00:15.159132
7920	9	9	2	1	0:00:15.137776
7940	2	6	4	0	0:00:15.161520
7960	0	0	8	1	0:00:15.144047
7980	3	3	3	1	0:00:15.217403
8000	9	9	8	1	0:00:15.137797
8020	6	3	3	0	0:00:15.183224
8040	2	2	2	1	0:00:15.150336
8060	6	6	5	1	0:00:15.149051
8080	4	6	2	0	0:00:15.138552
8100	6	2	4	0	0:00:15.165421
8120	8	9	9	0	0:00:15.151945
8140	5	4	4	0	0:00:15.147201
8160	6	6	6	1	0:00:15.137613
8180	4	2	4	0	0:00:15.227708
8200	3	4	4	0	0:00:15.150787
8220	6	7	3	0	0:00:15.159877
8240	7	7	7	1	0:00:15.157621
8260	1	1	1	1	0:00:15.166736
8280	4	5	5	0	0:00:15.146708
8300	5	2	2	0	0:00:15.130558
8320	7	4	4	0	0:00:15.135896
8340	5	3	3	0	0:00:15.164274
8360	7	7	7	1	0:00:15.139527
8380	9	9	9	1	0:00:15.176545
8400	0	8	8	0	0:00:15.148379
8420	3	6	6	0	0:00:15.185796
8440	5	3	3	0	0:00:15.175942
8460	8	8	8	1	0:00:15.158570
8480	2	2	4	1	0:00:15.147739
8500	4	4	4	1	0:00:15.167460
8520	8	1	8	0	0:00:15.165497
8540	4	2	2	0	0:00:15.158070
8560	7	7	7	1	0:00:15.151832
8580	3	2	2	0	0:00:15.169127
8600	3	2	2	0	0:00:15.154587
8620	3	4	4	0	0:00:15.154317
8640	1	1	8	1	0:00:15.154436
8660	7	7	7	1	0:00:15.187772
8680	3	7	8	0	0:00:15.143923
8700	3	7	3	0	0:00:15.156472
8720	2	0	0	0	0:00:15.226357
8740	2	2	5	1	0:00:15.182016
8760	8	8	8	1	0:00:15.140249
8780	4	7	2	0	0:00:15.185421
8800	0	0	0	1	0:00:15.148677
8820	2	2	2	1	0:00:15.158363
8840	2	7	7	0	0:00:15.148654
8860	2	2	6	1	0:00:15.172173
8880	1	1	1	1	0:00:15.136446
8900	2	4	4	0	0:00:15.184692
8920	6	6	2	1	0:00:15.148606
8940	6	3	3	0	0:00:15.161269
8960	0	0	2	1	0:00:15.132173
8980	9	9	9	1	0:00:15.143950
9000	8	8	8	1	0:00:15.139101
9020	7	7	7	1	0:00:15.149766
9040	2	5	5	0	0:00:15.168193
9060	9	9	3	1	0:00:15.157748
9080	3	2	2	0	0:00:15.142690
9100	9	1	3	0	0:00:15.145787
9120	3	0	5	0	0:00:15.143546
9140	7	6	2	0	0:00:15.159115
9160	5	3	3	0	0:00:15.148710
9180	5	5	5	1	0:00:15.172134
9200	8	8	8	1	0:00:15.143360
9220	8	8	8	1	0:00:15.240949
9240	8	8	8	1	0:00:15.128004
9260	5	5	5	1	0:00:15.155805
9280	9	8	8	0	0:00:15.134608
9300	5	2	2	0	0:00:15.157614
9320	9	9	9	1	0:00:15.134587
9340	1	1	1	1	0:00:15.149702
9360	5	0	0	0	0:00:15.139916
9380	5	3	3	0	0:00:15.148102
9400	6	6	2	1	0:00:15.159784
9420	5	5	5	1	0:00:15.169449
9440	8	8	8	1	0:00:15.137048
9460	3	7	7	0	0:00:15.180243
9480	2	6	4	0	0:00:15.140566
9500	9	9	5	1	0:00:15.142251
9520	1	1	1	1	0:00:15.139732
9540	5	3	3	0	0:00:15.165898
9560	9	7	5	0	0:00:15.135193
9580	1	1	4	1	0:00:15.142130
9600	8	0	8	0	0:00:15.139155
9620	4	7	4	0	0:00:15.170117
9640	5	0	2	0	0:00:15.164385
9660	6	6	6	1	0:00:15.174979
9680	8	8	8	1	0:00:15.132374
9700	0	0	0	1	0:00:15.145366
9720	8	1	8	0	0:00:15.122064
9740	3	6	2	0	0:00:15.141809
9760	9	3	3	0	0:00:15.143671
9780	4	6	2	0	0:00:15.166351
9800	1	1	1	1	0:00:15.138982
9820	0	8	8	0	0:00:15.152648
9840	4	7	5	0	0:00:15.145123
9860	0	5	5	0	0:00:15.155873
9880	7	8	8	0	0:00:15.168398
9900	8	8	8	1	0:00:15.162837
9920	6	6	2	1	0:00:15.151168
9940	4	5	5	0	0:00:15.141599
9960	2	0	0	0	0:00:15.164036
9980	0	0	0	1	0:00:15.263777
