idx	label	predict	basePredict	correct	time
0	3	3	3	1	0:00:01.184297
20	7	7	7	1	0:00:01.096649
40	4	4	4	1	0:00:01.081836
60	7	7	7	1	0:00:01.087281
80	8	8	8	1	0:00:01.097139
100	4	4	5	1	0:00:01.090287
120	8	8	8	1	0:00:01.093524
140	6	6	6	1	0:00:01.104156
160	2	2	2	1	0:00:01.090694
180	0	0	0	1	0:00:01.084653
200	5	5	5	1	0:00:01.099987
220	7	7	7	1	0:00:01.085330
240	1	1	1	1	0:00:01.108732
260	8	8	8	1	0:00:01.099467
280	9	9	9	1	0:00:01.103566
300	6	6	6	1	0:00:01.108164
320	3	3	3	1	0:00:01.081233
340	2	2	2	1	0:00:01.088463
360	9	9	9	1	0:00:01.079077
380	6	6	6	1	0:00:01.076874
400	9	9	9	1	0:00:01.097436
420	4	4	3	1	0:00:01.083139
440	1	1	1	1	0:00:01.130054
460	5	5	5	1	0:00:01.106117
480	8	8	8	1	0:00:01.159950
500	4	6	4	0	0:00:01.115108
520	5	5	5	1	0:00:01.087922
540	1	1	1	1	0:00:01.064044
560	0	0	0	1	0:00:01.095119
580	4	4	4	1	0:00:01.087643
600	8	8	8	1	0:00:01.088858
620	7	7	7	1	0:00:01.096146
640	5	3	3	0	0:00:01.082808
660	9	9	9	1	0:00:01.103206
680	9	-1	5	0	0:00:01.107737
700	7	7	7	1	0:00:01.085058
720	4	4	4	1	0:00:01.096693
740	2	-1	5	0	0:00:01.046858
760	3	3	3	1	0:00:01.092823
780	9	9	9	1	0:00:01.104946
800	7	7	7	1	0:00:01.086361
820	6	-1	5	0	0:00:01.093443
840	7	7	7	1	0:00:01.090099
860	4	4	2	1	0:00:01.117725
880	8	8	8	1	0:00:01.094849
900	2	6	3	0	0:00:01.089383
920	6	4	4	0	0:00:01.088504
940	9	9	9	1	0:00:01.096305
960	9	9	9	1	0:00:01.104877
980	2	2	2	1	0:00:01.123029
1000	5	5	5	1	0:00:01.004026
1020	1	1	1	1	0:00:01.002944
1040	7	7	2	1	0:00:01.013378
1060	9	9	9	1	0:00:00.992167
1080	6	2	2	0	0:00:01.000465
1100	7	-1	5	0	0:00:00.988893
1120	5	-1	2	0	0:00:00.987051
1140	6	6	3	1	0:00:01.011551
1160	8	8	8	1	0:00:01.002638
1180	3	3	3	1	0:00:01.010473
1200	8	8	8	1	0:00:00.986571
1220	9	3	3	0	0:00:01.007922
1240	2	2	2	1	0:00:00.996918
1260	1	-1	9	0	0:00:00.984719
1280	3	3	3	1	0:00:00.985584
1300	4	3	3	0	0:00:00.988608
1320	7	7	7	1	0:00:01.005346
1340	1	1	1	1	0:00:00.998241
1360	7	7	7	1	0:00:00.990782
1380	4	4	4	1	0:00:01.004085
1400	5	5	5	1	0:00:00.992617
1420	4	-1	2	0	0:00:01.008485
1440	0	0	0	1	0:00:01.000672
1460	6	6	6	1	0:00:01.016171
1480	1	1	1	1	0:00:00.965067
1500	1	1	1	1	0:00:00.965139
1520	7	7	7	1	0:00:00.987381
1540	8	8	8	1	0:00:00.997773
1560	7	7	7	1	0:00:01.003156
1580	6	6	6	1	0:00:00.982576
1600	8	8	8	1	0:00:00.975473
1620	5	3	3	0	0:00:00.959699
1640	7	7	7	1	0:00:01.004855
1660	3	3	3	1	0:00:01.010094
1680	6	6	6	1	0:00:00.988939
1700	5	5	5	1	0:00:00.998336
1720	4	4	4	1	0:00:00.950643
1740	1	1	1	1	0:00:01.014630
1760	0	0	0	1	0:00:00.990633
1780	7	7	7	1	0:00:01.002821
1800	4	4	4	1	0:00:00.998448
1820	8	8	8	1	0:00:00.981708
1840	8	8	8	1	0:00:00.988214
1860	8	8	8	1	0:00:01.005651
1880	1	1	1	1	0:00:01.015333
1900	8	8	8	1	0:00:01.018614
1920	2	2	2	1	0:00:01.010300
1940	5	5	2	1	0:00:00.995067
1960	2	2	2	1	0:00:01.016741
1980	9	9	9	1	0:00:01.000405
2000	1	1	1	1	0:00:01.006652
2020	9	9	9	1	0:00:00.998982
2040	0	0	0	1	0:00:01.026127
2060	5	3	3	0	0:00:01.005066
2080	1	1	1	1	0:00:01.020821
2100	2	2	2	1	0:00:01.015056
2120	4	8	8	0	0:00:01.014829
2140	9	9	9	1	0:00:01.004702
2160	0	0	0	1	0:00:01.015551
2180	4	4	4	1	0:00:01.023741
2200	0	0	0	1	0:00:01.004271
2220	1	1	1	1	0:00:01.005162
2240	9	9	9	1	0:00:01.008401
2260	4	4	4	1	0:00:01.009399
2280	4	4	4	1	0:00:01.020378
2300	3	1	1	0	0:00:01.010417
2320	5	3	3	0	0:00:01.024408
2340	7	7	7	1	0:00:01.010619
2360	7	7	7	1	0:00:01.006999
2380	8	8	8	1	0:00:01.007360
2400	0	0	0	1	0:00:01.014816
2420	8	7	7	0	0:00:01.011700
2440	7	7	7	1	0:00:01.028586
2460	9	9	9	1	0:00:01.011615
2480	8	8	8	1	0:00:01.022448
2500	4	6	5	0	0:00:01.017980
2520	1	0	0	0	0:00:00.999588
2540	2	2	2	1	0:00:01.017615
2560	7	7	7	1	0:00:01.012751
2580	6	6	6	1	0:00:00.997065
2600	8	8	8	1	0:00:01.003408
2620	1	1	1	1	0:00:00.996747
2640	7	7	7	1	0:00:01.012298
2660	3	3	3	1	0:00:01.008212
2680	0	0	0	1	0:00:00.985539
2700	9	-1	1	0	0:00:01.018811
2720	3	3	3	1	0:00:01.005718
2740	1	1	1	1	0:00:00.993260
2760	2	2	2	1	0:00:01.023089
2780	7	7	7	1	0:00:01.020656
2800	4	4	4	1	0:00:01.005999
2820	6	6	6	1	0:00:00.984231
2840	3	3	3	1	0:00:00.988744
2860	5	5	5	1	0:00:00.949965
2880	4	4	4	1	0:00:01.006532
2900	3	3	3	1	0:00:01.008426
2920	2	2	2	1	0:00:00.999786
2940	3	0	0	0	0:00:00.997954
2960	9	-1	0	0	0:00:00.985983
2980	8	8	8	1	0:00:00.992520
3000	5	5	5	1	0:00:00.992248
3020	1	1	1	1	0:00:00.975158
3040	7	7	7	1	0:00:01.010932
3060	7	7	7	1	0:00:00.997516
3080	1	1	1	1	0:00:01.020333
3100	0	0	0	1	0:00:01.026597
3120	4	4	3	1	0:00:00.994278
3140	8	8	8	1	0:00:01.005510
3160	6	2	2	0	0:00:01.003821
3180	3	3	3	1	0:00:00.991843
3200	5	5	5	1	0:00:00.984743
3220	3	3	3	1	0:00:01.006166
3240	4	-1	1	0	0:00:01.004721
3260	7	7	7	1	0:00:01.005892
3280	3	3	3	1	0:00:00.991929
3300	4	4	4	1	0:00:00.973040
3320	2	2	3	1	0:00:01.012063
3340	6	6	6	1	0:00:00.992307
3360	4	4	4	1	0:00:01.006181
3380	8	8	8	1	0:00:00.987122
3400	6	-1	0	0	0:00:01.000765
3420	5	3	3	0	0:00:00.982367
3440	2	3	3	0	0:00:00.989059
3460	1	1	1	1	0:00:00.977754
3480	2	2	2	1	0:00:01.004546
3500	1	1	1	1	0:00:00.973569
3520	1	1	1	1	0:00:01.015528
3540	6	6	3	1	0:00:00.995734
3560	1	9	9	0	0:00:00.996164
3580	4	4	4	1	0:00:00.991548
3600	4	3	3	0	0:00:01.003912
3620	0	0	0	1	0:00:01.011597
3640	6	6	6	1	0:00:01.007195
3660	0	0	0	1	0:00:01.000304
3680	0	0	0	1	0:00:00.991507
3700	3	3	3	1	0:00:00.994548
3720	2	2	2	1	0:00:00.987939
3740	0	0	0	1	0:00:00.977708
3760	7	7	7	1	0:00:00.995924
3780	4	3	3	0	0:00:00.982088
3800	9	9	9	1	0:00:00.994062
3820	0	3	3	0	0:00:00.972955
3840	6	-1	5	0	0:00:00.996770
3860	7	7	7	1	0:00:00.992722
3880	6	6	6	1	0:00:00.979303
3900	3	3	3	1	0:00:00.987689
3920	7	7	7	1	0:00:00.982006
3940	6	6	6	1	0:00:01.004149
3960	2	2	2	1	0:00:00.996881
3980	9	-1	9	0	0:00:01.005167
4000	8	-1	7	0	0:00:00.999113
4020	8	-1	8	0	0:00:00.987837
4040	0	0	0	1	0:00:00.987813
4060	6	6	6	1	0:00:00.995359
4080	1	1	1	1	0:00:00.999402
4100	7	7	7	1	0:00:00.990635
4120	4	4	4	1	0:00:00.994239
4140	5	5	5	1	0:00:01.003355
4160	5	5	5	1	0:00:00.997451
4180	0	0	8	1	0:00:01.002714
4200	4	4	4	1	0:00:00.973721
4220	4	0	0	0	0:00:00.984325
4240	7	7	7	1	0:00:00.961649
4260	8	8	8	1	0:00:01.002628
4280	8	8	8	1	0:00:00.993156
4300	8	8	8	1	0:00:00.980199
4320	1	1	1	1	0:00:01.001583
4340	0	0	0	1	0:00:00.974936
4360	6	6	6	1	0:00:01.020989
4380	9	9	9	1	0:00:01.004657
4400	3	3	3	1	0:00:00.988984
4420	5	5	5	1	0:00:00.998456
4440	2	2	2	1	0:00:00.994443
4460	9	9	9	1	0:00:00.991278
4480	9	9	9	1	0:00:00.980546
4500	3	3	3	1	0:00:00.987892
4520	3	3	3	1	0:00:00.969671
4540	9	9	9	1	0:00:00.964816
4560	1	1	1	1	0:00:01.014510
4580	6	6	6	1	0:00:01.008777
4600	4	4	4	1	0:00:01.008306
4620	7	7	7	1	0:00:00.982314
4640	2	2	2	1	0:00:00.986331
4660	7	7	7	1	0:00:00.964128
4680	9	9	9	1	0:00:00.995677
4700	6	-1	5	0	0:00:00.998780
4720	8	8	8	1	0:00:00.994638
4740	5	3	3	0	0:00:00.995750
4760	3	2	3	0	0:00:01.000394
4780	0	0	0	1	0:00:01.005075
4800	9	9	9	1	0:00:01.006110
4820	3	3	3	1	0:00:00.995301
4840	0	0	0	1	0:00:01.005437
4860	5	5	5	1	0:00:00.992227
4880	0	0	0	1	0:00:01.003280
4900	3	3	3	1	0:00:01.008227
4920	7	7	7	1	0:00:00.995569
4940	6	6	6	1	0:00:01.007244
4960	4	4	4	1	0:00:01.004655
4980	1	1	1	1	0:00:00.978232
5000	7	7	7	1	0:00:01.000211
5020	8	8	8	1	0:00:00.994859
5040	3	3	3	1	0:00:00.986192
5060	6	6	3	1	0:00:00.988315
5080	7	7	7	1	0:00:00.992375
5100	3	3	3	1	0:00:01.003252
5120	9	9	9	1	0:00:00.996445
5140	8	8	8	1	0:00:00.977638
5160	0	0	0	1	0:00:00.958237
5180	9	7	5	0	0:00:00.977260
5200	3	3	2	1	0:00:01.002655
5220	0	0	0	1	0:00:01.033764
5240	1	1	1	1	0:00:01.012491
5260	0	0	0	1	0:00:00.981061
5280	0	4	4	0	0:00:00.977995
5300	9	9	9	1	0:00:00.993278
5320	7	7	7	1	0:00:00.993134
5340	3	3	3	1	0:00:00.974446
5360	9	9	9	1	0:00:00.977912
5380	1	-1	1	0	0:00:00.997388
5400	9	9	9	1	0:00:01.008240
5420	6	6	6	1	0:00:00.988126
5440	9	9	9	1	0:00:00.998677
5460	0	0	0	1	0:00:00.983899
5480	1	1	1	1	0:00:00.995445
5500	8	8	8	1	0:00:01.003313
5520	4	4	3	1	0:00:00.987965
5540	5	5	5	1	0:00:00.984171
5560	3	3	3	1	0:00:00.994573
5580	5	-1	3	0	0:00:01.000876
5600	6	-1	5	0	0:00:01.005998
5620	3	3	3	1	0:00:00.986783
5640	2	-1	2	0	0:00:01.004039
5660	9	9	9	1	0:00:00.988824
5680	2	2	2	1	0:00:00.993804
5700	3	3	3	1	0:00:01.002880
5720	9	9	9	1	0:00:00.983620
5740	6	6	6	1	0:00:00.981466
5760	2	2	2	1	0:00:00.996694
5780	7	7	7	1	0:00:01.002600
5800	2	2	2	1	0:00:01.016633
5820	5	5	5	1	0:00:00.995628
5840	2	2	2	1	0:00:00.973297
5860	0	0	8	1	0:00:00.989513
5880	0	0	0	1	0:00:00.979420
5900	4	0	0	0	0:00:00.983313
5920	8	8	8	1	0:00:00.994608
5940	7	7	7	1	0:00:01.008798
5960	2	6	5	0	0:00:01.002167
5980	9	9	9	1	0:00:00.995154
6000	8	8	8	1	0:00:00.996710
6020	6	6	6	1	0:00:00.987410
6040	2	7	7	0	0:00:00.994478
6060	3	3	3	1	0:00:00.992361
6080	1	1	1	1	0:00:00.993441
6100	1	1	1	1	0:00:01.003343
6120	5	5	5	1	0:00:00.985624
6140	9	9	9	1	0:00:00.989675
6160	2	2	2	1	0:00:00.996936
6180	0	0	0	1	0:00:01.005294
6200	3	3	3	1	0:00:01.012040
6220	2	2	2	1	0:00:01.000214
6240	2	2	2	1	0:00:00.997417
6260	2	-1	2	0	0:00:00.997926
6280	8	8	8	1	0:00:01.005804
6300	1	1	1	1	0:00:01.005945
6320	0	0	0	1	0:00:00.992466
6340	3	3	3	1	0:00:01.053678
6360	2	2	2	1	0:00:01.014801
6380	3	3	3	1	0:00:01.004204
6400	0	-1	0	0	0:00:00.984488
6420	7	7	7	1	0:00:00.974774
6440	3	2	2	0	0:00:00.995808
6460	3	3	3	1	0:00:00.998891
6480	0	0	0	1	0:00:00.993195
6500	7	-1	3	0	0:00:00.995667
6520	6	6	6	1	0:00:00.991895
6540	8	8	8	1	0:00:01.012677
6560	6	6	5	1	0:00:01.031947
6580	1	1	1	1	0:00:00.950986
6600	7	7	7	1	0:00:00.937954
6620	7	7	7	1	0:00:00.929414
6640	5	3	3	0	0:00:00.959229
6660	0	0	0	1	0:00:00.935526
6680	3	3	3	1	0:00:00.934514
6700	6	6	6	1	0:00:00.913039
6720	2	2	2	1	0:00:00.921731
6740	2	2	2	1	0:00:00.916912
6760	5	5	5	1	0:00:00.923889
6780	7	7	7	1	0:00:00.917217
6800	6	-1	3	0	0:00:00.924088
6820	1	1	1	1	0:00:00.921159
6840	9	9	9	1	0:00:00.929666
6860	0	0	0	1	0:00:00.944533
6880	2	2	2	1	0:00:00.888365
6900	3	3	3	1	0:00:00.890417
6920	5	-1	2	0	0:00:00.892285
6940	1	1	1	1	0:00:00.906387
6960	9	9	9	1	0:00:00.901533
6980	0	-1	8	0	0:00:00.918847
7000	2	8	8	0	0:00:00.916797
7020	7	7	7	1	0:00:00.947222
7040	7	0	0	0	0:00:00.936475
7060	8	8	8	1	0:00:00.918480
7080	5	-1	3	0	0:00:00.935605
7100	9	3	3	0	0:00:00.910545
7120	7	7	7	1	0:00:00.912364
7140	4	4	2	1	0:00:00.911617
7160	5	5	5	1	0:00:00.914306
7180	6	6	3	1	0:00:00.906196
7200	4	4	4	1	0:00:00.892555
7220	9	9	9	1	0:00:00.880457
7240	0	0	0	1	0:00:00.897816
7260	1	1	1	1	0:00:00.896987
7280	1	9	9	0	0:00:00.897297
7300	3	5	3	0	0:00:00.899157
7320	8	8	8	1	0:00:00.938188
7340	2	2	2	1	0:00:00.900627
7360	2	2	2	1	0:00:00.901583
7380	7	7	7	1	0:00:00.891137
7400	3	3	3	1	0:00:00.894777
7420	3	3	3	1	0:00:00.885784
7440	3	3	3	1	0:00:00.881378
7460	5	5	5	1	0:00:00.893534
7480	1	1	1	1	0:00:00.892084
7500	6	6	6	1	0:00:00.884674
7520	4	4	4	1	0:00:00.884974
7540	5	5	5	1	0:00:00.915713
7560	0	0	0	1	0:00:00.891576
7580	8	8	8	1	0:00:00.880463
7600	8	2	2	0	0:00:00.896094
7620	5	5	5	1	0:00:00.890102
7640	9	8	8	0	0:00:00.893615
7660	7	7	7	1	0:00:00.899179
7680	3	5	5	0	0:00:00.897264
7700	6	6	6	1	0:00:00.901117
7720	5	5	5	1	0:00:00.924952
7740	4	4	4	1	0:00:00.920739
7760	2	2	2	1	0:00:00.919552
7780	3	-1	8	0	0:00:00.961822
7800	0	0	0	1	0:00:00.950391
7820	5	3	3	0	0:00:00.959706
7840	1	1	1	1	0:00:00.951957
7860	8	8	8	1	0:00:00.970043
7880	0	0	0	1	0:00:00.945313
7900	0	0	0	1	0:00:00.912929
7920	9	9	9	1	0:00:00.915949
7940	2	2	2	1	0:00:00.898713
7960	0	0	0	1	0:00:00.908465
7980	3	3	3	1	0:00:00.898942
8000	9	9	9	1	0:00:00.934488
8020	6	3	3	0	0:00:00.965404
8040	2	2	2	1	0:00:00.947632
8060	6	6	6	1	0:00:00.970229
8080	4	4	4	1	0:00:00.971010
8100	6	-1	6	0	0:00:00.958089
8120	8	8	8	1	0:00:00.967567
8140	5	3	5	0	0:00:01.013075
8160	6	6	6	1	0:00:00.972794
8180	4	2	2	0	0:00:00.969220
8200	3	-1	3	0	0:00:00.993569
8220	6	6	6	1	0:00:00.995620
8240	7	7	7	1	0:00:00.989497
8260	1	1	1	1	0:00:00.976711
8280	4	4	4	1	0:00:00.996706
8300	5	5	5	1	0:00:01.005724
8320	7	7	7	1	0:00:01.002811
8340	5	5	5	1	0:00:00.983771
8360	7	7	7	1	0:00:00.995019
8380	9	9	9	1	0:00:00.975691
8400	0	0	0	1	0:00:00.993491
8420	3	6	3	0	0:00:00.989319
8440	5	2	2	0	0:00:00.974564
8460	8	8	8	1	0:00:00.999779
8480	2	2	2	1	0:00:01.012443
8500	4	4	4	1	0:00:01.025542
8520	8	8	8	1	0:00:01.003828
8540	4	-1	2	0	0:00:00.975288
8560	7	7	7	1	0:00:01.009121
8580	3	5	5	0	0:00:00.993859
8600	3	3	3	1	0:00:00.992803
8620	3	5	5	0	0:00:00.994269
8640	1	1	1	1	0:00:00.980294
8660	7	7	7	1	0:00:00.946959
8680	3	3	3	1	0:00:00.971117
8700	3	5	5	0	0:00:00.970786
8720	2	-1	0	0	0:00:00.983234
8740	2	2	2	1	0:00:00.997928
8760	8	8	8	1	0:00:00.980180
8780	4	7	7	0	0:00:00.959652
8800	0	0	0	1	0:00:00.991645
8820	2	2	2	1	0:00:00.982816
8840	2	2	2	1	0:00:01.016436
8860	2	2	2	1	0:00:01.004533
8880	1	1	1	1	0:00:00.999110
8900	2	2	2	1	0:00:00.973991
8920	6	6	6	1	0:00:00.984898
8940	6	6	6	1	0:00:00.978943
8960	0	-1	2	0	0:00:00.979342
8980	9	9	9	1	0:00:00.971981
9000	8	8	8	1	0:00:00.966633
9020	7	7	7	1	0:00:00.960761
9040	2	5	5	0	0:00:00.983390
9060	9	9	9	1	0:00:00.959460
9080	3	-1	2	0	0:00:00.959251
9100	9	9	1	1	0:00:00.959971
9120	3	2	3	0	0:00:00.961192
9140	7	7	7	1	0:00:00.969775
9160	5	3	3	0	0:00:00.977075
9180	5	5	5	1	0:00:00.978598
9200	8	8	8	1	0:00:00.971277
9220	8	8	8	1	0:00:00.989314
9240	8	8	8	1	0:00:01.000121
9260	5	3	3	0	0:00:00.981383
9280	9	9	9	1	0:00:00.955125
9300	5	3	3	0	0:00:00.965913
9320	9	9	9	1	0:00:00.959176
9340	1	1	1	1	0:00:00.945891
9360	5	0	0	0	0:00:00.975372
9380	5	3	3	0	0:00:00.951980
9400	6	6	6	1	0:00:00.969164
9420	5	5	5	1	0:00:00.961810
9440	8	8	8	1	0:00:00.959703
9460	3	3	3	1	0:00:00.965529
9480	2	-1	2	0	0:00:00.962528
9500	9	9	9	1	0:00:00.962106
9520	1	1	1	1	0:00:00.993621
9540	5	5	5	1	0:00:01.033121
9560	9	7	7	0	0:00:01.021181
9580	1	1	1	1	0:00:01.016751
9600	8	8	8	1	0:00:01.029577
9620	4	4	4	1	0:00:01.011696
9640	5	5	5	1	0:00:01.008646
9660	6	6	6	1	0:00:01.021135
9680	8	8	8	1	0:00:01.029452
9700	0	0	0	1	0:00:01.013099
9720	8	8	8	1	0:00:01.026019
9740	3	-1	3	0	0:00:01.101651
9760	9	9	9	1	0:00:01.030356
9780	4	4	2	1	0:00:01.001142
9800	1	1	1	1	0:00:00.989184
9820	0	0	8	1	0:00:00.985265
9840	4	7	7	0	0:00:00.977264
9860	0	0	0	1	0:00:00.969945
9880	7	7	7	1	0:00:00.980441
9900	8	8	8	1	0:00:00.957099
9920	6	6	6	1	0:00:00.963476
9940	4	4	4	1	0:00:00.970502
9960	2	0	0	0	0:00:00.971711
9980	0	0	0	1	0:00:00.958247
