idx	label	predict	basePredict	correct	time
0	3	3	3	1	0:00:01.465364
20	7	7	7	1	0:00:01.238703
40	4	4	4	1	0:00:01.245848
60	7	7	7	1	0:00:01.244346
80	8	8	8	1	0:00:01.236642
100	4	4	5	1	0:00:01.235313
120	8	8	8	1	0:00:01.242397
140	6	6	3	1	0:00:01.242293
160	2	2	2	1	0:00:01.252224
180	0	0	0	1	0:00:01.283044
200	5	5	5	1	0:00:01.259669
220	7	7	7	1	0:00:01.254661
240	1	1	1	1	0:00:01.255786
260	8	8	8	1	0:00:01.328063
280	9	9	9	1	0:00:01.246917
300	6	6	6	1	0:00:01.247091
320	3	3	3	1	0:00:01.270876
340	2	2	2	1	0:00:01.252813
360	9	9	9	1	0:00:01.237812
380	6	6	6	1	0:00:01.225113
400	9	9	9	1	0:00:01.241292
420	4	-1	3	0	0:00:01.253541
440	1	1	1	1	0:00:01.244321
460	5	5	5	1	0:00:01.255773
480	8	8	8	1	0:00:01.268133
500	4	6	4	0	0:00:01.246918
520	5	5	5	1	0:00:01.246916
540	1	1	1	1	0:00:01.251015
560	0	0	0	1	0:00:01.244027
580	4	4	4	1	0:00:01.237405
600	8	8	8	1	0:00:01.243031
620	7	7	7	1	0:00:01.248066
640	5	3	3	0	0:00:01.224911
660	9	9	9	1	0:00:01.270005
680	9	-1	1	0	0:00:01.256058
700	7	7	7	1	0:00:01.238276
720	4	4	4	1	0:00:01.266740
740	2	-1	5	0	0:00:01.256243
760	3	3	3	1	0:00:01.257333
780	9	9	9	1	0:00:01.217992
800	7	7	7	1	0:00:01.249569
820	6	-1	5	0	0:00:01.245667
840	7	7	7	1	0:00:01.271898
860	4	-1	2	0	0:00:01.270698
880	8	8	8	1	0:00:01.264202
900	2	6	3	0	0:00:01.244562
920	6	4	4	0	0:00:01.226399
940	9	9	9	1	0:00:01.250964
960	9	9	3	1	0:00:01.235069
980	2	2	2	1	0:00:01.276194
1000	5	5	5	1	0:00:01.193496
1020	1	1	1	1	0:00:01.170456
1040	7	-1	2	0	0:00:01.145074
1060	9	9	9	1	0:00:01.164054
1080	6	2	2	0	0:00:01.156657
1100	7	-1	5	0	0:00:01.157580
1120	5	-1	2	0	0:00:01.152800
1140	6	6	3	1	0:00:01.150288
1160	8	8	8	1	0:00:01.158246
1180	3	3	3	1	0:00:01.151824
1200	8	8	8	1	0:00:01.159445
1220	9	3	3	0	0:00:01.152393
1240	2	2	2	1	0:00:01.154148
1260	1	-1	9	0	0:00:01.166505
1280	3	3	3	1	0:00:01.158882
1300	4	3	3	0	0:00:01.147198
1320	7	7	7	1	0:00:01.153530
1340	1	1	1	1	0:00:01.151069
1360	7	7	7	1	0:00:01.150832
1380	4	4	4	1	0:00:01.148550
1400	5	5	5	1	0:00:01.157920
1420	4	-1	2	0	0:00:01.143687
1440	0	0	0	1	0:00:01.133646
1460	6	6	6	1	0:00:01.136961
1480	1	1	1	1	0:00:01.157520
1500	1	1	1	1	0:00:01.172909
1520	7	7	7	1	0:00:01.156653
1540	8	8	8	1	0:00:01.155986
1560	7	7	7	1	0:00:01.141813
1580	6	6	6	1	0:00:01.152272
1600	8	8	8	1	0:00:01.157146
1620	5	3	3	0	0:00:01.165571
1640	7	7	7	1	0:00:01.168594
1660	3	3	3	1	0:00:01.167428
1680	6	6	3	1	0:00:01.152743
1700	5	5	5	1	0:00:01.154653
1720	4	4	4	1	0:00:01.174015
1740	1	1	1	1	0:00:01.174932
1760	0	0	0	1	0:00:01.161564
1780	7	7	7	1	0:00:01.170718
1800	4	4	4	1	0:00:01.161827
1820	8	8	8	1	0:00:01.165303
1840	8	8	8	1	0:00:01.173457
1860	8	8	8	1	0:00:01.176203
1880	1	1	1	1	0:00:01.160883
1900	8	8	8	1	0:00:01.166112
1920	2	2	2	1	0:00:01.156850
1940	5	5	2	1	0:00:01.168022
1960	2	2	2	1	0:00:01.177675
1980	9	9	9	1	0:00:01.160730
2000	1	1	1	1	0:00:01.178562
2020	9	9	9	1	0:00:01.161640
2040	0	0	0	1	0:00:01.150290
2060	5	3	3	0	0:00:01.159453
2080	1	1	1	1	0:00:01.162961
2100	2	2	2	1	0:00:01.171297
2120	4	8	8	0	0:00:01.162927
2140	9	9	9	1	0:00:01.159592
2160	0	0	0	1	0:00:01.161496
2180	4	4	4	1	0:00:01.162250
2200	0	0	0	1	0:00:01.158733
2220	1	1	1	1	0:00:01.140954
2240	9	9	9	1	0:00:01.176388
2260	4	4	4	1	0:00:01.167553
2280	4	4	2	1	0:00:01.155551
2300	3	1	1	0	0:00:01.151702
2320	5	3	3	0	0:00:01.168976
2340	7	7	7	1	0:00:01.154781
2360	7	7	7	1	0:00:01.160856
2380	8	8	8	1	0:00:01.148821
2400	0	0	0	1	0:00:01.154894
2420	8	7	7	0	0:00:01.163114
2440	7	7	7	1	0:00:01.154798
2460	9	9	9	1	0:00:01.164515
2480	8	8	8	1	0:00:01.147133
2500	4	6	5	0	0:00:01.158981
2520	1	0	0	0	0:00:01.153350
2540	2	2	2	1	0:00:01.169196
2560	7	7	7	1	0:00:01.151452
2580	6	6	6	1	0:00:01.142285
2600	8	8	8	1	0:00:01.158891
2620	1	1	1	1	0:00:01.172408
2640	7	7	7	1	0:00:01.119016
2660	3	3	3	1	0:00:01.147754
2680	0	0	0	1	0:00:01.149992
2700	9	1	1	0	0:00:01.154305
2720	3	3	3	1	0:00:01.165243
2740	1	1	1	1	0:00:01.160575
2760	2	2	2	1	0:00:01.156881
2780	7	7	7	1	0:00:01.163637
2800	4	4	4	1	0:00:01.154607
2820	6	6	6	1	0:00:01.164397
2840	3	3	3	1	0:00:01.154464
2860	5	5	5	1	0:00:01.160438
2880	4	4	4	1	0:00:01.145294
2900	3	3	3	1	0:00:01.174150
2920	2	2	2	1	0:00:01.152546
2940	3	0	0	0	0:00:01.164361
2960	9	0	0	0	0:00:01.163606
2980	8	8	8	1	0:00:01.148431
3000	5	5	5	1	0:00:01.162163
3020	1	1	1	1	0:00:01.156615
3040	7	7	7	1	0:00:01.145914
3060	7	7	7	1	0:00:01.169475
3080	1	1	1	1	0:00:01.150289
3100	0	0	0	1	0:00:01.163744
3120	4	4	3	1	0:00:01.144484
3140	8	8	8	1	0:00:01.158433
3160	6	2	2	0	0:00:01.156396
3180	3	-1	3	0	0:00:01.134718
3200	5	5	5	1	0:00:01.141768
3220	3	3	3	1	0:00:01.150337
3240	4	-1	1	0	0:00:01.150789
3260	7	7	7	1	0:00:01.161216
3280	3	3	3	1	0:00:01.167265
3300	4	4	4	1	0:00:01.145415
3320	2	-1	3	0	0:00:01.139395
3340	6	6	6	1	0:00:01.130072
3360	4	4	4	1	0:00:01.142239
3380	8	8	8	1	0:00:01.149344
3400	6	1	0	0	0:00:01.149904
3420	5	3	3	0	0:00:01.149395
3440	2	3	3	0	0:00:01.139273
3460	1	1	1	1	0:00:01.145339
3480	2	2	2	1	0:00:01.158651
3500	1	1	1	1	0:00:01.140729
3520	1	1	1	1	0:00:01.159492
3540	6	6	3	1	0:00:01.159245
3560	1	9	9	0	0:00:01.202934
3580	4	4	2	1	0:00:01.210266
3600	4	3	3	0	0:00:01.149684
3620	0	0	0	1	0:00:01.134026
3640	6	6	6	1	0:00:01.140530
3660	0	0	0	1	0:00:01.158892
3680	0	0	0	1	0:00:01.145016
3700	3	3	3	1	0:00:01.148747
3720	2	2	2	1	0:00:01.156709
3740	0	0	0	1	0:00:01.153290
3760	7	7	7	1	0:00:01.174973
3780	4	3	3	0	0:00:01.163567
3800	9	9	9	1	0:00:01.156466
3820	0	3	3	0	0:00:01.160019
3840	6	-1	5	0	0:00:01.162279
3860	7	7	7	1	0:00:01.130955
3880	6	6	6	1	0:00:01.145250
3900	3	3	3	1	0:00:01.173401
3920	7	7	7	1	0:00:01.161511
3940	6	6	6	1	0:00:01.167779
3960	2	2	2	1	0:00:01.163383
3980	9	-1	9	0	0:00:01.149264
4000	8	-1	7	0	0:00:01.155734
4020	8	-1	8	0	0:00:01.166219
4040	0	0	0	1	0:00:01.141614
4060	6	6	6	1	0:00:01.152591
4080	1	1	1	1	0:00:01.161290
4100	7	7	7	1	0:00:01.159900
4120	4	4	4	1	0:00:01.161449
4140	5	5	3	1	0:00:01.163339
4160	5	5	5	1	0:00:01.164285
4180	0	-1	8	0	0:00:01.157843
4200	4	4	4	1	0:00:01.165718
4220	4	0	0	0	0:00:01.158965
4240	7	7	7	1	0:00:01.144008
4260	8	8	8	1	0:00:01.146285
4280	8	-1	8	0	0:00:01.144320
4300	8	8	8	1	0:00:01.156140
4320	1	1	1	1	0:00:01.159645
4340	0	0	0	1	0:00:01.142577
4360	6	6	6	1	0:00:01.150629
4380	9	9	9	1	0:00:01.150637
4400	3	3	3	1	0:00:01.103323
4420	5	5	5	1	0:00:01.134154
4440	2	2	2	1	0:00:01.147062
4460	9	9	9	1	0:00:01.149905
4480	9	9	9	1	0:00:01.166951
4500	3	3	3	1	0:00:01.146650
4520	3	3	3	1	0:00:01.135929
4540	9	9	9	1	0:00:01.157181
4560	1	1	1	1	0:00:01.157740
4580	6	6	6	1	0:00:01.151244
4600	4	4	4	1	0:00:01.154650
4620	7	7	7	1	0:00:01.156656
4640	2	2	2	1	0:00:01.154663
4660	7	7	7	1	0:00:01.159805
4680	9	9	9	1	0:00:01.158914
4700	6	-1	5	0	0:00:01.164060
4720	8	8	8	1	0:00:01.153146
4740	5	3	3	0	0:00:01.170107
4760	3	2	3	0	0:00:01.141789
4780	0	0	0	1	0:00:01.136930
4800	9	9	9	1	0:00:01.140827
4820	3	3	3	1	0:00:01.162427
4840	0	0	0	1	0:00:01.156786
4860	5	5	5	1	0:00:01.164220
4880	0	0	0	1	0:00:01.155167
4900	3	3	3	1	0:00:01.153986
4920	7	7	7	1	0:00:01.155627
4940	6	6	6	1	0:00:01.163014
4960	4	4	4	1	0:00:01.163430
4980	1	1	1	1	0:00:01.158685
5000	7	7	7	1	0:00:01.154902
5020	8	8	8	1	0:00:01.157510
5040	3	3	3	1	0:00:01.137589
5060	6	6	3	1	0:00:01.130524
5080	7	7	7	1	0:00:01.148041
5100	3	3	3	1	0:00:01.138333
5120	9	9	9	1	0:00:01.148802
5140	8	8	8	1	0:00:01.148963
5160	0	0	0	1	0:00:01.157243
5180	9	-1	5	0	0:00:01.146795
5200	3	-1	2	0	0:00:01.156277
5220	0	0	0	1	0:00:01.157764
5240	1	1	1	1	0:00:01.141791
5260	0	0	0	1	0:00:01.152714
5280	0	4	4	0	0:00:01.149475
5300	9	9	9	1	0:00:01.152048
5320	7	7	7	1	0:00:01.160306
5340	3	3	3	1	0:00:01.139146
5360	9	9	9	1	0:00:01.151411
5380	1	-1	1	0	0:00:01.151624
5400	9	9	9	1	0:00:01.157646
5420	6	6	6	1	0:00:01.150334
5440	9	9	9	1	0:00:01.144877
5460	0	0	0	1	0:00:01.159364
5480	1	1	1	1	0:00:01.163330
5500	8	8	8	1	0:00:01.153215
5520	4	4	3	1	0:00:01.179052
5540	5	5	5	1	0:00:01.141311
5560	3	3	3	1	0:00:01.146431
5580	5	3	3	0	0:00:01.149909
5600	6	-1	3	0	0:00:01.135354
5620	3	3	3	1	0:00:01.129385
5640	2	-1	2	0	0:00:01.171955
5660	9	9	9	1	0:00:01.150822
5680	2	2	2	1	0:00:01.159084
5700	3	3	3	1	0:00:01.170583
5720	9	9	9	1	0:00:01.161433
5740	6	6	6	1	0:00:01.166291
5760	2	2	2	1	0:00:01.158481
5780	7	7	7	1	0:00:01.154666
5800	2	2	2	1	0:00:01.153736
5820	5	5	5	1	0:00:01.144968
5840	2	2	2	1	0:00:01.157922
5860	0	-1	8	0	0:00:01.217201
5880	0	0	0	1	0:00:01.172799
5900	4	0	0	0	0:00:01.148589
5920	8	8	8	1	0:00:01.133645
5940	7	7	7	1	0:00:01.133292
5960	2	6	5	0	0:00:01.125190
5980	9	9	9	1	0:00:01.143674
6000	8	8	8	1	0:00:01.158809
6020	6	6	6	1	0:00:01.153023
6040	2	7	7	0	0:00:01.136552
6060	3	-1	2	0	0:00:01.133847
6080	1	1	1	1	0:00:01.150761
6100	1	1	1	1	0:00:01.139970
6120	5	5	5	1	0:00:01.137341
6140	9	9	9	1	0:00:01.137820
6160	2	2	2	1	0:00:01.134035
6180	0	0	0	1	0:00:01.112575
6200	3	3	3	1	0:00:01.119164
6220	2	2	2	1	0:00:01.135756
6240	2	2	2	1	0:00:01.122844
6260	2	-1	2	0	0:00:01.131355
6280	8	8	8	1	0:00:01.132788
6300	1	1	1	1	0:00:01.138646
6320	0	0	0	1	0:00:01.134892
6340	3	3	3	1	0:00:01.137574
6360	2	2	2	1	0:00:01.133037
6380	3	3	3	1	0:00:01.145695
6400	0	-1	0	0	0:00:01.131709
6420	7	7	7	1	0:00:01.130548
6440	3	2	2	0	0:00:01.130480
6460	3	3	3	1	0:00:01.116268
6480	0	0	0	1	0:00:01.139494
6500	7	-1	3	0	0:00:01.111632
6520	6	6	6	1	0:00:01.103492
6540	8	8	8	1	0:00:01.101055
6560	6	6	5	1	0:00:01.102022
6580	1	1	1	1	0:00:01.116129
6600	7	7	7	1	0:00:01.111568
6620	7	7	7	1	0:00:01.123374
6640	5	3	3	0	0:00:01.138651
6660	0	0	0	1	0:00:01.144898
6680	3	3	3	1	0:00:01.139985
6700	6	6	6	1	0:00:01.164811
6720	2	2	2	1	0:00:01.156911
6740	2	2	2	1	0:00:01.141731
6760	5	5	5	1	0:00:01.146291
6780	7	7	7	1	0:00:01.140854
6800	6	-1	3	0	0:00:01.163074
6820	1	1	1	1	0:00:01.160292
6840	9	9	9	1	0:00:01.149909
6860	0	0	0	1	0:00:01.146329
6880	2	2	2	1	0:00:01.163287
6900	3	3	3	1	0:00:01.163054
6920	5	-1	2	0	0:00:01.145408
6940	1	1	1	1	0:00:01.148338
6960	9	9	9	1	0:00:01.161932
6980	0	8	8	0	0:00:01.132347
7000	2	8	8	0	0:00:01.128108
7020	7	7	7	1	0:00:01.158036
7040	7	0	0	0	0:00:01.156444
7060	8	8	8	1	0:00:01.166867
7080	5	3	3	0	0:00:01.187982
7100	9	3	3	0	0:00:01.160301
7120	7	7	7	1	0:00:01.163527
7140	4	4	2	1	0:00:01.162915
7160	5	5	5	1	0:00:01.171141
7180	6	6	3	1	0:00:01.135531
7200	4	4	4	1	0:00:01.163552
7220	9	9	9	1	0:00:01.166939
7240	0	0	0	1	0:00:01.144056
7260	1	1	1	1	0:00:01.138117
7280	1	9	9	0	0:00:01.118482
7300	3	5	5	0	0:00:01.133755
7320	8	8	8	1	0:00:01.152781
7340	2	2	2	1	0:00:01.154253
7360	2	2	2	1	0:00:01.131094
7380	7	7	7	1	0:00:01.123168
7400	3	3	3	1	0:00:01.156354
7420	3	3	3	1	0:00:01.154094
7440	3	3	3	1	0:00:01.160043
7460	5	5	5	1	0:00:01.138035
7480	1	1	1	1	0:00:01.138800
7500	6	6	6	1	0:00:01.158181
7520	4	4	4	1	0:00:01.162554
7540	5	5	5	1	0:00:01.165792
7560	0	0	0	1	0:00:01.150565
7580	8	8	8	1	0:00:01.169363
7600	8	2	2	0	0:00:01.146129
7620	5	5	5	1	0:00:01.136688
7640	9	8	8	0	0:00:01.129991
7660	7	7	7	1	0:00:01.135252
7680	3	5	5	0	0:00:01.129886
7700	6	6	6	1	0:00:01.129265
7720	5	5	2	1	0:00:01.123982
7740	4	4	4	1	0:00:01.136962
7760	2	2	2	1	0:00:01.141395
7780	3	-1	8	0	0:00:01.120005
7800	0	0	0	1	0:00:01.123051
7820	5	3	3	0	0:00:01.136395
7840	1	1	1	1	0:00:01.133833
7860	8	8	8	1	0:00:01.130750
7880	0	0	0	1	0:00:01.155156
7900	0	0	0	1	0:00:01.143126
7920	9	9	9	1	0:00:01.117392
7940	2	2	2	1	0:00:01.122611
7960	0	0	0	1	0:00:01.108910
7980	3	3	3	1	0:00:01.107792
8000	9	9	9	1	0:00:01.129611
8020	6	3	3	0	0:00:01.131858
8040	2	2	2	1	0:00:01.126340
8060	6	6	6	1	0:00:01.130794
8080	4	4	4	1	0:00:01.145412
8100	6	-1	2	0	0:00:01.137539
8120	8	8	8	1	0:00:01.171211
8140	5	3	3	0	0:00:01.105687
8160	6	6	6	1	0:00:01.106553
8180	4	2	2	0	0:00:01.122637
8200	3	-1	3	0	0:00:01.129795
8220	6	6	6	1	0:00:01.124769
8240	7	7	7	1	0:00:01.121736
8260	1	1	1	1	0:00:01.114224
8280	4	4	4	1	0:00:01.114361
8300	5	-1	5	0	0:00:01.131902
8320	7	7	7	1	0:00:01.129814
8340	5	5	3	1	0:00:01.125319
8360	7	7	7	1	0:00:01.126529
8380	9	9	9	1	0:00:01.128581
8400	0	0	0	1	0:00:01.137353
8420	3	6	5	0	0:00:01.143136
8440	5	2	2	0	0:00:01.192922
8460	8	8	8	1	0:00:01.130014
8480	2	2	2	1	0:00:01.122883
8500	4	4	4	1	0:00:01.126541
8520	8	8	8	1	0:00:01.118884
8540	4	-1	2	0	0:00:01.121182
8560	7	7	7	1	0:00:01.124957
8580	3	5	5	0	0:00:01.160066
8600	3	3	3	1	0:00:01.161520
8620	3	5	5	0	0:00:01.169404
8640	1	1	1	1	0:00:01.150583
8660	7	7	7	1	0:00:01.144362
8680	3	3	3	1	0:00:01.127072
8700	3	5	5	0	0:00:01.133304
8720	2	-1	0	0	0:00:01.134282
8740	2	2	2	1	0:00:01.073300
8760	8	8	8	1	0:00:01.087599
8780	4	7	7	0	0:00:01.104297
8800	0	0	0	1	0:00:01.133241
8820	2	2	2	1	0:00:01.125821
8840	2	2	2	1	0:00:01.123491
8860	2	2	2	1	0:00:01.147038
8880	1	1	1	1	0:00:01.139238
8900	2	2	2	1	0:00:01.136760
8920	6	6	6	1	0:00:01.137057
8940	6	6	6	1	0:00:01.133378
8960	0	-1	2	0	0:00:01.122376
8980	9	9	9	1	0:00:01.119056
9000	8	8	8	1	0:00:01.120078
9020	7	7	7	1	0:00:01.113837
9040	2	5	5	0	0:00:01.123434
9060	9	9	9	1	0:00:01.123923
9080	3	-1	2	0	0:00:01.127431
9100	9	9	1	1	0:00:01.125420
9120	3	2	3	0	0:00:01.133223
9140	7	7	7	1	0:00:01.131205
9160	5	3	3	0	0:00:01.133295
9180	5	5	5	1	0:00:01.155879
9200	8	8	8	1	0:00:01.133492
9220	8	8	8	1	0:00:01.170153
9240	8	8	8	1	0:00:01.153091
9260	5	3	3	0	0:00:01.116811
9280	9	9	9	1	0:00:01.103095
9300	5	3	3	0	0:00:01.106474
9320	9	9	9	1	0:00:01.115809
9340	1	1	1	1	0:00:01.123054
9360	5	0	0	0	0:00:01.151859
9380	5	3	3	0	0:00:01.141660
9400	6	6	6	1	0:00:01.144258
9420	5	5	5	1	0:00:01.217987
9440	8	8	8	1	0:00:01.231984
9460	3	3	3	1	0:00:01.189655
9480	2	-1	2	0	0:00:01.172787
9500	9	9	9	1	0:00:01.168257
9520	1	1	1	1	0:00:01.177831
9540	5	5	5	1	0:00:01.157014
9560	9	7	7	0	0:00:01.143152
9580	1	1	1	1	0:00:01.136842
9600	8	8	8	1	0:00:01.143613
9620	4	4	4	1	0:00:01.133784
9640	5	5	5	1	0:00:01.133127
9660	6	6	6	1	0:00:01.138948
9680	8	8	8	1	0:00:01.137376
9700	0	0	0	1	0:00:01.131393
9720	8	8	8	1	0:00:01.134008
9740	3	-1	3	0	0:00:01.126297
9760	9	9	9	1	0:00:01.126306
9780	4	-1	2	0	0:00:01.115930
9800	1	1	1	1	0:00:01.131739
9820	0	0	8	1	0:00:01.134266
9840	4	7	7	0	0:00:01.136738
9860	0	0	0	1	0:00:01.138768
9880	7	7	7	1	0:00:01.134916
9900	8	8	8	1	0:00:01.141306
9920	6	6	6	1	0:00:01.149066
9940	4	4	4	1	0:00:01.131761
9960	2	0	0	0	0:00:01.131874
9980	0	0	0	1	0:00:01.131283
