idx	label	predict	basePredict	correct	time
0	3	6	6	0	0:00:02.034459
20	7	9	9	0	0:00:01.985548
40	4	8	8	0	0:00:01.945982
60	7	2	2	0	0:00:01.916982
80	8	8	8	1	0:00:01.929472
100	4	5	5	0	0:00:01.947529
120	8	8	8	1	0:00:01.984440
140	6	2	2	0	0:00:01.969888
160	2	0	0	0	0:00:01.965595
180	0	0	0	1	0:00:01.943512
200	5	3	3	0	0:00:01.952583
220	7	7	7	1	0:00:01.942027
240	1	1	1	1	0:00:01.914822
260	8	5	5	0	0:00:01.932782
280	9	9	9	1	0:00:01.937038
300	6	4	4	0	0:00:01.963371
320	3	4	4	0	0:00:01.918756
340	2	4	4	0	0:00:01.952388
360	9	6	6	0	0:00:01.939811
380	6	6	6	1	0:00:01.977784
400	9	9	9	1	0:00:01.958123
420	4	6	6	0	0:00:01.963190
440	1	1	1	1	0:00:01.938430
460	5	5	5	1	0:00:01.970882
480	8	9	9	0	0:00:01.968507
500	4	6	6	0	0:00:01.938892
520	5	-1	5	0	0:00:01.980269
540	1	8	8	0	0:00:01.928468
560	0	0	0	1	0:00:02.001408
580	4	6	6	0	0:00:01.967206
600	8	8	8	1	0:00:01.979834
620	7	6	6	0	0:00:02.004720
640	5	6	6	0	0:00:01.960495
660	9	9	9	1	0:00:01.956417
680	9	9	9	1	0:00:01.962574
700	7	7	7	1	0:00:01.909853
720	4	9	9	0	0:00:01.887360
740	2	5	5	0	0:00:01.906540
760	3	9	9	0	0:00:01.894856
780	9	-1	0	0	0:00:01.901381
800	7	7	7	1	0:00:01.894474
820	6	9	9	0	0:00:01.889444
840	7	7	7	1	0:00:01.949255
860	4	6	6	0	0:00:01.915025
880	8	8	8	1	0:00:01.897827
900	2	6	6	0	0:00:01.881094
920	6	2	2	0	0:00:01.908690
940	9	9	6	1	0:00:01.998689
960	9	9	9	1	0:00:01.901686
980	2	6	6	0	0:00:01.908208
1000	5	5	5	1	0:00:01.799073
1020	1	8	8	0	0:00:01.808114
1040	7	5	5	0	0:00:01.794900
1060	9	-1	8	0	0:00:01.814565
1080	6	6	6	1	0:00:01.798950
1100	7	8	8	0	0:00:01.810117
1120	5	2	8	0	0:00:01.802166
1140	6	4	6	0	0:00:01.831667
1160	8	0	0	0	0:00:01.855900
1180	3	9	9	0	0:00:01.851743
1200	8	0	0	0	0:00:01.851533
1220	9	-1	2	0	0:00:01.844708
1240	2	6	6	0	0:00:01.863219
1260	1	9	9	0	0:00:01.828618
1280	3	7	7	0	0:00:01.842550
1300	4	6	6	0	0:00:01.877049
1320	7	0	0	0	0:00:01.879780
1340	1	1	1	1	0:00:01.859755
1360	7	9	5	0	0:00:01.878973
1380	4	5	5	0	0:00:01.878252
1400	5	4	2	0	0:00:01.862877
1420	4	7	7	0	0:00:01.870911
1440	0	8	8	0	0:00:01.867733
1460	6	6	6	1	0:00:01.877636
1480	1	5	5	0	0:00:01.885286
1500	1	9	9	0	0:00:01.866770
1520	7	6	6	0	0:00:01.870034
1540	8	8	8	1	0:00:01.864973
1560	7	7	7	1	0:00:01.869876
1580	6	1	1	0	0:00:01.864932
1600	8	9	6	0	0:00:01.862403
1620	5	8	8	0	0:00:01.883469
1640	7	5	5	0	0:00:01.879549
1660	3	5	5	0	0:00:01.862817
1680	6	6	6	1	0:00:01.871387
1700	5	2	2	0	0:00:01.873528
1720	4	0	0	0	0:00:01.867651
1740	1	9	9	0	0:00:01.866841
1760	0	8	8	0	0:00:01.864475
1780	7	8	8	0	0:00:01.873626
1800	4	8	8	0	0:00:01.873363
1820	8	9	9	0	0:00:01.858605
1840	8	7	7	0	0:00:01.858509
1860	8	8	8	1	0:00:01.860046
1880	1	1	8	1	0:00:01.851299
1900	8	8	8	1	0:00:01.844544
1920	2	7	4	0	0:00:01.854651
1940	5	2	2	0	0:00:01.865117
1960	2	5	5	0	0:00:01.842534
1980	9	9	9	1	0:00:01.850224
2000	1	6	6	0	0:00:01.847258
2020	9	9	9	1	0:00:01.837214
2040	0	8	8	0	0:00:01.855392
2060	5	5	5	1	0:00:01.848367
2080	1	1	4	1	0:00:01.857385
2100	2	4	4	0	0:00:01.857403
2120	4	8	8	0	0:00:01.859303
2140	9	9	1	1	0:00:01.842422
2160	0	8	8	0	0:00:01.868267
2180	4	6	6	0	0:00:01.866130
2200	0	0	0	1	0:00:01.868683
2220	1	1	1	1	0:00:01.869211
2240	9	9	9	1	0:00:01.860895
2260	4	1	4	0	0:00:01.875468
2280	4	8	8	0	0:00:01.835320
2300	3	6	6	0	0:00:01.853050
2320	5	8	8	0	0:00:01.864011
2340	7	7	7	1	0:00:01.852642
2360	7	7	7	1	0:00:01.870166
2380	8	8	8	1	0:00:01.866712
2400	0	0	0	1	0:00:01.853954
2420	8	5	5	0	0:00:01.849022
2440	7	1	1	0	0:00:01.833884
2460	9	6	6	0	0:00:01.847847
2480	8	8	8	1	0:00:01.856629
2500	4	6	4	0	0:00:01.874690
2520	1	8	8	0	0:00:01.820761
2540	2	3	3	0	0:00:01.860471
2560	7	4	4	0	0:00:01.858058
2580	6	4	4	0	0:00:01.886187
2600	8	8	8	1	0:00:01.881109
2620	1	6	6	0	0:00:01.866356
2640	7	7	7	1	0:00:01.881605
2660	3	0	0	0	0:00:01.861266
2680	0	0	0	1	0:00:01.858731
2700	9	9	0	1	0:00:01.832639
2720	3	8	8	0	0:00:01.838182
2740	1	1	1	1	0:00:01.875475
2760	2	6	6	0	0:00:01.858032
2780	7	7	7	1	0:00:01.859303
2800	4	6	6	0	0:00:01.880569
2820	6	6	6	1	0:00:01.873342
2840	3	3	3	1	0:00:01.828000
2860	5	7	7	0	0:00:01.859489
2880	4	4	4	1	0:00:01.838873
2900	3	5	5	0	0:00:01.863461
2920	2	8	8	0	0:00:01.850698
2940	3	8	8	0	0:00:01.831592
2960	9	7	7	0	0:00:01.861922
2980	8	1	1	0	0:00:01.860581
3000	5	5	5	1	0:00:01.836026
3020	1	1	1	1	0:00:01.829632
3040	7	7	7	1	0:00:01.841391
3060	7	7	7	1	0:00:01.852744
3080	1	2	2	0	0:00:01.841623
3100	0	0	0	1	0:00:01.848198
3120	4	6	6	0	0:00:01.863059
3140	8	8	8	1	0:00:01.860944
3160	6	4	4	0	0:00:01.817214
3180	3	9	8	0	0:00:01.869162
3200	5	7	7	0	0:00:01.877991
3220	3	9	9	0	0:00:01.869648
3240	4	1	8	0	0:00:01.860224
3260	7	0	0	0	0:00:01.871636
3280	3	0	0	0	0:00:01.867783
3300	4	4	4	1	0:00:01.855494
3320	2	7	7	0	0:00:01.850816
3340	6	4	4	0	0:00:01.855877
3360	4	6	6	0	0:00:01.881692
3380	8	9	8	0	0:00:01.890795
3400	6	4	4	0	0:00:01.859527
3420	5	6	6	0	0:00:01.869726
3440	2	9	9	0	0:00:01.887247
3460	1	1	1	1	0:00:01.852284
3480	2	2	2	1	0:00:01.854457
3500	1	1	4	1	0:00:01.861624
3520	1	1	1	1	0:00:01.865460
3540	6	8	8	0	0:00:01.862709
3560	1	9	9	0	0:00:01.844228
3580	4	1	1	0	0:00:01.854183
3600	4	2	2	0	0:00:01.846041
3620	0	7	6	0	0:00:01.830399
3640	6	2	2	0	0:00:01.817657
3660	0	8	8	0	0:00:01.859457
3680	0	-1	2	0	0:00:01.858545
3700	3	-1	4	0	0:00:01.883596
3720	2	2	2	1	0:00:01.857565
3740	0	0	0	1	0:00:01.819336
3760	7	7	7	1	0:00:01.836118
3780	4	-1	2	0	0:00:01.815854
3800	9	9	3	1	0:00:01.828707
3820	0	0	0	1	0:00:01.805899
3840	6	8	8	0	0:00:01.804841
3860	7	7	7	1	0:00:01.800025
3880	6	4	4	0	0:00:01.792914
3900	3	0	0	0	0:00:01.787066
3920	7	8	8	0	0:00:01.782082
3940	6	6	6	1	0:00:01.785995
3960	2	5	5	0	0:00:01.788959
3980	9	7	7	0	0:00:01.792894
4000	8	7	7	0	0:00:01.778282
4020	8	9	8	0	0:00:01.797906
4040	0	0	0	1	0:00:01.778337
4060	6	0	0	0	0:00:01.782948
4080	1	8	8	0	0:00:01.786877
4100	7	7	7	1	0:00:01.788122
4120	4	0	0	0	0:00:01.778585
4140	5	2	2	0	0:00:01.778385
4160	5	2	2	0	0:00:01.784933
4180	0	-1	8	0	0:00:01.781018
4200	4	2	2	0	0:00:01.786508
4220	4	0	0	0	0:00:01.773769
4240	7	8	8	0	0:00:01.784977
4260	8	8	8	1	0:00:01.775616
4280	8	-1	8	0	0:00:01.779002
4300	8	8	8	1	0:00:01.798634
4320	1	8	8	0	0:00:01.830973
4340	0	0	0	1	0:00:01.816880
4360	6	9	9	0	0:00:01.772623
4380	9	9	9	1	0:00:01.788998
4400	3	8	8	0	0:00:01.820478
4420	5	8	8	0	0:00:01.821508
4440	2	6	6	0	0:00:01.821325
4460	9	8	8	0	0:00:01.833955
4480	9	6	6	0	0:00:01.831392
4500	3	7	7	0	0:00:01.834790
4520	3	6	6	0	0:00:01.838354
4540	9	9	9	1	0:00:01.857245
4560	1	1	6	1	0:00:01.854816
4580	6	6	6	1	0:00:01.850732
4600	4	7	7	0	0:00:01.858741
4620	7	3	3	0	0:00:01.854355
4640	2	5	5	0	0:00:01.859018
4660	7	2	2	0	0:00:01.854316
4680	9	1	1	0	0:00:01.869458
4700	6	1	1	0	0:00:01.863718
4720	8	0	0	0	0:00:01.860689
4740	5	6	6	0	0:00:01.865022
4760	3	2	4	0	0:00:01.869406
4780	0	8	0	0	0:00:01.865902
4800	9	9	9	1	0:00:01.854752
4820	3	5	5	0	0:00:01.848016
4840	0	0	0	1	0:00:01.858649
4860	5	5	5	1	0:00:01.859883
4880	0	2	2	0	0:00:01.860014
4900	3	1	1	0	0:00:01.867188
4920	7	0	0	0	0:00:01.852190
4940	6	4	2	0	0:00:01.854565
4960	4	6	6	0	0:00:01.868936
4980	1	9	9	0	0:00:01.881625
5000	7	7	7	1	0:00:01.857166
5020	8	1	1	0	0:00:01.803202
5040	3	7	7	0	0:00:01.805912
5060	6	6	6	1	0:00:01.799670
5080	7	7	7	1	0:00:01.817418
5100	3	4	4	0	0:00:01.812610
5120	9	8	8	0	0:00:01.821731
5140	8	8	8	1	0:00:01.804685
5160	0	8	8	0	0:00:01.797067
5180	9	6	6	0	0:00:01.794782
5200	3	3	3	1	0:00:01.795835
5220	0	0	0	1	0:00:01.856839
5240	1	-1	3	0	0:00:01.839935
5260	0	0	0	1	0:00:01.846176
5280	0	8	8	0	0:00:01.852693
5300	9	1	1	0	0:00:01.846925
5320	7	7	7	1	0:00:01.854720
5340	3	4	4	0	0:00:01.843382
5360	9	9	9	1	0:00:01.826219
5380	1	9	9	0	0:00:01.839258
5400	9	0	0	0	0:00:01.840111
5420	6	-1	6	0	0:00:01.825891
5440	9	9	9	1	0:00:01.824749
5460	0	7	7	0	0:00:01.826015
5480	1	8	8	0	0:00:01.832300
5500	8	1	1	0	0:00:01.827536
5520	4	5	5	0	0:00:01.821745
5540	5	6	6	0	0:00:01.833879
5560	3	6	6	0	0:00:01.864979
5580	5	6	6	0	0:00:01.844290
5600	6	-1	8	0	0:00:01.852180
5620	3	2	2	0	0:00:01.861567
5640	2	3	3	0	0:00:01.863845
5660	9	9	8	1	0:00:01.851859
5680	2	8	8	0	0:00:01.869373
5700	3	6	6	0	0:00:01.858271
5720	9	9	9	1	0:00:01.888633
5740	6	6	6	1	0:00:01.868068
5760	2	2	2	1	0:00:01.877652
5780	7	7	7	1	0:00:01.864627
5800	2	6	6	0	0:00:01.847569
5820	5	6	6	0	0:00:01.899117
5840	2	6	6	0	0:00:01.877447
5860	0	8	8	0	0:00:01.869386
5880	0	8	0	0	0:00:01.865666
5900	4	5	5	0	0:00:01.827208
5920	8	8	8	1	0:00:01.876247
5940	7	4	4	0	0:00:01.850898
5960	2	7	7	0	0:00:01.879582
5980	9	9	9	1	0:00:01.869498
6000	8	9	9	0	0:00:01.884660
6020	6	7	7	0	0:00:01.877124
6040	2	7	7	0	0:00:01.880674
6060	3	4	4	0	0:00:01.867160
6080	1	9	6	0	0:00:01.871690
6100	1	1	8	1	0:00:01.873066
6120	5	5	5	1	0:00:01.882322
6140	9	9	9	1	0:00:01.866038
6160	2	5	5	0	0:00:01.866033
6180	0	-1	8	0	0:00:01.877639
6200	3	-1	0	0	0:00:01.879301
6220	2	6	6	0	0:00:01.874201
6240	2	1	6	0	0:00:01.876927
6260	2	9	9	0	0:00:01.862774
6280	8	5	5	0	0:00:01.856435
6300	1	7	7	0	0:00:01.878817
6320	0	0	0	1	0:00:01.864890
6340	3	8	8	0	0:00:01.896203
6360	2	6	2	0	0:00:01.875202
6380	3	1	6	0	0:00:01.880129
6400	0	1	1	0	0:00:01.866748
6420	7	8	8	0	0:00:01.876834
6440	3	8	8	0	0:00:01.896538
6460	3	1	1	0	0:00:01.878627
6480	0	5	0	0	0:00:01.883896
6500	7	0	0	0	0:00:01.862853
6520	6	4	4	0	0:00:01.886836
6540	8	8	8	1	0:00:01.878448
6560	6	6	6	1	0:00:01.897923
6580	1	2	2	0	0:00:01.883031
6600	7	7	7	1	0:00:01.881196
6620	7	7	7	1	0:00:01.868160
6640	5	8	8	0	0:00:01.862146
6660	0	8	8	0	0:00:01.881692
6680	3	5	5	0	0:00:01.873816
6700	6	6	6	1	0:00:01.867860
6720	2	2	2	1	0:00:01.867017
6740	2	6	6	0	0:00:01.889871
6760	5	2	2	0	0:00:01.886894
6780	7	7	7	1	0:00:01.884765
6800	6	6	6	1	0:00:01.885545
6820	1	1	1	1	0:00:01.875805
6840	9	1	1	0	0:00:01.860138
6860	0	0	0	1	0:00:01.869595
6880	2	-1	4	0	0:00:01.855170
6900	3	7	7	0	0:00:01.899818
6920	5	2	2	0	0:00:01.882053
6940	1	1	1	1	0:00:01.873994
6960	9	8	8	0	0:00:01.885948
6980	0	9	9	0	0:00:01.876647
7000	2	8	8	0	0:00:01.851869
7020	7	1	1	0	0:00:01.873135
7040	7	8	8	0	0:00:01.872437
7060	8	8	8	1	0:00:01.865997
7080	5	4	0	0	0:00:01.853367
7100	9	3	3	0	0:00:01.863866
7120	7	-1	6	0	0:00:01.854504
7140	4	4	4	1	0:00:01.857779
7160	5	4	4	0	0:00:01.860690
7180	6	6	6	1	0:00:01.870067
7200	4	6	6	0	0:00:01.859948
7220	9	8	8	0	0:00:01.871062
7240	0	8	8	0	0:00:01.858734
7260	1	8	8	0	0:00:01.867849
7280	1	6	6	0	0:00:01.868911
7300	3	7	7	0	0:00:01.864101
7320	8	0	0	0	0:00:01.871755
7340	2	4	4	0	0:00:01.878055
7360	2	7	7	0	0:00:01.855643
7380	7	-1	7	0	0:00:01.868021
7400	3	9	9	0	0:00:01.861451
7420	3	0	0	0	0:00:01.853921
7440	3	6	6	0	0:00:01.853701
7460	5	5	5	1	0:00:01.873613
7480	1	5	5	0	0:00:01.843775
7500	6	6	6	1	0:00:01.842937
7520	4	6	6	0	0:00:01.850703
7540	5	5	5	1	0:00:01.857654
7560	0	6	2	0	0:00:01.845152
7580	8	8	8	1	0:00:01.855064
7600	8	9	9	0	0:00:01.848046
7620	5	1	1	0	0:00:01.853386
7640	9	9	8	1	0:00:01.847729
7660	7	9	9	0	0:00:01.861755
7680	3	9	9	0	0:00:01.880205
7700	6	6	6	1	0:00:01.864535
7720	5	6	6	0	0:00:01.874371
7740	4	6	2	0	0:00:01.855334
7760	2	9	9	0	0:00:01.865042
7780	3	8	8	0	0:00:01.857534
7800	0	0	0	1	0:00:01.870584
7820	5	8	8	0	0:00:01.857690
7840	1	1	1	1	0:00:01.847007
7860	8	4	4	0	0:00:01.882673
7880	0	8	8	0	0:00:01.871923
7900	0	8	8	0	0:00:01.863774
7920	9	8	8	0	0:00:01.829137
7940	2	6	6	0	0:00:01.856621
7960	0	0	0	1	0:00:01.849014
7980	3	7	7	0	0:00:01.851715
8000	9	9	9	1	0:00:01.845519
8020	6	6	6	1	0:00:01.863553
8040	2	6	6	0	0:00:01.861362
8060	6	-1	6	0	0:00:01.855896
8080	4	6	6	0	0:00:01.880539
8100	6	2	2	0	0:00:01.860133
8120	8	9	9	0	0:00:01.863662
8140	5	6	6	0	0:00:01.865539
8160	6	9	9	0	0:00:01.853547
8180	4	6	6	0	0:00:01.867714
8200	3	6	6	0	0:00:01.862044
8220	6	7	6	0	0:00:01.863223
8240	7	7	7	1	0:00:01.869251
8260	1	1	1	1	0:00:01.811639
8280	4	1	1	0	0:00:01.827613
8300	5	2	2	0	0:00:01.832057
8320	7	4	4	0	0:00:01.876977
8340	5	4	4	0	0:00:01.856252
8360	7	4	4	0	0:00:01.879200
8380	9	8	8	0	0:00:01.863638
8400	0	8	8	0	0:00:01.855467
8420	3	6	4	0	0:00:01.853692
8440	5	9	9	0	0:00:01.865098
8460	8	8	8	1	0:00:01.862308
8480	2	1	1	0	0:00:01.859802
8500	4	2	2	0	0:00:01.873052
8520	8	6	6	0	0:00:01.849518
8540	4	6	4	0	0:00:01.839453
8560	7	7	7	1	0:00:01.868113
8580	3	0	0	0	0:00:01.851130
8600	3	7	7	0	0:00:01.838035
8620	3	1	4	0	0:00:01.830399
8640	1	1	1	1	0:00:01.837487
8660	7	5	5	0	0:00:01.815295
8680	3	9	9	0	0:00:01.810021
8700	3	5	5	0	0:00:01.824726
8720	2	0	0	0	0:00:01.855678
8740	2	6	6	0	0:00:01.848391
8760	8	8	8	1	0:00:01.862302
8780	4	4	4	1	0:00:01.871521
8800	0	0	0	1	0:00:01.831161
8820	2	2	2	1	0:00:01.859117
8840	2	1	1	0	0:00:01.885730
8860	2	0	0	0	0:00:01.860337
8880	1	6	6	0	0:00:01.874579
8900	2	1	6	0	0:00:01.874803
8920	6	6	6	1	0:00:01.881693
8940	6	3	3	0	0:00:01.869290
8960	0	0	0	1	0:00:01.877118
8980	9	9	9	1	0:00:01.883533
9000	8	8	8	1	0:00:01.874850
9020	7	9	9	0	0:00:01.879287
9040	2	5	5	0	0:00:01.906606
9060	9	5	5	0	0:00:01.869762
9080	3	0	0	0	0:00:01.854708
9100	9	6	6	0	0:00:01.850850
9120	3	0	0	0	0:00:01.870122
9140	7	8	8	0	0:00:01.868825
9160	5	5	5	1	0:00:01.876940
9180	5	5	5	1	0:00:01.879321
9200	8	8	8	1	0:00:01.865620
9220	8	8	8	1	0:00:01.876473
9240	8	8	8	1	0:00:01.867539
9260	5	5	5	1	0:00:01.885033
9280	9	0	8	0	0:00:01.880345
9300	5	-1	6	0	0:00:01.872169
9320	9	9	8	1	0:00:01.877358
9340	1	1	1	1	0:00:01.877454
9360	5	6	6	0	0:00:01.884183
9380	5	5	5	1	0:00:01.880127
9400	6	6	4	1	0:00:01.879898
9420	5	6	6	0	0:00:01.877481
9440	8	8	8	1	0:00:01.880285
9460	3	9	6	0	0:00:01.867287
9480	2	6	6	0	0:00:01.886147
9500	9	1	6	0	0:00:01.881778
9520	1	9	9	0	0:00:01.868484
9540	5	4	4	0	0:00:01.884730
9560	9	7	7	0	0:00:01.867944
9580	1	4	4	0	0:00:01.881135
9600	8	8	8	1	0:00:01.857013
9620	4	7	7	0	0:00:01.860479
9640	5	6	6	0	0:00:01.866376
9660	6	6	6	1	0:00:01.861222
9680	8	9	9	0	0:00:01.879874
9700	0	0	0	1	0:00:01.866742
9720	8	6	6	0	0:00:01.881531
9740	3	6	6	0	0:00:01.887341
9760	9	9	9	1	0:00:01.878461
9780	4	6	6	0	0:00:01.877754
9800	1	1	1	1	0:00:01.884946
9820	0	9	8	0	0:00:01.873328
9840	4	3	3	0	0:00:01.881530
9860	0	2	2	0	0:00:01.875075
9880	7	7	4	1	0:00:01.858157
9900	8	0	0	0	0:00:01.862350
9920	6	6	6	1	0:00:01.868500
9940	4	7	7	0	0:00:01.859376
9960	2	0	0	0	0:00:01.871460
9980	0	0	0	1	0:00:01.871404
