idx	label	predict	basePredict	correct	time
0	3	-1	4	0	0:00:00.853330
20	7	9	9	0	0:00:00.744207
40	4	8	8	0	0:00:00.728997
60	7	2	2	0	0:00:00.743849
80	8	8	8	1	0:00:00.730878
100	4	-1	4	0	0:00:00.731092
120	8	8	8	1	0:00:00.763954
140	6	-1	2	0	0:00:00.714176
160	2	0	0	0	0:00:00.728501
180	0	0	0	1	0:00:00.734706
200	5	-1	3	0	0:00:00.733926
220	7	7	7	1	0:00:00.726958
240	1	1	1	1	0:00:00.720826
260	8	5	5	0	0:00:00.734934
280	9	9	8	1	0:00:00.739976
300	6	-1	6	0	0:00:00.747102
320	3	5	2	0	0:00:00.734102
340	2	-1	4	0	0:00:00.739204
360	9	6	6	0	0:00:00.724266
380	6	-1	8	0	0:00:00.724053
400	9	9	9	1	0:00:00.715270
420	4	6	6	0	0:00:00.737578
440	1	-1	2	0	0:00:00.739427
460	5	-1	4	0	0:00:00.725784
480	8	9	9	0	0:00:00.737617
500	4	-1	6	0	0:00:00.714679
520	5	-1	8	0	0:00:00.762938
540	1	8	8	0	0:00:00.709615
560	0	-1	0	0	0:00:00.712893
580	4	6	6	0	0:00:00.708447
600	8	9	4	0	0:00:00.709572
620	7	-1	4	0	0:00:00.725809
640	5	-1	6	0	0:00:00.754259
660	9	9	9	1	0:00:00.757341
680	9	9	9	1	0:00:00.739088
700	7	7	7	1	0:00:00.735232
720	4	9	9	0	0:00:00.724537
740	2	5	5	0	0:00:00.734867
760	3	9	9	0	0:00:00.728335
780	9	-1	8	0	0:00:00.733062
800	7	7	7	1	0:00:00.736899
820	6	9	9	0	0:00:00.725702
840	7	7	7	1	0:00:00.723514
860	4	6	6	0	0:00:00.723509
880	8	8	8	1	0:00:00.737954
900	2	6	6	0	0:00:00.759014
920	6	-1	2	0	0:00:00.723490
940	9	-1	6	0	0:00:00.725432
960	9	9	9	1	0:00:00.720273
980	2	6	6	0	0:00:00.732815
1000	5	5	5	1	0:00:00.635560
1020	1	-1	8	0	0:00:00.635675
1040	7	5	5	0	0:00:00.634728
1060	9	-1	8	0	0:00:00.633516
1080	6	6	6	1	0:00:00.632564
1100	7	8	8	0	0:00:00.633392
1120	5	8	8	0	0:00:00.635981
1140	6	-1	6	0	0:00:00.628136
1160	8	0	0	0	0:00:00.634853
1180	3	9	9	0	0:00:00.633309
1200	8	0	0	0	0:00:00.640033
1220	9	-1	0	0	0:00:00.628026
1240	2	6	6	0	0:00:00.636623
1260	1	9	9	0	0:00:00.638050
1280	3	7	7	0	0:00:00.636195
1300	4	6	6	0	0:00:00.637865
1320	7	-1	0	0	0:00:00.636208
1340	1	1	1	1	0:00:00.634059
1360	7	9	2	0	0:00:00.628300
1380	4	8	8	0	0:00:00.633693
1400	5	-1	2	0	0:00:00.626239
1420	4	7	7	0	0:00:00.628041
1440	0	-1	0	0	0:00:00.634031
1460	6	-1	6	0	0:00:00.634729
1480	1	7	7	0	0:00:00.632713
1500	1	9	9	0	0:00:00.629584
1520	7	6	6	0	0:00:00.631413
1540	8	8	8	1	0:00:00.624868
1560	7	7	7	1	0:00:00.631140
1580	6	9	9	0	0:00:00.633532
1600	8	9	6	0	0:00:00.685719
1620	5	8	8	0	0:00:00.635350
1640	7	5	5	0	0:00:00.634779
1660	3	-1	4	0	0:00:00.625786
1680	6	6	6	1	0:00:00.627856
1700	5	-1	0	0	0:00:00.625218
1720	4	0	0	0	0:00:00.625005
1740	1	9	9	0	0:00:00.629582
1760	0	8	8	0	0:00:00.631402
1780	7	8	8	0	0:00:00.631691
1800	4	8	8	0	0:00:00.623713
1820	8	9	8	0	0:00:00.619839
1840	8	-1	7	0	0:00:00.616926
1860	8	8	8	1	0:00:00.624235
1880	1	-1	4	0	0:00:00.628177
1900	8	8	8	1	0:00:00.634886
1920	2	7	6	0	0:00:00.634490
1940	5	2	2	0	0:00:00.631534
1960	2	-1	7	0	0:00:00.634693
1980	9	9	2	1	0:00:00.624904
2000	1	6	6	0	0:00:00.626534
2020	9	9	9	1	0:00:00.628510
2040	0	8	8	0	0:00:00.636644
2060	5	-1	0	0	0:00:00.637811
2080	1	-1	2	0	0:00:00.628639
2100	2	4	4	0	0:00:00.626903
2120	4	8	8	0	0:00:00.635695
2140	9	9	1	1	0:00:00.631410
2160	0	8	8	0	0:00:00.635278
2180	4	6	6	0	0:00:00.632142
2200	0	0	0	1	0:00:00.629824
2220	1	-1	4	0	0:00:00.624211
2240	9	9	9	1	0:00:00.623266
2260	4	-1	4	0	0:00:00.625825
2280	4	-1	8	0	0:00:00.626406
2300	3	6	6	0	0:00:00.625897
2320	5	8	8	0	0:00:00.629008
2340	7	9	7	0	0:00:00.630419
2360	7	9	9	0	0:00:00.629363
2380	8	8	8	1	0:00:00.637313
2400	0	0	0	1	0:00:00.633134
2420	8	-1	5	0	0:00:00.631426
2440	7	1	8	0	0:00:00.630878
2460	9	-1	6	0	0:00:00.629468
2480	8	8	8	1	0:00:00.629367
2500	4	-1	4	0	0:00:00.625502
2520	1	8	8	0	0:00:00.626773
2540	2	-1	4	0	0:00:00.620111
2560	7	-1	2	0	0:00:00.623971
2580	6	4	4	0	0:00:00.633935
2600	8	8	8	1	0:00:00.634420
2620	1	6	6	0	0:00:00.630492
2640	7	7	2	1	0:00:00.625829
2660	3	0	0	0	0:00:00.621060
2680	0	0	0	1	0:00:00.621807
2700	9	-1	0	0	0:00:00.629971
2720	3	8	8	0	0:00:00.628140
2740	1	1	1	1	0:00:00.627873
2760	2	6	6	0	0:00:00.622872
2780	7	7	7	1	0:00:00.622765
2800	4	6	6	0	0:00:00.635134
2820	6	6	6	1	0:00:00.633193
2840	3	3	3	1	0:00:00.630542
2860	5	7	7	0	0:00:00.626644
2880	4	4	4	1	0:00:00.625669
2900	3	5	5	0	0:00:00.636215
2920	2	-1	0	0	0:00:00.630120
2940	3	-1	0	0	0:00:00.623458
2960	9	-1	9	0	0:00:00.630378
2980	8	1	1	0	0:00:00.620078
3000	5	5	5	1	0:00:00.624010
3020	1	-1	8	0	0:00:00.619835
3040	7	7	7	1	0:00:00.624024
3060	7	7	7	1	0:00:00.622147
3080	1	-1	2	0	0:00:00.629814
3100	0	0	0	1	0:00:00.628535
3120	4	6	6	0	0:00:00.624231
3140	8	8	8	1	0:00:00.624185
3160	6	4	4	0	0:00:00.618856
3180	3	-1	8	0	0:00:00.625873
3200	5	-1	7	0	0:00:00.626041
3220	3	9	9	0	0:00:00.622638
3240	4	0	0	0	0:00:00.626053
3260	7	0	0	0	0:00:00.636668
3280	3	0	0	0	0:00:00.635689
3300	4	-1	4	0	0:00:00.626071
3320	2	9	7	0	0:00:00.631572
3340	6	-1	4	0	0:00:00.626692
3360	4	6	6	0	0:00:00.714741
3380	8	9	8	0	0:00:00.628857
3400	6	-1	4	0	0:00:00.635227
3420	5	6	6	0	0:00:00.635317
3440	2	9	9	0	0:00:00.639258
3460	1	1	4	1	0:00:00.633183
3480	2	2	2	1	0:00:00.631937
3500	1	-1	4	0	0:00:00.626316
3520	1	1	1	1	0:00:00.650579
3540	6	8	8	0	0:00:00.634094
3560	1	9	8	0	0:00:00.636664
3580	4	1	1	0	0:00:00.630086
3600	4	2	2	0	0:00:00.626440
3620	0	-1	6	0	0:00:00.622603
3640	6	-1	0	0	0:00:00.628657
3660	0	8	8	0	0:00:00.630590
3680	0	-1	2	0	0:00:00.631545
3700	3	5	4	0	0:00:00.628799
3720	2	-1	0	0	0:00:00.629256
3740	0	-1	0	0	0:00:00.621103
3760	7	7	7	1	0:00:00.631907
3780	4	-1	2	0	0:00:00.631032
3800	9	9	8	1	0:00:00.628639
3820	0	0	0	1	0:00:00.631460
3840	6	8	8	0	0:00:00.625980
3860	7	7	7	1	0:00:00.632770
3880	6	-1	4	0	0:00:00.635269
3900	3	-1	1	0	0:00:00.639690
3920	7	-1	8	0	0:00:00.628244
3940	6	7	7	0	0:00:00.623140
3960	2	5	5	0	0:00:00.624684
3980	9	7	7	0	0:00:00.618385
4000	8	7	4	0	0:00:00.622587
4020	8	9	8	0	0:00:00.622745
4040	0	0	0	1	0:00:00.629649
4060	6	-1	6	0	0:00:00.629461
4080	1	8	8	0	0:00:00.629382
4100	7	7	7	1	0:00:00.631167
4120	4	0	0	0	0:00:00.632512
4140	5	-1	2	0	0:00:00.629653
4160	5	2	2	0	0:00:00.632459
4180	0	0	8	1	0:00:00.630440
4200	4	2	2	0	0:00:00.633587
4220	4	0	0	0	0:00:00.627181
4240	7	8	8	0	0:00:00.631156
4260	8	-1	8	0	0:00:00.624377
4280	8	9	8	0	0:00:00.627914
4300	8	-1	8	0	0:00:00.626571
4320	1	8	8	0	0:00:00.627913
4340	0	-1	0	0	0:00:00.632976
4360	6	9	9	0	0:00:00.631030
4380	9	9	8	1	0:00:00.631642
4400	3	8	8	0	0:00:00.631623
4420	5	8	8	0	0:00:00.624962
4440	2	6	6	0	0:00:00.628184
4460	9	8	8	0	0:00:00.630807
4480	9	6	6	0	0:00:00.630909
4500	3	7	7	0	0:00:00.628497
4520	3	6	6	0	0:00:00.631275
4540	9	9	9	1	0:00:00.630446
4560	1	1	4	1	0:00:00.635023
4580	6	-1	4	0	0:00:00.625335
4600	4	1	1	0	0:00:00.621246
4620	7	3	3	0	0:00:00.628942
4640	2	5	5	0	0:00:00.637151
4660	7	-1	8	0	0:00:00.630250
4680	9	1	1	0	0:00:00.627184
4700	6	1	4	0	0:00:00.635529
4720	8	0	0	0	0:00:00.638551
4740	5	6	6	0	0:00:00.635119
4760	3	-1	2	0	0:00:00.634621
4780	0	-1	0	0	0:00:00.632449
4800	9	9	9	1	0:00:00.630787
4820	3	-1	6	0	0:00:00.628891
4840	0	0	0	1	0:00:00.630284
4860	5	5	5	1	0:00:00.633694
4880	0	2	2	0	0:00:00.633412
4900	3	6	6	0	0:00:00.629919
4920	7	0	0	0	0:00:00.624178
4940	6	4	2	0	0:00:00.619801
4960	4	6	6	0	0:00:00.621822
4980	1	9	9	0	0:00:00.625219
5000	7	7	7	1	0:00:00.630086
5020	8	-1	8	0	0:00:00.628489
5040	3	-1	4	0	0:00:00.629112
5060	6	6	6	1	0:00:00.624919
5080	7	7	7	1	0:00:00.631027
5100	3	4	4	0	0:00:00.629735
5120	9	8	8	0	0:00:00.632656
5140	8	8	8	1	0:00:00.631158
5160	0	8	8	0	0:00:00.634137
5180	9	6	4	0	0:00:00.631341
5200	3	3	3	1	0:00:00.638400
5220	0	0	0	1	0:00:00.631678
5240	1	-1	4	0	0:00:00.633869
5260	0	0	0	1	0:00:00.630083
5280	0	8	8	0	0:00:00.633261
5300	9	1	6	0	0:00:00.626722
5320	7	-1	7	0	0:00:00.629437
5340	3	-1	8	0	0:00:00.715679
5360	9	9	9	1	0:00:00.646885
5380	1	9	9	0	0:00:00.646245
5400	9	-1	8	0	0:00:00.649663
5420	6	7	7	0	0:00:00.640871
5440	9	9	9	1	0:00:00.624580
5460	0	-1	6	0	0:00:00.623411
5480	1	8	8	0	0:00:00.624527
5500	8	-1	8	0	0:00:00.621566
5520	4	6	6	0	0:00:00.622927
5540	5	-1	2	0	0:00:00.630043
5560	3	6	6	0	0:00:00.625891
5580	5	6	6	0	0:00:00.625165
5600	6	-1	8	0	0:00:00.628022
5620	3	2	2	0	0:00:00.628300
5640	2	3	3	0	0:00:00.630122
5660	9	-1	8	0	0:00:00.629212
5680	2	-1	8	0	0:00:00.632234
5700	3	-1	2	0	0:00:00.628874
5720	9	9	9	1	0:00:00.629145
5740	6	-1	4	0	0:00:00.628006
5760	2	8	8	0	0:00:00.628816
5780	7	-1	7	0	0:00:00.629974
5800	2	6	4	0	0:00:00.629795
5820	5	6	6	0	0:00:00.627154
5840	2	6	6	0	0:00:00.628093
5860	0	-1	8	0	0:00:00.620083
5880	0	-1	8	0	0:00:00.622194
5900	4	5	4	0	0:00:00.621467
5920	8	8	8	1	0:00:00.621516
5940	7	4	4	0	0:00:00.621205
5960	2	7	7	0	0:00:00.624406
5980	9	9	8	1	0:00:00.620848
6000	8	9	8	0	0:00:00.618879
6020	6	-1	6	0	0:00:00.616067
6040	2	7	7	0	0:00:00.619888
6060	3	4	4	0	0:00:00.625000
6080	1	9	6	0	0:00:00.628595
6100	1	-1	8	0	0:00:00.624971
6120	5	5	5	1	0:00:00.617978
6140	9	9	9	1	0:00:00.617064
6160	2	9	8	0	0:00:00.621073
6180	0	-1	8	0	0:00:00.618009
6200	3	0	0	0	0:00:00.624840
6220	2	6	6	0	0:00:00.623555
6240	2	1	6	0	0:00:00.621722
6260	2	9	9	0	0:00:00.621537
6280	8	5	5	0	0:00:00.624126
6300	1	7	4	0	0:00:00.622567
6320	0	0	0	1	0:00:00.623220
6340	3	-1	8	0	0:00:00.621870
6360	2	-1	2	0	0:00:00.622405
6380	3	1	6	0	0:00:00.622286
6400	0	1	4	0	0:00:00.623370
6420	7	8	8	0	0:00:00.621590
6440	3	8	8	0	0:00:00.622687
6460	3	1	1	0	0:00:00.621654
6480	0	0	0	1	0:00:00.626347
6500	7	0	0	0	0:00:00.621726
6520	6	4	4	0	0:00:00.623739
6540	8	-1	8	0	0:00:00.623054
6560	6	6	6	1	0:00:00.623228
6580	1	-1	8	0	0:00:00.622150
6600	7	7	7	1	0:00:00.624958
6620	7	7	7	1	0:00:00.629671
6640	5	-1	8	0	0:00:00.631556
6660	0	0	0	1	0:00:00.633847
6680	3	3	3	1	0:00:00.631234
6700	6	-1	6	0	0:00:00.617052
6720	2	2	2	1	0:00:00.618602
6740	2	6	6	0	0:00:00.620672
6760	5	0	0	0	0:00:00.627717
6780	7	7	7	1	0:00:00.629773
6800	6	6	6	1	0:00:00.627846
6820	1	1	1	1	0:00:00.625309
6840	9	9	6	1	0:00:00.629299
6860	0	0	0	1	0:00:00.624794
6880	2	6	6	0	0:00:00.628949
6900	3	7	7	0	0:00:00.626887
6920	5	2	2	0	0:00:00.627684
6940	1	1	1	1	0:00:00.626202
6960	9	8	8	0	0:00:00.627278
6980	0	9	9	0	0:00:00.627022
7000	2	8	8	0	0:00:00.629804
7020	7	1	1	0	0:00:00.626235
7040	7	8	8	0	0:00:00.628301
7060	8	-1	8	0	0:00:00.629849
7080	5	-1	0	0	0:00:00.630066
7100	9	8	8	0	0:00:00.626937
7120	7	7	6	1	0:00:00.626990
7140	4	4	4	1	0:00:00.625813
7160	5	7	2	0	0:00:00.627614
7180	6	6	6	1	0:00:00.627043
7200	4	-1	2	0	0:00:00.626567
7220	9	8	8	0	0:00:00.626896
7240	0	8	8	0	0:00:00.630051
7260	1	8	8	0	0:00:00.627368
7280	1	-1	6	0	0:00:00.630107
7300	3	-1	8	0	0:00:00.627897
7320	8	0	0	0	0:00:00.628333
7340	2	-1	0	0	0:00:00.628635
7360	2	-1	7	0	0:00:00.628311
7380	7	1	7	0	0:00:00.627216
7400	3	9	9	0	0:00:00.628669
7420	3	0	0	0	0:00:00.625511
7440	3	6	6	0	0:00:00.630996
7460	5	5	5	1	0:00:00.629780
7480	1	5	5	0	0:00:00.632703
7500	6	6	6	1	0:00:00.630021
7520	4	6	6	0	0:00:00.632844
7540	5	5	5	1	0:00:00.629196
7560	0	9	2	0	0:00:00.631406
7580	8	-1	8	0	0:00:00.629170
7600	8	9	9	0	0:00:00.628143
7620	5	-1	1	0	0:00:00.625766
7640	9	-1	8	0	0:00:00.627515
7660	7	9	9	0	0:00:00.630607
7680	3	9	9	0	0:00:00.630930
7700	6	6	6	1	0:00:00.625906
7720	5	-1	6	0	0:00:00.626949
7740	4	-1	2	0	0:00:00.630784
7760	2	9	9	0	0:00:00.631507
7780	3	8	8	0	0:00:00.629316
7800	0	0	0	1	0:00:00.630026
7820	5	8	8	0	0:00:00.630246
7840	1	1	1	1	0:00:00.631079
7860	8	-1	4	0	0:00:00.625036
7880	0	-1	0	0	0:00:00.624662
7900	0	8	8	0	0:00:00.623827
7920	9	8	8	0	0:00:00.625951
7940	2	6	6	0	0:00:00.625089
7960	0	0	0	1	0:00:00.626295
7980	3	7	4	0	0:00:00.624834
8000	9	-1	0	0	0:00:00.629995
8020	6	6	6	1	0:00:00.624700
8040	2	6	6	0	0:00:00.626816
8060	6	-1	6	0	0:00:00.626571
8080	4	6	4	0	0:00:00.626132
8100	6	2	2	0	0:00:00.622941
8120	8	9	9	0	0:00:00.625838
8140	5	6	6	0	0:00:00.628877
8160	6	9	8	0	0:00:00.631568
8180	4	6	6	0	0:00:00.630697
8200	3	-1	6	0	0:00:00.631676
8220	6	-1	2	0	0:00:00.629937
8240	7	7	7	1	0:00:00.627426
8260	1	-1	3	0	0:00:00.626941
8280	4	-1	3	0	0:00:00.629670
8300	5	-1	2	0	0:00:00.627254
8320	7	9	6	0	0:00:00.626183
8340	5	4	4	0	0:00:00.627452
8360	7	-1	4	0	0:00:00.626461
8380	9	8	8	0	0:00:00.625167
8400	0	8	8	0	0:00:00.626398
8420	3	-1	4	0	0:00:00.624673
8440	5	9	9	0	0:00:00.628865
8460	8	8	8	1	0:00:00.627022
8480	2	-1	8	0	0:00:00.629188
8500	4	2	2	0	0:00:00.627152
8520	8	-1	6	0	0:00:00.627777
8540	4	-1	4	0	0:00:00.627933
8560	7	-1	6	0	0:00:00.633164
8580	3	-1	0	0	0:00:00.634551
8600	3	7	7	0	0:00:00.630640
8620	3	-1	4	0	0:00:00.633070
8640	1	1	1	1	0:00:00.635582
8660	7	5	5	0	0:00:00.632401
8680	3	9	8	0	0:00:00.634927
8700	3	-1	3	0	0:00:00.633474
8720	2	0	0	0	0:00:00.633816
8740	2	6	6	0	0:00:00.631754
8760	8	-1	5	0	0:00:00.628545
8780	4	-1	4	0	0:00:00.630162
8800	0	0	0	1	0:00:00.632236
8820	2	-1	2	0	0:00:00.628406
8840	2	1	1	0	0:00:00.626516
8860	2	0	8	0	0:00:00.626304
8880	1	6	6	0	0:00:00.627813
8900	2	1	4	0	0:00:00.626267
8920	6	6	6	1	0:00:00.629976
8940	6	3	3	0	0:00:00.627106
8960	0	0	0	1	0:00:00.627142
8980	9	9	9	1	0:00:00.620939
9000	8	8	8	1	0:00:00.623093
9020	7	9	9	0	0:00:00.621038
9040	2	5	5	0	0:00:00.621457
9060	9	5	5	0	0:00:00.626841
9080	3	0	0	0	0:00:00.627509
9100	9	6	6	0	0:00:00.625273
9120	3	0	0	0	0:00:00.626363
9140	7	8	8	0	0:00:00.625865
9160	5	-1	0	0	0:00:00.630603
9180	5	5	5	1	0:00:00.624339
9200	8	8	8	1	0:00:00.625791
9220	8	8	8	1	0:00:00.624979
9240	8	8	8	1	0:00:00.626376
9260	5	5	5	1	0:00:00.626418
9280	9	0	8	0	0:00:00.627645
9300	5	-1	8	0	0:00:00.626725
9320	9	-1	8	0	0:00:00.625231
9340	1	1	1	1	0:00:00.626377
9360	5	-1	0	0	0:00:00.629434
9380	5	9	9	0	0:00:00.628322
9400	6	-1	4	0	0:00:00.628486
9420	5	-1	6	0	0:00:00.626318
9440	8	8	8	1	0:00:00.632298
9460	3	9	7	0	0:00:00.629544
9480	2	6	6	0	0:00:00.630812
9500	9	-1	6	0	0:00:00.626974
9520	1	-1	8	0	0:00:00.627613
9540	5	5	4	1	0:00:00.624065
9560	9	7	7	0	0:00:00.627239
9580	1	4	4	0	0:00:00.629983
9600	8	8	8	1	0:00:00.630323
9620	4	7	7	0	0:00:00.624838
9640	5	-1	6	0	0:00:00.626522
9660	6	-1	6	0	0:00:00.629671
9680	8	-1	8	0	0:00:00.630548
9700	0	0	0	1	0:00:00.629679
9720	8	-1	4	0	0:00:00.631737
9740	3	6	6	0	0:00:00.630318
9760	9	9	9	1	0:00:00.663161
9780	4	6	6	0	0:00:00.655115
9800	1	1	1	1	0:00:00.630657
9820	0	9	8	0	0:00:00.632568
9840	4	-1	3	0	0:00:00.632378
9860	0	-1	8	0	0:00:00.633472
9880	7	7	4	1	0:00:00.632989
9900	8	0	0	0	0:00:00.630625
9920	6	6	6	1	0:00:00.629664
9940	4	7	7	0	0:00:00.632857
9960	2	0	0	0	0:00:00.633053
9980	0	0	0	1	0:00:00.629472
