idx	label	predict	basePredict	correct	time
0	3	3	2	1	0:00:04.778773
20	7	7	7	1	0:00:03.648281
40	4	8	8	0	0:00:03.847667
60	7	7	4	1	0:00:03.640726
80	8	8	8	1	0:00:03.649886
100	4	4	4	1	0:00:03.643043
120	8	8	8	1	0:00:03.640492
140	6	2	2	0	0:00:03.656387
160	2	0	2	0	0:00:03.660971
180	0	0	8	1	0:00:03.636957
200	5	3	3	0	0:00:03.636459
220	7	7	7	1	0:00:03.639689
240	1	1	1	1	0:00:03.640516
260	8	3	3	0	0:00:03.664317
280	9	9	9	1	0:00:03.639293
300	6	6	4	1	0:00:03.638258
320	3	3	2	1	0:00:03.641198
340	2	4	4	0	0:00:03.638904
360	9	-1	6	0	0:00:03.642636
380	6	6	4	1	0:00:03.713394
400	9	9	8	1	0:00:03.633632
420	4	4	4	1	0:00:03.635013
440	1	1	1	1	0:01:14.317156
460	5	5	5	1	0:01:03.939416
480	8	9	8	0	0:00:03.649158
500	4	6	4	0	0:00:03.643459
520	5	5	5	1	0:00:03.635206
540	1	9	8	0	0:00:03.632974
560	0	0	8	1	0:00:03.644237
580	4	4	4	1	0:00:03.642397
600	8	8	8	1	0:00:03.638523
620	7	7	4	1	0:00:03.631252
640	5	3	3	0	0:00:03.654455
660	9	9	9	1	0:00:03.650163
680	9	9	1	1	0:00:03.657163
700	7	7	4	1	0:00:03.675659
720	4	9	7	0	0:00:03.648220
740	2	5	3	0	0:00:03.664907
760	3	9	3	0	0:00:03.645368
780	9	9	8	1	0:00:03.654411
800	7	7	7	1	0:00:03.648727
820	6	-1	8	0	0:00:03.641332
840	7	7	7	1	0:00:03.648123
860	4	4	4	1	0:00:03.655810
880	8	8	8	1	0:00:03.650038
900	2	6	4	0	0:00:03.637481
920	6	6	2	1	0:00:03.638380
940	9	9	9	1	0:00:03.640128
960	9	9	9	1	0:00:03.657663
980	2	6	4	0	0:00:03.646908
1000	5	5	5	1	0:00:02.943886
1020	1	1	8	1	0:00:02.939952
1040	7	5	5	0	0:00:02.940861
1060	9	9	8	1	0:00:02.942151
1080	6	6	6	1	0:00:02.941947
1100	7	8	8	0	0:00:02.940768
1120	5	2	2	0	0:00:02.943845
1140	6	6	4	1	0:00:02.939939
1160	8	-1	8	0	0:00:02.947234
1180	3	3	3	1	0:00:02.940561
1200	8	8	0	1	0:00:02.941930
1220	9	6	6	0	0:00:02.940219
1240	2	6	6	0	0:00:02.941818
1260	1	9	9	0	0:00:02.951031
1280	3	7	7	0	0:00:02.942083
1300	4	3	3	0	0:00:02.942675
1320	7	2	2	0	0:00:02.951038
1340	1	1	1	1	0:00:02.947575
1360	7	7	4	1	0:00:02.937466
1380	4	5	5	0	0:00:02.942168
1400	5	6	2	0	0:00:02.940804
1420	4	7	4	0	0:00:02.937535
1440	0	8	0	0	0:00:02.938050
1460	6	6	4	1	0:00:02.939902
1480	1	5	5	0	0:00:02.939007
1500	1	1	1	1	0:00:02.937182
1520	7	7	4	1	0:00:02.937568
1540	8	8	8	1	0:00:02.945058
1560	7	7	7	1	0:00:02.940996
1580	6	1	1	0	0:00:02.938969
1600	8	9	6	0	0:00:02.938450
1620	5	8	8	0	0:00:02.939257
1640	7	5	3	0	0:00:02.938135
1660	3	3	3	1	0:00:02.939095
1680	6	6	6	1	0:00:02.948131
1700	5	2	2	0	0:00:02.938561
1720	4	2	2	0	0:00:02.940235
1740	1	9	1	0	0:00:02.938914
1760	0	8	8	0	0:00:02.940368
1780	7	7	8	1	0:00:02.950314
1800	4	8	8	0	0:00:02.939197
1820	8	8	8	1	0:00:02.941745
1840	8	9	4	0	0:00:02.937524
1860	8	8	8	1	0:00:02.938811
1880	1	1	8	1	0:00:02.939796
1900	8	8	8	1	0:00:02.940339
1920	2	2	2	1	0:00:02.938313
1940	5	3	3	0	0:00:02.937714
1960	2	5	5	0	0:00:02.939951
1980	9	9	9	1	0:00:02.938350
2000	1	6	6	0	0:00:02.937487
2020	9	9	9	1	0:00:02.938209
2040	0	8	8	0	0:00:02.942387
2060	5	5	5	1	0:00:02.939102
2080	1	1	6	1	0:00:02.939767
2100	2	4	4	0	0:00:02.938062
2120	4	8	8	0	0:00:02.942010
2140	9	9	9	1	0:00:02.940082
2160	0	8	8	0	0:00:02.938293
2180	4	4	4	1	0:00:02.939106
2200	0	0	2	1	0:00:02.941167
2220	1	1	1	1	0:00:02.937477
2240	9	9	9	1	0:00:02.939363
2260	4	7	4	0	0:00:02.938457
2280	4	8	8	0	0:00:02.941273
2300	3	6	4	0	0:00:02.937414
2320	5	2	8	0	0:00:02.939005
2340	7	7	7	1	0:00:02.939245
2360	7	7	7	1	0:00:02.937384
2380	8	8	8	1	0:00:02.939308
2400	0	0	0	1	0:00:02.938807
2420	8	1	5	0	0:00:02.938544
2440	7	7	7	1	0:00:02.940317
2460	9	9	3	1	0:00:02.937882
2480	8	8	8	1	0:00:02.939019
2500	4	2	2	0	0:00:02.938168
2520	1	1	8	1	0:00:02.938143
2540	2	3	3	0	0:00:02.938657
2560	7	7	4	1	0:00:02.937347
2580	6	4	4	0	0:00:02.938799
2600	8	8	8	1	0:00:02.941000
2620	1	1	4	1	0:00:02.938592
2640	7	7	4	1	0:00:02.938327
2660	3	-1	2	0	0:00:02.939860
2680	0	0	0	1	0:00:02.940238
2700	9	-1	0	0	0:00:02.938756
2720	3	2	2	0	0:00:02.937753
2740	1	1	1	1	0:00:02.938889
2760	2	2	4	1	0:00:02.937362
2780	7	7	7	1	0:00:02.940091
2800	4	6	4	0	0:00:02.938983
2820	6	6	6	1	0:00:02.938319
2840	3	3	3	1	0:00:02.945507
2860	5	6	6	0	0:00:02.944680
2880	4	4	4	1	0:00:02.938875
2900	3	2	5	0	0:00:02.937539
2920	2	5	2	0	0:00:02.938190
2940	3	0	0	0	0:00:02.939066
2960	9	9	8	1	0:00:02.941020
2980	8	-1	8	0	0:00:02.938114
3000	5	5	5	1	0:00:02.938138
3020	1	1	8	1	0:00:02.939264
3040	7	7	7	1	0:00:02.940651
3060	7	7	7	1	0:00:02.938312
3080	1	7	4	0	0:00:02.938208
3100	0	0	0	1	0:00:02.939780
3120	4	6	2	0	0:00:02.939338
3140	8	8	8	1	0:00:02.937895
3160	6	4	4	0	0:00:02.937545
3180	3	-1	8	0	0:00:02.937723
3200	5	7	7	0	0:00:02.938351
3220	3	-1	3	0	0:00:02.938787
3240	4	-1	8	0	0:00:02.938611
3260	7	0	0	0	0:00:02.939167
3280	3	5	0	0	0:00:02.940532
3300	4	-1	4	0	0:00:02.938980
3320	2	7	7	0	0:00:02.940155
3340	6	6	4	1	0:00:02.938800
3360	4	6	4	0	0:00:02.939364
3380	8	8	8	1	0:00:02.938395
3400	6	4	4	0	0:00:02.939706
3420	5	4	4	0	0:00:02.941360
3440	2	9	3	0	0:00:02.939300
3460	1	1	1	1	0:00:02.940008
3480	2	2	2	1	0:00:02.939026
3500	1	1	1	1	0:00:02.938154
3520	1	1	1	1	0:00:02.939139
3540	6	6	6	1	0:00:02.941737
3560	1	9	0	0	0:00:02.939568
3580	4	1	4	0	0:00:02.937951
3600	4	2	2	0	0:00:02.938392
3620	0	-1	6	0	0:00:02.938613
3640	6	2	2	0	0:00:02.939536
3660	0	8	8	0	0:00:02.939816
3680	0	2	2	0	0:00:02.939400
3700	3	3	4	1	0:00:02.938644
3720	2	2	2	1	0:00:02.938397
3740	0	0	0	1	0:00:02.941686
3760	7	7	7	1	0:00:02.938852
3780	4	4	2	1	0:00:02.939727
3800	9	9	3	1	0:00:02.938172
3820	0	0	0	1	0:00:02.940413
3840	6	3	3	0	0:00:02.942099
3860	7	7	7	1	0:00:02.939029
3880	6	4	4	0	0:00:02.939080
3900	3	3	6	1	0:00:02.938235
3920	7	9	8	0	0:00:02.940045
3940	6	6	4	1	0:00:02.939171
3960	2	2	2	1	0:00:02.938913
3980	9	7	7	0	0:00:02.938743
4000	8	7	0	0	0:00:02.938802
4020	8	1	8	0	0:00:02.938740
4040	0	0	0	1	0:00:02.938694
4060	6	3	3	0	0:00:02.939101
4080	1	8	8	0	0:00:02.940136
4100	7	7	7	1	0:00:02.938873
4120	4	0	4	0	0:00:02.938119
4140	5	3	3	0	0:00:02.939110
4160	5	2	2	0	0:00:02.939629
4180	0	0	8	1	0:00:02.939048
4200	4	4	2	1	0:00:02.938036
4220	4	0	0	0	0:00:02.939734
4240	7	0	0	0	0:00:02.939439
4260	8	8	8	1	0:00:02.941483
4280	8	8	8	1	0:00:02.939990
4300	8	8	8	1	0:00:02.939889
4320	1	8	8	0	0:00:02.939255
4340	0	0	8	1	0:00:02.940276
4360	6	9	6	0	0:00:02.941612
4380	9	9	8	1	0:00:02.944966
4400	3	4	4	0	0:00:02.938950
4420	5	8	8	0	0:00:02.938350
4440	2	2	2	1	0:00:02.942906
4460	9	1	8	0	0:00:02.939205
4480	9	9	3	1	0:00:02.940416
4500	3	3	6	1	0:00:02.940414
4520	3	6	6	0	0:00:02.941911
4540	9	9	9	1	0:00:02.941926
4560	1	1	4	1	0:00:02.939788
4580	6	4	4	0	0:00:02.938412
4600	4	7	4	0	0:00:02.938438
4620	7	3	3	0	0:00:02.939101
4640	2	4	4	0	0:00:02.941095
4660	7	4	2	0	0:00:02.940794
4680	9	1	1	0	0:00:02.940826
4700	6	1	4	0	0:00:02.943452
4720	8	0	0	0	0:00:02.939533
4740	5	3	3	0	0:00:02.940616
4760	3	3	4	1	0:00:02.939177
4780	0	0	0	1	0:00:02.939945
4800	9	9	9	1	0:00:02.941293
4820	3	5	5	0	0:00:02.943585
4840	0	0	0	1	0:00:02.940240
4860	5	5	5	1	0:00:02.938308
4880	0	2	2	0	0:00:02.940114
4900	3	6	6	0	0:00:02.939385
4920	7	7	7	1	0:00:02.938836
4940	6	6	2	1	0:00:02.938855
4960	4	-1	4	0	0:00:02.940856
4980	1	9	8	0	0:00:02.938264
5000	7	7	7	1	0:00:02.938818
5020	8	8	8	1	0:00:02.939554
5040	3	3	4	1	0:00:02.940058
5060	6	6	4	1	0:00:02.940257
5080	7	7	7	1	0:00:02.940205
5100	3	3	3	1	0:00:02.940498
5120	9	9	8	1	0:00:02.939757
5140	8	8	8	1	0:00:02.939381
5160	0	0	8	1	0:00:02.940068
5180	9	7	4	0	0:00:02.939885
5200	3	3	3	1	0:00:02.939619
5220	0	0	0	1	0:00:02.940378
5240	1	9	2	0	0:00:02.939858
5260	0	0	0	1	0:00:02.939851
5280	0	8	8	0	0:00:02.938929
5300	9	9	9	1	0:00:02.938636
5320	7	7	7	1	0:00:02.939651
5340	3	4	4	0	0:00:02.938532
5360	9	9	9	1	0:00:02.938409
5380	1	9	9	0	0:00:02.939356
5400	9	9	8	1	0:00:02.938458
5420	6	6	6	1	0:00:02.939133
5440	9	9	9	1	0:00:02.939139
5460	0	7	7	0	0:00:02.940062
5480	1	1	8	1	0:00:02.940373
5500	8	1	8	0	0:00:02.940015
5520	4	3	3	0	0:00:02.939902
5540	5	6	2	0	0:00:02.939009
5560	3	6	6	0	0:00:02.938515
5580	5	6	6	0	0:00:02.940205
5600	6	0	0	0	0:00:02.938402
5620	3	2	2	0	0:00:02.939671
5640	2	3	3	0	0:00:02.938574
5660	9	9	8	1	0:00:02.939260
5680	2	3	8	0	0:00:02.939055
5700	3	3	2	1	0:00:02.940168
5720	9	9	9	1	0:00:02.939307
5740	6	4	4	0	0:00:02.941217
5760	2	2	2	1	0:00:02.938442
5780	7	7	7	1	0:00:02.938863
5800	2	-1	2	0	0:00:02.938445
5820	5	6	3	0	0:00:02.939983
5840	2	2	6	1	0:00:02.941146
5860	0	8	8	0	0:00:02.941848
5880	0	0	0	1	0:00:02.941323
5900	4	4	4	1	0:00:02.942106
5920	8	8	8	1	0:00:02.940623
5940	7	4	4	0	0:00:02.940084
5960	2	4	4	0	0:00:02.939450
5980	9	9	9	1	0:00:02.941035
6000	8	9	8	0	0:00:02.940279
6020	6	6	6	1	0:00:02.939572
6040	2	7	7	0	0:00:02.939769
6060	3	4	4	0	0:00:02.941632
6080	1	9	6	0	0:00:02.939477
6100	1	1	8	1	0:00:02.938927
6120	5	5	5	1	0:00:02.940395
6140	9	9	9	1	0:00:02.944112
6160	2	5	5	0	0:00:02.939660
6180	0	9	8	0	0:00:02.939314
6200	3	3	3	1	0:00:02.940405
6220	2	6	4	0	0:00:02.940717
6240	2	-1	4	0	0:00:02.939646
6260	2	9	4	0	0:00:02.941929
6280	8	5	4	0	0:00:02.940044
6300	1	7	4	0	0:00:02.939532
6320	0	0	0	1	0:00:02.939939
6340	3	3	3	1	0:00:02.938979
6360	2	2	2	1	0:00:02.940161
6380	3	6	6	0	0:00:02.938218
6400	0	1	4	0	0:00:02.940666
6420	7	7	8	1	0:00:02.939333
6440	3	9	8	0	0:00:02.939649
6460	3	1	4	0	0:00:02.938668
6480	0	0	0	1	0:00:02.938954
6500	7	0	8	0	0:00:02.939996
6520	6	4	4	0	0:00:02.940896
6540	8	8	8	1	0:00:02.940631
6560	6	6	4	1	0:00:02.939373
6580	1	-1	2	0	0:00:02.939784
6600	7	7	7	1	0:00:02.940648
6620	7	7	7	1	0:00:02.940727
6640	5	3	8	0	0:00:02.939332
6660	0	0	0	1	0:00:02.939935
6680	3	5	3	0	0:00:02.944958
6700	6	6	2	1	0:00:02.940794
6720	2	2	2	1	0:00:02.939597
6740	2	4	4	0	0:00:02.946894
6760	5	-1	3	0	0:00:02.938629
6780	7	7	7	1	0:00:02.939545
6800	6	6	4	1	0:00:02.939424
6820	1	1	1	1	0:00:02.940433
6840	9	9	9	1	0:00:02.938885
6860	0	0	2	1	0:00:02.938681
6880	2	7	4	0	0:00:02.939584
6900	3	7	4	0	0:00:02.938908
6920	5	2	2	0	0:00:02.939097
6940	1	1	1	1	0:00:02.938048
6960	9	8	8	0	0:00:02.940113
6980	0	9	8	0	0:00:02.941445
7000	2	8	8	0	0:00:02.941015
7020	7	7	7	1	0:00:02.940130
7040	7	8	8	0	0:00:02.939684
7060	8	8	8	1	0:00:02.940146
7080	5	4	4	0	0:00:02.939605
7100	9	3	8	0	0:00:02.942408
7120	7	7	6	1	0:00:02.940672
7140	4	4	4	1	0:00:02.940198
7160	5	4	4	0	0:00:02.939768
7180	6	6	6	1	0:00:02.941396
7200	4	6	2	0	0:00:02.939926
7220	9	9	8	1	0:00:02.938659
7240	0	8	8	0	0:00:02.940654
7260	1	8	8	0	0:00:02.939708
7280	1	1	6	1	0:00:02.943716
7300	3	7	4	0	0:00:02.939220
7320	8	0	8	0	0:00:02.939371
7340	2	4	4	0	0:00:02.938861
7360	2	4	4	0	0:00:02.939063
7380	7	7	7	1	0:00:02.939925
7400	3	3	3	1	0:00:02.939167
7420	3	0	2	0	0:00:02.939415
7440	3	3	2	1	0:00:02.938669
7460	5	5	5	1	0:00:02.940659
7480	1	8	8	0	0:00:02.942389
7500	6	6	6	1	0:00:02.942631
7520	4	4	4	1	0:00:02.942883
7540	5	5	5	1	0:00:02.938880
7560	0	9	4	0	0:00:02.938891
7580	8	8	8	1	0:00:02.937966
7600	8	9	8	0	0:00:02.938769
7620	5	3	3	0	0:00:02.939980
7640	9	9	6	1	0:00:02.940498
7660	7	7	4	1	0:00:02.938549
7680	3	9	3	0	0:00:02.939536
7700	6	6	6	1	0:00:02.940454
7720	5	5	2	1	0:00:02.940636
7740	4	4	2	1	0:00:02.940436
7760	2	9	6	0	0:00:02.940241
7780	3	1	8	0	0:00:02.939996
7800	0	0	0	1	0:00:02.939299
7820	5	8	8	0	0:00:02.941239
7840	1	1	1	1	0:00:02.938862
7860	8	1	4	0	0:00:02.939785
7880	0	0	0	1	0:00:02.940628
7900	0	8	8	0	0:00:02.939786
7920	9	8	8	0	0:00:02.941860
7940	2	6	4	0	0:00:02.937476
7960	0	0	0	1	0:00:02.940640
7980	3	3	4	1	0:00:02.940248
8000	9	9	9	1	0:00:02.939645
8020	6	3	3	0	0:00:02.939312
8040	2	2	2	1	0:00:02.938860
8060	6	6	4	1	0:00:02.945465
8080	4	6	2	0	0:00:02.940137
8100	6	2	2	0	0:00:02.941405
8120	8	9	8	0	0:00:02.941435
8140	5	4	4	0	0:00:02.939005
8160	6	6	6	1	0:00:02.941613
8180	4	4	4	1	0:00:02.940703
8200	3	6	2	0	0:00:02.939227
8220	6	6	2	1	0:00:02.938566
8240	7	7	7	1	0:00:02.938735
8260	1	1	3	1	0:00:02.940872
8280	4	5	3	0	0:00:02.938578
8300	5	2	2	0	0:00:02.940083
8320	7	4	4	0	0:00:02.941223
8340	5	3	3	0	0:00:02.941641
8360	7	7	4	1	0:00:02.939754
8380	9	9	8	1	0:00:02.939472
8400	0	8	8	0	0:00:02.940517
8420	3	6	4	0	0:00:02.940504
8440	5	3	4	0	0:00:02.938803
8460	8	8	8	1	0:00:02.940109
8480	2	2	4	1	0:00:02.939122
8500	4	4	4	1	0:00:02.940454
8520	8	1	4	0	0:00:02.939556
8540	4	4	2	1	0:00:02.939974
8560	7	7	4	1	0:00:02.939346
8580	3	0	2	0	0:00:02.939843
8600	3	3	4	1	0:00:02.939722
8620	3	-1	4	0	0:00:02.939209
8640	1	1	1	1	0:00:02.939323
8660	7	7	7	1	0:00:02.939892
8680	3	9	8	0	0:00:02.939270
8700	3	3	3	1	0:00:02.939509
8720	2	0	0	0	0:00:02.940798
8740	2	2	4	1	0:00:02.949423
8760	8	8	8	1	0:00:02.943526
8780	4	4	4	1	0:00:02.940630
8800	0	0	0	1	0:00:02.941321
8820	2	2	2	1	0:00:02.939370
8840	2	1	7	0	0:00:02.940171
8860	2	2	2	1	0:00:02.939728
8880	1	1	1	1	0:00:02.940143
8900	2	4	4	0	0:00:02.939017
8920	6	6	6	1	0:00:02.938839
8940	6	3	3	0	0:00:02.938722
8960	0	0	0	1	0:00:02.940753
8980	9	9	9	1	0:00:02.939867
9000	8	8	8	1	0:00:02.940710
9020	7	9	8	0	0:00:02.940854
9040	2	5	5	0	0:00:02.941003
9060	9	5	5	0	0:00:02.937909
9080	3	3	3	1	0:00:02.939415
9100	9	6	6	0	0:00:02.938556
9120	3	-1	3	0	0:00:02.940224
9140	7	-1	4	0	0:00:02.941563
9160	5	5	5	1	0:00:02.940736
9180	5	5	5	1	0:00:02.940140
9200	8	8	8	1	0:00:02.940221
9220	8	8	8	1	0:00:02.940745
9240	8	8	8	1	0:00:02.939822
9260	5	5	5	1	0:00:02.944848
9280	9	1	8	0	0:00:02.940991
9300	5	3	2	0	0:00:02.939584
9320	9	9	8	1	0:00:02.938694
9340	1	1	1	1	0:00:02.939605
9360	5	6	4	0	0:00:02.938252
9380	5	3	3	0	0:00:02.940264
9400	6	6	4	1	0:00:02.939445
9420	5	5	6	1	0:00:02.940820
9440	8	8	8	1	0:00:02.938746
9460	3	7	6	0	0:00:02.938507
9480	2	4	4	0	0:00:02.940953
9500	9	1	6	0	0:00:02.940354
9520	1	1	1	1	0:00:02.939405
9540	5	5	4	1	0:00:02.941949
9560	9	7	7	0	0:00:02.942805
9580	1	4	4	0	0:00:02.944324
9600	8	8	8	1	0:00:02.939738
9620	4	7	4	0	0:00:02.939506
9640	5	0	6	0	0:00:02.939324
9660	6	6	6	1	0:00:02.938788
9680	8	8	8	1	0:00:02.940420
9700	0	0	0	1	0:00:02.939731
9720	8	-1	8	0	0:00:02.940232
9740	3	6	4	0	0:00:02.939136
9760	9	9	4	1	0:00:02.939462
9780	4	6	4	0	0:00:02.939632
9800	1	1	1	1	0:00:02.938958
9820	0	8	8	0	0:00:02.938944
9840	4	5	5	0	0:00:02.939078
9860	0	5	8	0	0:00:02.939615
9880	7	7	4	1	0:00:02.939214
9900	8	0	8	0	0:00:02.942173
9920	6	6	2	1	0:00:02.939535
9940	4	7	6	0	0:00:02.939864
9960	2	0	0	0	0:00:02.942267
9980	0	0	0	1	0:00:02.939872
