idx	label	predict	basePredict	correct	time
0	3	3	3	1	0:00:00.900117
20	7	5	5	0	0:00:00.731889
40	4	-1	4	0	0:00:00.720014
60	7	7	7	1	0:00:00.718437
80	8	8	8	1	0:00:00.725689
100	4	5	5	0	0:00:00.758126
120	8	-1	8	0	0:00:00.841763
140	6	-1	2	0	0:00:00.741415
160	2	2	2	1	0:00:00.743973
180	0	0	0	1	0:00:00.732817
200	5	-1	5	0	0:00:00.740363
220	7	5	5	0	0:00:00.727304
240	1	1	1	1	0:00:00.720572
260	8	8	8	1	0:00:00.723223
280	9	-1	0	0	0:00:00.726196
300	6	6	6	1	0:00:00.730149
320	3	-1	5	0	0:00:00.740613
340	2	4	4	0	0:00:00.765416
360	9	9	3	1	0:00:00.796375
380	6	6	2	1	0:00:00.718318
400	9	9	9	1	0:00:00.712194
420	4	4	4	1	0:00:00.713026
440	1	1	1	1	0:00:00.723300
460	5	5	5	1	0:00:00.736113
480	8	9	8	0	0:00:00.711095
500	4	-1	3	0	0:00:00.718682
520	5	5	5	1	0:00:00.715210
540	1	1	1	1	0:00:00.714062
560	0	0	0	1	0:00:00.707866
580	4	-1	4	0	0:00:00.717340
600	8	8	8	1	0:00:00.716783
620	7	7	7	1	0:00:00.709187
640	5	3	3	0	0:00:00.724293
660	9	9	8	1	0:00:00.731772
680	9	9	2	1	0:00:00.713818
700	7	7	7	1	0:00:00.721911
720	4	-1	4	0	0:00:00.709241
740	2	5	5	0	0:00:00.712993
760	3	-1	3	0	0:00:00.731084
780	9	9	9	1	0:00:00.717239
800	7	7	7	1	0:00:00.722980
820	6	-1	3	0	0:00:00.729329
840	7	7	7	1	0:00:00.729219
860	4	-1	2	0	0:00:00.740584
880	8	8	8	1	0:00:00.716054
900	2	6	6	0	0:00:00.704679
920	6	6	4	1	0:00:00.726047
940	9	9	9	1	0:00:00.734747
960	9	-1	3	0	0:00:00.716435
980	2	4	2	0	0:00:00.710666
1000	5	5	5	1	0:00:00.624184
1020	1	1	1	1	0:00:00.630866
1040	7	5	5	0	0:00:00.628770
1060	9	9	9	1	0:00:00.626590
1080	6	-1	6	0	0:00:00.625460
1100	7	-1	8	0	0:00:00.626336
1120	5	2	2	0	0:00:00.626264
1140	6	-1	5	0	0:00:00.623578
1160	8	8	8	1	0:00:00.625741
1180	3	3	3	1	0:00:00.621167
1200	8	8	8	1	0:00:00.621592
1220	9	-1	3	0	0:00:00.628581
1240	2	6	6	0	0:00:00.626774
1260	1	9	9	0	0:00:00.634308
1280	3	-1	3	0	0:00:00.626971
1300	4	3	3	0	0:00:00.627271
1320	7	7	2	1	0:00:00.624902
1340	1	1	1	1	0:00:00.632089
1360	7	7	4	1	0:00:00.626034
1380	4	5	5	0	0:00:00.632956
1400	5	3	5	0	0:00:00.623164
1420	4	-1	7	0	0:00:00.630113
1440	0	-1	8	0	0:00:00.629879
1460	6	6	2	1	0:00:00.626545
1480	1	-1	5	0	0:00:00.623495
1500	1	1	1	1	0:00:00.629397
1520	7	7	4	1	0:00:00.624751
1540	8	8	8	1	0:00:00.624303
1560	7	7	7	1	0:00:00.629819
1580	6	-1	3	0	0:00:00.626516
1600	8	9	3	0	0:00:00.629580
1620	5	-1	8	0	0:00:00.628353
1640	7	3	3	0	0:00:00.625161
1660	3	-1	3	0	0:00:00.630845
1680	6	6	3	1	0:00:00.625366
1700	5	3	3	0	0:00:00.628597
1720	4	4	3	1	0:00:00.631796
1740	1	1	1	1	0:00:00.625874
1760	0	0	0	1	0:00:00.622284
1780	7	7	4	1	0:00:00.632031
1800	4	4	2	1	0:00:00.624926
1820	8	8	8	1	0:00:00.619278
1840	8	-1	4	0	0:00:00.611018
1860	8	8	8	1	0:00:00.614213
1880	1	1	1	1	0:00:00.618698
1900	8	8	8	1	0:00:00.620849
1920	2	2	2	1	0:00:00.626230
1940	5	-1	2	0	0:00:00.623714
1960	2	5	2	0	0:00:00.622213
1980	9	9	9	1	0:00:00.625613
2000	1	1	1	1	0:00:00.623307
2020	9	9	9	1	0:00:00.615380
2040	0	0	0	1	0:00:00.617792
2060	5	3	3	0	0:00:00.627470
2080	1	9	9	0	0:00:00.627597
2100	2	2	2	1	0:00:00.618306
2120	4	8	8	0	0:00:00.629844
2140	9	9	9	1	0:00:00.624949
2160	0	0	8	1	0:00:00.621940
2180	4	4	4	1	0:00:00.629619
2200	0	0	0	1	0:00:00.626470
2220	1	1	1	1	0:00:00.622474
2240	9	-1	1	0	0:00:00.623119
2260	4	4	4	1	0:00:00.625301
2280	4	-1	8	0	0:00:00.613923
2300	3	4	4	0	0:00:00.622743
2320	5	2	2	0	0:00:00.623703
2340	7	7	7	1	0:00:00.622952
2360	7	5	5	0	0:00:00.622674
2380	8	8	8	1	0:00:00.619981
2400	0	0	0	1	0:00:00.617511
2420	8	-1	3	0	0:00:00.618055
2440	7	7	7	1	0:00:00.615909
2460	9	-1	4	0	0:00:00.615534
2480	8	8	8	1	0:00:00.623819
2500	4	6	4	0	0:00:00.622003
2520	1	8	8	0	0:00:00.623714
2540	2	6	2	0	0:00:00.622196
2560	7	-1	5	0	0:00:00.622419
2580	6	5	5	0	0:00:00.633397
2600	8	8	8	1	0:00:00.619794
2620	1	1	1	1	0:00:00.619145
2640	7	7	7	1	0:00:00.619312
2660	3	-1	2	0	0:00:00.628099
2680	0	0	0	1	0:00:00.625467
2700	9	1	1	0	0:00:00.628541
2720	3	3	3	1	0:00:00.626611
2740	1	-1	2	0	0:00:00.620815
2760	2	2	2	1	0:00:00.620476
2780	7	7	7	1	0:00:00.622763
2800	4	4	3	1	0:00:00.620828
2820	6	6	6	1	0:00:00.621412
2840	3	3	3	1	0:00:00.624523
2860	5	4	4	0	0:00:00.622877
2880	4	4	4	1	0:00:00.626914
2900	3	7	2	0	0:00:00.623384
2920	2	3	3	0	0:00:00.621647
2940	3	0	0	0	0:00:00.615139
2960	9	0	0	0	0:00:00.618872
2980	8	8	8	1	0:00:00.623823
3000	5	5	5	1	0:00:00.616854
3020	1	1	1	1	0:00:00.621426
3040	7	7	7	1	0:00:00.624111
3060	7	7	7	1	0:00:00.619521
3080	1	9	9	0	0:00:00.624029
3100	0	0	0	1	0:00:00.616520
3120	4	-1	3	0	0:00:00.621142
3140	8	8	8	1	0:00:00.619383
3160	6	2	2	0	0:00:00.622128
3180	3	6	3	0	0:00:00.618355
3200	5	5	5	1	0:00:00.628381
3220	3	9	9	0	0:00:00.618854
3240	4	-1	0	0	0:00:00.619866
3260	7	7	7	1	0:00:00.622936
3280	3	5	5	0	0:00:00.623554
3300	4	-1	2	0	0:00:00.620775
3320	2	7	7	0	0:00:00.621243
3340	6	6	0	1	0:00:00.620790
3360	4	4	3	1	0:00:00.621055
3380	8	8	8	1	0:00:00.623158
3400	6	4	4	0	0:00:00.622576
3420	5	7	7	0	0:00:00.619941
3440	2	3	3	0	0:00:00.617750
3460	1	1	1	1	0:00:00.627451
3480	2	2	2	1	0:00:00.619417
3500	1	9	9	0	0:00:00.619606
3520	1	1	1	1	0:00:00.620431
3540	6	6	3	1	0:00:00.616583
3560	1	9	9	0	0:00:00.620622
3580	4	-1	4	0	0:00:00.635428
3600	4	2	2	0	0:00:00.621930
3620	0	0	5	1	0:00:00.627492
3640	6	2	2	0	0:00:00.635259
3660	0	0	8	1	0:00:00.623780
3680	0	-1	0	0	0:00:00.624288
3700	3	3	3	1	0:00:00.618284
3720	2	2	2	1	0:00:00.621642
3740	0	0	0	1	0:00:00.623721
3760	7	7	7	1	0:00:00.619983
3780	4	4	2	1	0:00:00.625093
3800	9	9	9	1	0:00:00.620514
3820	0	-1	2	0	0:00:00.618572
3840	6	3	3	0	0:00:00.627947
3860	7	7	7	1	0:00:00.634149
3880	6	-1	5	0	0:00:00.629670
3900	3	6	6	0	0:00:00.632839
3920	7	-1	7	0	0:00:00.635720
3940	6	-1	2	0	0:00:00.637265
3960	2	2	2	1	0:00:00.627719
3980	9	-1	3	0	0:00:00.627869
4000	8	-1	8	0	0:00:00.634309
4020	8	8	8	1	0:00:00.643381
4040	0	0	0	1	0:00:00.629468
4060	6	6	0	1	0:00:00.628262
4080	1	1	1	1	0:00:00.632751
4100	7	7	7	1	0:00:00.627155
4120	4	4	4	1	0:00:00.627289
4140	5	5	3	1	0:00:00.633780
4160	5	3	2	0	0:00:00.634876
4180	0	8	8	0	0:00:00.635373
4200	4	-1	2	0	0:00:00.637169
4220	4	0	0	0	0:00:00.628821
4240	7	0	0	0	0:00:00.636396
4260	8	8	8	1	0:00:00.634887
4280	8	0	0	0	0:00:00.638262
4300	8	8	8	1	0:00:00.637068
4320	1	9	8	0	0:00:00.630931
4340	0	0	0	1	0:00:00.633596
4360	6	6	6	1	0:00:00.632869
4380	9	9	9	1	0:00:00.642913
4400	3	-1	5	0	0:00:00.635751
4420	5	5	5	1	0:00:00.631668
4440	2	-1	2	0	0:00:00.635391
4460	9	9	9	1	0:00:00.635546
4480	9	9	9	1	0:00:00.627209
4500	3	5	5	0	0:00:00.637300
4520	3	-1	3	0	0:00:00.633105
4540	9	9	9	1	0:00:00.631602
4560	1	1	1	1	0:00:00.634488
4580	6	-1	4	0	0:00:00.632377
4600	4	4	4	1	0:00:00.630105
4620	7	3	3	0	0:00:00.632839
4640	2	-1	2	0	0:00:00.627014
4660	7	-1	4	0	0:00:00.634509
4680	9	9	1	1	0:00:00.638710
4700	6	5	5	0	0:00:00.639265
4720	8	-1	8	0	0:00:00.634658
4740	5	3	3	0	0:00:00.636657
4760	3	2	2	0	0:00:00.629805
4780	0	0	0	1	0:00:00.632752
4800	9	9	9	1	0:00:00.635945
4820	3	3	3	1	0:00:00.631712
4840	0	0	0	1	0:00:00.633198
4860	5	5	5	1	0:00:00.636158
4880	0	8	8	0	0:00:00.632646
4900	3	3	3	1	0:00:00.635764
4920	7	7	7	1	0:00:00.629753
4940	6	-1	4	0	0:00:00.634796
4960	4	4	3	1	0:00:00.635356
4980	1	9	9	0	0:00:00.634829
5000	7	7	7	1	0:00:00.636372
5020	8	8	8	1	0:00:00.636577
5040	3	3	3	1	0:00:00.629733
5060	6	-1	2	0	0:00:00.635362
5080	7	7	7	1	0:00:00.637157
5100	3	3	3	1	0:00:00.635354
5120	9	-1	8	0	0:00:00.634902
5140	8	8	8	1	0:00:00.631270
5160	0	0	8	1	0:00:00.634719
5180	9	7	7	0	0:00:00.624474
5200	3	3	3	1	0:00:00.630330
5220	0	0	0	1	0:00:00.637939
5240	1	1	9	1	0:00:00.634197
5260	0	0	0	1	0:00:00.629723
5280	0	4	4	0	0:00:00.635178
5300	9	9	9	1	0:00:00.637787
5320	7	7	7	1	0:00:00.633548
5340	3	4	4	0	0:00:00.632022
5360	9	9	9	1	0:00:00.634431
5380	1	9	9	0	0:00:00.634909
5400	9	9	9	1	0:00:00.631409
5420	6	6	6	1	0:00:00.634984
5440	9	9	9	1	0:00:00.633313
5460	0	0	0	1	0:00:00.630840
5480	1	1	1	1	0:00:00.628008
5500	8	8	8	1	0:00:00.632160
5520	4	4	3	1	0:00:00.630088
5540	5	-1	2	0	0:00:00.644381
5560	3	5	5	0	0:00:00.629333
5580	5	6	3	0	0:00:00.637045
5600	6	-1	3	0	0:00:00.628032
5620	3	6	2	0	0:00:00.627122
5640	2	5	2	0	0:00:00.629231
5660	9	-1	8	0	0:00:00.638969
5680	2	3	3	0	0:00:00.635437
5700	3	3	3	1	0:00:00.636708
5720	9	9	9	1	0:00:00.628762
5740	6	-1	2	0	0:00:00.629178
5760	2	-1	2	0	0:00:00.638773
5780	7	7	7	1	0:00:00.634056
5800	2	2	2	1	0:00:00.634719
5820	5	5	5	1	0:00:00.633246
5840	2	2	3	1	0:00:00.630354
5860	0	0	0	1	0:00:00.631483
5880	0	0	0	1	0:00:00.633289
5900	4	3	0	0	0:00:00.639771
5920	8	8	8	1	0:00:00.633164
5940	7	-1	3	0	0:00:00.633661
5960	2	6	6	0	0:00:00.631751
5980	9	9	9	1	0:00:00.634293
6000	8	8	8	1	0:00:00.633207
6020	6	6	6	1	0:00:00.635790
6040	2	-1	7	0	0:00:00.635500
6060	3	4	5	0	0:00:00.630633
6080	1	1	1	1	0:00:00.628624
6100	1	1	1	1	0:00:00.640622
6120	5	5	5	1	0:00:00.639783
6140	9	9	1	1	0:00:00.636940
6160	2	5	2	0	0:00:00.638906
6180	0	0	8	1	0:00:00.637054
6200	3	2	2	0	0:00:00.639799
6220	2	5	5	0	0:00:00.622486
6240	2	-1	0	0	0:00:00.627749
6260	2	-1	2	0	0:00:00.633400
6280	8	5	5	0	0:00:00.636317
6300	1	1	1	1	0:00:00.641356
6320	0	0	0	1	0:00:00.637286
6340	3	-1	3	0	0:00:00.636089
6360	2	-1	2	0	0:00:00.635594
6380	3	-1	3	0	0:00:00.635318
6400	0	0	0	1	0:00:00.640548
6420	7	7	7	1	0:00:00.628562
6440	3	6	2	0	0:00:00.631263
6460	3	3	3	1	0:00:00.636586
6480	0	0	0	1	0:00:00.634805
6500	7	6	8	0	0:00:00.633965
6520	6	-1	2	0	0:00:00.635852
6540	8	8	8	1	0:00:00.636025
6560	6	-1	5	0	0:00:00.633290
6580	1	8	8	0	0:00:00.632766
6600	7	7	7	1	0:00:00.633250
6620	7	7	7	1	0:00:00.631196
6640	5	3	3	0	0:00:00.631707
6660	0	0	1	1	0:00:00.630219
6680	3	5	5	0	0:00:00.634002
6700	6	6	6	1	0:00:00.622432
6720	2	-1	2	0	0:00:00.621650
6740	2	-1	4	0	0:00:00.617042
6760	5	5	5	1	0:00:00.615175
6780	7	7	7	1	0:00:00.617521
6800	6	-1	4	0	0:00:00.620734
6820	1	1	1	1	0:00:00.618989
6840	9	9	9	1	0:00:00.628753
6860	0	0	0	1	0:00:00.618556
6880	2	2	2	1	0:00:00.620761
6900	3	3	3	1	0:00:00.625089
6920	5	4	2	0	0:00:00.620727
6940	1	1	1	1	0:00:00.622465
6960	9	9	8	1	0:00:00.624758
6980	0	0	0	1	0:00:00.624649
7000	2	-1	8	0	0:00:00.622633
7020	7	7	7	1	0:00:00.614424
7040	7	-1	8	0	0:00:00.618654
7060	8	8	8	1	0:00:00.622873
7080	5	4	4	0	0:00:00.610334
7100	9	3	3	0	0:00:00.626091
7120	7	-1	5	0	0:00:00.616680
7140	4	-1	3	0	0:00:00.623269
7160	5	5	5	1	0:00:00.616786
7180	6	6	3	1	0:00:00.621203
7200	4	-1	2	0	0:00:00.616920
7220	9	9	9	1	0:00:00.619390
7240	0	0	8	1	0:00:00.622134
7260	1	1	1	1	0:00:00.624731
7280	1	-1	3	0	0:00:00.625358
7300	3	4	5	0	0:00:00.626982
7320	8	0	0	0	0:00:00.619187
7340	2	2	0	1	0:00:00.617598
7360	2	-1	2	0	0:00:00.622210
7380	7	7	7	1	0:00:00.624486
7400	3	5	5	0	0:00:00.616728
7420	3	4	4	0	0:00:00.616324
7440	3	3	3	1	0:00:00.612674
7460	5	5	5	1	0:00:00.621381
7480	1	1	8	1	0:00:00.629749
7500	6	6	6	1	0:00:00.619927
7520	4	4	4	1	0:00:00.634510
7540	5	5	5	1	0:00:00.625221
7560	0	0	0	1	0:00:00.627007
7580	8	8	8	1	0:00:00.625121
7600	8	2	2	0	0:00:00.626099
7620	5	-1	3	0	0:00:00.619427
7640	9	8	8	0	0:00:00.619923
7660	7	7	4	1	0:00:00.623478
7680	3	-1	5	0	0:00:00.614457
7700	6	6	6	1	0:00:00.618530
7720	5	2	2	0	0:00:00.620685
7740	4	4	2	1	0:00:00.617034
7760	2	0	8	0	0:00:00.621188
7780	3	8	8	0	0:00:00.618263
7800	0	0	0	1	0:00:00.621196
7820	5	-1	0	0	0:00:00.626177
7840	1	1	1	1	0:00:00.633541
7860	8	8	8	1	0:00:00.616297
7880	0	0	0	1	0:00:00.622574
7900	0	-1	8	0	0:00:00.621249
7920	9	9	9	1	0:00:00.620051
7940	2	6	2	0	0:00:00.624578
7960	0	3	0	0	0:00:00.624037
7980	3	-1	3	0	0:00:00.623643
8000	9	9	9	1	0:00:00.623445
8020	6	-1	3	0	0:00:00.626933
8040	2	2	2	1	0:00:00.625087
8060	6	6	5	1	0:00:00.620983
8080	4	4	3	1	0:00:00.620471
8100	6	2	2	0	0:00:00.620611
8120	8	9	8	0	0:00:00.621812
8140	5	7	3	0	0:00:00.624279
8160	6	6	6	1	0:00:00.624842
8180	4	-1	4	0	0:00:00.632137
8200	3	6	0	0	0:00:00.624015
8220	6	5	5	0	0:00:00.623433
8240	7	7	4	1	0:00:00.620791
8260	1	1	1	1	0:00:00.619811
8280	4	4	4	1	0:00:00.620887
8300	5	-1	2	0	0:00:00.617957
8320	7	-1	7	0	0:00:00.621895
8340	5	3	5	0	0:00:00.619822
8360	7	7	7	1	0:00:00.625339
8380	9	9	9	1	0:00:00.617233
8400	0	-1	9	0	0:00:00.616132
8420	3	6	6	0	0:00:00.623139
8440	5	3	3	0	0:00:00.617823
8460	8	8	8	1	0:00:00.615125
8480	2	2	2	1	0:00:00.623162
8500	4	4	4	1	0:00:00.630366
8520	8	-1	8	0	0:00:00.625568
8540	4	2	2	0	0:00:00.623205
8560	7	7	7	1	0:00:00.621206
8580	3	5	5	0	0:00:00.622172
8600	3	2	2	0	0:00:00.622165
8620	3	-1	5	0	0:00:00.624161
8640	1	1	1	1	0:00:00.620657
8660	7	7	7	1	0:00:00.625556
8680	3	7	3	0	0:00:00.618345
8700	3	3	3	1	0:00:00.625003
8720	2	0	0	0	0:00:00.623966
8740	2	-1	5	0	0:00:00.620424
8760	8	8	8	1	0:00:00.621579
8780	4	-1	4	0	0:00:00.625075
8800	0	0	0	1	0:00:00.625057
8820	2	2	2	1	0:00:00.620441
8840	2	-1	2	0	0:00:00.630261
8860	2	2	2	1	0:00:00.621500
8880	1	1	1	1	0:00:00.619235
8900	2	4	4	0	0:00:00.631471
8920	6	6	3	1	0:00:00.624540
8940	6	3	3	0	0:00:00.623675
8960	0	-1	2	0	0:00:00.621973
8980	9	9	9	1	0:00:00.622924
9000	8	8	8	1	0:00:00.624223
9020	7	7	7	1	0:00:00.624289
9040	2	5	5	0	0:00:00.625067
9060	9	9	5	1	0:00:00.624815
9080	3	-1	3	0	0:00:00.623014
9100	9	1	1	0	0:00:00.629065
9120	3	0	2	0	0:00:00.618935
9140	7	7	4	1	0:00:00.622157
9160	5	3	3	0	0:00:00.624311
9180	5	5	5	1	0:00:00.622858
9200	8	8	8	1	0:00:00.624813
9220	8	8	8	1	0:00:00.621647
9240	8	8	8	1	0:00:00.620562
9260	5	-1	5	0	0:00:00.619113
9280	9	8	8	0	0:00:00.616549
9300	5	-1	2	0	0:00:00.622597
9320	9	9	9	1	0:00:00.623469
9340	1	1	1	1	0:00:00.622604
9360	5	0	0	0	0:00:00.626033
9380	5	3	3	0	0:00:00.629309
9400	6	6	6	1	0:00:00.628388
9420	5	5	5	1	0:00:00.622334
9440	8	8	8	1	0:00:00.626140
9460	3	7	7	0	0:00:00.623361
9480	2	6	6	0	0:00:00.616805
9500	9	9	2	1	0:00:00.638391
9520	1	1	1	1	0:00:00.621745
9540	5	5	5	1	0:00:00.624701
9560	9	7	3	0	0:00:00.622486
9580	1	1	1	1	0:00:00.621754
9600	8	-1	8	0	0:00:00.622012
9620	4	-1	4	0	0:00:00.619862
9640	5	5	5	1	0:00:00.619689
9660	6	6	6	1	0:00:00.619998
9680	8	8	8	1	0:00:00.618950
9700	0	0	2	1	0:00:00.619652
9720	8	-1	8	0	0:00:00.624481
9740	3	6	2	0	0:00:00.622424
9760	9	5	5	0	0:00:00.619569
9780	4	-1	2	0	0:00:00.620514
9800	1	1	1	1	0:00:00.620393
9820	0	8	8	0	0:00:00.617603
9840	4	7	7	0	0:00:00.628144
9860	0	-1	8	0	0:00:00.621437
9880	7	8	8	0	0:00:00.626435
9900	8	8	8	1	0:00:00.618897
9920	6	6	6	1	0:00:00.623020
9940	4	5	5	0	0:00:00.627053
9960	2	0	0	0	0:00:00.624445
9980	0	0	0	1	0:00:00.625607
