idx	label	predict	basePredict	correct	time
0	3	3	3	1	0:00:08.315040
20	7	7	7	1	0:00:08.269011
40	4	4	4	1	0:00:08.283417
60	7	7	7	1	0:00:08.276362
80	8	8	8	1	0:00:08.266359
100	4	4	5	1	0:00:08.265991
120	8	8	8	1	0:00:08.271588
140	6	6	3	1	0:00:08.261161
160	2	2	2	1	0:00:08.304070
180	0	0	0	1	0:00:08.253645
200	5	5	5	1	0:00:08.272585
220	7	7	7	1	0:00:08.267255
240	1	1	1	1	0:00:08.264996
260	8	8	8	1	0:00:08.273205
280	9	9	9	1	0:00:08.267752
300	6	6	6	1	0:00:08.276490
320	3	3	3	1	0:00:08.263055
340	2	2	2	1	0:00:08.279003
360	9	9	9	1	0:00:08.265318
380	6	6	6	1	0:00:08.270917
400	9	9	9	1	0:00:08.270263
420	4	4	3	1	0:00:08.272367
440	1	1	1	1	0:00:08.269657
460	5	5	5	1	0:00:08.281974
480	8	8	8	1	0:00:08.297817
500	4	6	4	0	0:00:08.286473
520	5	5	5	1	0:00:08.285416
540	1	1	1	1	0:00:08.272851
560	0	0	0	1	0:00:08.274662
580	4	4	4	1	0:00:08.277588
600	8	8	8	1	0:00:08.286345
620	7	7	7	1	0:00:08.290968
640	5	3	3	0	0:00:08.275870
660	9	9	9	1	0:00:08.267487
680	9	9	1	1	0:00:08.272169
700	7	7	7	1	0:00:08.268718
720	4	4	4	1	0:00:08.303788
740	2	-1	5	0	0:00:08.279651
760	3	3	3	1	0:00:08.304239
780	9	9	9	1	0:00:08.290032
800	7	7	7	1	0:00:08.274708
820	6	5	5	0	0:00:08.271660
840	7	7	7	1	0:00:08.277113
860	4	4	2	1	0:00:08.273045
880	8	8	8	1	0:00:08.285394
900	2	6	3	0	0:00:08.302013
920	6	4	4	0	0:00:08.275601
940	9	9	9	1	0:00:08.286934
960	9	9	3	1	0:00:08.276434
980	2	2	2	1	0:00:08.288713
1000	5	5	5	1	0:00:08.185786
1020	1	1	1	1	0:00:08.187572
1040	7	7	2	1	0:00:08.199697
1060	9	9	9	1	0:00:08.187523
1080	6	2	2	0	0:00:08.189436
1100	7	5	5	0	0:00:08.188154
1120	5	5	2	1	0:00:08.188115
1140	6	6	3	1	0:00:08.186420
1160	8	8	8	1	0:00:08.193311
1180	3	3	3	1	0:00:08.201277
1200	8	8	8	1	0:00:08.189999
1220	9	3	3	0	0:00:08.189617
1240	2	2	2	1	0:00:08.187424
1260	1	9	9	0	0:00:08.189054
1280	3	3	3	1	0:00:08.193606
1300	4	3	3	0	0:00:08.187048
1320	7	7	7	1	0:00:08.205422
1340	1	1	1	1	0:00:08.178910
1360	7	7	7	1	0:00:08.186205
1380	4	4	4	1	0:00:08.191272
1400	5	5	5	1	0:00:08.184250
1420	4	2	2	0	0:00:08.192233
1440	0	0	0	1	0:00:08.189250
1460	6	6	6	1	0:00:08.205973
1480	1	1	1	1	0:00:08.196377
1500	1	1	1	1	0:00:08.192931
1520	7	7	7	1	0:00:08.191201
1540	8	8	8	1	0:00:08.192383
1560	7	7	7	1	0:00:08.194658
1580	6	6	6	1	0:00:08.188573
1600	8	8	8	1	0:00:08.207449
1620	5	3	3	0	0:00:08.190021
1640	7	7	7	1	0:00:08.189505
1660	3	3	3	1	0:00:08.190510
1680	6	6	3	1	0:00:08.188040
1700	5	5	5	1	0:00:08.195061
1720	4	4	4	1	0:00:08.189075
1740	1	1	1	1	0:00:08.206370
1760	0	0	0	1	0:00:08.193053
1780	7	7	7	1	0:00:08.189546
1800	4	4	4	1	0:00:08.185662
1820	8	8	8	1	0:00:08.192454
1840	8	8	8	1	0:00:08.189070
1860	8	8	8	1	0:00:08.191115
1880	1	1	1	1	0:00:08.210616
1900	8	8	8	1	0:00:08.188724
1920	2	2	2	1	0:00:08.187948
1940	5	5	2	1	0:00:08.192640
1960	2	2	2	1	0:00:08.186804
1980	9	9	9	1	0:00:08.190084
2000	1	1	1	1	0:00:08.194329
2020	9	9	9	1	0:00:08.196494
2040	0	0	0	1	0:00:08.183180
2060	5	3	3	0	0:00:08.188337
2080	1	1	1	1	0:00:08.189798
2100	2	2	2	1	0:00:08.184238
2120	4	8	8	0	0:00:08.189848
2140	9	9	9	1	0:00:08.192593
2160	0	0	0	1	0:00:08.202468
2180	4	4	4	1	0:00:08.189847
2200	0	0	0	1	0:00:08.194367
2220	1	1	1	1	0:00:08.192882
2240	9	9	9	1	0:00:08.191144
2260	4	4	4	1	0:00:08.191287
2280	4	4	2	1	0:00:08.187124
2300	3	1	1	0	0:00:08.196197
2320	5	3	3	0	0:00:08.181077
2340	7	7	7	1	0:00:08.180304
2360	7	7	7	1	0:00:08.186199
2380	8	8	8	1	0:00:08.176230
2400	0	0	0	1	0:00:08.184205
2420	8	7	7	0	0:00:08.187037
2440	7	7	7	1	0:00:08.207440
2460	9	9	9	1	0:00:08.192071
2480	8	8	8	1	0:00:08.187871
2500	4	6	5	0	0:00:08.190478
2520	1	0	0	0	0:00:08.190136
2540	2	2	2	1	0:00:08.187139
2560	7	7	7	1	0:00:08.184567
2580	6	6	6	1	0:00:08.203090
2600	8	8	8	1	0:00:08.187719
2620	1	1	1	1	0:00:08.186347
2640	7	7	7	1	0:00:08.188282
2660	3	3	3	1	0:00:08.187341
2680	0	0	0	1	0:00:08.182458
2700	9	1	1	0	0:00:08.184988
2720	3	3	3	1	0:00:08.193863
2740	1	1	1	1	0:00:08.173200
2760	2	2	2	1	0:00:08.174905
2780	7	7	7	1	0:00:08.182511
2800	4	4	4	1	0:00:08.176879
2820	6	6	6	1	0:00:08.178253
2840	3	3	3	1	0:00:08.184082
2860	5	5	5	1	0:00:08.188810
2880	4	4	4	1	0:00:08.181323
2900	3	3	3	1	0:00:08.179562
2920	2	2	2	1	0:00:08.180207
2940	3	0	0	0	0:00:08.182608
2960	9	0	0	0	0:00:08.175700
2980	8	8	8	1	0:00:08.169239
3000	5	5	5	1	0:00:08.183129
3020	1	1	1	1	0:00:08.173913
3040	7	7	7	1	0:00:08.177016
3060	7	7	7	1	0:00:08.181917
3080	1	1	1	1	0:00:08.176879
3100	0	0	0	1	0:00:08.170682
3120	4	4	3	1	0:00:08.179765
3140	8	8	8	1	0:00:08.189944
3160	6	2	2	0	0:00:08.185484
3180	3	3	3	1	0:00:08.185549
3200	5	5	5	1	0:00:08.187914
3220	3	3	3	1	0:00:08.189241
3240	4	4	1	1	0:00:08.186778
3260	7	7	7	1	0:00:08.190428
3280	3	3	3	1	0:00:08.198393
3300	4	4	4	1	0:00:08.185978
3320	2	2	3	1	0:00:08.187698
3340	6	6	6	1	0:00:08.184981
3360	4	4	4	1	0:00:08.187049
3380	8	8	8	1	0:00:08.187889
3400	6	1	0	0	0:00:08.183172
3420	5	3	3	0	0:00:08.198859
3440	2	3	3	0	0:00:08.180845
3460	1	1	1	1	0:00:08.179152
3480	2	2	2	1	0:00:08.176011
3500	1	1	1	1	0:00:08.177672
3520	1	1	1	1	0:00:08.178830
3540	6	6	3	1	0:00:08.176855
3560	1	9	9	0	0:00:08.191563
3580	4	4	2	1	0:00:08.174289
3600	4	3	3	0	0:00:08.171738
3620	0	0	0	1	0:00:08.177139
3640	6	6	6	1	0:00:08.174780
3660	0	0	0	1	0:00:08.177888
3680	0	0	0	1	0:00:08.176291
3700	3	3	3	1	0:00:08.190070
3720	2	2	2	1	0:00:08.168223
3740	0	0	0	1	0:00:08.170963
3760	7	7	7	1	0:00:08.183720
3780	4	3	3	0	0:00:08.172380
3800	9	9	9	1	0:00:08.172159
3820	0	3	3	0	0:00:08.175374
3840	6	5	5	0	0:00:08.188867
3860	7	7	7	1	0:00:08.175865
3880	6	6	6	1	0:00:08.169655
3900	3	3	3	1	0:00:08.183493
3920	7	7	7	1	0:00:08.188949
3940	6	6	6	1	0:00:08.183863
3960	2	2	2	1	0:00:08.181785
3980	9	2	9	0	0:00:08.198952
4000	8	-1	7	0	0:00:08.182414
4020	8	-1	8	0	0:00:08.183550
4040	0	0	0	1	0:00:08.183296
4060	6	6	6	1	0:00:08.185964
4080	1	1	1	1	0:00:08.186169
4100	7	7	7	1	0:00:08.189732
4120	4	4	4	1	0:00:08.204752
4140	5	5	3	1	0:00:08.189492
4160	5	5	5	1	0:00:08.187004
4180	0	0	8	1	0:00:08.174013
4200	4	4	4	1	0:00:08.170316
4220	4	0	0	0	0:00:08.173552
4240	7	7	7	1	0:00:08.178874
4260	8	8	8	1	0:00:08.196086
4280	8	8	8	1	0:00:08.179363
4300	8	8	8	1	0:00:08.177299
4320	1	1	1	1	0:00:08.174274
4340	0	0	0	1	0:00:08.170560
4360	6	6	6	1	0:00:08.178544
4380	9	9	9	1	0:00:08.176703
4400	3	3	3	1	0:00:08.186824
4420	5	5	5	1	0:00:08.171517
4440	2	2	2	1	0:00:08.171491
4460	9	9	9	1	0:00:08.175440
4480	9	9	9	1	0:00:08.172775
4500	3	3	3	1	0:00:08.176920
4520	3	3	3	1	0:00:08.178315
4540	9	9	9	1	0:00:08.192342
4560	1	1	1	1	0:00:08.180660
4580	6	6	6	1	0:00:08.172890
4600	4	4	4	1	0:00:08.177139
4620	7	7	7	1	0:00:08.180871
4640	2	2	2	1	0:00:08.186815
4660	7	7	7	1	0:00:08.188505
4680	9	9	9	1	0:00:08.204926
4700	6	5	5	0	0:00:08.190816
4720	8	8	8	1	0:00:08.184366
4740	5	3	3	0	0:00:08.186337
4760	3	2	3	0	0:00:08.183113
4780	0	0	0	1	0:00:08.183702
4800	9	9	9	1	0:00:08.187479
4820	3	3	3	1	0:00:08.204020
4840	0	0	0	1	0:00:08.191006
4860	5	5	5	1	0:00:08.186692
4880	0	0	0	1	0:00:08.191105
4900	3	3	3	1	0:00:08.182992
4920	7	7	7	1	0:00:08.179262
4940	6	6	6	1	0:00:08.175892
4960	4	4	4	1	0:00:08.192164
4980	1	1	1	1	0:00:08.182437
5000	7	7	7	1	0:00:08.176596
5020	8	8	8	1	0:00:08.175064
5040	3	3	3	1	0:00:08.177148
5060	6	6	3	1	0:00:08.176480
5080	7	7	7	1	0:00:08.170756
5100	3	3	3	1	0:00:08.194713
5120	9	9	9	1	0:00:08.179281
5140	8	8	8	1	0:00:08.174948
5160	0	0	0	1	0:00:08.174955
5180	9	7	5	0	0:00:08.178450
5200	3	3	2	1	0:00:08.179043
5220	0	0	0	1	0:00:08.176409
5240	1	1	1	1	0:00:08.195002
5260	0	0	0	1	0:00:08.169950
5280	0	4	4	0	0:00:08.173787
5300	9	9	9	1	0:00:08.174582
5320	7	7	7	1	0:00:08.180785
5340	3	3	3	1	0:00:08.171448
5360	9	9	9	1	0:00:08.185802
5380	1	-1	1	0	0:00:08.199266
5400	9	9	9	1	0:00:08.187922
5420	6	6	6	1	0:00:08.189353
5440	9	9	9	1	0:00:08.189616
5460	0	0	0	1	0:00:08.188322
5480	1	1	1	1	0:00:08.187288
5500	8	8	8	1	0:00:08.182573
5520	4	4	3	1	0:00:08.204574
5540	5	5	5	1	0:00:08.186575
5560	3	3	3	1	0:00:08.185173
5580	5	3	3	0	0:00:08.189150
5600	6	-1	3	0	0:00:08.181487
5620	3	3	3	1	0:00:08.191672
5640	2	3	2	0	0:00:08.182191
5660	9	9	9	1	0:00:08.195167
5680	2	2	2	1	0:00:08.175584
5700	3	3	3	1	0:00:08.164756
5720	9	9	9	1	0:00:08.170440
5740	6	6	6	1	0:00:08.167707
5760	2	2	2	1	0:00:08.172181
5780	7	7	7	1	0:00:08.174127
5800	2	2	2	1	0:00:08.192974
5820	5	5	5	1	0:00:08.176828
5840	2	2	2	1	0:00:08.178478
5860	0	0	8	1	0:00:08.179381
5880	0	0	0	1	0:00:08.174283
5900	4	0	0	0	0:00:08.172232
5920	8	8	8	1	0:00:08.179101
5940	7	7	7	1	0:00:08.192307
5960	2	6	5	0	0:00:08.178008
5980	9	9	9	1	0:00:08.177166
6000	8	8	8	1	0:00:08.175294
6020	6	6	6	1	0:00:08.176240
6040	2	7	7	0	0:00:08.176450
6060	3	-1	2	0	0:00:08.178021
6080	1	1	1	1	0:00:08.193496
6100	1	1	1	1	0:00:08.187389
6120	5	5	5	1	0:00:08.186171
6140	9	9	9	1	0:00:08.189832
6160	2	2	2	1	0:00:08.190227
6180	0	0	0	1	0:00:08.186673
6200	3	3	3	1	0:00:08.186387
6220	2	2	2	1	0:00:08.196786
6240	2	2	2	1	0:00:08.189903
6260	2	8	2	0	0:00:08.186552
6280	8	8	8	1	0:00:08.186591
6300	1	1	1	1	0:00:08.189698
6320	0	0	0	1	0:00:08.184398
6340	3	3	3	1	0:00:08.183272
6360	2	2	2	1	0:00:08.198153
6380	3	3	3	1	0:00:08.178037
6400	0	0	0	1	0:00:08.171164
6420	7	7	7	1	0:00:08.178935
6440	3	2	2	0	0:00:08.166329
6460	3	3	3	1	0:00:08.173620
6480	0	0	0	1	0:00:08.175488
6500	7	7	3	1	0:00:08.189178
6520	6	6	6	1	0:00:08.177920
6540	8	8	8	1	0:00:08.172807
6560	6	6	5	1	0:00:08.173140
6580	1	1	1	1	0:00:08.168631
6600	7	7	7	1	0:00:08.179293
6620	7	7	7	1	0:00:08.176620
6640	5	3	3	0	0:00:08.192217
6660	0	0	0	1	0:00:08.179051
6680	3	3	3	1	0:00:08.180469
6700	6	6	6	1	0:00:08.180328
6720	2	2	2	1	0:00:08.174020
6740	2	2	2	1	0:00:08.178758
6760	5	5	5	1	0:00:08.176955
6780	7	7	7	1	0:00:08.192988
6800	6	-1	3	0	0:00:08.176220
6820	1	1	1	1	0:00:08.179407
6840	9	9	9	1	0:00:08.188655
6860	0	0	0	1	0:00:08.186480
6880	2	2	2	1	0:00:08.185409
6900	3	3	3	1	0:00:08.189923
6920	5	6	2	0	0:00:08.202108
6940	1	1	1	1	0:00:08.192266
6960	9	9	9	1	0:00:08.184747
6980	0	8	8	0	0:00:08.186575
7000	2	8	8	0	0:00:08.185442
7020	7	7	7	1	0:00:08.190787
7040	7	0	0	0	0:00:08.187469
7060	8	8	8	1	0:00:08.198928
7080	5	3	3	0	0:00:08.189476
7100	9	3	3	0	0:00:08.184725
7120	7	7	7	1	0:00:08.180218
7140	4	4	2	1	0:00:08.176897
7160	5	5	5	1	0:00:08.181922
7180	6	6	3	1	0:00:08.178066
7200	4	4	4	1	0:00:08.191863
7220	9	9	9	1	0:00:08.182219
7240	0	0	0	1	0:00:08.171979
7260	1	1	1	1	0:00:08.176587
7280	1	9	9	0	0:00:08.174775
7300	3	5	5	0	0:00:08.178539
7320	8	8	8	1	0:00:08.175916
7340	2	2	2	1	0:00:08.190377
7360	2	2	2	1	0:00:08.179011
7380	7	7	7	1	0:00:08.173452
7400	3	3	3	1	0:00:08.176815
7420	3	3	3	1	0:00:08.176371
7440	3	3	3	1	0:00:08.178301
7460	5	5	5	1	0:00:08.172685
7480	1	1	1	1	0:00:08.198333
7500	6	6	6	1	0:00:08.178585
7520	4	4	4	1	0:00:08.181905
7540	5	5	5	1	0:00:08.180880
7560	0	0	0	1	0:00:08.175133
7580	8	8	8	1	0:00:08.183567
7600	8	2	2	0	0:00:08.181290
7620	5	5	5	1	0:00:08.200321
7640	9	8	8	0	0:00:08.185567
7660	7	7	7	1	0:00:08.184604
7680	3	5	5	0	0:00:08.187337
7700	6	6	6	1	0:00:08.184098
7720	5	5	2	1	0:00:08.179260
7740	4	4	4	1	0:00:08.178998
7760	2	2	2	1	0:00:08.199197
7780	3	9	8	0	0:00:08.186759
7800	0	0	0	1	0:00:08.178383
7820	5	3	3	0	0:00:08.181705
7840	1	1	1	1	0:00:08.173192
7860	8	8	8	1	0:00:08.171458
7880	0	0	0	1	0:00:08.175742
7900	0	0	0	1	0:00:08.188337
7920	9	9	9	1	0:00:08.174839
7940	2	2	2	1	0:00:08.171154
7960	0	0	0	1	0:00:08.173420
7980	3	3	3	1	0:00:08.174664
8000	9	9	9	1	0:00:08.174043
8020	6	3	3	0	0:00:08.171484
8040	2	2	2	1	0:00:08.183079
8060	6	6	6	1	0:00:08.172783
8080	4	4	4	1	0:00:08.174012
8100	6	-1	2	0	0:00:08.174897
8120	8	8	8	1	0:00:08.165133
8140	5	3	3	0	0:00:08.166197
8160	6	6	6	1	0:00:08.169014
8180	4	2	2	0	0:00:08.183844
8200	3	4	3	0	0:00:08.172833
8220	6	6	3	1	0:00:08.173643
8240	7	7	7	1	0:00:08.175529
8260	1	1	1	1	0:00:08.176243
8280	4	4	4	1	0:00:08.176788
8300	5	5	5	1	0:00:08.181006
8320	7	7	7	1	0:00:08.198219
8340	5	5	3	1	0:00:08.185437
8360	7	7	7	1	0:00:08.182047
8380	9	9	9	1	0:00:08.182429
8400	0	0	0	1	0:00:08.180074
8420	3	6	5	0	0:00:08.181922
8440	5	2	2	0	0:00:08.185313
8460	8	8	8	1	0:00:08.194081
8480	2	2	2	1	0:00:08.183845
8500	4	4	4	1	0:00:08.178571
8520	8	8	8	1	0:00:08.186136
8540	4	2	2	0	0:00:08.183826
8560	7	7	7	1	0:00:08.187386
8580	3	5	5	0	0:00:08.175127
8600	3	3	3	1	0:00:08.189973
8620	3	5	5	0	0:00:08.178217
8640	1	1	1	1	0:00:08.179672
8660	7	7	7	1	0:00:08.180124
8680	3	3	3	1	0:00:08.178370
8700	3	5	5	0	0:00:08.177536
8720	2	0	0	0	0:00:08.169292
8740	2	2	2	1	0:00:08.182764
8760	8	8	8	1	0:00:08.176913
8780	4	7	7	0	0:00:08.169195
8800	0	0	0	1	0:00:08.175112
8820	2	2	2	1	0:00:08.178502
8840	2	2	2	1	0:00:08.174578
8860	2	2	2	1	0:00:08.174655
8880	1	1	1	1	0:00:08.185509
8900	2	2	2	1	0:00:08.175924
8920	6	6	6	1	0:00:08.167741
8940	6	6	6	1	0:00:08.171999
8960	0	2	2	0	0:00:08.168990
8980	9	9	9	1	0:00:08.173165
9000	8	8	8	1	0:00:08.179759
9020	7	7	7	1	0:00:08.192113
9040	2	5	5	0	0:00:08.186775
9060	9	9	9	1	0:00:08.187410
9080	3	-1	2	0	0:00:08.184793
9100	9	9	1	1	0:00:08.185868
9120	3	2	3	0	0:00:08.182822
9140	7	7	7	1	0:00:08.183995
9160	5	3	3	0	0:00:08.197430
9180	5	5	5	1	0:00:08.186314
9200	8	8	8	1	0:00:08.181292
9220	8	8	8	1	0:00:08.187954
9240	8	8	8	1	0:00:08.187561
9260	5	3	3	0	0:00:08.180392
9280	9	9	9	1	0:00:08.186119
9300	5	3	3	0	0:00:08.193687
9320	9	9	9	1	0:00:08.168530
9340	1	1	1	1	0:00:08.165986
9360	5	0	0	0	0:00:08.164792
9380	5	3	3	0	0:00:08.173016
9400	6	6	6	1	0:00:08.167913
9420	5	5	5	1	0:00:08.173116
9440	8	8	8	1	0:00:08.189926
9460	3	3	3	1	0:00:08.169107
9480	2	6	2	0	0:00:08.176404
9500	9	9	9	1	0:00:08.173247
9520	1	1	1	1	0:00:08.172297
9540	5	5	5	1	0:00:08.172285
9560	9	7	7	0	0:00:08.171870
9580	1	1	1	1	0:00:08.191834
9600	8	8	8	1	0:00:08.175244
9620	4	4	4	1	0:00:08.171128
9640	5	5	5	1	0:00:08.174533
9660	6	6	6	1	0:00:08.177189
9680	8	8	8	1	0:00:08.178741
9700	0	0	0	1	0:00:08.174192
9720	8	8	8	1	0:00:08.192455
9740	3	6	3	0	0:00:08.173412
9760	9	9	9	1	0:00:08.178472
9780	4	4	2	1	0:00:08.184777
9800	1	1	1	1	0:00:08.185397
9820	0	0	8	1	0:00:08.185257
9840	4	7	7	0	0:00:08.183886
9860	0	0	0	1	0:00:08.195286
9880	7	7	7	1	0:00:08.185060
9900	8	8	8	1	0:00:08.180039
9920	6	6	6	1	0:00:08.188582
9940	4	4	4	1	0:00:08.175992
9960	2	0	0	0	0:00:08.178749
9980	0	0	0	1	0:00:08.171839
