idx	label	predict	basePredict	correct	time
0	3	4	4	0	0:00:01.215430
20	7	9	9	0	0:00:00.919417
40	4	4	8	1	0:00:00.914024
60	7	7	4	1	0:00:00.925948
80	8	8	8	1	0:00:00.918692
100	4	5	5	0	0:00:00.921867
120	8	8	8	1	0:00:00.913667
140	6	2	2	0	0:00:00.920570
160	2	2	2	1	0:00:00.935417
180	0	-1	0	0	0:00:00.938588
200	5	3	3	0	0:00:00.923523
220	7	7	7	1	0:00:00.919109
240	1	1	1	1	0:00:00.936793
260	8	5	5	0	0:00:00.923914
280	9	9	9	1	0:00:00.925020
300	6	6	6	1	0:00:00.917840
320	3	5	5	0	0:00:00.928302
340	2	4	4	0	0:00:00.921297
360	9	-1	6	0	0:00:00.920614
380	6	6	8	1	0:00:00.915756
400	9	9	9	1	0:00:00.910691
420	4	6	6	0	0:00:00.921052
440	1	1	1	1	0:00:00.918262
460	5	5	5	1	0:00:00.944981
480	8	9	9	0	0:00:00.928551
500	4	6	2	0	0:00:00.952707
520	5	7	7	0	0:00:00.922218
540	1	9	8	0	0:00:00.919084
560	0	0	0	1	0:00:00.936901
580	4	6	4	0	0:00:00.926066
600	8	8	8	1	0:00:00.922150
620	7	-1	4	0	0:00:00.922000
640	5	3	3	0	0:00:00.916995
660	9	9	9	1	0:00:00.988979
680	9	-1	1	0	0:00:00.918513
700	7	7	7	1	0:00:00.919931
720	4	9	7	0	0:00:00.918770
740	2	5	5	0	0:00:00.918484
760	3	9	7	0	0:00:00.938216
780	9	-1	8	0	0:00:00.925727
800	7	7	7	1	0:00:00.970151
820	6	9	1	0	0:00:00.919612
840	7	7	7	1	0:00:00.921354
860	4	-1	4	0	0:00:00.921084
880	8	8	8	1	0:00:00.918310
900	2	6	6	0	0:00:00.936603
920	6	2	2	0	0:00:00.916768
940	9	9	9	1	0:00:00.919387
960	9	9	9	1	0:00:00.929815
980	2	6	6	0	0:00:00.920500
1000	5	5	5	1	0:00:00.835766
1020	1	1	8	1	0:00:00.830265
1040	7	5	5	0	0:00:00.826812
1060	9	9	9	1	0:00:00.824606
1080	6	6	6	1	0:00:00.826318
1100	7	8	8	0	0:00:00.824264
1120	5	2	2	0	0:00:00.832175
1140	6	6	4	1	0:00:00.826938
1160	8	0	0	0	0:00:00.826739
1180	3	9	9	0	0:00:00.824436
1200	8	0	0	0	0:00:00.833199
1220	9	7	2	0	0:00:00.829136
1240	2	6	6	0	0:00:00.829072
1260	1	9	9	0	0:00:00.820682
1280	3	7	7	0	0:00:00.828278
1300	4	6	3	0	0:00:00.831237
1320	7	2	2	0	0:00:00.831299
1340	1	1	1	1	0:00:00.834867
1360	7	-1	5	0	0:00:00.835240
1380	4	5	5	0	0:00:00.830455
1400	5	5	5	1	0:00:00.832226
1420	4	7	7	0	0:00:00.834941
1440	0	0	0	1	0:00:00.837231
1460	6	6	4	1	0:00:00.837130
1480	1	-1	5	0	0:00:00.833286
1500	1	9	1	0	0:00:00.832484
1520	7	-1	4	0	0:00:00.835643
1540	8	8	8	1	0:00:00.831417
1560	7	7	7	1	0:00:00.835398
1580	6	1	1	0	0:00:00.833796
1600	8	-1	4	0	0:00:00.833599
1620	5	8	8	0	0:00:00.831313
1640	7	5	3	0	0:00:00.833801
1660	3	5	5	0	0:00:00.830912
1680	6	6	6	1	0:00:00.833813
1700	5	2	2	0	0:00:00.834099
1720	4	0	0	0	0:00:00.834854
1740	1	9	9	0	0:00:00.828405
1760	0	8	8	0	0:00:00.825534
1780	7	9	8	0	0:00:00.827547
1800	4	8	8	0	0:00:00.833656
1820	8	9	9	0	0:00:00.831236
1840	8	7	7	0	0:00:00.831660
1860	8	8	8	1	0:00:00.833771
1880	1	1	8	1	0:00:00.832413
1900	8	8	8	1	0:00:00.832929
1920	2	2	2	1	0:00:00.835851
1940	5	2	2	0	0:00:00.829383
1960	2	5	5	0	0:00:00.827990
1980	9	9	9	1	0:00:00.824273
2000	1	6	6	0	0:00:00.831073
2020	9	9	9	1	0:00:00.832476
2040	0	8	8	0	0:00:00.829794
2060	5	5	5	1	0:00:00.830165
2080	1	1	1	1	0:00:00.831325
2100	2	4	4	0	0:00:00.832962
2120	4	8	8	0	0:00:00.831495
2140	9	9	9	1	0:00:00.832102
2160	0	8	8	0	0:00:00.827783
2180	4	6	6	0	0:00:00.827573
2200	0	0	0	1	0:00:00.834218
2220	1	1	1	1	0:00:00.834464
2240	9	9	9	1	0:00:00.832965
2260	4	-1	4	0	0:00:00.836409
2280	4	8	8	0	0:00:00.837570
2300	3	6	6	0	0:00:00.836409
2320	5	-1	0	0	0:00:00.839036
2340	7	7	7	1	0:00:00.836446
2360	7	7	7	1	0:00:00.838885
2380	8	8	8	1	0:00:00.835404
2400	0	0	0	1	0:00:00.833868
2420	8	5	5	0	0:00:00.839701
2440	7	-1	8	0	0:00:00.833818
2460	9	9	3	1	0:00:00.840096
2480	8	8	8	1	0:00:00.834723
2500	4	6	4	0	0:00:00.836610
2520	1	9	8	0	0:00:00.839715
2540	2	-1	3	0	0:00:00.836775
2560	7	-1	4	0	0:00:00.834387
2580	6	6	4	1	0:00:00.838793
2600	8	8	8	1	0:00:00.834427
2620	1	4	4	0	0:00:00.834944
2640	7	7	7	1	0:00:00.829679
2660	3	-1	0	0	0:00:00.834593
2680	0	0	0	1	0:00:00.840091
2700	9	-1	3	0	0:00:00.835488
2720	3	8	8	0	0:00:00.831585
2740	1	1	1	1	0:00:00.836246
2760	2	6	6	0	0:00:00.832353
2780	7	7	7	1	0:00:00.825746
2800	4	6	6	0	0:00:00.838813
2820	6	6	6	1	0:00:00.827621
2840	3	3	3	1	0:00:00.835522
2860	5	7	7	0	0:00:00.831162
2880	4	4	4	1	0:00:00.835343
2900	3	5	5	0	0:00:00.838263
2920	2	3	8	0	0:00:00.826707
2940	3	0	0	0	0:00:00.833277
2960	9	9	8	1	0:00:00.837442
2980	8	1	8	0	0:00:00.835730
3000	5	5	5	1	0:00:00.836777
3020	1	8	8	0	0:00:00.840043
3040	7	7	7	1	0:00:00.833501
3060	7	7	7	1	0:00:00.835741
3080	1	-1	2	0	0:00:00.836629
3100	0	0	0	1	0:00:00.837356
3120	4	6	6	0	0:00:00.836372
3140	8	8	8	1	0:00:00.833338
3160	6	4	4	0	0:00:00.835539
3180	3	9	8	0	0:00:00.832567
3200	5	7	7	0	0:00:00.833436
3220	3	9	9	0	0:00:00.835093
3240	4	1	8	0	0:00:00.837838
3260	7	7	7	1	0:00:00.833397
3280	3	5	0	0	0:00:00.839431
3300	4	4	4	1	0:00:00.834000
3320	2	7	7	0	0:00:00.834365
3340	6	6	4	1	0:00:00.831376
3360	4	6	6	0	0:00:00.834740
3380	8	8	8	1	0:00:00.834870
3400	6	1	1	0	0:00:00.837729
3420	5	6	6	0	0:00:00.834096
3440	2	9	9	0	0:00:00.839625
3460	1	1	1	1	0:00:00.836191
3480	2	2	2	1	0:00:00.838278
3500	1	1	1	1	0:00:00.834328
3520	1	1	1	1	0:00:00.833510
3540	6	6	8	1	0:00:00.833146
3560	1	9	8	0	0:00:00.835364
3580	4	1	8	0	0:00:00.834564
3600	4	-1	2	0	0:00:00.835785
3620	0	7	7	0	0:00:00.835761
3640	6	2	2	0	0:00:00.844810
3660	0	8	8	0	0:00:00.833075
3680	0	2	2	0	0:00:00.832657
3700	3	5	5	0	0:00:00.835913
3720	2	2	2	1	0:00:00.841741
3740	0	0	0	1	0:00:00.836863
3760	7	7	7	1	0:00:00.836309
3780	4	2	2	0	0:00:00.836483
3800	9	9	3	1	0:00:00.836392
3820	0	0	0	1	0:00:00.833272
3840	6	8	8	0	0:00:00.835973
3860	7	7	7	1	0:00:00.831136
3880	6	4	4	0	0:00:00.831568
3900	3	6	6	0	0:00:00.833279
3920	7	9	9	0	0:00:00.831429
3940	6	-1	4	0	0:00:00.826893
3960	2	5	5	0	0:00:00.836597
3980	9	9	9	1	0:00:00.835966
4000	8	7	0	0	0:00:00.833262
4020	8	-1	8	0	0:00:00.832541
4040	0	0	0	1	0:00:00.837837
4060	6	-1	0	0	0:00:00.835292
4080	1	1	8	1	0:00:00.837470
4100	7	7	7	1	0:00:00.833399
4120	4	0	0	0	0:00:00.836118
4140	5	2	2	0	0:00:00.838691
4160	5	-1	2	0	0:00:00.835691
4180	0	-1	8	0	0:00:00.834048
4200	4	2	2	0	0:00:00.833791
4220	4	0	0	0	0:00:00.831779
4240	7	8	8	0	0:00:00.834139
4260	8	8	8	1	0:00:00.834453
4280	8	9	8	0	0:00:00.835870
4300	8	8	8	1	0:00:00.834960
4320	1	8	8	0	0:00:00.835387
4340	0	0	0	1	0:00:00.829803
4360	6	9	9	0	0:00:00.836700
4380	9	9	9	1	0:00:00.842254
4400	3	4	8	0	0:00:00.830169
4420	5	8	8	0	0:00:00.828950
4440	2	6	6	0	0:00:00.833975
4460	9	-1	1	0	0:00:00.831644
4480	9	9	6	1	0:00:00.833114
4500	3	7	7	0	0:00:00.833105
4520	3	6	6	0	0:00:00.836038
4540	9	9	9	1	0:00:00.827225
4560	1	1	1	1	0:00:00.827795
4580	6	6	4	1	0:00:00.838486
4600	4	7	7	0	0:00:00.837950
4620	7	3	3	0	0:00:00.836544
4640	2	-1	4	0	0:00:00.836854
4660	7	-1	2	0	0:00:00.836550
4680	9	1	1	0	0:00:00.829164
4700	6	1	4	0	0:00:00.838579
4720	8	8	8	1	0:00:00.832391
4740	5	6	6	0	0:00:00.829127
4760	3	2	2	0	0:00:00.833592
4780	0	0	0	1	0:00:00.826488
4800	9	9	9	1	0:00:00.829089
4820	3	5	5	0	0:00:00.836621
4840	0	0	0	1	0:00:00.834532
4860	5	5	5	1	0:00:00.834283
4880	0	-1	2	0	0:00:00.839323
4900	3	1	8	0	0:00:00.833157
4920	7	7	7	1	0:00:00.835480
4940	6	-1	2	0	0:00:00.837091
4960	4	6	6	0	0:00:00.835585
4980	1	9	9	0	0:00:00.834417
5000	7	7	7	1	0:00:00.834685
5020	8	8	8	1	0:00:00.835309
5040	3	3	3	1	0:00:00.835272
5060	6	6	6	1	0:00:00.835839
5080	7	7	7	1	0:00:00.833721
5100	3	4	4	0	0:00:00.829796
5120	9	8	8	0	0:00:00.839088
5140	8	8	8	1	0:00:00.837727
5160	0	8	8	0	0:00:00.837830
5180	9	7	7	0	0:00:00.829453
5200	3	3	3	1	0:00:00.835478
5220	0	0	0	1	0:00:00.834836
5240	1	-1	3	0	0:00:00.835075
5260	0	0	0	1	0:00:00.838917
5280	0	8	8	0	0:00:00.838964
5300	9	9	9	1	0:00:00.827514
5320	7	7	7	1	0:00:00.831962
5340	3	-1	2	0	0:00:00.831401
5360	9	9	9	1	0:00:00.831459
5380	1	9	9	0	0:00:00.825655
5400	9	0	0	0	0:00:00.831038
5420	6	-1	6	0	0:00:00.832132
5440	9	9	9	1	0:00:00.835509
5460	0	-1	2	0	0:00:00.838120
5480	1	1	8	1	0:00:00.830242
5500	8	1	8	0	0:00:00.827480
5520	4	5	5	0	0:00:00.830685
5540	5	6	2	0	0:00:00.834268
5560	3	6	5	0	0:00:00.832525
5580	5	6	6	0	0:00:00.835968
5600	6	9	8	0	0:00:00.831717
5620	3	2	2	0	0:00:00.834889
5640	2	3	3	0	0:00:00.830450
5660	9	9	8	1	0:00:00.825069
5680	2	-1	8	0	0:00:00.822803
5700	3	-1	2	0	0:00:00.824219
5720	9	9	9	1	0:00:00.827173
5740	6	6	4	1	0:00:00.835897
5760	2	2	8	1	0:00:00.830744
5780	7	7	7	1	0:00:00.831927
5800	2	4	4	0	0:00:00.835485
5820	5	6	6	0	0:00:00.833784
5840	2	6	6	0	0:00:00.830275
5860	0	8	8	0	0:00:00.834302
5880	0	0	0	1	0:00:00.831815
5900	4	-1	4	0	0:00:00.833646
5920	8	8	8	1	0:00:00.835057
5940	7	4	4	0	0:00:00.825255
5960	2	7	7	0	0:00:00.824360
5980	9	9	9	1	0:00:00.823369
6000	8	9	8	0	0:00:00.824725
6020	6	6	6	1	0:00:00.824560
6040	2	7	7	0	0:00:00.827913
6060	3	4	4	0	0:00:00.825123
6080	1	1	1	1	0:00:00.832213
6100	1	1	8	1	0:00:00.840455
6120	5	5	5	1	0:00:00.824437
6140	9	9	9	1	0:00:00.829330
6160	2	5	5	0	0:00:00.835413
6180	0	9	0	0	0:00:00.831276
6200	3	-1	3	0	0:00:00.833918
6220	2	6	6	0	0:00:00.824503
6240	2	-1	4	0	0:00:00.826862
6260	2	-1	1	0	0:00:00.823165
6280	8	5	5	0	0:00:00.830076
6300	1	-1	4	0	0:00:00.826327
6320	0	0	0	1	0:00:00.823624
6340	3	-1	3	0	0:00:00.832352
6360	2	2	2	1	0:00:00.834306
6380	3	-1	4	0	0:00:00.831446
6400	0	1	8	0	0:00:00.831269
6420	7	-1	7	0	0:00:00.832785
6440	3	8	8	0	0:00:00.832673
6460	3	1	0	0	0:00:00.831498
6480	0	0	0	1	0:00:00.832121
6500	7	0	0	0	0:00:00.830574
6520	6	4	4	0	0:00:00.836262
6540	8	8	8	1	0:00:00.831859
6560	6	6	6	1	0:00:00.834043
6580	1	-1	8	0	0:00:00.830428
6600	7	7	7	1	0:00:00.833415
6620	7	7	7	1	0:00:00.830601
6640	5	3	3	0	0:00:00.833148
6660	0	0	0	1	0:00:00.826940
6680	3	5	3	0	0:00:00.834762
6700	6	6	6	1	0:00:00.828897
6720	2	2	2	1	0:00:00.828368
6740	2	6	6	0	0:00:00.825221
6760	5	-1	2	0	0:00:00.825332
6780	7	7	7	1	0:00:00.825618
6800	6	6	6	1	0:00:00.827554
6820	1	1	1	1	0:00:00.832205
6840	9	1	1	0	0:00:00.825064
6860	0	0	0	1	0:00:00.834988
6880	2	7	7	0	0:00:00.832556
6900	3	7	7	0	0:00:00.823329
6920	5	2	2	0	0:00:00.823308
6940	1	1	1	1	0:00:00.827112
6960	9	8	8	0	0:00:00.831916
6980	0	9	9	0	0:00:00.829965
7000	2	8	8	0	0:00:00.831021
7020	7	7	7	1	0:00:00.831178
7040	7	-1	8	0	0:00:00.829730
7060	8	8	8	1	0:00:00.828598
7080	5	4	4	0	0:00:00.835027
7100	9	-1	3	0	0:00:00.834431
7120	7	7	7	1	0:00:00.829396
7140	4	4	4	1	0:00:00.828354
7160	5	-1	4	0	0:00:00.828832
7180	6	6	6	1	0:00:00.826628
7200	4	6	2	0	0:00:00.830233
7220	9	9	0	1	0:00:00.879650
7240	0	8	8	0	0:00:00.897210
7260	1	8	8	0	0:00:00.838726
7280	1	1	7	1	0:00:00.838598
7300	3	7	7	0	0:00:00.837500
7320	8	0	0	0	0:00:00.897091
7340	2	4	4	0	0:00:00.891649
7360	2	-1	5	0	0:00:00.843110
7380	7	7	7	1	0:00:00.842514
7400	3	9	3	0	0:00:00.846910
7420	3	0	0	0	0:00:00.841828
7440	3	6	6	0	0:00:00.847811
7460	5	5	5	1	0:00:00.844887
7480	1	5	5	0	0:00:00.845842
7500	6	6	6	1	0:00:00.839338
7520	4	6	4	0	0:00:00.834263
7540	5	5	5	1	0:00:00.841296
7560	0	-1	2	0	0:00:00.839648
7580	8	8	8	1	0:00:00.835316
7600	8	9	9	0	0:00:00.840039
7620	5	3	3	0	0:00:00.835697
7640	9	9	8	1	0:00:00.840586
7660	7	-1	7	0	0:00:00.839455
7680	3	9	9	0	0:00:00.837371
7700	6	6	6	1	0:00:00.832460
7720	5	-1	4	0	0:00:00.834987
7740	4	-1	2	0	0:00:00.834380
7760	2	9	9	0	0:00:00.837024
7780	3	9	9	0	0:00:00.836731
7800	0	0	0	1	0:00:00.838445
7820	5	8	8	0	0:00:00.841865
7840	1	1	1	1	0:00:00.838259
7860	8	1	8	0	0:00:00.848482
7880	0	2	2	0	0:00:00.848687
7900	0	-1	8	0	0:00:00.842020
7920	9	8	8	0	0:00:00.885528
7940	2	6	6	0	0:00:00.845765
7960	0	0	2	1	0:00:00.847295
7980	3	7	4	0	0:00:00.847824
8000	9	9	9	1	0:00:00.855284
8020	6	6	6	1	0:00:00.844263
8040	2	6	6	0	0:00:00.857531
8060	6	6	6	1	0:00:00.846252
8080	4	6	4	0	0:00:00.851819
8100	6	2	2	0	0:00:00.856173
8120	8	9	8	0	0:00:00.845672
8140	5	-1	6	0	0:00:00.845796
8160	6	6	6	1	0:00:00.839679
8180	4	6	6	0	0:00:00.844297
8200	3	6	4	0	0:00:00.841784
8220	6	-1	2	0	0:00:00.841651
8240	7	7	7	1	0:00:00.839393
8260	1	1	1	1	0:00:00.841146
8280	4	-1	2	0	0:00:00.841171
8300	5	2	2	0	0:00:00.846275
8320	7	-1	4	0	0:00:00.848493
8340	5	5	5	1	0:00:00.859080
8360	7	7	7	1	0:00:00.857086
8380	9	9	9	1	0:00:00.851902
8400	0	8	8	0	0:00:00.851564
8420	3	-1	4	0	0:00:00.842296
8440	5	-1	4	0	0:00:00.848804
8460	8	8	8	1	0:00:00.845040
8480	2	1	8	0	0:00:00.854049
8500	4	2	2	0	0:00:00.849308
8520	8	-1	4	0	0:00:00.925452
8540	4	-1	2	0	0:00:00.856398
8560	7	7	7	1	0:00:00.857914
8580	3	9	0	0	0:00:00.857394
8600	3	7	4	0	0:00:00.849266
8620	3	4	4	0	0:00:00.846824
8640	1	1	1	1	0:00:00.979747
8660	7	5	5	0	0:00:00.865381
8680	3	-1	0	0	0:00:00.855462
8700	3	3	3	1	0:00:00.855379
8720	2	0	0	0	0:00:00.841146
8740	2	-1	4	0	0:00:00.832463
8760	8	8	8	1	0:00:00.841155
8780	4	4	4	1	0:00:00.843194
8800	0	0	0	1	0:00:00.827608
8820	2	2	2	1	0:00:00.827763
8840	2	1	8	0	0:00:00.828347
8860	2	2	2	1	0:00:00.830905
8880	1	1	1	1	0:00:00.831956
8900	2	4	4	0	0:00:00.827552
8920	6	6	6	1	0:00:00.834607
8940	6	3	3	0	0:00:00.833461
8960	0	0	0	1	0:00:00.827813
8980	9	9	9	1	0:00:00.831387
9000	8	8	8	1	0:00:00.832062
9020	7	7	7	1	0:00:00.833498
9040	2	5	5	0	0:00:00.836861
9060	9	5	5	0	0:00:00.837286
9080	3	0	0	0	0:00:00.835118
9100	9	6	6	0	0:00:00.838951
9120	3	0	0	0	0:00:00.836075
9140	7	7	8	1	0:00:00.841633
9160	5	5	5	1	0:00:00.833930
9180	5	5	5	1	0:00:00.838395
9200	8	8	8	1	0:00:00.838824
9220	8	8	8	1	0:00:00.834319
9240	8	8	8	1	0:00:00.891443
9260	5	5	5	1	0:00:00.835775
9280	9	-1	8	0	0:00:00.840618
9300	5	5	5	1	0:00:00.834222
9320	9	9	9	1	0:00:00.839909
9340	1	1	1	1	0:00:00.840461
9360	5	0	0	0	0:00:00.836063
9380	5	9	5	0	0:00:00.837742
9400	6	6	2	1	0:00:00.835304
9420	5	5	5	1	0:00:00.836361
9440	8	8	8	1	0:00:00.838875
9460	3	-1	6	0	0:00:00.835111
9480	2	-1	4	0	0:00:00.837128
9500	9	-1	5	0	0:00:00.837897
9520	1	1	1	1	0:00:00.841903
9540	5	5	5	1	0:00:00.837043
9560	9	7	7	0	0:00:00.835738
9580	1	1	4	1	0:00:00.836523
9600	8	8	8	1	0:00:00.836902
9620	4	7	7	0	0:00:00.841960
9640	5	0	0	0	0:00:00.836539
9660	6	6	6	1	0:00:00.836429
9680	8	-1	8	0	0:00:00.839018
9700	0	0	0	1	0:00:00.840168
9720	8	-1	8	0	0:00:00.836225
9740	3	6	6	0	0:00:00.833626
9760	9	-1	7	0	0:00:00.842124
9780	4	6	6	0	0:00:00.828606
9800	1	1	1	1	0:00:00.827701
9820	0	8	8	0	0:00:00.830674
9840	4	-1	3	0	0:00:00.838189
9860	0	-1	8	0	0:00:00.837688
9880	7	-1	4	0	0:00:00.840899
9900	8	0	0	0	0:00:00.840304
9920	6	6	6	1	0:00:00.835013
9940	4	5	5	0	0:00:00.833308
9960	2	0	0	0	0:00:00.829429
9980	0	0	0	1	0:00:00.831034
