idx	label	predict	basePredict	correct	time
0	3	6	6	0	0:00:03.777198
20	7	9	9	0	0:00:03.535279
40	4	8	8	0	0:00:03.590947
60	7	2	2	0	0:00:03.560631
80	8	8	8	1	0:00:03.560002
100	4	5	5	0	0:00:03.558987
120	8	8	8	1	0:00:03.566293
140	6	2	2	0	0:00:03.577615
160	2	0	0	0	0:00:03.569179
180	0	0	0	1	0:00:03.550688
200	5	3	3	0	0:00:03.554140
220	7	7	7	1	0:00:03.556116
240	1	1	1	1	0:00:03.588090
260	8	5	5	0	0:00:03.569021
280	9	9	9	1	0:00:03.558336
300	6	4	4	0	0:00:03.553061
320	3	4	4	0	0:00:03.538615
340	2	4	4	0	0:00:03.566009
360	9	6	6	0	0:00:03.562030
380	6	6	6	1	0:00:03.560916
400	9	9	9	1	0:00:03.556573
420	4	6	6	0	0:00:03.576110
440	1	1	1	1	0:00:03.589170
460	5	5	5	1	0:00:03.579918
480	8	9	9	0	0:00:03.578930
500	4	6	6	0	0:00:03.568307
520	5	5	5	1	0:00:03.571749
540	1	8	8	0	0:00:03.582121
560	0	0	0	1	0:00:03.581696
580	4	6	6	0	0:00:03.579053
600	8	8	8	1	0:00:03.579940
620	7	6	6	0	0:00:03.577506
640	5	6	6	0	0:00:03.603523
660	9	9	9	1	0:00:03.561120
680	9	9	9	1	0:00:03.590987
700	7	7	7	1	0:00:03.545756
720	4	9	9	0	0:00:03.544539
740	2	5	5	0	0:00:03.541976
760	3	9	9	0	0:00:03.496765
780	9	9	8	1	0:00:03.499534
800	7	7	7	1	0:00:03.537625
820	6	9	9	0	0:00:03.555458
840	7	7	7	1	0:00:03.530712
860	4	6	6	0	0:00:03.510515
880	8	8	8	1	0:00:03.513417
900	2	6	6	0	0:00:03.602772
920	6	2	2	0	0:00:03.618494
940	9	1	6	0	0:00:03.614231
960	9	9	9	1	0:00:03.583184
980	2	6	6	0	0:00:03.579908
1000	5	5	5	1	0:00:03.489463
1020	1	8	8	0	0:00:03.461167
1040	7	5	5	0	0:00:03.454632
1060	9	9	8	1	0:00:03.443635
1080	6	6	6	1	0:00:03.417739
1100	7	8	8	0	0:00:03.444269
1120	5	2	2	0	0:00:03.442045
1140	6	6	6	1	0:00:03.466833
1160	8	0	0	0	0:00:03.453147
1180	3	9	9	0	0:00:03.443770
1200	8	0	0	0	0:00:03.489484
1220	9	-1	2	0	0:00:03.463121
1240	2	6	6	0	0:00:03.478027
1260	1	9	9	0	0:00:03.490195
1280	3	7	7	0	0:00:03.467491
1300	4	6	6	0	0:00:03.477816
1320	7	0	0	0	0:00:03.490474
1340	1	1	1	1	0:00:03.467565
1360	7	9	5	0	0:00:03.466388
1380	4	5	5	0	0:00:03.477986
1400	5	4	2	0	0:00:03.467266
1420	4	7	7	0	0:00:03.490864
1440	0	8	8	0	0:00:03.465336
1460	6	6	6	1	0:00:03.471416
1480	1	5	5	0	0:00:03.464693
1500	1	9	9	0	0:00:03.456776
1520	7	6	6	0	0:00:03.490299
1540	8	8	8	1	0:00:03.468409
1560	7	7	7	1	0:00:03.467727
1580	6	1	1	0	0:00:03.452273
1600	8	9	6	0	0:00:03.450354
1620	5	8	8	0	0:00:03.455763
1640	7	5	5	0	0:00:03.461897
1660	3	5	5	0	0:00:03.463175
1680	6	6	6	1	0:00:03.450394
1700	5	2	2	0	0:00:03.465070
1720	4	0	0	0	0:00:03.486454
1740	1	9	9	0	0:00:03.477914
1760	0	8	8	0	0:00:03.483858
1780	7	8	8	0	0:00:03.454745
1800	4	8	8	0	0:00:03.430014
1820	8	9	9	0	0:00:03.506006
1840	8	7	7	0	0:00:03.470593
1860	8	8	8	1	0:00:03.424161
1880	1	1	8	1	0:00:03.428472
1900	8	8	8	1	0:00:03.412422
1920	2	7	4	0	0:00:03.412202
1940	5	2	2	0	0:00:03.483783
1960	2	5	5	0	0:00:03.456981
1980	9	9	9	1	0:00:03.463595
2000	1	6	6	0	0:00:03.480338
2020	9	9	9	1	0:00:03.469694
2040	0	8	8	0	0:00:03.510536
2060	5	5	5	1	0:00:03.520944
2080	1	1	6	1	0:00:03.480080
2100	2	4	4	0	0:00:03.495923
2120	4	8	8	0	0:00:03.510744
2140	9	9	1	1	0:00:03.498343
2160	0	8	8	0	0:00:03.519078
2180	4	6	6	0	0:00:03.524014
2200	0	0	0	1	0:00:03.498558
2220	1	1	1	1	0:00:03.495761
2240	9	9	9	1	0:00:03.498156
2260	4	1	4	0	0:00:03.500654
2280	4	8	8	0	0:00:03.507163
2300	3	6	6	0	0:00:03.500992
2320	5	8	8	0	0:00:03.504243
2340	7	7	7	1	0:00:03.507170
2360	7	7	7	1	0:00:03.505127
2380	8	8	8	1	0:00:03.495410
2400	0	0	0	1	0:00:03.477455
2420	8	5	5	0	0:00:03.419222
2440	7	1	1	0	0:00:03.413616
2460	9	6	6	0	0:00:03.426827
2480	8	8	8	1	0:00:03.465376
2500	4	6	4	0	0:00:03.469417
2520	1	8	8	0	0:00:03.465143
2540	2	3	3	0	0:00:03.483065
2560	7	4	4	0	0:00:03.492320
2580	6	4	4	0	0:00:03.459934
2600	8	8	8	1	0:00:03.459781
2620	1	6	6	0	0:00:03.409446
2640	7	7	7	1	0:00:03.426271
2660	3	0	0	0	0:00:03.432973
2680	0	0	0	1	0:00:03.414110
2700	9	9	0	1	0:00:03.480800
2720	3	8	8	0	0:00:03.426773
2740	1	1	1	1	0:00:03.435781
2760	2	6	6	0	0:00:03.435088
2780	7	7	7	1	0:00:03.442628
2800	4	6	6	0	0:00:03.462113
2820	6	6	6	1	0:00:03.474508
2840	3	3	3	1	0:00:03.455935
2860	5	7	7	0	0:00:03.456641
2880	4	4	4	1	0:00:03.504229
2900	3	5	5	0	0:00:03.455290
2920	2	8	8	0	0:00:03.495158
2940	3	8	8	0	0:00:03.486030
2960	9	7	7	0	0:00:03.493112
2980	8	1	1	0	0:00:03.491883
3000	5	5	5	1	0:00:03.448704
3020	1	1	1	1	0:00:03.437504
3040	7	7	7	1	0:00:03.457179
3060	7	7	7	1	0:00:03.424319
3080	1	2	2	0	0:00:03.426918
3100	0	0	0	1	0:00:03.441390
3120	4	6	6	0	0:00:03.401939
3140	8	8	8	1	0:00:03.457512
3160	6	4	4	0	0:00:03.435126
3180	3	9	8	0	0:00:03.405042
3200	5	7	7	0	0:00:03.471929
3220	3	9	9	0	0:00:03.425619
3240	4	1	8	0	0:00:03.419803
3260	7	0	0	0	0:00:03.420635
3280	3	0	0	0	0:00:03.432236
3300	4	4	4	1	0:00:03.420543
3320	2	7	7	0	0:00:03.511390
3340	6	4	4	0	0:00:03.492616
3360	4	6	6	0	0:00:03.477654
3380	8	9	8	0	0:00:03.494675
3400	6	4	4	0	0:00:03.483817
3420	5	6	6	0	0:00:03.422672
3440	2	9	9	0	0:00:03.403738
3460	1	1	1	1	0:00:03.440493
3480	2	2	2	1	0:00:03.423108
3500	1	1	4	1	0:00:03.427637
3520	1	1	1	1	0:00:03.468719
3540	6	8	8	0	0:00:03.426878
3560	1	9	9	0	0:00:03.396268
3580	4	1	1	0	0:00:03.418469
3600	4	2	2	0	0:00:03.487905
3620	0	7	7	0	0:00:03.468304
3640	6	2	2	0	0:00:03.456230
3660	0	8	8	0	0:00:03.506483
3680	0	2	2	0	0:00:03.495963
3700	3	-1	4	0	0:00:03.500499
3720	2	2	2	1	0:00:03.495862
3740	0	0	0	1	0:00:03.493364
3760	7	7	7	1	0:00:03.510062
3780	4	2	2	0	0:00:03.519879
3800	9	9	3	1	0:00:03.496592
3820	0	0	0	1	0:00:03.471270
3840	6	8	8	0	0:00:03.509459
3860	7	7	7	1	0:00:03.485040
3880	6	4	4	0	0:00:03.479386
3900	3	0	0	0	0:00:03.487597
3920	7	8	8	0	0:00:03.501742
3940	6	6	6	1	0:00:03.491770
3960	2	5	5	0	0:00:03.502015
3980	9	7	7	0	0:00:03.495826
4000	8	7	7	0	0:00:03.481822
4020	8	9	8	0	0:00:03.498879
4040	0	0	0	1	0:00:03.496145
4060	6	0	0	0	0:00:03.494952
4080	1	8	8	0	0:00:03.497805
4100	7	7	7	1	0:00:03.512856
4120	4	0	0	0	0:00:03.510525
4140	5	2	2	0	0:00:03.493554
4160	5	2	2	0	0:00:03.507061
4180	0	-1	8	0	0:00:03.495010
4200	4	2	2	0	0:00:03.483423
4220	4	0	0	0	0:00:03.477259
4240	7	8	8	0	0:00:03.483383
4260	8	8	8	1	0:00:03.472345
4280	8	8	8	1	0:00:03.376643
4300	8	8	8	1	0:00:03.388863
4320	1	8	8	0	0:00:03.390274
4340	0	0	0	1	0:00:03.418382
4360	6	9	9	0	0:00:03.420707
4380	9	9	9	1	0:00:03.422429
4400	3	8	8	0	0:00:03.427798
4420	5	8	8	0	0:00:03.418471
4440	2	6	6	0	0:00:03.428505
4460	9	8	8	0	0:00:03.445795
4480	9	6	6	0	0:00:03.433465
4500	3	7	6	0	0:00:03.432568
4520	3	6	6	0	0:00:03.455283
4540	9	9	9	1	0:00:03.403546
4560	1	1	6	1	0:00:03.484192
4580	6	6	6	1	0:00:03.496304
4600	4	7	7	0	0:00:03.500290
4620	7	3	3	0	0:00:03.476149
4640	2	5	5	0	0:00:03.491086
4660	7	2	2	0	0:00:03.465095
4680	9	1	1	0	0:00:03.469949
4700	6	1	1	0	0:00:03.473768
4720	8	0	0	0	0:00:03.462743
4740	5	6	6	0	0:00:03.441388
4760	3	2	2	0	0:00:03.479295
4780	0	8	0	0	0:00:03.465405
4800	9	9	9	1	0:00:03.470076
4820	3	5	5	0	0:00:03.479383
4840	0	0	0	1	0:00:03.469354
4860	5	5	5	1	0:00:03.473787
4880	0	2	2	0	0:00:03.470467
4900	3	1	1	0	0:00:03.455244
4920	7	0	0	0	0:00:03.472670
4940	6	4	2	0	0:00:03.477457
4960	4	6	6	0	0:00:03.458051
4980	1	9	9	0	0:00:03.461824
5000	7	7	7	1	0:00:03.473601
5020	8	1	8	0	0:00:03.472336
5040	3	7	7	0	0:00:03.449183
5060	6	6	6	1	0:00:03.479870
5080	7	7	7	1	0:00:03.455045
5100	3	4	4	0	0:00:03.387877
5120	9	8	8	0	0:00:03.421516
5140	8	8	8	1	0:00:03.435976
5160	0	8	8	0	0:00:03.373941
5180	9	6	6	0	0:00:03.377748
5200	3	3	3	1	0:00:03.394220
5220	0	0	0	1	0:00:03.381284
5240	1	9	3	0	0:00:03.394184
5260	0	0	0	1	0:00:03.439245
5280	0	8	8	0	0:00:03.415310
5300	9	1	1	0	0:00:03.486580
5320	7	7	7	1	0:00:03.507652
5340	3	4	4	0	0:00:03.484233
5360	9	9	9	1	0:00:03.490265
5380	1	9	9	0	0:00:03.477103
5400	9	0	8	0	0:00:03.410966
5420	6	6	6	1	0:00:03.400287
5440	9	9	9	1	0:00:03.414554
5460	0	7	7	0	0:00:03.389667
5480	1	8	8	0	0:00:03.384971
5500	8	1	1	0	0:00:03.403852
5520	4	5	5	0	0:00:03.425849
5540	5	6	2	0	0:00:03.397280
5560	3	6	6	0	0:00:03.476881
5580	5	6	6	0	0:00:03.498409
5600	6	8	8	0	0:00:03.501706
5620	3	2	2	0	0:00:03.476693
5640	2	3	3	0	0:00:03.479190
5660	9	9	8	1	0:00:03.478748
5680	2	8	8	0	0:00:03.501139
5700	3	6	6	0	0:00:03.455977
5720	9	9	9	1	0:00:03.489802
5740	6	6	6	1	0:00:03.452154
5760	2	2	2	1	0:00:03.480898
5780	7	7	7	1	0:00:03.519252
5800	2	6	6	0	0:00:03.494530
5820	5	6	6	0	0:00:03.498982
5840	2	6	6	0	0:00:03.499277
5860	0	8	8	0	0:00:03.488338
5880	0	8	0	0	0:00:03.490047
5900	4	5	5	0	0:00:03.445840
5920	8	8	8	1	0:00:03.440937
5940	7	4	4	0	0:00:03.465001
5960	2	7	7	0	0:00:03.444413
5980	9	9	9	1	0:00:03.446706
6000	8	9	9	0	0:00:03.480285
6020	6	7	6	0	0:00:03.447825
6040	2	7	7	0	0:00:03.465796
6060	3	4	4	0	0:00:03.467359
6080	1	9	6	0	0:00:03.459308
6100	1	1	8	1	0:00:03.464324
6120	5	5	5	1	0:00:03.482819
6140	9	9	9	1	0:00:03.457845
6160	2	5	5	0	0:00:03.463111
6180	0	9	8	0	0:00:03.509387
6200	3	0	0	0	0:00:03.457936
6220	2	6	6	0	0:00:03.504720
6240	2	1	6	0	0:00:03.467581
6260	2	9	9	0	0:00:03.467514
6280	8	5	5	0	0:00:03.450672
6300	1	7	7	0	0:00:03.450415
6320	0	0	0	1	0:00:03.448855
6340	3	8	8	0	0:00:03.469635
6360	2	6	2	0	0:00:03.469206
6380	3	1	6	0	0:00:03.464810
6400	0	1	1	0	0:00:03.468144
6420	7	-1	8	0	0:00:03.482873
6440	3	8	8	0	0:00:03.481286
6460	3	1	1	0	0:00:03.483301
6480	0	5	0	0	0:00:03.495973
6500	7	0	0	0	0:00:03.494344
6520	6	4	4	0	0:00:03.490935
6540	8	8	8	1	0:00:03.489389
6560	6	6	6	1	0:00:03.484612
6580	1	9	2	0	0:00:03.478198
6600	7	7	7	1	0:00:03.475181
6620	7	7	7	1	0:00:03.493466
6640	5	8	8	0	0:00:03.484346
6660	0	8	8	0	0:00:03.483250
6680	3	5	5	0	0:00:03.429717
6700	6	6	6	1	0:00:03.418932
6720	2	2	2	1	0:00:03.403403
6740	2	6	6	0	0:00:03.407393
6760	5	2	2	0	0:00:03.397079
6780	7	7	7	1	0:00:03.436091
6800	6	6	6	1	0:00:03.454732
6820	1	1	1	1	0:00:03.436984
6840	9	1	1	0	0:00:03.463549
6860	0	0	0	1	0:00:03.473341
6880	2	7	4	0	0:00:03.457134
6900	3	7	7	0	0:00:03.436643
6920	5	2	2	0	0:00:03.475249
6940	1	1	1	1	0:00:03.424500
6960	9	8	8	0	0:00:03.479120
6980	0	9	9	0	0:00:03.479044
7000	2	8	8	0	0:00:03.442792
7020	7	1	1	0	0:00:03.472607
7040	7	8	8	0	0:00:03.480863
7060	8	8	8	1	0:00:03.454452
7080	5	4	4	0	0:00:03.477785
7100	9	3	3	0	0:00:03.479375
7120	7	7	6	1	0:00:03.392903
7140	4	4	4	1	0:00:03.391542
7160	5	4	4	0	0:00:03.429196
7180	6	6	6	1	0:00:03.435327
7200	4	6	6	0	0:00:03.451211
7220	9	8	8	0	0:00:03.505398
7240	0	8	8	0	0:00:03.433860
7260	1	8	8	0	0:00:03.456812
7280	1	6	6	0	0:00:03.486672
7300	3	7	7	0	0:00:03.514311
7320	8	0	0	0	0:00:03.513070
7340	2	4	4	0	0:00:03.505870
7360	2	7	7	0	0:00:03.496872
7380	7	-1	7	0	0:00:03.501692
7400	3	9	9	0	0:00:03.498898
7420	3	0	0	0	0:00:03.494093
7440	3	6	6	0	0:00:03.483344
7460	5	5	5	1	0:00:03.495393
7480	1	5	5	0	0:00:03.510815
7500	6	6	6	1	0:00:03.504121
7520	4	6	6	0	0:00:03.505251
7540	5	5	5	1	0:00:03.483376
7560	0	6	2	0	0:00:03.498573
7580	8	8	8	1	0:00:03.507653
7600	8	9	9	0	0:00:03.530725
7620	5	1	1	0	0:00:03.409209
7640	9	9	8	1	0:00:03.392141
7660	7	9	9	0	0:00:03.460670
7680	3	9	9	0	0:00:03.441270
7700	6	6	6	1	0:00:03.441174
7720	5	6	6	0	0:00:03.466606
7740	4	6	2	0	0:00:03.455812
7760	2	9	9	0	0:00:03.481941
7780	3	8	8	0	0:00:03.474177
7800	0	0	0	1	0:00:03.444939
7820	5	8	8	0	0:00:03.418310
7840	1	1	1	1	0:00:03.442207
7860	8	4	4	0	0:00:03.437912
7880	0	8	8	0	0:00:03.406662
7900	0	8	8	0	0:00:03.435941
7920	9	8	8	0	0:00:03.414504
7940	2	6	6	0	0:00:03.401756
7960	0	0	0	1	0:00:03.409778
7980	3	7	4	0	0:00:03.405922
8000	9	9	9	1	0:00:03.395395
8020	6	6	6	1	0:00:03.419303
8040	2	6	6	0	0:00:03.443116
8060	6	6	6	1	0:00:03.520171
8080	4	6	6	0	0:00:03.449789
8100	6	2	2	0	0:00:03.394794
8120	8	9	9	0	0:00:03.390590
8140	5	6	6	0	0:00:03.393193
8160	6	9	9	0	0:00:03.414493
8180	4	6	6	0	0:00:03.389802
8200	3	6	6	0	0:00:03.387975
8220	6	7	6	0	0:00:03.464992
8240	7	7	7	1	0:00:03.409130
8260	1	1	1	1	0:00:03.384142
8280	4	1	1	0	0:00:03.395935
8300	5	2	2	0	0:00:03.376785
8320	7	4	4	0	0:00:03.375903
8340	5	4	4	0	0:00:03.419060
8360	7	4	4	0	0:00:03.379222
8380	9	8	8	0	0:00:03.376461
8400	0	8	8	0	0:00:03.404361
8420	3	6	4	0	0:00:03.380304
8440	5	9	9	0	0:00:03.380748
8460	8	8	8	1	0:00:03.389131
8480	2	1	1	0	0:00:03.427437
8500	4	2	2	0	0:00:03.446643
8520	8	6	6	0	0:00:03.435633
8540	4	6	4	0	0:00:03.423040
8560	7	7	7	1	0:00:03.479105
8580	3	0	0	0	0:00:03.521929
8600	3	7	7	0	0:00:03.383323
8620	3	1	4	0	0:00:03.409609
8640	1	1	1	1	0:00:03.469466
8660	7	5	5	0	0:00:03.391408
8680	3	9	9	0	0:00:03.395554
8700	3	5	5	0	0:00:03.403605
8720	2	0	0	0	0:00:03.371378
8740	2	6	6	0	0:00:03.386298
8760	8	8	8	1	0:00:03.429659
8780	4	4	4	1	0:00:03.403917
8800	0	0	0	1	0:00:03.398821
8820	2	2	2	1	0:00:03.413656
8840	2	1	1	0	0:00:03.439575
8860	2	0	0	0	0:00:03.429171
8880	1	6	6	0	0:00:03.410946
8900	2	1	6	0	0:00:03.460619
8920	6	6	6	1	0:00:03.423226
8940	6	3	3	0	0:00:03.473230
8960	0	0	0	1	0:00:03.474692
8980	9	9	9	1	0:00:03.383282
9000	8	8	8	1	0:00:03.456110
9020	7	9	9	0	0:00:03.412260
9040	2	5	5	0	0:00:03.487777
9060	9	5	5	0	0:00:03.462596
9080	3	0	0	0	0:00:03.493716
9100	9	6	6	0	0:00:03.452679
9120	3	0	0	0	0:00:03.497296
9140	7	8	8	0	0:00:03.495419
9160	5	5	5	1	0:00:03.493294
9180	5	5	5	1	0:00:03.470223
9200	8	8	8	1	0:00:03.399410
9220	8	8	8	1	0:00:03.494163
9240	8	8	8	1	0:00:03.507030
9260	5	5	5	1	0:00:03.482041
9280	9	0	8	0	0:00:03.405217
9300	5	5	6	1	0:00:03.465360
9320	9	9	8	1	0:00:03.467736
9340	1	1	1	1	0:00:03.456825
9360	5	6	6	0	0:00:03.402092
9380	5	5	5	1	0:00:03.380344
9400	6	6	4	1	0:00:03.387138
9420	5	6	6	0	0:00:03.397094
9440	8	8	8	1	0:00:03.381792
9460	3	9	7	0	0:00:03.455303
9480	2	-1	6	0	0:00:03.385189
9500	9	1	6	0	0:00:03.385214
9520	1	9	9	0	0:00:03.414802
9540	5	4	4	0	0:00:03.376544
9560	9	7	7	0	0:00:03.395769
9580	1	4	4	0	0:00:03.438681
9600	8	8	8	1	0:00:03.476379
9620	4	7	7	0	0:00:03.376688
9640	5	6	6	0	0:00:03.405622
9660	6	6	6	1	0:00:03.391355
9680	8	9	9	0	0:00:03.370231
9700	0	0	0	1	0:00:03.373079
9720	8	6	6	0	0:00:03.368107
9740	3	6	6	0	0:00:03.362051
9760	9	9	9	1	0:00:03.376650
9780	4	6	6	0	0:00:03.355942
9800	1	1	1	1	0:00:03.379464
9820	0	9	8	0	0:00:03.376548
9840	4	3	3	0	0:00:03.373641
9860	0	2	2	0	0:00:03.370076
9880	7	7	4	1	0:00:03.387143
9900	8	0	0	0	0:00:03.378296
9920	6	6	6	1	0:00:03.372156
9940	4	7	7	0	0:00:03.384363
9960	2	0	0	0	0:00:03.426439
9980	0	0	0	1	0:00:03.384871
