idx	label	predict	basePredict	correct	time
0	3	2	2	0	0:00:15.878143
20	7	1	9	0	0:00:15.775222
40	4	8	8	0	0:00:15.782408
60	7	7	4	1	0:00:15.737158
80	8	8	8	1	0:00:15.795715
100	4	5	3	0	0:00:15.783146
120	8	8	8	1	0:00:16.805877
140	6	2	2	0	0:00:16.389777
160	2	0	2	0	0:00:16.992070
180	0	0	8	1	0:00:15.780847
200	5	7	3	0	0:00:16.046218
220	7	7	7	1	0:00:16.683867
240	1	1	8	1	0:00:16.097645
260	8	3	3	0	0:00:17.764090
280	9	9	8	1	0:00:15.781981
300	6	7	4	0	0:00:16.266710
320	3	2	4	0	0:00:17.208930
340	2	4	4	0	0:00:16.298352
360	9	7	6	0	0:00:15.777877
380	6	6	4	1	0:00:15.772662
400	9	1	1	0	0:00:15.754578
420	4	6	6	0	0:00:15.764370
440	1	1	6	1	0:00:15.751944
460	5	5	3	1	0:00:15.787398
480	8	9	8	0	0:00:15.738708
500	4	6	4	0	0:00:15.790783
520	5	7	7	0	0:00:15.812055
540	1	9	8	0	0:00:15.773495
560	0	0	8	1	0:00:15.756465
580	4	-1	4	0	0:00:15.769006
600	8	8	8	1	0:00:15.748827
620	7	6	4	0	0:00:15.775889
640	5	3	3	0	0:00:15.759644
660	9	9	9	1	0:00:15.777779
680	9	7	4	0	0:00:15.747693
700	7	0	4	0	0:00:15.761533
720	4	9	7	0	0:00:15.755039
740	2	5	3	0	0:00:15.855533
760	3	9	9	0	0:00:15.803414
780	9	1	8	0	0:00:15.765495
800	7	7	7	1	0:00:15.796263
820	6	1	8	0	0:00:15.799291
840	7	7	7	1	0:00:15.766928
860	4	4	4	1	0:00:15.809117
880	8	8	8	1	0:00:15.792476
900	2	6	4	0	0:00:15.743060
920	6	2	2	0	0:00:15.894490
940	9	9	9	1	0:00:15.721357
960	9	9	4	1	0:00:15.788158
980	2	6	6	0	0:00:15.772061
1000	5	5	5	1	0:00:15.025137
1020	1	1	8	1	0:00:15.018834
1040	7	5	5	0	0:00:15.040042
1060	9	9	8	1	0:00:15.055395
1080	6	6	6	1	0:00:15.031699
1100	7	8	8	0	0:00:15.091457
1120	5	2	2	0	0:00:15.055265
1140	6	4	4	0	0:00:15.049345
1160	8	0	8	0	0:00:15.113787
1180	3	3	8	1	0:00:15.054608
1200	8	0	0	0	0:00:15.052619
1220	9	6	6	0	0:00:15.058117
1240	2	6	6	0	0:00:15.031412
1260	1	9	9	0	0:00:15.052021
1280	3	7	7	0	0:00:15.043517
1300	4	3	3	0	0:00:15.050854
1320	7	2	2	0	0:00:15.042410
1340	1	1	8	1	0:00:15.055018
1360	7	7	4	1	0:00:15.087965
1380	4	5	5	0	0:00:15.093436
1400	5	2	2	0	0:00:15.094885
1420	4	7	7	0	0:00:15.046100
1440	0	8	8	0	0:00:15.104803
1460	6	6	4	1	0:00:15.090737
1480	1	5	5	0	0:00:15.051061
1500	1	9	1	0	0:00:15.037892
1520	7	-1	4	0	0:00:15.056456
1540	8	8	8	1	0:00:15.101480
1560	7	7	7	1	0:00:15.101043
1580	6	1	1	0	0:00:15.111025
1600	8	9	6	0	0:00:15.064921
1620	5	8	8	0	0:00:15.117119
1640	7	5	3	0	0:00:15.042942
1660	3	5	4	0	0:00:15.057709
1680	6	6	6	1	0:00:15.092606
1700	5	2	2	0	0:00:15.099597
1720	4	2	2	0	0:00:15.070231
1740	1	9	9	0	0:00:15.073396
1760	0	8	8	0	0:00:15.078897
1780	7	9	8	0	0:00:15.049256
1800	4	8	8	0	0:00:15.090624
1820	8	9	8	0	0:00:15.032575
1840	8	7	4	0	0:00:15.058379
1860	8	8	8	1	0:00:15.047214
1880	1	8	8	0	0:00:15.014957
1900	8	8	8	1	0:00:15.050431
1920	2	5	2	0	0:00:15.059144
1940	5	3	3	0	0:00:15.063431
1960	2	5	5	0	0:00:15.048716
1980	9	9	4	1	0:00:15.036935
2000	1	6	4	0	0:00:15.044831
2020	9	9	9	1	0:00:15.062321
2040	0	8	8	0	0:00:15.051942
2060	5	5	3	1	0:00:15.144262
2080	1	9	4	0	0:00:15.060722
2100	2	4	4	0	0:00:15.081931
2120	4	8	8	0	0:00:15.031210
2140	9	9	1	1	0:00:15.042482
2160	0	8	8	0	0:00:15.049136
2180	4	-1	4	0	0:00:15.084073
2200	0	2	2	0	0:00:15.087223
2220	1	1	4	1	0:00:15.054358
2240	9	9	8	1	0:00:15.041298
2260	4	7	4	0	0:00:15.029357
2280	4	8	8	0	0:00:15.076270
2300	3	2	4	0	0:00:15.157194
2320	5	8	8	0	0:00:15.058703
2340	7	7	7	1	0:00:15.055213
2360	7	7	3	1	0:00:15.111409
2380	8	0	8	0	0:00:15.104067
2400	0	0	0	1	0:00:15.055143
2420	8	5	5	0	0:00:15.051589
2440	7	1	8	0	0:00:15.103019
2460	9	3	3	0	0:00:15.075351
2480	8	8	8	1	0:00:15.051760
2500	4	2	2	0	0:00:15.079202
2520	1	9	8	0	0:00:15.061123
2540	2	3	3	0	0:00:15.083679
2560	7	6	4	0	0:00:15.016947
2580	6	4	4	0	0:00:15.041204
2600	8	8	8	1	0:00:15.054227
2620	1	4	4	0	0:00:15.030843
2640	7	7	6	1	0:00:15.052756
2660	3	2	2	0	0:00:15.054030
2680	0	0	0	1	0:00:15.019549
2700	9	7	0	0	0:00:15.037063
2720	3	2	2	0	0:00:15.043212
2740	1	1	9	1	0:00:15.046232
2760	2	4	4	0	0:00:15.056079
2780	7	7	7	1	0:00:15.057684
2800	4	6	4	0	0:00:15.060839
2820	6	6	4	1	0:00:15.067426
2840	3	3	3	1	0:00:15.121018
2860	5	7	4	0	0:00:15.078236
2880	4	4	4	1	0:00:15.055885
2900	3	2	2	0	0:00:15.095517
2920	2	5	5	0	0:00:15.087839
2940	3	0	0	0	0:00:15.074484
2960	9	9	8	1	0:00:15.130539
2980	8	1	8	0	0:00:15.069408
3000	5	5	5	1	0:00:15.036915
3020	1	1	8	1	0:00:15.056759
3040	7	7	7	1	0:00:15.036664
3060	7	7	7	1	0:00:15.011601
3080	1	7	4	0	0:00:15.027109
3100	0	0	0	1	0:00:15.085749
3120	4	6	2	0	0:00:15.091512
3140	8	8	8	1	0:00:15.036216
3160	6	4	4	0	0:00:15.009759
3180	3	7	8	0	0:00:15.092224
3200	5	7	7	0	0:00:15.096598
3220	3	9	9	0	0:00:15.049110
3240	4	1	8	0	0:00:15.070424
3260	7	0	0	0	0:00:15.102581
3280	3	0	0	0	0:00:15.053429
3300	4	6	4	0	0:00:15.094391
3320	2	7	7	0	0:00:15.073615
3340	6	4	4	0	0:00:15.052109
3360	4	6	6	0	0:00:15.111319
3380	8	1	8	0	0:00:15.041805
3400	6	4	4	0	0:00:15.086980
3420	5	4	4	0	0:00:15.017155
3440	2	9	3	0	0:00:15.038565
3460	1	1	4	1	0:00:15.044807
3480	2	2	2	1	0:00:15.076436
3500	1	1	4	1	0:00:15.082682
3520	1	1	1	1	0:00:15.080988
3540	6	6	6	1	0:00:15.078249
3560	1	9	0	0	0:00:15.043861
3580	4	1	8	0	0:00:15.054833
3600	4	2	2	0	0:00:15.056186
3620	0	6	6	0	0:00:15.054024
3640	6	2	2	0	0:00:15.042358
3660	0	8	8	0	0:00:15.070336
3680	0	2	2	0	0:00:15.051149
3700	3	4	4	0	0:00:15.057823
3720	2	2	2	1	0:00:15.078495
3740	0	0	8	1	0:00:15.032840
3760	7	7	7	1	0:00:15.079845
3780	4	2	2	0	0:00:15.052382
3800	9	3	3	0	0:00:15.063086
3820	0	2	2	0	0:00:15.058447
3840	6	3	3	0	0:00:15.095315
3860	7	7	7	1	0:00:15.022874
3880	6	4	4	0	0:00:15.080705
3900	3	1	1	0	0:00:15.074917
3920	7	9	8	0	0:00:15.056191
3940	6	7	4	0	0:00:15.056231
3960	2	5	5	0	0:00:15.055594
3980	9	7	7	0	0:00:15.049238
4000	8	7	4	0	0:00:15.060622
4020	8	1	8	0	0:00:15.064443
4040	0	0	0	1	0:00:15.077515
4060	6	3	3	0	0:00:15.082495
4080	1	8	8	0	0:00:15.105547
4100	7	7	7	1	0:00:15.088586
4120	4	0	0	0	0:00:15.034732
4140	5	3	3	0	0:00:15.086564
4160	5	2	2	0	0:00:15.043087
4180	0	8	8	0	0:00:15.077722
4200	4	2	2	0	0:00:15.057269
4220	4	0	0	0	0:00:15.064619
4240	7	0	0	0	0:00:15.115785
4260	8	1	8	0	0:00:15.040997
4280	8	9	8	0	0:00:15.019358
4300	8	8	8	1	0:00:15.049382
4320	1	8	8	0	0:00:15.102393
4340	0	0	8	1	0:00:15.098359
4360	6	9	3	0	0:00:15.081558
4380	9	8	8	0	0:00:15.066058
4400	3	4	4	0	0:00:15.120772
4420	5	8	8	0	0:00:15.068171
4440	2	6	2	0	0:00:15.059560
4460	9	8	8	0	0:00:15.034166
4480	9	3	3	0	0:00:15.099765
4500	3	6	6	0	0:00:15.073797
4520	3	6	6	0	0:00:15.097483
4540	9	9	9	1	0:00:15.026274
4560	1	1	4	1	0:00:15.110237
4580	6	4	4	0	0:00:15.066597
4600	4	7	4	0	0:00:15.078777
4620	7	3	3	0	0:00:15.106647
4640	2	-1	4	0	0:00:15.089456
4660	7	4	2	0	0:00:15.050307
4680	9	1	1	0	0:00:15.050563
4700	6	1	4	0	0:00:15.031712
4720	8	0	0	0	0:00:15.063524
4740	5	3	4	0	0:00:15.037565
4760	3	3	8	1	0:00:15.046027
4780	0	0	8	1	0:00:15.041767
4800	9	9	9	1	0:00:15.037561
4820	3	5	5	0	0:00:15.019277
4840	0	0	0	1	0:00:15.018036
4860	5	3	3	0	0:00:15.075659
4880	0	2	2	0	0:00:15.088660
4900	3	6	6	0	0:00:15.053371
4920	7	7	4	1	0:00:15.039938
4940	6	4	2	0	0:00:15.029824
4960	4	3	3	0	0:00:15.025409
4980	1	9	9	0	0:00:15.006396
5000	7	7	7	1	0:00:15.034864
5020	8	1	8	0	0:00:15.018849
5040	3	7	4	0	0:00:15.036703
5060	6	2	4	0	0:00:14.995293
5080	7	7	7	1	0:00:15.134313
5100	3	3	3	1	0:00:15.032163
5120	9	9	8	1	0:00:15.076064
5140	8	8	8	1	0:00:15.036555
5160	0	8	8	0	0:00:15.095429
5180	9	6	4	0	0:00:15.043772
5200	3	3	3	1	0:00:15.044733
5220	0	0	0	1	0:00:15.023451
5240	1	9	2	0	0:00:15.056374
5260	0	0	0	1	0:00:15.051936
5280	0	8	8	0	0:00:15.084072
5300	9	1	9	0	0:00:15.066708
5320	7	0	3	0	0:00:15.128162
5340	3	4	4	0	0:00:15.098791
5360	9	9	9	1	0:00:15.103330
5380	1	9	9	0	0:00:15.081481
5400	9	0	8	0	0:00:15.037572
5420	6	6	6	1	0:00:15.053807
5440	9	9	9	1	0:00:15.109283
5460	0	7	7	0	0:00:15.054154
5480	1	1	8	1	0:00:15.044643
5500	8	1	8	0	0:00:15.076021
5520	4	3	3	0	0:00:15.091614
5540	5	6	2	0	0:00:15.114685
5560	3	6	4	0	0:00:15.080093
5580	5	6	6	0	0:00:15.116295
5600	6	9	0	0	0:00:15.068937
5620	3	2	2	0	0:00:15.056891
5640	2	5	3	0	0:00:15.054807
5660	9	0	8	0	0:00:15.042489
5680	2	1	8	0	0:00:15.017482
5700	3	2	2	0	0:00:15.051035
5720	9	9	9	1	0:00:15.100808
5740	6	4	4	0	0:00:15.054548
5760	2	0	2	0	0:00:15.066554
5780	7	7	4	1	0:00:15.080607
5800	2	6	4	0	0:00:15.068329
5820	5	6	6	0	0:00:15.120534
5840	2	6	6	0	0:00:15.068164
5860	0	8	8	0	0:00:15.038186
5880	0	8	0	0	0:00:15.037139
5900	4	3	4	0	0:00:15.036469
5920	8	8	8	1	0:00:15.081079
5940	7	4	4	0	0:00:15.052504
5960	2	6	4	0	0:00:15.028985
5980	9	9	6	1	0:00:15.044903
6000	8	9	8	0	0:00:15.066532
6020	6	-1	6	0	0:00:15.035661
6040	2	7	7	0	0:00:15.059255
6060	3	4	4	0	0:00:15.058778
6080	1	9	6	0	0:00:15.024852
6100	1	1	8	1	0:00:15.081547
6120	5	5	5	1	0:00:15.054010
6140	9	9	7	1	0:00:15.087989
6160	2	5	5	0	0:00:15.104477
6180	0	9	8	0	0:00:15.099254
6200	3	0	3	0	0:00:15.033321
6220	2	6	6	0	0:00:15.063897
6240	2	1	4	0	0:00:15.077102
6260	2	9	8	0	0:00:15.036499
6280	8	5	4	0	0:00:15.139042
6300	1	7	4	0	0:00:15.032568
6320	0	0	0	1	0:00:15.046569
6340	3	3	3	1	0:00:15.104115
6360	2	6	2	0	0:00:15.054746
6380	3	1	6	0	0:00:15.088064
6400	0	1	4	0	0:00:15.056553
6420	7	7	8	1	0:00:15.027238
6440	3	9	8	0	0:00:15.042350
6460	3	1	4	0	0:00:15.088172
6480	0	2	2	0	0:00:15.057703
6500	7	0	8	0	0:00:15.067241
6520	6	4	4	0	0:00:15.096041
6540	8	8	8	1	0:00:15.063731
6560	6	6	4	1	0:00:15.100239
6580	1	2	3	0	0:00:15.069269
6600	7	7	7	1	0:00:15.061797
6620	7	7	7	1	0:00:15.078134
6640	5	8	8	0	0:00:15.110608
6660	0	0	8	1	0:00:15.051983
6680	3	5	5	0	0:00:15.066615
6700	6	6	4	1	0:00:15.061192
6720	2	4	2	0	0:00:15.133101
6740	2	-1	4	0	0:00:15.054733
6760	5	3	6	0	0:00:15.057124
6780	7	7	7	1	0:00:15.105886
6800	6	2	4	0	0:00:15.084663
6820	1	1	1	1	0:00:15.081045
6840	9	1	9	0	0:00:15.054236
6860	0	2	2	0	0:00:15.083761
6880	2	7	7	0	0:00:15.066799
6900	3	7	4	0	0:00:15.054535
6920	5	2	2	0	0:00:15.063433
6940	1	1	1	1	0:00:15.026697
6960	9	8	8	0	0:00:15.015152
6980	0	1	8	0	0:00:15.052754
7000	2	8	8	0	0:00:15.012820
7020	7	7	8	1	0:00:15.098639
7040	7	8	8	0	0:00:15.013990
7060	8	0	8	0	0:00:15.121757
7080	5	4	4	0	0:00:15.006860
7100	9	3	3	0	0:00:15.046775
7120	7	5	6	0	0:00:15.107928
7140	4	1	4	0	0:00:15.066379
7160	5	4	4	0	0:00:15.083786
7180	6	6	6	1	0:00:15.056077
7200	4	6	2	0	0:00:15.072567
7220	9	9	8	1	0:00:15.104885
7240	0	8	8	0	0:00:15.087940
7260	1	8	8	0	0:00:15.056248
7280	1	6	6	0	0:00:15.090472
7300	3	7	4	0	0:00:15.115170
7320	8	0	0	0	0:00:15.080676
7340	2	4	4	0	0:00:15.072681
7360	2	4	4	0	0:00:15.051922
7380	7	7	7	1	0:00:15.050782
7400	3	3	3	1	0:00:15.093879
7420	3	0	0	0	0:00:15.060657
7440	3	3	2	1	0:00:15.020513
7460	5	5	5	1	0:00:15.049644
7480	1	8	8	0	0:00:15.035582
7500	6	6	6	1	0:00:15.041401
7520	4	6	4	0	0:00:15.052042
7540	5	5	5	1	0:00:15.064728
7560	0	6	4	0	0:00:15.055001
7580	8	-1	8	0	0:00:15.102191
7600	8	9	8	0	0:00:15.100600
7620	5	1	3	0	0:00:15.096724
7640	9	9	6	1	0:00:15.049842
7660	7	9	4	0	0:00:15.095938
7680	3	9	3	0	0:00:15.064324
7700	6	6	4	1	0:00:15.120642
7720	5	5	2	1	0:00:15.129811
7740	4	6	2	0	0:00:15.107632
7760	2	9	6	0	0:00:15.065943
7780	3	1	8	0	0:00:15.071750
7800	0	0	8	1	0:00:15.035327
7820	5	8	8	0	0:00:15.065905
7840	1	1	1	1	0:00:15.018248
7860	8	7	4	0	0:00:15.044783
7880	0	0	0	1	0:00:15.033491
7900	0	8	8	0	0:00:15.053989
7920	9	8	8	0	0:00:15.061298
7940	2	6	6	0	0:00:15.063142
7960	0	0	3	1	0:00:15.051750
7980	3	7	4	0	0:00:15.082833
8000	9	9	8	1	0:00:15.092767
8020	6	3	3	0	0:00:15.019340
8040	2	6	4	0	0:00:15.068422
8060	6	6	4	1	0:00:15.072946
8080	4	6	6	0	0:00:15.054780
8100	6	2	2	0	0:00:15.054487
8120	8	9	8	0	0:00:15.057584
8140	5	4	4	0	0:00:15.046288
8160	6	9	6	0	0:00:15.031991
8180	4	4	4	1	0:00:15.026279
8200	3	6	4	0	0:00:15.047068
8220	6	2	2	0	0:00:15.034121
8240	7	7	7	1	0:00:15.073216
8260	1	3	3	0	0:00:15.038888
8280	4	5	3	0	0:00:15.053805
8300	5	2	2	0	0:00:15.053417
8320	7	-1	4	0	0:00:15.086000
8340	5	3	4	0	0:00:15.056925
8360	7	7	4	1	0:00:15.031425
8380	9	8	8	0	0:00:15.039838
8400	0	8	8	0	0:00:15.051895
8420	3	6	4	0	0:00:15.074133
8440	5	3	4	0	0:00:15.110636
8460	8	8	8	1	0:00:15.065828
8480	2	1	8	0	0:00:15.041182
8500	4	2	2	0	0:00:15.055538
8520	8	4	4	0	0:00:15.029674
8540	4	6	2	0	0:00:15.032980
8560	7	4	4	0	0:00:15.031095
8580	3	0	2	0	0:00:15.036128
8600	3	7	4	0	0:00:15.009585
8620	3	1	4	0	0:00:15.045759
8640	1	1	8	1	0:00:15.054736
8660	7	5	5	0	0:00:15.055941
8680	3	9	8	0	0:00:15.072594
8700	3	3	3	1	0:00:15.118972
8720	2	0	0	0	0:00:15.080457
8740	2	6	4	0	0:00:15.040993
8760	8	8	5	1	0:00:15.058359
8780	4	7	4	0	0:00:15.064687
8800	0	0	0	1	0:00:15.067176
8820	2	3	3	0	0:00:15.050808
8840	2	1	1	0	0:00:15.098705
8860	2	0	2	0	0:00:15.085576
8880	1	9	6	0	0:00:15.054034
8900	2	6	4	0	0:00:15.128440
8920	6	6	4	1	0:00:15.050614
8940	6	3	3	0	0:00:15.101924
8960	0	0	0	1	0:00:15.058067
8980	9	9	8	1	0:00:15.082412
9000	8	8	8	1	0:00:15.071985
9020	7	9	8	0	0:00:15.061323
9040	2	5	5	0	0:00:15.058342
9060	9	5	5	0	0:00:15.101450
9080	3	0	0	0	0:00:15.073000
9100	9	6	6	0	0:00:15.152209
9120	3	0	0	0	0:00:15.068899
9140	7	9	8	0	0:00:15.070992
9160	5	7	4	0	0:00:15.028940
9180	5	5	5	1	0:00:15.083643
9200	8	8	8	1	0:00:15.084519
9220	8	8	8	1	0:00:15.047905
9240	8	8	8	1	0:00:15.085442
9260	5	5	5	1	0:00:15.098479
9280	9	1	8	0	0:00:15.031398
9300	5	3	2	0	0:00:15.045034
9320	9	9	8	1	0:00:15.054531
9340	1	1	1	1	0:00:15.096488
9360	5	9	4	0	0:00:15.048302
9380	5	9	3	0	0:00:15.049793
9400	6	4	2	0	0:00:15.096850
9420	5	5	6	1	0:00:15.036247
9440	8	8	8	1	0:00:15.059163
9460	3	7	4	0	0:00:15.038043
9480	2	4	4	0	0:00:15.053590
9500	9	1	4	0	0:00:15.048155
9520	1	1	1	1	0:00:15.052973
9540	5	3	4	0	0:00:15.024951
9560	9	7	7	0	0:00:15.073894
9580	1	4	4	0	0:00:15.081546
9600	8	8	8	1	0:00:15.027730
9620	4	7	4	0	0:00:15.007589
9640	5	0	6	0	0:00:15.070817
9660	6	6	6	1	0:00:15.119177
9680	8	8	8	1	0:00:15.071395
9700	0	0	2	1	0:00:15.085191
9720	8	1	6	0	0:00:15.080586
9740	3	4	4	0	0:00:15.131930
9760	9	7	4	0	0:00:15.115923
9780	4	6	4	0	0:00:15.062317
9800	1	1	1	1	0:00:15.088506
9820	0	8	8	0	0:00:15.037297
9840	4	5	5	0	0:00:15.038112
9860	0	5	8	0	0:00:15.020548
9880	7	4	4	0	0:00:15.037257
9900	8	0	6	0	0:00:15.085145
9920	6	4	2	0	0:00:15.056375
9940	4	5	6	0	0:00:15.045756
9960	2	0	0	0	0:00:15.067108
9980	0	0	0	1	0:00:15.067369
