idx	label	predict	basePredict	correct	time
0	3	-1	4	0	0:00:02.093125
20	7	9	9	0	0:00:01.967901
40	4	8	8	0	0:00:01.942271
60	7	7	4	1	0:00:01.980555
80	8	8	8	1	0:00:01.969323
100	4	5	5	0	0:00:01.936953
120	8	8	8	1	0:00:01.965517
140	6	2	2	0	0:00:01.971855
160	2	2	2	1	0:00:01.989666
180	0	0	0	1	0:00:01.921802
200	5	3	3	0	0:00:01.929547
220	7	7	7	1	0:00:01.931309
240	1	1	1	1	0:00:01.932807
260	8	5	5	0	0:00:01.914713
280	9	9	9	1	0:00:01.937409
300	6	6	6	1	0:00:01.914939
320	3	5	2	0	0:00:01.920503
340	2	4	4	0	0:00:01.936918
360	9	6	6	0	0:00:01.916898
380	6	6	4	1	0:00:01.994909
400	9	1	1	0	0:00:01.884923
420	4	6	6	0	0:00:01.887221
440	1	1	1	1	0:00:01.899647
460	5	5	5	1	0:00:01.897589
480	8	9	9	0	0:00:01.958455
500	4	6	6	0	0:00:01.936301
520	5	7	7	0	0:00:01.946422
540	1	8	8	0	0:00:01.941759
560	0	0	0	1	0:00:01.947372
580	4	6	6	0	0:00:01.931008
600	8	8	8	1	0:00:01.914088
620	7	6	6	0	0:00:01.867970
640	5	3	3	0	0:00:01.864414
660	9	9	9	1	0:00:01.892174
680	9	-1	1	0	0:00:01.869296
700	7	7	7	1	0:00:01.877298
720	4	9	9	0	0:00:01.861029
740	2	5	5	0	0:00:01.877841
760	3	9	9	0	0:00:01.869666
780	9	9	8	1	0:00:01.902592
800	7	7	7	1	0:00:01.885589
820	6	9	9	0	0:00:01.927634
840	7	7	7	1	0:00:01.889585
860	4	6	6	0	0:00:01.924451
880	8	8	8	1	0:00:01.959868
900	2	6	6	0	0:00:01.939101
920	6	2	2	0	0:00:01.900163
940	9	1	1	0	0:00:01.895350
960	9	9	8	1	0:00:01.916065
980	2	6	6	0	0:00:01.928257
1000	5	5	5	1	0:00:01.852528
1020	1	1	1	1	0:00:01.847562
1040	7	5	5	0	0:00:01.873473
1060	9	9	9	1	0:00:01.862907
1080	6	6	6	1	0:00:01.845153
1100	7	8	8	0	0:00:01.854999
1120	5	2	2	0	0:00:01.846135
1140	6	6	6	1	0:00:01.861406
1160	8	0	0	0	0:00:01.863004
1180	3	9	9	0	0:00:01.859780
1200	8	0	0	0	0:00:01.861148
1220	9	7	2	0	0:00:01.826586
1240	2	6	6	0	0:00:01.789622
1260	1	9	9	0	0:00:01.852154
1280	3	7	7	0	0:00:01.856203
1300	4	6	6	0	0:00:01.810083
1320	7	7	2	1	0:00:01.863358
1340	1	1	1	1	0:00:01.848847
1360	7	-1	2	0	0:00:01.819869
1380	4	5	5	0	0:00:01.854005
1400	5	6	6	0	0:00:01.827686
1420	4	7	7	0	0:00:01.878792
1440	0	8	0	0	0:00:01.848970
1460	6	6	6	1	0:00:01.846154
1480	1	5	5	0	0:00:01.830525
1500	1	9	9	0	0:00:01.848306
1520	7	6	6	0	0:00:01.857814
1540	8	8	8	1	0:00:01.839823
1560	7	7	7	1	0:00:01.848032
1580	6	1	1	0	0:00:01.856412
1600	8	-1	6	0	0:00:01.865752
1620	5	8	8	0	0:00:01.824927
1640	7	5	5	0	0:00:01.837497
1660	3	5	5	0	0:00:01.850743
1680	6	6	6	1	0:00:01.842647
1700	5	2	2	0	0:00:01.845650
1720	4	0	0	0	0:00:01.854081
1740	1	9	9	0	0:00:01.822709
1760	0	8	8	0	0:00:01.854831
1780	7	8	8	0	0:00:01.866990
1800	4	8	8	0	0:00:01.859207
1820	8	1	1	0	0:00:01.847864
1840	8	7	7	0	0:00:01.879326
1860	8	8	8	1	0:00:01.865525
1880	1	1	1	1	0:00:01.836984
1900	8	8	8	1	0:00:01.843916
1920	2	2	2	1	0:00:01.856618
1940	5	-1	2	0	0:00:01.847000
1960	2	5	5	0	0:00:01.833819
1980	9	9	9	1	0:00:01.852728
2000	1	6	6	0	0:00:01.847436
2020	9	9	9	1	0:00:01.843974
2040	0	8	8	0	0:00:01.847279
2060	5	5	5	1	0:00:01.843421
2080	1	1	1	1	0:00:01.888762
2100	2	4	4	0	0:00:01.874498
2120	4	8	8	0	0:00:01.863311
2140	9	-1	1	0	0:00:01.866387
2160	0	8	8	0	0:00:01.874044
2180	4	6	6	0	0:00:01.865720
2200	0	0	0	1	0:00:01.836045
2220	1	1	1	1	0:00:01.873991
2240	9	9	9	1	0:00:01.853241
2260	4	-1	4	0	0:00:01.836898
2280	4	8	8	0	0:00:01.864635
2300	3	6	6	0	0:00:01.881605
2320	5	-1	0	0	0:00:01.884674
2340	7	7	7	1	0:00:01.873007
2360	7	7	7	1	0:00:01.965056
2380	8	8	8	1	0:00:01.903234
2400	0	4	4	0	0:00:01.860741
2420	8	5	5	0	0:00:01.901567
2440	7	1	8	0	0:00:01.870964
2460	9	9	6	1	0:00:01.903610
2480	8	8	8	1	0:00:01.854362
2500	4	6	4	0	0:00:01.877711
2520	1	8	8	0	0:00:01.853690
2540	2	3	3	0	0:00:01.846902
2560	7	6	2	0	0:00:01.851035
2580	6	6	4	1	0:00:01.853130
2600	8	8	8	1	0:00:01.858265
2620	1	6	4	0	0:00:01.862116
2640	7	7	7	1	0:00:01.806826
2660	3	0	0	0	0:00:01.858028
2680	0	0	0	1	0:00:01.867046
2700	9	3	3	0	0:00:01.875155
2720	3	8	8	0	0:00:01.879596
2740	1	1	1	1	0:00:01.845049
2760	2	6	6	0	0:00:01.813992
2780	7	7	7	1	0:00:01.804337
2800	4	6	6	0	0:00:01.814209
2820	6	6	6	1	0:00:01.810641
2840	3	7	7	0	0:00:01.843578
2860	5	7	7	0	0:00:01.799640
2880	4	4	4	1	0:00:01.795370
2900	3	5	5	0	0:00:01.798229
2920	2	3	8	0	0:00:01.794036
2940	3	0	0	0	0:00:01.782895
2960	9	-1	9	0	0:00:01.787086
2980	8	1	1	0	0:00:01.783466
3000	5	5	5	1	0:00:01.797784
3020	1	1	8	1	0:00:01.783581
3040	7	7	7	1	0:00:01.813810
3060	7	7	7	1	0:00:01.813390
3080	1	6	2	0	0:00:01.847424
3100	0	0	0	1	0:00:01.793122
3120	4	6	6	0	0:00:01.797635
3140	8	8	8	1	0:00:01.792200
3160	6	4	4	0	0:00:01.784604
3180	3	9	8	0	0:00:01.783698
3200	5	7	7	0	0:00:01.847437
3220	3	9	9	0	0:00:01.817978
3240	4	1	8	0	0:00:01.816061
3260	7	7	7	1	0:00:01.819998
3280	3	5	0	0	0:00:01.849580
3300	4	6	6	0	0:00:01.869574
3320	2	7	7	0	0:00:01.864256
3340	6	6	6	1	0:00:01.874690
3360	4	6	6	0	0:00:01.867530
3380	8	8	8	1	0:00:01.896831
3400	6	1	1	0	0:00:01.852926
3420	5	6	6	0	0:00:01.874099
3440	2	9	9	0	0:00:01.862068
3460	1	1	1	1	0:00:01.862349
3480	2	2	2	1	0:00:01.869777
3500	1	1	1	1	0:00:01.865629
3520	1	1	1	1	0:00:01.844076
3540	6	-1	8	0	0:00:01.800062
3560	1	9	9	0	0:00:01.800021
3580	4	1	1	0	0:00:01.787669
3600	4	2	2	0	0:00:01.860388
3620	0	7	6	0	0:00:01.845201
3640	6	2	2	0	0:00:01.838004
3660	0	8	8	0	0:00:01.818435
3680	0	2	2	0	0:00:01.810353
3700	3	5	5	0	0:00:01.803376
3720	2	2	2	1	0:00:01.807821
3740	0	0	0	1	0:00:01.859706
3760	7	7	7	1	0:00:01.865022
3780	4	2	2	0	0:00:01.811636
3800	9	3	3	0	0:00:01.808948
3820	0	0	0	1	0:00:01.814422
3840	6	8	5	0	0:00:01.796536
3860	7	7	7	1	0:00:01.840294
3880	6	4	4	0	0:00:01.833879
3900	3	0	6	0	0:00:01.848747
3920	7	-1	8	0	0:00:01.851871
3940	6	-1	7	0	0:00:01.839809
3960	2	5	5	0	0:00:01.845384
3980	9	-1	7	0	0:00:01.858014
4000	8	7	0	0	0:00:01.863095
4020	8	8	8	1	0:00:01.838989
4040	0	0	0	1	0:00:01.856047
4060	6	6	0	1	0:00:01.842175
4080	1	1	8	1	0:00:01.850086
4100	7	7	7	1	0:00:01.866064
4120	4	0	0	0	0:00:01.852543
4140	5	-1	3	0	0:00:01.860129
4160	5	2	2	0	0:00:01.864544
4180	0	-1	8	0	0:00:01.856194
4200	4	2	2	0	0:00:01.879846
4220	4	0	0	0	0:00:01.871299
4240	7	8	8	0	0:00:01.854559
4260	8	8	8	1	0:00:01.861798
4280	8	8	8	1	0:00:01.861638
4300	8	8	8	1	0:00:01.859122
4320	1	8	8	0	0:00:01.885605
4340	0	0	0	1	0:00:01.855753
4360	6	9	9	0	0:00:01.851231
4380	9	9	9	1	0:00:01.857122
4400	3	6	8	0	0:00:01.864421
4420	5	8	8	0	0:00:01.878531
4440	2	6	6	0	0:00:01.878114
4460	9	1	8	0	0:00:01.881615
4480	9	9	6	1	0:00:01.853692
4500	3	7	7	0	0:00:01.849926
4520	3	6	6	0	0:00:01.871262
4540	9	9	9	1	0:00:01.861627
4560	1	1	1	1	0:00:01.876966
4580	6	6	6	1	0:00:01.859324
4600	4	7	7	0	0:00:01.876239
4620	7	3	3	0	0:00:01.858869
4640	2	5	5	0	0:00:01.878347
4660	7	6	2	0	0:00:01.868585
4680	9	1	1	0	0:00:01.863313
4700	6	1	1	0	0:00:01.861645
4720	8	0	0	0	0:00:01.883366
4740	5	6	6	0	0:00:01.857009
4760	3	2	2	0	0:00:01.869661
4780	0	0	0	1	0:00:01.862175
4800	9	9	9	1	0:00:01.871849
4820	3	5	5	0	0:00:01.871445
4840	0	0	0	1	0:00:01.860286
4860	5	5	5	1	0:00:01.859218
4880	0	2	2	0	0:00:01.859672
4900	3	1	6	0	0:00:01.876960
4920	7	7	0	1	0:00:01.850642
4940	6	6	2	1	0:00:01.852698
4960	4	6	6	0	0:00:01.862652
4980	1	9	9	0	0:00:01.852318
5000	7	7	7	1	0:00:01.875216
5020	8	8	8	1	0:00:01.880797
5040	3	4	4	0	0:00:01.846949
5060	6	6	6	1	0:00:01.889140
5080	7	7	7	1	0:00:01.872862
5100	3	4	4	0	0:00:01.859427
5120	9	8	8	0	0:00:01.890414
5140	8	8	8	1	0:00:01.881898
5160	0	8	8	0	0:00:01.877676
5180	9	6	6	0	0:00:01.880051
5200	3	3	3	1	0:00:01.884894
5220	0	0	0	1	0:00:01.890049
5240	1	9	3	0	0:00:01.878699
5260	0	0	0	1	0:00:01.876815
5280	0	8	8	0	0:00:01.875155
5300	9	1	1	0	0:00:01.869486
5320	7	7	7	1	0:00:01.892453
5340	3	2	2	0	0:00:01.884137
5360	9	9	9	1	0:00:01.866422
5380	1	9	9	0	0:00:01.869841
5400	9	0	0	0	0:00:01.856820
5420	6	6	6	1	0:00:01.846857
5440	9	9	9	1	0:00:01.856611
5460	0	0	2	1	0:00:01.863791
5480	1	1	8	1	0:00:01.854724
5500	8	1	8	0	0:00:01.848127
5520	4	5	5	0	0:00:01.864354
5540	5	6	6	0	0:00:01.857907
5560	3	6	6	0	0:00:01.857124
5580	5	6	6	0	0:00:01.858518
5600	6	8	8	0	0:00:01.856521
5620	3	4	4	0	0:00:01.855544
5640	2	3	3	0	0:00:01.854953
5660	9	9	8	1	0:00:01.879025
5680	2	1	8	0	0:00:01.875104
5700	3	6	6	0	0:00:01.855112
5720	9	9	9	1	0:00:01.858680
5740	6	6	6	1	0:00:01.839070
5760	2	2	8	1	0:00:01.828010
5780	7	7	7	1	0:00:01.853772
5800	2	6	6	0	0:00:01.791884
5820	5	6	6	0	0:00:01.792592
5840	2	6	6	0	0:00:01.805127
5860	0	8	8	0	0:00:01.811298
5880	0	8	0	0	0:00:01.830768
5900	4	5	4	0	0:00:01.857145
5920	8	8	8	1	0:00:01.866585
5940	7	4	4	0	0:00:01.843262
5960	2	7	7	0	0:00:01.856115
5980	9	9	9	1	0:00:01.854567
6000	8	9	8	0	0:00:01.860443
6020	6	6	6	1	0:00:01.826901
6040	2	7	7	0	0:00:01.803360
6060	3	4	4	0	0:00:01.814559
6080	1	1	1	1	0:00:01.808318
6100	1	1	8	1	0:00:01.806131
6120	5	5	5	1	0:00:01.804092
6140	9	9	9	1	0:00:01.841337
6160	2	5	5	0	0:00:01.808017
6180	0	-1	8	0	0:00:01.828780
6200	3	3	3	1	0:00:01.807727
6220	2	6	6	0	0:00:01.806491
6240	2	6	6	0	0:00:01.876432
6260	2	9	9	0	0:00:01.856033
6280	8	5	5	0	0:00:01.843424
6300	1	7	4	0	0:00:01.854591
6320	0	0	0	1	0:00:01.831040
6340	3	3	3	1	0:00:01.842451
6360	2	-1	2	0	0:00:01.869850
6380	3	1	6	0	0:00:01.864557
6400	0	1	1	0	0:00:01.867239
6420	7	7	7	1	0:00:01.865763
6440	3	8	8	0	0:00:01.856685
6460	3	1	1	0	0:00:01.939515
6480	0	0	0	1	0:00:01.843878
6500	7	0	0	0	0:00:01.823751
6520	6	-1	4	0	0:00:01.811555
6540	8	8	8	1	0:00:01.801708
6560	6	6	6	1	0:00:01.859097
6580	1	8	8	0	0:00:01.849968
6600	7	7	7	1	0:00:01.847326
6620	7	7	7	1	0:00:01.879928
6640	5	3	3	0	0:00:01.847145
6660	0	0	0	1	0:00:01.822864
6680	3	3	3	1	0:00:01.828930
6700	6	6	6	1	0:00:01.863738
6720	2	2	2	1	0:00:01.821914
6740	2	6	6	0	0:00:01.822686
6760	5	-1	2	0	0:00:01.837777
6780	7	7	7	1	0:00:01.842363
6800	6	6	6	1	0:00:01.844685
6820	1	1	1	1	0:00:01.846053
6840	9	1	1	0	0:00:01.821451
6860	0	0	0	1	0:00:01.824654
6880	2	7	7	0	0:00:01.820259
6900	3	7	7	0	0:00:01.812488
6920	5	2	2	0	0:00:01.809429
6940	1	1	1	1	0:00:01.807832
6960	9	8	8	0	0:00:01.822488
6980	0	9	9	0	0:00:01.828712
7000	2	8	8	0	0:00:01.843037
7020	7	7	7	1	0:00:01.827324
7040	7	8	8	0	0:00:01.862489
7060	8	8	8	1	0:00:01.864792
7080	5	4	0	0	0:00:01.852485
7100	9	3	3	0	0:00:01.855353
7120	7	7	7	1	0:00:01.855808
7140	4	4	4	1	0:00:01.853755
7160	5	4	4	0	0:00:01.880674
7180	6	6	6	1	0:00:01.854147
7200	4	6	6	0	0:00:01.858656
7220	9	8	8	0	0:00:01.865312
7240	0	8	8	0	0:00:01.855761
7260	1	8	8	0	0:00:01.858407
7280	1	1	6	1	0:00:01.899421
7300	3	-1	0	0	0:00:01.849776
7320	8	0	0	0	0:00:01.833493
7340	2	4	4	0	0:00:01.835745
7360	2	-1	5	0	0:00:01.878620
7380	7	7	7	1	0:00:01.901909
7400	3	9	9	0	0:00:01.860717
7420	3	0	0	0	0:00:01.868847
7440	3	6	6	0	0:00:01.853288
7460	5	5	5	1	0:00:01.852784
7480	1	5	5	0	0:00:01.846854
7500	6	6	6	1	0:00:01.880895
7520	4	6	6	0	0:00:01.866862
7540	5	5	5	1	0:00:01.876908
7560	0	6	2	0	0:00:01.873159
7580	8	8	8	1	0:00:01.852175
7600	8	9	9	0	0:00:01.848775
7620	5	3	3	0	0:00:01.815550
7640	9	-1	8	0	0:00:01.828724
7660	7	1	1	0	0:00:01.848937
7680	3	9	9	0	0:00:01.874778
7700	6	6	6	1	0:00:01.833760
7720	5	6	6	0	0:00:01.867471
7740	4	6	2	0	0:00:01.851085
7760	2	9	9	0	0:00:01.840515
7780	3	1	1	0	0:00:01.838921
7800	0	0	0	1	0:00:01.830467
7820	5	8	8	0	0:00:01.817723
7840	1	1	1	1	0:00:01.842690
7860	8	-1	4	0	0:00:01.827312
7880	0	2	2	0	0:00:01.831927
7900	0	8	8	0	0:00:01.843611
7920	9	8	8	0	0:00:01.866623
7940	2	6	6	0	0:00:01.838356
7960	0	0	0	1	0:00:01.844783
7980	3	7	4	0	0:00:01.828463
8000	9	9	9	1	0:00:01.825865
8020	6	6	6	1	0:00:01.829160
8040	2	6	6	0	0:00:01.802839
8060	6	6	6	1	0:00:01.861088
8080	4	6	6	0	0:00:01.818535
8100	6	2	2	0	0:00:01.828865
8120	8	9	8	0	0:00:01.840662
8140	5	6	6	0	0:00:01.855022
8160	6	9	6	0	0:00:01.831809
8180	4	6	6	0	0:00:01.848259
8200	3	6	6	0	0:00:01.814239
8220	6	6	6	1	0:00:01.837175
8240	7	7	7	1	0:00:01.838011
8260	1	1	1	1	0:00:01.830314
8280	4	5	5	0	0:00:01.852754
8300	5	2	2	0	0:00:01.841877
8320	7	4	4	0	0:00:01.821797
8340	5	5	5	1	0:00:01.853363
8360	7	7	7	1	0:00:01.847159
8380	9	8	8	0	0:00:01.858712
8400	0	8	8	0	0:00:01.873922
8420	3	6	4	0	0:00:01.810883
8440	5	9	4	0	0:00:01.821763
8460	8	8	8	1	0:00:01.827386
8480	2	1	8	0	0:00:01.816519
8500	4	2	2	0	0:00:01.824195
8520	8	6	6	0	0:00:01.825745
8540	4	6	4	0	0:00:01.826661
8560	7	7	7	1	0:00:01.816762
8580	3	1	1	0	0:00:01.830358
8600	3	7	7	0	0:00:01.806544
8620	3	4	4	0	0:00:01.825132
8640	1	1	1	1	0:00:01.843895
8660	7	5	5	0	0:00:01.835435
8680	3	9	0	0	0:00:01.824223
8700	3	5	5	0	0:00:01.816931
8720	2	0	0	0	0:00:01.809140
8740	2	6	6	0	0:00:01.866540
8760	8	8	8	1	0:00:01.838377
8780	4	4	4	1	0:00:01.809119
8800	0	0	0	1	0:00:01.846088
8820	2	2	2	1	0:00:01.844206
8840	2	1	1	0	0:00:01.848033
8860	2	2	2	1	0:00:01.841536
8880	1	1	6	1	0:00:01.816366
8900	2	6	4	0	0:00:01.808100
8920	6	6	6	1	0:00:01.837039
8940	6	3	3	0	0:00:01.806485
8960	0	0	0	1	0:00:01.827762
8980	9	9	9	1	0:00:01.824393
9000	8	8	8	1	0:00:01.815806
9020	7	7	7	1	0:00:01.803793
9040	2	5	5	0	0:00:01.810920
9060	9	5	5	0	0:00:01.807769
9080	3	0	0	0	0:00:01.817932
9100	9	6	6	0	0:00:01.812823
9120	3	0	0	0	0:00:01.811194
9140	7	8	8	0	0:00:01.808022
9160	5	5	5	1	0:00:01.808292
9180	5	5	5	1	0:00:01.838602
9200	8	8	8	1	0:00:01.841251
9220	8	8	8	1	0:00:01.849962
9240	8	8	8	1	0:00:01.805401
9260	5	5	5	1	0:00:01.815811
9280	9	0	8	0	0:00:01.808697
9300	5	5	2	1	0:00:01.809292
9320	9	9	8	1	0:00:01.836671
9340	1	1	1	1	0:00:01.801595
9360	5	0	0	0	0:00:01.801851
9380	5	9	9	0	0:00:01.797068
9400	6	6	6	1	0:00:01.811594
9420	5	6	6	0	0:00:01.797208
9440	8	8	8	1	0:00:01.793836
9460	3	6	6	0	0:00:01.796591
9480	2	4	4	0	0:00:01.794142
9500	9	1	1	0	0:00:01.811992
9520	1	1	1	1	0:00:01.816782
9540	5	5	5	1	0:00:01.808212
9560	9	7	7	0	0:00:01.810207
9580	1	4	4	0	0:00:01.811377
9600	8	8	8	1	0:00:01.805856
9620	4	7	7	0	0:00:01.814186
9640	5	0	0	0	0:00:01.801219
9660	6	6	6	1	0:00:01.800547
9680	8	8	8	1	0:00:01.778590
9700	0	0	0	1	0:00:01.768454
9720	8	6	6	0	0:00:01.774746
9740	3	6	6	0	0:00:01.783218
9760	9	9	7	1	0:00:01.773744
9780	4	6	6	0	0:00:01.790899
9800	1	1	1	1	0:00:01.794445
9820	0	8	8	0	0:00:01.786076
9840	4	7	7	0	0:00:01.801711
9860	0	2	8	0	0:00:01.790724
9880	7	4	4	0	0:00:01.793192
9900	8	0	0	0	0:00:01.856156
9920	6	6	6	1	0:00:01.791640
9940	4	5	5	0	0:00:01.798728
9960	2	0	0	0	0:00:01.796376
9980	0	0	0	1	0:00:01.789025
