idx	label	predict	basePredict	correct	time
0	3	3	3	1	0:00:02.082444
20	7	1	1	0	0:00:01.976790
40	4	4	4	1	0:00:01.971885
60	7	7	7	1	0:00:01.986837
80	8	8	8	1	0:00:02.002463
100	4	5	5	0	0:00:01.983142
120	8	8	8	1	0:00:01.981798
140	6	6	6	1	0:00:01.960261
160	2	2	2	1	0:00:01.946038
180	0	0	0	1	0:00:01.986533
200	5	5	5	1	0:00:01.983325
220	7	5	5	0	0:00:01.985568
240	1	1	1	1	0:00:01.986410
260	8	8	8	1	0:00:01.941201
280	9	9	9	1	0:00:01.958463
300	6	6	6	1	0:00:01.979328
320	3	3	3	1	0:00:01.967378
340	2	-1	2	0	0:00:01.954091
360	9	9	9	1	0:00:01.934566
380	6	6	6	1	0:00:01.920627
400	9	9	9	1	0:00:01.930033
420	4	4	4	1	0:00:01.919184
440	1	1	1	1	0:00:01.934681
460	5	5	5	1	0:00:01.973789
480	8	8	8	1	0:00:01.971226
500	4	6	6	0	0:00:01.956991
520	5	5	5	1	0:00:01.962033
540	1	1	1	1	0:00:01.955173
560	0	0	0	1	0:00:01.991032
580	4	4	4	1	0:00:01.963846
600	8	8	8	1	0:00:01.969390
620	7	7	7	1	0:00:01.952515
640	5	3	3	0	0:00:01.950520
660	9	9	9	1	0:00:01.961577
680	9	1	1	0	0:00:01.984260
700	7	7	7	1	0:00:01.947192
720	4	4	4	1	0:00:01.953420
740	2	3	2	0	0:00:01.940358
760	3	3	3	1	0:00:01.924898
780	9	9	9	1	0:00:01.948288
800	7	7	7	1	0:00:01.929393
820	6	6	5	1	0:00:01.944573
840	7	7	7	1	0:00:01.979072
860	4	4	4	1	0:00:01.943226
880	8	8	8	1	0:00:01.927589
900	2	6	6	0	0:00:01.992339
920	6	4	4	0	0:00:01.966059
940	9	9	9	1	0:00:01.990105
960	9	9	3	1	0:00:01.967779
980	2	2	2	1	0:00:01.969207
1000	5	5	5	1	0:00:01.857481
1020	1	1	1	1	0:00:01.852232
1040	7	3	3	0	0:00:01.881025
1060	9	9	9	1	0:00:01.895756
1080	6	6	2	1	0:00:01.877746
1100	7	7	7	1	0:00:01.892710
1120	5	2	2	0	0:00:01.861626
1140	6	6	6	1	0:00:01.878682
1160	8	8	8	1	0:00:01.893342
1180	3	3	3	1	0:00:01.863059
1200	8	8	8	1	0:00:01.899094
1220	9	3	3	0	0:00:01.884686
1240	2	2	2	1	0:00:01.873420
1260	1	9	9	0	0:00:01.886191
1280	3	5	5	0	0:00:01.903137
1300	4	3	3	0	0:00:01.894352
1320	7	7	7	1	0:00:01.894413
1340	1	1	1	1	0:00:01.921957
1360	7	7	7	1	0:00:01.897265
1380	4	4	4	1	0:00:01.891046
1400	5	5	5	1	0:00:01.887724
1420	4	4	7	1	0:00:01.892533
1440	0	-1	2	0	0:00:01.894396
1460	6	6	6	1	0:00:01.900365
1480	1	1	1	1	0:00:01.882154
1500	1	1	1	1	0:00:01.904533
1520	7	7	7	1	0:00:01.860950
1540	8	8	8	1	0:00:01.865834
1560	7	7	7	1	0:00:01.874089
1580	6	6	6	1	0:00:01.873913
1600	8	9	9	0	0:00:01.861300
1620	5	4	4	0	0:00:01.890164
1640	7	7	7	1	0:00:01.882447
1660	3	3	3	1	0:00:01.875707
1680	6	6	6	1	0:00:01.898842
1700	5	3	3	0	0:00:01.871376
1720	4	4	3	1	0:00:01.896153
1740	1	1	1	1	0:00:01.902499
1760	0	0	0	1	0:00:01.897922
1780	7	7	7	1	0:00:01.888319
1800	4	4	4	1	0:00:01.901016
1820	8	8	8	1	0:00:01.873305
1840	8	4	4	0	0:00:01.893095
1860	8	8	8	1	0:00:01.869594
1880	1	1	1	1	0:00:01.877239
1900	8	8	8	1	0:00:01.890033
1920	2	2	2	1	0:00:01.895295
1940	5	5	2	1	0:00:01.868994
1960	2	5	5	0	0:00:01.889213
1980	9	9	9	1	0:00:01.898539
2000	1	1	1	1	0:00:01.867225
2020	9	9	9	1	0:00:01.888056
2040	0	0	0	1	0:00:01.902762
2060	5	3	3	0	0:00:01.896777
2080	1	1	1	1	0:00:01.859135
2100	2	2	2	1	0:00:01.889421
2120	4	8	8	0	0:00:01.888060
2140	9	9	9	1	0:00:01.881949
2160	0	0	0	1	0:00:01.889819
2180	4	4	4	1	0:00:01.888741
2200	0	0	0	1	0:00:01.871534
2220	1	1	1	1	0:00:01.890221
2240	9	9	9	1	0:00:01.900717
2260	4	4	4	1	0:00:01.861053
2280	4	2	2	0	0:00:01.868752
2300	3	-1	2	0	0:00:01.851584
2320	5	3	3	0	0:00:01.840476
2340	7	7	7	1	0:00:01.843047
2360	7	7	7	1	0:00:01.859659
2380	8	1	8	0	0:00:01.844418
2400	0	0	0	1	0:00:01.857704
2420	8	7	7	0	0:00:01.880457
2440	7	7	7	1	0:00:01.887445
2460	9	9	9	1	0:00:01.902260
2480	8	8	8	1	0:00:01.889838
2500	4	2	2	0	0:00:01.890717
2520	1	-1	0	0	0:00:01.903490
2540	2	2	2	1	0:00:01.903858
2560	7	7	7	1	0:00:01.893187
2580	6	6	6	1	0:00:01.891790
2600	8	8	8	1	0:00:01.895319
2620	1	1	1	1	0:00:01.883535
2640	7	7	7	1	0:00:01.902938
2660	3	3	3	1	0:00:01.895367
2680	0	0	0	1	0:00:01.894014
2700	9	1	1	0	0:00:01.898701
2720	3	3	3	1	0:00:01.890437
2740	1	1	1	1	0:00:01.893513
2760	2	2	2	1	0:00:01.883393
2780	7	7	7	1	0:00:01.890387
2800	4	4	4	1	0:00:01.891555
2820	6	6	6	1	0:00:01.889023
2840	3	3	3	1	0:00:01.884098
2860	5	-1	5	0	0:00:01.875967
2880	4	4	4	1	0:00:01.875228
2900	3	2	2	0	0:00:01.846815
2920	2	2	2	1	0:00:01.874844
2940	3	0	0	0	0:00:01.878157
2960	9	0	0	0	0:00:01.868488
2980	8	8	8	1	0:00:01.865995
3000	5	5	5	1	0:00:01.878849
3020	1	1	1	1	0:00:01.836495
3040	7	7	7	1	0:00:01.841327
3060	7	7	7	1	0:00:01.836437
3080	1	1	1	1	0:00:01.844704
3100	0	0	0	1	0:00:01.870673
3120	4	4	4	1	0:00:01.867042
3140	8	8	8	1	0:00:01.889136
3160	6	2	2	0	0:00:01.866501
3180	3	6	3	0	0:00:01.875972
3200	5	5	5	1	0:00:01.882463
3220	3	3	3	1	0:00:01.888737
3240	4	1	1	0	0:00:01.890474
3260	7	7	7	1	0:00:01.898168
3280	3	3	3	1	0:00:01.860081
3300	4	4	4	1	0:00:01.873683
3320	2	2	2	1	0:00:01.859147
3340	6	6	6	1	0:00:01.879299
3360	4	4	4	1	0:00:01.878922
3380	8	8	8	1	0:00:01.873127
3400	6	4	4	0	0:00:01.902318
3420	5	3	3	0	0:00:01.895240
3440	2	3	3	0	0:00:01.901360
3460	1	1	1	1	0:00:01.879160
3480	2	2	2	1	0:00:01.895670
3500	1	9	9	0	0:00:01.895087
3520	1	1	1	1	0:00:01.874661
3540	6	6	3	1	0:00:01.848604
3560	1	9	9	0	0:00:01.858038
3580	4	4	4	1	0:00:01.864754
3600	4	3	3	0	0:00:01.876081
3620	0	0	0	1	0:00:01.837808
3640	6	6	6	1	0:00:01.873036
3660	0	0	0	1	0:00:01.882808
3680	0	0	0	1	0:00:01.880337
3700	3	3	3	1	0:00:01.894532
3720	2	2	2	1	0:00:01.883645
3740	0	0	0	1	0:00:01.889613
3760	7	7	7	1	0:00:01.895819
3780	4	4	4	1	0:00:01.885116
3800	9	9	9	1	0:00:01.869788
3820	0	8	8	0	0:00:01.883624
3840	6	8	4	0	0:00:01.872085
3860	7	7	7	1	0:00:01.878324
3880	6	6	6	1	0:00:01.903274
3900	3	3	3	1	0:00:01.881405
3920	7	7	7	1	0:00:01.880514
3940	6	-1	3	0	0:00:01.894201
3960	2	2	2	1	0:00:01.879064
3980	9	-1	9	0	0:00:01.887859
4000	8	2	2	0	0:00:01.876493
4020	8	8	8	1	0:00:01.880737
4040	0	0	0	1	0:00:01.893987
4060	6	6	6	1	0:00:01.906269
4080	1	1	1	1	0:00:01.892680
4100	7	7	7	1	0:00:01.887577
4120	4	4	4	1	0:00:01.894448
4140	5	5	5	1	0:00:01.894394
4160	5	5	5	1	0:00:01.912855
4180	0	0	8	1	0:00:01.881820
4200	4	4	4	1	0:00:01.890965
4220	4	0	0	0	0:00:01.899981
4240	7	7	7	1	0:00:01.854807
4260	8	8	8	1	0:00:01.882287
4280	8	0	0	0	0:00:01.901741
4300	8	8	8	1	0:00:01.883619
4320	1	9	1	0	0:00:01.861927
4340	0	0	0	1	0:00:01.883622
4360	6	6	6	1	0:00:01.876281
4380	9	9	9	1	0:00:01.867835
4400	3	5	5	0	0:00:01.886720
4420	5	5	5	1	0:00:01.896947
4440	2	2	2	1	0:00:01.873887
4460	9	9	9	1	0:00:01.890214
4480	9	9	9	1	0:00:01.881956
4500	3	3	3	1	0:00:01.915166
4520	3	3	3	1	0:00:01.918127
4540	9	9	9	1	0:00:01.857112
4560	1	1	1	1	0:00:01.872335
4580	6	6	6	1	0:00:01.887810
4600	4	4	4	1	0:00:01.889563
4620	7	7	3	1	0:00:01.896503
4640	2	2	2	1	0:00:01.880089
4660	7	7	7	1	0:00:01.877336
4680	9	9	9	1	0:00:01.873103
4700	6	6	5	1	0:00:01.881547
4720	8	8	0	1	0:00:01.894358
4740	5	3	3	0	0:00:01.902468
4760	3	2	2	0	0:00:01.899507
4780	0	0	0	1	0:00:01.900946
4800	9	9	9	1	0:00:01.901383
4820	3	3	3	1	0:00:01.900897
4840	0	0	0	1	0:00:01.902454
4860	5	5	5	1	0:00:01.902354
4880	0	0	0	1	0:00:01.902504
4900	3	3	3	1	0:00:01.902960
4920	7	7	7	1	0:00:01.889745
4940	6	6	6	1	0:00:01.894018
4960	4	4	4	1	0:00:01.892191
4980	1	1	1	1	0:00:01.896131
5000	7	7	7	1	0:00:01.898950
5020	8	8	8	1	0:00:01.909796
5040	3	3	3	1	0:00:01.908755
5060	6	6	6	1	0:00:01.926166
5080	7	4	4	0	0:00:01.903131
5100	3	3	3	1	0:00:01.894437
5120	9	9	9	1	0:00:01.911304
5140	8	8	8	1	0:00:01.902512
5160	0	0	0	1	0:00:01.907233
5180	9	7	7	0	0:00:01.898733
5200	3	3	3	1	0:00:01.908599
5220	0	0	0	1	0:00:01.895494
5240	1	1	1	1	0:00:01.890057
5260	0	0	0	1	0:00:01.888586
5280	0	-1	2	0	0:00:01.915227
5300	9	9	9	1	0:00:01.900856
5320	7	7	7	1	0:00:01.902460
5340	3	3	3	1	0:00:01.896796
5360	9	9	9	1	0:00:01.899303
5380	1	1	1	1	0:00:01.899718
5400	9	9	9	1	0:00:01.904857
5420	6	6	6	1	0:00:01.885544
5440	9	9	9	1	0:00:01.896809
5460	0	0	0	1	0:00:01.878697
5480	1	1	1	1	0:00:01.881146
5500	8	8	8	1	0:00:01.885597
5520	4	4	4	1	0:00:01.874512
5540	5	5	5	1	0:00:01.883690
5560	3	6	6	0	0:00:01.870302
5580	5	3	3	0	0:00:01.883174
5600	6	5	5	0	0:00:01.880075
5620	3	6	6	0	0:00:01.910680
5640	2	2	2	1	0:00:01.871867
5660	9	9	9	1	0:00:01.878638
5680	2	4	0	0	0:00:01.876461
5700	3	5	5	0	0:00:01.888156
5720	9	9	9	1	0:00:01.879236
5740	6	6	6	1	0:00:01.877580
5760	2	2	2	1	0:00:01.881200
5780	7	7	7	1	0:00:01.881437
5800	2	2	2	1	0:00:01.885304
5820	5	5	5	1	0:00:01.852239
5840	2	-1	5	0	0:00:01.865265
5860	0	0	2	1	0:00:01.856824
5880	0	0	0	1	0:00:01.849085
5900	4	3	3	0	0:00:01.836036
5920	8	8	8	1	0:00:01.882231
5940	7	3	3	0	0:00:01.879812
5960	2	6	6	0	0:00:01.889210
5980	9	9	9	1	0:00:01.885598
6000	8	8	8	1	0:00:01.883943
6020	6	6	6	1	0:00:01.884894
6040	2	3	7	0	0:00:01.904665
6060	3	4	3	0	0:00:01.895712
6080	1	1	1	1	0:00:01.902692
6100	1	1	1	1	0:00:01.893424
6120	5	5	5	1	0:00:01.888470
6140	9	9	9	1	0:00:01.902145
6160	2	2	2	1	0:00:01.897305
6180	0	0	0	1	0:00:01.912007
6200	3	3	3	1	0:00:01.898336
6220	2	2	2	1	0:00:01.887273
6240	2	2	2	1	0:00:01.885875
6260	2	2	2	1	0:00:01.889087
6280	8	8	8	1	0:00:01.893011
6300	1	1	1	1	0:00:01.899126
6320	0	0	0	1	0:00:01.906237
6340	3	4	4	0	0:00:01.903371
6360	2	2	2	1	0:00:01.891354
6380	3	3	3	1	0:00:01.890594
6400	0	0	0	1	0:00:01.909239
6420	7	7	7	1	0:00:01.905219
6440	3	3	5	1	0:00:01.909226
6460	3	3	3	1	0:00:01.905533
6480	0	0	0	1	0:00:01.893126
6500	7	6	0	0	0:00:01.889164
6520	6	6	6	1	0:00:01.898110
6540	8	8	8	1	0:00:01.871320
6560	6	-1	4	0	0:00:01.884367
6580	1	1	1	1	0:00:01.888395
6600	7	7	7	1	0:00:01.880846
6620	7	7	7	1	0:00:01.894833
6640	5	3	3	0	0:00:01.884916
6660	0	0	0	1	0:00:01.884784
6680	3	5	3	0	0:00:01.889593
6700	6	6	6	1	0:00:01.890476
6720	2	6	2	0	0:00:01.884038
6740	2	3	3	0	0:00:01.910747
6760	5	5	5	1	0:00:01.894619
6780	7	7	7	1	0:00:01.885009
6800	6	6	3	1	0:00:01.902572
6820	1	1	1	1	0:00:01.919072
6840	9	9	9	1	0:00:01.899054
6860	0	0	0	1	0:00:01.878805
6880	2	2	2	1	0:00:01.879354
6900	3	3	3	1	0:00:01.877639
6920	5	6	6	0	0:00:01.877010
6940	1	1	1	1	0:00:01.867861
6960	9	9	9	1	0:00:01.894345
6980	0	0	0	1	0:00:01.878560
7000	2	8	8	0	0:00:01.883205
7020	7	7	7	1	0:00:01.875445
7040	7	0	0	0	0:00:01.871082
7060	8	8	8	1	0:00:01.898982
7080	5	4	4	0	0:00:01.879727
7100	9	3	3	0	0:00:01.870289
7120	7	7	7	1	0:00:01.879851
7140	4	2	2	0	0:00:01.888455
7160	5	5	5	1	0:00:01.879860
7180	6	6	6	1	0:00:01.877808
7200	4	4	4	1	0:00:01.865770
7220	9	9	9	1	0:00:01.867894
7240	0	0	8	1	0:00:01.872156
7260	1	1	1	1	0:00:01.892521
7280	1	9	9	0	0:00:01.888365
7300	3	5	3	0	0:00:01.914835
7320	8	8	8	1	0:00:01.883595
7340	2	-1	2	0	0:00:01.884259
7360	2	2	2	1	0:00:01.890801
7380	7	7	7	1	0:00:01.890664
7400	3	3	3	1	0:00:01.919543
7420	3	3	3	1	0:00:01.916445
7440	3	3	3	1	0:00:01.908334
7460	5	5	5	1	0:00:01.918333
7480	1	1	1	1	0:00:01.919078
7500	6	6	6	1	0:00:01.910820
7520	4	4	4	1	0:00:01.904354
7540	5	5	5	1	0:00:01.894394
7560	0	0	0	1	0:00:01.906457
7580	8	8	8	1	0:00:01.897502
7600	8	5	5	0	0:00:01.907161
7620	5	3	3	0	0:00:01.901749
7640	9	-1	8	0	0:00:01.899611
7660	7	7	7	1	0:00:01.894361
7680	3	5	5	0	0:00:01.893909
7700	6	6	6	1	0:00:01.901510
7720	5	5	3	1	0:00:01.880712
7740	4	4	4	1	0:00:01.892276
7760	2	9	9	0	0:00:01.886832
7780	3	8	8	0	0:00:01.897326
7800	0	0	0	1	0:00:01.901130
7820	5	3	3	0	0:00:01.896899
7840	1	1	1	1	0:00:01.886889
7860	8	8	8	1	0:00:01.918026
7880	0	0	0	1	0:00:01.893749
7900	0	0	0	1	0:00:01.891615
7920	9	9	9	1	0:00:01.907698
7940	2	2	2	1	0:00:01.892401
7960	0	0	0	1	0:00:01.893862
7980	3	3	3	1	0:00:01.886720
8000	9	9	9	1	0:00:01.898148
8020	6	7	7	0	0:00:01.891734
8040	2	2	2	1	0:00:01.899413
8060	6	6	6	1	0:00:01.901436
8080	4	4	3	1	0:00:01.903710
8100	6	6	6	1	0:00:01.890066
8120	8	8	8	1	0:00:01.910986
8140	5	7	5	0	0:00:01.911557
8160	6	6	6	1	0:00:01.920976
8180	4	2	2	0	0:00:01.916064
8200	3	7	7	0	0:00:01.908735
8220	6	6	6	1	0:00:01.903936
8240	7	7	7	1	0:00:01.913687
8260	1	1	1	1	0:00:01.909044
8280	4	4	4	1	0:00:01.921335
8300	5	5	5	1	0:00:01.918903
8320	7	7	7	1	0:00:01.927944
8340	5	5	5	1	0:00:01.905797
8360	7	7	7	1	0:00:01.905362
8380	9	9	9	1	0:00:01.914836
8400	0	0	0	1	0:00:01.902177
8420	3	6	6	0	0:00:01.907613
8440	5	3	3	0	0:00:01.896320
8460	8	8	8	1	0:00:01.891801
8480	2	2	2	1	0:00:01.890233
8500	4	4	4	1	0:00:01.894652
8520	8	8	8	1	0:00:01.899388
8540	4	2	2	0	0:00:01.919429
8560	7	7	7	1	0:00:01.902444
8580	3	5	5	0	0:00:01.883086
8600	3	5	5	0	0:00:01.908747
8620	3	3	3	1	0:00:01.899630
8640	1	1	1	1	0:00:01.896842
8660	7	7	7	1	0:00:01.889764
8680	3	5	5	0	0:00:01.888865
8700	3	3	3	1	0:00:01.895355
8720	2	0	0	0	0:00:01.892291
8740	2	5	5	0	0:00:01.882725
8760	8	8	8	1	0:00:01.852188
8780	4	7	4	0	0:00:01.857092
8800	0	0	0	1	0:00:01.846718
8820	2	2	2	1	0:00:01.846497
8840	2	2	2	1	0:00:01.847710
8860	2	2	2	1	0:00:01.862957
8880	1	1	1	1	0:00:01.876389
8900	2	2	2	1	0:00:01.886133
8920	6	6	6	1	0:00:01.885404
8940	6	3	3	0	0:00:01.876789
8960	0	2	2	0	0:00:01.892991
8980	9	9	9	1	0:00:01.901743
9000	8	8	8	1	0:00:01.877690
9020	7	7	7	1	0:00:01.886122
9040	2	5	5	0	0:00:01.894684
9060	9	9	9	1	0:00:01.882592
9080	3	3	3	1	0:00:01.891949
9100	9	1	1	0	0:00:01.881011
9120	3	5	5	0	0:00:01.890084
9140	7	7	7	1	0:00:01.874919
9160	5	3	3	0	0:00:01.892423
9180	5	5	5	1	0:00:01.884767
9200	8	8	8	1	0:00:01.897473
9220	8	8	8	1	0:00:01.892965
9240	8	8	8	1	0:00:01.888751
9260	5	3	3	0	0:00:01.891050
9280	9	9	9	1	0:00:01.888202
9300	5	3	3	0	0:00:01.885955
9320	9	9	9	1	0:00:01.907192
9340	1	1	1	1	0:00:01.894312
9360	5	0	0	0	0:00:01.883674
9380	5	3	3	0	0:00:01.881757
9400	6	6	6	1	0:00:01.886074
9420	5	5	5	1	0:00:01.897552
9440	8	8	8	1	0:00:01.863032
9460	3	3	3	1	0:00:01.881671
9480	2	2	2	1	0:00:01.898006
9500	9	9	9	1	0:00:01.896700
9520	1	1	1	1	0:00:01.893164
9540	5	5	5	1	0:00:01.897308
9560	9	7	7	0	0:00:01.885976
9580	1	1	1	1	0:00:01.899776
9600	8	8	8	1	0:00:01.909441
9620	4	4	4	1	0:00:01.871454
9640	5	5	5	1	0:00:01.891316
9660	6	6	6	1	0:00:01.887924
9680	8	8	8	1	0:00:01.897083
9700	0	0	0	1	0:00:01.883545
9720	8	8	8	1	0:00:01.895218
9740	3	6	6	0	0:00:01.880303
9760	9	9	9	1	0:00:01.913886
9780	4	4	4	1	0:00:01.896052
9800	1	1	1	1	0:00:01.881960
9820	0	8	8	0	0:00:01.898704
9840	4	7	7	0	0:00:01.909128
9860	0	0	0	1	0:00:01.872768
9880	7	7	7	1	0:00:01.892974
9900	8	8	8	1	0:00:01.872690
9920	6	6	6	1	0:00:01.883353
9940	4	4	4	1	0:00:01.862371
9960	2	0	0	0	0:00:01.872571
9980	0	0	0	1	0:00:01.854830
