idx	label	predict	basePredict	correct	time
0	3	2	2	0	0:00:02.903856
20	7	1	1	0	0:00:02.771771
40	4	8	8	0	0:00:02.828901
60	7	2	2	0	0:00:02.774366
80	8	8	8	1	0:00:02.830415
100	4	3	3	0	0:00:02.827556
120	8	0	0	0	0:00:02.815293
140	6	2	2	0	0:00:02.784220
160	2	0	0	0	0:00:02.824960
180	0	8	8	0	0:00:02.753709
200	5	3	3	0	0:00:02.771873
220	7	7	4	1	0:00:02.807133
240	1	1	8	1	0:00:02.763275
260	8	3	6	0	0:00:02.803177
280	9	9	8	1	0:00:02.751293
300	6	4	4	0	0:00:02.800952
320	3	2	4	0	0:00:02.771188
340	2	4	4	0	0:00:02.818079
360	9	6	4	0	0:00:02.815858
380	6	4	4	0	0:00:02.806410
400	9	9	8	1	0:00:02.823883
420	4	6	6	0	0:00:02.797767
440	1	1	4	1	0:00:02.823298
460	5	3	4	0	0:00:02.787102
480	8	9	9	0	0:00:02.775054
500	4	6	6	0	0:00:02.765027
520	5	7	7	0	0:00:02.793159
540	1	8	8	0	0:00:02.757625
560	0	8	8	0	0:00:02.795904
580	4	6	4	0	0:00:02.751559
600	8	0	4	0	0:00:02.762880
620	7	2	2	0	0:00:02.825417
640	5	3	3	0	0:00:02.812501
660	9	9	8	1	0:00:02.777947
680	9	7	4	0	0:00:02.767318
700	7	7	4	1	0:00:02.800319
720	4	9	7	0	0:00:02.772853
740	2	5	3	0	0:00:02.772929
760	3	9	4	0	0:00:02.743085
780	9	0	2	0	0:00:02.741714
800	7	7	7	1	0:00:02.778614
820	6	1	8	0	0:00:02.816795
840	7	7	7	1	0:00:02.744299
860	4	4	4	1	0:00:02.813079
880	8	8	8	1	0:00:02.817699
900	2	4	4	0	0:00:02.816683
920	6	2	2	0	0:00:02.775578
940	9	9	6	1	0:00:02.826117
960	9	9	2	1	0:00:02.761045
980	2	6	6	0	0:00:02.839582
1000	5	5	8	1	0:00:02.077359
1020	1	-1	8	0	0:00:02.047453
1040	7	5	5	0	0:00:02.041080
1060	9	9	8	1	0:00:02.039754
1080	6	3	3	0	0:00:02.040849
1100	7	8	8	0	0:00:02.052815
1120	5	2	2	0	0:00:02.045472
1140	6	4	4	0	0:00:02.046554
1160	8	0	0	0	0:00:02.040175
1180	3	8	8	0	0:00:02.050704
1200	8	0	0	0	0:00:02.054154
1220	9	6	2	0	0:00:02.043857
1240	2	6	6	0	0:00:02.050874
1260	1	9	9	0	0:00:02.052701
1280	3	7	7	0	0:00:02.049771
1300	4	3	3	0	0:00:02.045244
1320	7	2	2	0	0:00:02.042659
1340	1	8	8	0	0:00:02.043638
1360	7	7	4	1	0:00:02.045115
1380	4	5	5	0	0:00:02.043722
1400	5	2	2	0	0:00:02.052300
1420	4	7	7	0	0:00:02.032594
1440	0	8	8	0	0:00:02.043963
1460	6	-1	4	0	0:00:02.043402
1480	1	5	5	0	0:00:02.031581
1500	1	9	8	0	0:00:02.075030
1520	7	6	2	0	0:00:02.054249
1540	8	8	2	1	0:00:02.053600
1560	7	7	7	1	0:00:02.035529
1580	6	1	1	0	0:00:02.075017
1600	8	6	6	0	0:00:02.047392
1620	5	8	8	0	0:00:02.039201
1640	7	5	3	0	0:00:02.038471
1660	3	4	4	0	0:00:02.036408
1680	6	6	6	1	0:00:02.044792
1700	5	2	2	0	0:00:02.051542
1720	4	2	2	0	0:00:02.092820
1740	1	9	9	0	0:00:02.099558
1760	0	8	8	0	0:00:02.060177
1780	7	8	8	0	0:00:02.098573
1800	4	8	8	0	0:00:02.070373
1820	8	9	9	0	0:00:02.101445
1840	8	6	4	0	0:00:02.105185
1860	8	8	8	1	0:00:02.103369
1880	1	8	8	0	0:00:02.104624
1900	8	8	8	1	0:00:02.038258
1920	2	5	2	0	0:00:02.047332
1940	5	3	2	0	0:00:02.044277
1960	2	5	5	0	0:00:02.042435
1980	9	9	2	1	0:00:02.043241
2000	1	6	4	0	0:00:02.045578
2020	9	9	1	1	0:00:02.047169
2040	0	8	8	0	0:00:02.048758
2060	5	3	3	0	0:00:02.054634
2080	1	6	4	0	0:00:02.046964
2100	2	4	4	0	0:00:02.043733
2120	4	8	8	0	0:00:02.045307
2140	9	1	1	0	0:00:02.035555
2160	0	8	8	0	0:00:02.036477
2180	4	2	0	0	0:00:02.030760
2200	0	2	2	0	0:00:02.028280
2220	1	1	4	1	0:00:02.038123
2240	9	9	8	1	0:00:02.036013
2260	4	7	2	0	0:00:02.036624
2280	4	8	8	0	0:00:02.041905
2300	3	-1	4	0	0:00:02.041935
2320	5	8	8	0	0:00:02.067658
2340	7	7	0	1	0:00:02.041701
2360	7	5	3	0	0:00:02.042479
2380	8	0	0	0	0:00:02.054137
2400	0	4	4	0	0:00:02.046468
2420	8	5	5	0	0:00:02.102973
2440	7	8	8	0	0:00:02.134883
2460	9	3	2	0	0:00:02.095279
2480	8	8	8	1	0:00:02.038922
2500	4	2	2	0	0:00:02.035815
2520	1	8	8	0	0:00:02.040188
2540	2	3	3	0	0:00:02.035711
2560	7	-1	2	0	0:00:02.043396
2580	6	4	4	0	0:00:02.046109
2600	8	8	8	1	0:00:02.037331
2620	1	4	4	0	0:00:02.035808
2640	7	6	6	0	0:00:02.041252
2660	3	2	2	0	0:00:02.047824
2680	0	0	8	1	0:00:02.039145
2700	9	0	0	0	0:00:02.034608
2720	3	2	2	0	0:00:02.054274
2740	1	1	4	1	0:00:02.043776
2760	2	4	4	0	0:00:02.045396
2780	7	7	6	1	0:00:02.042062
2800	4	6	6	0	0:00:02.044038
2820	6	6	4	1	0:00:02.069850
2840	3	3	3	1	0:00:02.102293
2860	5	6	4	0	0:00:02.102953
2880	4	4	4	1	0:00:02.084056
2900	3	2	2	0	0:00:02.094807
2920	2	5	8	0	0:00:02.103341
2940	3	0	0	0	0:00:02.101102
2960	9	8	8	0	0:00:02.055828
2980	8	1	5	0	0:00:02.110543
3000	5	5	5	1	0:00:02.049874
3020	1	8	8	0	0:00:02.044824
3040	7	7	7	1	0:00:02.037417
3060	7	7	4	1	0:00:02.042316
3080	1	-1	2	0	0:00:02.038584
3100	0	0	8	1	0:00:02.039408
3120	4	6	2	0	0:00:02.036488
3140	8	0	8	0	0:00:02.043258
3160	6	4	4	0	0:00:02.038517
3180	3	-1	8	0	0:00:02.042034
3200	5	7	7	0	0:00:02.043004
3220	3	9	9	0	0:00:02.055276
3240	4	8	8	0	0:00:02.041690
3260	7	0	2	0	0:00:02.038403
3280	3	0	0	0	0:00:02.040153
3300	4	-1	3	0	0:00:02.043007
3320	2	7	8	0	0:00:02.039584
3340	6	4	4	0	0:00:02.037158
3360	4	6	6	0	0:00:02.038319
3380	8	1	4	0	0:00:02.042200
3400	6	4	4	0	0:00:02.041730
3420	5	4	4	0	0:00:02.056783
3440	2	9	3	0	0:00:02.055789
3460	1	1	4	1	0:00:02.040275
3480	2	2	2	1	0:00:02.044581
3500	1	1	4	1	0:00:02.039413
3520	1	1	8	1	0:00:02.044758
3540	6	6	4	1	0:00:02.054304
3560	1	7	7	0	0:00:02.039275
3580	4	1	8	0	0:00:02.055448
3600	4	2	2	0	0:00:02.107424
3620	0	6	6	0	0:00:02.057169
3640	6	2	2	0	0:00:02.042027
3660	0	8	8	0	0:00:02.044276
3680	0	2	2	0	0:00:02.047838
3700	3	4	4	0	0:00:02.045945
3720	2	2	2	1	0:00:02.042555
3740	0	8	8	0	0:00:02.042117
3760	7	7	4	1	0:00:02.040014
3780	4	2	2	0	0:00:02.048420
3800	9	3	4	0	0:00:02.048330
3820	0	2	2	0	0:00:02.046118
3840	6	8	8	0	0:00:02.047745
3860	7	7	7	1	0:00:02.052105
3880	6	4	4	0	0:00:02.043010
3900	3	1	1	0	0:00:02.042916
3920	7	8	8	0	0:00:02.047058
3940	6	7	4	0	0:00:02.044641
3960	2	5	5	0	0:00:02.045178
3980	9	7	7	0	0:00:02.040666
4000	8	7	4	0	0:00:02.042994
4020	8	1	1	0	0:00:02.045078
4040	0	-1	8	0	0:00:02.043625
4060	6	3	3	0	0:00:02.039713
4080	1	8	8	0	0:00:02.043988
4100	7	7	7	1	0:00:02.045979
4120	4	0	0	0	0:00:02.046533
4140	5	3	3	0	0:00:02.045311
4160	5	2	2	0	0:00:02.042617
4180	0	8	8	0	0:00:02.044633
4200	4	2	2	0	0:00:02.046385
4220	4	0	0	0	0:00:02.046696
4240	7	0	8	0	0:00:02.033730
4260	8	1	1	0	0:00:02.038102
4280	8	0	0	0	0:00:02.034538
4300	8	8	8	1	0:00:02.037420
4320	1	8	8	0	0:00:02.058003
4340	0	8	8	0	0:00:02.040421
4360	6	9	9	0	0:00:02.042022
4380	9	8	8	0	0:00:02.042303
4400	3	4	4	0	0:00:02.040486
4420	5	8	8	0	0:00:02.045362
4440	2	6	4	0	0:00:02.049299
4460	9	8	8	0	0:00:02.041456
4480	9	6	6	0	0:00:02.043017
4500	3	-1	4	0	0:00:02.049579
4520	3	6	6	0	0:00:02.045299
4540	9	9	1	1	0:00:02.042470
4560	1	-1	4	0	0:00:02.045203
4580	6	4	4	0	0:00:02.101447
4600	4	7	7	0	0:00:02.087611
4620	7	3	3	0	0:00:02.041243
4640	2	4	4	0	0:00:02.044731
4660	7	-1	2	0	0:00:02.040905
4680	9	1	6	0	0:00:02.053101
4700	6	1	4	0	0:00:02.042798
4720	8	0	0	0	0:00:02.043249
4740	5	4	4	0	0:00:02.040845
4760	3	2	4	0	0:00:02.040865
4780	0	8	8	0	0:00:02.042314
4800	9	9	9	1	0:00:02.046752
4820	3	5	5	0	0:00:02.058948
4840	0	0	6	1	0:00:02.047227
4860	5	3	8	0	0:00:02.047737
4880	0	2	2	0	0:00:02.045244
4900	3	6	6	0	0:00:02.047226
4920	7	-1	2	0	0:00:02.040269
4940	6	4	4	0	0:00:02.040311
4960	4	3	3	0	0:00:02.039900
4980	1	9	8	0	0:00:02.039427
5000	7	7	5	1	0:00:02.041231
5020	8	1	1	0	0:00:02.037747
5040	3	4	4	0	0:00:02.043317
5060	6	-1	4	0	0:00:02.039901
5080	7	7	7	1	0:00:02.043759
5100	3	-1	4	0	0:00:02.042240
5120	9	8	8	0	0:00:02.041458
5140	8	0	8	0	0:00:02.037486
5160	0	8	8	0	0:00:02.041975
5180	9	6	4	0	0:00:02.060850
5200	3	3	3	1	0:00:02.088212
5220	0	0	8	1	0:00:02.127091
5240	1	2	2	0	0:00:02.042939
5260	0	0	0	1	0:00:02.083624
5280	0	8	8	0	0:00:02.132192
5300	9	9	5	1	0:00:02.096032
5320	7	3	3	0	0:00:02.052806
5340	3	4	4	0	0:00:02.064128
5360	9	9	6	1	0:00:02.055778
5380	1	9	9	0	0:00:02.054037
5400	9	0	2	0	0:00:02.044923
5420	6	5	3	0	0:00:02.067461
5440	9	9	8	1	0:00:02.142161
5460	0	7	7	0	0:00:02.120510
5480	1	2	8	0	0:00:02.142717
5500	8	1	0	0	0:00:02.133944
5520	4	3	3	0	0:00:02.152068
5540	5	2	2	0	0:00:02.137023
5560	3	6	4	0	0:00:02.128392
5580	5	6	6	0	0:00:02.124820
5600	6	-1	0	0	0:00:02.094143
5620	3	2	2	0	0:00:02.133030
5640	2	5	3	0	0:00:02.071780
5660	9	8	8	0	0:00:02.122503
5680	2	8	8	0	0:00:02.057812
5700	3	2	2	0	0:00:02.040068
5720	9	9	7	1	0:00:02.042136
5740	6	4	4	0	0:00:02.042314
5760	2	0	8	0	0:00:02.047598
5780	7	7	4	1	0:00:02.041048
5800	2	-1	4	0	0:00:02.043620
5820	5	6	6	0	0:00:02.038450
5840	2	5	5	0	0:00:02.041120
5860	0	8	8	0	0:00:02.038169
5880	0	8	8	0	0:00:02.039892
5900	4	0	0	0	0:00:02.073080
5920	8	8	6	1	0:00:02.134716
5940	7	4	4	0	0:00:02.142422
5960	2	7	4	0	0:00:02.086823
5980	9	9	6	1	0:00:02.045405
6000	8	9	8	0	0:00:02.045821
6020	6	7	2	0	0:00:02.040992
6040	2	7	7	0	0:00:02.038093
6060	3	4	4	0	0:00:02.055481
6080	1	6	2	0	0:00:02.045660
6100	1	1	4	1	0:00:02.047571
6120	5	3	3	0	0:00:02.033693
6140	9	7	7	0	0:00:02.032505
6160	2	5	5	0	0:00:02.048156
6180	0	8	8	0	0:00:02.033566
6200	3	0	0	0	0:00:02.038174
6220	2	5	5	0	0:00:02.031033
6240	2	4	4	0	0:00:02.032318
6260	2	9	8	0	0:00:02.038787
6280	8	5	4	0	0:00:02.031991
6300	1	7	4	0	0:00:02.037245
6320	0	0	4	1	0:00:02.033365
6340	3	3	2	1	0:00:02.032163
6360	2	6	6	0	0:00:02.042324
6380	3	6	6	0	0:00:02.029675
6400	0	4	4	0	0:00:02.033264
6420	7	8	8	0	0:00:02.041285
6440	3	8	8	0	0:00:02.042539
6460	3	4	4	0	0:00:02.122137
6480	0	2	2	0	0:00:02.087569
6500	7	8	8	0	0:00:02.103191
6520	6	4	4	0	0:00:02.119230
6540	8	8	8	1	0:00:02.055922
6560	6	4	4	0	0:00:02.053650
6580	1	2	2	0	0:00:02.075433
6600	7	7	7	1	0:00:02.086867
6620	7	7	3	1	0:00:02.043511
6640	5	8	8	0	0:00:02.044402
6660	0	-1	8	0	0:00:02.055452
6680	3	5	5	0	0:00:02.044111
6700	6	-1	4	0	0:00:02.046354
6720	2	4	4	0	0:00:02.041924
6740	2	4	4	0	0:00:02.040855
6760	5	-1	2	0	0:00:02.040362
6780	7	7	4	1	0:00:02.037481
6800	6	4	4	0	0:00:02.041459
6820	1	1	8	1	0:00:02.038474
6840	9	9	4	1	0:00:02.036818
6860	0	2	2	0	0:00:02.035495
6880	2	6	6	0	0:00:02.042523
6900	3	7	4	0	0:00:02.035967
6920	5	2	2	0	0:00:02.051020
6940	1	1	4	1	0:00:02.042785
6960	9	8	8	0	0:00:02.050327
6980	0	1	1	0	0:00:02.037123
7000	2	8	8	0	0:00:02.044566
7020	7	1	8	0	0:00:02.056497
7040	7	8	8	0	0:00:02.083244
7060	8	0	0	0	0:00:02.090526
7080	5	4	4	0	0:00:02.108820
7100	9	3	3	0	0:00:02.054323
7120	7	6	6	0	0:00:02.053018
7140	4	3	3	0	0:00:02.046486
7160	5	4	4	0	0:00:02.042809
7180	6	6	5	1	0:00:02.038606
7200	4	6	6	0	0:00:02.041284
7220	9	8	8	0	0:00:02.044389
7240	0	8	8	0	0:00:02.053116
7260	1	8	8	0	0:00:02.072568
7280	1	6	2	0	0:00:02.037934
7300	3	7	4	0	0:00:02.045868
7320	8	0	0	0	0:00:02.036453
7340	2	4	4	0	0:00:02.048982
7360	2	4	4	0	0:00:02.035485
7380	7	-1	5	0	0:00:02.041402
7400	3	5	5	0	0:00:02.038952
7420	3	0	0	0	0:00:02.038505
7440	3	2	2	0	0:00:02.038617
7460	5	5	5	1	0:00:02.048635
7480	1	-1	5	0	0:00:02.040016
7500	6	6	6	1	0:00:02.034498
7520	4	2	2	0	0:00:02.031001
7540	5	5	5	1	0:00:02.032793
7560	0	6	2	0	0:00:02.053872
7580	8	0	8	0	0:00:02.042154
7600	8	9	2	0	0:00:02.041352
7620	5	1	9	0	0:00:02.039714
7640	9	3	6	0	0:00:02.043196
7660	7	4	4	0	0:00:02.065894
7680	3	9	3	0	0:00:02.061038
7700	6	6	4	1	0:00:02.053027
7720	5	2	4	0	0:00:02.052073
7740	4	6	2	0	0:00:02.041019
7760	2	9	8	0	0:00:02.041947
7780	3	8	8	0	0:00:02.040583
7800	0	-1	8	0	0:00:02.043145
7820	5	8	8	0	0:00:02.044435
7840	1	1	1	1	0:00:02.047784
7860	8	4	4	0	0:00:02.041026
7880	0	4	2	0	0:00:02.039880
7900	0	4	2	0	0:00:02.037822
7920	9	8	8	0	0:00:02.050011
7940	2	6	4	0	0:00:02.044455
7960	0	3	3	0	0:00:02.044371
7980	3	-1	4	0	0:00:02.037167
8000	9	0	0	0	0:00:02.036385
8020	6	3	3	0	0:00:02.044173
8040	2	6	4	0	0:00:02.037546
8060	6	4	4	0	0:00:02.039808
8080	4	6	6	0	0:00:02.042495
8100	6	2	2	0	0:00:02.043747
8120	8	9	9	0	0:00:02.044504
8140	5	4	4	0	0:00:02.077519
8160	6	9	6	0	0:00:02.108762
8180	4	4	2	1	0:00:02.079947
8200	3	6	2	0	0:00:02.040092
8220	6	2	2	0	0:00:02.041040
8240	7	7	8	1	0:00:02.041357
8260	1	3	3	0	0:00:02.046213
8280	4	3	3	0	0:00:02.055529
8300	5	2	2	0	0:00:02.051194
8320	7	4	4	0	0:00:02.046922
8340	5	3	4	0	0:00:02.046483
8360	7	4	4	0	0:00:02.049417
8380	9	8	8	0	0:00:02.042717
8400	0	8	8	0	0:00:02.115804
8420	3	4	4	0	0:00:02.098135
8440	5	3	4	0	0:00:02.083166
8460	8	8	8	1	0:00:02.091581
8480	2	8	8	0	0:00:02.046075
8500	4	2	2	0	0:00:02.101790
8520	8	4	4	0	0:00:02.099871
8540	4	2	2	0	0:00:02.087704
8560	7	4	4	0	0:00:02.042867
8580	3	2	2	0	0:00:02.051013
8600	3	7	4	0	0:00:02.045043
8620	3	4	4	0	0:00:02.040551
8640	1	1	0	1	0:00:02.044099
8660	7	5	5	0	0:00:02.062268
8680	3	9	8	0	0:00:02.036031
8700	3	3	2	1	0:00:02.036666
8720	2	0	8	0	0:00:02.042524
8740	2	4	4	0	0:00:02.035972
8760	8	5	5	0	0:00:02.034261
8780	4	2	2	0	0:00:02.039726
8800	0	0	0	1	0:00:02.037924
8820	2	3	3	0	0:00:02.039755
8840	2	7	7	0	0:00:02.063485
8860	2	6	8	0	0:00:02.103431
8880	1	9	2	0	0:00:02.115793
8900	2	4	4	0	0:00:02.039306
8920	6	6	4	1	0:00:02.036808
8940	6	3	3	0	0:00:02.046550
8960	0	0	0	1	0:00:02.042375
8980	9	9	8	1	0:00:02.043953
9000	8	8	8	1	0:00:02.048243
9020	7	9	8	0	0:00:02.042948
9040	2	5	5	0	0:00:02.047353
9060	9	5	5	0	0:00:02.040028
9080	3	0	0	0	0:00:02.042296
9100	9	6	6	0	0:00:02.041882
9120	3	0	0	0	0:00:02.043593
9140	7	-1	8	0	0:00:02.044497
9160	5	7	4	0	0:00:02.046936
9180	5	5	5	1	0:00:02.048698
9200	8	8	8	1	0:00:02.037856
9220	8	8	8	1	0:00:02.040114
9240	8	8	2	1	0:00:02.043899
9260	5	6	4	0	0:00:02.038876
9280	9	8	8	0	0:00:02.042870
9300	5	2	2	0	0:00:02.042630
9320	9	8	8	0	0:00:02.040020
9340	1	1	1	1	0:00:02.060321
9360	5	-1	4	0	0:00:02.078781
9380	5	9	9	0	0:00:02.045498
9400	6	4	2	0	0:00:02.043185
9420	5	6	6	0	0:00:02.049781
9440	8	8	8	1	0:00:02.048100
9460	3	6	4	0	0:00:02.063164
9480	2	4	4	0	0:00:02.067616
9500	9	1	4	0	0:00:02.101991
9520	1	1	8	1	0:00:02.069134
9540	5	4	4	0	0:00:02.049319
9560	9	7	7	0	0:00:02.061089
9580	1	4	4	0	0:00:02.045870
9600	8	-1	8	0	0:00:02.043332
9620	4	2	2	0	0:00:02.035844
9640	5	6	6	0	0:00:02.042378
9660	6	6	6	1	0:00:02.039919
9680	8	8	8	1	0:00:02.039798
9700	0	2	2	0	0:00:02.041442
9720	8	6	6	0	0:00:02.040140
9740	3	4	4	0	0:00:02.034179
9760	9	7	4	0	0:00:02.039984
9780	4	6	6	0	0:00:02.042819
9800	1	1	1	1	0:00:02.039443
9820	0	8	8	0	0:00:02.045342
9840	4	3	3	0	0:00:02.042086
9860	0	2	2	0	0:00:02.036983
9880	7	4	8	0	0:00:02.038270
9900	8	6	6	0	0:00:02.038167
9920	6	4	2	0	0:00:02.041716
9940	4	6	6	0	0:00:02.039858
9960	2	0	0	0	0:00:02.029122
9980	0	0	4	1	0:00:02.032090
