idx	label	predict	basePredict	correct	time
0	3	3	3	1	0:00:04.432619
20	7	1	1	0	0:00:04.277827
40	4	4	4	1	0:00:04.266299
60	7	7	7	1	0:00:04.285058
80	8	8	8	1	0:00:04.272696
100	4	5	5	0	0:00:04.357011
120	8	8	8	1	0:00:04.279310
140	6	6	6	1	0:00:04.278517
160	2	2	2	1	0:00:04.269639
180	0	0	0	1	0:00:04.302269
200	5	5	5	1	0:00:04.300618
220	7	5	5	0	0:00:04.293265
240	1	1	1	1	0:00:04.285710
260	8	8	8	1	0:00:04.300478
280	9	9	9	1	0:00:04.275983
300	6	6	6	1	0:00:04.273098
320	3	3	3	1	0:00:04.271358
340	2	-1	2	0	0:00:04.277039
360	9	9	9	1	0:00:04.298588
380	6	6	6	1	0:00:04.285779
400	9	9	9	1	0:00:04.287517
420	4	4	4	1	0:00:04.309814
440	1	1	1	1	0:00:04.297209
460	5	5	5	1	0:00:04.290785
480	8	8	8	1	0:00:04.285014
500	4	6	6	0	0:00:04.294351
520	5	5	5	1	0:00:04.276327
540	1	1	1	1	0:00:04.289131
560	0	0	0	1	0:00:04.289866
580	4	4	4	1	0:00:04.284320
600	8	8	8	1	0:00:04.282028
620	7	7	7	1	0:00:04.281686
640	5	3	3	0	0:00:04.281500
660	9	9	9	1	0:00:04.275031
680	9	1	1	0	0:00:04.279121
700	7	7	7	1	0:00:04.271943
720	4	4	4	1	0:00:04.270704
740	2	3	2	0	0:00:04.287245
760	3	3	3	1	0:00:04.277299
780	9	9	9	1	0:00:04.283432
800	7	7	7	1	0:00:04.279838
820	6	6	5	1	0:00:04.289241
840	7	7	7	1	0:00:04.301655
860	4	4	4	1	0:00:04.280830
880	8	8	8	1	0:00:04.276169
900	2	6	6	0	0:00:04.277377
920	6	4	4	0	0:00:04.284214
940	9	9	9	1	0:00:04.291161
960	9	9	3	1	0:00:04.291500
980	2	6	2	0	0:00:04.279770
1000	5	5	5	1	0:00:04.199297
1020	1	1	1	1	0:00:04.194861
1040	7	3	3	0	0:00:04.198826
1060	9	9	9	1	0:00:04.200801
1080	6	6	2	1	0:00:04.202326
1100	7	7	7	1	0:00:04.201069
1120	5	2	2	0	0:00:04.194282
1140	6	6	6	1	0:00:04.196210
1160	8	8	8	1	0:00:04.200804
1180	3	3	3	1	0:00:04.197525
1200	8	8	8	1	0:00:04.198557
1220	9	3	3	0	0:00:04.202686
1240	2	2	2	1	0:00:04.195966
1260	1	9	9	0	0:00:04.196619
1280	3	5	5	0	0:00:04.198329
1300	4	3	3	0	0:00:04.194906
1320	7	7	7	1	0:00:04.196149
1340	1	1	1	1	0:00:04.200320
1360	7	7	7	1	0:00:04.200354
1380	4	4	4	1	0:00:04.190581
1400	5	5	5	1	0:00:04.194585
1420	4	4	7	1	0:00:04.198241
1440	0	2	2	0	0:00:04.193033
1460	6	6	6	1	0:00:04.199475
1480	1	1	1	1	0:00:04.201022
1500	1	1	1	1	0:00:04.195439
1520	7	7	7	1	0:00:04.194822
1540	8	8	8	1	0:00:04.199411
1560	7	7	7	1	0:00:04.198191
1580	6	6	3	1	0:00:04.196969
1600	8	9	9	0	0:00:04.198651
1620	5	4	4	0	0:00:04.204263
1640	7	7	7	1	0:00:04.205019
1660	3	3	3	1	0:00:04.201301
1680	6	6	6	1	0:00:04.199347
1700	5	3	3	0	0:00:04.200055
1720	4	4	3	1	0:00:04.198377
1740	1	1	1	1	0:00:04.198626
1760	0	0	0	1	0:00:04.198287
1780	7	7	7	1	0:00:04.199109
1800	4	4	4	1	0:00:04.196140
1820	8	8	8	1	0:00:04.200806
1840	8	4	4	0	0:00:04.196478
1860	8	8	8	1	0:00:04.200977
1880	1	1	1	1	0:00:04.197284
1900	8	8	8	1	0:00:04.199201
1920	2	2	2	1	0:00:04.200920
1940	5	5	2	1	0:00:04.199705
1960	2	5	5	0	0:00:04.198387
1980	9	9	9	1	0:00:04.202422
2000	1	1	1	1	0:00:04.207180
2020	9	9	9	1	0:00:04.201747
2040	0	0	0	1	0:00:04.197270
2060	5	3	3	0	0:00:04.201789
2080	1	1	1	1	0:00:04.199944
2100	2	2	2	1	0:00:04.199807
2120	4	8	8	0	0:00:04.202535
2140	9	9	9	1	0:00:04.202590
2160	0	0	0	1	0:00:04.201213
2180	4	4	4	1	0:00:04.201974
2200	0	0	0	1	0:00:04.200007
2220	1	1	1	1	0:00:04.202486
2240	9	9	9	1	0:00:04.200507
2260	4	4	4	1	0:00:04.204931
2280	4	2	2	0	0:00:04.200997
2300	3	2	2	0	0:00:04.203424
2320	5	3	3	0	0:00:04.203154
2340	7	7	7	1	0:00:04.201723
2360	7	7	7	1	0:00:04.202472
2380	8	1	1	0	0:00:04.195637
2400	0	0	0	1	0:00:04.194973
2420	8	7	7	0	0:00:04.201140
2440	7	7	7	1	0:00:04.205826
2460	9	9	9	1	0:00:04.191535
2480	8	8	8	1	0:00:04.192003
2500	4	-1	2	0	0:00:04.196953
2520	1	0	0	0	0:00:04.202620
2540	2	2	2	1	0:00:04.207010
2560	7	7	7	1	0:00:04.201440
2580	6	6	6	1	0:00:04.206870
2600	8	8	8	1	0:00:04.207118
2620	1	1	1	1	0:00:04.207111
2640	7	7	7	1	0:00:04.205269
2660	3	3	3	1	0:00:04.203134
2680	0	0	0	1	0:00:04.198297
2700	9	1	1	0	0:00:04.203496
2720	3	3	3	1	0:00:04.200955
2740	1	1	1	1	0:00:04.201410
2760	2	2	2	1	0:00:04.202977
2780	7	7	7	1	0:00:04.203257
2800	4	4	4	1	0:00:04.207129
2820	6	6	6	1	0:00:04.202750
2840	3	3	3	1	0:00:04.201202
2860	5	5	5	1	0:00:04.197150
2880	4	4	4	1	0:00:04.196725
2900	3	2	2	0	0:00:04.202627
2920	2	2	2	1	0:00:04.198693
2940	3	0	0	0	0:00:04.202169
2960	9	0	0	0	0:00:04.201798
2980	8	8	8	1	0:00:04.199571
3000	5	5	5	1	0:00:04.195464
3020	1	1	1	1	0:00:04.198774
3040	7	7	7	1	0:00:04.202377
3060	7	7	7	1	0:00:04.201882
3080	1	1	1	1	0:00:04.207449
3100	0	0	0	1	0:00:04.200379
3120	4	4	4	1	0:00:04.202478
3140	8	8	8	1	0:00:04.207833
3160	6	2	2	0	0:00:04.208278
3180	3	6	3	0	0:00:04.204964
3200	5	5	5	1	0:00:04.199730
3220	3	9	3	0	0:00:04.201172
3240	4	1	1	0	0:00:04.199435
3260	7	7	7	1	0:00:04.224824
3280	3	3	3	1	0:00:04.197675
3300	4	4	4	1	0:00:04.198423
3320	2	2	2	1	0:00:04.203113
3340	6	6	6	1	0:00:04.199075
3360	4	4	4	1	0:00:04.198765
3380	8	8	8	1	0:00:04.200912
3400	6	4	4	0	0:00:04.201913
3420	5	3	3	0	0:00:04.206229
3440	2	3	3	0	0:00:04.203039
3460	1	1	1	1	0:00:04.204074
3480	2	2	2	1	0:00:04.204051
3500	1	9	9	0	0:00:04.203566
3520	1	1	1	1	0:00:04.246912
3540	6	6	3	1	0:00:04.206134
3560	1	9	9	0	0:00:04.202987
3580	4	4	4	1	0:00:04.203553
3600	4	3	3	0	0:00:04.201635
3620	0	0	0	1	0:00:04.199879
3640	6	6	6	1	0:00:04.200255
3660	0	0	0	1	0:00:04.200276
3680	0	0	0	1	0:00:04.201324
3700	3	3	3	1	0:00:04.201044
3720	2	2	2	1	0:00:04.198560
3740	0	0	0	1	0:00:04.201298
3760	7	7	7	1	0:00:04.205875
3780	4	4	4	1	0:00:04.202506
3800	9	9	9	1	0:00:04.202419
3820	0	8	8	0	0:00:04.204221
3840	6	8	4	0	0:00:04.204469
3860	7	7	7	1	0:00:04.200221
3880	6	6	6	1	0:00:04.198076
3900	3	3	3	1	0:00:04.198242
3920	7	7	7	1	0:00:04.201634
3940	6	4	4	0	0:00:04.206503
3960	2	2	2	1	0:00:04.202138
3980	9	2	9	0	0:00:04.205530
4000	8	2	2	0	0:00:04.200394
4020	8	8	8	1	0:00:04.201134
4040	0	0	0	1	0:00:04.198941
4060	6	6	6	1	0:00:04.199617
4080	1	1	1	1	0:00:04.207013
4100	7	7	7	1	0:00:04.200088
4120	4	4	4	1	0:00:04.198037
4140	5	5	5	1	0:00:04.202330
4160	5	5	5	1	0:00:04.203894
4180	0	0	8	1	0:00:04.203531
4200	4	4	4	1	0:00:04.201598
4220	4	0	0	0	0:00:04.203378
4240	7	7	7	1	0:00:04.202775
4260	8	8	8	1	0:00:04.204969
4280	8	0	0	0	0:00:04.204322
4300	8	8	8	1	0:00:04.203159
4320	1	9	1	0	0:00:04.204716
4340	0	0	0	1	0:00:04.206597
4360	6	6	6	1	0:00:04.205490
4380	9	9	9	1	0:00:04.198079
4400	3	5	5	0	0:00:04.197520
4420	5	5	5	1	0:00:04.205865
4440	2	2	2	1	0:00:04.207514
4460	9	9	9	1	0:00:04.205376
4480	9	9	9	1	0:00:04.206251
4500	3	3	3	1	0:00:04.207634
4520	3	3	3	1	0:00:04.203080
4540	9	9	9	1	0:00:04.205849
4560	1	1	1	1	0:00:04.207301
4580	6	6	6	1	0:00:04.204095
4600	4	4	4	1	0:00:04.204981
4620	7	7	3	1	0:00:04.206281
4640	2	2	2	1	0:00:04.202981
4660	7	7	7	1	0:00:04.206852
4680	9	9	9	1	0:00:04.203225
4700	6	6	5	1	0:00:04.203753
4720	8	8	0	1	0:00:04.200960
4740	5	3	3	0	0:00:04.203307
4760	3	2	2	0	0:00:04.202399
4780	0	0	0	1	0:00:04.199868
4800	9	9	9	1	0:00:04.203546
4820	3	3	3	1	0:00:04.204812
4840	0	0	0	1	0:00:04.204664
4860	5	5	5	1	0:00:04.207618
4880	0	0	0	1	0:00:04.204139
4900	3	3	3	1	0:00:04.207982
4920	7	7	7	1	0:00:04.203210
4940	6	6	6	1	0:00:04.204921
4960	4	4	4	1	0:00:04.203905
4980	1	1	1	1	0:00:04.207009
5000	7	7	7	1	0:00:04.206342
5020	8	8	8	1	0:00:04.203690
5040	3	3	3	1	0:00:04.205153
5060	6	6	6	1	0:00:04.207364
5080	7	4	4	0	0:00:04.204157
5100	3	3	3	1	0:00:04.208575
5120	9	9	9	1	0:00:04.207878
5140	8	8	8	1	0:00:04.204381
5160	0	0	0	1	0:00:04.205351
5180	9	7	7	0	0:00:04.202649
5200	3	3	3	1	0:00:04.206406
5220	0	0	0	1	0:00:04.207601
5240	1	1	1	1	0:00:04.204719
5260	0	0	0	1	0:00:04.209447
5280	0	4	0	0	0:00:04.209035
5300	9	9	9	1	0:00:04.206738
5320	7	7	7	1	0:00:04.202016
5340	3	3	3	1	0:00:04.205634
5360	9	9	9	1	0:00:04.206326
5380	1	1	1	1	0:00:04.207078
5400	9	9	9	1	0:00:04.204122
5420	6	6	6	1	0:00:04.210639
5440	9	9	9	1	0:00:04.205948
5460	0	0	0	1	0:00:04.210205
5480	1	1	1	1	0:00:04.205690
5500	8	8	8	1	0:00:04.204974
5520	4	4	3	1	0:00:04.208885
5540	5	5	3	1	0:00:04.196259
5560	3	6	6	0	0:00:04.201702
5580	5	3	3	0	0:00:04.205054
5600	6	5	5	0	0:00:04.201877
5620	3	6	6	0	0:00:04.201221
5640	2	2	2	1	0:00:04.203518
5660	9	9	9	1	0:00:04.204666
5680	2	4	0	0	0:00:04.197082
5700	3	5	5	0	0:00:04.197318
5720	9	9	9	1	0:00:04.206442
5740	6	6	6	1	0:00:04.203609
5760	2	2	2	1	0:00:04.200263
5780	7	7	7	1	0:00:04.203648
5800	2	2	2	1	0:00:04.206521
5820	5	5	5	1	0:00:04.202109
5840	2	5	5	0	0:00:04.198376
5860	0	0	2	1	0:00:04.201621
5880	0	0	0	1	0:00:04.202838
5900	4	3	3	0	0:00:04.196180
5920	8	8	8	1	0:00:04.197169
5940	7	3	3	0	0:00:04.203932
5960	2	6	6	0	0:00:04.201200
5980	9	9	9	1	0:00:04.203122
6000	8	8	8	1	0:00:04.201141
6020	6	6	6	1	0:00:04.205024
6040	2	3	7	0	0:00:04.200480
6060	3	4	3	0	0:00:04.200690
6080	1	1	1	1	0:00:04.203349
6100	1	1	1	1	0:00:04.202888
6120	5	5	5	1	0:00:04.201297
6140	9	9	9	1	0:00:04.203328
6160	2	2	2	1	0:00:04.200983
6180	0	0	0	1	0:00:04.199493
6200	3	3	3	1	0:00:04.203956
6220	2	2	2	1	0:00:04.201757
6240	2	2	2	1	0:00:04.205731
6260	2	2	2	1	0:00:04.203959
6280	8	8	8	1	0:00:04.206224
6300	1	1	1	1	0:00:04.206039
6320	0	0	0	1	0:00:04.204490
6340	3	4	4	0	0:00:04.203203
6360	2	2	2	1	0:00:04.199064
6380	3	3	3	1	0:00:04.202857
6400	0	0	0	1	0:00:04.202027
6420	7	7	7	1	0:00:04.204147
6440	3	5	5	0	0:00:04.206183
6460	3	3	3	1	0:00:04.202667
6480	0	0	0	1	0:00:04.207485
6500	7	6	0	0	0:00:04.205724
6520	6	6	6	1	0:00:04.202766
6540	8	8	8	1	0:00:04.206022
6560	6	-1	4	0	0:00:04.204753
6580	1	1	1	1	0:00:04.204651
6600	7	7	7	1	0:00:04.203750
6620	7	7	7	1	0:00:04.208111
6640	5	3	3	0	0:00:04.206094
6660	0	0	0	1	0:00:04.207331
6680	3	5	3	0	0:00:04.201051
6700	6	6	6	1	0:00:04.197456
6720	2	6	2	0	0:00:04.196508
6740	2	3	3	0	0:00:04.200122
6760	5	5	5	1	0:00:04.204916
6780	7	7	7	1	0:00:04.207908
6800	6	6	3	1	0:00:04.206100
6820	1	1	1	1	0:00:04.206807
6840	9	9	9	1	0:00:04.208962
6860	0	0	0	1	0:00:04.209199
6880	2	2	2	1	0:00:04.208039
6900	3	3	3	1	0:00:04.206585
6920	5	6	6	0	0:00:04.205395
6940	1	1	1	1	0:00:04.206802
6960	9	9	9	1	0:00:04.209487
6980	0	0	0	1	0:00:04.207037
7000	2	8	8	0	0:00:04.207370
7020	7	7	7	1	0:00:04.202646
7040	7	0	0	0	0:00:04.197437
7060	8	8	8	1	0:00:04.198963
7080	5	4	4	0	0:00:04.200366
7100	9	3	3	0	0:00:04.209478
7120	7	7	7	1	0:00:04.210718
7140	4	2	2	0	0:00:04.204275
7160	5	5	5	1	0:00:04.205199
7180	6	6	6	1	0:00:04.211129
7200	4	4	4	1	0:00:04.209909
7220	9	9	9	1	0:00:04.210289
7240	0	0	8	1	0:00:04.207086
7260	1	1	1	1	0:00:04.201003
7280	1	9	9	0	0:00:04.207503
7300	3	5	3	0	0:00:04.210108
7320	8	8	8	1	0:00:04.196090
7340	2	2	2	1	0:00:04.199427
7360	2	2	2	1	0:00:04.199897
7380	7	7	7	1	0:00:04.208657
7400	3	3	3	1	0:00:04.205682
7420	3	3	3	1	0:00:04.206104
7440	3	3	3	1	0:00:04.209552
7460	5	5	5	1	0:00:04.207182
7480	1	1	1	1	0:00:04.204976
7500	6	6	6	1	0:00:04.207070
7520	4	4	4	1	0:00:04.203103
7540	5	5	5	1	0:00:04.207457
7560	0	0	0	1	0:00:04.204900
7580	8	8	8	1	0:00:04.206154
7600	8	5	5	0	0:00:04.206213
7620	5	3	3	0	0:00:04.207501
7640	9	8	8	0	0:00:04.206381
7660	7	7	7	1	0:00:04.205916
7680	3	5	5	0	0:00:04.202447
7700	6	6	6	1	0:00:04.203887
7720	5	5	3	1	0:00:04.200207
7740	4	4	4	1	0:00:04.203501
7760	2	9	9	0	0:00:04.206531
7780	3	8	8	0	0:00:04.206146
7800	0	0	0	1	0:00:04.203262
7820	5	3	3	0	0:00:04.203214
7840	1	1	1	1	0:00:04.202522
7860	8	8	8	1	0:00:04.201443
7880	0	0	0	1	0:00:04.205548
7900	0	0	0	1	0:00:04.204975
7920	9	9	9	1	0:00:04.202110
7940	2	2	2	1	0:00:04.203163
7960	0	0	0	1	0:00:04.203852
7980	3	3	3	1	0:00:04.203174
8000	9	9	9	1	0:00:04.203500
8020	6	7	7	0	0:00:04.197976
8040	2	2	2	1	0:00:04.201233
8060	6	6	6	1	0:00:04.195426
8080	4	4	3	1	0:00:04.193839
8100	6	6	6	1	0:00:04.201243
8120	8	8	8	1	0:00:04.206616
8140	5	7	5	0	0:00:04.208497
8160	6	6	6	1	0:00:04.206427
8180	4	2	2	0	0:00:04.204884
8200	3	7	7	0	0:00:04.205509
8220	6	6	6	1	0:00:04.205729
8240	7	7	7	1	0:00:04.205339
8260	1	1	1	1	0:00:04.203287
8280	4	4	4	1	0:00:04.203740
8300	5	5	5	1	0:00:04.200173
8320	7	7	7	1	0:00:04.208420
8340	5	5	5	1	0:00:04.207218
8360	7	7	7	1	0:00:04.205226
8380	9	9	9	1	0:00:04.212009
8400	0	0	0	1	0:00:04.212872
8420	3	6	6	0	0:00:04.210878
8440	5	3	3	0	0:00:04.214552
8460	8	8	8	1	0:00:04.209414
8480	2	2	2	1	0:00:04.204305
8500	4	4	4	1	0:00:04.206144
8520	8	8	8	1	0:00:04.201327
8540	4	2	2	0	0:00:04.204840
8560	7	7	7	1	0:00:04.203927
8580	3	5	5	0	0:00:04.206958
8600	3	5	5	0	0:00:04.201967
8620	3	3	3	1	0:00:04.206690
8640	1	1	1	1	0:00:04.204125
8660	7	7	7	1	0:00:04.204486
8680	3	5	5	0	0:00:04.205238
8700	3	3	3	1	0:00:04.204694
8720	2	0	0	0	0:00:04.205590
8740	2	5	5	0	0:00:04.207341
8760	8	8	8	1	0:00:04.207208
8780	4	7	4	0	0:00:04.208332
8800	0	0	0	1	0:00:04.206900
8820	2	2	2	1	0:00:04.208702
8840	2	2	2	1	0:00:04.206717
8860	2	2	2	1	0:00:04.209943
8880	1	1	1	1	0:00:04.209962
8900	2	2	2	1	0:00:04.206573
8920	6	6	6	1	0:00:04.200044
8940	6	3	3	0	0:00:04.201097
8960	0	2	2	0	0:00:04.194285
8980	9	9	9	1	0:00:04.198579
9000	8	8	8	1	0:00:04.196505
9020	7	7	7	1	0:00:04.200839
9040	2	5	5	0	0:00:04.195896
9060	9	9	9	1	0:00:04.202054
9080	3	3	3	1	0:00:04.194215
9100	9	1	1	0	0:00:04.193775
9120	3	5	5	0	0:00:04.194931
9140	7	7	7	1	0:00:04.194933
9160	5	3	3	0	0:00:04.196667
9180	5	5	5	1	0:00:04.199564
9200	8	8	8	1	0:00:04.194931
9220	8	8	8	1	0:00:04.198830
9240	8	8	8	1	0:00:04.195903
9260	5	3	3	0	0:00:04.196652
9280	9	9	9	1	0:00:04.197664
9300	5	3	3	0	0:00:04.199272
9320	9	9	9	1	0:00:04.201390
9340	1	1	1	1	0:00:04.201401
9360	5	0	0	0	0:00:04.199676
9380	5	3	3	0	0:00:04.199013
9400	6	6	6	1	0:00:04.196691
9420	5	5	5	1	0:00:04.201536
9440	8	8	8	1	0:00:04.197845
9460	3	3	3	1	0:00:04.196837
9480	2	2	2	1	0:00:04.197634
9500	9	9	9	1	0:00:04.197827
9520	1	1	1	1	0:00:04.197106
9540	5	5	3	1	0:00:04.198442
9560	9	7	7	0	0:00:04.197755
9580	1	1	1	1	0:00:04.202158
9600	8	8	8	1	0:00:04.197540
9620	4	4	4	1	0:00:04.200368
9640	5	5	5	1	0:00:04.199539
9660	6	6	6	1	0:00:04.200162
9680	8	8	8	1	0:00:04.198694
9700	0	0	0	1	0:00:04.196799
9720	8	8	8	1	0:00:04.196848
9740	3	6	6	0	0:00:04.196974
9760	9	9	9	1	0:00:04.196710
9780	4	4	2	1	0:00:04.196892
9800	1	1	1	1	0:00:04.197035
9820	0	8	8	0	0:00:04.198620
9840	4	7	7	0	0:00:04.197569
9860	0	0	0	1	0:00:04.198082
9880	7	7	7	1	0:00:04.198646
9900	8	8	8	1	0:00:04.196398
9920	6	6	6	1	0:00:04.195820
9940	4	4	4	1	0:00:04.197036
9960	2	0	0	0	0:00:04.199132
9980	0	0	0	1	0:00:04.199633
