idx	label	predict	basePredict	correct	time
0	3	6	6	0	0:00:16.948480
20	7	9	9	0	0:00:15.746601
40	4	8	8	0	0:00:15.730496
60	7	2	2	0	0:00:15.810737
80	8	8	8	1	0:00:15.821337
100	4	5	5	0	0:00:15.897708
120	8	8	8	1	0:00:15.920335
140	6	2	2	0	0:00:15.853286
160	2	0	0	0	0:00:15.732606
180	0	0	0	1	0:00:15.803499
200	5	3	3	0	0:00:15.762560
220	7	7	7	1	0:00:15.790613
240	1	1	1	1	0:00:15.691898
260	8	5	5	0	0:00:15.691848
280	9	9	9	1	0:00:15.706015
300	6	4	4	0	0:00:15.723590
320	3	4	2	0	0:00:15.769514
340	2	4	4	0	0:00:15.939497
360	9	6	6	0	0:00:15.728352
380	6	6	6	1	0:00:15.788074
400	9	9	9	1	0:00:15.767103
420	4	6	6	0	0:00:15.787194
440	1	1	2	1	0:00:15.670426
460	5	5	5	1	0:00:15.913254
480	8	9	9	0	0:00:15.720771
500	4	6	6	0	0:00:15.704852
520	5	7	7	0	0:00:15.754703
540	1	8	8	0	0:00:15.824884
560	0	0	0	1	0:00:15.869627
580	4	6	6	0	0:00:15.756263
600	8	8	8	1	0:00:15.877410
620	7	6	6	0	0:00:15.757628
640	5	6	6	0	0:00:16.139433
660	9	9	9	1	0:00:15.841960
680	9	9	9	1	0:00:15.802112
700	7	7	7	1	0:00:15.710099
720	4	9	9	0	0:00:15.688538
740	2	5	5	0	0:00:15.791475
760	3	9	9	0	0:00:15.806014
780	9	-1	0	0	0:00:15.791688
800	7	7	7	1	0:00:15.994399
820	6	9	9	0	0:00:15.847089
840	7	7	7	1	0:00:15.712236
860	4	6	6	0	0:00:15.668025
880	8	8	8	1	0:00:15.783801
900	2	6	6	0	0:00:15.960668
920	6	2	2	0	0:00:15.959480
940	9	1	6	0	0:00:16.411662
960	9	9	9	1	0:00:16.096876
980	2	6	6	0	0:00:15.912600
1000	5	5	5	1	0:00:14.979328
1020	1	8	8	0	0:00:14.968713
1040	7	5	5	0	0:00:14.951913
1060	9	8	8	0	0:00:14.970345
1080	6	6	6	1	0:00:14.945606
1100	7	8	8	0	0:00:14.986048
1120	5	2	8	0	0:00:14.951703
1140	6	4	4	0	0:00:15.009748
1160	8	0	0	0	0:00:14.953141
1180	3	9	9	0	0:00:14.955647
1200	8	0	0	0	0:00:15.029856
1220	9	2	2	0	0:00:15.003699
1240	2	6	6	0	0:00:15.009129
1260	1	9	9	0	0:00:14.963415
1280	3	7	7	0	0:00:14.951956
1300	4	6	6	0	0:00:14.923588
1320	7	0	0	0	0:00:14.947159
1340	1	1	1	1	0:00:15.028499
1360	7	9	5	0	0:00:14.945796
1380	4	5	5	0	0:00:14.952582
1400	5	4	2	0	0:00:14.939495
1420	4	7	7	0	0:00:14.984953
1440	0	8	8	0	0:00:14.963430
1460	6	6	6	1	0:00:14.956936
1480	1	5	5	0	0:00:14.937417
1500	1	9	9	0	0:00:14.959460
1520	7	6	6	0	0:00:14.963098
1540	8	8	8	1	0:00:15.014927
1560	7	7	7	1	0:00:14.954735
1580	6	1	1	0	0:00:14.966356
1600	8	9	6	0	0:00:14.945054
1620	5	8	8	0	0:00:14.989803
1640	7	5	5	0	0:00:14.952346
1660	3	5	4	0	0:00:14.954704
1680	6	6	6	1	0:00:14.956048
1700	5	2	2	0	0:00:14.987477
1720	4	0	0	0	0:00:14.959321
1740	1	9	9	0	0:00:15.004810
1760	0	8	8	0	0:00:14.958803
1780	7	8	8	0	0:00:14.951983
1800	4	8	8	0	0:00:14.967602
1820	8	9	9	0	0:00:14.969250
1840	8	7	7	0	0:00:14.960376
1860	8	8	8	1	0:00:14.991354
1880	1	1	8	1	0:00:14.977885
1900	8	8	8	1	0:00:14.964784
1920	2	7	4	0	0:00:14.991692
1940	5	2	2	0	0:00:14.988020
1960	2	5	5	0	0:00:14.977201
1980	9	9	9	1	0:00:14.967035
2000	1	6	6	0	0:00:14.980106
2020	9	9	9	1	0:00:14.997689
2040	0	8	8	0	0:00:15.008417
2060	5	5	5	1	0:00:14.970680
2080	1	6	4	0	0:00:14.972815
2100	2	4	4	0	0:00:15.028347
2120	4	8	8	0	0:00:14.989785
2140	9	9	1	1	0:00:15.002190
2160	0	8	8	0	0:00:14.939438
2180	4	6	6	0	0:00:15.017735
2200	0	0	0	1	0:00:14.981844
2220	1	1	1	1	0:00:15.042145
2240	9	9	9	1	0:00:14.967298
2260	4	1	4	0	0:00:15.016385
2280	4	8	8	0	0:00:15.052051
2300	3	6	6	0	0:00:14.958374
2320	5	8	8	0	0:00:14.969482
2340	7	9	7	0	0:00:14.977985
2360	7	7	7	1	0:00:14.947713
2380	8	8	8	1	0:00:14.954506
2400	0	0	0	1	0:00:14.952566
2420	8	5	5	0	0:00:14.975901
2440	7	1	1	0	0:00:15.025277
2460	9	6	6	0	0:00:14.951722
2480	8	8	8	1	0:00:14.970050
2500	4	6	4	0	0:00:14.954909
2520	1	8	8	0	0:00:14.953291
2540	2	3	3	0	0:00:14.982303
2560	7	4	4	0	0:00:15.010576
2580	6	4	4	0	0:00:14.952567
2600	8	8	8	1	0:00:14.982102
2620	1	6	6	0	0:00:14.970111
2640	7	7	7	1	0:00:14.985652
2660	3	0	0	0	0:00:14.957224
2680	0	0	0	1	0:00:14.951256
2700	9	9	0	1	0:00:14.950870
2720	3	8	8	0	0:00:14.957943
2740	1	1	1	1	0:00:14.936089
2760	2	6	6	0	0:00:14.961866
2780	7	7	7	1	0:00:14.953239
2800	4	6	6	0	0:00:14.957836
2820	6	6	6	1	0:00:14.968371
2840	3	3	3	1	0:00:14.978404
2860	5	7	7	0	0:00:14.967365
2880	4	4	4	1	0:00:14.979365
2900	3	5	5	0	0:00:14.963767
2920	2	8	8	0	0:00:14.970842
2940	3	8	8	0	0:00:14.964080
2960	9	7	7	0	0:00:14.997848
2980	8	1	1	0	0:00:14.973332
3000	5	5	5	1	0:00:14.958806
3020	1	1	1	1	0:00:14.998420
3040	7	7	7	1	0:00:15.018606
3060	7	7	7	1	0:00:15.076890
3080	1	2	2	0	0:00:14.978489
3100	0	0	0	1	0:00:15.031790
3120	4	6	6	0	0:00:14.953889
3140	8	8	8	1	0:00:14.976163
3160	6	4	4	0	0:00:14.992387
3180	3	9	8	0	0:00:14.974029
3200	5	7	7	0	0:00:14.941178
3220	3	9	9	0	0:00:14.941436
3240	4	1	8	0	0:00:14.947387
3260	7	0	0	0	0:00:14.992737
3280	3	0	0	0	0:00:15.018859
3300	4	4	4	1	0:00:14.995584
3320	2	7	7	0	0:00:14.995955
3340	6	4	4	0	0:00:14.964662
3360	4	6	6	0	0:00:14.972523
3380	8	9	8	0	0:00:15.026155
3400	6	4	4	0	0:00:15.059786
3420	5	6	6	0	0:00:15.074050
3440	2	9	9	0	0:00:15.029049
3460	1	1	4	1	0:00:15.078728
3480	2	2	2	1	0:00:14.966058
3500	1	1	4	1	0:00:14.955547
3520	1	1	1	1	0:00:14.973430
3540	6	8	8	0	0:00:14.964281
3560	1	9	9	0	0:00:15.003656
3580	4	1	1	0	0:00:14.972857
3600	4	2	2	0	0:00:14.972363
3620	0	7	6	0	0:00:14.962437
3640	6	2	2	0	0:00:14.983775
3660	0	8	8	0	0:00:14.993545
3680	0	-1	2	0	0:00:15.103142
3700	3	4	4	0	0:00:15.029951
3720	2	2	2	1	0:00:14.977933
3740	0	0	0	1	0:00:14.986332
3760	7	7	7	1	0:00:15.012792
3780	4	2	2	0	0:00:15.013032
3800	9	9	3	1	0:00:15.031588
3820	0	0	0	1	0:00:14.978319
3840	6	8	8	0	0:00:14.979401
3860	7	7	7	1	0:00:14.983368
3880	6	4	4	0	0:00:14.957124
3900	3	0	1	0	0:00:14.951594
3920	7	8	8	0	0:00:14.979595
3940	6	7	7	0	0:00:14.953471
3960	2	5	5	0	0:00:14.976332
3980	9	7	7	0	0:00:14.973543
4000	8	7	7	0	0:00:15.049066
4020	8	9	8	0	0:00:14.960806
4040	0	0	0	1	0:00:15.075582
4060	6	0	0	0	0:00:14.969154
4080	1	8	8	0	0:00:15.026782
4100	7	7	7	1	0:00:14.961968
4120	4	0	0	0	0:00:14.978799
4140	5	2	2	0	0:00:14.980067
4160	5	2	2	0	0:00:14.978575
4180	0	8	8	0	0:00:14.949486
4200	4	2	2	0	0:00:14.979852
4220	4	0	0	0	0:00:14.946682
4240	7	8	8	0	0:00:14.989842
4260	8	9	8	0	0:00:14.959429
4280	8	9	8	0	0:00:14.981390
4300	8	8	8	1	0:00:14.956792
4320	1	8	8	0	0:00:15.029514
4340	0	0	0	1	0:00:14.947373
4360	6	9	9	0	0:00:14.958153
4380	9	9	9	1	0:00:14.948994
4400	3	8	8	0	0:00:14.979887
4420	5	8	8	0	0:00:14.944653
4440	2	6	6	0	0:00:14.981013
4460	9	8	8	0	0:00:15.022458
4480	9	6	6	0	0:00:14.984082
4500	3	7	7	0	0:00:14.948767
4520	3	6	6	0	0:00:14.968292
4540	9	9	9	1	0:00:14.980124
4560	1	1	6	1	0:00:14.975268
4580	6	6	6	1	0:00:14.951592
4600	4	7	7	0	0:00:14.958876
4620	7	3	3	0	0:00:14.969162
4640	2	5	5	0	0:00:14.975825
4660	7	2	2	0	0:00:15.000096
4680	9	1	1	0	0:00:14.955175
4700	6	1	1	0	0:00:14.959962
4720	8	0	0	0	0:00:15.045986
4740	5	6	6	0	0:00:14.971058
4760	3	2	2	0	0:00:14.985338
4780	0	8	8	0	0:00:15.016053
4800	9	9	9	1	0:00:14.989851
4820	3	5	5	0	0:00:14.952308
4840	0	0	0	1	0:00:14.955727
4860	5	5	5	1	0:00:15.010195
4880	0	2	2	0	0:00:14.971245
4900	3	1	1	0	0:00:14.963347
4920	7	0	0	0	0:00:14.965058
4940	6	4	2	0	0:00:14.945197
4960	4	6	6	0	0:00:14.967511
4980	1	9	9	0	0:00:14.977845
5000	7	7	7	1	0:00:14.965690
5020	8	1	1	0	0:00:14.955515
5040	3	7	7	0	0:00:14.970383
5060	6	6	6	1	0:00:14.959709
5080	7	7	7	1	0:00:14.956417
5100	3	4	4	0	0:00:14.968866
5120	9	8	8	0	0:00:15.021192
5140	8	8	8	1	0:00:14.957127
5160	0	8	8	0	0:00:14.981077
5180	9	6	6	0	0:00:14.964884
5200	3	3	3	1	0:00:14.978918
5220	0	0	0	1	0:00:14.943356
5240	1	-1	3	0	0:00:14.961397
5260	0	0	0	1	0:00:14.970234
5280	0	8	8	0	0:00:14.980284
5300	9	1	1	0	0:00:14.971007
5320	7	7	7	1	0:00:14.942998
5340	3	4	4	0	0:00:14.957353
5360	9	9	9	1	0:00:14.979056
5380	1	9	9	0	0:00:14.967331
5400	9	0	0	0	0:00:14.961726
5420	6	5	6	0	0:00:14.963152
5440	9	9	9	1	0:00:14.971736
5460	0	7	7	0	0:00:14.944505
5480	1	8	8	0	0:00:15.027752
5500	8	1	1	0	0:00:14.948473
5520	4	5	5	0	0:00:14.986386
5540	5	6	2	0	0:00:14.968602
5560	3	6	6	0	0:00:14.952756
5580	5	6	6	0	0:00:14.950565
5600	6	8	8	0	0:00:15.017742
5620	3	2	2	0	0:00:14.946000
5640	2	3	3	0	0:00:15.001645
5660	9	9	8	1	0:00:14.961493
5680	2	8	8	0	0:00:15.034036
5700	3	6	6	0	0:00:14.959833
5720	9	9	9	1	0:00:14.945000
5740	6	6	6	1	0:00:14.960001
5760	2	2	8	1	0:00:14.964658
5780	7	7	7	1	0:00:14.964052
5800	2	6	6	0	0:00:14.976547
5820	5	6	6	0	0:00:14.947601
5840	2	6	6	0	0:00:14.990170
5860	0	8	8	0	0:00:14.952997
5880	0	8	8	0	0:00:14.941859
5900	4	5	5	0	0:00:14.963320
5920	8	8	8	1	0:00:14.965287
5940	7	4	4	0	0:00:14.952413
5960	2	7	7	0	0:00:14.959585
5980	9	9	9	1	0:00:14.967546
6000	8	9	9	0	0:00:14.976925
6020	6	7	7	0	0:00:14.984901
6040	2	7	7	0	0:00:15.004873
6060	3	4	4	0	0:00:14.952948
6080	1	9	6	0	0:00:14.968577
6100	1	1	8	1	0:00:14.937510
6120	5	5	5	1	0:00:14.947468
6140	9	9	9	1	0:00:14.965255
6160	2	9	5	0	0:00:14.977662
6180	0	9	8	0	0:00:14.991309
6200	3	9	0	0	0:00:14.956808
6220	2	6	6	0	0:00:14.988258
6240	2	1	6	0	0:00:14.959525
6260	2	9	9	0	0:00:14.956417
6280	8	5	5	0	0:00:15.012069
6300	1	7	7	0	0:00:14.947486
6320	0	0	0	1	0:00:14.952752
6340	3	8	8	0	0:00:14.942728
6360	2	6	2	0	0:00:14.952363
6380	3	1	1	0	0:00:14.951293
6400	0	1	1	0	0:00:14.964826
6420	7	8	8	0	0:00:14.940398
6440	3	8	8	0	0:00:14.976379
6460	3	1	1	0	0:00:14.969181
6480	0	5	0	0	0:00:15.060767
6500	7	0	0	0	0:00:14.958941
6520	6	4	4	0	0:00:14.979693
6540	8	8	8	1	0:00:14.962117
6560	6	6	6	1	0:00:14.953720
6580	1	2	2	0	0:00:14.956362
6600	7	7	7	1	0:00:14.954921
6620	7	7	4	1	0:00:14.971524
6640	5	8	8	0	0:00:14.956633
6660	0	8	8	0	0:00:14.975078
6680	3	5	5	0	0:00:14.950774
6700	6	6	6	1	0:00:14.963587
6720	2	2	2	1	0:00:14.949997
6740	2	6	6	0	0:00:15.041592
6760	5	2	2	0	0:00:14.960594
6780	7	7	7	1	0:00:14.961870
6800	6	6	6	1	0:00:14.985725
6820	1	1	1	1	0:00:14.954819
6840	9	1	1	0	0:00:14.996497
6860	0	0	0	1	0:00:15.008991
6880	2	7	4	0	0:00:14.979529
6900	3	7	7	0	0:00:15.007223
6920	5	2	2	0	0:00:14.960751
6940	1	1	1	1	0:00:14.961856
6960	9	8	8	0	0:00:14.972371
6980	0	9	9	0	0:00:15.033915
7000	2	8	8	0	0:00:14.952247
7020	7	1	1	0	0:00:15.028046
7040	7	8	8	0	0:00:14.981802
7060	8	8	8	1	0:00:14.952334
7080	5	4	0	0	0:00:15.020597
7100	9	3	3	0	0:00:14.937259
7120	7	6	6	0	0:00:15.035927
7140	4	4	4	1	0:00:14.953357
7160	5	4	4	0	0:00:14.955798
7180	6	6	6	1	0:00:14.968966
7200	4	6	6	0	0:00:15.024357
7220	9	8	8	0	0:00:14.972941
7240	0	8	8	0	0:00:14.960119
7260	1	8	8	0	0:00:15.023033
7280	1	6	6	0	0:00:14.976538
7300	3	7	7	0	0:00:14.957595
7320	8	0	0	0	0:00:14.988438
7340	2	4	4	0	0:00:14.960562
7360	2	7	7	0	0:00:14.961526
7380	7	1	7	0	0:00:14.990781
7400	3	9	9	0	0:00:14.949766
7420	3	0	0	0	0:00:15.015643
7440	3	6	6	0	0:00:14.998157
7460	5	5	5	1	0:00:14.969426
7480	1	5	5	0	0:00:14.949324
7500	6	6	6	1	0:00:14.978710
7520	4	6	6	0	0:00:15.028638
7540	5	5	5	1	0:00:14.974752
7560	0	6	2	0	0:00:14.948252
7580	8	8	8	1	0:00:14.981508
7600	8	9	9	0	0:00:14.999625
7620	5	1	1	0	0:00:14.966709
7640	9	9	8	1	0:00:14.958226
7660	7	9	9	0	0:00:14.973351
7680	3	9	9	0	0:00:15.006115
7700	6	6	6	1	0:00:14.986049
7720	5	6	6	0	0:00:15.007881
7740	4	6	2	0	0:00:14.982566
7760	2	9	9	0	0:00:14.970008
7780	3	8	8	0	0:00:14.965125
7800	0	0	0	1	0:00:14.998117
7820	5	8	8	0	0:00:14.964330
7840	1	1	1	1	0:00:14.968179
7860	8	4	4	0	0:00:14.951370
7880	0	8	8	0	0:00:14.943883
7900	0	8	8	0	0:00:14.959826
7920	9	8	8	0	0:00:14.971258
7940	2	6	6	0	0:00:14.955577
7960	0	0	0	1	0:00:14.978700
7980	3	7	4	0	0:00:14.978838
8000	9	9	8	1	0:00:14.971487
8020	6	6	6	1	0:00:15.007351
8040	2	6	6	0	0:00:14.994977
8060	6	4	4	0	0:00:14.956132
8080	4	6	6	0	0:00:14.982800
8100	6	2	2	0	0:00:14.988444
8120	8	9	9	0	0:00:14.944158
8140	5	6	6	0	0:00:14.959004
8160	6	9	9	0	0:00:15.048477
8180	4	6	6	0	0:00:15.022010
8200	3	6	6	0	0:00:14.945790
8220	6	7	2	0	0:00:14.963293
8240	7	7	7	1	0:00:14.971424
8260	1	1	1	1	0:00:14.991258
8280	4	1	1	0	0:00:14.952722
8300	5	2	2	0	0:00:14.985236
8320	7	4	4	0	0:00:15.012297
8340	5	4	4	0	0:00:14.958702
8360	7	4	4	0	0:00:14.954359
8380	9	8	8	0	0:00:14.946369
8400	0	8	8	0	0:00:14.972803
8420	3	6	4	0	0:00:14.955067
8440	5	9	9	0	0:00:14.952508
8460	8	8	8	1	0:00:14.960961
8480	2	1	1	0	0:00:14.960673
8500	4	2	2	0	0:00:14.986911
8520	8	6	6	0	0:00:14.957671
8540	4	6	4	0	0:00:14.953493
8560	7	7	7	1	0:00:14.954872
8580	3	0	0	0	0:00:14.947832
8600	3	7	7	0	0:00:14.944370
8620	3	1	4	0	0:00:14.973627
8640	1	1	1	1	0:00:14.976604
8660	7	5	5	0	0:00:14.961539
8680	3	9	9	0	0:00:14.992195
8700	3	5	5	0	0:00:15.045942
8720	2	0	0	0	0:00:15.015903
8740	2	6	6	0	0:00:14.946194
8760	8	8	8	1	0:00:14.951949
8780	4	4	4	1	0:00:14.990019
8800	0	0	0	1	0:00:14.972625
8820	2	2	2	1	0:00:14.983187
8840	2	1	1	0	0:00:14.981648
8860	2	0	0	0	0:00:14.976557
8880	1	6	6	0	0:00:15.043214
8900	2	1	6	0	0:00:14.984488
8920	6	6	6	1	0:00:14.952347
8940	6	3	3	0	0:00:14.983675
8960	0	0	0	1	0:00:14.993564
8980	9	9	9	1	0:00:14.951572
9000	8	8	8	1	0:00:14.940845
9020	7	9	9	0	0:00:14.951616
9040	2	5	5	0	0:00:15.041503
9060	9	5	5	0	0:00:14.956723
9080	3	0	0	0	0:00:14.969696
9100	9	6	6	0	0:00:14.955776
9120	3	0	0	0	0:00:15.074043
9140	7	8	8	0	0:00:14.963073
9160	5	5	5	1	0:00:14.969049
9180	5	5	5	1	0:00:14.948286
9200	8	8	8	1	0:00:14.991930
9220	8	8	8	1	0:00:14.965955
9240	8	8	8	1	0:00:14.974088
9260	5	5	5	1	0:00:14.954917
9280	9	0	0	0	0:00:15.046606
9300	5	6	6	0	0:00:14.947405
9320	9	8	8	0	0:00:14.958186
9340	1	1	1	1	0:00:14.956236
9360	5	6	6	0	0:00:14.997200
9380	5	5	5	1	0:00:14.934182
9400	6	6	4	1	0:00:14.954838
9420	5	6	6	0	0:00:14.942183
9440	8	8	8	1	0:00:14.963850
9460	3	9	7	0	0:00:15.051637
9480	2	4	6	0	0:00:14.992663
9500	9	6	6	0	0:00:14.948028
9520	1	9	9	0	0:00:14.975066
9540	5	4	4	0	0:00:14.969488
9560	9	7	7	0	0:00:14.995098
9580	1	4	4	0	0:00:14.948595
9600	8	8	8	1	0:00:14.960868
9620	4	7	7	0	0:00:14.950427
9640	5	6	6	0	0:00:14.938755
9660	6	6	6	1	0:00:14.953957
9680	8	9	9	0	0:00:15.027605
9700	0	0	0	1	0:00:14.973919
9720	8	6	6	0	0:00:14.954046
9740	3	6	6	0	0:00:14.950911
9760	9	9	9	1	0:00:14.973711
9780	4	6	6	0	0:00:14.963776
9800	1	1	1	1	0:00:14.968735
9820	0	9	8	0	0:00:14.963211
9840	4	3	3	0	0:00:14.977154
9860	0	2	2	0	0:00:14.972550
9880	7	4	4	0	0:00:14.989226
9900	8	0	0	0	0:00:14.960125
9920	6	6	6	1	0:00:14.974860
9940	4	7	7	0	0:00:14.949947
9960	2	0	0	0	0:00:15.024767
9980	0	0	0	1	0:00:14.990551
