idx	label	predict	basePredict	correct	time
0	3	3	3	1	0:00:15.939662
20	7	5	5	0	0:00:15.808875
40	4	4	4	1	0:00:15.794940
60	7	7	7	1	0:00:15.910795
80	8	8	8	1	0:00:15.800127
100	4	5	5	0	0:00:16.023062
120	8	8	8	1	0:00:15.990484
140	6	6	2	1	0:00:16.822771
160	2	2	2	1	0:00:16.287564
180	0	0	0	1	0:00:15.782210
200	5	5	5	1	0:00:16.690043
220	7	5	5	0	0:00:16.010256
240	1	1	1	1	0:00:17.192954
260	8	8	8	1	0:00:16.169940
280	9	9	0	1	0:00:15.795651
300	6	6	6	1	0:00:17.257546
320	3	3	5	1	0:00:16.296934
340	2	4	4	0	0:00:17.373665
360	9	9	5	1	0:00:15.835325
380	6	6	8	1	0:00:15.794154
400	9	9	9	1	0:00:15.818351
420	4	4	4	1	0:00:15.885815
440	1	1	1	1	0:00:15.814044
460	5	5	5	1	0:00:15.786811
480	8	9	8	0	0:00:15.775837
500	4	6	3	0	0:00:15.781723
520	5	5	5	1	0:00:15.863578
540	1	1	1	1	0:00:15.830831
560	0	0	0	1	0:00:15.814576
580	4	4	4	1	0:00:15.782979
600	8	8	8	1	0:00:15.837448
620	7	7	7	1	0:00:15.756079
640	5	3	3	0	0:00:15.796870
660	9	9	8	1	0:00:15.880829
680	9	9	9	1	0:00:15.875576
700	7	7	7	1	0:00:15.833662
720	4	4	4	1	0:00:15.897799
740	2	5	5	0	0:00:15.932508
760	3	3	3	1	0:00:15.835798
780	9	9	9	1	0:00:15.807400
800	7	7	7	1	0:00:15.931097
820	6	6	6	1	0:00:15.794906
840	7	7	7	1	0:00:15.827440
860	4	4	2	1	0:00:15.805405
880	8	8	8	1	0:00:15.886708
900	2	6	6	0	0:00:15.908278
920	6	6	4	1	0:00:15.778639
940	9	9	9	1	0:00:15.855193
960	9	9	3	1	0:00:15.792415
980	2	2	2	1	0:00:15.796493
1000	5	5	5	1	0:00:15.162725
1020	1	1	1	1	0:00:15.082975
1040	7	5	5	0	0:00:15.063084
1060	9	9	9	1	0:00:15.111778
1080	6	6	6	1	0:00:15.141988
1100	7	0	8	0	0:00:15.186249
1120	5	2	2	0	0:00:15.154803
1140	6	6	5	1	0:00:15.082475
1160	8	8	8	1	0:00:15.216385
1180	3	3	3	1	0:00:15.131910
1200	8	8	8	1	0:00:15.090155
1220	9	6	3	0	0:00:15.051978
1240	2	6	6	0	0:00:15.135053
1260	1	9	1	0	0:00:15.130999
1280	3	3	3	1	0:00:15.111432
1300	4	3	3	0	0:00:15.119890
1320	7	7	2	1	0:00:15.188877
1340	1	1	1	1	0:00:15.136865
1360	7	7	4	1	0:00:15.254986
1380	4	5	5	0	0:00:15.200147
1400	5	3	5	0	0:00:15.138694
1420	4	7	7	0	0:00:15.112723
1440	0	0	8	1	0:00:15.082984
1460	6	6	6	1	0:00:15.183262
1480	1	1	5	1	0:00:15.225373
1500	1	1	1	1	0:00:15.230274
1520	7	7	7	1	0:00:15.294581
1540	8	8	8	1	0:00:15.113222
1560	7	7	7	1	0:00:15.195782
1580	6	3	3	0	0:00:15.081288
1600	8	9	8	0	0:00:15.101273
1620	5	8	8	0	0:00:15.227695
1640	7	3	3	0	0:00:15.084925
1660	3	3	3	1	0:00:15.145493
1680	6	6	3	1	0:00:15.190444
1700	5	3	3	0	0:00:15.261941
1720	4	4	4	1	0:00:15.196524
1740	1	1	1	1	0:00:15.132932
1760	0	0	0	1	0:00:15.199659
1780	7	7	4	1	0:00:15.167385
1800	4	4	2	1	0:00:15.230764
1820	8	8	8	1	0:00:15.141878
1840	8	4	4	0	0:00:15.173921
1860	8	8	8	1	0:00:15.131082
1880	1	1	1	1	0:00:15.154923
1900	8	8	8	1	0:00:15.083744
1920	2	2	2	1	0:00:15.157182
1940	5	5	2	1	0:00:15.279958
1960	2	5	2	0	0:00:15.165579
1980	9	9	9	1	0:00:15.171242
2000	1	1	1	1	0:00:15.208955
2020	9	9	9	1	0:00:15.205235
2040	0	0	0	1	0:00:15.209620
2060	5	3	3	0	0:00:15.161201
2080	1	9	9	0	0:00:15.111371
2100	2	2	2	1	0:00:15.274494
2120	4	8	8	0	0:00:15.187477
2140	9	9	9	1	0:00:15.156680
2160	0	0	0	1	0:00:15.126145
2180	4	4	4	1	0:00:15.114981
2200	0	0	0	1	0:00:15.077144
2220	1	1	1	1	0:00:15.149707
2240	9	9	1	1	0:00:15.142493
2260	4	4	4	1	0:00:15.079788
2280	4	4	4	1	0:00:15.087997
2300	3	3	4	1	0:00:15.107013
2320	5	2	2	0	0:00:15.215844
2340	7	7	7	1	0:00:15.117690
2360	7	5	5	0	0:00:15.097430
2380	8	8	8	1	0:00:15.159439
2400	0	0	0	1	0:00:15.044003
2420	8	7	3	0	0:00:15.081496
2440	7	7	7	1	0:00:15.110122
2460	9	9	4	1	0:00:15.258519
2480	8	8	8	1	0:00:15.102481
2500	4	6	4	0	0:00:15.059066
2520	1	8	8	0	0:00:15.067051
2540	2	6	2	0	0:00:15.058002
2560	7	7	5	1	0:00:15.209552
2580	6	5	5	0	0:00:15.167216
2600	8	8	8	1	0:00:15.159826
2620	1	1	1	1	0:00:15.195745
2640	7	7	7	1	0:00:15.185425
2660	3	2	2	0	0:00:15.194799
2680	0	0	0	1	0:00:15.293186
2700	9	1	1	0	0:00:15.269755
2720	3	3	3	1	0:00:15.237214
2740	1	7	2	0	0:00:15.252164
2760	2	2	2	1	0:00:15.132600
2780	7	7	7	1	0:00:15.090338
2800	4	4	3	1	0:00:15.150601
2820	6	6	6	1	0:00:15.107997
2840	3	3	3	1	0:00:15.091133
2860	5	4	4	0	0:00:15.123554
2880	4	4	4	1	0:00:15.129843
2900	3	7	2	0	0:00:15.210693
2920	2	3	2	0	0:00:15.185947
2940	3	0	0	0	0:00:15.288037
2960	9	0	0	0	0:00:15.241269
2980	8	8	8	1	0:00:15.141685
3000	5	5	5	1	0:00:15.275358
3020	1	1	1	1	0:00:15.112327
3040	7	7	7	1	0:00:15.178705
3060	7	7	7	1	0:00:15.175499
3080	1	9	9	0	0:00:15.215169
3100	0	0	0	1	0:00:15.145601
3120	4	4	3	1	0:00:15.149461
3140	8	8	8	1	0:00:15.164000
3160	6	2	2	0	0:00:15.123699
3180	3	3	3	1	0:00:15.092220
3200	5	5	5	1	0:00:15.155037
3220	3	9	3	0	0:00:15.149292
3240	4	0	0	0	0:00:15.119795
3260	7	7	7	1	0:00:15.368874
3280	3	5	5	0	0:00:15.233007
3300	4	4	2	1	0:00:15.170103
3320	2	7	7	0	0:00:15.166631
3340	6	6	0	1	0:00:15.125420
3360	4	4	3	1	0:00:15.068614
3380	8	8	8	1	0:00:15.242723
3400	6	4	4	0	0:00:15.121364
3420	5	7	3	0	0:00:15.218910
3440	2	3	3	0	0:00:15.109520
3460	1	1	1	1	0:00:15.040590
3480	2	2	2	1	0:00:15.253196
3500	1	9	9	0	0:00:15.140070
3520	1	1	1	1	0:00:15.123348
3540	6	6	3	1	0:00:15.158694
3560	1	9	1	0	0:00:15.117185
3580	4	4	4	1	0:00:15.167631
3600	4	2	2	0	0:00:15.155930
3620	0	0	5	1	0:00:15.066204
3640	6	2	6	0	0:00:15.153191
3660	0	0	8	1	0:00:15.090941
3680	0	4	0	0	0:00:15.041784
3700	3	3	3	1	0:00:15.059963
3720	2	2	2	1	0:00:15.153992
3740	0	0	0	1	0:00:15.050568
3760	7	7	7	1	0:00:15.168195
3780	4	4	2	1	0:00:15.173635
3800	9	9	9	1	0:00:15.173182
3820	0	0	2	1	0:00:15.205983
3840	6	3	3	0	0:00:15.111555
3860	7	7	7	1	0:00:15.120729
3880	6	6	5	1	0:00:15.267109
3900	3	6	6	0	0:00:15.224565
3920	7	7	7	1	0:00:15.189135
3940	6	3	2	0	0:00:15.109133
3960	2	2	2	1	0:00:15.156701
3980	9	9	9	1	0:00:15.117414
4000	8	4	8	0	0:00:15.153420
4020	8	8	8	1	0:00:15.150145
4040	0	0	0	1	0:00:15.147230
4060	6	6	6	1	0:00:15.139961
4080	1	1	1	1	0:00:15.178919
4100	7	7	7	1	0:00:15.139105
4120	4	4	4	1	0:00:15.240563
4140	5	5	5	1	0:00:15.261146
4160	5	3	2	0	0:00:15.188103
4180	0	8	8	0	0:00:15.166084
4200	4	4	2	1	0:00:15.209040
4220	4	0	0	0	0:00:15.169275
4240	7	0	0	0	0:00:15.162530
4260	8	8	8	1	0:00:15.189638
4280	8	0	8	0	0:00:15.182369
4300	8	8	8	1	0:00:15.133472
4320	1	9	8	0	0:00:15.135129
4340	0	0	0	1	0:00:15.159777
4360	6	6	6	1	0:00:15.078106
4380	9	9	9	1	0:00:15.162581
4400	3	4	3	0	0:00:15.278413
4420	5	5	5	1	0:00:15.236318
4440	2	2	2	1	0:00:15.129552
4460	9	9	9	1	0:00:15.143539
4480	9	9	9	1	0:00:15.174600
4500	3	5	3	0	0:00:15.150083
4520	3	3	3	1	0:00:15.187031
4540	9	9	9	1	0:00:15.215529
4560	1	1	1	1	0:00:15.142323
4580	6	6	4	1	0:00:15.094409
4600	4	4	4	1	0:00:15.124101
4620	7	3	3	0	0:00:15.173766
4640	2	2	2	1	0:00:15.128946
4660	7	4	4	0	0:00:15.072249
4680	9	9	9	1	0:00:15.153859
4700	6	5	5	0	0:00:15.182868
4720	8	8	8	1	0:00:15.176507
4740	5	3	3	0	0:00:15.116384
4760	3	2	2	0	0:00:15.129417
4780	0	0	0	1	0:00:15.173377
4800	9	9	9	1	0:00:15.144046
4820	3	3	3	1	0:00:15.230147
4840	0	0	0	1	0:00:15.174335
4860	5	5	5	1	0:00:15.158166
4880	0	8	8	0	0:00:15.194420
4900	3	3	3	1	0:00:15.113517
4920	7	7	7	1	0:00:15.135370
4940	6	6	4	1	0:00:15.165016
4960	4	4	3	1	0:00:15.109772
4980	1	9	9	0	0:00:15.099416
5000	7	7	7	1	0:00:15.162488
5020	8	8	8	1	0:00:15.258660
5040	3	3	3	1	0:00:15.165812
5060	6	6	2	1	0:00:15.228938
5080	7	7	7	1	0:00:15.282556
5100	3	3	3	1	0:00:15.412795
5120	9	9	8	1	0:00:15.165973
5140	8	8	8	1	0:00:15.183015
5160	0	0	0	1	0:00:15.235817
5180	9	7	7	0	0:00:15.123612
5200	3	3	3	1	0:00:15.209749
5220	0	0	0	1	0:00:15.220602
5240	1	1	1	1	0:00:15.152479
5260	0	0	0	1	0:00:15.172480
5280	0	4	4	0	0:00:15.159411
5300	9	9	9	1	0:00:15.166220
5320	7	7	7	1	0:00:15.193202
5340	3	4	4	0	0:00:15.192918
5360	9	9	9	1	0:00:15.220466
5380	1	9	9	0	0:00:15.171480
5400	9	9	9	1	0:00:15.128755
5420	6	6	6	1	0:00:15.187838
5440	9	9	9	1	0:00:15.162487
5460	0	0	0	1	0:00:15.130021
5480	1	1	1	1	0:00:15.266703
5500	8	8	8	1	0:00:15.220958
5520	4	4	4	1	0:00:15.133377
5540	5	5	5	1	0:00:15.095657
5560	3	5	5	0	0:00:15.106161
5580	5	6	3	0	0:00:15.186329
5600	6	6	3	1	0:00:15.074071
5620	3	6	2	0	0:00:15.132396
5640	2	5	2	0	0:00:15.123787
5660	9	9	8	1	0:00:15.125453
5680	2	3	3	0	0:00:15.168860
5700	3	3	3	1	0:00:15.110712
5720	9	9	9	1	0:00:15.212301
5740	6	6	2	1	0:00:15.082873
5760	2	2	2	1	0:00:15.111962
5780	7	7	7	1	0:00:15.134706
5800	2	2	2	1	0:00:15.060208
5820	5	5	5	1	0:00:15.150192
5840	2	2	2	1	0:00:15.131021
5860	0	0	0	1	0:00:15.112315
5880	0	0	0	1	0:00:15.119724
5900	4	3	0	0	0:00:15.059588
5920	8	8	8	1	0:00:15.087409
5940	7	7	3	1	0:00:15.089300
5960	2	6	2	0	0:00:15.130899
5980	9	9	9	1	0:00:15.115634
6000	8	8	8	1	0:00:15.162434
6020	6	6	6	1	0:00:15.090241
6040	2	5	2	0	0:00:15.117235
6060	3	4	5	0	0:00:15.148227
6080	1	1	1	1	0:00:15.116518
6100	1	1	1	1	0:00:15.088087
6120	5	5	5	1	0:00:15.124928
6140	9	9	9	1	0:00:15.161926
6160	2	5	2	0	0:00:15.172449
6180	0	0	0	1	0:00:15.137121
6200	3	2	2	0	0:00:15.079982
6220	2	5	5	0	0:00:15.119399
6240	2	2	2	1	0:00:15.153383
6260	2	2	2	1	0:00:15.117004
6280	8	5	5	0	0:00:15.179737
6300	1	1	1	1	0:00:15.223988
6320	0	0	0	1	0:00:15.239946
6340	3	3	3	1	0:00:15.174309
6360	2	2	2	1	0:00:15.147510
6380	3	6	3	0	0:00:15.136368
6400	0	0	0	1	0:00:15.131625
6420	7	7	7	1	0:00:15.124620
6440	3	3	2	1	0:00:15.213207
6460	3	3	3	1	0:00:15.132149
6480	0	0	0	1	0:00:15.285428
6500	7	6	8	0	0:00:15.093966
6520	6	6	2	1	0:00:15.262624
6540	8	8	8	1	0:00:15.295043
6560	6	5	5	0	0:00:15.152086
6580	1	1	8	1	0:00:15.122995
6600	7	7	7	1	0:00:15.137181
6620	7	7	7	1	0:00:15.097054
6640	5	3	3	0	0:00:15.105365
6660	0	0	0	1	0:00:15.152604
6680	3	5	5	0	0:00:15.157104
6700	6	6	6	1	0:00:15.228512
6720	2	2	2	1	0:00:15.240416
6740	2	4	4	0	0:00:15.185712
6760	5	5	5	1	0:00:15.229713
6780	7	7	7	1	0:00:15.176762
6800	6	4	4	0	0:00:15.115051
6820	1	1	1	1	0:00:15.261331
6840	9	9	9	1	0:00:15.152769
6860	0	0	0	1	0:00:15.145439
6880	2	2	2	1	0:00:15.177107
6900	3	3	3	1	0:00:15.196831
6920	5	4	2	0	0:00:15.229278
6940	1	1	1	1	0:00:15.129180
6960	9	9	9	1	0:00:15.128945
6980	0	0	0	1	0:00:15.126771
7000	2	8	8	0	0:00:15.179108
7020	7	7	7	1	0:00:15.169144
7040	7	0	8	0	0:00:15.206156
7060	8	8	8	1	0:00:15.122596
7080	5	4	2	0	0:00:15.102492
7100	9	3	3	0	0:00:15.089849
7120	7	7	7	1	0:00:15.145568
7140	4	4	3	1	0:00:15.126605
7160	5	5	5	1	0:00:15.123308
7180	6	6	3	1	0:00:15.186228
7200	4	-1	2	0	0:00:15.116385
7220	9	9	9	1	0:00:15.129413
7240	0	0	8	1	0:00:15.171468
7260	1	1	1	1	0:00:15.205608
7280	1	1	3	1	0:00:15.137682
7300	3	5	5	0	0:00:15.191381
7320	8	0	0	0	0:00:15.166762
7340	2	2	0	1	0:00:15.131300
7360	2	2	2	1	0:00:15.043381
7380	7	7	7	1	0:00:15.105783
7400	3	5	5	0	0:00:15.260198
7420	3	4	4	0	0:00:15.105852
7440	3	3	3	1	0:00:15.123564
7460	5	5	5	1	0:00:15.170414
7480	1	1	1	1	0:00:15.233491
7500	6	6	6	1	0:00:15.238854
7520	4	4	4	1	0:00:15.139161
7540	5	5	5	1	0:00:15.231709
7560	0	0	0	1	0:00:15.161308
7580	8	8	8	1	0:00:15.185721
7600	8	2	2	0	0:00:15.161518
7620	5	3	3	0	0:00:15.189484
7640	9	8	8	0	0:00:15.121996
7660	7	7	7	1	0:00:15.180269
7680	3	-1	5	0	0:00:15.063417
7700	6	6	6	1	0:00:15.096156
7720	5	2	2	0	0:00:15.097003
7740	4	4	2	1	0:00:15.222884
7760	2	0	8	0	0:00:15.229110
7780	3	8	8	0	0:00:15.132295
7800	0	0	0	1	0:00:15.186635
7820	5	5	3	1	0:00:15.231595
7840	1	1	1	1	0:00:15.182689
7860	8	8	8	1	0:00:15.109863
7880	0	0	0	1	0:00:15.166644
7900	0	4	8	0	0:00:15.137841
7920	9	9	9	1	0:00:15.161489
7940	2	6	2	0	0:00:15.069112
7960	0	3	0	0	0:00:15.129306
7980	3	3	3	1	0:00:15.121361
8000	9	9	9	1	0:00:15.154001
8020	6	7	3	0	0:00:15.165603
8040	2	2	2	1	0:00:15.170599
8060	6	6	6	1	0:00:15.198657
8080	4	4	3	1	0:00:15.033057
8100	6	2	2	0	0:00:15.152602
8120	8	9	8	0	0:00:15.162273
8140	5	7	3	0	0:00:15.203948
8160	6	6	6	1	0:00:15.144509
8180	4	4	4	1	0:00:15.096052
8200	3	6	3	0	0:00:15.101472
8220	6	5	5	0	0:00:15.180527
8240	7	7	7	1	0:00:15.120505
8260	1	1	1	1	0:00:15.097280
8280	4	4	4	1	0:00:15.178853
8300	5	4	2	0	0:00:15.062590
8320	7	7	7	1	0:00:15.071367
8340	5	3	5	0	0:00:15.162287
8360	7	7	7	1	0:00:15.113142
8380	9	9	9	1	0:00:15.167129
8400	0	0	0	1	0:00:15.138856
8420	3	6	6	0	0:00:15.152354
8440	5	3	3	0	0:00:15.088942
8460	8	8	8	1	0:00:15.128520
8480	2	2	2	1	0:00:15.083108
8500	4	4	4	1	0:00:15.130678
8520	8	8	8	1	0:00:15.266369
8540	4	2	2	0	0:00:15.113394
8560	7	7	7	1	0:00:15.185635
8580	3	5	5	0	0:00:15.220130
8600	3	2	3	0	0:00:15.187190
8620	3	2	5	0	0:00:15.094280
8640	1	1	1	1	0:00:15.165154
8660	7	7	7	1	0:00:15.191620
8680	3	7	3	0	0:00:15.061826
8700	3	3	3	1	0:00:15.137272
8720	2	0	0	0	0:00:15.136706
8740	2	2	5	1	0:00:15.080395
8760	8	8	8	1	0:00:15.108329
8780	4	4	4	1	0:00:15.080062
8800	0	0	0	1	0:00:15.131554
8820	2	2	2	1	0:00:15.233729
8840	2	2	2	1	0:00:15.144245
8860	2	2	2	1	0:00:15.128468
8880	1	1	1	1	0:00:15.179406
8900	2	4	4	0	0:00:15.209211
8920	6	6	3	1	0:00:15.245277
8940	6	3	3	0	0:00:15.279355
8960	0	0	2	1	0:00:15.115406
8980	9	9	9	1	0:00:15.222974
9000	8	8	8	1	0:00:15.152126
9020	7	7	7	1	0:00:15.219048
9040	2	5	5	0	0:00:15.159266
9060	9	9	9	1	0:00:15.167315
9080	3	3	3	1	0:00:15.147485
9100	9	1	1	0	0:00:15.187406
9120	3	0	3	0	0:00:15.155209
9140	7	7	4	1	0:00:15.092643
9160	5	3	3	0	0:00:15.138455
9180	5	5	5	1	0:00:15.211884
9200	8	8	8	1	0:00:15.200353
9220	8	8	8	1	0:00:15.175632
9240	8	8	8	1	0:00:15.408381
9260	5	5	5	1	0:00:15.276434
9280	9	8	8	0	0:00:15.246204
9300	5	4	2	0	0:00:15.102390
9320	9	9	9	1	0:00:15.201208
9340	1	1	1	1	0:00:15.081116
9360	5	0	0	0	0:00:15.181857
9380	5	3	3	0	0:00:15.143687
9400	6	6	6	1	0:00:15.089403
9420	5	5	5	1	0:00:15.177159
9440	8	8	8	1	0:00:15.146625
9460	3	3	7	1	0:00:15.128815
9480	2	2	2	1	0:00:15.223562
9500	9	9	2	1	0:00:15.159577
9520	1	1	1	1	0:00:15.203788
9540	5	5	5	1	0:00:15.087547
9560	9	7	3	0	0:00:15.127401
9580	1	1	1	1	0:00:15.079538
9600	8	8	8	1	0:00:15.191668
9620	4	4	4	1	0:00:15.153075
9640	5	5	5	1	0:00:15.098959
9660	6	6	6	1	0:00:15.202755
9680	8	8	8	1	0:00:15.117441
9700	0	0	0	1	0:00:15.118604
9720	8	6	8	0	0:00:15.223086
9740	3	6	2	0	0:00:15.167929
9760	9	5	5	0	0:00:15.187452
9780	4	4	2	1	0:00:15.130702
9800	1	1	1	1	0:00:15.172940
9820	0	8	8	0	0:00:15.140754
9840	4	7	7	0	0:00:15.178449
9860	0	3	8	0	0:00:15.167600
9880	7	8	7	0	0:00:15.110308
9900	8	8	8	1	0:00:15.110702
9920	6	6	6	1	0:00:15.145477
9940	4	5	5	0	0:00:15.140109
9960	2	0	0	0	0:00:15.176067
9980	0	0	0	1	0:00:15.186937
