idx	label	predict	basePredict	correct	time
0	3	3	3	1	0:00:00.850059
20	7	7	7	1	0:00:00.720930
40	4	4	4	1	0:00:00.710351
60	7	7	7	1	0:00:00.711818
80	8	8	8	1	0:00:00.705318
100	4	4	5	1	0:00:00.745793
120	8	8	8	1	0:00:00.717237
140	6	6	3	1	0:00:00.722519
160	2	2	2	1	0:00:00.754206
180	0	0	0	1	0:00:00.717062
200	5	5	5	1	0:00:00.751163
220	7	7	7	1	0:00:00.723633
240	1	1	1	1	0:00:00.746187
260	8	8	8	1	0:00:00.716829
280	9	9	9	1	0:00:00.707925
300	6	6	6	1	0:00:00.708253
320	3	3	3	1	0:00:00.711916
340	2	2	2	1	0:00:00.716204
360	9	9	9	1	0:00:00.722993
380	6	6	6	1	0:00:00.715499
400	9	9	9	1	0:00:00.704461
420	4	4	3	1	0:00:00.752732
440	1	1	1	1	0:00:00.710139
460	5	5	5	1	0:00:00.706454
480	8	8	8	1	0:00:00.703858
500	4	6	6	0	0:00:00.735018
520	5	5	5	1	0:00:00.778220
540	1	1	1	1	0:00:00.775512
560	0	0	0	1	0:00:00.739552
580	4	4	4	1	0:00:00.752911
600	8	8	8	1	0:00:00.738664
620	7	7	7	1	0:00:00.719126
640	5	3	3	0	0:00:00.737981
660	9	9	9	1	0:00:00.742182
680	9	9	5	1	0:00:00.730540
700	7	7	7	1	0:00:00.733515
720	4	4	4	1	0:00:00.704707
740	2	-1	5	0	0:00:00.720462
760	3	3	3	1	0:00:00.704002
780	9	9	9	1	0:00:00.717787
800	7	7	7	1	0:00:00.716614
820	6	-1	5	0	0:00:00.735458
840	7	7	7	1	0:00:00.700309
860	4	4	2	1	0:00:00.706956
880	8	8	8	1	0:00:00.728077
900	2	6	5	0	0:00:00.706364
920	6	4	4	0	0:00:00.704895
940	9	9	9	1	0:00:00.713621
960	9	9	3	1	0:00:00.718084
980	2	2	2	1	0:00:00.725992
1000	5	5	5	1	0:00:00.620179
1020	1	1	1	1	0:00:00.622954
1040	7	-1	2	0	0:00:00.627294
1060	9	9	9	1	0:00:00.632009
1080	6	2	2	0	0:00:00.616198
1100	7	-1	5	0	0:00:00.615436
1120	5	-1	2	0	0:00:00.617429
1140	6	6	3	1	0:00:00.627109
1160	8	8	8	1	0:00:00.641558
1180	3	3	3	1	0:00:00.619855
1200	8	8	8	1	0:00:00.636001
1220	9	3	2	0	0:00:00.616840
1240	2	2	2	1	0:00:00.623311
1260	1	-1	9	0	0:00:00.616397
1280	3	3	3	1	0:00:00.618119
1300	4	3	3	0	0:00:00.621464
1320	7	7	7	1	0:00:00.645077
1340	1	1	1	1	0:00:00.657861
1360	7	7	7	1	0:00:00.621611
1380	4	4	4	1	0:00:00.620063
1400	5	5	5	1	0:00:00.614034
1420	4	-1	2	0	0:00:00.612335
1440	0	0	0	1	0:00:00.629157
1460	6	6	6	1	0:00:00.613553
1480	1	1	1	1	0:00:00.684477
1500	1	1	1	1	0:00:00.695000
1520	7	7	7	1	0:00:00.614380
1540	8	8	8	1	0:00:00.625666
1560	7	7	7	1	0:00:00.624664
1580	6	6	6	1	0:00:00.618794
1600	8	8	8	1	0:00:00.628842
1620	5	3	3	0	0:00:00.627402
1640	7	7	7	1	0:00:00.617536
1660	3	3	3	1	0:00:00.628362
1680	6	6	3	1	0:00:00.631478
1700	5	5	5	1	0:00:00.616862
1720	4	4	4	1	0:00:00.621789
1740	1	1	1	1	0:00:00.616524
1760	0	0	0	1	0:00:00.616153
1780	7	7	7	1	0:00:00.649807
1800	4	4	4	1	0:00:00.619206
1820	8	8	8	1	0:00:00.618510
1840	8	8	2	1	0:00:00.622969
1860	8	8	8	1	0:00:00.622069
1880	1	1	1	1	0:00:00.638607
1900	8	8	8	1	0:00:00.702020
1920	2	2	2	1	0:00:00.624568
1940	5	5	2	1	0:00:00.619395
1960	2	2	2	1	0:00:00.619870
1980	9	9	9	1	0:00:00.645639
2000	1	1	1	1	0:00:00.662531
2020	9	9	9	1	0:00:00.621464
2040	0	0	0	1	0:00:00.622034
2060	5	3	3	0	0:00:00.617548
2080	1	1	1	1	0:00:00.669141
2100	2	2	2	1	0:00:00.620771
2120	4	-1	0	0	0:00:00.619046
2140	9	9	9	1	0:00:00.626395
2160	0	0	0	1	0:00:00.703549
2180	4	4	4	1	0:00:00.642607
2200	0	0	0	1	0:00:00.615882
2220	1	1	1	1	0:00:00.622773
2240	9	9	9	1	0:00:00.625314
2260	4	4	4	1	0:00:00.626767
2280	4	-1	2	0	0:00:00.616735
2300	3	1	2	0	0:00:00.618459
2320	5	3	3	0	0:00:00.617603
2340	7	7	7	1	0:00:00.620750
2360	7	7	7	1	0:00:00.624162
2380	8	8	8	1	0:00:00.623611
2400	0	0	0	1	0:00:00.614977
2420	8	7	7	0	0:00:00.626507
2440	7	7	7	1	0:00:00.617843
2460	9	9	9	1	0:00:00.638856
2480	8	8	8	1	0:00:00.694029
2500	4	6	5	0	0:00:00.627308
2520	1	0	0	0	0:00:00.629790
2540	2	2	2	1	0:00:00.621119
2560	7	7	7	1	0:00:00.682427
2580	6	6	6	1	0:00:00.616303
2600	8	8	8	1	0:00:00.616253
2620	1	1	1	1	0:00:00.620377
2640	7	7	7	1	0:00:00.704329
2660	3	3	3	1	0:00:00.697430
2680	0	0	0	1	0:00:00.702825
2700	9	-1	1	0	0:00:00.615930
2720	3	3	3	1	0:00:00.621571
2740	1	1	1	1	0:00:00.615231
2760	2	2	2	1	0:00:00.620406
2780	7	7	7	1	0:00:00.627926
2800	4	4	6	1	0:00:00.649399
2820	6	6	6	1	0:00:00.615291
2840	3	3	3	1	0:00:00.624311
2860	5	5	5	1	0:00:00.633284
2880	4	4	4	1	0:00:00.625251
2900	3	3	3	1	0:00:00.624026
2920	2	2	2	1	0:00:00.623349
2940	3	0	0	0	0:00:00.633051
2960	9	0	0	0	0:00:00.615334
2980	8	8	8	1	0:00:00.615596
3000	5	5	5	1	0:00:00.651384
3020	1	1	1	1	0:00:00.617178
3040	7	7	7	1	0:00:00.619476
3060	7	7	7	1	0:00:00.619788
3080	1	1	1	1	0:00:00.628260
3100	0	0	0	1	0:00:00.626176
3120	4	4	3	1	0:00:00.629824
3140	8	8	8	1	0:00:00.618928
3160	6	2	2	0	0:00:00.620846
3180	3	3	3	1	0:00:00.619981
3200	5	5	5	1	0:00:00.633056
3220	3	3	3	1	0:00:00.615584
3240	4	4	1	1	0:00:00.621278
3260	7	7	7	1	0:00:00.630781
3280	3	3	3	1	0:00:00.661098
3300	4	4	4	1	0:00:00.619411
3320	2	2	3	1	0:00:00.618008
3340	6	6	6	1	0:00:00.616720
3360	4	4	4	1	0:00:00.630137
3380	8	8	8	1	0:00:00.612689
3400	6	-1	0	0	0:00:00.618061
3420	5	3	3	0	0:00:00.666748
3440	2	3	3	0	0:00:00.620228
3460	1	1	1	1	0:00:00.617263
3480	2	2	2	1	0:00:00.622088
3500	1	1	1	1	0:00:00.623953
3520	1	1	1	1	0:00:00.631683
3540	6	6	3	1	0:00:00.620555
3560	1	9	9	0	0:00:00.619166
3580	4	4	2	1	0:00:00.622186
3600	4	3	3	0	0:00:00.620970
3620	0	0	0	1	0:00:00.668947
3640	6	6	6	1	0:00:00.651974
3660	0	0	0	1	0:00:00.659553
3680	0	0	0	1	0:00:00.619538
3700	3	3	3	1	0:00:00.613612
3720	2	2	2	1	0:00:00.615074
3740	0	0	0	1	0:00:00.631808
3760	7	7	7	1	0:00:00.629428
3780	4	3	3	0	0:00:00.609421
3800	9	9	9	1	0:00:00.622617
3820	0	3	3	0	0:00:00.623182
3840	6	5	5	0	0:00:00.613714
3860	7	7	7	1	0:00:00.661708
3880	6	6	6	1	0:00:00.630497
3900	3	3	3	1	0:00:00.615528
3920	7	7	7	1	0:00:00.676176
3940	6	6	6	1	0:00:00.617687
3960	2	2	2	1	0:00:00.621067
3980	9	-1	9	0	0:00:00.617459
4000	8	-1	7	0	0:00:00.621716
4020	8	8	8	1	0:00:00.615861
4040	0	0	0	1	0:00:00.624090
4060	6	6	6	1	0:00:00.646587
4080	1	1	1	1	0:00:00.622233
4100	7	7	7	1	0:00:00.621324
4120	4	4	4	1	0:00:00.635405
4140	5	5	3	1	0:00:00.612715
4160	5	5	5	1	0:00:00.617970
4180	0	0	8	1	0:00:00.615391
4200	4	4	4	1	0:00:00.621338
4220	4	0	0	0	0:00:00.661474
4240	7	7	7	1	0:00:00.633723
4260	8	8	8	1	0:00:00.624281
4280	8	8	9	1	0:00:00.624597
4300	8	8	8	1	0:00:00.617947
4320	1	1	1	1	0:00:00.608883
4340	0	0	0	1	0:00:00.618434
4360	6	6	6	1	0:00:00.625087
4380	9	9	9	1	0:00:00.619366
4400	3	3	3	1	0:00:00.615076
4420	5	5	5	1	0:00:00.632383
4440	2	2	2	1	0:00:00.628318
4460	9	9	9	1	0:00:00.627701
4480	9	9	9	1	0:00:00.642547
4500	3	3	3	1	0:00:00.630522
4520	3	3	3	1	0:00:00.615562
4540	9	9	9	1	0:00:00.620804
4560	1	1	1	1	0:00:00.616755
4580	6	6	6	1	0:00:00.620999
4600	4	4	4	1	0:00:00.630738
4620	7	7	7	1	0:00:00.613097
4640	2	2	2	1	0:00:00.618436
4660	7	7	7	1	0:00:00.617171
4680	9	9	9	1	0:00:00.678076
4700	6	-1	5	0	0:00:00.640431
4720	8	8	8	1	0:00:00.622051
4740	5	3	3	0	0:00:00.633210
4760	3	2	3	0	0:00:00.631754
4780	0	0	0	1	0:00:00.607305
4800	9	9	9	1	0:00:00.615235
4820	3	3	3	1	0:00:00.641337
4840	0	0	0	1	0:00:00.615885
4860	5	5	5	1	0:00:00.617592
4880	0	0	0	1	0:00:00.620452
4900	3	3	3	1	0:00:00.617494
4920	7	7	7	1	0:00:00.620852
4940	6	6	6	1	0:00:00.617985
4960	4	4	4	1	0:00:00.617395
4980	1	1	1	1	0:00:00.623734
5000	7	7	7	1	0:00:00.622642
5020	8	8	8	1	0:00:00.623349
5040	3	3	3	1	0:00:00.619188
5060	6	6	3	1	0:00:00.614055
5080	7	7	7	1	0:00:00.620690
5100	3	3	3	1	0:00:00.612416
5120	9	9	9	1	0:00:00.618290
5140	8	8	8	1	0:00:00.619824
5160	0	0	0	1	0:00:00.619331
5180	9	-1	5	0	0:00:00.608533
5200	3	-1	2	0	0:00:00.620282
5220	0	0	0	1	0:00:00.615044
5240	1	1	1	1	0:00:00.626514
5260	0	0	0	1	0:00:00.631420
5280	0	4	4	0	0:00:00.618886
5300	9	9	9	1	0:00:00.635464
5320	7	7	7	1	0:00:00.619630
5340	3	3	3	1	0:00:00.670059
5360	9	9	9	1	0:00:00.680439
5380	1	-1	1	0	0:00:00.624588
5400	9	9	9	1	0:00:00.624164
5420	6	6	6	1	0:00:00.622461
5440	9	9	9	1	0:00:00.613973
5460	0	0	0	1	0:00:00.618986
5480	1	1	1	1	0:00:00.616977
5500	8	8	8	1	0:00:00.650858
5520	4	4	3	1	0:00:00.653127
5540	5	5	5	1	0:00:00.632787
5560	3	3	3	1	0:00:00.625907
5580	5	3	3	0	0:00:00.618836
5600	6	-1	5	0	0:00:00.614151
5620	3	3	3	1	0:00:00.617764
5640	2	-1	2	0	0:00:00.673682
5660	9	9	9	1	0:00:00.620699
5680	2	2	2	1	0:00:00.616036
5700	3	3	3	1	0:00:00.610538
5720	9	9	9	1	0:00:00.619212
5740	6	6	6	1	0:00:00.616023
5760	2	2	2	1	0:00:00.651605
5780	7	7	7	1	0:00:00.613088
5800	2	2	2	1	0:00:00.665010
5820	5	5	5	1	0:00:00.640359
5840	2	2	2	1	0:00:00.699440
5860	0	0	8	1	0:00:00.612694
5880	0	0	0	1	0:00:00.621169
5900	4	0	0	0	0:00:00.606093
5920	8	8	8	1	0:00:00.609924
5940	7	-1	7	0	0:00:00.619574
5960	2	6	5	0	0:00:00.622434
5980	9	9	9	1	0:00:00.657979
6000	8	8	8	1	0:00:00.623253
6020	6	6	6	1	0:00:00.618889
6040	2	7	7	0	0:00:00.614963
6060	3	-1	2	0	0:00:00.615598
6080	1	1	1	1	0:00:00.625803
6100	1	1	1	1	0:00:00.639088
6120	5	5	5	1	0:00:00.614920
6140	9	9	9	1	0:00:00.619028
6160	2	2	2	1	0:00:00.622594
6180	0	0	0	1	0:00:00.665782
6200	3	3	3	1	0:00:00.638385
6220	2	2	2	1	0:00:00.616139
6240	2	2	2	1	0:00:00.616079
6260	2	-1	2	0	0:00:00.644569
6280	8	8	8	1	0:00:00.617482
6300	1	1	1	1	0:00:00.631105
6320	0	0	0	1	0:00:00.617109
6340	3	3	3	1	0:00:00.609789
6360	2	2	2	1	0:00:00.613416
6380	3	3	3	1	0:00:00.602869
6400	0	-1	0	0	0:00:00.633785
6420	7	7	7	1	0:00:00.618545
6440	3	2	2	0	0:00:00.615609
6460	3	3	3	1	0:00:00.608716
6480	0	0	0	1	0:00:00.655654
6500	7	-1	3	0	0:00:00.648670
6520	6	6	6	1	0:00:00.629829
6540	8	8	8	1	0:00:00.626643
6560	6	6	5	1	0:00:00.629938
6580	1	1	1	1	0:00:00.625007
6600	7	7	7	1	0:00:00.616267
6620	7	7	7	1	0:00:00.621560
6640	5	3	3	0	0:00:00.639323
6660	0	0	0	1	0:00:00.701057
6680	3	3	3	1	0:00:00.645991
6700	6	6	6	1	0:00:00.618664
6720	2	2	2	1	0:00:00.624986
6740	2	2	2	1	0:00:00.637393
6760	5	5	5	1	0:00:00.628156
6780	7	7	7	1	0:00:00.617093
6800	6	-1	3	0	0:00:00.680658
6820	1	1	1	1	0:00:00.631262
6840	9	9	9	1	0:00:00.615797
6860	0	0	0	1	0:00:00.611716
6880	2	2	2	1	0:00:00.628476
6900	3	3	3	1	0:00:00.655316
6920	5	-1	2	0	0:00:00.647263
6940	1	1	1	1	0:00:00.636657
6960	9	9	9	1	0:00:00.637073
6980	0	-1	8	0	0:00:00.619862
7000	2	8	8	0	0:00:00.620579
7020	7	7	7	1	0:00:00.622866
7040	7	0	0	0	0:00:00.620697
7060	8	8	8	1	0:00:00.641601
7080	5	3	3	0	0:00:00.622615
7100	9	3	3	0	0:00:00.619126
7120	7	7	7	1	0:00:00.620622
7140	4	4	2	1	0:00:00.616043
7160	5	5	5	1	0:00:00.616994
7180	6	6	3	1	0:00:00.639181
7200	4	4	3	1	0:00:00.652218
7220	9	9	9	1	0:00:00.611984
7240	0	0	0	1	0:00:00.621721
7260	1	1	1	1	0:00:00.618478
7280	1	9	9	0	0:00:00.632231
7300	3	5	5	0	0:00:00.653005
7320	8	8	8	1	0:00:00.639700
7340	2	2	2	1	0:00:00.622714
7360	2	2	2	1	0:00:00.622703
7380	7	7	7	1	0:00:00.611839
7400	3	3	3	1	0:00:00.621501
7420	3	3	3	1	0:00:00.617811
7440	3	3	3	1	0:00:00.622382
7460	5	5	5	1	0:00:00.625366
7480	1	1	1	1	0:00:00.635208
7500	6	6	6	1	0:00:00.619776
7520	4	4	4	1	0:00:00.621312
7540	5	5	5	1	0:00:00.659974
7560	0	0	0	1	0:00:00.621353
7580	8	8	8	1	0:00:00.632529
7600	8	2	2	0	0:00:00.621276
7620	5	5	5	1	0:00:00.631545
7640	9	8	8	0	0:00:00.620278
7660	7	7	7	1	0:00:00.624922
7680	3	5	5	0	0:00:00.668619
7700	6	6	6	1	0:00:00.617905
7720	5	5	2	1	0:00:00.621084
7740	4	4	2	1	0:00:00.615218
7760	2	2	2	1	0:00:00.623559
7780	3	-1	0	0	0:00:00.621356
7800	0	0	0	1	0:00:00.640067
7820	5	3	3	0	0:00:00.675926
7840	1	1	1	1	0:00:00.636687
7860	8	8	8	1	0:00:00.620239
7880	0	0	0	1	0:00:00.624117
7900	0	0	0	1	0:00:00.616832
7920	9	9	9	1	0:00:00.620642
7940	2	2	2	1	0:00:00.646563
7960	0	0	0	1	0:00:00.624070
7980	3	3	3	1	0:00:00.620922
8000	9	9	9	1	0:00:00.620689
8020	6	3	3	0	0:00:00.617459
8040	2	2	2	1	0:00:00.623930
8060	6	6	6	1	0:00:00.618852
8080	4	4	4	1	0:00:00.626283
8100	6	-1	3	0	0:00:00.615991
8120	8	8	8	1	0:00:00.624478
8140	5	3	3	0	0:00:00.620137
8160	6	6	6	1	0:00:00.612498
8180	4	2	2	0	0:00:00.619890
8200	3	-1	3	0	0:00:00.616674
8220	6	6	7	1	0:00:00.631158
8240	7	7	7	1	0:00:00.611869
8260	1	1	1	1	0:00:00.621467
8280	4	4	4	1	0:00:00.629224
8300	5	-1	3	0	0:00:00.626888
8320	7	7	7	1	0:00:00.617996
8340	5	5	3	1	0:00:00.665175
8360	7	7	7	1	0:00:00.626782
8380	9	9	9	1	0:00:00.614074
8400	0	0	0	1	0:00:00.613961
8420	3	6	5	0	0:00:00.630103
8440	5	2	2	0	0:00:00.673993
8460	8	8	8	1	0:00:00.612701
8480	2	2	5	1	0:00:00.625600
8500	4	4	4	1	0:00:00.623523
8520	8	8	8	1	0:00:00.624404
8540	4	2	2	0	0:00:00.668493
8560	7	7	7	1	0:00:00.636351
8580	3	5	5	0	0:00:00.681214
8600	3	3	3	1	0:00:00.634978
8620	3	5	5	0	0:00:00.685404
8640	1	1	1	1	0:00:00.623924
8660	7	7	7	1	0:00:00.621023
8680	3	3	3	1	0:00:00.676418
8700	3	5	5	0	0:00:00.614540
8720	2	-1	0	0	0:00:00.623905
8740	2	2	2	1	0:00:00.616197
8760	8	8	8	1	0:00:00.621536
8780	4	7	7	0	0:00:00.623074
8800	0	0	0	1	0:00:00.626852
8820	2	2	2	1	0:00:00.614666
8840	2	2	2	1	0:00:00.617244
8860	2	2	2	1	0:00:00.620058
8880	1	1	1	1	0:00:00.616826
8900	2	2	2	1	0:00:00.612154
8920	6	6	6	1	0:00:00.620073
8940	6	6	6	1	0:00:00.620010
8960	0	-1	2	0	0:00:00.626468
8980	9	9	9	1	0:00:00.624065
9000	8	8	8	1	0:00:00.686265
9020	7	7	7	1	0:00:00.619543
9040	2	5	5	0	0:00:00.613888
9060	9	9	9	1	0:00:00.614463
9080	3	-1	2	0	0:00:00.621839
9100	9	9	1	1	0:00:00.622283
9120	3	2	2	0	0:00:00.629123
9140	7	7	7	1	0:00:00.676218
9160	5	3	3	0	0:00:00.626013
9180	5	5	5	1	0:00:00.621935
9200	8	8	8	1	0:00:00.627832
9220	8	8	8	1	0:00:00.627091
9240	8	8	8	1	0:00:00.650655
9260	5	3	3	0	0:00:00.654016
9280	9	9	9	1	0:00:00.622451
9300	5	3	3	0	0:00:00.627688
9320	9	9	9	1	0:00:00.624640
9340	1	1	1	1	0:00:00.623805
9360	5	0	0	0	0:00:00.671106
9380	5	3	3	0	0:00:00.678925
9400	6	6	6	1	0:00:00.614429
9420	5	5	5	1	0:00:00.683364
9440	8	8	8	1	0:00:00.664167
9460	3	3	3	1	0:00:00.647971
9480	2	-1	2	0	0:00:00.619788
9500	9	9	9	1	0:00:00.632718
9520	1	1	1	1	0:00:00.614507
9540	5	5	5	1	0:00:00.616724
9560	9	7	7	0	0:00:00.618375
9580	1	1	1	1	0:00:00.625675
9600	8	8	8	1	0:00:00.625220
9620	4	4	4	1	0:00:00.617891
9640	5	5	5	1	0:00:00.620960
9660	6	6	6	1	0:00:00.621285
9680	8	8	8	1	0:00:00.626273
9700	0	0	0	1	0:00:00.619517
9720	8	8	8	1	0:00:00.617093
9740	3	-1	3	0	0:00:00.618940
9760	9	9	9	1	0:00:00.672554
9780	4	4	2	1	0:00:00.630171
9800	1	1	1	1	0:00:00.611242
9820	0	0	8	1	0:00:00.621712
9840	4	7	7	0	0:00:00.622766
9860	0	0	0	1	0:00:00.623165
9880	7	7	7	1	0:00:00.615793
9900	8	8	8	1	0:00:00.620155
9920	6	6	6	1	0:00:00.684798
9940	4	4	4	1	0:00:00.614461
9960	2	0	0	0	0:00:00.618229
9980	0	0	0	1	0:00:00.620804
