idx	label	predict	basePredict	correct	time
0	3	3	3	1	0:00:15.777970
20	7	7	7	1	0:00:15.700549
40	4	4	4	1	0:00:15.716124
60	7	7	7	1	0:00:15.708186
80	8	8	8	1	0:00:15.649579
100	4	3	3	0	0:00:15.669161
120	8	1	8	0	0:00:15.643192
140	6	6	6	1	0:00:15.663862
160	2	2	2	1	0:00:15.653503
180	0	0	0	1	0:00:15.698097
200	5	5	5	1	0:00:15.674743
220	7	5	5	0	0:00:15.681724
240	1	1	1	1	0:00:15.663138
260	8	8	8	1	0:00:15.650151
280	9	9	9	1	0:00:15.652357
300	6	6	6	1	0:00:15.644826
320	3	3	3	1	0:00:15.655486
340	2	4	4	0	0:00:15.669489
360	9	9	9	1	0:00:15.687818
380	6	6	6	1	0:00:15.688217
400	9	9	9	1	0:00:15.667490
420	4	4	4	1	0:00:15.674203
440	1	1	1	1	0:00:15.661105
460	5	5	5	1	0:00:15.648275
480	8	8	8	1	0:00:15.671687
500	4	6	6	0	0:00:15.643200
520	5	5	5	1	0:00:15.685900
540	1	1	1	1	0:00:15.659885
560	0	0	0	1	0:00:15.754462
580	4	4	4	1	0:00:15.754916
600	8	8	8	1	0:00:15.651933
620	7	7	7	1	0:00:15.707399
640	5	3	3	0	0:00:15.670218
660	9	9	9	1	0:00:15.644957
680	9	7	7	0	0:00:15.648369
700	7	7	7	1	0:00:15.642403
720	4	4	4	1	0:00:15.691867
740	2	5	5	0	0:00:15.658382
760	3	3	3	1	0:00:15.677060
780	9	9	9	1	0:00:15.651078
800	7	7	7	1	0:00:15.638057
820	6	5	5	0	0:00:15.651255
840	7	7	7	1	0:00:15.655127
860	4	4	4	1	0:00:15.706599
880	8	8	8	1	0:00:15.656806
900	2	6	6	0	0:00:15.648019
920	6	4	0	0	0:00:15.673700
940	9	9	9	1	0:00:15.656531
960	9	9	3	1	0:00:15.672360
980	2	6	2	0	0:00:15.660633
1000	5	5	5	1	0:00:14.952750
1020	1	1	1	1	0:00:14.945613
1040	7	7	7	1	0:00:14.951479
1060	9	9	9	1	0:00:14.955845
1080	6	6	2	1	0:00:14.967297
1100	7	7	7	1	0:00:14.945686
1120	5	2	2	0	0:00:14.944124
1140	6	6	6	1	0:00:14.945798
1160	8	8	8	1	0:00:14.935000
1180	3	2	2	0	0:00:14.950966
1200	8	8	8	1	0:00:14.947430
1220	9	3	3	0	0:00:15.011358
1240	2	6	6	0	0:00:14.981199
1260	1	9	9	0	0:00:14.986451
1280	3	5	5	0	0:00:14.960672
1300	4	3	3	0	0:00:14.950538
1320	7	7	7	1	0:00:14.973712
1340	1	1	1	1	0:00:14.944205
1360	7	7	7	1	0:00:14.961864
1380	4	5	4	0	0:00:14.961579
1400	5	5	5	1	0:00:14.955787
1420	4	4	4	1	0:00:14.941140
1440	0	8	8	0	0:00:14.936810
1460	6	6	6	1	0:00:14.947409
1480	1	1	1	1	0:00:14.976204
1500	1	1	1	1	0:00:14.952312
1520	7	7	7	1	0:00:14.942266
1540	8	8	8	1	0:00:14.972035
1560	7	7	7	1	0:00:14.969091
1580	6	1	1	0	0:00:15.000443
1600	8	9	9	0	0:00:14.956274
1620	5	3	3	0	0:00:14.943767
1640	7	4	4	0	0:00:14.950811
1660	3	3	3	1	0:00:14.929073
1680	6	6	6	1	0:00:15.007264
1700	5	3	3	0	0:00:14.976750
1720	4	4	3	1	0:00:14.950064
1740	1	1	1	1	0:00:14.943936
1760	0	0	0	1	0:00:14.949413
1780	7	7	7	1	0:00:14.951581
1800	4	8	8	0	0:00:14.956171
1820	8	8	8	1	0:00:14.931749
1840	8	9	4	0	0:00:14.938835
1860	8	8	8	1	0:00:14.933121
1880	1	1	1	1	0:00:14.953014
1900	8	8	8	1	0:00:14.925613
1920	2	2	2	1	0:00:14.932997
1940	5	5	5	1	0:00:14.924269
1960	2	5	5	0	0:00:14.946528
1980	9	9	9	1	0:00:14.929729
2000	1	1	1	1	0:00:14.925238
2020	9	9	9	1	0:00:14.947703
2040	0	0	0	1	0:00:14.928821
2060	5	3	3	0	0:00:14.921818
2080	1	1	1	1	0:00:14.935426
2100	2	2	2	1	0:00:14.918370
2120	4	8	8	0	0:00:14.926658
2140	9	9	9	1	0:00:14.969229
2160	0	0	0	1	0:00:14.929733
2180	4	4	4	1	0:00:14.922995
2200	0	6	6	0	0:00:14.940129
2220	1	1	1	1	0:00:14.932489
2240	9	9	1	1	0:00:14.928572
2260	4	4	4	1	0:00:14.913675
2280	4	8	8	0	0:00:14.938050
2300	3	4	3	0	0:00:14.932826
2320	5	3	3	0	0:00:14.936064
2340	7	7	7	1	0:00:14.922403
2360	7	7	7	1	0:00:14.934112
2380	8	8	8	1	0:00:14.941962
2400	0	0	0	1	0:00:14.923421
2420	8	8	7	1	0:00:14.937029
2440	7	7	7	1	0:00:14.970871
2460	9	9	9	1	0:00:14.924921
2480	8	8	8	1	0:00:14.931460
2500	4	6	6	0	0:00:14.925492
2520	1	3	3	0	0:00:14.948864
2540	2	2	2	1	0:00:14.926665
2560	7	7	7	1	0:00:14.928751
2580	6	6	6	1	0:00:14.922759
2600	8	8	8	1	0:00:14.930781
2620	1	1	1	1	0:00:14.947126
2640	7	7	7	1	0:00:14.930902
2660	3	3	3	1	0:00:14.927578
2680	0	0	0	1	0:00:14.953346
2700	9	1	1	0	0:00:14.940046
2720	3	3	3	1	0:00:14.941859
2740	1	1	1	1	0:00:14.928669
2760	2	2	2	1	0:00:14.943842
2780	7	7	7	1	0:00:14.967132
2800	4	4	4	1	0:00:14.931984
2820	6	6	6	1	0:00:14.927786
2840	3	3	3	1	0:00:14.933566
2860	5	5	3	1	0:00:14.911910
2880	4	4	4	1	0:00:14.930146
2900	3	3	3	1	0:00:14.932523
2920	2	3	0	0	0:00:14.970854
2940	3	0	0	0	0:00:14.935996
2960	9	9	9	1	0:00:14.962572
2980	8	8	8	1	0:00:14.962885
3000	5	5	5	1	0:00:14.937500
3020	1	1	1	1	0:00:14.918957
3040	7	7	7	1	0:00:14.956563
3060	7	7	7	1	0:00:14.953752
3080	1	1	1	1	0:00:14.947589
3100	0	0	0	1	0:00:14.933095
3120	4	6	2	0	0:00:14.930018
3140	8	8	8	1	0:00:14.922102
3160	6	2	2	0	0:00:14.960745
3180	3	6	5	0	0:00:14.926987
3200	5	5	5	1	0:00:14.925156
3220	3	3	3	1	0:00:14.918927
3240	4	4	4	1	0:00:14.936539
3260	7	7	7	1	0:00:14.925643
3280	3	5	5	0	0:00:14.916260
3300	4	4	4	1	0:00:14.913748
3320	2	7	7	0	0:00:14.924373
3340	6	6	6	1	0:00:14.910736
3360	4	4	4	1	0:00:14.910829
3380	8	8	8	1	0:00:14.930917
3400	6	4	4	0	0:00:14.928053
3420	5	3	3	0	0:00:14.922302
3440	2	3	3	0	0:00:14.941028
3460	1	1	1	1	0:00:14.942038
3480	2	2	2	1	0:00:14.933167
3500	1	1	1	1	0:00:14.917880
3520	1	1	1	1	0:00:14.924314
3540	6	6	3	1	0:00:14.917077
3560	1	9	9	0	0:00:14.933944
3580	4	4	4	1	0:00:14.919356
3600	4	3	3	0	0:00:14.915924
3620	0	0	0	1	0:00:14.912824
3640	6	6	6	1	0:00:14.939063
3660	0	0	0	1	0:00:14.918824
3680	0	0	0	1	0:00:14.974363
3700	3	3	3	1	0:00:14.919673
3720	2	2	2	1	0:00:14.927559
3740	0	0	0	1	0:00:14.935827
3760	7	7	7	1	0:00:14.947121
3780	4	4	4	1	0:00:14.925870
3800	9	9	9	1	0:00:14.934894
3820	0	0	0	1	0:00:14.910812
3840	6	6	6	1	0:00:14.905612
3860	7	7	7	1	0:00:14.908817
3880	6	6	6	1	0:00:14.939410
3900	3	6	6	0	0:00:14.906306
3920	7	7	7	1	0:00:14.925919
3940	6	3	3	0	0:00:14.911590
3960	2	2	2	1	0:00:14.917612
3980	9	6	2	0	0:00:14.917197
4000	8	4	4	0	0:00:14.916399
4020	8	8	8	1	0:00:14.921103
4040	0	0	0	1	0:00:14.980381
4060	6	6	6	1	0:00:14.929523
4080	1	1	1	1	0:00:14.923853
4100	7	7	7	1	0:00:14.945155
4120	4	4	4	1	0:00:14.945731
4140	5	5	5	1	0:00:14.932820
4160	5	5	5	1	0:00:14.944761
4180	0	8	8	0	0:00:14.908701
4200	4	4	4	1	0:00:14.927240
4220	4	0	0	0	0:00:14.918453
4240	7	7	7	1	0:00:14.919544
4260	8	8	8	1	0:00:14.915789
4280	8	0	0	0	0:00:14.933390
4300	8	8	8	1	0:00:14.917099
4320	1	1	1	1	0:00:14.913796
4340	0	0	0	1	0:00:14.918423
4360	6	9	9	0	0:00:14.923043
4380	9	9	9	1	0:00:14.920733
4400	3	5	5	0	0:00:14.923489
4420	5	5	5	1	0:00:14.913862
4440	2	2	2	1	0:00:14.928357
4460	9	9	9	1	0:00:14.913078
4480	9	9	9	1	0:00:14.916474
4500	3	3	3	1	0:00:14.908685
4520	3	6	6	0	0:00:14.919159
4540	9	9	9	1	0:00:14.915537
4560	1	1	1	1	0:00:14.925819
4580	6	6	4	1	0:00:14.949277
4600	4	4	4	1	0:00:14.921131
4620	7	3	3	0	0:00:14.923923
4640	2	2	2	1	0:00:14.919788
4660	7	7	7	1	0:00:14.920700
4680	9	9	9	1	0:00:14.928682
4700	6	5	5	0	0:00:14.927375
4720	8	8	8	1	0:00:14.924092
4740	5	3	3	0	0:00:14.924785
4760	3	2	2	0	0:00:14.922105
4780	0	0	0	1	0:00:14.952774
4800	9	9	9	1	0:00:14.923384
4820	3	3	3	1	0:00:14.921736
4840	0	0	0	1	0:00:14.920031
4860	5	5	5	1	0:00:14.920400
4880	0	7	7	0	0:00:14.919717
4900	3	3	3	1	0:00:14.911219
4920	7	7	7	1	0:00:14.931934
4940	6	6	6	1	0:00:14.937805
4960	4	4	3	1	0:00:14.938998
4980	1	1	1	1	0:00:14.935227
5000	7	7	7	1	0:00:14.927015
5020	8	8	8	1	0:00:14.923302
5040	3	3	3	1	0:00:14.914990
5060	6	6	6	1	0:00:14.934782
5080	7	4	4	0	0:00:14.919211
5100	3	3	3	1	0:00:14.921200
5120	9	9	9	1	0:00:14.951975
5140	8	8	8	1	0:00:14.930510
5160	0	0	0	1	0:00:14.920999
5180	9	7	7	0	0:00:14.922533
5200	3	3	3	1	0:00:14.952690
5220	0	0	0	1	0:00:14.928053
5240	1	9	9	0	0:00:14.932956
5260	0	0	0	1	0:00:14.910374
5280	0	3	3	0	0:00:14.921092
5300	9	9	9	1	0:00:14.941160
5320	7	7	7	1	0:00:14.937365
5340	3	3	3	1	0:00:14.910395
5360	9	9	9	1	0:00:14.921215
5380	1	9	9	0	0:00:14.911553
5400	9	9	9	1	0:00:14.934776
5420	6	6	6	1	0:00:14.914006
5440	9	9	9	1	0:00:14.922093
5460	0	0	0	1	0:00:14.933341
5480	1	1	1	1	0:00:14.932662
5500	8	8	8	1	0:00:14.916013
5520	4	4	4	1	0:00:14.940275
5540	5	5	5	1	0:00:14.926679
5560	3	6	5	0	0:00:14.911203
5580	5	6	3	0	0:00:14.907085
5600	6	6	5	1	0:00:14.918011
5620	3	3	2	1	0:00:14.915814
5640	2	3	3	0	0:00:14.917737
5660	9	9	9	1	0:00:14.996022
5680	2	3	3	0	0:00:14.931550
5700	3	5	5	0	0:00:14.925946
5720	9	9	9	1	0:00:14.921019
5740	6	4	4	0	0:00:15.004126
5760	2	2	2	1	0:00:14.943192
5780	7	7	7	1	0:00:14.926904
5800	2	2	2	1	0:00:14.915803
5820	5	5	5	1	0:00:14.965712
5840	2	2	2	1	0:00:14.993916
5860	0	0	0	1	0:00:14.965986
5880	0	0	0	1	0:00:14.922730
5900	4	0	3	0	0:00:14.917844
5920	8	8	8	1	0:00:14.930074
5940	7	7	7	1	0:00:14.951463
5960	2	3	3	0	0:00:14.922265
5980	9	9	9	1	0:00:14.940475
6000	8	8	8	1	0:00:14.936545
6020	6	6	6	1	0:00:14.919940
6040	2	3	7	0	0:00:14.922441
6060	3	4	3	0	0:00:14.915024
6080	1	1	1	1	0:00:14.922041
6100	1	1	1	1	0:00:14.943919
6120	5	5	5	1	0:00:14.973402
6140	9	9	9	1	0:00:14.926341
6160	2	2	2	1	0:00:14.931438
6180	0	0	0	1	0:00:14.929046
6200	3	3	3	1	0:00:14.947098
6220	2	2	2	1	0:00:14.918400
6240	2	2	2	1	0:00:14.925330
6260	2	2	2	1	0:00:14.908396
6280	8	3	5	0	0:00:14.925300
6300	1	1	1	1	0:00:14.923831
6320	0	0	0	1	0:00:14.916954
6340	3	3	3	1	0:00:14.905048
6360	2	2	2	1	0:00:14.926973
6380	3	3	3	1	0:00:14.914655
6400	0	8	8	0	0:00:14.950819
6420	7	7	7	1	0:00:14.922371
6440	3	8	8	0	0:00:14.910617
6460	3	3	3	1	0:00:14.920862
6480	0	0	0	1	0:00:14.919042
6500	7	6	3	0	0:00:14.907689
6520	6	6	4	1	0:00:14.917698
6540	8	8	8	1	0:00:14.923948
6560	6	6	6	1	0:00:14.926413
6580	1	1	1	1	0:00:14.905617
6600	7	7	7	1	0:00:14.920799
6620	7	7	7	1	0:00:14.911487
6640	5	3	3	0	0:00:14.919462
6660	0	0	0	1	0:00:14.911484
6680	3	4	5	0	0:00:14.920937
6700	6	6	6	1	0:00:14.948843
6720	2	2	2	1	0:00:14.911448
6740	2	2	2	1	0:00:14.905274
6760	5	3	5	0	0:00:14.911134
6780	7	7	7	1	0:00:14.915086
6800	6	6	4	1	0:00:14.921882
6820	1	1	1	1	0:00:14.908079
6840	9	9	9	1	0:00:14.915970
6860	0	0	0	1	0:00:14.910544
6880	2	2	2	1	0:00:14.940805
6900	3	3	3	1	0:00:14.917478
6920	5	2	2	0	0:00:14.929469
6940	1	1	1	1	0:00:14.912127
6960	9	9	9	1	0:00:14.915228
6980	0	0	0	1	0:00:14.936298
7000	2	8	8	0	0:00:15.007220
7020	7	7	7	1	0:00:14.992471
7040	7	0	0	0	0:00:14.955883
7060	8	8	8	1	0:00:14.925071
7080	5	4	4	0	0:00:14.921757
7100	9	3	3	0	0:00:14.931451
7120	7	7	7	1	0:00:14.906437
7140	4	4	4	1	0:00:14.917440
7160	5	5	5	1	0:00:14.915951
7180	6	6	6	1	0:00:14.912534
7200	4	4	4	1	0:00:14.920995
7220	9	9	9	1	0:00:14.919633
7240	0	0	0	1	0:00:14.926294
7260	1	1	1	1	0:00:14.946950
7280	1	9	9	0	0:00:14.915341
7300	3	5	5	0	0:00:14.912564
7320	8	0	0	0	0:00:14.922514
7340	2	2	0	1	0:00:14.905547
7360	2	2	2	1	0:00:14.965007
7380	7	7	7	1	0:00:14.912938
7400	3	3	3	1	0:00:14.902242
7420	3	4	3	0	0:00:14.924052
7440	3	3	3	1	0:00:14.911253
7460	5	5	5	1	0:00:14.948242
7480	1	1	1	1	0:00:14.923421
7500	6	6	6	1	0:00:14.918724
7520	4	4	4	1	0:00:14.917350
7540	5	5	5	1	0:00:14.910485
7560	0	0	0	1	0:00:14.925307
7580	8	8	8	1	0:00:14.936990
7600	8	2	2	0	0:00:14.925666
7620	5	3	3	0	0:00:14.916515
7640	9	9	8	1	0:00:14.917599
7660	7	7	7	1	0:00:14.903928
7680	3	5	5	0	0:00:14.935533
7700	6	6	6	1	0:00:14.912691
7720	5	5	5	1	0:00:14.910082
7740	4	4	4	1	0:00:14.951213
7760	2	0	0	0	0:00:14.928844
7780	3	8	8	0	0:00:14.921858
7800	0	0	0	1	0:00:14.964331
7820	5	5	5	1	0:00:14.920606
7840	1	1	1	1	0:00:14.918483
7860	8	8	8	1	0:00:14.910753
7880	0	0	0	1	0:00:14.917851
7900	0	0	0	1	0:00:14.905274
7920	9	9	9	1	0:00:14.910154
7940	2	6	6	0	0:00:14.897673
7960	0	0	0	1	0:00:14.913086
7980	3	3	3	1	0:00:14.902976
8000	9	9	9	1	0:00:14.940679
8020	6	3	3	0	0:00:14.920627
8040	2	2	2	1	0:00:14.915901
8060	6	6	6	1	0:00:14.932704
8080	4	4	4	1	0:00:14.951377
8100	6	2	2	0	0:00:14.936432
8120	8	8	8	1	0:00:14.985397
8140	5	7	7	0	0:00:14.911577
8160	6	6	6	1	0:00:14.928134
8180	4	4	4	1	0:00:14.918307
8200	3	6	0	0	0:00:14.916765
8220	6	6	6	1	0:00:14.909092
8240	7	7	7	1	0:00:14.913472
8260	1	1	1	1	0:00:14.913487
8280	4	4	4	1	0:00:14.934031
8300	5	3	5	0	0:00:14.907264
8320	7	7	7	1	0:00:14.926692
8340	5	3	3	0	0:00:14.915035
8360	7	7	7	1	0:00:14.910239
8380	9	9	9	1	0:00:14.923324
8400	0	0	0	1	0:00:14.916478
8420	3	6	6	0	0:00:14.908874
8440	5	3	2	0	0:00:14.912132
8460	8	8	8	1	0:00:14.921468
8480	2	2	2	1	0:00:14.907651
8500	4	4	4	1	0:00:14.916047
8520	8	8	8	1	0:00:14.928695
8540	4	6	2	0	0:00:14.916171
8560	7	7	7	1	0:00:14.912277
8580	3	5	5	0	0:00:14.938243
8600	3	3	3	1	0:00:14.938700
8620	3	5	5	0	0:00:14.927840
8640	1	1	1	1	0:00:14.948238
8660	7	7	7	1	0:00:14.941797
8680	3	3	3	1	0:00:14.924249
8700	3	3	3	1	0:00:14.910849
8720	2	0	0	0	0:00:14.913896
8740	2	5	5	0	0:00:14.906184
8760	8	8	8	1	0:00:14.923990
8780	4	4	4	1	0:00:14.919547
8800	0	0	0	1	0:00:14.918517
8820	2	2	2	1	0:00:14.939124
8840	2	7	7	0	0:00:14.905052
8860	2	2	2	1	0:00:14.912005
8880	1	1	1	1	0:00:14.914593
8900	2	4	4	0	0:00:14.916675
8920	6	6	6	1	0:00:14.918140
8940	6	3	3	0	0:00:14.916422
8960	0	2	2	0	0:00:14.917802
8980	9	9	9	1	0:00:14.914950
9000	8	8	8	1	0:00:14.920995
9020	7	7	7	1	0:00:14.910576
9040	2	5	5	0	0:00:14.923957
9060	9	9	9	1	0:00:14.991431
9080	3	3	3	1	0:00:14.914680
9100	9	1	1	0	0:00:14.923942
9120	3	2	2	0	0:00:14.908502
9140	7	7	7	1	0:00:14.907858
9160	5	3	3	0	0:00:14.960096
9180	5	5	5	1	0:00:14.924644
9200	8	8	8	1	0:00:15.013254
9220	8	8	8	1	0:00:14.915241
9240	8	8	8	1	0:00:14.926628
9260	5	5	5	1	0:00:14.933987
9280	9	9	8	1	0:00:14.912837
9300	5	3	4	0	0:00:14.951656
9320	9	9	9	1	0:00:14.908774
9340	1	1	1	1	0:00:14.924327
9360	5	0	5	0	0:00:14.928573
9380	5	3	3	0	0:00:14.905539
9400	6	6	6	1	0:00:14.904394
9420	5	5	5	1	0:00:14.921611
9440	8	8	8	1	0:00:14.911666
9460	3	3	7	1	0:00:14.908714
9480	2	2	2	1	0:00:14.976284
9500	9	9	9	1	0:00:14.951197
9520	1	1	1	1	0:00:14.915786
9540	5	5	5	1	0:00:14.946483
9560	9	7	7	0	0:00:14.941680
9580	1	1	1	1	0:00:14.912998
9600	8	8	8	1	0:00:14.913358
9620	4	4	4	1	0:00:14.945472
9640	5	5	5	1	0:00:14.924304
9660	6	6	6	1	0:00:14.923910
9680	8	8	8	1	0:00:14.914604
9700	0	0	0	1	0:00:14.903794
9720	8	1	1	0	0:00:14.914263
9740	3	6	6	0	0:00:14.902713
9760	9	7	7	0	0:00:14.956004
9780	4	6	4	0	0:00:14.925672
9800	1	1	1	1	0:00:14.956745
9820	0	8	8	0	0:00:14.927303
9840	4	7	7	0	0:00:14.934111
9860	0	0	0	1	0:00:14.919364
9880	7	8	8	0	0:00:14.918598
9900	8	8	8	1	0:00:14.922693
9920	6	6	6	1	0:00:14.934741
9940	4	6	6	0	0:00:14.920612
9960	2	0	0	0	0:00:14.997704
9980	0	0	0	1	0:00:14.916028
