idx	label	predict	basePredict	correct	time
0	3	4	4	0	0:00:01.358408
20	7	9	9	0	0:00:01.202335
40	4	8	8	0	0:00:01.247284
60	7	2	2	0	0:00:01.224035
80	8	8	8	1	0:00:01.241270
100	4	5	5	0	0:00:01.273099
120	8	8	8	1	0:00:01.265081
140	6	2	2	0	0:00:01.273856
160	2	0	0	0	0:00:01.261835
180	0	0	0	1	0:00:01.270802
200	5	3	3	0	0:00:01.311028
220	7	7	7	1	0:00:01.317812
240	1	1	6	1	0:00:01.242037
260	8	5	5	0	0:00:01.247450
280	9	9	8	1	0:00:01.272104
300	6	4	4	0	0:00:01.230498
320	3	2	2	0	0:00:01.277532
340	2	-1	4	0	0:00:01.268748
360	9	6	6	0	0:00:01.207512
380	6	-1	8	0	0:00:01.195637
400	9	9	9	1	0:00:01.232572
420	4	6	6	0	0:00:01.203222
440	1	1	2	1	0:00:01.210254
460	5	5	4	1	0:00:01.264215
480	8	9	9	0	0:00:01.244704
500	4	6	2	0	0:00:01.230291
520	5	-1	8	0	0:00:01.226158
540	1	8	8	0	0:00:01.230976
560	0	8	8	0	0:00:01.249357
580	4	6	6	0	0:00:01.187936
600	8	-1	0	0	0:00:01.191527
620	7	-1	2	0	0:00:01.234288
640	5	6	6	0	0:00:01.217957
660	9	9	9	1	0:00:01.264366
680	9	9	9	1	0:00:01.224554
700	7	7	2	1	0:00:01.254980
720	4	9	9	0	0:00:01.262882
740	2	5	5	0	0:00:01.259862
760	3	9	9	0	0:00:01.265843
780	9	0	0	0	0:00:01.221250
800	7	7	7	1	0:00:01.233514
820	6	9	9	0	0:00:01.222731
840	7	7	7	1	0:00:01.236011
860	4	4	6	1	0:00:01.301586
880	8	8	8	1	0:00:01.276691
900	2	6	6	0	0:00:01.260581
920	6	2	2	0	0:00:01.276540
940	9	6	4	0	0:00:01.252059
960	9	9	4	1	0:00:01.530958
980	2	6	6	0	0:00:01.412522
1000	5	5	5	1	0:00:01.229686
1020	1	8	8	0	0:00:01.223068
1040	7	5	5	0	0:00:01.233561
1060	9	8	8	0	0:00:01.248411
1080	6	6	6	1	0:00:01.172878
1100	7	8	8	0	0:00:01.189709
1120	5	8	8	0	0:00:01.206868
1140	6	4	4	0	0:00:01.186860
1160	8	0	0	0	0:00:01.216273
1180	3	9	9	0	0:00:01.194819
1200	8	0	0	0	0:00:01.200222
1220	9	2	2	0	0:00:01.199793
1240	2	6	6	0	0:00:01.208239
1260	1	9	9	0	0:00:01.200845
1280	3	7	7	0	0:00:01.200337
1300	4	6	6	0	0:00:01.178388
1320	7	7	0	1	0:00:01.196638
1340	1	1	1	1	0:00:01.189758
1360	7	-1	2	0	0:00:01.162220
1380	4	5	8	0	0:00:01.187485
1400	5	2	2	0	0:00:01.191639
1420	4	7	7	0	0:00:01.181238
1440	0	8	8	0	0:00:01.184914
1460	6	6	4	1	0:00:01.180692
1480	1	5	5	0	0:00:01.180278
1500	1	9	8	0	0:00:01.168316
1520	7	6	4	0	0:00:01.193961
1540	8	8	8	1	0:00:01.179157
1560	7	7	7	1	0:00:01.194446
1580	6	-1	9	0	0:00:01.173365
1600	8	9	4	0	0:00:01.203151
1620	5	8	8	0	0:00:01.196557
1640	7	5	5	0	0:00:01.205290
1660	3	-1	4	0	0:00:01.190080
1680	6	6	6	1	0:00:01.194050
1700	5	-1	0	0	0:00:01.166839
1720	4	0	0	0	0:00:01.190532
1740	1	-1	0	0	0:00:01.194668
1760	0	8	8	0	0:00:01.194468
1780	7	8	8	0	0:00:01.193403
1800	4	8	8	0	0:00:01.184430
1820	8	9	9	0	0:00:01.164657
1840	8	7	7	0	0:00:01.130589
1860	8	8	8	1	0:00:01.141293
1880	1	1	4	1	0:00:01.103068
1900	8	8	8	1	0:00:01.108982
1920	2	7	2	0	0:00:01.109894
1940	5	2	2	0	0:00:01.110133
1960	2	5	5	0	0:00:01.100791
1980	9	9	2	1	0:00:01.117754
2000	1	6	6	0	0:00:01.146711
2020	9	9	9	1	0:00:01.103952
2040	0	8	8	0	0:00:01.148161
2060	5	5	5	1	0:00:01.169836
2080	1	2	2	0	0:00:01.184980
2100	2	4	4	0	0:00:01.181637
2120	4	8	8	0	0:00:01.198225
2140	9	9	1	1	0:00:01.197492
2160	0	8	8	0	0:00:01.186050
2180	4	6	6	0	0:00:01.176987
2200	0	0	0	1	0:00:01.174348
2220	1	1	4	1	0:00:01.173023
2240	9	9	9	1	0:00:01.184819
2260	4	-1	4	0	0:00:01.183819
2280	4	8	8	0	0:00:01.212899
2300	3	6	4	0	0:00:01.198621
2320	5	8	8	0	0:00:01.178572
2340	7	7	7	1	0:00:01.172116
2360	7	7	0	1	0:00:01.173105
2380	8	8	8	1	0:00:01.175987
2400	0	0	0	1	0:00:01.154998
2420	8	5	5	0	0:00:01.140445
2440	7	-1	8	0	0:00:01.166463
2460	9	-1	6	0	0:00:01.167902
2480	8	8	8	1	0:00:01.180077
2500	4	-1	2	0	0:00:01.172176
2520	1	8	8	0	0:00:01.188147
2540	2	3	3	0	0:00:01.186035
2560	7	-1	0	0	0:00:01.186249
2580	6	4	4	0	0:00:01.180977
2600	8	8	8	1	0:00:01.170376
2620	1	6	4	0	0:00:01.182750
2640	7	7	2	1	0:00:01.181945
2660	3	0	0	0	0:00:01.179040
2680	0	0	0	1	0:00:01.176360
2700	9	0	0	0	0:00:01.178970
2720	3	8	8	0	0:00:01.173872
2740	1	1	6	1	0:00:01.163322
2760	2	6	6	0	0:00:01.169961
2780	7	7	6	1	0:00:01.180474
2800	4	6	6	0	0:00:01.187505
2820	6	6	6	1	0:00:01.166412
2840	3	3	3	1	0:00:01.171589
2860	5	7	7	0	0:00:01.180233
2880	4	4	4	1	0:00:01.186796
2900	3	5	4	0	0:00:01.162840
2920	2	8	8	0	0:00:01.184719
2940	3	8	8	0	0:00:01.196907
2960	9	7	7	0	0:00:01.201140
2980	8	1	4	0	0:00:01.191849
3000	5	5	5	1	0:00:01.189286
3020	1	1	4	1	0:00:01.201959
3040	7	7	7	1	0:00:01.198892
3060	7	7	7	1	0:00:01.208672
3080	1	2	2	0	0:00:01.169824
3100	0	0	0	1	0:00:01.198012
3120	4	6	4	0	0:00:01.193269
3140	8	8	8	1	0:00:01.195256
3160	6	4	4	0	0:00:01.190819
3180	3	8	8	0	0:00:01.193008
3200	5	1	6	0	0:00:01.179603
3220	3	7	7	0	0:00:01.156971
3240	4	0	0	0	0:00:01.147280
3260	7	0	0	0	0:00:01.175285
3280	3	0	0	0	0:00:01.191887
3300	4	4	2	1	0:00:01.168725
3320	2	-1	7	0	0:00:01.169999
3340	6	4	4	0	0:00:01.174957
3360	4	6	6	0	0:00:01.166144
3380	8	9	8	0	0:00:01.152617
3400	6	-1	4	0	0:00:01.147623
3420	5	6	6	0	0:00:01.159763
3440	2	9	9	0	0:00:01.136985
3460	1	1	4	1	0:00:01.189890
3480	2	2	2	1	0:00:01.146081
3500	1	4	4	0	0:00:01.182726
3520	1	1	1	1	0:00:01.182091
3540	6	8	8	0	0:00:01.183836
3560	1	9	8	0	0:00:01.184515
3580	4	1	8	0	0:00:01.180234
3600	4	2	2	0	0:00:01.165173
3620	0	7	7	0	0:00:01.174485
3640	6	2	0	0	0:00:01.200254
3660	0	8	8	0	0:00:01.177345
3680	0	-1	2	0	0:00:01.185338
3700	3	-1	4	0	0:00:01.180355
3720	2	2	0	1	0:00:01.177589
3740	0	-1	8	0	0:00:01.173856
3760	7	7	7	1	0:00:01.194660
3780	4	2	2	0	0:00:01.197393
3800	9	9	0	1	0:00:01.191662
3820	0	0	0	1	0:00:01.203057
3840	6	-1	5	0	0:00:01.196507
3860	7	7	7	1	0:00:01.178170
3880	6	4	4	0	0:00:01.203384
3900	3	0	0	0	0:00:01.183616
3920	7	8	8	0	0:00:01.102560
3940	6	7	4	0	0:00:01.103323
3960	2	5	5	0	0:00:01.105278
3980	9	7	7	0	0:00:01.105377
4000	8	7	4	0	0:00:01.136232
4020	8	9	8	0	0:00:01.100443
4040	0	-1	0	0	0:00:01.096221
4060	6	0	0	0	0:00:01.133753
4080	1	8	8	0	0:00:01.113945
4100	7	7	7	1	0:00:01.098822
4120	4	0	0	0	0:00:01.114628
4140	5	2	2	0	0:00:01.126731
4160	5	2	2	0	0:00:01.136376
4180	0	0	8	1	0:00:01.206615
4200	4	2	2	0	0:00:01.162384
4220	4	0	0	0	0:00:01.187558
4240	7	8	8	0	0:00:01.180847
4260	8	9	9	0	0:00:01.178461
4280	8	8	8	1	0:00:01.193530
4300	8	8	8	1	0:00:01.147098
4320	1	8	8	0	0:00:01.186416
4340	0	8	0	0	0:00:01.175305
4360	6	9	9	0	0:00:01.166060
4380	9	9	8	1	0:00:01.187870
4400	3	8	8	0	0:00:01.178674
4420	5	8	8	0	0:00:01.168862
4440	2	6	6	0	0:00:01.195300
4460	9	8	8	0	0:00:01.190865
4480	9	6	6	0	0:00:01.184614
4500	3	7	7	0	0:00:01.180827
4520	3	6	6	0	0:00:01.180522
4540	9	9	9	1	0:00:01.194684
4560	1	-1	4	0	0:00:01.187519
4580	6	-1	4	0	0:00:01.172319
4600	4	7	7	0	0:00:01.183985
4620	7	3	3	0	0:00:01.190475
4640	2	5	5	0	0:00:01.197266
4660	7	2	2	0	0:00:01.196604
4680	9	1	1	0	0:00:01.186704
4700	6	1	4	0	0:00:01.185482
4720	8	0	0	0	0:00:01.168169
4740	5	6	6	0	0:00:01.186633
4760	3	8	8	0	0:00:01.188938
4780	0	8	8	0	0:00:01.172854
4800	9	9	9	1	0:00:01.194291
4820	3	5	6	0	0:00:01.188800
4840	0	0	0	1	0:00:01.189002
4860	5	5	5	1	0:00:01.191590
4880	0	2	2	0	0:00:01.186235
4900	3	6	6	0	0:00:01.196160
4920	7	0	0	0	0:00:01.171340
4940	6	2	2	0	0:00:01.186925
4960	4	6	6	0	0:00:01.178555
4980	1	9	8	0	0:00:01.191952
5000	7	7	7	1	0:00:01.186479
5020	8	8	8	1	0:00:01.189023
5040	3	7	4	0	0:00:01.175797
5060	6	6	4	1	0:00:01.171483
5080	7	7	7	1	0:00:01.208715
5100	3	4	4	0	0:00:01.176766
5120	9	8	8	0	0:00:01.182012
5140	8	-1	8	0	0:00:01.168728
5160	0	8	8	0	0:00:01.192953
5180	9	6	4	0	0:00:01.183089
5200	3	3	3	1	0:00:01.191580
5220	0	0	0	1	0:00:01.175662
5240	1	2	2	0	0:00:01.202082
5260	0	0	0	1	0:00:01.183396
5280	0	8	8	0	0:00:01.193361
5300	9	1	6	0	0:00:01.201113
5320	7	7	7	1	0:00:01.209028
5340	3	2	8	0	0:00:01.178428
5360	9	9	9	1	0:00:01.193894
5380	1	9	9	0	0:00:01.182605
5400	9	0	0	0	0:00:01.197354
5420	6	7	7	0	0:00:01.189440
5440	9	9	8	1	0:00:01.188885
5460	0	6	6	0	0:00:01.186078
5480	1	-1	8	0	0:00:01.190562
5500	8	1	8	0	0:00:01.172859
5520	4	5	5	0	0:00:01.221488
5540	5	2	2	0	0:00:01.216129
5560	3	6	4	0	0:00:01.203162
5580	5	6	6	0	0:00:01.160327
5600	6	8	8	0	0:00:01.169786
5620	3	2	2	0	0:00:01.154974
5640	2	3	3	0	0:00:01.183829
5660	9	-1	8	0	0:00:01.178215
5680	2	9	8	0	0:00:01.187039
5700	3	-1	2	0	0:00:01.186658
5720	9	9	9	1	0:00:01.193925
5740	6	4	4	0	0:00:01.191807
5760	2	8	8	0	0:00:01.181804
5780	7	7	7	1	0:00:01.195673
5800	2	6	4	0	0:00:01.164292
5820	5	6	6	0	0:00:01.182258
5840	2	6	6	0	0:00:01.185970
5860	0	8	8	0	0:00:01.186706
5880	0	8	8	0	0:00:01.200003
5900	4	-1	0	0	0:00:01.175766
5920	8	8	8	1	0:00:01.184523
5940	7	4	4	0	0:00:01.183241
5960	2	7	7	0	0:00:01.192931
5980	9	9	8	1	0:00:01.195003
6000	8	9	8	0	0:00:01.192311
6020	6	-1	4	0	0:00:01.173411
6040	2	7	7	0	0:00:01.189065
6060	3	4	4	0	0:00:01.191604
6080	1	1	2	1	0:00:01.201314
6100	1	-1	8	0	0:00:01.194129
6120	5	5	5	1	0:00:01.192214
6140	9	9	7	1	0:00:01.186112
6160	2	5	5	0	0:00:01.190318
6180	0	8	8	0	0:00:01.179363
6200	3	0	0	0	0:00:01.177049
6220	2	6	6	0	0:00:01.181200
6240	2	1	4	0	0:00:01.184751
6260	2	9	7	0	0:00:01.188646
6280	8	5	4	0	0:00:01.180098
6300	1	7	2	0	0:00:01.197067
6320	0	0	0	1	0:00:01.187611
6340	3	8	8	0	0:00:01.183343
6360	2	2	2	1	0:00:01.181207
6380	3	1	6	0	0:00:01.171536
6400	0	1	4	0	0:00:01.193780
6420	7	5	8	0	0:00:01.195932
6440	3	8	8	0	0:00:01.189858
6460	3	1	1	0	0:00:01.187875
6480	0	5	0	0	0:00:01.184954
6500	7	0	0	0	0:00:01.189947
6520	6	-1	2	0	0:00:01.183047
6540	8	8	8	1	0:00:01.174545
6560	6	6	4	1	0:00:01.181122
6580	1	-1	2	0	0:00:01.159574
6600	7	7	7	1	0:00:01.189300
6620	7	7	4	1	0:00:01.192235
6640	5	3	8	0	0:00:01.176988
6660	0	8	8	0	0:00:01.179647
6680	3	5	3	0	0:00:01.179515
6700	6	6	4	1	0:00:01.168866
6720	2	2	2	1	0:00:01.178163
6740	2	6	6	0	0:00:01.191308
6760	5	0	0	0	0:00:01.179567
6780	7	7	7	1	0:00:01.163561
6800	6	6	6	1	0:00:01.188187
6820	1	1	8	1	0:00:01.163149
6840	9	9	6	1	0:00:01.165741
6860	0	0	0	1	0:00:01.160900
6880	2	7	6	0	0:00:01.193435
6900	3	7	7	0	0:00:01.182904
6920	5	2	2	0	0:00:01.190614
6940	1	1	1	1	0:00:01.163841
6960	9	8	8	0	0:00:01.184198
6980	0	9	9	0	0:00:01.177289
7000	2	8	8	0	0:00:01.215139
7020	7	1	4	0	0:00:01.177043
7040	7	8	8	0	0:00:01.211775
7060	8	8	8	1	0:00:01.194143
7080	5	0	0	0	0:00:01.171638
7100	9	8	8	0	0:00:01.208986
7120	7	5	5	0	0:00:01.167162
7140	4	4	4	1	0:00:01.189414
7160	5	4	2	0	0:00:01.184998
7180	6	6	6	1	0:00:01.197956
7200	4	2	2	0	0:00:01.197901
7220	9	8	8	0	0:00:01.177346
7240	0	8	8	0	0:00:01.171723
7260	1	8	8	0	0:00:01.163332
7280	1	6	4	0	0:00:01.172824
7300	3	-1	8	0	0:00:01.214031
7320	8	0	0	0	0:00:01.199293
7340	2	-1	0	0	0:00:01.185141
7360	2	7	4	0	0:00:01.169502
7380	7	1	7	0	0:00:01.144477
7400	3	9	3	0	0:00:01.144112
7420	3	0	0	0	0:00:01.136462
7440	3	6	4	0	0:00:01.161392
7460	5	5	5	1	0:00:01.176244
7480	1	5	5	0	0:00:01.191174
7500	6	6	6	1	0:00:01.173937
7520	4	6	4	0	0:00:01.175354
7540	5	5	5	1	0:00:01.184166
7560	0	2	2	0	0:00:01.170227
7580	8	-1	8	0	0:00:01.164792
7600	8	9	7	0	0:00:01.165895
7620	5	-1	4	0	0:00:01.165431
7640	9	8	8	0	0:00:01.175332
7660	7	9	4	0	0:00:01.178050
7680	3	9	9	0	0:00:01.187155
7700	6	6	6	1	0:00:01.172821
7720	5	6	4	0	0:00:01.190253
7740	4	2	2	0	0:00:01.186033
7760	2	9	8	0	0:00:01.161238
7780	3	8	8	0	0:00:01.181044
7800	0	0	0	1	0:00:01.182337
7820	5	8	8	0	0:00:01.200309
7840	1	1	1	1	0:00:01.169561
7860	8	4	4	0	0:00:01.197663
7880	0	8	8	0	0:00:01.175669
7900	0	8	8	0	0:00:01.197810
7920	9	8	8	0	0:00:01.201739
7940	2	6	6	0	0:00:01.165251
7960	0	0	0	1	0:00:01.190473
7980	3	7	4	0	0:00:01.179936
8000	9	0	0	0	0:00:01.194536
8020	6	6	4	1	0:00:01.191269
8040	2	6	6	0	0:00:01.204062
8060	6	4	4	0	0:00:01.174992
8080	4	4	4	1	0:00:01.179593
8100	6	2	2	0	0:00:01.138159
8120	8	9	8	0	0:00:01.172217
8140	5	6	6	0	0:00:01.170327
8160	6	9	8	0	0:00:01.180850
8180	4	6	4	0	0:00:01.184701
8200	3	6	4	0	0:00:01.184000
8220	6	2	2	0	0:00:01.182415
8240	7	7	7	1	0:00:01.187132
8260	1	-1	3	0	0:00:01.197205
8280	4	2	2	0	0:00:01.187268
8300	5	2	2	0	0:00:01.158512
8320	7	4	4	0	0:00:01.173069
8340	5	5	4	1	0:00:01.183776
8360	7	-1	4	0	0:00:01.196965
8380	9	8	8	0	0:00:01.186736
8400	0	8	8	0	0:00:01.170457
8420	3	2	2	0	0:00:01.179317
8440	5	9	4	0	0:00:01.178077
8460	8	8	8	1	0:00:01.174586
8480	2	1	8	0	0:00:01.180979
8500	4	2	2	0	0:00:01.172484
8520	8	4	4	0	0:00:01.174570
8540	4	-1	2	0	0:00:01.175334
8560	7	7	6	1	0:00:01.209924
8580	3	0	0	0	0:00:01.146281
8600	3	7	7	0	0:00:01.169272
8620	3	-1	4	0	0:00:01.130276
8640	1	1	4	1	0:00:01.161779
8660	7	5	5	0	0:00:01.176947
8680	3	9	0	0	0:00:01.184789
8700	3	5	3	0	0:00:01.177559
8720	2	0	0	0	0:00:01.202777
8740	2	4	4	0	0:00:01.160705
8760	8	8	5	1	0:00:01.180381
8780	4	-1	4	0	0:00:01.147779
8800	0	0	0	1	0:00:01.116388
8820	2	-1	2	0	0:00:01.115026
8840	2	1	1	0	0:00:01.114836
8860	2	0	8	0	0:00:01.113055
8880	1	6	4	0	0:00:01.104536
8900	2	1	4	0	0:00:01.089639
8920	6	6	4	1	0:00:01.113754
8940	6	3	3	0	0:00:01.103048
8960	0	0	0	1	0:00:01.125453
8980	9	9	8	1	0:00:01.123980
9000	8	8	8	1	0:00:01.143506
9020	7	9	8	0	0:00:01.154244
9040	2	5	5	0	0:00:01.187235
9060	9	5	5	0	0:00:01.175996
9080	3	0	0	0	0:00:01.177783
9100	9	6	6	0	0:00:01.170849
9120	3	0	0	0	0:00:01.192599
9140	7	8	8	0	0:00:01.208019
9160	5	5	4	1	0:00:01.203297
9180	5	5	5	1	0:00:01.174619
9200	8	8	8	1	0:00:01.178089
9220	8	8	8	1	0:00:01.176670
9240	8	8	8	1	0:00:01.200397
9260	5	5	4	1	0:00:01.207172
9280	9	0	8	0	0:00:01.190957
9300	5	-1	2	0	0:00:01.176626
9320	9	8	8	0	0:00:01.205499
9340	1	1	1	1	0:00:01.202511
9360	5	0	0	0	0:00:01.180660
9380	5	-1	5	0	0:00:01.186880
9400	6	2	2	0	0:00:01.175420
9420	5	6	6	0	0:00:01.190784
9440	8	8	8	1	0:00:01.162055
9460	3	-1	4	0	0:00:01.160217
9480	2	4	4	0	0:00:01.208077
9500	9	6	6	0	0:00:01.201463
9520	1	9	9	0	0:00:01.175291
9540	5	5	4	1	0:00:01.198925
9560	9	7	7	0	0:00:01.176015
9580	1	4	4	0	0:00:01.195729
9600	8	8	8	1	0:00:01.193974
9620	4	0	0	0	0:00:01.180201
9640	5	-1	6	0	0:00:01.189630
9660	6	6	6	1	0:00:01.187959
9680	8	9	8	0	0:00:01.209223
9700	0	0	0	1	0:00:01.181213
9720	8	6	2	0	0:00:01.176799
9740	3	6	4	0	0:00:01.198619
9760	9	9	4	1	0:00:01.188902
9780	4	6	6	0	0:00:01.200665
9800	1	1	9	1	0:00:01.174220
9820	0	9	8	0	0:00:01.181847
9840	4	-1	3	0	0:00:01.205934
9860	0	2	2	0	0:00:01.184859
9880	7	-1	4	0	0:00:01.185202
9900	8	0	0	0	0:00:01.188893
9920	6	6	2	1	0:00:01.186526
9940	4	7	7	0	0:00:01.181376
9960	2	0	0	0	0:00:01.184059
9980	0	0	0	1	0:00:01.179725
