idx	label	predict	basePredict	correct	time
0	3	2	2	0	0:00:15.937329
20	7	1	9	0	0:00:15.784418
40	4	8	8	0	0:00:15.756061
60	7	2	4	0	0:00:16.014062
80	8	8	8	1	0:00:15.760422
100	4	3	3	0	0:00:15.955827
120	8	8	8	1	0:00:16.269235
140	6	2	2	0	0:00:15.735035
160	2	0	2	0	0:00:16.634991
180	0	0	8	1	0:00:15.930552
200	5	7	3	0	0:00:16.437786
220	7	7	7	1	0:00:16.279143
240	1	1	8	1	0:00:15.872183
260	8	3	3	0	0:00:16.676244
280	9	9	8	1	0:00:15.896716
300	6	7	4	0	0:00:16.359994
320	3	2	4	0	0:00:16.141078
340	2	4	4	0	0:00:15.839767
360	9	7	6	0	0:00:15.724228
380	6	-1	4	0	0:00:15.752367
400	9	1	8	0	0:00:15.725345
420	4	6	6	0	0:00:15.733956
440	1	1	6	1	0:00:15.734505
460	5	5	3	1	0:00:15.807120
480	8	9	9	0	0:00:15.816528
500	4	6	6	0	0:00:15.756296
520	5	7	7	0	0:00:15.874032
540	1	8	8	0	0:00:15.762505
560	0	0	8	1	0:00:15.755517
580	4	6	4	0	0:00:15.797892
600	8	8	8	1	0:00:15.759928
620	7	6	4	0	0:00:15.735536
640	5	3	3	0	0:00:15.797079
660	9	9	9	1	0:00:15.714488
680	9	7	4	0	0:00:15.735512
700	7	0	4	0	0:00:15.786623
720	4	9	7	0	0:00:15.719872
740	2	5	3	0	0:00:15.722183
760	3	9	9	0	0:00:15.734573
780	9	1	8	0	0:00:15.779899
800	7	7	7	1	0:00:15.777742
820	6	1	8	0	0:00:15.822269
840	7	7	7	1	0:00:15.847370
860	4	4	4	1	0:00:15.745510
880	8	8	8	1	0:00:15.760899
900	2	6	4	0	0:00:15.759359
920	6	2	2	0	0:00:15.792644
940	9	1	9	0	0:00:15.779187
960	9	9	4	1	0:00:15.731628
980	2	6	6	0	0:00:15.863523
1000	5	5	5	1	0:00:15.016259
1020	1	1	8	1	0:00:15.085451
1040	7	5	5	0	0:00:15.033220
1060	9	9	8	1	0:00:15.178739
1080	6	6	6	1	0:00:15.089209
1100	7	8	8	0	0:00:15.120513
1120	5	2	2	0	0:00:15.100277
1140	6	4	4	0	0:00:15.017079
1160	8	0	0	0	0:00:15.058475
1180	3	3	8	1	0:00:15.045290
1200	8	0	0	0	0:00:15.073656
1220	9	6	6	0	0:00:15.102766
1240	2	6	6	0	0:00:15.062718
1260	1	9	9	0	0:00:15.117582
1280	3	7	7	0	0:00:15.052096
1300	4	3	3	0	0:00:15.132709
1320	7	2	2	0	0:00:15.018532
1340	1	1	8	1	0:00:15.126000
1360	7	7	4	1	0:00:15.045809
1380	4	5	5	0	0:00:15.111572
1400	5	2	2	0	0:00:15.063717
1420	4	7	7	0	0:00:15.069389
1440	0	8	8	0	0:00:15.110755
1460	6	6	4	1	0:00:15.030582
1480	1	5	5	0	0:00:15.050928
1500	1	9	1	0	0:00:15.149676
1520	7	6	2	0	0:00:15.022861
1540	8	8	8	1	0:00:15.135382
1560	7	7	7	1	0:00:15.127847
1580	6	1	1	0	0:00:15.108786
1600	8	9	6	0	0:00:15.126120
1620	5	8	8	0	0:00:15.118396
1640	7	5	3	0	0:00:15.134350
1660	3	5	4	0	0:00:15.014035
1680	6	6	6	1	0:00:15.029838
1700	5	2	2	0	0:00:15.039710
1720	4	2	2	0	0:00:15.046358
1740	1	9	9	0	0:00:15.067188
1760	0	8	8	0	0:00:15.079113
1780	7	9	8	0	0:00:15.116558
1800	4	8	8	0	0:00:15.148235
1820	8	9	8	0	0:00:15.033749
1840	8	7	4	0	0:00:15.006507
1860	8	8	8	1	0:00:15.079171
1880	1	8	8	0	0:00:15.022201
1900	8	8	8	1	0:00:15.061221
1920	2	5	2	0	0:00:15.119670
1940	5	3	3	0	0:00:15.080964
1960	2	5	5	0	0:00:15.065270
1980	9	9	4	1	0:00:15.078889
2000	1	6	6	0	0:00:15.011326
2020	9	9	9	1	0:00:15.093901
2040	0	8	8	0	0:00:15.033779
2060	5	5	3	1	0:00:15.011095
2080	1	9	4	0	0:00:15.043678
2100	2	4	4	0	0:00:15.189144
2120	4	8	8	0	0:00:15.194821
2140	9	-1	1	0	0:00:15.133047
2160	0	8	8	0	0:00:15.029274
2180	4	4	4	1	0:00:15.058520
2200	0	2	2	0	0:00:15.022583
2220	1	1	4	1	0:00:15.043863
2240	9	9	8	1	0:00:15.036575
2260	4	7	4	0	0:00:15.062769
2280	4	8	8	0	0:00:15.008506
2300	3	-1	4	0	0:00:15.047048
2320	5	8	8	0	0:00:15.014210
2340	7	7	7	1	0:00:15.134772
2360	7	5	3	0	0:00:15.190374
2380	8	0	8	0	0:00:15.127749
2400	0	0	0	1	0:00:15.058633
2420	8	5	5	0	0:00:15.093307
2440	7	1	8	0	0:00:15.085715
2460	9	3	3	0	0:00:15.067003
2480	8	8	8	1	0:00:15.102154
2500	4	6	2	0	0:00:15.138953
2520	1	9	8	0	0:00:15.056288
2540	2	3	3	0	0:00:15.033945
2560	7	6	4	0	0:00:15.040881
2580	6	4	4	0	0:00:15.022650
2600	8	8	8	1	0:00:14.993453
2620	1	4	4	0	0:00:15.061371
2640	7	7	6	1	0:00:15.069288
2660	3	2	2	0	0:00:15.143572
2680	0	0	0	1	0:00:15.112734
2700	9	-1	0	0	0:00:15.197248
2720	3	2	2	0	0:00:15.001081
2740	1	1	9	1	0:00:15.043808
2760	2	4	4	0	0:00:15.027115
2780	7	7	6	1	0:00:15.085117
2800	4	6	6	0	0:00:15.150964
2820	6	6	4	1	0:00:15.026383
2840	3	3	3	1	0:00:15.150944
2860	5	7	4	0	0:00:15.020383
2880	4	4	4	1	0:00:15.126618
2900	3	2	2	0	0:00:15.102797
2920	2	5	5	0	0:00:15.073378
2940	3	0	0	0	0:00:15.031400
2960	9	9	8	1	0:00:15.028284
2980	8	1	8	0	0:00:15.098510
3000	5	5	5	1	0:00:15.085180
3020	1	1	8	1	0:00:15.153908
3040	7	7	7	1	0:00:15.082872
3060	7	7	7	1	0:00:15.203831
3080	1	7	4	0	0:00:15.138199
3100	0	0	8	1	0:00:15.083457
3120	4	6	2	0	0:00:15.136412
3140	8	8	8	1	0:00:15.028528
3160	6	4	4	0	0:00:15.090128
3180	3	7	8	0	0:00:14.993057
3200	5	7	7	0	0:00:15.017450
3220	3	9	9	0	0:00:15.012835
3240	4	1	8	0	0:00:15.022619
3260	7	0	0	0	0:00:15.043833
3280	3	0	0	0	0:00:15.059173
3300	4	6	4	0	0:00:15.022934
3320	2	7	7	0	0:00:15.028510
3340	6	4	4	0	0:00:15.084545
3360	4	6	6	0	0:00:15.203921
3380	8	1	8	0	0:00:15.197992
3400	6	4	4	0	0:00:15.028515
3420	5	6	4	0	0:00:15.026437
3440	2	9	3	0	0:00:15.014963
3460	1	1	4	1	0:00:15.099337
3480	2	2	2	1	0:00:15.012859
3500	1	1	4	1	0:00:15.159936
3520	1	1	1	1	0:00:15.017884
3540	6	6	4	1	0:00:15.058976
3560	1	9	0	0	0:00:15.020852
3580	4	1	8	0	0:00:15.050813
3600	4	2	2	0	0:00:15.065763
3620	0	6	6	0	0:00:15.112674
3640	6	2	2	0	0:00:15.152777
3660	0	8	8	0	0:00:15.287343
3680	0	2	2	0	0:00:15.134458
3700	3	5	4	0	0:00:15.014336
3720	2	2	2	1	0:00:15.064056
3740	0	0	8	1	0:00:15.056801
3760	7	7	7	1	0:00:15.044748
3780	4	2	2	0	0:00:15.005579
3800	9	3	3	0	0:00:15.014365
3820	0	2	2	0	0:00:15.084790
3840	6	3	3	0	0:00:15.026202
3860	7	7	7	1	0:00:15.036541
3880	6	4	4	0	0:00:15.164132
3900	3	1	1	0	0:00:15.087734
3920	7	9	8	0	0:00:15.010006
3940	6	7	4	0	0:00:15.097917
3960	2	5	5	0	0:00:15.094606
3980	9	7	7	0	0:00:15.113918
4000	8	7	4	0	0:00:15.039144
4020	8	1	8	0	0:00:15.045579
4040	0	0	0	1	0:00:15.125180
4060	6	3	3	0	0:00:15.031617
4080	1	8	8	0	0:00:15.084492
4100	7	7	7	1	0:00:15.109399
4120	4	0	0	0	0:00:15.031960
4140	5	3	3	0	0:00:15.018713
4160	5	2	2	0	0:00:15.108598
4180	0	8	8	0	0:00:15.124760
4200	4	2	2	0	0:00:15.056966
4220	4	0	0	0	0:00:15.109310
4240	7	0	0	0	0:00:15.187100
4260	8	1	8	0	0:00:15.304106
4280	8	0	8	0	0:00:15.099135
4300	8	8	8	1	0:00:15.050335
4320	1	8	8	0	0:00:15.061130
4340	0	8	8	0	0:00:15.095581
4360	6	9	9	0	0:00:15.040872
4380	9	9	8	1	0:00:15.034457
4400	3	4	4	0	0:00:15.058203
4420	5	8	8	0	0:00:15.048982
4440	2	6	2	0	0:00:15.089833
4460	9	8	8	0	0:00:15.022679
4480	9	-1	3	0	0:00:15.100089
4500	3	6	6	0	0:00:15.075749
4520	3	6	6	0	0:00:15.035774
4540	9	9	9	1	0:00:15.063640
4560	1	1	4	1	0:00:15.099268
4580	6	4	4	0	0:00:15.001149
4600	4	7	4	0	0:00:15.044218
4620	7	3	3	0	0:00:15.028157
4640	2	3	4	0	0:00:15.088026
4660	7	4	2	0	0:00:15.056748
4680	9	1	1	0	0:00:15.050574
4700	6	1	4	0	0:00:15.017504
4720	8	0	0	0	0:00:15.053373
4740	5	3	4	0	0:00:15.019615
4760	3	1	4	0	0:00:15.009710
4780	0	0	8	1	0:00:15.094983
4800	9	9	9	1	0:00:15.113405
4820	3	5	5	0	0:00:15.044631
4840	0	0	0	1	0:00:15.159067
4860	5	3	3	0	0:00:15.109156
4880	0	2	2	0	0:00:15.028356
4900	3	6	6	0	0:00:15.148506
4920	7	7	2	1	0:00:15.119260
4940	6	4	2	0	0:00:15.019358
4960	4	3	3	0	0:00:15.082016
4980	1	9	0	0	0:00:15.100989
5000	7	7	7	1	0:00:15.072596
5020	8	1	8	0	0:00:15.091898
5040	3	7	4	0	0:00:15.064664
5060	6	2	4	0	0:00:15.036131
5080	7	7	7	1	0:00:15.057963
5100	3	3	4	1	0:00:15.097147
5120	9	8	8	0	0:00:15.066059
5140	8	8	8	1	0:00:15.079012
5160	0	8	8	0	0:00:15.118082
5180	9	6	4	0	0:00:15.156467
5200	3	3	3	1	0:00:15.116564
5220	0	0	0	1	0:00:15.145974
5240	1	9	2	0	0:00:15.072475
5260	0	0	0	1	0:00:15.068903
5280	0	8	8	0	0:00:15.076575
5300	9	1	1	0	0:00:15.104558
5320	7	7	3	1	0:00:15.027942
5340	3	4	4	0	0:00:15.050961
5360	9	9	3	1	0:00:15.044948
5380	1	9	9	0	0:00:15.063236
5400	9	0	8	0	0:00:15.066761
5420	6	5	6	0	0:00:15.008052
5440	9	9	9	1	0:00:15.101765
5460	0	7	7	0	0:00:15.167413
5480	1	1	8	1	0:00:15.075696
5500	8	1	8	0	0:00:15.099333
5520	4	3	3	0	0:00:15.125741
5540	5	6	2	0	0:00:15.106155
5560	3	6	4	0	0:00:15.188164
5580	5	6	6	0	0:00:15.034490
5600	6	0	0	0	0:00:15.105323
5620	3	2	2	0	0:00:15.057201
5640	2	5	3	0	0:00:15.080282
5660	9	0	8	0	0:00:15.216842
5680	2	1	8	0	0:00:15.044488
5700	3	6	2	0	0:00:15.053457
5720	9	9	9	1	0:00:15.080247
5740	6	4	4	0	0:00:15.080593
5760	2	0	2	0	0:00:15.063675
5780	7	7	4	1	0:00:15.249348
5800	2	6	4	0	0:00:15.088333
5820	5	6	6	0	0:00:15.079919
5840	2	6	6	0	0:00:15.078582
5860	0	8	8	0	0:00:15.122223
5880	0	8	0	0	0:00:15.115674
5900	4	3	4	0	0:00:15.093641
5920	8	8	8	1	0:00:15.056952
5940	7	4	4	0	0:00:15.083116
5960	2	6	4	0	0:00:15.082280
5980	9	9	6	1	0:00:15.079741
6000	8	9	8	0	0:00:15.074936
6020	6	7	6	0	0:00:15.010974
6040	2	7	7	0	0:00:15.107474
6060	3	4	4	0	0:00:15.041654
6080	1	9	6	0	0:00:15.085685
6100	1	1	8	1	0:00:15.116181
6120	5	3	3	0	0:00:15.109013
6140	9	9	7	1	0:00:15.099459
6160	2	5	5	0	0:00:15.088762
6180	0	9	8	0	0:00:15.152173
6200	3	9	3	0	0:00:15.124182
6220	2	6	6	0	0:00:15.051786
6240	2	1	4	0	0:00:15.027186
6260	2	9	8	0	0:00:15.051980
6280	8	5	4	0	0:00:15.110672
6300	1	7	4	0	0:00:15.039744
6320	0	0	0	1	0:00:15.037423
6340	3	-1	3	0	0:00:15.087255
6360	2	6	2	0	0:00:15.076277
6380	3	1	6	0	0:00:15.113078
6400	0	1	4	0	0:00:15.049813
6420	7	8	8	0	0:00:15.060602
6440	3	9	8	0	0:00:15.083848
6460	3	1	4	0	0:00:15.061725
6480	0	2	2	0	0:00:15.159320
6500	7	0	8	0	0:00:15.054895
6520	6	4	4	0	0:00:15.085428
6540	8	8	8	1	0:00:15.032871
6560	6	6	4	1	0:00:15.028318
6580	1	2	2	0	0:00:15.072065
6600	7	7	7	1	0:00:15.050536
6620	7	7	7	1	0:00:15.063202
6640	5	8	8	0	0:00:15.016756
6660	0	0	8	1	0:00:15.148420
6680	3	5	5	0	0:00:15.123297
6700	6	-1	4	0	0:00:15.167685
6720	2	4	2	0	0:00:15.079744
6740	2	6	4	0	0:00:15.150963
6760	5	3	6	0	0:00:15.068574
6780	7	7	7	1	0:00:15.035459
6800	6	2	4	0	0:00:15.018097
6820	1	1	1	1	0:00:15.081387
6840	9	1	1	0	0:00:15.084904
6860	0	2	2	0	0:00:15.158483
6880	2	7	7	0	0:00:15.136135
6900	3	7	4	0	0:00:15.176516
6920	5	2	2	0	0:00:15.125994
6940	1	1	1	1	0:00:15.141315
6960	9	8	8	0	0:00:15.208648
6980	0	9	8	0	0:00:15.046681
7000	2	8	8	0	0:00:15.009805
7020	7	1	8	0	0:00:15.063257
7040	7	8	8	0	0:00:15.011390
7060	8	0	8	0	0:00:15.121966
7080	5	4	4	0	0:00:15.173694
7100	9	3	3	0	0:00:15.149344
7120	7	5	6	0	0:00:15.283172
7140	4	1	4	0	0:00:15.137467
7160	5	4	4	0	0:00:15.276866
7180	6	6	6	1	0:00:15.124272
7200	4	6	2	0	0:00:15.170077
7220	9	9	8	1	0:00:15.096511
7240	0	8	8	0	0:00:15.065519
7260	1	8	8	0	0:00:15.089934
7280	1	6	6	0	0:00:15.050002
7300	3	7	4	0	0:00:15.087895
7320	8	0	0	0	0:00:15.120426
7340	2	4	4	0	0:00:15.139272
7360	2	-1	4	0	0:00:15.160220
7380	7	-1	7	0	0:00:15.054944
7400	3	3	3	1	0:00:15.023902
7420	3	0	0	0	0:00:15.170093
7440	3	6	2	0	0:00:15.160050
7460	5	5	5	1	0:00:15.061368
7480	1	8	5	0	0:00:15.084795
7500	6	6	6	1	0:00:15.058678
7520	4	6	4	0	0:00:15.116333
7540	5	5	5	1	0:00:15.084859
7560	0	6	2	0	0:00:15.134269
7580	8	8	8	1	0:00:15.040253
7600	8	9	8	0	0:00:15.083397
7620	5	-1	4	0	0:00:14.999266
7640	9	9	6	1	0:00:15.057455
7660	7	9	4	0	0:00:15.030420
7680	3	9	3	0	0:00:15.051644
7700	6	6	4	1	0:00:15.013335
7720	5	5	4	1	0:00:15.074631
7740	4	6	2	0	0:00:15.019802
7760	2	9	6	0	0:00:15.110098
7780	3	1	8	0	0:00:15.184042
7800	0	0	8	1	0:00:15.134208
7820	5	8	8	0	0:00:15.071150
7840	1	1	1	1	0:00:15.020639
7860	8	7	4	0	0:00:15.132761
7880	0	0	0	1	0:00:15.020979
7900	0	8	8	0	0:00:15.046320
7920	9	8	8	0	0:00:15.119942
7940	2	6	6	0	0:00:15.020835
7960	0	0	3	1	0:00:15.079304
7980	3	7	4	0	0:00:15.052992
8000	9	9	0	1	0:00:15.030244
8020	6	3	3	0	0:00:15.038869
8040	2	6	4	0	0:00:15.150302
8060	6	4	4	0	0:00:15.119987
8080	4	6	6	0	0:00:15.071310
8100	6	2	2	0	0:00:15.142807
8120	8	9	8	0	0:00:15.055885
8140	5	4	4	0	0:00:15.039263
8160	6	9	6	0	0:00:15.119930
8180	4	4	4	1	0:00:15.081292
8200	3	6	2	0	0:00:15.101300
8220	6	2	2	0	0:00:15.118262
8240	7	7	7	1	0:00:15.108182
8260	1	3	3	0	0:00:15.010726
8280	4	3	3	0	0:00:15.027761
8300	5	2	2	0	0:00:15.091708
8320	7	3	4	0	0:00:15.173296
8340	5	3	4	0	0:00:15.078534
8360	7	7	4	1	0:00:15.080000
8380	9	8	8	0	0:00:15.029137
8400	0	8	8	0	0:00:15.147916
8420	3	4	4	0	0:00:15.140403
8440	5	3	4	0	0:00:15.041721
8460	8	8	8	1	0:00:15.047852
8480	2	1	8	0	0:00:15.045973
8500	4	2	2	0	0:00:15.063752
8520	8	4	4	0	0:00:15.063267
8540	4	6	2	0	0:00:15.031625
8560	7	4	4	0	0:00:15.078560
8580	3	0	2	0	0:00:15.046201
8600	3	7	4	0	0:00:15.072386
8620	3	1	4	0	0:00:15.132645
8640	1	1	1	1	0:00:15.067688
8660	7	5	5	0	0:00:15.371759
8680	3	9	8	0	0:00:15.086946
8700	3	3	3	1	0:00:15.060327
8720	2	0	0	0	0:00:15.060484
8740	2	6	4	0	0:00:15.045397
8760	8	8	5	1	0:00:15.056440
8780	4	7	2	0	0:00:15.050909
8800	0	0	0	1	0:00:15.042198
8820	2	3	3	0	0:00:15.076019
8840	2	1	1	0	0:00:15.036932
8860	2	6	6	0	0:00:15.047848
8880	1	9	6	0	0:00:15.022078
8900	2	6	4	0	0:00:15.084354
8920	6	6	6	1	0:00:15.130221
8940	6	3	3	0	0:00:15.132431
8960	0	0	0	1	0:00:15.083184
8980	9	9	8	1	0:00:15.078526
9000	8	8	8	1	0:00:15.078874
9020	7	9	8	0	0:00:15.113788
9040	2	5	5	0	0:00:15.106044
9060	9	5	5	0	0:00:15.078728
9080	3	0	0	0	0:00:15.102500
9100	9	6	6	0	0:00:15.113361
9120	3	0	0	0	0:00:15.072425
9140	7	9	8	0	0:00:15.049293
9160	5	7	4	0	0:00:15.068142
9180	5	5	5	1	0:00:15.114246
9200	8	8	8	1	0:00:15.110868
9220	8	8	8	1	0:00:15.118912
9240	8	8	8	1	0:00:15.132063
9260	5	6	5	0	0:00:15.066918
9280	9	0	8	0	0:00:15.144922
9300	5	3	2	0	0:00:15.003131
9320	9	9	8	1	0:00:15.072782
9340	1	1	1	1	0:00:15.053266
9360	5	9	4	0	0:00:15.159620
9380	5	9	3	0	0:00:15.089704
9400	6	4	4	0	0:00:15.026870
9420	5	6	6	0	0:00:15.163522
9440	8	8	8	1	0:00:15.082402
9460	3	7	4	0	0:00:15.086239
9480	2	4	4	0	0:00:15.136956
9500	9	1	4	0	0:00:15.090889
9520	1	1	1	1	0:00:15.104970
9540	5	3	4	0	0:00:15.167899
9560	9	7	7	0	0:00:15.083219
9580	1	4	4	0	0:00:15.080909
9600	8	8	8	1	0:00:15.040987
9620	4	7	2	0	0:00:15.178388
9640	5	0	6	0	0:00:15.056332
9660	6	6	6	1	0:00:15.097739
9680	8	8	8	1	0:00:15.080476
9700	0	0	2	1	0:00:15.169984
9720	8	6	6	0	0:00:15.175565
9740	3	-1	4	0	0:00:15.081790
9760	9	7	4	0	0:00:15.157586
9780	4	6	6	0	0:00:15.039954
9800	1	1	1	1	0:00:15.155728
9820	0	8	8	0	0:00:15.072480
9840	4	5	5	0	0:00:15.048698
9860	0	5	8	0	0:00:15.062166
9880	7	4	4	0	0:00:15.119824
9900	8	0	6	0	0:00:15.154953
9920	6	4	2	0	0:00:15.188435
9940	4	7	7	0	0:00:15.177800
9960	2	0	0	0	0:00:15.137852
9980	0	0	0	1	0:00:15.060264
