idx	label	predict	basePredict	correct	time
0	3	5	5	0	0:00:15.824345
20	7	3	3	0	0:00:15.729053
40	4	4	4	1	0:00:15.737279
60	7	7	7	1	0:00:15.804726
80	8	8	8	1	0:00:15.793796
100	4	4	5	1	0:00:15.859886
120	8	8	8	1	0:00:15.773808
140	6	6	3	1	0:00:16.946034
160	2	2	2	1	0:00:16.281927
180	0	0	0	1	0:00:16.175102
200	5	3	3	0	0:00:17.283792
220	7	7	7	1	0:00:15.741536
240	1	1	1	1	0:00:17.488968
260	8	8	8	1	0:00:16.655438
280	9	9	9	1	0:00:16.401445
300	6	6	6	1	0:00:17.864396
320	3	3	3	1	0:00:15.774449
340	2	2	2	1	0:00:16.554893
360	9	9	9	1	0:00:15.840114
380	6	6	6	1	0:00:15.787506
400	9	9	9	1	0:00:15.732455
420	4	4	4	1	0:00:15.781368
440	1	1	1	1	0:00:15.740122
460	5	5	5	1	0:00:15.760526
480	8	9	8	0	0:00:15.788570
500	4	6	6	0	0:00:15.750714
520	5	5	5	1	0:00:15.772344
540	1	1	1	1	0:00:15.795769
560	0	0	0	1	0:00:15.831241
580	4	4	4	1	0:00:15.771684
600	8	8	8	1	0:00:15.728564
620	7	7	7	1	0:00:15.725549
640	5	3	3	0	0:00:15.703977
660	9	9	9	1	0:00:15.719583
680	9	9	9	1	0:00:15.770226
700	7	7	7	1	0:00:15.709164
720	4	4	4	1	0:00:15.775752
740	2	2	2	1	0:00:15.740463
760	3	3	3	1	0:00:15.747322
780	9	9	9	1	0:00:15.774287
800	7	7	7	1	0:00:15.791687
820	6	2	2	0	0:00:15.784505
840	7	7	7	1	0:00:15.897661
860	4	4	4	1	0:00:15.843379
880	8	8	8	1	0:00:15.810726
900	2	6	6	0	0:00:15.788849
920	6	6	0	1	0:00:15.848109
940	9	9	9	1	0:00:15.796755
960	9	9	9	1	0:00:15.762480
980	2	2	2	1	0:00:15.755177
1000	5	5	5	1	0:00:15.128660
1020	1	1	1	1	0:00:15.078852
1040	7	2	3	0	0:00:15.036079
1060	9	9	9	1	0:00:15.044333
1080	6	6	6	1	0:00:15.129742
1100	7	7	8	1	0:00:15.070516
1120	5	5	2	1	0:00:15.175766
1140	6	6	3	1	0:00:15.067436
1160	8	8	8	1	0:00:15.046295
1180	3	3	3	1	0:00:15.029088
1200	8	8	8	1	0:00:15.035787
1220	9	6	3	0	0:00:15.040881
1240	2	6	2	0	0:00:15.029233
1260	1	9	9	0	0:00:14.983879
1280	3	3	3	1	0:00:15.043860
1300	4	3	3	0	0:00:15.025480
1320	7	7	7	1	0:00:15.038197
1340	1	1	1	1	0:00:15.057183
1360	7	7	7	1	0:00:15.025489
1380	4	5	3	0	0:00:14.996676
1400	5	5	5	1	0:00:15.002179
1420	4	7	7	0	0:00:15.003965
1440	0	2	2	0	0:00:15.019171
1460	6	6	6	1	0:00:15.037941
1480	1	8	8	0	0:00:14.999937
1500	1	1	1	1	0:00:15.007465
1520	7	7	7	1	0:00:14.996894
1540	8	8	8	1	0:00:15.041907
1560	7	7	7	1	0:00:15.027215
1580	6	3	5	0	0:00:15.062464
1600	8	0	8	0	0:00:15.097999
1620	5	3	3	0	0:00:15.153350
1640	7	7	7	1	0:00:15.164428
1660	3	3	3	1	0:00:15.089177
1680	6	6	3	1	0:00:15.069145
1700	5	5	5	1	0:00:15.128227
1720	4	4	4	1	0:00:15.099106
1740	1	1	1	1	0:00:15.123480
1760	0	0	0	1	0:00:15.024208
1780	7	7	7	1	0:00:15.044614
1800	4	4	2	1	0:00:15.021036
1820	8	8	8	1	0:00:15.043425
1840	8	8	2	1	0:00:15.102096
1860	8	8	8	1	0:00:15.042365
1880	1	1	1	1	0:00:15.111425
1900	8	8	8	1	0:00:15.061321
1920	2	2	2	1	0:00:15.025327
1940	5	5	5	1	0:00:15.052706
1960	2	5	5	0	0:00:15.090391
1980	9	9	9	1	0:00:15.016962
2000	1	1	1	1	0:00:15.027356
2020	9	9	9	1	0:00:15.039112
2040	0	0	0	1	0:00:15.012466
2060	5	3	3	0	0:00:14.995497
2080	1	1	9	1	0:00:15.073630
2100	2	2	2	1	0:00:15.043139
2120	4	4	8	1	0:00:15.029094
2140	9	9	9	1	0:00:15.091530
2160	0	0	0	1	0:00:15.044975
2180	4	4	4	1	0:00:15.058132
2200	0	0	0	1	0:00:15.102170
2220	1	1	1	1	0:00:15.089723
2240	9	9	1	1	0:00:15.138254
2260	4	4	4	1	0:00:15.158370
2280	4	4	2	1	0:00:15.110513
2300	3	-1	0	0	0:00:15.030832
2320	5	3	3	0	0:00:15.055759
2340	7	7	7	1	0:00:15.043468
2360	7	5	5	0	0:00:15.110461
2380	8	8	8	1	0:00:15.071038
2400	0	0	0	1	0:00:15.117171
2420	8	7	7	0	0:00:15.045657
2440	7	7	7	1	0:00:15.095464
2460	9	9	9	1	0:00:15.107881
2480	8	8	8	1	0:00:15.001412
2500	4	4	4	1	0:00:15.026426
2520	1	1	1	1	0:00:15.122811
2540	2	3	2	0	0:00:15.017303
2560	7	7	7	1	0:00:15.009882
2580	6	5	5	0	0:00:15.018633
2600	8	8	8	1	0:00:15.062569
2620	1	1	1	1	0:00:15.006336
2640	7	7	7	1	0:00:15.063494
2660	3	3	3	1	0:00:15.034100
2680	0	0	0	1	0:00:15.062338
2700	9	9	9	1	0:00:15.030079
2720	3	3	3	1	0:00:15.135072
2740	1	1	1	1	0:00:15.130830
2760	2	2	2	1	0:00:15.220743
2780	7	7	7	1	0:00:15.105481
2800	4	4	4	1	0:00:15.154599
2820	6	6	6	1	0:00:15.034763
2840	3	3	3	1	0:00:15.037971
2860	5	4	3	0	0:00:15.080484
2880	4	4	4	1	0:00:15.083709
2900	3	2	2	0	0:00:15.055183
2920	2	2	2	1	0:00:15.095504
2940	3	0	0	0	0:00:15.109177
2960	9	0	0	0	0:00:15.171269
2980	8	8	8	1	0:00:15.041082
3000	5	5	5	1	0:00:15.070200
3020	1	1	1	1	0:00:15.046221
3040	7	7	7	1	0:00:15.020953
3060	7	7	7	1	0:00:15.017147
3080	1	1	1	1	0:00:14.984044
3100	0	0	0	1	0:00:15.000386
3120	4	4	3	1	0:00:14.997572
3140	8	8	8	1	0:00:15.020988
3160	6	2	2	0	0:00:15.031981
3180	3	6	6	0	0:00:15.007118
3200	5	5	5	1	0:00:15.068947
3220	3	9	9	0	0:00:15.017611
3240	4	4	4	1	0:00:15.099036
3260	7	7	7	1	0:00:15.082074
3280	3	3	5	1	0:00:15.083501
3300	4	4	3	1	0:00:15.134765
3320	2	0	0	0	0:00:15.145114
3340	6	6	6	1	0:00:15.131609
3360	4	4	0	1	0:00:15.269464
3380	8	8	8	1	0:00:15.059007
3400	6	4	4	0	0:00:15.098183
3420	5	7	3	0	0:00:15.098817
3440	2	3	3	0	0:00:15.097797
3460	1	1	1	1	0:00:15.087500
3480	2	2	2	1	0:00:15.070100
3500	1	9	9	0	0:00:15.063837
3520	1	1	1	1	0:00:15.066940
3540	6	6	6	1	0:00:15.051911
3560	1	9	9	0	0:00:15.101207
3580	4	4	2	1	0:00:15.125891
3600	4	2	3	0	0:00:15.123605
3620	0	0	0	1	0:00:15.143473
3640	6	6	6	1	0:00:15.056255
3660	0	0	0	1	0:00:15.051081
3680	0	0	0	1	0:00:15.008706
3700	3	3	3	1	0:00:15.077624
3720	2	2	2	1	0:00:15.010845
3740	0	0	0	1	0:00:15.073447
3760	7	7	7	1	0:00:15.073913
3780	4	4	3	1	0:00:14.996382
3800	9	9	9	1	0:00:15.056529
3820	0	8	0	0	0:00:15.036750
3840	6	6	3	1	0:00:15.046144
3860	7	7	7	1	0:00:15.056231
3880	6	6	3	1	0:00:15.168577
3900	3	3	3	1	0:00:15.048866
3920	7	7	3	1	0:00:15.045140
3940	6	6	3	1	0:00:15.067841
3960	2	2	2	1	0:00:15.133957
3980	9	2	2	0	0:00:15.108618
4000	8	7	7	0	0:00:15.056265
4020	8	8	8	1	0:00:15.047868
4040	0	0	0	1	0:00:15.160383
4060	6	6	6	1	0:00:15.107761
4080	1	1	1	1	0:00:15.152718
4100	7	7	7	1	0:00:15.126363
4120	4	4	4	1	0:00:15.191429
4140	5	7	7	0	0:00:15.012483
4160	5	5	5	1	0:00:15.099392
4180	0	0	8	1	0:00:15.020667
4200	4	4	4	1	0:00:14.999430
4220	4	0	0	0	0:00:15.020994
4240	7	7	7	1	0:00:15.029970
4260	8	8	8	1	0:00:15.001286
4280	8	0	8	0	0:00:15.013264
4300	8	8	8	1	0:00:15.061414
4320	1	1	1	1	0:00:15.100889
4340	0	0	0	1	0:00:15.029096
4360	6	6	6	1	0:00:15.060777
4380	9	9	9	1	0:00:15.055212
4400	3	5	3	0	0:00:15.084833
4420	5	5	5	1	0:00:15.075107
4440	2	2	2	1	0:00:15.064907
4460	9	9	9	1	0:00:15.052337
4480	9	9	9	1	0:00:15.043221
4500	3	3	3	1	0:00:15.040675
4520	3	3	3	1	0:00:15.068500
4540	9	9	9	1	0:00:15.044433
4560	1	1	1	1	0:00:15.059092
4580	6	-1	4	0	0:00:15.096806
4600	4	4	4	1	0:00:15.074093
4620	7	7	7	1	0:00:15.106164
4640	2	2	2	1	0:00:15.159710
4660	7	7	7	1	0:00:15.072589
4680	9	9	9	1	0:00:15.144793
4700	6	6	5	1	0:00:15.015678
4720	8	8	8	1	0:00:15.049887
4740	5	2	2	0	0:00:15.026404
4760	3	2	0	0	0:00:15.076888
4780	0	0	0	1	0:00:15.066485
4800	9	9	9	1	0:00:15.010235
4820	3	3	3	1	0:00:15.065657
4840	0	0	0	1	0:00:15.059369
4860	5	5	5	1	0:00:14.992257
4880	0	0	0	1	0:00:15.083571
4900	3	3	3	1	0:00:15.067209
4920	7	7	7	1	0:00:15.096619
4940	6	6	6	1	0:00:15.125594
4960	4	4	4	1	0:00:15.106276
4980	1	1	1	1	0:00:15.074746
5000	7	7	7	1	0:00:15.040283
5020	8	8	8	1	0:00:15.098532
5040	3	1	2	0	0:00:15.067723
5060	6	2	2	0	0:00:15.071954
5080	7	7	7	1	0:00:15.094718
5100	3	3	3	1	0:00:15.008829
5120	9	9	9	1	0:00:15.043562
5140	8	8	8	1	0:00:15.071523
5160	0	0	0	1	0:00:15.068447
5180	9	9	9	1	0:00:15.091197
5200	3	0	0	0	0:00:15.125176
5220	0	0	0	1	0:00:15.106721
5240	1	1	1	1	0:00:15.081963
5260	0	0	0	1	0:00:15.045175
5280	0	4	4	0	0:00:15.094195
5300	9	9	9	1	0:00:15.011994
5320	7	3	7	0	0:00:15.074832
5340	3	4	5	0	0:00:15.019974
5360	9	9	9	1	0:00:15.132774
5380	1	1	1	1	0:00:15.041251
5400	9	9	9	1	0:00:15.019458
5420	6	6	6	1	0:00:15.005941
5440	9	9	9	1	0:00:15.158022
5460	0	0	0	1	0:00:15.042688
5480	1	1	1	1	0:00:15.023357
5500	8	8	8	1	0:00:15.134896
5520	4	4	4	1	0:00:15.113384
5540	5	5	5	1	0:00:15.080509
5560	3	5	5	0	0:00:15.060015
5580	5	3	3	0	0:00:15.051942
5600	6	6	3	1	0:00:15.081924
5620	3	3	6	1	0:00:15.072626
5640	2	5	2	0	0:00:15.091327
5660	9	9	9	1	0:00:15.080767
5680	2	2	2	1	0:00:15.139131
5700	3	3	3	1	0:00:15.143840
5720	9	9	9	1	0:00:15.200600
5740	6	4	4	0	0:00:15.071329
5760	2	2	2	1	0:00:15.097384
5780	7	7	7	1	0:00:15.001334
5800	2	2	2	1	0:00:15.004809
5820	5	5	5	1	0:00:15.012126
5840	2	3	3	0	0:00:15.015054
5860	0	0	0	1	0:00:15.032121
5880	0	0	0	1	0:00:15.005881
5900	4	3	0	0	0:00:15.027515
5920	8	8	8	1	0:00:15.061106
5940	7	7	0	1	0:00:15.028992
5960	2	6	6	0	0:00:14.997202
5980	9	9	9	1	0:00:14.994914
6000	8	8	8	1	0:00:15.083218
6020	6	6	6	1	0:00:15.018086
6040	2	7	7	0	0:00:15.073090
6060	3	4	2	0	0:00:15.047096
6080	1	1	1	1	0:00:15.072593
6100	1	1	1	1	0:00:15.062879
6120	5	5	5	1	0:00:15.074044
6140	9	9	9	1	0:00:15.109069
6160	2	2	2	1	0:00:15.126522
6180	0	0	8	1	0:00:15.087413
6200	3	2	2	0	0:00:15.147491
6220	2	5	5	0	0:00:15.065585
6240	2	2	2	1	0:00:15.096429
6260	2	8	2	0	0:00:15.049395
6280	8	8	8	1	0:00:15.087642
6300	1	1	1	1	0:00:15.029212
6320	0	0	0	1	0:00:15.108021
6340	3	3	3	1	0:00:15.205863
6360	2	2	2	1	0:00:15.071074
6380	3	7	7	0	0:00:15.060259
6400	0	0	0	1	0:00:15.144325
6420	7	7	7	1	0:00:15.045032
6440	3	3	3	1	0:00:15.051212
6460	3	3	3	1	0:00:15.077781
6480	0	0	0	1	0:00:15.074965
6500	7	8	8	0	0:00:15.001950
6520	6	6	2	1	0:00:15.068916
6540	8	8	8	1	0:00:15.162772
6560	6	4	5	0	0:00:15.021441
6580	1	1	1	1	0:00:14.987118
6600	7	7	7	1	0:00:15.013514
6620	7	7	7	1	0:00:15.007489
6640	5	3	3	0	0:00:15.076398
6660	0	0	0	1	0:00:15.014744
6680	3	5	5	0	0:00:15.061189
6700	6	6	8	1	0:00:15.121198
6720	2	2	2	1	0:00:15.141856
6740	2	2	2	1	0:00:15.060456
6760	5	5	5	1	0:00:15.082089
6780	7	7	7	1	0:00:15.117280
6800	6	6	2	1	0:00:15.085362
6820	1	1	1	1	0:00:15.108608
6840	9	9	9	1	0:00:15.015504
6860	0	0	0	1	0:00:15.111441
6880	2	2	2	1	0:00:15.139760
6900	3	5	5	0	0:00:15.085855
6920	5	5	5	1	0:00:15.046578
6940	1	1	1	1	0:00:15.044895
6960	9	9	9	1	0:00:15.090673
6980	0	0	0	1	0:00:15.074904
7000	2	0	0	0	0:00:15.049608
7020	7	7	7	1	0:00:15.112222
7040	7	0	0	0	0:00:15.031990
7060	8	8	8	1	0:00:15.038772
7080	5	4	0	0	0:00:15.073947
7100	9	3	2	0	0:00:14.999126
7120	7	5	5	0	0:00:15.057997
7140	4	4	2	1	0:00:14.996288
7160	5	5	5	1	0:00:14.996705
7180	6	6	6	1	0:00:15.004219
7200	4	4	4	1	0:00:15.050876
7220	9	9	9	1	0:00:15.008811
7240	0	0	0	1	0:00:14.998070
7260	1	1	1	1	0:00:15.017870
7280	1	1	9	1	0:00:15.022826
7300	3	5	5	0	0:00:15.058714
7320	8	8	8	1	0:00:15.098670
7340	2	2	0	1	0:00:15.095200
7360	2	2	2	1	0:00:15.073632
7380	7	7	7	1	0:00:15.114499
7400	3	5	3	0	0:00:15.066270
7420	3	5	2	0	0:00:15.064782
7440	3	3	3	1	0:00:15.156619
7460	5	5	5	1	0:00:15.172511
7480	1	1	1	1	0:00:15.171046
7500	6	6	6	1	0:00:15.139480
7520	4	4	4	1	0:00:15.010390
7540	5	5	5	1	0:00:15.070784
7560	0	0	0	1	0:00:15.074522
7580	8	8	8	1	0:00:15.076457
7600	8	2	2	0	0:00:15.082590
7620	5	1	1	0	0:00:15.056119
7640	9	8	8	0	0:00:15.084656
7660	7	7	7	1	0:00:15.048007
7680	3	5	5	0	0:00:15.038881
7700	6	6	6	1	0:00:15.033494
7720	5	5	5	1	0:00:15.022209
7740	4	4	4	1	0:00:15.017095
7760	2	9	0	0	0:00:15.130160
7780	3	8	8	0	0:00:15.015507
7800	0	0	0	1	0:00:15.023144
7820	5	3	3	0	0:00:15.017478
7840	1	1	1	1	0:00:15.095264
7860	8	8	8	1	0:00:15.112236
7880	0	0	0	1	0:00:15.034752
7900	0	0	0	1	0:00:15.086148
7920	9	9	9	1	0:00:15.114465
7940	2	6	6	0	0:00:15.116642
7960	0	0	0	1	0:00:15.051608
7980	3	3	3	1	0:00:15.145352
8000	9	9	9	1	0:00:15.081112
8020	6	3	3	0	0:00:15.075868
8040	2	2	2	1	0:00:15.099240
8060	6	6	6	1	0:00:15.052545
8080	4	4	3	1	0:00:15.079620
8100	6	6	6	1	0:00:15.065048
8120	8	0	0	0	0:00:15.073655
8140	5	3	5	0	0:00:15.100616
8160	6	6	3	1	0:00:15.084279
8180	4	4	2	1	0:00:15.087065
8200	3	7	3	0	0:00:15.077428
8220	6	6	5	1	0:00:15.120427
8240	7	7	7	1	0:00:15.143926
8260	1	1	1	1	0:00:15.037861
8280	4	4	4	1	0:00:15.054028
8300	5	5	3	1	0:00:15.005325
8320	7	7	7	1	0:00:15.012617
8340	5	5	5	1	0:00:15.019884
8360	7	7	7	1	0:00:15.050418
8380	9	9	9	1	0:00:15.069144
8400	0	0	0	1	0:00:15.014830
8420	3	6	6	0	0:00:14.996423
8440	5	3	3	0	0:00:15.061538
8460	8	8	8	1	0:00:15.183709
8480	2	5	5	0	0:00:15.012196
8500	4	4	4	1	0:00:15.083356
8520	8	8	8	1	0:00:15.184756
8540	4	4	2	1	0:00:15.113647
8560	7	7	7	1	0:00:15.151399
8580	3	5	5	0	0:00:15.145997
8600	3	3	3	1	0:00:15.089514
8620	3	2	5	0	0:00:15.071782
8640	1	9	1	0	0:00:15.030162
8660	7	7	7	1	0:00:15.174044
8680	3	5	5	0	0:00:15.100034
8700	3	3	3	1	0:00:15.094288
8720	2	0	0	0	0:00:15.196105
8740	2	2	2	1	0:00:15.131432
8760	8	8	8	1	0:00:15.103929
8780	4	4	8	1	0:00:15.053069
8800	0	0	0	1	0:00:15.089837
8820	2	2	2	1	0:00:15.115421
8840	2	5	5	0	0:00:15.110451
8860	2	2	2	1	0:00:15.133894
8880	1	1	1	1	0:00:15.093958
8900	2	4	3	0	0:00:15.045957
8920	6	6	6	1	0:00:15.024172
8940	6	3	3	0	0:00:15.033521
8960	0	2	2	0	0:00:15.028305
8980	9	9	9	1	0:00:15.021153
9000	8	8	8	1	0:00:15.074161
9020	7	7	7	1	0:00:15.062062
9040	2	5	5	0	0:00:15.047821
9060	9	9	9	1	0:00:14.997613
9080	3	3	5	1	0:00:15.031529
9100	9	1	1	0	0:00:15.052445
9120	3	5	5	0	0:00:15.023184
9140	7	7	7	1	0:00:15.040262
9160	5	3	5	0	0:00:15.134926
9180	5	5	5	1	0:00:15.138623
9200	8	8	8	1	0:00:15.073706
9220	8	8	8	1	0:00:15.075345
9240	8	8	8	1	0:00:15.058727
9260	5	5	3	1	0:00:15.174005
9280	9	9	9	1	0:00:15.106658
9300	5	4	4	0	0:00:15.054956
9320	9	9	9	1	0:00:15.099008
9340	1	1	1	1	0:00:15.099673
9360	5	0	0	0	0:00:15.123384
9380	5	3	3	0	0:00:15.016576
9400	6	6	6	1	0:00:15.076077
9420	5	5	5	1	0:00:15.151680
9440	8	8	8	1	0:00:15.061110
9460	3	3	3	1	0:00:15.070792
9480	2	2	2	1	0:00:15.118433
9500	9	9	9	1	0:00:15.130545
9520	1	1	1	1	0:00:15.002863
9540	5	5	5	1	0:00:15.034163
9560	9	9	9	1	0:00:15.054831
9580	1	1	1	1	0:00:15.012257
9600	8	8	8	1	0:00:15.030608
9620	4	4	5	1	0:00:15.063781
9640	5	5	5	1	0:00:15.069204
9660	6	6	6	1	0:00:15.061686
9680	8	8	8	1	0:00:15.051330
9700	0	0	0	1	0:00:15.041981
9720	8	8	8	1	0:00:14.996030
9740	3	6	3	0	0:00:15.007568
9760	9	5	5	0	0:00:15.018525
9780	4	6	2	0	0:00:15.059569
9800	1	1	1	1	0:00:15.106985
9820	0	0	0	1	0:00:15.032776
9840	4	7	7	0	0:00:15.102500
9860	0	-1	0	0	0:00:15.095280
9880	7	7	4	1	0:00:15.057845
9900	8	8	8	1	0:00:15.096833
9920	6	6	6	1	0:00:15.107182
9940	4	4	5	1	0:00:15.110615
9960	2	0	0	0	0:00:15.115115
9980	0	0	0	1	0:00:15.028397
