idx	label	predict	basePredict	correct	time
0	3	3	3	1	0:00:07.537710
20	7	1	1	0	0:00:07.676811
40	4	4	4	1	0:00:07.408665
60	7	7	7	1	0:00:07.411805
80	8	8	8	1	0:00:07.404030
100	4	5	5	0	0:00:07.447395
120	8	8	8	1	0:00:07.403035
140	6	6	6	1	0:00:07.402738
160	2	2	2	1	0:00:07.400517
180	0	0	0	1	0:00:07.398341
200	5	5	5	1	0:00:07.403705
220	7	5	5	0	0:00:07.398107
240	1	1	1	1	0:00:07.397117
260	8	8	8	1	0:00:07.399680
280	9	9	9	1	0:00:07.397079
300	6	6	6	1	0:00:07.398842
320	3	3	3	1	0:00:07.397252
340	2	-1	2	0	0:00:07.394595
360	9	9	9	1	0:00:07.404999
380	6	6	6	1	0:00:07.408969
400	9	9	9	1	0:00:07.400541
420	4	4	4	1	0:00:07.398198
440	1	1	1	1	0:00:07.399312
460	5	5	5	1	0:00:07.398991
480	8	8	8	1	0:00:07.408420
500	4	6	6	0	0:00:07.400570
520	5	5	5	1	0:00:07.402839
540	1	1	1	1	0:00:07.400492
560	0	0	0	1	0:00:07.405889
580	4	4	4	1	0:00:07.397178
600	8	8	8	1	0:00:07.432359
620	7	7	7	1	0:00:07.413387
640	5	3	3	0	0:00:07.422804
660	9	9	9	1	0:00:07.396821
680	9	1	1	0	0:00:07.400774
700	7	7	7	1	0:00:07.398299
720	4	4	4	1	0:00:07.395524
740	2	3	2	0	0:00:07.407649
760	3	3	3	1	0:00:07.402114
780	9	9	9	1	0:00:07.394807
800	7	7	7	1	0:00:07.417285
820	6	6	5	1	0:00:07.387779
840	7	7	7	1	0:00:07.395088
860	4	4	4	1	0:00:07.385646
880	8	8	8	1	0:00:07.385287
900	2	6	6	0	0:00:07.389145
920	6	4	4	0	0:00:07.396188
940	9	9	9	1	0:00:07.381874
960	9	-1	3	0	0:00:07.376876
980	2	-1	2	0	0:00:07.398146
1000	5	5	5	1	0:00:07.311558
1020	1	1	1	1	0:00:07.305807
1040	7	3	3	0	0:00:07.341921
1060	9	9	9	1	0:00:07.309466
1080	6	6	2	1	0:00:07.308071
1100	7	7	7	1	0:00:07.313364
1120	5	2	2	0	0:00:07.309723
1140	6	6	6	1	0:00:07.307866
1160	8	8	8	1	0:00:07.309428
1180	3	3	3	1	0:00:07.306287
1200	8	-1	8	0	0:00:07.313999
1220	9	3	3	0	0:00:07.314185
1240	2	2	2	1	0:00:07.309796
1260	1	9	9	0	0:00:07.313344
1280	3	5	5	0	0:00:07.316475
1300	4	3	3	0	0:00:07.307841
1320	7	7	7	1	0:00:07.310327
1340	1	1	1	1	0:00:07.306724
1360	7	7	7	1	0:00:07.309850
1380	4	4	4	1	0:00:07.305360
1400	5	5	5	1	0:00:07.298159
1420	4	4	7	1	0:00:07.301692
1440	0	-1	2	0	0:00:07.305603
1460	6	6	6	1	0:00:07.303698
1480	1	1	1	1	0:00:07.302096
1500	1	1	1	1	0:00:07.308906
1520	7	7	7	1	0:00:07.302582
1540	8	8	8	1	0:00:07.310851
1560	7	7	7	1	0:00:07.308973
1580	6	6	3	1	0:00:07.321742
1600	8	9	9	0	0:00:07.318440
1620	5	4	4	0	0:00:07.319288
1640	7	7	7	1	0:00:07.309791
1660	3	3	3	1	0:00:07.308787
1680	6	6	6	1	0:00:07.309234
1700	5	-1	3	0	0:00:07.316434
1720	4	4	3	1	0:00:07.312501
1740	1	1	1	1	0:00:07.304853
1760	0	0	0	1	0:00:07.304378
1780	7	7	7	1	0:00:07.312570
1800	4	-1	4	0	0:00:07.309807
1820	8	8	8	1	0:00:07.311404
1840	8	4	4	0	0:00:07.306439
1860	8	8	8	1	0:00:07.308192
1880	1	1	1	1	0:00:07.305439
1900	8	8	8	1	0:00:07.304486
1920	2	2	2	1	0:00:07.304248
1940	5	5	2	1	0:00:07.304425
1960	2	5	5	0	0:00:07.309925
1980	9	9	9	1	0:00:07.309550
2000	1	1	1	1	0:00:07.307683
2020	9	9	9	1	0:00:07.308538
2040	0	0	0	1	0:00:07.301012
2060	5	3	3	0	0:00:07.305456
2080	1	1	1	1	0:00:07.308951
2100	2	2	2	1	0:00:07.303330
2120	4	8	8	0	0:00:07.304766
2140	9	9	9	1	0:00:07.311083
2160	0	0	0	1	0:00:07.306411
2180	4	4	4	1	0:00:07.304399
2200	0	0	0	1	0:00:07.306463
2220	1	1	1	1	0:00:07.296750
2240	9	9	9	1	0:00:07.306847
2260	4	4	4	1	0:00:07.313793
2280	4	2	2	0	0:00:07.309755
2300	3	-1	2	0	0:00:07.301175
2320	5	3	3	0	0:00:07.309044
2340	7	7	7	1	0:00:07.309386
2360	7	7	7	1	0:00:07.301486
2380	8	1	1	0	0:00:07.292677
2400	0	0	0	1	0:00:07.302024
2420	8	7	7	0	0:00:07.304151
2440	7	7	7	1	0:00:07.303399
2460	9	9	9	1	0:00:07.301295
2480	8	8	8	1	0:00:07.300730
2500	4	-1	2	0	0:00:07.304776
2520	1	-1	0	0	0:00:07.303829
2540	2	2	2	1	0:00:07.309721
2560	7	7	7	1	0:00:07.307611
2580	6	6	6	1	0:00:07.309406
2600	8	8	8	1	0:00:07.304864
2620	1	1	1	1	0:00:07.303494
2640	7	7	7	1	0:00:07.309286
2660	3	3	3	1	0:00:07.300534
2680	0	0	0	1	0:00:07.305190
2700	9	1	1	0	0:00:07.306047
2720	3	3	3	1	0:00:07.308797
2740	1	1	1	1	0:00:07.308904
2760	2	2	2	1	0:00:07.308409
2780	7	7	7	1	0:00:07.309077
2800	4	4	4	1	0:00:07.304824
2820	6	6	6	1	0:00:07.311146
2840	3	3	3	1	0:00:07.311431
2860	5	-1	5	0	0:00:07.304499
2880	4	4	4	1	0:00:07.300925
2900	3	2	2	0	0:00:07.310107
2920	2	2	2	1	0:00:07.310195
2940	3	0	0	0	0:00:07.310071
2960	9	0	0	0	0:00:07.304883
2980	8	8	8	1	0:00:07.305337
3000	5	5	5	1	0:00:07.304444
3020	1	1	1	1	0:00:07.302909
3040	7	7	7	1	0:00:07.305753
3060	7	7	7	1	0:00:07.306539
3080	1	1	1	1	0:00:07.303488
3100	0	0	0	1	0:00:07.291090
3120	4	4	4	1	0:00:07.289346
3140	8	8	8	1	0:00:07.293216
3160	6	2	2	0	0:00:07.291572
3180	3	6	3	0	0:00:07.300210
3200	5	5	5	1	0:00:07.298506
3220	3	-1	3	0	0:00:07.299587
3240	4	1	1	0	0:00:07.298822
3260	7	7	7	1	0:00:07.304607
3280	3	3	3	1	0:00:07.301414
3300	4	4	4	1	0:00:07.304275
3320	2	2	2	1	0:00:07.307457
3340	6	6	6	1	0:00:07.305449
3360	4	4	4	1	0:00:07.307339
3380	8	8	8	1	0:00:07.299878
3400	6	4	4	0	0:00:07.298696
3420	5	3	3	0	0:00:07.307106
3440	2	3	3	0	0:00:07.310155
3460	1	1	1	1	0:00:07.303651
3480	2	2	2	1	0:00:07.313234
3500	1	9	9	0	0:00:07.308499
3520	1	1	1	1	0:00:07.310480
3540	6	-1	3	0	0:00:07.308009
3560	1	9	9	0	0:00:07.306803
3580	4	4	4	1	0:00:07.302430
3600	4	3	3	0	0:00:07.311336
3620	0	0	0	1	0:00:07.304080
3640	6	6	6	1	0:00:07.304321
3660	0	0	0	1	0:00:07.307265
3680	0	-1	0	0	0:00:07.310398
3700	3	3	3	1	0:00:07.308344
3720	2	2	2	1	0:00:07.310486
3740	0	0	0	1	0:00:07.310486
3760	7	7	7	1	0:00:07.306963
3780	4	4	4	1	0:00:07.304411
3800	9	9	9	1	0:00:07.308034
3820	0	8	8	0	0:00:07.307816
3840	6	8	4	0	0:00:07.304383
3860	7	7	7	1	0:00:07.299169
3880	6	6	6	1	0:00:07.307762
3900	3	3	3	1	0:00:07.305608
3920	7	7	7	1	0:00:07.308706
3940	6	-1	4	0	0:00:07.304529
3960	2	2	2	1	0:00:07.310886
3980	9	-1	9	0	0:00:07.308098
4000	8	2	2	0	0:00:07.305457
4020	8	8	8	1	0:00:07.302256
4040	0	0	0	1	0:00:07.298845
4060	6	6	6	1	0:00:07.304785
4080	1	1	1	1	0:00:07.309399
4100	7	7	7	1	0:00:07.306758
4120	4	4	4	1	0:00:07.307600
4140	5	5	5	1	0:00:07.307745
4160	5	5	5	1	0:00:07.308773
4180	0	0	8	1	0:00:07.303922
4200	4	4	4	1	0:00:07.299296
4220	4	-1	0	0	0:00:07.308036
4240	7	7	7	1	0:00:07.308228
4260	8	8	8	1	0:00:07.293825
4280	8	0	0	0	0:00:07.309947
4300	8	8	8	1	0:00:07.307554
4320	1	-1	1	0	0:00:07.309499
4340	0	0	0	1	0:00:07.307307
4360	6	6	6	1	0:00:07.312276
4380	9	9	9	1	0:00:07.311249
4400	3	5	5	0	0:00:07.310541
4420	5	5	5	1	0:00:07.311427
4440	2	2	2	1	0:00:07.310821
4460	9	9	9	1	0:00:07.312495
4480	9	9	9	1	0:00:07.313784
4500	3	3	3	1	0:00:07.312304
4520	3	3	3	1	0:00:07.310915
4540	9	9	9	1	0:00:07.308913
4560	1	1	1	1	0:00:07.308089
4580	6	6	6	1	0:00:07.302329
4600	4	4	4	1	0:00:07.306661
4620	7	-1	3	0	0:00:07.305639
4640	2	2	2	1	0:00:07.310334
4660	7	7	7	1	0:00:07.302773
4680	9	9	9	1	0:00:07.302773
4700	6	6	5	1	0:00:07.301276
4720	8	8	0	1	0:00:07.307162
4740	5	3	3	0	0:00:07.304716
4760	3	2	2	0	0:00:07.308321
4780	0	0	0	1	0:00:07.306046
4800	9	9	9	1	0:00:07.306891
4820	3	3	3	1	0:00:07.306442
4840	0	0	0	1	0:00:07.303318
4860	5	5	5	1	0:00:07.304686
4880	0	0	0	1	0:00:07.307057
4900	3	3	3	1	0:00:07.306866
4920	7	7	7	1	0:00:07.305837
4940	6	6	6	1	0:00:07.305367
4960	4	4	4	1	0:00:07.303411
4980	1	1	1	1	0:00:07.311384
5000	7	7	7	1	0:00:07.298180
5020	8	8	8	1	0:00:07.306834
5040	3	3	3	1	0:00:07.309345
5060	6	6	6	1	0:00:07.309116
5080	7	4	4	0	0:00:07.306700
5100	3	3	3	1	0:00:07.313332
5120	9	9	9	1	0:00:07.308632
5140	8	8	8	1	0:00:07.307435
5160	0	0	0	1	0:00:07.306462
5180	9	7	7	0	0:00:07.309692
5200	3	3	3	1	0:00:07.309043
5220	0	0	0	1	0:00:07.308329
5240	1	1	1	1	0:00:07.308624
5260	0	0	0	1	0:00:07.309036
5280	0	4	0	0	0:00:07.316385
5300	9	9	9	1	0:00:07.313884
5320	7	7	7	1	0:00:07.314514
5340	3	3	3	1	0:00:07.309068
5360	9	9	9	1	0:00:07.311303
5380	1	-1	1	0	0:00:07.308421
5400	9	9	9	1	0:00:07.302837
5420	6	6	6	1	0:00:07.306392
5440	9	9	9	1	0:00:07.310763
5460	0	0	0	1	0:00:07.312348
5480	1	1	1	1	0:00:07.307350
5500	8	8	8	1	0:00:07.308623
5520	4	4	3	1	0:00:07.309156
5540	5	5	3	1	0:00:07.307296
5560	3	6	6	0	0:00:07.303957
5580	5	-1	3	0	0:00:07.305870
5600	6	5	5	0	0:00:07.305921
5620	3	-1	6	0	0:00:07.305055
5640	2	2	2	1	0:00:07.306197
5660	9	9	9	1	0:00:07.306445
5680	2	-1	0	0	0:00:07.303981
5700	3	5	5	0	0:00:07.304788
5720	9	9	9	1	0:00:07.306244
5740	6	6	6	1	0:00:07.303283
5760	2	2	2	1	0:00:07.306762
5780	7	7	7	1	0:00:07.304945
5800	2	2	2	1	0:00:07.308033
5820	5	5	5	1	0:00:07.308458
5840	2	-1	5	0	0:00:07.301593
5860	0	0	2	1	0:00:07.300174
5880	0	0	0	1	0:00:07.305757
5900	4	3	3	0	0:00:07.303036
5920	8	8	8	1	0:00:07.307485
5940	7	3	3	0	0:00:07.308373
5960	2	6	6	0	0:00:07.307876
5980	9	9	9	1	0:00:07.312441
6000	8	8	8	1	0:00:07.311322
6020	6	6	6	1	0:00:07.312495
6040	2	3	7	0	0:00:07.313415
6060	3	-1	3	0	0:00:07.311965
6080	1	1	1	1	0:00:07.311952
6100	1	1	1	1	0:00:07.309538
6120	5	5	5	1	0:00:07.311059
6140	9	9	9	1	0:00:07.311866
6160	2	2	2	1	0:00:07.313091
6180	0	0	0	1	0:00:07.309935
6200	3	3	3	1	0:00:07.307536
6220	2	2	2	1	0:00:07.305301
6240	2	2	2	1	0:00:07.302169
6260	2	2	2	1	0:00:07.308078
6280	8	8	8	1	0:00:07.311091
6300	1	1	1	1	0:00:07.309412
6320	0	0	0	1	0:00:07.309214
6340	3	-1	4	0	0:00:07.307719
6360	2	2	2	1	0:00:07.304248
6380	3	3	3	1	0:00:07.307209
6400	0	0	0	1	0:00:07.307205
6420	7	7	7	1	0:00:07.304371
6440	3	-1	5	0	0:00:07.304915
6460	3	3	3	1	0:00:07.308341
6480	0	0	0	1	0:00:07.303433
6500	7	-1	0	0	0:00:07.309409
6520	6	6	6	1	0:00:07.297875
6540	8	8	8	1	0:00:07.290918
6560	6	-1	4	0	0:00:07.296302
6580	1	1	1	1	0:00:07.309889
6600	7	7	7	1	0:00:07.306061
6620	7	7	7	1	0:00:07.303398
6640	5	3	3	0	0:00:07.307467
6660	0	0	0	1	0:00:07.302049
6680	3	-1	3	0	0:00:07.305849
6700	6	6	6	1	0:00:07.310244
6720	2	-1	2	0	0:00:07.306027
6740	2	3	3	0	0:00:07.307860
6760	5	5	5	1	0:00:07.307857
6780	7	7	7	1	0:00:07.307970
6800	6	6	3	1	0:00:07.307010
6820	1	1	1	1	0:00:07.311167
6840	9	9	9	1	0:00:07.310185
6860	0	0	0	1	0:00:07.304101
6880	2	2	2	1	0:00:07.311390
6900	3	3	3	1	0:00:07.309824
6920	5	6	6	0	0:00:07.307558
6940	1	1	1	1	0:00:07.305288
6960	9	9	9	1	0:00:07.308862
6980	0	0	0	1	0:00:07.306251
7000	2	8	8	0	0:00:07.304906
7020	7	7	7	1	0:00:07.309507
7040	7	0	0	0	0:00:07.305974
7060	8	8	8	1	0:00:07.306523
7080	5	4	4	0	0:00:07.305898
7100	9	3	3	0	0:00:07.301197
7120	7	7	7	1	0:00:07.299312
7140	4	2	2	0	0:00:07.304211
7160	5	5	5	1	0:00:07.302842
7180	6	6	6	1	0:00:07.302830
7200	4	-1	4	0	0:00:07.300888
7220	9	9	9	1	0:00:07.310256
7240	0	0	8	1	0:00:07.303334
7260	1	1	1	1	0:00:07.303041
7280	1	9	9	0	0:00:07.310116
7300	3	5	3	0	0:00:07.308698
7320	8	8	8	1	0:00:07.302683
7340	2	-1	2	0	0:00:07.307689
7360	2	2	2	1	0:00:07.309734
7380	7	7	7	1	0:00:07.302922
7400	3	3	3	1	0:00:07.306701
7420	3	3	3	1	0:00:07.303982
7440	3	3	3	1	0:00:07.308813
7460	5	5	5	1	0:00:07.311790
7480	1	1	1	1	0:00:07.310292
7500	6	6	6	1	0:00:07.306112
7520	4	4	4	1	0:00:07.300223
7540	5	5	5	1	0:00:07.308552
7560	0	0	0	1	0:00:07.307451
7580	8	8	8	1	0:00:07.308574
7600	8	-1	5	0	0:00:07.305624
7620	5	3	3	0	0:00:07.307202
7640	9	-1	8	0	0:00:07.309735
7660	7	7	7	1	0:00:07.310988
7680	3	5	5	0	0:00:07.306228
7700	6	6	6	1	0:00:07.306801
7720	5	5	3	1	0:00:07.306897
7740	4	4	4	1	0:00:07.307447
7760	2	9	9	0	0:00:07.311381
7780	3	8	8	0	0:00:07.306458
7800	0	0	0	1	0:00:07.308218
7820	5	3	3	0	0:00:07.308122
7840	1	1	1	1	0:00:07.308354
7860	8	8	8	1	0:00:07.305014
7880	0	0	0	1	0:00:07.306816
7900	0	0	0	1	0:00:07.307168
7920	9	9	9	1	0:00:07.304818
7940	2	2	2	1	0:00:07.291372
7960	0	0	0	1	0:00:07.296020
7980	3	3	3	1	0:00:07.306233
8000	9	9	9	1	0:00:07.297174
8020	6	-1	7	0	0:00:07.304257
8040	2	2	2	1	0:00:07.310467
8060	6	6	6	1	0:00:07.303859
8080	4	4	3	1	0:00:07.305120
8100	6	6	6	1	0:00:07.311852
8120	8	8	8	1	0:00:07.303171
8140	5	7	5	0	0:00:07.297438
8160	6	6	6	1	0:00:07.298598
8180	4	2	2	0	0:00:07.291975
8200	3	7	7	0	0:00:07.298038
8220	6	6	6	1	0:00:07.295372
8240	7	7	7	1	0:00:07.299057
8260	1	1	1	1	0:00:07.298526
8280	4	4	4	1	0:00:07.301692
8300	5	5	5	1	0:00:07.300355
8320	7	7	7	1	0:00:07.296675
8340	5	5	5	1	0:00:07.296314
8360	7	7	7	1	0:00:07.303870
8380	9	9	9	1	0:00:07.305204
8400	0	0	0	1	0:00:07.304290
8420	3	6	6	0	0:00:07.312727
8440	5	3	3	0	0:00:07.313055
8460	8	8	8	1	0:00:07.307806
8480	2	2	2	1	0:00:07.308050
8500	4	4	4	1	0:00:07.306599
8520	8	-1	8	0	0:00:07.309942
8540	4	2	2	0	0:00:07.306635
8560	7	7	7	1	0:00:07.313541
8580	3	5	5	0	0:00:07.311461
8600	3	5	5	0	0:00:07.310967
8620	3	-1	5	0	0:00:07.318665
8640	1	1	1	1	0:00:07.309469
8660	7	7	7	1	0:00:07.310477
8680	3	-1	5	0	0:00:07.306330
8700	3	3	3	1	0:00:07.301246
8720	2	0	0	0	0:00:07.299765
8740	2	5	5	0	0:00:07.303301
8760	8	8	8	1	0:00:07.304624
8780	4	7	4	0	0:00:07.306623
8800	0	0	0	1	0:00:07.313775
8820	2	2	2	1	0:00:07.309636
8840	2	-1	2	0	0:00:07.305537
8860	2	2	2	1	0:00:07.312713
8880	1	1	1	1	0:00:07.295598
8900	2	2	2	1	0:00:07.300687
8920	6	6	6	1	0:00:07.290895
8940	6	3	3	0	0:00:07.303699
8960	0	2	2	0	0:00:07.298128
8980	9	9	9	1	0:00:07.287735
9000	8	8	8	1	0:00:07.293435
9020	7	7	7	1	0:00:07.296476
9040	2	5	5	0	0:00:07.297392
9060	9	9	9	1	0:00:07.294342
9080	3	3	3	1	0:00:07.287344
9100	9	1	1	0	0:00:07.291976
9120	3	5	5	0	0:00:07.298374
9140	7	7	7	1	0:00:07.293780
9160	5	3	3	0	0:00:07.298257
9180	5	5	5	1	0:00:07.300297
9200	8	8	8	1	0:00:07.303284
9220	8	8	8	1	0:00:07.299281
9240	8	8	8	1	0:00:07.299985
9260	5	3	3	0	0:00:07.299633
9280	9	9	9	1	0:00:07.298504
9300	5	3	3	0	0:00:07.303685
9320	9	9	9	1	0:00:07.298950
9340	1	1	1	1	0:00:07.300459
9360	5	0	0	0	0:00:07.302065
9380	5	3	3	0	0:00:07.300563
9400	6	6	6	1	0:00:07.298306
9420	5	5	5	1	0:00:07.302846
9440	8	8	8	1	0:00:07.298646
9460	3	3	3	1	0:00:07.294717
9480	2	2	2	1	0:00:07.299969
9500	9	9	9	1	0:00:07.299470
9520	1	1	1	1	0:00:07.290429
9540	5	-1	3	0	0:00:07.294610
9560	9	7	7	0	0:00:07.285077
9580	1	1	1	1	0:00:07.282359
9600	8	8	8	1	0:00:07.284962
9620	4	4	4	1	0:00:07.296411
9640	5	5	5	1	0:00:07.297638
9660	6	6	6	1	0:00:07.295507
9680	8	8	8	1	0:00:07.296187
9700	0	0	0	1	0:00:07.296526
9720	8	8	8	1	0:00:07.293033
9740	3	6	6	0	0:00:07.287814
9760	9	9	9	1	0:00:07.295063
9780	4	4	4	1	0:00:07.295086
9800	1	1	1	1	0:00:07.296296
9820	0	8	8	0	0:00:07.299920
9840	4	7	7	0	0:00:07.296580
9860	0	0	0	1	0:00:07.289728
9880	7	7	7	1	0:00:07.295075
9900	8	8	8	1	0:00:07.294580
9920	6	6	6	1	0:00:07.298007
9940	4	4	4	1	0:00:07.299297
9960	2	0	0	0	0:00:07.296742
9980	0	0	0	1	0:00:07.292861
