idx	label	predict	basePredict	correct	time
0	3	3	3	1	0:00:18.943042
20	7	7	9	1	0:00:15.779695
40	4	8	8	0	0:00:15.723766
60	7	7	7	1	0:00:15.744580
80	8	8	8	1	0:00:15.727462
100	4	5	5	0	0:00:15.730562
120	8	0	8	0	0:00:15.739676
140	6	6	2	1	0:00:15.739071
160	2	0	2	0	0:00:15.759035
180	0	0	0	1	0:00:15.770959
200	5	7	5	0	0:00:15.740373
220	7	7	7	1	0:00:15.718620
240	1	1	1	1	0:00:15.736011
260	8	3	3	0	0:00:15.766306
280	9	9	9	1	0:00:15.738439
300	6	6	4	1	0:00:15.725035
320	3	3	3	1	0:00:15.716533
340	2	4	4	0	0:00:15.690012
360	9	7	5	0	0:00:15.711874
380	6	6	4	1	0:00:15.714643
400	9	9	9	1	0:00:15.839897
420	4	4	4	1	0:00:15.719773
440	1	9	9	0	0:00:15.713690
460	5	5	2	1	0:00:15.784743
480	8	9	9	0	0:00:15.759186
500	4	6	2	0	0:00:15.777467
520	5	7	7	0	0:00:15.767390
540	1	1	8	1	0:00:15.740805
560	0	0	0	1	0:00:15.793592
580	4	4	4	1	0:00:15.741552
600	8	8	8	1	0:00:15.719004
620	7	7	4	1	0:00:15.713780
640	5	3	3	0	0:00:15.703580
660	9	9	9	1	0:00:15.722528
680	9	7	7	0	0:00:15.727882
700	7	7	3	1	0:00:15.697054
720	4	9	3	0	0:00:15.781321
740	2	5	3	0	0:00:15.785105
760	3	9	3	0	0:00:15.775661
780	9	1	9	0	0:00:15.780306
800	7	7	7	1	0:00:15.717705
820	6	8	8	0	0:00:15.757919
840	7	7	7	1	0:00:15.716936
860	4	2	2	0	0:00:15.711044
880	8	8	8	1	0:00:15.688582
900	2	6	4	0	0:00:15.704470
920	6	3	3	0	0:00:15.746843
940	9	9	9	1	0:00:15.717479
960	9	9	9	1	0:00:15.815233
980	2	6	2	0	0:00:15.694729
1000	5	5	5	1	0:00:15.088547
1020	1	1	1	1	0:00:15.062216
1040	7	5	5	0	0:00:15.038546
1060	9	9	9	1	0:00:15.121847
1080	6	1	6	0	0:00:15.233399
1100	7	0	0	0	0:00:15.122334
1120	5	2	2	0	0:00:15.098298
1140	6	4	4	0	0:00:15.047763
1160	8	0	0	0	0:00:15.057526
1180	3	3	3	1	0:00:15.065635
1200	8	0	0	0	0:00:15.097708
1220	9	6	6	0	0:00:15.078999
1240	2	6	6	0	0:00:15.093005
1260	1	9	9	0	0:00:15.072357
1280	3	7	5	0	0:00:15.389800
1300	4	3	3	0	0:00:15.063480
1320	7	2	2	0	0:00:15.103703
1340	1	1	1	1	0:00:15.103093
1360	7	7	2	1	0:00:15.053301
1380	4	5	5	0	0:00:15.122756
1400	5	3	3	0	0:00:15.086028
1420	4	7	7	0	0:00:15.049361
1440	0	8	8	0	0:00:15.162150
1460	6	6	2	1	0:00:15.167603
1480	1	5	5	0	0:00:15.109314
1500	1	1	1	1	0:00:15.030519
1520	7	7	4	1	0:00:15.014618
1540	8	8	8	1	0:00:15.040890
1560	7	7	7	1	0:00:15.073853
1580	6	1	3	0	0:00:15.042209
1600	8	9	6	0	0:00:15.071898
1620	5	8	8	0	0:00:14.995542
1640	7	3	3	0	0:00:15.056360
1660	3	5	5	0	0:00:15.017579
1680	6	6	3	1	0:00:15.005935
1700	5	2	2	0	0:00:15.005596
1720	4	2	2	0	0:00:14.989407
1740	1	9	9	0	0:00:15.012069
1760	0	8	8	0	0:00:15.073958
1780	7	7	2	1	0:00:15.065130
1800	4	0	8	0	0:00:15.060948
1820	8	9	8	0	0:00:14.984089
1840	8	7	4	0	0:00:14.968016
1860	8	8	3	1	0:00:14.983610
1880	1	1	8	1	0:00:15.014704
1900	8	8	8	1	0:00:15.132906
1920	2	2	2	1	0:00:15.177792
1940	5	2	2	0	0:00:15.057142
1960	2	5	5	0	0:00:15.029104
1980	9	9	9	1	0:00:15.075662
2000	1	6	6	0	0:00:15.050604
2020	9	9	9	1	0:00:15.065885
2040	0	0	0	1	0:00:15.036918
2060	5	3	3	0	0:00:15.025107
2080	1	9	9	0	0:00:15.006542
2100	2	2	2	1	0:00:15.023984
2120	4	8	8	0	0:00:15.002624
2140	9	9	9	1	0:00:15.070488
2160	0	8	8	0	0:00:15.148184
2180	4	4	4	1	0:00:15.101503
2200	0	2	2	0	0:00:15.074422
2220	1	1	1	1	0:00:15.092271
2240	9	1	1	0	0:00:15.052620
2260	4	4	4	1	0:00:15.116678
2280	4	8	8	0	0:00:15.121643
2300	3	4	2	0	0:00:15.108371
2320	5	2	2	0	0:00:15.140856
2340	7	7	7	1	0:00:15.133370
2360	7	5	5	0	0:00:15.124636
2380	8	8	8	1	0:00:15.127495
2400	0	0	4	1	0:00:15.084546
2420	8	5	5	0	0:00:15.083148
2440	7	7	0	1	0:00:15.016890
2460	9	7	7	0	0:00:15.043356
2480	8	8	8	1	0:00:15.025905
2500	4	6	4	0	0:00:15.055845
2520	1	1	8	1	0:00:15.070909
2540	2	5	5	0	0:00:15.084091
2560	7	7	4	1	0:00:15.011208
2580	6	5	5	0	0:00:15.048102
2600	8	8	8	1	0:00:15.132719
2620	1	1	8	1	0:00:15.028171
2640	7	7	4	1	0:00:15.020981
2660	3	5	2	0	0:00:15.110142
2680	0	0	0	1	0:00:15.103637
2700	9	1	1	0	0:00:15.013974
2720	3	3	3	1	0:00:15.081376
2740	1	1	7	1	0:00:15.014106
2760	2	2	2	1	0:00:15.032339
2780	7	7	7	1	0:00:15.025120
2800	4	6	3	0	0:00:15.039468
2820	6	6	2	1	0:00:15.013693
2840	3	3	3	1	0:00:15.143815
2860	5	7	6	0	0:00:15.029093
2880	4	4	4	1	0:00:15.018243
2900	3	5	7	0	0:00:15.075727
2920	2	3	3	0	0:00:15.015008
2940	3	0	0	0	0:00:15.046708
2960	9	9	9	1	0:00:14.996485
2980	8	8	8	1	0:00:15.096796
3000	5	5	5	1	0:00:15.122672
3020	1	1	8	1	0:00:15.063976
3040	7	7	7	1	0:00:15.084690
3060	7	7	5	1	0:00:15.082011
3080	1	1	0	1	0:00:15.088252
3100	0	0	0	1	0:00:15.014000
3120	4	6	2	0	0:00:15.091631
3140	8	8	8	1	0:00:14.999536
3160	6	2	2	0	0:00:14.999775
3180	3	3	3	1	0:00:15.103756
3200	5	7	7	0	0:00:15.012131
3220	3	9	6	0	0:00:15.071041
3240	4	1	8	0	0:00:15.128157
3260	7	7	7	1	0:00:15.083680
3280	3	5	5	0	0:00:15.153339
3300	4	2	2	0	0:00:15.139143
3320	2	7	7	0	0:00:15.051107
3340	6	6	2	1	0:00:15.069111
3360	4	6	6	0	0:00:15.038498
3380	8	8	8	1	0:00:15.074561
3400	6	4	4	0	0:00:15.195408
3420	5	3	3	0	0:00:15.100638
3440	2	3	3	0	0:00:15.055613
3460	1	1	9	1	0:00:15.157022
3480	2	2	2	1	0:00:15.116820
3500	1	9	9	0	0:00:15.078587
3520	1	1	1	1	0:00:15.076005
3540	6	6	3	1	0:00:15.065014
3560	1	9	7	0	0:00:15.032806
3580	4	2	2	0	0:00:15.107223
3600	4	2	2	0	0:00:15.052265
3620	0	6	6	0	0:00:15.028903
3640	6	2	2	0	0:00:15.091708
3660	0	0	8	1	0:00:15.057987
3680	0	4	2	0	0:00:15.195828
3700	3	3	3	1	0:00:15.090414
3720	2	2	2	1	0:00:15.144573
3740	0	0	0	1	0:00:15.131964
3760	7	7	4	1	0:00:15.086716
3780	4	3	2	0	0:00:15.112366
3800	9	9	3	1	0:00:15.008929
3820	0	2	2	0	0:00:15.048456
3840	6	3	3	0	0:00:14.998657
3860	7	7	7	1	0:00:14.996123
3880	6	4	4	0	0:00:14.969619
3900	3	6	6	0	0:00:15.078857
3920	7	9	5	0	0:00:15.036858
3940	6	5	5	0	0:00:15.012065
3960	2	2	2	1	0:00:15.010176
3980	9	7	7	0	0:00:14.984997
4000	8	7	0	0	0:00:15.036163
4020	8	1	8	0	0:00:15.020851
4040	0	0	0	1	0:00:15.010555
4060	6	5	3	0	0:00:15.060752
4080	1	1	8	1	0:00:15.030816
4100	7	7	7	1	0:00:15.060651
4120	4	4	4	1	0:00:15.072547
4140	5	5	3	1	0:00:15.048828
4160	5	2	2	0	0:00:15.060642
4180	0	8	8	0	0:00:14.971395
4200	4	2	2	0	0:00:15.076133
4220	4	0	0	0	0:00:15.091446
4240	7	0	8	0	0:00:15.057925
4260	8	8	8	1	0:00:15.029578
4280	8	9	1	0	0:00:15.004673
4300	8	8	8	1	0:00:15.047009
4320	1	8	8	0	0:00:15.075950
4340	0	0	0	1	0:00:14.990646
4360	6	9	9	0	0:00:15.033109
4380	9	9	8	1	0:00:15.051262
4400	3	6	4	0	0:00:15.162553
4420	5	5	7	1	0:00:15.050328
4440	2	2	2	1	0:00:15.063817
4460	9	9	8	1	0:00:15.051223
4480	9	9	3	1	0:00:15.060571
4500	3	5	5	0	0:00:15.088225
4520	3	6	6	0	0:00:15.075900
4540	9	9	9	1	0:00:15.111792
4560	1	1	8	1	0:00:15.110690
4580	6	4	6	0	0:00:15.107111
4600	4	7	7	0	0:00:15.090718
4620	7	3	3	0	0:00:15.052446
4640	2	4	2	0	0:00:15.037949
4660	7	4	4	0	0:00:15.001234
4680	9	1	1	0	0:00:15.103254
4700	6	1	5	0	0:00:15.069663
4720	8	0	0	0	0:00:15.116135
4740	5	3	3	0	0:00:15.063628
4760	3	2	2	0	0:00:15.068736
4780	0	0	8	1	0:00:15.047601
4800	9	9	9	1	0:00:15.008830
4820	3	3	3	1	0:00:15.080158
4840	0	0	0	1	0:00:15.118665
4860	5	5	5	1	0:00:15.118672
4880	0	8	8	0	0:00:15.071378
4900	3	6	6	0	0:00:15.115923
4920	7	7	7	1	0:00:15.082530
4940	6	4	2	0	0:00:15.112167
4960	4	3	3	0	0:00:15.076036
4980	1	9	9	0	0:00:15.026087
5000	7	7	7	1	0:00:15.130019
5020	8	8	8	1	0:00:15.074393
5040	3	1	2	0	0:00:15.089404
5060	6	2	2	0	0:00:14.989386
5080	7	7	7	1	0:00:15.062980
5100	3	3	3	1	0:00:15.049203
5120	9	9	8	1	0:00:15.009570
5140	8	8	8	1	0:00:15.033507
5160	0	0	9	1	0:00:15.003955
5180	9	7	4	0	0:00:15.102480
5200	3	3	3	1	0:00:15.074240
5220	0	0	0	1	0:00:14.978015
5240	1	9	9	0	0:00:15.051641
5260	0	0	0	1	0:00:15.076969
5280	0	9	9	0	0:00:15.067556
5300	9	1	2	0	0:00:15.018291
5320	7	7	7	1	0:00:15.021068
5340	3	4	4	0	0:00:14.993724
5360	9	9	3	1	0:00:15.078742
5380	1	9	9	0	0:00:15.006796
5400	9	9	9	1	0:00:15.005582
5420	6	6	3	1	0:00:15.077728
5440	9	9	9	1	0:00:15.092946
5460	0	0	0	1	0:00:15.096660
5480	1	1	4	1	0:00:15.123584
5500	8	1	8	0	0:00:15.042659
5520	4	3	3	0	0:00:15.084760
5540	5	6	4	0	0:00:15.013555
5560	3	5	5	0	0:00:15.027031
5580	5	6	3	0	0:00:15.053690
5600	6	9	4	0	0:00:15.059295
5620	3	6	6	0	0:00:15.012093
5640	2	2	2	1	0:00:15.075060
5660	9	8	8	0	0:00:15.066655
5680	2	3	3	0	0:00:15.001836
5700	3	5	5	0	0:00:15.094485
5720	9	9	9	1	0:00:15.139653
5740	6	4	6	0	0:00:15.250649
5760	2	4	2	0	0:00:15.208259
5780	7	7	7	1	0:00:15.128829
5800	2	4	4	0	0:00:15.138164
5820	5	3	2	0	0:00:15.126284
5840	2	2	2	1	0:00:15.151895
5860	0	1	8	0	0:00:15.102976
5880	0	0	0	1	0:00:15.160605
5900	4	0	0	0	0:00:15.197715
5920	8	8	8	1	0:00:15.196540
5940	7	4	4	0	0:00:15.136690
5960	2	6	6	0	0:00:15.147357
5980	9	9	2	1	0:00:15.216738
6000	8	9	8	0	0:00:15.104462
6020	6	6	6	1	0:00:15.151285
6040	2	7	7	0	0:00:15.154300
6060	3	4	2	0	0:00:15.151014
6080	1	9	9	0	0:00:15.112256
6100	1	1	8	1	0:00:15.142040
6120	5	5	5	1	0:00:15.324324
6140	9	9	9	1	0:00:15.146622
6160	2	5	5	0	0:00:15.204912
6180	0	0	2	1	0:00:15.112163
6200	3	3	3	1	0:00:15.124177
6220	2	5	5	0	0:00:15.092208
6240	2	1	2	0	0:00:15.227639
6260	2	9	6	0	0:00:15.148252
6280	8	5	5	0	0:00:15.066425
6300	1	1	2	1	0:00:15.132968
6320	0	4	0	0	0:00:15.152833
6340	3	3	3	1	0:00:15.114006
6360	2	6	2	0	0:00:15.191074
6380	3	1	3	0	0:00:15.203118
6400	0	1	8	0	0:00:15.078496
6420	7	7	7	1	0:00:15.214269
6440	3	9	4	0	0:00:15.331867
6460	3	1	3	0	0:00:15.109402
6480	0	0	0	1	0:00:15.131571
6500	7	6	8	0	0:00:15.101867
6520	6	2	2	0	0:00:15.129224
6540	8	8	8	1	0:00:15.139518
6560	6	6	2	1	0:00:15.109393
6580	1	7	4	0	0:00:15.067799
6600	7	7	7	1	0:00:15.140435
6620	7	7	7	1	0:00:15.076114
6640	5	3	3	0	0:00:15.062133
6660	0	0	0	1	0:00:15.056781
6680	3	5	3	0	0:00:15.154576
6700	6	0	0	0	0:00:15.000499
6720	2	-1	2	0	0:00:15.115042
6740	2	4	4	0	0:00:15.233639
6760	5	5	5	1	0:00:15.162173
6780	7	7	7	1	0:00:15.083298
6800	6	4	2	0	0:00:15.114666
6820	1	1	1	1	0:00:15.114643
6840	9	9	1	1	0:00:15.125588
6860	0	2	2	0	0:00:15.211025
6880	2	-1	2	0	0:00:15.168029
6900	3	7	7	0	0:00:15.144222
6920	5	2	2	0	0:00:15.078368
6940	1	1	1	1	0:00:15.127838
6960	9	8	8	0	0:00:15.214463
6980	0	1	8	0	0:00:15.188478
7000	2	8	8	0	0:00:15.319445
7020	7	7	7	1	0:00:15.111546
7040	7	1	8	0	0:00:15.077577
7060	8	-1	8	0	0:00:15.140201
7080	5	4	4	0	0:00:15.154900
7100	9	5	3	0	0:00:15.069756
7120	7	5	5	0	0:00:15.127913
7140	4	9	3	0	0:00:15.090371
7160	5	5	5	1	0:00:15.120291
7180	6	6	3	1	0:00:15.081221
7200	4	6	2	0	0:00:15.108783
7220	9	9	8	1	0:00:15.199461
7240	0	8	8	0	0:00:15.167428
7260	1	1	8	1	0:00:15.130998
7280	1	9	9	0	0:00:15.083861
7300	3	4	4	0	0:00:15.115334
7320	8	0	0	0	0:00:15.092105
7340	2	4	4	0	0:00:15.161928
7360	2	7	4	0	0:00:15.162291
7380	7	7	7	1	0:00:15.233875
7400	3	3	3	1	0:00:15.188383
7420	3	4	2	0	0:00:15.080817
7440	3	3	3	1	0:00:15.193045
7460	5	5	5	1	0:00:15.174239
7480	1	8	8	0	0:00:15.118398
7500	6	6	6	1	0:00:15.176035
7520	4	4	4	1	0:00:15.011439
7540	5	5	5	1	0:00:15.069502
7560	0	0	4	1	0:00:15.074296
7580	8	8	8	1	0:00:15.139274
7600	8	9	2	0	0:00:15.115329
7620	5	3	3	0	0:00:15.097086
7640	9	8	8	0	0:00:15.120387
7660	7	4	4	0	0:00:15.092074
7680	3	9	3	0	0:00:15.059578
7700	6	6	6	1	0:00:15.100097
7720	5	2	2	0	0:00:15.063393
7740	4	4	2	1	0:00:15.103429
7760	2	9	8	0	0:00:15.188752
7780	3	8	8	0	0:00:15.175934
7800	0	0	0	1	0:00:15.113604
7820	5	-1	9	0	0:00:15.076099
7840	1	1	1	1	0:00:15.128649
7860	8	8	2	1	0:00:15.150790
7880	0	4	2	0	0:00:15.077598
7900	0	8	8	0	0:00:15.149251
7920	9	9	2	1	0:00:15.101100
7940	2	6	4	0	0:00:15.059510
7960	0	0	8	1	0:00:15.053190
7980	3	6	3	0	0:00:15.063859
8000	9	9	9	1	0:00:15.104060
8020	6	3	3	0	0:00:15.091100
8040	2	2	2	1	0:00:15.113907
8060	6	6	5	1	0:00:15.057687
8080	4	6	2	0	0:00:15.168938
8100	6	2	4	0	0:00:15.093746
8120	8	9	9	0	0:00:15.127973
8140	5	4	4	0	0:00:15.282666
8160	6	6	6	1	0:00:15.099107
8180	4	2	2	0	0:00:15.093418
8200	3	4	4	0	0:00:15.037360
8220	6	7	7	0	0:00:14.997393
8240	7	7	7	1	0:00:15.049266
8260	1	1	1	1	0:00:15.222668
8280	4	5	5	0	0:00:15.143221
8300	5	2	2	0	0:00:15.064760
8320	7	4	4	0	0:00:15.112921
8340	5	3	3	0	0:00:15.126562
8360	7	7	7	1	0:00:15.147767
8380	9	9	9	1	0:00:15.127898
8400	0	8	8	0	0:00:15.091665
8420	3	6	6	0	0:00:15.190892
8440	5	3	3	0	0:00:15.108504
8460	8	8	8	1	0:00:15.010072
8480	2	2	4	1	0:00:15.133234
8500	4	4	4	1	0:00:15.086559
8520	8	1	8	0	0:00:15.151167
8540	4	6	2	0	0:00:15.113187
8560	7	7	7	1	0:00:15.190154
8580	3	2	2	0	0:00:15.246948
8600	3	3	6	1	0:00:15.108260
8620	3	4	4	0	0:00:15.103486
8640	1	1	8	1	0:00:15.266990
8660	7	7	7	1	0:00:15.173788
8680	3	7	7	0	0:00:15.130325
8700	3	7	3	0	0:00:15.003206
8720	2	0	0	0	0:00:15.106303
8740	2	2	5	1	0:00:15.115195
8760	8	8	8	1	0:00:15.141035
8780	4	4	2	1	0:00:15.029881
8800	0	0	0	1	0:00:15.245436
8820	2	2	2	1	0:00:15.093175
8840	2	7	7	0	0:00:15.178719
8860	2	2	6	1	0:00:15.191863
8880	1	1	1	1	0:00:15.061102
8900	2	4	4	0	0:00:15.120644
8920	6	6	2	1	0:00:15.250866
8940	6	3	3	0	0:00:15.058369
8960	0	0	2	1	0:00:15.184896
8980	9	9	9	1	0:00:15.100648
9000	8	8	8	1	0:00:15.007029
9020	7	7	7	1	0:00:15.117258
9040	2	5	5	0	0:00:15.078595
9060	9	9	5	1	0:00:15.167340
9080	3	2	2	0	0:00:15.148022
9100	9	1	3	0	0:00:15.011203
9120	3	0	3	0	0:00:15.185778
9140	7	6	2	0	0:00:15.091677
9160	5	3	3	0	0:00:15.057438
9180	5	5	5	1	0:00:15.119767
9200	8	8	8	1	0:00:15.195302
9220	8	8	8	1	0:00:15.139451
9240	8	8	8	1	0:00:15.153401
9260	5	5	5	1	0:00:15.191988
9280	9	8	8	0	0:00:15.127459
9300	5	2	2	0	0:00:15.142875
9320	9	9	9	1	0:00:15.053458
9340	1	1	1	1	0:00:14.976188
9360	5	0	5	0	0:00:15.018378
9380	5	3	3	0	0:00:14.995485
9400	6	6	4	1	0:00:15.038612
9420	5	5	5	1	0:00:14.940495
9440	8	8	8	1	0:00:15.071867
9460	3	7	7	0	0:00:14.947720
9480	2	6	2	0	0:00:15.069080
9500	9	9	2	1	0:00:14.979049
9520	1	1	1	1	0:00:15.008414
9540	5	3	3	0	0:00:14.977322
9560	9	7	5	0	0:00:14.988792
9580	1	1	8	1	0:00:15.032687
9600	8	0	8	0	0:00:15.066296
9620	4	7	4	0	0:00:15.066175
9640	5	0	2	0	0:00:15.091026
9660	6	6	6	1	0:00:15.039934
9680	8	8	8	1	0:00:15.070760
9700	0	0	0	1	0:00:15.032297
9720	8	1	8	0	0:00:15.088109
9740	3	6	2	0	0:00:15.096970
9760	9	3	3	0	0:00:15.057165
9780	4	6	2	0	0:00:15.122136
9800	1	1	1	1	0:00:15.053113
9820	0	8	8	0	0:00:15.037130
9840	4	5	5	0	0:00:15.106801
9860	0	5	5	0	0:00:15.138630
9880	7	8	3	0	0:00:15.057131
9900	8	8	8	1	0:00:14.982433
9920	6	6	2	1	0:00:15.058258
9940	4	5	5	0	0:00:15.046690
9960	2	0	0	0	0:00:15.052481
9980	0	0	0	1	0:00:15.022703
