idx	label	predict	basePredict	correct	time
0	3	2	2	0	0:00:01.577821
20	7	1	4	0	0:00:01.281441
40	4	8	8	0	0:00:01.256843
60	7	7	4	1	0:00:01.247066
80	8	8	8	1	0:00:01.242021
100	4	-1	3	0	0:00:01.242191
120	8	8	8	1	0:00:01.253273
140	6	2	2	0	0:00:01.253012
160	2	0	2	0	0:00:01.274501
180	0	0	8	1	0:00:01.247805
200	5	-1	3	0	0:00:01.254890
220	7	7	7	1	0:00:01.252641
240	1	1	8	1	0:00:01.308235
260	8	3	3	0	0:00:01.262010
280	9	9	8	1	0:00:01.421643
300	6	7	4	0	0:00:01.274450
320	3	2	2	0	0:00:01.249815
340	2	4	4	0	0:00:01.248825
360	9	-1	6	0	0:00:01.257627
380	6	6	4	1	0:00:01.255459
400	9	9	8	1	0:00:01.315865
420	4	-1	6	0	0:00:01.268482
440	1	1	6	1	0:00:01.268826
460	5	5	3	1	0:00:01.269199
480	8	9	8	0	0:00:01.266691
500	4	6	4	0	0:00:01.281013
520	5	7	7	0	0:00:01.259483
540	1	-1	8	0	0:00:01.256128
560	0	0	8	1	0:00:01.417931
580	4	-1	4	0	0:00:01.387173
600	8	8	8	1	0:00:01.241959
620	7	-1	4	0	0:00:01.247609
640	5	3	3	0	0:00:01.252298
660	9	9	9	1	0:00:01.262911
680	9	-1	4	0	0:00:01.297539
700	7	-1	4	0	0:00:01.258137
720	4	9	7	0	0:00:01.257675
740	2	5	3	0	0:00:01.308748
760	3	9	9	0	0:00:01.260294
780	9	-1	0	0	0:00:01.277285
800	7	7	7	1	0:00:01.289990
820	6	1	8	0	0:00:01.257331
840	7	7	7	1	0:00:01.262334
860	4	4	4	1	0:00:01.266721
880	8	8	8	1	0:00:01.262680
900	2	6	4	0	0:00:01.312689
920	6	-1	2	0	0:00:01.272099
940	9	9	9	1	0:00:01.290565
960	9	9	4	1	0:00:01.268462
980	2	6	6	0	0:00:01.265136
1000	5	5	5	1	0:00:01.158700
1020	1	1	8	1	0:00:01.156587
1040	7	5	5	0	0:00:01.159539
1060	9	9	8	1	0:00:01.159667
1080	6	6	6	1	0:00:01.172491
1100	7	8	8	0	0:00:01.166919
1120	5	2	2	0	0:00:01.162250
1140	6	4	4	0	0:00:01.153613
1160	8	0	0	0	0:00:01.167170
1180	3	3	8	1	0:00:01.161362
1200	8	0	0	0	0:00:01.160438
1220	9	6	6	0	0:00:01.163799
1240	2	6	6	0	0:00:01.231235
1260	1	9	9	0	0:00:01.179049
1280	3	7	7	0	0:00:01.192361
1300	4	3	3	0	0:00:01.165297
1320	7	2	2	0	0:00:01.170816
1340	1	1	1	1	0:00:01.159071
1360	7	7	4	1	0:00:01.158875
1380	4	5	5	0	0:00:01.166459
1400	5	6	2	0	0:00:01.163642
1420	4	7	7	0	0:00:01.160908
1440	0	8	8	0	0:00:01.158453
1460	6	6	4	1	0:00:01.177019
1480	1	-1	5	0	0:00:01.167552
1500	1	9	1	0	0:00:01.161905
1520	7	7	4	1	0:00:01.173498
1540	8	8	8	1	0:00:01.166389
1560	7	7	7	1	0:00:01.158406
1580	6	1	1	0	0:00:01.156820
1600	8	-1	6	0	0:00:01.163893
1620	5	8	8	0	0:00:01.155224
1640	7	5	3	0	0:00:01.161013
1660	3	5	4	0	0:00:01.176680
1680	6	6	6	1	0:00:01.149368
1700	5	2	2	0	0:00:01.154264
1720	4	2	2	0	0:00:01.157698
1740	1	9	9	0	0:00:01.154080
1760	0	8	8	0	0:00:01.159454
1780	7	-1	8	0	0:00:01.159891
1800	4	8	8	0	0:00:01.165137
1820	8	-1	8	0	0:00:01.164527
1840	8	-1	4	0	0:00:01.209624
1860	8	8	8	1	0:00:01.190431
1880	1	-1	8	0	0:00:01.179328
1900	8	8	8	1	0:00:01.183190
1920	2	2	2	1	0:00:01.157165
1940	5	3	3	0	0:00:01.166717
1960	2	5	5	0	0:00:01.165761
1980	9	9	4	1	0:00:01.165951
2000	1	6	6	0	0:00:01.163922
2020	9	9	9	1	0:00:01.185601
2040	0	8	8	0	0:00:01.174399
2060	5	5	3	1	0:00:01.169230
2080	1	-1	4	0	0:00:01.166478
2100	2	4	4	0	0:00:01.169114
2120	4	8	8	0	0:00:01.161195
2140	9	9	1	1	0:00:01.180178
2160	0	8	8	0	0:00:01.166177
2180	4	4	4	1	0:00:01.168142
2200	0	2	2	0	0:00:01.156906
2220	1	1	4	1	0:00:01.191492
2240	9	9	8	1	0:00:01.179979
2260	4	7	4	0	0:00:01.170383
2280	4	8	8	0	0:00:01.168947
2300	3	-1	4	0	0:00:01.181272
2320	5	-1	8	0	0:00:01.166052
2340	7	7	7	1	0:00:01.169580
2360	7	-1	3	0	0:00:01.170857
2380	8	-1	8	0	0:00:01.177680
2400	0	0	0	1	0:00:01.182165
2420	8	-1	5	0	0:00:01.173163
2440	7	7	8	1	0:00:01.170876
2460	9	3	3	0	0:00:01.181618
2480	8	8	8	1	0:00:01.157523
2500	4	-1	2	0	0:00:01.170640
2520	1	9	8	0	0:00:01.161439
2540	2	3	3	0	0:00:01.163172
2560	7	7	4	1	0:00:01.164048
2580	6	4	4	0	0:00:01.185088
2600	8	8	8	1	0:00:01.177417
2620	1	4	4	0	0:00:01.163309
2640	7	7	6	1	0:00:01.163996
2660	3	-1	2	0	0:00:01.169578
2680	0	0	0	1	0:00:01.168517
2700	9	-1	0	0	0:00:01.174476
2720	3	2	2	0	0:00:01.156662
2740	1	1	1	1	0:00:01.166932
2760	2	4	4	0	0:00:01.163590
2780	7	7	7	1	0:00:01.185268
2800	4	6	4	0	0:00:01.177914
2820	6	6	4	1	0:00:01.172914
2840	3	3	3	1	0:00:01.160354
2860	5	7	6	0	0:00:01.165383
2880	4	4	4	1	0:00:01.162597
2900	3	2	2	0	0:00:01.164899
2920	2	5	5	0	0:00:01.162152
2940	3	0	0	0	0:00:01.155258
2960	9	9	8	1	0:00:01.179505
2980	8	1	8	0	0:00:01.168741
3000	5	5	5	1	0:00:01.161789
3020	1	1	8	1	0:00:01.159785
3040	7	7	7	1	0:00:01.156316
3060	7	7	7	1	0:00:01.157207
3080	1	-1	2	0	0:00:01.152698
3100	0	0	0	1	0:00:01.168001
3120	4	6	2	0	0:00:01.164512
3140	8	8	8	1	0:00:01.171981
3160	6	4	4	0	0:00:01.182935
3180	3	-1	8	0	0:00:01.155391
3200	5	7	7	0	0:00:01.161483
3220	3	9	9	0	0:00:01.156880
3240	4	1	8	0	0:00:01.160624
3260	7	0	0	0	0:00:01.159137
3280	3	-1	0	0	0:00:01.158881
3300	4	6	4	0	0:00:01.156039
3320	2	7	7	0	0:00:01.175219
3340	6	-1	4	0	0:00:01.191841
3360	4	6	6	0	0:00:01.158916
3380	8	-1	8	0	0:00:01.158309
3400	6	4	4	0	0:00:01.157686
3420	5	-1	4	0	0:00:01.159852
3440	2	9	3	0	0:00:01.165872
3460	1	1	4	1	0:00:01.158318
3480	2	2	2	1	0:00:01.153183
3500	1	1	4	1	0:00:01.159762
3520	1	1	1	1	0:00:01.175225
3540	6	6	6	1	0:00:01.177681
3560	1	9	0	0	0:00:01.164633
3580	4	1	4	0	0:00:01.155291
3600	4	2	2	0	0:00:01.158215
3620	0	6	6	0	0:00:01.160168
3640	6	2	2	0	0:00:01.155680
3660	0	8	8	0	0:00:01.168925
3680	0	2	2	0	0:00:01.158458
3700	3	-1	4	0	0:00:01.162317
3720	2	2	2	1	0:00:01.193441
3740	0	0	8	1	0:00:01.152194
3760	7	7	7	1	0:00:01.161723
3780	4	2	2	0	0:00:01.161016
3800	9	-1	3	0	0:00:01.164485
3820	0	2	2	0	0:00:01.163689
3840	6	3	3	0	0:00:01.162874
3860	7	7	7	1	0:00:01.156782
3880	6	4	4	0	0:00:01.156994
3900	3	1	1	0	0:00:01.193547
3920	7	-1	8	0	0:00:01.156922
3940	6	7	4	0	0:00:01.155941
3960	2	5	5	0	0:00:01.154164
3980	9	7	7	0	0:00:01.161816
4000	8	7	4	0	0:00:01.154226
4020	8	1	8	0	0:00:01.157748
4040	0	0	0	1	0:00:01.157816
4060	6	3	3	0	0:00:01.159888
4080	1	8	8	0	0:00:01.167946
4100	7	7	7	1	0:00:01.178378
4120	4	0	0	0	0:00:01.156719
4140	5	3	3	0	0:00:01.156106
4160	5	2	2	0	0:00:01.155473
4180	0	-1	8	0	0:00:01.160579
4200	4	2	2	0	0:00:01.161178
4220	4	0	0	0	0:00:01.155640
4240	7	0	0	0	0:00:01.160543
4260	8	-1	8	0	0:00:01.153164
4280	8	-1	8	0	0:00:01.202707
4300	8	8	8	1	0:00:01.169927
4320	1	8	8	0	0:00:01.161848
4340	0	-1	8	0	0:00:01.158552
4360	6	9	6	0	0:00:01.170327
4380	9	9	8	1	0:00:01.158819
4400	3	4	4	0	0:00:01.156290
4420	5	8	8	0	0:00:01.160632
4440	2	6	2	0	0:00:01.154057
4460	9	-1	8	0	0:00:01.185611
4480	9	-1	3	0	0:00:01.169837
4500	3	6	6	0	0:00:01.160608
4520	3	6	6	0	0:00:01.154067
4540	9	9	9	1	0:00:01.159586
4560	1	1	4	1	0:00:01.167149
4580	6	4	4	0	0:00:01.159439
4600	4	7	4	0	0:00:01.163724
4620	7	3	3	0	0:00:01.158547
4640	2	3	4	0	0:00:01.162173
4660	7	-1	2	0	0:00:01.197851
4680	9	1	1	0	0:00:01.162958
4700	6	1	4	0	0:00:01.157363
4720	8	0	0	0	0:00:01.159571
4740	5	3	4	0	0:00:01.166413
4760	3	3	4	1	0:00:01.155354
4780	0	0	8	1	0:00:01.161010
4800	9	9	9	1	0:00:01.157372
4820	3	5	5	0	0:00:01.166652
4840	0	0	0	1	0:00:01.174178
4860	5	3	3	0	0:00:01.164564
4880	0	2	2	0	0:00:01.176020
4900	3	6	6	0	0:00:01.157536
4920	7	7	2	1	0:00:01.164423
4940	6	4	2	0	0:00:01.168839
4960	4	3	3	0	0:00:01.157657
4980	1	9	0	0	0:00:01.161074
5000	7	7	7	1	0:00:01.168533
5020	8	1	8	0	0:00:01.163741
5040	3	-1	4	0	0:00:01.174863
5060	6	2	4	0	0:00:01.156597
5080	7	7	7	1	0:00:01.164677
5100	3	3	3	1	0:00:01.161114
5120	9	9	8	1	0:00:01.166383
5140	8	8	8	1	0:00:01.163397
5160	0	8	8	0	0:00:01.163685
5180	9	-1	4	0	0:00:01.167378
5200	3	3	3	1	0:00:01.165083
5220	0	0	0	1	0:00:01.196411
5240	1	9	2	0	0:00:01.157207
5260	0	0	0	1	0:00:01.158933
5280	0	8	8	0	0:00:01.157073
5300	9	9	9	1	0:00:01.172040
5320	7	7	7	1	0:00:01.156010
5340	3	4	4	0	0:00:01.155471
5360	9	9	9	1	0:00:01.161160
5380	1	9	9	0	0:00:01.168530
5400	9	-1	8	0	0:00:01.173126
5420	6	6	6	1	0:00:01.163742
5440	9	9	9	1	0:00:01.158965
5460	0	7	7	0	0:00:01.153215
5480	1	1	8	1	0:00:01.159097
5500	8	1	8	0	0:00:01.156569
5520	4	-1	3	0	0:00:01.169805
5540	5	6	2	0	0:00:01.154669
5560	3	6	6	0	0:00:01.156199
5580	5	6	6	0	0:00:01.157531
5600	6	-1	0	0	0:00:01.176997
5620	3	2	2	0	0:00:01.160786
5640	2	5	3	0	0:00:01.163898
5660	9	-1	8	0	0:00:01.165853
5680	2	-1	8	0	0:00:01.166611
5700	3	6	6	0	0:00:01.151597
5720	9	9	9	1	0:00:01.159958
5740	6	4	4	0	0:00:01.156765
5760	2	-1	2	0	0:00:01.164532
5780	7	7	4	1	0:00:01.199593
5800	2	-1	4	0	0:00:01.160824
5820	5	6	6	0	0:00:01.163884
5840	2	6	6	0	0:00:01.161468
5860	0	8	8	0	0:00:01.171563
5880	0	8	0	0	0:00:01.163869
5900	4	3	4	0	0:00:01.161857
5920	8	8	8	1	0:00:01.157255
5940	7	4	4	0	0:00:01.158285
5960	2	-1	4	0	0:00:01.173584
5980	9	9	6	1	0:00:01.180326
6000	8	9	8	0	0:00:01.164566
6020	6	-1	6	0	0:00:01.159820
6040	2	7	7	0	0:00:01.164730
6060	3	4	4	0	0:00:01.158929
6080	1	9	6	0	0:00:01.162477
6100	1	1	8	1	0:00:01.160342
6120	5	5	5	1	0:00:01.165933
6140	9	9	9	1	0:00:01.165407
6160	2	5	5	0	0:00:01.190081
6180	0	9	8	0	0:00:01.154375
6200	3	-1	3	0	0:00:01.159633
6220	2	6	5	0	0:00:01.163109
6240	2	-1	4	0	0:00:01.156562
6260	2	9	8	0	0:00:01.157461
6280	8	5	4	0	0:00:01.160635
6300	1	7	4	0	0:00:01.162135
6320	0	0	0	1	0:00:01.157472
6340	3	3	3	1	0:00:01.180857
6360	2	6	2	0	0:00:01.157696
6380	3	6	6	0	0:00:01.156872
6400	0	1	4	0	0:00:01.160358
6420	7	-1	8	0	0:00:01.176440
6440	3	-1	8	0	0:00:01.160262
6460	3	1	4	0	0:00:01.164852
6480	0	-1	2	0	0:00:01.158010
6500	7	0	8	0	0:00:01.160767
6520	6	4	4	0	0:00:01.166326
6540	8	8	8	1	0:00:01.172314
6560	6	6	4	1	0:00:01.158439
6580	1	2	2	0	0:00:01.160930
6600	7	7	7	1	0:00:01.162895
6620	7	7	7	1	0:00:01.155292
6640	5	3	8	0	0:00:01.156487
6660	0	0	8	1	0:00:01.157171
6680	3	5	5	0	0:00:01.165380
6700	6	-1	2	0	0:00:01.157957
6720	2	-1	2	0	0:00:01.185434
6740	2	-1	4	0	0:00:01.160158
6760	5	3	6	0	0:00:01.161447
6780	7	7	7	1	0:00:01.160088
6800	6	2	4	0	0:00:01.157501
6820	1	1	1	1	0:00:01.162464
6840	9	9	9	1	0:00:01.155337
6860	0	-1	2	0	0:00:01.154534
6880	2	7	4	0	0:00:01.169757
6900	3	7	4	0	0:00:01.174463
6920	5	2	2	0	0:00:01.177256
6940	1	1	1	1	0:00:01.158615
6960	9	8	8	0	0:00:01.158040
6980	0	9	8	0	0:00:01.158546
7000	2	8	8	0	0:00:01.163128
7020	7	7	7	1	0:00:01.155637
7040	7	8	8	0	0:00:01.177643
7060	8	0	8	0	0:00:01.218315
7080	5	4	4	0	0:00:01.183450
7100	9	3	3	0	0:00:01.220268
7120	7	5	6	0	0:00:01.163337
7140	4	3	4	0	0:00:01.156082
7160	5	4	4	0	0:00:01.159180
7180	6	6	6	1	0:00:01.160011
7200	4	6	2	0	0:00:01.172705
7220	9	9	8	1	0:00:01.166648
7240	0	8	8	0	0:00:01.171779
7260	1	8	8	0	0:00:01.169169
7280	1	-1	6	0	0:00:01.185528
7300	3	7	4	0	0:00:01.166862
7320	8	0	8	0	0:00:01.165255
7340	2	4	4	0	0:00:01.164200
7360	2	-1	4	0	0:00:01.166219
7380	7	7	7	1	0:00:01.170657
7400	3	3	3	1	0:00:01.167725
7420	3	0	0	0	0:00:01.166040
7440	3	3	2	1	0:00:01.182641
7460	5	5	5	1	0:00:01.180277
7480	1	8	8	0	0:00:01.170302
7500	6	6	6	1	0:00:01.162282
7520	4	-1	4	0	0:00:01.171180
7540	5	5	5	1	0:00:01.182797
7560	0	-1	4	0	0:00:01.170597
7580	8	8	8	1	0:00:01.165819
7600	8	9	8	0	0:00:01.158030
7620	5	9	3	0	0:00:01.158471
7640	9	9	6	1	0:00:01.165824
7660	7	-1	4	0	0:00:01.197653
7680	3	9	3	0	0:00:01.174246
7700	6	6	4	1	0:00:01.163897
7720	5	5	4	1	0:00:01.164067
7740	4	6	2	0	0:00:01.167946
7760	2	9	6	0	0:00:01.170521
7780	3	1	8	0	0:00:01.172755
7800	0	0	8	1	0:00:01.163793
7820	5	8	8	0	0:00:01.170462
7840	1	1	1	1	0:00:01.190812
7860	8	-1	4	0	0:00:01.163879
7880	0	0	0	1	0:00:01.176720
7900	0	8	8	0	0:00:01.180265
7920	9	8	8	0	0:00:01.167233
7940	2	6	6	0	0:00:01.166009
7960	0	0	3	1	0:00:01.163666
7980	3	7	4	0	0:00:01.154252
8000	9	9	8	1	0:00:01.169149
8020	6	3	3	0	0:00:01.175515
8040	2	-1	4	0	0:00:01.177867
8060	6	6	4	1	0:00:01.167044
8080	4	6	6	0	0:00:01.163543
8100	6	2	2	0	0:00:01.164339
8120	8	9	8	0	0:00:01.176815
8140	5	4	4	0	0:00:01.167918
8160	6	9	6	0	0:00:01.162363
8180	4	4	4	1	0:00:01.158467
8200	3	6	2	0	0:00:01.166384
8220	6	-1	2	0	0:00:01.192215
8240	7	7	7	1	0:00:01.161001
8260	1	3	3	0	0:00:01.158629
8280	4	-1	3	0	0:00:01.160344
8300	5	2	2	0	0:00:01.157724
8320	7	3	4	0	0:00:01.156792
8340	5	3	4	0	0:00:01.174611
8360	7	7	4	1	0:00:01.158744
8380	9	-1	8	0	0:00:01.159662
8400	0	8	8	0	0:00:01.177678
8420	3	6	4	0	0:00:01.171046
8440	5	3	4	0	0:00:01.159490
8460	8	8	8	1	0:00:01.172786
8480	2	1	8	0	0:00:01.147900
8500	4	2	2	0	0:00:01.162281
8520	8	-1	4	0	0:00:01.159810
8540	4	6	2	0	0:00:01.160079
8560	7	-1	4	0	0:00:01.158561
8580	3	0	2	0	0:00:01.162977
8600	3	7	4	0	0:00:01.189447
8620	3	7	4	0	0:00:01.161308
8640	1	1	1	1	0:00:01.160312
8660	7	-1	5	0	0:00:01.162452
8680	3	9	8	0	0:00:01.161000
8700	3	3	3	1	0:00:01.159500
8720	2	0	0	0	0:00:01.158736
8740	2	-1	4	0	0:00:01.161240
8760	8	8	8	1	0:00:01.163041
8780	4	7	4	0	0:00:01.194375
8800	0	0	0	1	0:00:01.155710
8820	2	-1	3	0	0:00:01.157592
8840	2	1	7	0	0:00:01.154891
8860	2	6	6	0	0:00:01.158666
8880	1	9	6	0	0:00:01.155776
8900	2	6	4	0	0:00:01.164353
8920	6	6	6	1	0:00:01.161038
8940	6	3	3	0	0:00:01.160519
8960	0	0	0	1	0:00:01.172959
8980	9	9	8	1	0:00:01.178771
9000	8	8	8	1	0:00:01.156327
9020	7	9	8	0	0:00:01.164539
9040	2	5	5	0	0:00:01.161990
9060	9	5	5	0	0:00:01.158806
9080	3	0	0	0	0:00:01.156335
9100	9	6	6	0	0:00:01.162532
9120	3	0	0	0	0:00:01.160276
9140	7	-1	8	0	0:00:01.158500
9160	5	-1	4	0	0:00:01.195476
9180	5	5	5	1	0:00:01.181774
9200	8	8	8	1	0:00:01.158315
9220	8	8	8	1	0:00:01.163970
9240	8	8	8	1	0:00:01.151748
9260	5	-1	5	0	0:00:01.158882
9280	9	1	8	0	0:00:01.156419
9300	5	3	2	0	0:00:01.161228
9320	9	9	8	1	0:00:01.167226
9340	1	1	1	1	0:00:01.174506
9360	5	-1	4	0	0:00:01.159475
9380	5	9	3	0	0:00:01.155179
9400	6	4	4	0	0:00:01.162940
9420	5	-1	6	0	0:00:01.156697
9440	8	8	8	1	0:00:01.158736
9460	3	7	6	0	0:00:01.162484
9480	2	4	4	0	0:00:01.159424
9500	9	1	4	0	0:00:01.170865
9520	1	1	1	1	0:00:01.160781
9540	5	3	4	0	0:00:01.184079
9560	9	7	7	0	0:00:01.171507
9580	1	4	4	0	0:00:01.155754
9600	8	8	8	1	0:00:01.154137
9620	4	7	4	0	0:00:01.153712
9640	5	0	6	0	0:00:01.155220
9660	6	6	6	1	0:00:01.160161
9680	8	8	8	1	0:00:01.158890
9700	0	0	2	1	0:00:01.164763
9720	8	1	4	0	0:00:01.194980
9740	3	-1	4	0	0:00:01.156144
9760	9	7	4	0	0:00:01.173862
9780	4	6	4	0	0:00:01.151844
9800	1	1	1	1	0:00:01.158443
9820	0	8	8	0	0:00:01.163174
9840	4	5	5	0	0:00:01.155509
9860	0	5	8	0	0:00:01.157719
9880	7	4	4	0	0:00:01.158950
9900	8	0	8	0	0:00:01.170344
9920	6	4	2	0	0:00:01.165029
9940	4	-1	6	0	0:00:01.158033
9960	2	0	0	0	0:00:01.153976
9980	0	0	0	1	0:00:01.159774
