idx	label	predict	basePredict	correct	time
0	3	3	2	1	0:00:02.594613
20	7	7	7	1	0:00:02.522588
40	4	8	8	0	0:00:02.584880
60	7	7	4	1	0:00:02.546053
80	8	8	8	1	0:00:02.519107
100	4	4	4	1	0:00:02.538731
120	8	8	8	1	0:00:02.513671
140	6	6	2	1	0:00:02.516199
160	2	0	2	0	0:00:02.527663
180	0	0	0	1	0:00:02.519815
200	5	3	3	0	0:00:02.536168
220	7	7	7	1	0:00:02.516622
240	1	1	1	1	0:00:02.542433
260	8	3	3	0	0:00:02.510081
280	9	9	9	1	0:00:02.519888
300	6	6	4	1	0:00:02.513031
320	3	3	2	1	0:00:02.501336
340	2	4	4	0	0:00:02.517414
360	9	9	6	1	0:00:02.518541
380	6	6	4	1	0:00:02.515299
400	9	9	9	1	0:00:02.511034
420	4	4	4	1	0:00:02.521396
440	1	1	1	1	0:00:02.532534
460	5	5	5	1	0:00:02.519198
480	8	9	8	0	0:00:02.509414
500	4	6	4	0	0:00:02.557160
520	5	5	5	1	0:00:02.511157
540	1	-1	8	0	0:00:02.508435
560	0	0	8	1	0:00:02.531521
580	4	4	4	1	0:00:02.526737
600	8	8	8	1	0:00:02.545347
620	7	7	4	1	0:00:02.498634
640	5	3	3	0	0:00:02.535649
660	9	9	9	1	0:00:02.545893
680	9	9	1	1	0:00:02.519391
700	7	7	4	1	0:00:02.531567
720	4	9	4	0	0:00:02.520034
740	2	5	2	0	0:00:02.536259
760	3	9	3	0	0:00:02.533495
780	9	9	8	1	0:00:02.536545
800	7	7	7	1	0:00:02.558963
820	6	9	8	0	0:00:02.562740
840	7	7	7	1	0:00:02.530808
860	4	4	4	1	0:00:02.522119
880	8	8	8	1	0:00:02.510622
900	2	6	4	0	0:00:02.515469
920	6	6	2	1	0:00:02.510696
940	9	9	9	1	0:00:02.529525
960	9	9	9	1	0:00:02.538657
980	2	6	2	0	0:00:02.527177
1000	5	5	5	1	0:00:01.805212
1020	1	1	8	1	0:00:01.805997
1040	7	5	5	0	0:00:01.809986
1060	9	9	8	1	0:00:01.811428
1080	6	6	6	1	0:00:01.808616
1100	7	8	8	0	0:00:01.798441
1120	5	2	2	0	0:00:01.801697
1140	6	6	4	1	0:00:01.804673
1160	8	8	8	1	0:00:01.814378
1180	3	3	3	1	0:00:01.823447
1200	8	8	0	1	0:00:01.832786
1220	9	6	6	0	0:00:01.811206
1240	2	6	6	0	0:00:01.816081
1260	1	9	9	0	0:00:01.813575
1280	3	7	7	0	0:00:01.809437
1300	4	3	8	0	0:00:01.809898
1320	7	2	2	0	0:00:01.817204
1340	1	1	1	1	0:00:01.811421
1360	7	7	4	1	0:00:01.806349
1380	4	5	5	0	0:00:01.817729
1400	5	-1	2	0	0:00:01.810962
1420	4	7	4	0	0:00:01.809143
1440	0	0	0	1	0:00:01.807335
1460	6	6	4	1	0:00:01.803678
1480	1	-1	5	0	0:00:01.806749
1500	1	1	1	1	0:00:01.809185
1520	7	7	4	1	0:00:01.810163
1540	8	8	8	1	0:00:01.812239
1560	7	7	7	1	0:00:01.810824
1580	6	1	1	0	0:00:01.811334
1600	8	9	6	0	0:00:01.805140
1620	5	8	8	0	0:00:01.804066
1640	7	5	3	0	0:00:01.807703
1660	3	3	3	1	0:00:01.809104
1680	6	6	6	1	0:00:01.806898
1700	5	2	2	0	0:00:01.805468
1720	4	2	2	0	0:00:01.805005
1740	1	1	1	1	0:00:01.806179
1760	0	8	8	0	0:00:01.806261
1780	7	7	8	1	0:00:01.812389
1800	4	8	8	0	0:00:01.812478
1820	8	8	8	1	0:00:01.807718
1840	8	9	4	0	0:00:01.829434
1860	8	8	8	1	0:00:01.807818
1880	1	1	8	1	0:00:01.822016
1900	8	8	8	1	0:00:01.815377
1920	2	2	2	1	0:00:01.803607
1940	5	3	3	0	0:00:01.808488
1960	2	5	5	0	0:00:01.813833
1980	9	9	9	1	0:00:01.814236
2000	1	6	6	0	0:00:01.811008
2020	9	9	9	1	0:00:01.807348
2040	0	8	8	0	0:00:01.804209
2060	5	5	5	1	0:00:01.815024
2080	1	1	6	1	0:00:01.804175
2100	2	4	4	0	0:00:01.798446
2120	4	8	8	0	0:00:01.812800
2140	9	9	9	1	0:00:01.819775
2160	0	8	8	0	0:00:01.814151
2180	4	4	4	1	0:00:01.808023
2200	0	0	2	1	0:00:01.808014
2220	1	1	1	1	0:00:01.811240
2240	9	9	9	1	0:00:01.814795
2260	4	-1	4	0	0:00:01.810910
2280	4	8	8	0	0:00:01.810426
2300	3	6	2	0	0:00:01.808270
2320	5	2	8	0	0:00:01.825565
2340	7	7	7	1	0:00:01.805751
2360	7	7	7	1	0:00:01.809305
2380	8	8	8	1	0:00:01.799244
2400	0	0	0	1	0:00:01.809808
2420	8	1	8	0	0:00:01.809031
2440	7	7	7	1	0:00:01.813110
2460	9	9	3	1	0:00:01.807786
2480	8	8	8	1	0:00:01.813705
2500	4	2	2	0	0:00:01.806570
2520	1	1	8	1	0:00:01.813072
2540	2	3	3	0	0:00:01.811178
2560	7	7	4	1	0:00:01.802584
2580	6	4	4	0	0:00:01.800656
2600	8	8	8	1	0:00:01.806213
2620	1	1	4	1	0:00:01.810648
2640	7	7	4	1	0:00:01.818118
2660	3	-1	2	0	0:00:01.806396
2680	0	0	0	1	0:00:01.810592
2700	9	9	0	1	0:00:01.810382
2720	3	2	2	0	0:00:01.807786
2740	1	1	1	1	0:00:01.801703
2760	2	2	4	1	0:00:01.797868
2780	7	7	7	1	0:00:01.808843
2800	4	6	4	0	0:00:01.810396
2820	6	6	6	1	0:00:01.806062
2840	3	3	3	1	0:00:01.808006
2860	5	6	6	0	0:00:01.806388
2880	4	4	4	1	0:00:01.805087
2900	3	2	5	0	0:00:01.802006
2920	2	2	2	1	0:00:01.810311
2940	3	0	0	0	0:00:01.810380
2960	9	9	8	1	0:00:01.809816
2980	8	8	8	1	0:00:01.813190
3000	5	5	5	1	0:00:01.801434
3020	1	1	8	1	0:00:01.803059
3040	7	7	7	1	0:00:01.802995
3060	7	7	7	1	0:00:01.808599
3080	1	7	2	0	0:00:01.804974
3100	0	0	0	1	0:00:01.807585
3120	4	6	2	0	0:00:01.807274
3140	8	8	8	1	0:00:01.809546
3160	6	4	4	0	0:00:01.807990
3180	3	9	8	0	0:00:01.805471
3200	5	7	7	0	0:00:01.817428
3220	3	3	3	1	0:00:01.805103
3240	4	2	8	0	0:00:01.804259
3260	7	-1	7	0	0:00:01.817362
3280	3	5	0	0	0:00:01.804049
3300	4	4	4	1	0:00:01.808466
3320	2	7	2	0	0:00:01.797882
3340	6	6	4	1	0:00:01.810321
3360	4	6	4	0	0:00:01.815514
3380	8	8	8	1	0:00:01.810012
3400	6	4	4	0	0:00:01.808162
3420	5	3	4	0	0:00:01.799671
3440	2	9	3	0	0:00:01.803448
3460	1	1	1	1	0:00:01.804770
3480	2	2	2	1	0:00:01.820926
3500	1	1	1	1	0:00:01.809793
3520	1	1	1	1	0:00:01.809192
3540	6	6	6	1	0:00:01.800524
3560	1	9	0	0	0:00:01.803224
3580	4	1	4	0	0:00:01.807366
3600	4	2	2	0	0:00:01.809623
3620	0	7	6	0	0:00:01.794459
3640	6	2	2	0	0:00:01.805061
3660	0	8	8	0	0:00:01.809161
3680	0	2	2	0	0:00:01.816955
3700	3	3	4	1	0:00:01.795823
3720	2	2	2	1	0:00:01.808528
3740	0	0	0	1	0:00:01.805654
3760	7	7	7	1	0:00:01.809629
3780	4	4	2	1	0:00:01.809604
3800	9	9	8	1	0:00:01.810232
3820	0	0	0	1	0:00:01.808094
3840	6	3	3	0	0:00:01.809481
3860	7	7	7	1	0:00:01.807149
3880	6	4	4	0	0:00:01.795595
3900	3	3	6	1	0:00:01.807933
3920	7	9	8	0	0:00:01.809452
3940	6	6	4	1	0:00:01.807591
3960	2	2	2	1	0:00:01.808414
3980	9	7	7	0	0:00:01.810292
4000	8	-1	0	0	0:00:01.795164
4020	8	1	8	0	0:00:01.796164
4040	0	0	0	1	0:00:01.795151
4060	6	3	3	0	0:00:01.795971
4080	1	-1	8	0	0:00:01.802368
4100	7	7	7	1	0:00:01.807412
4120	4	0	4	0	0:00:01.807621
4140	5	3	3	0	0:00:01.810216
4160	5	2	2	0	0:00:01.808740
4180	0	0	8	1	0:00:01.799668
4200	4	4	2	1	0:00:01.796154
4220	4	0	0	0	0:00:01.799864
4240	7	0	0	0	0:00:01.799963
4260	8	8	8	1	0:00:01.797414
4280	8	8	8	1	0:00:01.812348
4300	8	8	8	1	0:00:01.817162
4320	1	8	8	0	0:00:01.802726
4340	0	0	8	1	0:00:01.805780
4360	6	-1	6	0	0:00:01.798936
4380	9	9	8	1	0:00:01.809293
4400	3	4	4	0	0:00:01.804482
4420	5	8	8	0	0:00:01.796742
4440	2	2	2	1	0:00:01.804822
4460	9	1	8	0	0:00:01.805249
4480	9	9	3	1	0:00:01.808599
4500	3	3	6	1	0:00:01.808364
4520	3	6	6	0	0:00:01.809086
4540	9	9	9	1	0:00:01.808722
4560	1	1	4	1	0:00:01.798225
4580	6	4	4	0	0:00:01.802538
4600	4	7	4	0	0:00:01.803465
4620	7	3	3	0	0:00:01.808157
4640	2	4	4	0	0:00:01.813456
4660	7	4	2	0	0:00:01.806615
4680	9	1	1	0	0:00:01.805693
4700	6	1	4	0	0:00:01.795705
4720	8	-1	0	0	0:00:01.805167
4740	5	3	3	0	0:00:01.808560
4760	3	3	4	1	0:00:01.801240
4780	0	0	0	1	0:00:01.811351
4800	9	9	9	1	0:00:01.799510
4820	3	5	5	0	0:00:01.801029
4840	0	0	0	1	0:00:01.801327
4860	5	5	5	1	0:00:01.808453
4880	0	2	2	0	0:00:01.812504
4900	3	6	6	0	0:00:01.809171
4920	7	7	7	1	0:00:01.811130
4940	6	6	2	1	0:00:01.806821
4960	4	6	4	0	0:00:01.810923
4980	1	9	8	0	0:00:01.803550
5000	7	7	7	1	0:00:01.801357
5020	8	8	8	1	0:00:01.809282
5040	3	3	4	1	0:00:01.808750
5060	6	6	4	1	0:00:01.819659
5080	7	7	7	1	0:00:01.814417
5100	3	3	3	1	0:00:01.810577
5120	9	9	8	1	0:00:01.819638
5140	8	8	8	1	0:00:01.817410
5160	0	0	8	1	0:00:01.802287
5180	9	7	4	0	0:00:01.802117
5200	3	3	3	1	0:00:01.807626
5220	0	0	0	1	0:00:01.810477
5240	1	9	2	0	0:00:01.807057
5260	0	0	0	1	0:00:01.802847
5280	0	8	8	0	0:00:01.800435
5300	9	9	9	1	0:00:01.806213
5320	7	7	7	1	0:00:01.807594
5340	3	4	4	0	0:00:01.807447
5360	9	9	9	1	0:00:01.803889
5380	1	9	9	0	0:00:01.802383
5400	9	9	8	1	0:00:01.803900
5420	6	6	6	1	0:00:01.824864
5440	9	9	9	1	0:00:01.810376
5460	0	7	7	0	0:00:01.801785
5480	1	1	8	1	0:00:01.815989
5500	8	1	8	0	0:00:01.811945
5520	4	3	3	0	0:00:01.809826
5540	5	6	2	0	0:00:01.813994
5560	3	6	6	0	0:00:01.813441
5580	5	6	6	0	0:00:01.810745
5600	6	-1	0	0	0:00:01.811606
5620	3	2	2	0	0:00:01.833158
5640	2	-1	2	0	0:00:01.838019
5660	9	9	8	1	0:00:01.817395
5680	2	3	8	0	0:00:01.808865
5700	3	3	3	1	0:00:01.808685
5720	9	9	9	1	0:00:01.812351
5740	6	4	4	0	0:00:01.806408
5760	2	2	2	1	0:00:01.809608
5780	7	7	7	1	0:00:01.804168
5800	2	4	2	0	0:00:01.810607
5820	5	-1	3	0	0:00:01.810492
5840	2	2	6	1	0:00:01.811931
5860	0	-1	8	0	0:00:01.806504
5880	0	0	0	1	0:00:01.814003
5900	4	4	4	1	0:00:01.810931
5920	8	8	8	1	0:00:01.811373
5940	7	4	4	0	0:00:01.820775
5960	2	4	4	0	0:00:01.814225
5980	9	9	9	1	0:00:01.805399
6000	8	9	8	0	0:00:01.807748
6020	6	6	6	1	0:00:01.811574
6040	2	7	7	0	0:00:01.801556
6060	3	4	4	0	0:00:01.811290
6080	1	9	6	0	0:00:01.834257
6100	1	1	8	1	0:00:01.799751
6120	5	5	5	1	0:00:01.803582
6140	9	9	9	1	0:00:01.825777
6160	2	5	5	0	0:00:01.814328
6180	0	9	8	0	0:00:01.808532
6200	3	3	3	1	0:00:01.807828
6220	2	6	4	0	0:00:01.808664
6240	2	2	4	1	0:00:01.819018
6260	2	9	4	0	0:00:01.811155
6280	8	5	4	0	0:00:01.827358
6300	1	7	4	0	0:00:01.823969
6320	0	0	0	1	0:00:01.809748
6340	3	3	3	1	0:00:01.809300
6360	2	2	2	1	0:00:01.804242
6380	3	6	6	0	0:00:01.802203
6400	0	1	8	0	0:00:01.836318
6420	7	7	8	1	0:00:01.810045
6440	3	9	8	0	0:00:01.814443
6460	3	1	4	0	0:00:01.810352
6480	0	0	0	1	0:00:01.807109
6500	7	0	8	0	0:00:01.813120
6520	6	4	4	0	0:00:01.810556
6540	8	8	8	1	0:00:01.797765
6560	6	6	4	1	0:00:01.799370
6580	1	1	2	1	0:00:01.803586
6600	7	7	7	1	0:00:01.831992
6620	7	7	7	1	0:00:01.810514
6640	5	3	8	0	0:00:01.811181
6660	0	0	0	1	0:00:01.820671
6680	3	5	3	0	0:00:01.824712
6700	6	6	2	1	0:00:01.800965
6720	2	2	2	1	0:00:01.803619
6740	2	4	4	0	0:00:01.808370
6760	5	5	3	1	0:00:01.807156
6780	7	7	7	1	0:00:01.809339
6800	6	6	4	1	0:00:01.808137
6820	1	1	1	1	0:00:01.809084
6840	9	9	9	1	0:00:01.809960
6860	0	0	2	1	0:00:01.812805
6880	2	7	4	0	0:00:01.811832
6900	3	7	4	0	0:00:01.808458
6920	5	2	2	0	0:00:01.813338
6940	1	1	1	1	0:00:01.812627
6960	9	8	8	0	0:00:01.816006
6980	0	9	0	0	0:00:01.808523
7000	2	8	8	0	0:00:01.801480
7020	7	7	7	1	0:00:01.798997
7040	7	8	8	0	0:00:01.801633
7060	8	8	8	1	0:00:01.806117
7080	5	4	4	0	0:00:01.808218
7100	9	3	8	0	0:00:01.800808
7120	7	7	7	1	0:00:01.801538
7140	4	4	4	1	0:00:01.812183
7160	5	5	4	1	0:00:01.804138
7180	6	6	6	1	0:00:01.809382
7200	4	6	2	0	0:00:01.809207
7220	9	9	8	1	0:00:01.799155
7240	0	8	8	0	0:00:01.799050
7260	1	-1	8	0	0:00:01.796565
7280	1	1	6	1	0:00:01.797548
7300	3	7	4	0	0:00:01.816709
7320	8	-1	8	0	0:00:01.807852
7340	2	4	4	0	0:00:01.808422
7360	2	4	4	0	0:00:01.820276
7380	7	7	7	1	0:00:01.808019
7400	3	3	3	1	0:00:01.818561
7420	3	0	2	0	0:00:01.801105
7440	3	3	2	1	0:00:01.800196
7460	5	5	5	1	0:00:01.796915
7480	1	8	8	0	0:00:01.807561
7500	6	6	6	1	0:00:01.806122
7520	4	4	4	1	0:00:01.811688
7540	5	5	5	1	0:00:01.807277
7560	0	9	4	0	0:00:01.806011
7580	8	8	8	1	0:00:01.803058
7600	8	9	8	0	0:00:01.811237
7620	5	3	3	0	0:00:01.808535
7640	9	9	6	1	0:00:01.813838
7660	7	7	4	1	0:00:01.804074
7680	3	-1	3	0	0:00:01.814003
7700	6	6	6	1	0:00:01.835403
7720	5	5	5	1	0:00:01.810739
7740	4	4	2	1	0:00:01.806924
7760	2	9	2	0	0:00:01.810012
7780	3	1	8	0	0:00:01.806716
7800	0	0	0	1	0:00:01.808589
7820	5	8	8	0	0:00:01.811411
7840	1	1	1	1	0:00:01.809938
7860	8	1	4	0	0:00:01.810216
7880	0	0	0	1	0:00:01.807428
7900	0	8	8	0	0:00:01.814950
7920	9	8	8	0	0:00:01.806774
7940	2	6	4	0	0:00:01.808528
7960	0	0	0	1	0:00:01.815968
7980	3	3	4	1	0:00:01.812823
8000	9	9	9	1	0:00:01.807973
8020	6	3	3	0	0:00:01.828573
8040	2	2	2	1	0:00:01.804006
8060	6	6	4	1	0:00:01.810656
8080	4	6	4	0	0:00:01.811604
8100	6	2	4	0	0:00:01.809227
8120	8	9	8	0	0:00:01.806213
8140	5	4	4	0	0:00:01.798516
8160	6	6	6	1	0:00:01.798102
8180	4	4	4	1	0:00:01.802459
8200	3	6	2	0	0:00:01.797761
8220	6	6	2	1	0:00:01.797799
8240	7	7	7	1	0:00:01.799450
8260	1	1	3	1	0:00:01.803201
8280	4	5	3	0	0:00:01.807126
8300	5	2	2	0	0:00:01.808625
8320	7	4	4	0	0:00:01.806888
8340	5	3	3	0	0:00:01.804907
8360	7	7	4	1	0:00:01.808976
8380	9	9	8	1	0:00:01.817425
8400	0	0	8	1	0:00:01.809192
8420	3	6	4	0	0:00:01.806485
8440	5	-1	4	0	0:00:01.808312
8460	8	8	8	1	0:00:01.811373
8480	2	2	4	1	0:00:01.815424
8500	4	4	4	1	0:00:01.813046
8520	8	1	4	0	0:00:01.800474
8540	4	4	2	1	0:00:01.807670
8560	7	7	4	1	0:00:01.802224
8580	3	0	2	0	0:00:01.804389
8600	3	3	4	1	0:00:01.809397
8620	3	7	4	0	0:00:01.797821
8640	1	1	1	1	0:00:01.800320
8660	7	7	7	1	0:00:01.807948
8680	3	9	4	0	0:00:01.808038
8700	3	3	3	1	0:00:01.806081
8720	2	0	0	0	0:00:01.799156
8740	2	2	4	1	0:00:01.807266
8760	8	8	8	1	0:00:01.802962
8780	4	4	4	1	0:00:01.799705
8800	0	0	0	1	0:00:01.798543
8820	2	2	2	1	0:00:01.801548
8840	2	1	7	0	0:00:01.810239
8860	2	2	2	1	0:00:01.807599
8880	1	1	1	1	0:00:01.833373
8900	2	4	4	0	0:00:01.803213
8920	6	6	6	1	0:00:01.822012
8940	6	3	6	0	0:00:01.810436
8960	0	0	0	1	0:00:01.812726
8980	9	9	9	1	0:00:01.805745
9000	8	8	8	1	0:00:01.822321
9020	7	9	8	0	0:00:01.832039
9040	2	5	5	0	0:00:01.805884
9060	9	5	5	0	0:00:01.807185
9080	3	3	3	1	0:00:01.806499
9100	9	6	6	0	0:00:01.810073
9120	3	3	3	1	0:00:01.810592
9140	7	7	4	1	0:00:01.806449
9160	5	5	5	1	0:00:01.817118
9180	5	5	5	1	0:00:01.816354
9200	8	8	8	1	0:00:01.809380
9220	8	8	8	1	0:00:01.813969
9240	8	8	8	1	0:00:01.810582
9260	5	5	5	1	0:00:01.810932
9280	9	1	8	0	0:00:01.824186
9300	5	3	2	0	0:00:01.805844
9320	9	9	8	1	0:00:01.806397
9340	1	1	1	1	0:00:01.809809
9360	5	6	6	0	0:00:01.807555
9380	5	3	3	0	0:00:01.808247
9400	6	6	4	1	0:00:01.809241
9420	5	5	6	1	0:00:01.809654
9440	8	8	8	1	0:00:01.813420
9460	3	7	6	0	0:00:01.804826
9480	2	4	4	0	0:00:01.795600
9500	9	9	6	1	0:00:01.802038
9520	1	1	1	1	0:00:01.817096
9540	5	5	4	1	0:00:01.798871
9560	9	7	7	0	0:00:01.813552
9580	1	1	4	1	0:00:01.807019
9600	8	8	8	1	0:00:01.808181
9620	4	7	4	0	0:00:01.823023
9640	5	0	6	0	0:00:01.804225
9660	6	6	6	1	0:00:01.807536
9680	8	8	8	1	0:00:01.807592
9700	0	0	0	1	0:00:01.804487
9720	8	1	8	0	0:00:01.806964
9740	3	6	4	0	0:00:01.809593
9760	9	9	4	1	0:00:01.807507
9780	4	6	4	0	0:00:01.813642
9800	1	1	1	1	0:00:01.803238
9820	0	8	8	0	0:00:01.805344
9840	4	5	5	0	0:00:01.824543
9860	0	5	8	0	0:00:01.808660
9880	7	7	4	1	0:00:01.818348
9900	8	0	8	0	0:00:01.805671
9920	6	6	2	1	0:00:01.817818
9940	4	7	4	0	0:00:01.804950
9960	2	0	0	0	0:00:01.808110
9980	0	0	0	1	0:00:01.808036
