idx	label	predict	basePredict	correct	time
0	3	4	4	0	0:00:03.709736
20	7	9	9	0	0:00:03.630710
40	4	8	8	0	0:00:03.626428
60	7	2	2	0	0:00:03.724726
80	8	8	8	1	0:00:03.662133
100	4	5	0	0	0:00:03.660171
120	8	8	8	1	0:00:03.613532
140	6	2	0	0	0:00:03.484150
160	2	0	0	0	0:00:03.518961
180	0	0	0	1	0:00:03.505815
200	5	7	3	0	0:00:03.598151
220	7	7	7	1	0:00:03.611987
240	1	1	1	1	0:00:03.623975
260	8	5	5	0	0:00:04.707672
280	9	9	8	1	0:00:03.617608
300	6	-1	4	0	0:00:03.612996
320	3	5	2	0	0:00:03.611884
340	2	4	4	0	0:00:03.630103
360	9	6	6	0	0:00:03.596218
380	6	8	8	0	0:00:03.618038
400	9	9	8	1	0:00:03.613620
420	4	6	6	0	0:00:03.636209
440	1	1	2	1	0:00:03.612075
460	5	7	4	0	0:00:03.616120
480	8	9	9	0	0:00:03.617110
500	4	-1	6	0	0:00:03.614550
520	5	7	8	0	0:00:03.627499
540	1	8	8	0	0:00:03.621796
560	0	8	8	0	0:00:03.608435
580	4	6	6	0	0:00:03.601283
600	8	9	0	0	0:00:03.638906
620	7	4	4	0	0:00:03.614545
640	5	6	6	0	0:00:03.613816
660	9	9	9	1	0:00:03.607603
680	9	9	9	1	0:00:03.615621
700	7	7	7	1	0:00:03.620518
720	4	9	9	0	0:00:03.611177
740	2	5	5	0	0:00:03.607692
760	3	9	9	0	0:00:03.605453
780	9	9	8	1	0:00:03.613406
800	7	7	7	1	0:00:03.622083
820	6	9	9	0	0:00:03.626928
840	7	7	7	1	0:00:03.615468
860	4	6	6	0	0:00:03.632834
880	8	8	8	1	0:00:03.611969
900	2	6	6	0	0:00:03.611192
920	6	2	2	0	0:00:03.612674
940	9	6	6	0	0:00:03.605567
960	9	9	4	1	0:00:03.621742
980	2	6	6	0	0:00:03.606758
1000	5	5	8	1	0:00:03.499331
1020	1	8	8	0	0:00:03.496893
1040	7	5	5	0	0:00:03.513326
1060	9	8	8	0	0:00:03.489974
1080	6	6	6	1	0:00:03.488234
1100	7	8	8	0	0:00:03.497881
1120	5	8	8	0	0:00:03.487143
1140	6	-1	4	0	0:00:03.524002
1160	8	0	0	0	0:00:03.532326
1180	3	9	9	0	0:00:03.524822
1200	8	0	0	0	0:00:03.522240
1220	9	7	2	0	0:00:03.516250
1240	2	6	6	0	0:00:03.536132
1260	1	9	9	0	0:00:03.525131
1280	3	7	7	0	0:00:03.528344
1300	4	6	6	0	0:00:03.523266
1320	7	0	0	0	0:00:03.522386
1340	1	1	1	1	0:00:03.515601
1360	7	9	2	0	0:00:03.419242
1380	4	8	8	0	0:00:03.510370
1400	5	2	2	0	0:00:03.509279
1420	4	7	7	0	0:00:03.519933
1440	0	-1	0	0	0:00:03.510308
1460	6	6	4	1	0:00:03.518067
1480	1	7	7	0	0:00:03.507395
1500	1	9	9	0	0:00:03.521944
1520	7	6	6	0	0:00:03.518375
1540	8	8	8	1	0:00:03.530060
1560	7	7	7	1	0:00:03.530831
1580	6	9	9	0	0:00:03.529264
1600	8	9	6	0	0:00:03.519884
1620	5	8	8	0	0:00:03.522339
1640	7	5	5	0	0:00:03.526436
1660	3	-1	4	0	0:00:03.520359
1680	6	6	6	1	0:00:03.517997
1700	5	0	0	0	0:00:03.526787
1720	4	0	0	0	0:00:03.441540
1740	1	9	9	0	0:00:03.432191
1760	0	8	8	0	0:00:03.479372
1780	7	8	8	0	0:00:03.482633
1800	4	8	8	0	0:00:03.444775
1820	8	9	8	0	0:00:03.492620
1840	8	7	7	0	0:00:03.499738
1860	8	8	8	1	0:00:03.462255
1880	1	4	4	0	0:00:03.515790
1900	8	8	8	1	0:00:03.532959
1920	2	7	4	0	0:00:03.547545
1940	5	2	2	0	0:00:03.531221
1960	2	7	7	0	0:00:03.530885
1980	9	9	8	1	0:00:03.524701
2000	1	6	6	0	0:00:03.518825
2020	9	9	9	1	0:00:03.524576
2040	0	8	8	0	0:00:03.504540
2060	5	5	0	1	0:00:03.523576
2080	1	2	2	0	0:00:03.530748
2100	2	4	4	0	0:00:03.430445
2120	4	8	8	0	0:00:03.487067
2140	9	9	1	1	0:00:03.501228
2160	0	8	8	0	0:00:03.457714
2180	4	6	6	0	0:00:03.475780
2200	0	0	0	1	0:00:03.509699
2220	1	1	4	1	0:00:03.486659
2240	9	9	9	1	0:00:03.439619
2260	4	1	4	0	0:00:03.488231
2280	4	8	8	0	0:00:03.516141
2300	3	6	6	0	0:00:03.528946
2320	5	8	8	0	0:00:03.527272
2340	7	9	9	0	0:00:03.528534
2360	7	9	0	0	0:00:03.530460
2380	8	8	8	1	0:00:03.538949
2400	0	0	0	1	0:00:03.533623
2420	8	-1	5	0	0:00:03.528662
2440	7	8	8	0	0:00:03.535761
2460	9	9	6	1	0:00:03.519523
2480	8	8	8	1	0:00:03.527668
2500	4	6	4	0	0:00:03.479517
2520	1	8	8	0	0:00:03.452523
2540	2	3	4	0	0:00:03.493000
2560	7	0	0	0	0:00:03.506974
2580	6	4	4	0	0:00:03.505641
2600	8	8	8	1	0:00:03.508898
2620	1	6	6	0	0:00:03.517148
2640	7	7	8	1	0:00:03.509122
2660	3	0	0	0	0:00:03.519970
2680	0	0	0	1	0:00:03.537934
2700	9	0	0	0	0:00:03.524320
2720	3	8	8	0	0:00:03.537735
2740	1	1	1	1	0:00:03.529695
2760	2	6	6	0	0:00:03.509224
2780	7	7	6	1	0:00:03.506858
2800	4	6	6	0	0:00:03.517956
2820	6	6	6	1	0:00:03.504973
2840	3	3	3	1	0:00:03.515352
2860	5	7	7	0	0:00:03.516165
2880	4	4	4	1	0:00:03.513047
2900	3	5	6	0	0:00:03.474955
2920	2	8	8	0	0:00:03.483142
2940	3	8	8	0	0:00:03.501893
2960	9	7	9	0	0:00:03.503054
2980	8	1	6	0	0:00:03.503609
3000	5	5	5	1	0:00:03.501757
3020	1	1	8	1	0:00:03.502858
3040	7	7	7	1	0:00:03.503285
3060	7	7	7	1	0:00:03.494322
3080	1	2	2	0	0:00:03.507179
3100	0	0	0	1	0:00:03.502542
3120	4	6	6	0	0:00:03.509851
3140	8	8	8	1	0:00:03.496615
3160	6	4	4	0	0:00:03.503918
3180	3	8	8	0	0:00:03.506419
3200	5	7	7	0	0:00:03.521516
3220	3	9	7	0	0:00:03.504604
3240	4	0	0	0	0:00:03.509369
3260	7	0	0	0	0:00:03.506150
3280	3	0	0	0	0:00:03.507514
3300	4	-1	4	0	0:00:03.444405
3320	2	-1	7	0	0:00:03.448930
3340	6	4	4	0	0:00:03.454168
3360	4	6	6	0	0:00:03.474199
3380	8	9	8	0	0:00:03.467767
3400	6	4	4	0	0:00:03.505157
3420	5	6	6	0	0:00:03.432868
3440	2	9	9	0	0:00:03.470777
3460	1	1	4	1	0:00:03.470690
3480	2	2	2	1	0:00:03.482245
3500	1	4	4	0	0:00:03.509848
3520	1	1	1	1	0:00:03.518046
3540	6	8	8	0	0:00:03.508475
3560	1	9	8	0	0:00:03.469717
3580	4	1	8	0	0:00:03.520969
3600	4	2	2	0	0:00:03.502301
3620	0	7	6	0	0:00:03.514305
3640	6	0	0	0	0:00:03.522088
3660	0	8	8	0	0:00:03.512956
3680	0	2	2	0	0:00:03.521185
3700	3	5	4	0	0:00:03.524238
3720	2	-1	0	0	0:00:03.428925
3740	0	0	0	1	0:00:03.435855
3760	7	7	7	1	0:00:03.460272
3780	4	2	2	0	0:00:03.395202
3800	9	9	8	1	0:00:03.414190
3820	0	0	0	1	0:00:03.402081
3840	6	8	5	0	0:00:03.391246
3860	7	7	7	1	0:00:03.395092
3880	6	4	4	0	0:00:03.387754
3900	3	0	1	0	0:00:03.382012
3920	7	8	8	0	0:00:03.375346
3940	6	7	7	0	0:00:03.352961
3960	2	5	5	0	0:00:03.355573
3980	9	7	7	0	0:00:03.374218
4000	8	7	4	0	0:00:03.364655
4020	8	9	8	0	0:00:03.373613
4040	0	0	0	1	0:00:03.369776
4060	6	0	0	0	0:00:03.382678
4080	1	8	8	0	0:00:03.385618
4100	7	7	7	1	0:00:03.390562
4120	4	0	0	0	0:00:03.390877
4140	5	2	2	0	0:00:03.396963
4160	5	2	2	0	0:00:03.417610
4180	0	0	8	1	0:00:03.409442
4200	4	2	2	0	0:00:03.407140
4220	4	0	0	0	0:00:03.409623
4240	7	8	8	0	0:00:03.398154
4260	8	-1	8	0	0:00:03.398935
4280	8	9	8	0	0:00:03.401619
4300	8	9	8	0	0:00:03.394577
4320	1	8	8	0	0:00:03.404648
4340	0	8	8	0	0:00:03.402832
4360	6	9	9	0	0:00:03.396943
4380	9	9	8	1	0:00:03.414377
4400	3	8	8	0	0:00:03.396336
4420	5	8	8	0	0:00:03.396493
4440	2	6	6	0	0:00:03.405569
4460	9	8	8	0	0:00:03.398210
4480	9	6	6	0	0:00:03.391977
4500	3	7	7	0	0:00:03.411736
4520	3	6	6	0	0:00:03.399312
4540	9	9	9	1	0:00:03.396212
4560	1	1	4	1	0:00:03.401597
4580	6	6	4	1	0:00:03.395200
4600	4	1	1	0	0:00:03.397346
4620	7	3	3	0	0:00:03.422460
4640	2	5	5	0	0:00:03.433046
4660	7	-1	8	0	0:00:03.403075
4680	9	1	1	0	0:00:03.419742
4700	6	1	4	0	0:00:03.424516
4720	8	0	0	0	0:00:03.386718
4740	5	6	6	0	0:00:03.377173
4760	3	8	8	0	0:00:03.381817
4780	0	8	0	0	0:00:03.374378
4800	9	9	9	1	0:00:03.377976
4820	3	1	6	0	0:00:03.377431
4840	0	0	0	1	0:00:03.368598
4860	5	5	5	1	0:00:03.373502
4880	0	2	2	0	0:00:03.359054
4900	3	6	6	0	0:00:03.357265
4920	7	0	0	0	0:00:03.370475
4940	6	2	2	0	0:00:03.361475
4960	4	6	6	0	0:00:03.363453
4980	1	9	9	0	0:00:03.366959
5000	7	7	7	1	0:00:03.394663
5020	8	8	8	1	0:00:03.365848
5040	3	7	4	0	0:00:03.373197
5060	6	6	6	1	0:00:03.394127
5080	7	7	7	1	0:00:03.401729
5100	3	4	4	0	0:00:03.399114
5120	9	8	8	0	0:00:03.419034
5140	8	8	8	1	0:00:03.396707
5160	0	8	8	0	0:00:03.407069
5180	9	6	4	0	0:00:03.397002
5200	3	3	3	1	0:00:03.375769
5220	0	0	0	1	0:00:03.376937
5240	1	9	4	0	0:00:03.371573
5260	0	0	0	1	0:00:03.358774
5280	0	8	8	0	0:00:03.379409
5300	9	1	6	0	0:00:03.360628
5320	7	7	7	1	0:00:03.362535
5340	3	8	8	0	0:00:03.372531
5360	9	9	9	1	0:00:03.371902
5380	1	9	9	0	0:00:03.376088
5400	9	0	8	0	0:00:03.407515
5420	6	7	6	0	0:00:03.372432
5440	9	9	9	1	0:00:03.369808
5460	0	7	6	0	0:00:03.393710
5480	1	8	8	0	0:00:03.393942
5500	8	9	8	0	0:00:03.390524
5520	4	5	5	0	0:00:03.378783
5540	5	2	2	0	0:00:03.360219
5560	3	6	6	0	0:00:03.357695
5580	5	6	6	0	0:00:03.370762
5600	6	9	8	0	0:00:03.364903
5620	3	2	2	0	0:00:03.371875
5640	2	3	3	0	0:00:03.357913
5660	9	9	8	1	0:00:03.352943
5680	2	8	8	0	0:00:03.388716
5700	3	9	6	0	0:00:03.365312
5720	9	9	9	1	0:00:03.365806
5740	6	6	4	1	0:00:03.362353
5760	2	8	8	0	0:00:03.378082
5780	7	9	9	0	0:00:03.357975
5800	2	6	4	0	0:00:03.373167
5820	5	6	6	0	0:00:03.371747
5840	2	6	6	0	0:00:03.398174
5860	0	8	8	0	0:00:03.379900
5880	0	8	8	0	0:00:03.390569
5900	4	0	0	0	0:00:03.401232
5920	8	8	8	1	0:00:03.403843
5940	7	4	4	0	0:00:03.400652
5960	2	7	7	0	0:00:03.396010
5980	9	9	8	1	0:00:03.397658
6000	8	9	8	0	0:00:03.429158
6020	6	9	6	0	0:00:03.407172
6040	2	7	7	0	0:00:03.394985
6060	3	4	4	0	0:00:03.422031
6080	1	9	0	0	0:00:03.401339
6100	1	-1	8	0	0:00:03.414976
6120	5	5	5	1	0:00:03.416224
6140	9	9	7	1	0:00:03.398364
6160	2	9	8	0	0:00:03.390865
6180	0	-1	8	0	0:00:03.383918
6200	3	0	0	0	0:00:03.398112
6220	2	6	6	0	0:00:03.387533
6240	2	1	6	0	0:00:03.402085
6260	2	9	9	0	0:00:03.407063
6280	8	5	5	0	0:00:03.389544
6300	1	7	4	0	0:00:03.418258
6320	0	0	0	1	0:00:03.403973
6340	3	8	8	0	0:00:03.415930
6360	2	2	2	1	0:00:03.439656
6380	3	1	6	0	0:00:03.401370
6400	0	1	4	0	0:00:03.417485
6420	7	8	8	0	0:00:03.441806
6440	3	8	8	0	0:00:03.384002
6460	3	1	1	0	0:00:03.431023
6480	0	0	0	1	0:00:03.421421
6500	7	0	0	0	0:00:03.378166
6520	6	2	2	0	0:00:03.394759
6540	8	8	8	1	0:00:03.375757
6560	6	6	6	1	0:00:03.365071
6580	1	8	8	0	0:00:03.355068
6600	7	7	7	1	0:00:03.372722
6620	7	7	7	1	0:00:03.364274
6640	5	8	8	0	0:00:03.387102
6660	0	8	8	0	0:00:03.391620
6680	3	3	3	1	0:00:03.384725
6700	6	6	6	1	0:00:03.380681
6720	2	2	2	1	0:00:03.392549
6740	2	6	6	0	0:00:03.383222
6760	5	0	0	0	0:00:03.385892
6780	7	7	7	1	0:00:03.390027
6800	6	6	6	1	0:00:03.384329
6820	1	1	1	1	0:00:03.414745
6840	9	9	6	1	0:00:03.418365
6860	0	0	0	1	0:00:03.417452
6880	2	6	6	0	0:00:03.418632
6900	3	7	7	0	0:00:03.398587
6920	5	2	2	0	0:00:03.384160
6940	1	1	1	1	0:00:03.365121
6960	9	8	8	0	0:00:03.435323
6980	0	9	9	0	0:00:03.387258
7000	2	8	8	0	0:00:03.364126
7020	7	1	1	0	0:00:03.370237
7040	7	8	8	0	0:00:03.378247
7060	8	-1	8	0	0:00:03.356220
7080	5	0	0	0	0:00:03.349176
7100	9	8	8	0	0:00:03.344101
7120	7	7	6	1	0:00:03.350827
7140	4	4	4	1	0:00:03.349785
7160	5	7	2	0	0:00:03.373691
7180	6	6	6	1	0:00:03.370419
7200	4	6	2	0	0:00:03.364829
7220	9	8	8	0	0:00:03.349760
7240	0	8	8	0	0:00:03.370136
7260	1	8	8	0	0:00:03.348734
7280	1	-1	6	0	0:00:03.358996
7300	3	7	8	0	0:00:03.349486
7320	8	0	0	0	0:00:03.345643
7340	2	0	0	0	0:00:03.363621
7360	2	7	7	0	0:00:03.347598
7380	7	1	7	0	0:00:03.350452
7400	3	9	9	0	0:00:03.345418
7420	3	0	0	0	0:00:03.349008
7440	3	6	6	0	0:00:03.344857
7460	5	5	5	1	0:00:03.344450
7480	1	5	5	0	0:00:03.384375
7500	6	6	6	1	0:00:03.346567
7520	4	6	6	0	0:00:03.355502
7540	5	5	5	1	0:00:03.357091
7560	0	2	2	0	0:00:03.353366
7580	8	9	8	0	0:00:03.374804
7600	8	9	9	0	0:00:03.378682
7620	5	9	1	0	0:00:03.410977
7640	9	-1	8	0	0:00:03.412312
7660	7	9	6	0	0:00:03.431329
7680	3	9	9	0	0:00:03.398768
7700	6	6	6	1	0:00:03.410415
7720	5	6	6	0	0:00:03.409172
7740	4	2	2	0	0:00:03.403649
7760	2	9	9	0	0:00:03.415814
7780	3	8	8	0	0:00:03.405722
7800	0	0	0	1	0:00:03.400582
7820	5	8	8	0	0:00:03.393087
7840	1	1	1	1	0:00:03.375240
7860	8	6	4	0	0:00:03.386057
7880	0	0	0	1	0:00:03.462282
7900	0	8	8	0	0:00:03.390938
7920	9	8	8	0	0:00:03.391843
7940	2	6	6	0	0:00:03.408137
7960	0	0	0	1	0:00:03.377801
7980	3	7	4	0	0:00:03.403392
8000	9	0	0	0	0:00:03.441802
8020	6	6	6	1	0:00:03.405172
8040	2	6	6	0	0:00:03.410990
8060	6	6	6	1	0:00:03.395328
8080	4	6	4	0	0:00:03.409491
8100	6	2	2	0	0:00:03.403850
8120	8	9	9	0	0:00:03.403859
8140	5	6	6	0	0:00:03.430455
8160	6	9	8	0	0:00:03.439462
8180	4	6	6	0	0:00:03.401725
8200	3	9	4	0	0:00:03.394460
8220	6	9	2	0	0:00:03.418504
8240	7	7	7	1	0:00:03.434981
8260	1	1	3	1	0:00:03.363077
8280	4	3	3	0	0:00:03.369724
8300	5	2	2	0	0:00:03.363946
8320	7	-1	6	0	0:00:03.358153
8340	5	4	4	0	0:00:03.359894
8360	7	6	6	0	0:00:03.361682
8380	9	8	8	0	0:00:03.366144
8400	0	8	8	0	0:00:03.382078
8420	3	6	4	0	0:00:03.406384
8440	5	9	9	0	0:00:03.408609
8460	8	8	8	1	0:00:03.411563
8480	2	1	8	0	0:00:03.381334
8500	4	2	2	0	0:00:03.376970
8520	8	6	6	0	0:00:03.369470
8540	4	6	4	0	0:00:03.376890
8560	7	7	6	1	0:00:03.364058
8580	3	0	0	0	0:00:03.392421
8600	3	7	7	0	0:00:03.373821
8620	3	1	4	0	0:00:03.366847
8640	1	1	1	1	0:00:03.374126
8660	7	5	5	0	0:00:03.373190
8680	3	9	8	0	0:00:03.370000
8700	3	5	3	0	0:00:03.363168
8720	2	0	0	0	0:00:03.401616
8740	2	6	4	0	0:00:03.403849
8760	8	8	5	1	0:00:03.406796
8780	4	7	4	0	0:00:03.431887
8800	0	0	0	1	0:00:03.409613
8820	2	2	2	1	0:00:03.420285
8840	2	1	1	0	0:00:03.421913
8860	2	0	8	0	0:00:03.430485
8880	1	6	6	0	0:00:03.417074
8900	2	1	4	0	0:00:03.426540
8920	6	6	6	1	0:00:03.411697
8940	6	3	3	0	0:00:03.432510
8960	0	0	0	1	0:00:03.411384
8980	9	9	9	1	0:00:03.403061
9000	8	8	8	1	0:00:03.430439
9020	7	9	9	0	0:00:03.391798
9040	2	5	5	0	0:00:03.379727
9060	9	5	5	0	0:00:03.365607
9080	3	0	0	0	0:00:03.371573
9100	9	6	6	0	0:00:03.357473
9120	3	0	0	0	0:00:03.362902
9140	7	8	8	0	0:00:03.357044
9160	5	0	0	0	0:00:03.403384
9180	5	5	5	1	0:00:03.359368
9200	8	8	8	1	0:00:03.358169
9220	8	8	8	1	0:00:03.366567
9240	8	-1	8	0	0:00:03.363217
9260	5	5	4	1	0:00:03.367618
9280	9	0	8	0	0:00:03.366752
9300	5	8	8	0	0:00:03.389381
9320	9	9	8	1	0:00:03.385731
9340	1	1	1	1	0:00:03.434177
9360	5	0	0	0	0:00:03.407495
9380	5	9	5	0	0:00:03.396048
9400	6	4	2	0	0:00:03.425857
9420	5	6	6	0	0:00:03.392400
9440	8	8	8	1	0:00:03.415571
9460	3	9	7	0	0:00:03.433516
9480	2	-1	6	0	0:00:03.398843
9500	9	6	6	0	0:00:03.409155
9520	1	9	9	0	0:00:03.404636
9540	5	5	4	1	0:00:03.389816
9560	9	7	7	0	0:00:03.389368
9580	1	4	4	0	0:00:03.386449
9600	8	8	8	1	0:00:03.399151
9620	4	7	7	0	0:00:03.387328
9640	5	-1	6	0	0:00:03.402093
9660	6	6	6	1	0:00:03.403288
9680	8	9	8	0	0:00:03.402969
9700	0	0	0	1	0:00:03.396980
9720	8	6	4	0	0:00:03.400452
9740	3	6	4	0	0:00:03.392051
9760	9	9	7	1	0:00:03.405616
9780	4	6	6	0	0:00:03.421335
9800	1	1	1	1	0:00:03.410316
9820	0	9	8	0	0:00:03.413484
9840	4	7	3	0	0:00:03.416072
9860	0	8	8	0	0:00:03.400966
9880	7	4	4	0	0:00:03.423499
9900	8	0	0	0	0:00:03.398223
9920	6	6	6	1	0:00:03.405982
9940	4	7	7	0	0:00:03.403482
9960	2	0	0	0	0:00:03.400748
9980	0	0	0	1	0:00:03.409758
