idx	label	predict	basePredict	correct	time
0	3	2	2	0	0:00:02.065848
20	7	1	9	0	0:00:01.979240
40	4	8	8	0	0:00:02.007161
60	7	-1	4	0	0:00:01.981766
80	8	-1	8	0	0:00:01.997559
100	4	3	3	0	0:00:01.978074
120	8	8	8	1	0:00:01.979945
140	6	2	2	0	0:00:01.997887
160	2	0	2	0	0:00:01.967212
180	0	9	8	0	0:00:01.969721
200	5	-1	3	0	0:00:01.975927
220	7	7	7	1	0:00:01.969820
240	1	1	8	1	0:00:02.003197
260	8	3	3	0	0:00:01.984455
280	9	9	8	1	0:00:01.967375
300	6	7	4	0	0:00:02.015159
320	3	2	2	0	0:00:02.040054
340	2	4	4	0	0:00:01.967355
360	9	7	6	0	0:00:01.967235
380	6	-1	4	0	0:00:02.148742
400	9	-1	8	0	0:00:01.964875
420	4	6	6	0	0:00:01.948328
440	1	9	9	0	0:00:01.973490
460	5	3	3	0	0:00:01.966078
480	8	9	9	0	0:00:02.029097
500	4	-1	6	0	0:00:01.956027
520	5	7	7	0	0:00:01.934717
540	1	9	8	0	0:00:01.948116
560	0	-1	8	0	0:00:01.978680
580	4	6	4	0	0:00:01.961922
600	8	9	8	0	0:00:01.931171
620	7	6	4	0	0:00:01.930080
640	5	3	3	0	0:00:02.002890
660	9	9	8	1	0:00:02.008214
680	9	7	4	0	0:00:01.961234
700	7	-1	4	0	0:00:01.987587
720	4	9	9	0	0:00:01.940575
740	2	5	3	0	0:00:01.948851
760	3	9	9	0	0:00:01.938619
780	9	-1	0	0	0:00:01.975222
800	7	7	7	1	0:00:01.974233
820	6	-1	8	0	0:00:01.956200
840	7	7	7	1	0:00:01.946093
860	4	4	4	1	0:00:01.955088
880	8	8	8	1	0:00:01.942824
900	2	6	4	0	0:00:01.970113
920	6	-1	2	0	0:00:01.964889
940	9	9	7	1	0:00:01.956321
960	9	9	4	1	0:00:01.941206
980	2	6	6	0	0:00:01.957398
1000	5	5	5	1	0:00:01.857235
1020	1	-1	8	0	0:00:01.880590
1040	7	5	5	0	0:00:01.872249
1060	9	9	8	1	0:00:01.865513
1080	6	6	6	1	0:00:01.848674
1100	7	8	8	0	0:00:01.836274
1120	5	2	2	0	0:00:01.841100
1140	6	4	4	0	0:00:01.852947
1160	8	0	0	0	0:00:01.853790
1180	3	-1	8	0	0:00:01.872259
1200	8	0	0	0	0:00:01.854284
1220	9	6	6	0	0:00:01.861858
1240	2	6	6	0	0:00:01.862419
1260	1	9	9	0	0:00:01.849472
1280	3	7	7	0	0:00:01.853375
1300	4	3	3	0	0:00:01.850011
1320	7	-1	2	0	0:00:01.856975
1340	1	-1	8	0	0:00:01.849160
1360	7	-1	4	0	0:00:01.840069
1380	4	5	5	0	0:00:01.843786
1400	5	-1	2	0	0:00:01.848688
1420	4	7	7	0	0:00:01.805203
1440	0	8	8	0	0:00:01.857185
1460	6	-1	4	0	0:00:01.845537
1480	1	-1	5	0	0:00:01.843069
1500	1	9	8	0	0:00:01.854193
1520	7	-1	2	0	0:00:01.859906
1540	8	8	8	1	0:00:01.848743
1560	7	7	7	1	0:00:01.831002
1580	6	1	1	0	0:00:01.844433
1600	8	9	6	0	0:00:01.867087
1620	5	8	8	0	0:00:01.842838
1640	7	5	3	0	0:00:01.847549
1660	3	-1	4	0	0:00:01.858886
1680	6	6	6	1	0:00:01.866202
1700	5	2	2	0	0:00:01.927094
1720	4	2	2	0	0:00:01.864161
1740	1	9	9	0	0:00:01.865222
1760	0	8	8	0	0:00:01.857890
1780	7	-1	8	0	0:00:01.853828
1800	4	8	8	0	0:00:01.870957
1820	8	9	8	0	0:00:01.851527
1840	8	9	4	0	0:00:01.860281
1860	8	8	8	1	0:00:01.848431
1880	1	8	8	0	0:00:01.851744
1900	8	8	8	1	0:00:01.857868
1920	2	5	2	0	0:00:01.861922
1940	5	3	3	0	0:00:01.860924
1960	2	5	5	0	0:00:01.856215
1980	9	9	2	1	0:00:01.861981
2000	1	6	4	0	0:00:01.847680
2020	9	9	9	1	0:00:01.838169
2040	0	8	8	0	0:00:01.858411
2060	5	-1	3	0	0:00:01.855433
2080	1	6	4	0	0:00:01.893510
2100	2	4	4	0	0:00:01.856854
2120	4	8	8	0	0:00:01.860419
2140	9	1	1	0	0:00:01.867394
2160	0	8	8	0	0:00:01.843726
2180	4	-1	4	0	0:00:01.856383
2200	0	2	2	0	0:00:01.846730
2220	1	1	4	1	0:00:01.866140
2240	9	-1	8	0	0:00:01.877012
2260	4	7	4	0	0:00:01.881884
2280	4	8	8	0	0:00:01.896781
2300	3	2	4	0	0:00:01.883494
2320	5	-1	8	0	0:00:01.874648
2340	7	7	7	1	0:00:01.868333
2360	7	5	3	0	0:00:01.876117
2380	8	0	0	0	0:00:01.886371
2400	0	4	4	0	0:00:01.873323
2420	8	5	5	0	0:00:01.869835
2440	7	1	8	0	0:00:01.868757
2460	9	3	3	0	0:00:01.877533
2480	8	8	8	1	0:00:01.875258
2500	4	6	2	0	0:00:01.882707
2520	1	9	8	0	0:00:01.874357
2540	2	3	3	0	0:00:01.876539
2560	7	-1	2	0	0:00:01.879615
2580	6	4	4	0	0:00:01.859403
2600	8	8	8	1	0:00:01.876842
2620	1	4	4	0	0:00:01.875702
2640	7	-1	6	0	0:00:01.879450
2660	3	4	2	0	0:00:01.879369
2680	0	0	0	1	0:00:01.884260
2700	9	0	0	0	0:00:01.867676
2720	3	2	2	0	0:00:01.865412
2740	1	-1	9	0	0:00:01.874097
2760	2	4	4	0	0:00:01.868472
2780	7	7	6	1	0:00:01.852567
2800	4	6	6	0	0:00:01.865913
2820	6	6	4	1	0:00:01.887118
2840	3	3	3	1	0:00:01.861993
2860	5	7	4	0	0:00:01.867476
2880	4	4	4	1	0:00:01.867387
2900	3	2	2	0	0:00:01.868655
2920	2	5	5	0	0:00:01.878506
2940	3	0	0	0	0:00:01.890491
2960	9	7	8	0	0:00:01.880108
2980	8	1	5	0	0:00:01.873509
3000	5	5	5	1	0:00:01.871350
3020	1	1	8	1	0:00:01.873171
3040	7	7	7	1	0:00:01.870435
3060	7	7	7	1	0:00:01.873250
3080	1	-1	2	0	0:00:01.878662
3100	0	0	0	1	0:00:01.879792
3120	4	6	2	0	0:00:01.871853
3140	8	8	8	1	0:00:01.870143
3160	6	4	4	0	0:00:01.881380
3180	3	9	8	0	0:00:01.866412
3200	5	7	7	0	0:00:01.871936
3220	3	9	9	0	0:00:01.876140
3240	4	1	8	0	0:00:01.867119
3260	7	0	0	0	0:00:01.890666
3280	3	5	0	0	0:00:01.872234
3300	4	6	4	0	0:00:01.866129
3320	2	7	7	0	0:00:01.872697
3340	6	-1	4	0	0:00:01.872353
3360	4	6	6	0	0:00:01.866564
3380	8	1	8	0	0:00:01.861354
3400	6	4	4	0	0:00:01.871671
3420	5	4	4	0	0:00:01.864158
3440	2	9	3	0	0:00:01.869241
3460	1	1	4	1	0:00:01.870186
3480	2	2	2	1	0:00:01.871448
3500	1	1	4	1	0:00:01.869828
3520	1	1	1	1	0:00:01.863998
3540	6	-1	6	0	0:00:01.864936
3560	1	9	0	0	0:00:01.867376
3580	4	1	8	0	0:00:01.858407
3600	4	2	2	0	0:00:01.856049
3620	0	6	6	0	0:00:01.866500
3640	6	2	2	0	0:00:01.849486
3660	0	8	8	0	0:00:01.865462
3680	0	2	2	0	0:00:01.850794
3700	3	6	4	0	0:00:01.847162
3720	2	2	2	1	0:00:01.849548
3740	0	8	8	0	0:00:01.850936
3760	7	7	7	1	0:00:01.842333
3780	4	-1	2	0	0:00:01.860109
3800	9	3	3	0	0:00:01.860375
3820	0	2	2	0	0:00:01.856669
3840	6	8	3	0	0:00:01.861655
3860	7	7	7	1	0:00:01.852025
3880	6	4	4	0	0:00:01.854772
3900	3	-1	1	0	0:00:01.861256
3920	7	-1	8	0	0:00:01.860005
3940	6	7	4	0	0:00:01.857908
3960	2	5	5	0	0:00:01.863666
3980	9	7	7	0	0:00:01.846814
4000	8	7	4	0	0:00:01.847741
4020	8	1	8	0	0:00:01.844599
4040	0	0	0	1	0:00:01.890291
4060	6	3	3	0	0:00:01.869664
4080	1	8	8	0	0:00:01.858358
4100	7	7	7	1	0:00:01.833624
4120	4	0	0	0	0:00:01.853139
4140	5	3	3	0	0:00:01.858662
4160	5	2	2	0	0:00:01.808861
4180	0	-1	8	0	0:00:01.857645
4200	4	2	2	0	0:00:01.856555
4220	4	0	0	0	0:00:01.854163
4240	7	0	0	0	0:00:01.852935
4260	8	1	1	0	0:00:01.862502
4280	8	-1	8	0	0:00:01.863149
4300	8	8	8	1	0:00:01.856940
4320	1	8	8	0	0:00:01.844887
4340	0	8	8	0	0:00:01.840251
4360	6	9	9	0	0:00:01.876310
4380	9	-1	8	0	0:00:01.863794
4400	3	4	4	0	0:00:01.856538
4420	5	8	8	0	0:00:01.826008
4440	2	6	2	0	0:00:01.863688
4460	9	1	8	0	0:00:01.865021
4480	9	-1	3	0	0:00:01.853068
4500	3	6	6	0	0:00:01.862230
4520	3	6	6	0	0:00:01.868629
4540	9	9	1	1	0:00:01.850365
4560	1	1	4	1	0:00:01.862316
4580	6	4	4	0	0:00:01.873889
4600	4	7	4	0	0:00:01.848131
4620	7	3	3	0	0:00:01.845534
4640	2	3	4	0	0:00:01.817008
4660	7	4	2	0	0:00:01.863890
4680	9	1	1	0	0:00:01.849030
4700	6	1	4	0	0:00:01.825571
4720	8	0	0	0	0:00:01.850111
4740	5	6	4	0	0:00:01.854583
4760	3	8	8	0	0:00:01.856525
4780	0	-1	8	0	0:00:01.858381
4800	9	9	9	1	0:00:01.865880
4820	3	5	5	0	0:00:01.856284
4840	0	0	0	1	0:00:01.853713
4860	5	3	3	0	0:00:01.877496
4880	0	2	2	0	0:00:01.823561
4900	3	6	6	0	0:00:01.846541
4920	7	7	2	1	0:00:01.852086
4940	6	4	4	0	0:00:01.866935
4960	4	3	3	0	0:00:01.847623
4980	1	9	9	0	0:00:01.878619
5000	7	7	7	1	0:00:01.861052
5020	8	1	8	0	0:00:01.884236
5040	3	7	4	0	0:00:01.858402
5060	6	2	4	0	0:00:01.850522
5080	7	7	7	1	0:00:01.859632
5100	3	3	4	1	0:00:01.854674
5120	9	8	8	0	0:00:01.843954
5140	8	8	8	1	0:00:01.838621
5160	0	8	8	0	0:00:01.865028
5180	9	6	4	0	0:00:01.851506
5200	3	3	3	1	0:00:01.857255
5220	0	0	0	1	0:00:01.844864
5240	1	9	2	0	0:00:01.830425
5260	0	0	0	1	0:00:01.856019
5280	0	8	8	0	0:00:01.846230
5300	9	1	1	0	0:00:01.884392
5320	7	0	3	0	0:00:01.869335
5340	3	4	4	0	0:00:01.845689
5360	9	9	3	1	0:00:01.858272
5380	1	9	9	0	0:00:01.848518
5400	9	-1	8	0	0:00:01.857586
5420	6	5	6	0	0:00:01.845464
5440	9	9	9	1	0:00:01.826259
5460	0	7	7	0	0:00:01.880893
5480	1	-1	4	0	0:00:01.880250
5500	8	1	8	0	0:00:01.864870
5520	4	5	3	0	0:00:01.875163
5540	5	6	2	0	0:00:01.889075
5560	3	6	6	0	0:00:01.871331
5580	5	6	6	0	0:00:01.875283
5600	6	9	0	0	0:00:01.875336
5620	3	2	2	0	0:00:01.878347
5640	2	5	3	0	0:00:01.862612
5660	9	-1	8	0	0:00:01.875496
5680	2	1	8	0	0:00:01.885792
5700	3	-1	2	0	0:00:01.868839
5720	9	9	7	1	0:00:01.860867
5740	6	4	4	0	0:00:01.870433
5760	2	-1	2	0	0:00:01.871089
5780	7	7	4	1	0:00:01.864748
5800	2	7	4	0	0:00:01.875664
5820	5	6	6	0	0:00:01.874496
5840	2	6	6	0	0:00:01.875042
5860	0	8	8	0	0:00:01.869802
5880	0	8	8	0	0:00:01.875925
5900	4	3	4	0	0:00:01.870789
5920	8	8	8	1	0:00:01.875443
5940	7	4	4	0	0:00:01.873855
5960	2	-1	4	0	0:00:01.873791
5980	9	9	6	1	0:00:01.866815
6000	8	9	8	0	0:00:01.877065
6020	6	7	6	0	0:00:01.871114
6040	2	7	7	0	0:00:01.867230
6060	3	4	4	0	0:00:01.881672
6080	1	9	6	0	0:00:01.862608
6100	1	1	8	1	0:00:01.874984
6120	5	3	3	0	0:00:01.869930
6140	9	9	9	1	0:00:01.865801
6160	2	5	5	0	0:00:01.864344
6180	0	9	8	0	0:00:01.858296
6200	3	9	3	0	0:00:01.864736
6220	2	6	5	0	0:00:01.896784
6240	2	-1	4	0	0:00:01.863341
6260	2	9	8	0	0:00:01.866292
6280	8	5	4	0	0:00:01.874244
6300	1	7	4	0	0:00:01.862596
6320	0	0	0	1	0:00:01.867178
6340	3	3	3	1	0:00:01.862819
6360	2	6	2	0	0:00:01.887448
6380	3	6	6	0	0:00:01.861748
6400	0	1	4	0	0:00:01.864872
6420	7	8	8	0	0:00:01.867978
6440	3	9	8	0	0:00:01.875455
6460	3	1	4	0	0:00:01.867884
6480	0	5	2	0	0:00:01.871404
6500	7	-1	8	0	0:00:01.886514
6520	6	-1	4	0	0:00:01.867931
6540	8	8	8	1	0:00:01.876921
6560	6	7	4	0	0:00:01.881138
6580	1	2	2	0	0:00:01.868716
6600	7	7	7	1	0:00:01.862768
6620	7	7	4	1	0:00:01.871537
6640	5	-1	8	0	0:00:01.867373
6660	0	0	8	1	0:00:01.867652
6680	3	5	5	0	0:00:01.868034
6700	6	-1	2	0	0:00:01.879233
6720	2	4	2	0	0:00:01.874155
6740	2	6	4	0	0:00:01.865786
6760	5	3	6	0	0:00:01.871278
6780	7	7	7	1	0:00:01.898491
6800	6	2	2	0	0:00:01.873021
6820	1	1	8	1	0:00:01.857001
6840	9	9	9	1	0:00:01.860109
6860	0	2	2	0	0:00:01.860891
6880	2	7	6	0	0:00:01.853314
6900	3	7	4	0	0:00:01.863366
6920	5	2	2	0	0:00:01.846410
6940	1	1	1	1	0:00:01.855759
6960	9	8	8	0	0:00:01.846570
6980	0	-1	8	0	0:00:01.847924
7000	2	-1	8	0	0:00:01.868788
7020	7	1	8	0	0:00:01.862870
7040	7	8	8	0	0:00:01.855896
7060	8	0	8	0	0:00:01.850891
7080	5	4	4	0	0:00:01.858586
7100	9	3	3	0	0:00:01.845609
7120	7	6	6	0	0:00:01.872436
7140	4	3	4	0	0:00:01.884485
7160	5	4	4	0	0:00:01.853190
7180	6	6	6	1	0:00:01.856508
7200	4	6	2	0	0:00:01.847800
7220	9	9	8	1	0:00:01.877365
7240	0	8	8	0	0:00:01.878366
7260	1	8	8	0	0:00:01.861294
7280	1	6	6	0	0:00:01.844989
7300	3	7	7	0	0:00:01.866379
7320	8	0	0	0	0:00:01.852940
7340	2	4	4	0	0:00:01.854385
7360	2	7	4	0	0:00:01.858370
7380	7	9	7	0	0:00:01.857352
7400	3	-1	3	0	0:00:01.863078
7420	3	0	0	0	0:00:01.861368
7440	3	6	2	0	0:00:01.862794
7460	5	5	5	1	0:00:01.875940
7480	1	8	5	0	0:00:01.843314
7500	6	6	6	1	0:00:01.854959
7520	4	6	4	0	0:00:01.855032
7540	5	5	5	1	0:00:01.858640
7560	0	9	8	0	0:00:01.854607
7580	8	0	8	0	0:00:01.852021
7600	8	9	8	0	0:00:01.856975
7620	5	-1	9	0	0:00:01.866391
7640	9	-1	8	0	0:00:01.858133
7660	7	-1	4	0	0:00:01.853975
7680	3	9	3	0	0:00:01.877644
7700	6	6	4	1	0:00:01.840132
7720	5	-1	4	0	0:00:01.846252
7740	4	6	2	0	0:00:01.868560
7760	2	9	6	0	0:00:01.855682
7780	3	1	8	0	0:00:01.884528
7800	0	0	8	1	0:00:01.870289
7820	5	8	8	0	0:00:01.844700
7840	1	1	1	1	0:00:01.865494
7860	8	7	4	0	0:00:01.847763
7880	0	0	0	1	0:00:01.860310
7900	0	4	2	0	0:00:01.853012
7920	9	8	8	0	0:00:01.837377
7940	2	6	6	0	0:00:01.848965
7960	0	-1	3	0	0:00:01.846971
7980	3	7	4	0	0:00:01.843865
8000	9	-1	0	0	0:00:01.829538
8020	6	3	3	0	0:00:01.849843
8040	2	6	4	0	0:00:01.833667
8060	6	-1	4	0	0:00:01.813434
8080	4	6	6	0	0:00:01.819025
8100	6	2	2	0	0:00:01.847211
8120	8	9	9	0	0:00:01.839558
8140	5	4	4	0	0:00:01.858993
8160	6	9	6	0	0:00:01.811514
8180	4	-1	2	0	0:00:01.832412
8200	3	-1	2	0	0:00:01.836673
8220	6	7	2	0	0:00:01.842320
8240	7	7	4	1	0:00:01.842843
8260	1	3	3	0	0:00:01.860871
8280	4	-1	3	0	0:00:01.834013
8300	5	2	2	0	0:00:01.842861
8320	7	3	4	0	0:00:01.836289
8340	5	3	4	0	0:00:01.854412
8360	7	7	4	1	0:00:01.846457
8380	9	8	8	0	0:00:01.840276
8400	0	8	8	0	0:00:01.841337
8420	3	-1	4	0	0:00:01.841454
8440	5	3	4	0	0:00:01.872444
8460	8	8	8	1	0:00:01.850709
8480	2	1	8	0	0:00:01.859200
8500	4	2	2	0	0:00:01.849954
8520	8	4	4	0	0:00:01.885056
8540	4	6	2	0	0:00:01.848539
8560	7	4	4	0	0:00:01.860583
8580	3	-1	2	0	0:00:01.860052
8600	3	7	4	0	0:00:01.858528
8620	3	7	4	0	0:00:01.855228
8640	1	1	8	1	0:00:01.864588
8660	7	5	5	0	0:00:01.848249
8680	3	9	8	0	0:00:01.869195
8700	3	3	3	1	0:00:01.860969
8720	2	0	0	0	0:00:01.881231
8740	2	-1	4	0	0:00:01.862468
8760	8	8	5	1	0:00:01.880212
8780	4	7	4	0	0:00:01.865313
8800	0	0	0	1	0:00:01.886599
8820	2	3	3	0	0:00:01.881278
8840	2	1	1	0	0:00:01.859055
8860	2	6	6	0	0:00:01.866499
8880	1	9	6	0	0:00:01.864313
8900	2	6	4	0	0:00:01.866493
8920	6	6	6	1	0:00:01.863998
8940	6	3	3	0	0:00:01.873476
8960	0	0	0	1	0:00:01.861734
8980	9	9	8	1	0:00:01.854839
9000	8	8	8	1	0:00:01.874551
9020	7	9	8	0	0:00:01.870353
9040	2	5	5	0	0:00:01.868090
9060	9	5	5	0	0:00:01.875786
9080	3	0	0	0	0:00:01.908567
9100	9	6	6	0	0:00:01.917724
9120	3	0	0	0	0:00:01.909866
9140	7	-1	8	0	0:00:01.907115
9160	5	7	4	0	0:00:01.918370
9180	5	5	5	1	0:00:01.911443
9200	8	8	8	1	0:00:01.888393
9220	8	8	8	1	0:00:01.910218
9240	8	9	8	0	0:00:01.921013
9260	5	6	6	0	0:00:01.915836
9280	9	1	8	0	0:00:01.919601
9300	5	-1	2	0	0:00:01.911699
9320	9	9	8	1	0:00:01.888854
9340	1	1	1	1	0:00:01.900008
9360	5	1	4	0	0:00:01.845989
9380	5	9	3	0	0:00:01.862822
9400	6	4	4	0	0:00:01.848692
9420	5	6	6	0	0:00:01.860371
9440	8	8	8	1	0:00:01.862339
9460	3	7	4	0	0:00:01.842479
9480	2	4	4	0	0:00:01.933922
9500	9	1	4	0	0:00:01.854160
9520	1	-1	1	0	0:00:01.882692
9540	5	-1	4	0	0:00:01.858621
9560	9	7	7	0	0:00:01.861855
9580	1	4	4	0	0:00:01.835842
9600	8	-1	8	0	0:00:01.873044
9620	4	7	7	0	0:00:01.842637
9640	5	0	6	0	0:00:01.851599
9660	6	6	6	1	0:00:01.902022
9680	8	8	8	1	0:00:01.902658
9700	0	-1	2	0	0:00:01.929156
9720	8	1	4	0	0:00:01.880252
9740	3	4	4	0	0:00:01.870672
9760	9	-1	4	0	0:00:01.862881
9780	4	6	6	0	0:00:01.853792
9800	1	1	1	1	0:00:01.868139
9820	0	8	8	0	0:00:01.917844
9840	4	5	5	0	0:00:01.924527
9860	0	5	8	0	0:00:01.902252
9880	7	4	8	0	0:00:01.863862
9900	8	0	0	0	0:00:01.867125
9920	6	4	2	0	0:00:01.870522
9940	4	-1	7	0	0:00:01.870172
9960	2	0	0	0	0:00:01.864766
9980	0	0	0	1	0:00:01.868861
