idx	label	predict	basePredict	correct	time
0	3	3	2	1	0:00:02.622617
20	7	7	7	1	0:00:02.567742
40	4	8	8	0	0:00:02.548156
60	7	7	4	1	0:00:02.535356
80	8	8	8	1	0:00:02.544949
100	4	4	4	1	0:00:02.533294
120	8	8	8	1	0:00:02.528366
140	6	6	2	1	0:00:02.532845
160	2	0	2	0	0:00:02.527869
180	0	0	0	1	0:00:02.534410
200	5	3	3	0	0:00:02.536166
220	7	7	7	1	0:00:02.524788
240	1	1	1	1	0:00:02.530161
260	8	3	3	0	0:00:02.531338
280	9	9	9	1	0:00:02.590166
300	6	6	4	1	0:00:04.713936
320	3	3	2	1	0:00:02.522938
340	2	4	4	0	0:00:02.566553
360	9	9	6	1	0:00:02.536036
380	6	6	4	1	0:00:02.539091
400	9	9	9	1	0:00:02.555438
420	4	4	4	1	0:00:02.520466
440	1	1	1	1	0:00:02.521816
460	5	5	5	1	0:00:02.521915
480	8	9	8	0	0:00:02.537099
500	4	6	4	0	0:00:02.532099
520	5	5	5	1	0:00:02.514991
540	1	9	8	0	0:00:02.524295
560	0	0	8	1	0:00:02.530624
580	4	4	4	1	0:00:02.526197
600	8	8	8	1	0:00:02.545557
620	7	7	4	1	0:00:02.528119
640	5	3	3	0	0:00:02.521033
660	9	9	9	1	0:00:02.545758
680	9	9	1	1	0:00:02.576352
700	7	7	4	1	0:00:02.533306
720	4	9	4	0	0:00:02.589365
740	2	5	2	0	0:00:02.564021
760	3	9	3	0	0:00:02.537266
780	9	9	8	1	0:00:02.545783
800	7	7	7	1	0:00:02.549778
820	6	9	2	0	0:00:02.526601
840	7	7	7	1	0:00:02.539747
860	4	4	4	1	0:00:02.544902
880	8	8	8	1	0:00:02.548571
900	2	6	4	0	0:00:02.551111
920	6	6	2	1	0:00:02.526870
940	9	9	9	1	0:00:02.816246
960	9	9	9	1	0:00:02.564083
980	2	6	2	0	0:00:02.549359
1000	5	5	5	1	0:00:01.825875
1020	1	1	8	1	0:00:01.840666
1040	7	5	5	0	0:00:01.817265
1060	9	9	8	1	0:00:01.831481
1080	6	6	6	1	0:00:01.829807
1100	7	8	8	0	0:00:01.821318
1120	5	2	2	0	0:00:01.815374
1140	6	6	4	1	0:00:01.821810
1160	8	8	8	1	0:00:01.820562
1180	3	3	3	1	0:00:01.823425
1200	8	8	0	1	0:00:01.824885
1220	9	6	6	0	0:00:01.820447
1240	2	6	6	0	0:00:01.825135
1260	1	9	9	0	0:00:01.825995
1280	3	7	7	0	0:00:01.828862
1300	4	3	8	0	0:00:01.826231
1320	7	2	2	0	0:00:01.812675
1340	1	1	1	1	0:00:01.807141
1360	7	7	4	1	0:00:01.827119
1380	4	5	5	0	0:00:01.838570
1400	5	6	2	0	0:00:01.816603
1420	4	7	4	0	0:00:01.813403
1440	0	0	0	1	0:00:01.838002
1460	6	6	4	1	0:00:01.814739
1480	1	-1	5	0	0:00:01.813529
1500	1	1	1	1	0:00:01.819714
1520	7	7	4	1	0:00:01.817330
1540	8	8	8	1	0:00:01.813942
1560	7	7	7	1	0:00:01.818650
1580	6	1	1	0	0:00:01.819812
1600	8	9	4	0	0:00:01.825433
1620	5	8	8	0	0:00:01.819940
1640	7	5	3	0	0:00:01.815777
1660	3	3	3	1	0:00:01.822256
1680	6	6	6	1	0:00:01.843832
1700	5	2	2	0	0:00:01.849832
1720	4	2	2	0	0:00:01.821271
1740	1	-1	1	0	0:00:01.823764
1760	0	8	8	0	0:00:01.828516
1780	7	7	8	1	0:00:01.822323
1800	4	8	8	0	0:00:01.824708
1820	8	8	8	1	0:00:01.842738
1840	8	9	4	0	0:00:01.838130
1860	8	8	8	1	0:00:01.819773
1880	1	1	8	1	0:00:01.815431
1900	8	8	8	1	0:00:01.823873
1920	2	2	2	1	0:00:01.841237
1940	5	3	3	0	0:00:01.852385
1960	2	5	5	0	0:00:01.832155
1980	9	9	9	1	0:00:01.822848
2000	1	6	6	0	0:00:01.815219
2020	9	9	9	1	0:00:01.812368
2040	0	8	8	0	0:00:01.818990
2060	5	5	5	1	0:00:01.804656
2080	1	1	6	1	0:00:01.815797
2100	2	4	4	0	0:00:01.831216
2120	4	8	8	0	0:00:01.828127
2140	9	9	9	1	0:00:01.830548
2160	0	8	8	0	0:00:01.817795
2180	4	4	4	1	0:00:01.818316
2200	0	0	2	1	0:00:01.817680
2220	1	1	1	1	0:00:01.814174
2240	9	9	9	1	0:00:01.818857
2260	4	-1	4	0	0:00:01.825767
2280	4	8	8	0	0:00:01.826241
2300	3	6	2	0	0:00:01.823468
2320	5	2	8	0	0:00:01.820955
2340	7	7	7	1	0:00:01.823713
2360	7	7	7	1	0:00:01.828123
2380	8	8	8	1	0:00:01.842470
2400	0	0	0	1	0:00:01.825384
2420	8	1	8	0	0:00:01.819851
2440	7	7	7	1	0:00:01.815785
2460	9	9	3	1	0:00:01.820830
2480	8	8	8	1	0:00:01.824654
2500	4	2	2	0	0:00:01.822515
2520	1	1	8	1	0:00:01.821557
2540	2	3	3	0	0:00:01.818436
2560	7	7	4	1	0:00:01.829152
2580	6	4	4	0	0:00:01.821863
2600	8	8	8	1	0:00:01.818692
2620	1	1	4	1	0:00:01.817450
2640	7	7	4	1	0:00:01.822685
2660	3	-1	2	0	0:00:01.813716
2680	0	0	0	1	0:00:01.827089
2700	9	9	0	1	0:00:01.847046
2720	3	2	2	0	0:00:01.820778
2740	1	1	1	1	0:00:01.832613
2760	2	2	4	1	0:00:01.816931
2780	7	7	7	1	0:00:01.821077
2800	4	6	4	0	0:00:01.821306
2820	6	6	6	1	0:00:01.821077
2840	3	3	3	1	0:00:01.821269
2860	5	6	6	0	0:00:01.826431
2880	4	4	4	1	0:00:01.820190
2900	3	2	5	0	0:00:01.839105
2920	2	2	2	1	0:00:01.820121
2940	3	0	0	0	0:00:01.820104
2960	9	9	8	1	0:00:01.819323
2980	8	8	8	1	0:00:01.815461
3000	5	5	5	1	0:00:01.824535
3020	1	1	8	1	0:00:01.825838
3040	7	7	7	1	0:00:01.836929
3060	7	7	7	1	0:00:01.818997
3080	1	7	2	0	0:00:01.817579
3100	0	0	0	1	0:00:01.845951
3120	4	6	2	0	0:00:01.812835
3140	8	8	8	1	0:00:01.825145
3160	6	4	4	0	0:00:01.815280
3180	3	9	8	0	0:00:01.816919
3200	5	7	7	0	0:00:01.823448
3220	3	3	3	1	0:00:01.811579
3240	4	2	8	0	0:00:01.816723
3260	7	-1	7	0	0:00:01.824397
3280	3	5	0	0	0:00:01.814245
3300	4	4	4	1	0:00:01.811843
3320	2	7	2	0	0:00:01.809519
3340	6	6	4	1	0:00:01.815789
3360	4	6	4	0	0:00:01.811771
3380	8	8	8	1	0:00:01.813383
3400	6	4	4	0	0:00:01.812938
3420	5	-1	4	0	0:00:01.818705
3440	2	9	3	0	0:00:01.808203
3460	1	1	1	1	0:00:01.810209
3480	2	2	2	1	0:00:01.810638
3500	1	1	1	1	0:00:01.813170
3520	1	1	1	1	0:00:01.806839
3540	6	6	6	1	0:00:01.809470
3560	1	9	0	0	0:00:01.826250
3580	4	1	4	0	0:00:01.815646
3600	4	2	2	0	0:00:01.822726
3620	0	-1	6	0	0:00:01.822499
3640	6	2	2	0	0:00:01.811057
3660	0	8	8	0	0:00:01.822766
3680	0	2	2	0	0:00:01.828567
3700	3	3	4	1	0:00:01.823940
3720	2	2	2	1	0:00:01.837591
3740	0	0	0	1	0:00:01.839566
3760	7	7	7	1	0:00:01.821405
3780	4	4	2	1	0:00:01.831624
3800	9	9	8	1	0:00:01.819175
3820	0	0	0	1	0:00:01.827734
3840	6	3	3	0	0:00:01.841333
3860	7	7	7	1	0:00:01.819040
3880	6	4	4	0	0:00:01.820929
3900	3	3	6	1	0:00:01.810217
3920	7	9	8	0	0:00:01.809798
3940	6	6	4	1	0:00:01.814698
3960	2	2	2	1	0:00:01.825129
3980	9	7	7	0	0:00:01.820929
4000	8	-1	0	0	0:00:01.823506
4020	8	1	8	0	0:00:01.822391
4040	0	0	0	1	0:00:01.833789
4060	6	3	3	0	0:00:01.826439
4080	1	1	8	1	0:00:01.824580
4100	7	7	7	1	0:00:01.827405
4120	4	0	4	0	0:00:01.829593
4140	5	3	3	0	0:00:01.818692
4160	5	2	2	0	0:00:01.824657
4180	0	0	8	1	0:00:01.833330
4200	4	4	2	1	0:00:01.815979
4220	4	0	0	0	0:00:01.820618
4240	7	0	0	0	0:00:01.820298
4260	8	8	8	1	0:00:01.820484
4280	8	8	8	1	0:00:01.818703
4300	8	8	8	1	0:00:01.811083
4320	1	8	8	0	0:00:01.825409
4340	0	0	8	1	0:00:01.828276
4360	6	6	6	1	0:00:01.818455
4380	9	9	8	1	0:00:01.837850
4400	3	4	4	0	0:00:01.824698
4420	5	8	8	0	0:00:01.826623
4440	2	2	2	1	0:00:01.827829
4460	9	1	8	0	0:00:01.846846
4480	9	9	3	1	0:00:01.843770
4500	3	3	6	1	0:00:01.826703
4520	3	6	6	0	0:00:01.821327
4540	9	9	9	1	0:00:01.826328
4560	1	1	4	1	0:00:01.827686
4580	6	4	4	0	0:00:01.819840
4600	4	7	4	0	0:00:01.825127
4620	7	3	3	0	0:00:01.823712
4640	2	4	4	0	0:00:01.831986
4660	7	4	2	0	0:00:01.810982
4680	9	1	1	0	0:00:01.820460
4700	6	1	4	0	0:00:01.839931
4720	8	0	0	0	0:00:01.813550
4740	5	3	3	0	0:00:01.819045
4760	3	3	4	1	0:00:01.821218
4780	0	0	0	1	0:00:01.813520
4800	9	9	9	1	0:00:01.816086
4820	3	5	5	0	0:00:01.809191
4840	0	0	0	1	0:00:01.820253
4860	5	5	5	1	0:00:01.825940
4880	0	2	2	0	0:00:01.823539
4900	3	6	6	0	0:00:01.823613
4920	7	7	7	1	0:00:01.830221
4940	6	6	2	1	0:00:01.825815
4960	4	6	4	0	0:00:01.826499
4980	1	9	8	0	0:00:01.823709
5000	7	7	7	1	0:00:01.840534
5020	8	8	8	1	0:00:01.820713
5040	3	3	4	1	0:00:01.828254
5060	6	6	4	1	0:00:01.826629
5080	7	7	7	1	0:00:01.823636
5100	3	3	3	1	0:00:01.829096
5120	9	9	8	1	0:00:01.831811
5140	8	8	8	1	0:00:01.845068
5160	0	0	8	1	0:00:01.822667
5180	9	7	4	0	0:00:01.821542
5200	3	3	3	1	0:00:01.820466
5220	0	0	0	1	0:00:01.825563
5240	1	9	2	0	0:00:01.821117
5260	0	0	0	1	0:00:01.813897
5280	0	8	8	0	0:00:01.841192
5300	9	9	9	1	0:00:01.819317
5320	7	7	7	1	0:00:01.817899
5340	3	4	4	0	0:00:01.822654
5360	9	9	9	1	0:00:01.818892
5380	1	9	9	0	0:00:01.814476
5400	9	9	8	1	0:00:01.812730
5420	6	6	6	1	0:00:01.835745
5440	9	9	9	1	0:00:01.830201
5460	0	7	7	0	0:00:01.824922
5480	1	1	8	1	0:00:01.816984
5500	8	1	8	0	0:00:01.813971
5520	4	3	3	0	0:00:01.824357
5540	5	6	2	0	0:00:01.818588
5560	3	6	6	0	0:00:01.817492
5580	5	6	6	0	0:00:01.830258
5600	6	-1	0	0	0:00:01.816698
5620	3	2	2	0	0:00:01.822079
5640	2	3	2	0	0:00:01.822138
5660	9	9	8	1	0:00:01.829624
5680	2	3	8	0	0:00:01.824742
5700	3	3	3	1	0:00:01.822475
5720	9	9	9	1	0:00:01.825566
5740	6	4	4	0	0:00:01.823480
5760	2	2	2	1	0:00:01.824477
5780	7	7	7	1	0:00:01.820924
5800	2	4	2	0	0:00:01.818194
5820	5	6	3	0	0:00:01.823177
5840	2	2	6	1	0:00:01.817144
5860	0	-1	8	0	0:00:01.818684
5880	0	0	0	1	0:00:01.819577
5900	4	4	4	1	0:00:01.813695
5920	8	8	8	1	0:00:01.816359
5940	7	4	4	0	0:00:01.827703
5960	2	4	4	0	0:00:01.818717
5980	9	9	9	1	0:00:01.824671
6000	8	9	8	0	0:00:01.818985
6020	6	6	6	1	0:00:01.816786
6040	2	7	7	0	0:00:01.823358
6060	3	-1	4	0	0:00:01.817704
6080	1	9	6	0	0:00:01.825358
6100	1	1	8	1	0:00:01.817346
6120	5	5	5	1	0:00:01.822370
6140	9	9	9	1	0:00:01.822193
6160	2	5	5	0	0:00:01.818210
6180	0	9	8	0	0:00:01.818494
6200	3	3	3	1	0:00:01.821764
6220	2	6	4	0	0:00:01.820000
6240	2	2	4	1	0:00:01.847459
6260	2	9	4	0	0:00:01.837686
6280	8	5	4	0	0:00:01.817161
6300	1	7	4	0	0:00:01.811750
6320	0	0	0	1	0:00:01.830571
6340	3	3	3	1	0:00:01.828334
6360	2	2	2	1	0:00:01.835476
6380	3	6	6	0	0:00:01.812346
6400	0	1	4	0	0:00:01.839256
6420	7	7	8	1	0:00:01.892230
6440	3	9	8	0	0:00:01.812770
6460	3	1	4	0	0:00:01.811211
6480	0	0	0	1	0:00:01.835761
6500	7	0	8	0	0:00:01.823609
6520	6	4	4	0	0:00:01.823197
6540	8	8	8	1	0:00:01.822060
6560	6	6	4	1	0:00:01.828020
6580	1	1	2	1	0:00:01.809547
6600	7	7	7	1	0:00:01.833760
6620	7	7	7	1	0:00:01.818326
6640	5	3	8	0	0:00:01.821955
6660	0	0	0	1	0:00:01.817034
6680	3	5	3	0	0:00:01.816939
6700	6	6	2	1	0:00:01.821059
6720	2	2	2	1	0:00:01.820041
6740	2	4	4	0	0:00:01.821846
6760	5	5	3	1	0:00:01.826106
6780	7	7	7	1	0:00:01.826010
6800	6	6	4	1	0:00:01.825395
6820	1	1	1	1	0:00:01.817096
6840	9	9	9	1	0:00:01.827149
6860	0	0	2	1	0:00:01.816933
6880	2	7	4	0	0:00:01.820777
6900	3	7	4	0	0:00:01.834530
6920	5	2	2	0	0:00:01.815488
6940	1	1	1	1	0:00:01.807608
6960	9	8	8	0	0:00:01.825641
6980	0	9	0	0	0:00:01.824389
7000	2	8	8	0	0:00:01.820956
7020	7	7	7	1	0:00:01.830488
7040	7	8	8	0	0:00:01.819007
7060	8	8	8	1	0:00:01.839108
7080	5	4	4	0	0:00:01.822163
7100	9	3	8	0	0:00:01.813733
7120	7	7	7	1	0:00:01.810150
7140	4	4	4	1	0:00:01.817107
7160	5	-1	4	0	0:00:01.823786
7180	6	6	6	1	0:00:01.810212
7200	4	6	2	0	0:00:01.818090
7220	9	9	8	1	0:00:01.817263
7240	0	8	8	0	0:00:01.814425
7260	1	-1	8	0	0:00:01.815298
7280	1	1	6	1	0:00:01.814041
7300	3	7	4	0	0:00:01.825576
7320	8	-1	8	0	0:00:01.819593
7340	2	4	4	0	0:00:01.824809
7360	2	4	4	0	0:00:01.808220
7380	7	7	7	1	0:00:01.819067
7400	3	3	3	1	0:00:01.818575
7420	3	0	2	0	0:00:01.811053
7440	3	3	2	1	0:00:01.811336
7460	5	5	5	1	0:00:01.817056
7480	1	8	8	0	0:00:01.836560
7500	6	6	6	1	0:00:01.821368
7520	4	4	4	1	0:00:01.833115
7540	5	5	5	1	0:00:01.815392
7560	0	9	4	0	0:00:01.820531
7580	8	8	8	1	0:00:01.817693
7600	8	9	8	0	0:00:01.825003
7620	5	3	3	0	0:00:01.816839
7640	9	9	6	1	0:00:01.819936
7660	7	7	4	1	0:00:01.824105
7680	3	9	3	0	0:00:01.822286
7700	6	6	6	1	0:00:01.850065
7720	5	5	5	1	0:00:01.824426
7740	4	4	2	1	0:00:01.824150
7760	2	9	2	0	0:00:01.833217
7780	3	1	8	0	0:00:01.811504
7800	0	0	0	1	0:00:01.820831
7820	5	8	8	0	0:00:01.822511
7840	1	1	1	1	0:00:01.827047
7860	8	1	4	0	0:00:01.813513
7880	0	0	0	1	0:00:01.807762
7900	0	8	8	0	0:00:01.824742
7920	9	8	8	0	0:00:01.848317
7940	2	6	4	0	0:00:01.815641
7960	0	0	0	1	0:00:01.825835
7980	3	3	4	1	0:00:01.810975
8000	9	9	9	1	0:00:01.816843
8020	6	3	3	0	0:00:01.815374
8040	2	2	2	1	0:00:01.818452
8060	6	6	4	1	0:00:01.830449
8080	4	6	4	0	0:00:01.831038
8100	6	2	4	0	0:00:01.840761
8120	8	9	8	0	0:00:01.830744
8140	5	4	4	0	0:00:01.830171
8160	6	6	6	1	0:00:01.822013
8180	4	4	4	1	0:00:01.823677
8200	3	6	2	0	0:00:01.818602
8220	6	6	2	1	0:00:01.818362
8240	7	7	7	1	0:00:01.821615
8260	1	1	3	1	0:00:01.814132
8280	4	5	2	0	0:00:01.813996
8300	5	2	2	0	0:00:01.814791
8320	7	4	4	0	0:00:01.816398
8340	5	3	3	0	0:00:01.847708
8360	7	7	4	1	0:00:01.813173
8380	9	9	8	1	0:00:01.820653
8400	0	0	8	1	0:00:01.829736
8420	3	6	4	0	0:00:01.838685
8440	5	-1	4	0	0:00:01.808948
8460	8	8	8	1	0:00:01.827253
8480	2	2	4	1	0:00:01.829660
8500	4	4	4	1	0:00:01.823975
8520	8	1	4	0	0:00:01.840637
8540	4	4	2	1	0:00:01.810527
8560	7	7	4	1	0:00:01.811850
8580	3	0	2	0	0:00:01.836542
8600	3	3	4	1	0:00:01.821242
8620	3	-1	4	0	0:00:01.821254
8640	1	1	1	1	0:00:01.814639
8660	7	7	7	1	0:00:01.821589
8680	3	9	4	0	0:00:01.818941
8700	3	3	3	1	0:00:01.825297
8720	2	0	0	0	0:00:01.815685
8740	2	2	4	1	0:00:01.819031
8760	8	8	8	1	0:00:01.829742
8780	4	4	4	1	0:00:01.829528
8800	0	0	0	1	0:00:01.825232
8820	2	2	2	1	0:00:01.820966
8840	2	1	7	0	0:00:01.823947
8860	2	2	2	1	0:00:01.829918
8880	1	1	1	1	0:00:01.822402
8900	2	4	4	0	0:00:01.825480
8920	6	6	6	1	0:00:01.813875
8940	6	3	6	0	0:00:01.834276
8960	0	0	0	1	0:00:01.827752
8980	9	9	9	1	0:00:01.807009
9000	8	8	8	1	0:00:01.817955
9020	7	9	8	0	0:00:01.810817
9040	2	5	5	0	0:00:01.826169
9060	9	5	5	0	0:00:01.843636
9080	3	3	3	1	0:00:01.824853
9100	9	6	6	0	0:00:01.851703
9120	3	3	3	1	0:00:01.813566
9140	7	7	4	1	0:00:01.823636
9160	5	5	5	1	0:00:01.821321
9180	5	5	5	1	0:00:01.818360
9200	8	8	8	1	0:00:01.817201
9220	8	8	8	1	0:00:01.827334
9240	8	8	8	1	0:00:01.824258
9260	5	5	5	1	0:00:01.838862
9280	9	1	8	0	0:00:01.826970
9300	5	3	2	0	0:00:01.816503
9320	9	9	8	1	0:00:01.828043
9340	1	1	1	1	0:00:01.853987
9360	5	6	6	0	0:00:01.823808
9380	5	3	3	0	0:00:01.821316
9400	6	6	4	1	0:00:01.832398
9420	5	5	6	1	0:00:01.817681
9440	8	8	8	1	0:00:01.810161
9460	3	7	6	0	0:00:01.817789
9480	2	4	4	0	0:00:01.820518
9500	9	9	6	1	0:00:01.823564
9520	1	1	1	1	0:00:01.823915
9540	5	5	4	1	0:00:01.822148
9560	9	7	7	0	0:00:01.816706
9580	1	-1	4	0	0:00:01.818034
9600	8	8	8	1	0:00:01.819848
9620	4	7	4	0	0:00:01.845830
9640	5	0	6	0	0:00:01.822732
9660	6	6	6	1	0:00:01.823286
9680	8	8	8	1	0:00:01.845810
9700	0	0	0	1	0:00:01.832187
9720	8	1	8	0	0:00:01.829645
9740	3	6	4	0	0:00:01.821417
9760	9	9	7	1	0:00:01.834651
9780	4	6	4	0	0:00:01.820298
9800	1	1	1	1	0:00:01.817531
9820	0	8	8	0	0:00:01.822155
9840	4	5	5	0	0:00:01.824727
9860	0	5	8	0	0:00:01.830225
9880	7	7	4	1	0:00:01.841577
9900	8	0	8	0	0:00:01.811425
9920	6	6	2	1	0:00:01.812865
9940	4	7	4	0	0:00:01.816225
9960	2	0	0	0	0:00:01.822135
9980	0	0	0	1	0:00:01.817804
