idx	label	predict	basePredict	correct	time
0	3	-1	3	0	0:00:01.258901
20	7	9	9	0	0:00:01.073240
40	4	8	8	0	0:00:01.053562
60	7	7	4	1	0:00:01.054457
80	8	8	8	1	0:00:01.053830
100	4	5	5	0	0:00:01.066272
120	8	0	8	0	0:00:01.058633
140	6	3	2	0	0:00:01.055460
160	2	0	2	0	0:00:01.067776
180	0	0	0	1	0:00:01.057276
200	5	7	5	0	0:00:01.088913
220	7	7	7	1	0:00:01.066960
240	1	1	1	1	0:00:01.060009
260	8	6	3	0	0:00:01.052629
280	9	9	9	1	0:00:01.058715
300	6	-1	4	0	0:00:01.061801
320	3	3	2	1	0:00:01.062877
340	2	4	4	0	0:00:01.067385
360	9	7	5	0	0:00:01.098622
380	6	-1	4	0	0:00:01.058442
400	9	9	9	1	0:00:01.067003
420	4	4	4	1	0:00:01.089496
440	1	9	9	0	0:00:01.053830
460	5	5	2	1	0:00:01.058055
480	8	9	9	0	0:00:01.053191
500	4	6	6	0	0:00:01.088226
520	5	7	7	0	0:00:01.058392
540	1	-1	8	0	0:00:01.055771
560	0	0	0	1	0:00:01.066019
580	4	-1	4	0	0:00:01.058140
600	8	8	8	1	0:00:01.096251
620	7	-1	2	0	0:00:01.082267
640	5	3	3	0	0:00:01.078230
660	9	9	9	1	0:00:01.062533
680	9	7	7	0	0:00:01.061990
700	7	7	3	1	0:00:01.124122
720	4	9	4	0	0:00:01.054112
740	2	5	3	0	0:00:01.118920
760	3	4	3	0	0:00:01.070856
780	9	1	1	0	0:00:01.077594
800	7	7	7	1	0:00:01.060499
820	6	-1	8	0	0:00:01.063425
840	7	7	7	1	0:00:01.070286
860	4	-1	2	0	0:00:01.056766
880	8	8	8	1	0:00:01.065560
900	2	6	4	0	0:00:01.089095
920	6	-1	2	0	0:00:01.057506
940	9	9	9	1	0:00:01.060772
960	9	9	3	1	0:00:01.066106
980	2	6	2	0	0:00:01.062415
1000	5	5	5	1	0:00:00.970329
1020	1	1	1	1	0:00:01.032030
1040	7	5	5	0	0:00:00.962265
1060	9	9	9	1	0:00:00.968115
1080	6	1	6	0	0:00:00.988747
1100	7	0	0	0	0:00:00.989264
1120	5	2	2	0	0:00:00.985181
1140	6	4	4	0	0:00:00.970746
1160	8	0	0	0	0:00:01.051475
1180	3	3	3	1	0:00:00.989703
1200	8	0	0	0	0:00:00.984888
1220	9	6	6	0	0:00:00.973196
1240	2	6	6	0	0:00:00.977384
1260	1	9	9	0	0:00:00.996578
1280	3	7	5	0	0:00:00.999367
1300	4	3	3	0	0:00:01.022111
1320	7	2	2	0	0:00:01.013620
1340	1	1	1	1	0:00:00.967687
1360	7	7	2	1	0:00:01.056255
1380	4	5	5	0	0:00:00.996947
1400	5	3	3	0	0:00:00.982426
1420	4	7	7	0	0:00:00.982575
1440	0	8	8	0	0:00:00.981906
1460	6	6	2	1	0:00:00.988654
1480	1	5	5	0	0:00:00.987477
1500	1	1	1	1	0:00:00.977498
1520	7	7	4	1	0:00:01.008690
1540	8	8	8	1	0:00:00.974622
1560	7	7	7	1	0:00:00.993896
1580	6	1	3	0	0:00:00.994519
1600	8	9	6	0	0:00:00.981474
1620	5	8	8	0	0:00:00.973261
1640	7	3	3	0	0:00:00.970613
1660	3	5	5	0	0:00:00.985869
1680	6	6	3	1	0:00:00.968643
1700	5	2	2	0	0:00:00.972168
1720	4	-1	2	0	0:00:00.979182
1740	1	9	9	0	0:00:00.986084
1760	0	8	8	0	0:00:00.971156
1780	7	7	2	1	0:00:00.979573
1800	4	0	8	0	0:00:00.975836
1820	8	9	9	0	0:00:00.988597
1840	8	7	4	0	0:00:00.964514
1860	8	8	3	1	0:00:00.971123
1880	1	1	8	1	0:00:00.968886
1900	8	8	8	1	0:00:00.964490
1920	2	2	2	1	0:00:00.968149
1940	5	2	2	0	0:00:00.990209
1960	2	5	5	0	0:00:00.966493
1980	9	9	9	1	0:00:00.968702
2000	1	6	6	0	0:00:00.983521
2020	9	9	9	1	0:00:00.978341
2040	0	0	0	1	0:00:00.965862
2060	5	3	3	0	0:00:00.981042
2080	1	9	9	0	0:00:00.999977
2100	2	4	2	0	0:00:00.966032
2120	4	8	8	0	0:00:00.973132
2140	9	9	9	1	0:00:00.968511
2160	0	8	8	0	0:00:00.975784
2180	4	4	4	1	0:00:00.992296
2200	0	2	2	0	0:00:00.982888
2220	1	1	1	1	0:00:00.968493
2240	9	1	8	0	0:00:00.983863
2260	4	4	3	1	0:00:00.984875
2280	4	8	8	0	0:00:00.980516
2300	3	-1	2	0	0:00:00.970185
2320	5	2	2	0	0:00:00.972362
2340	7	7	7	1	0:00:00.977396
2360	7	5	5	0	0:00:00.967977
2380	8	8	8	1	0:00:00.968818
2400	0	-1	4	0	0:00:00.977278
2420	8	5	5	0	0:00:00.974868
2440	7	7	0	1	0:00:00.984585
2460	9	7	7	0	0:00:00.985860
2480	8	8	8	1	0:00:00.964407
2500	4	6	2	0	0:00:00.970104
2520	1	1	7	1	0:00:00.981224
2540	2	5	5	0	0:00:00.978322
2560	7	4	4	0	0:00:00.974449
2580	6	5	5	0	0:00:00.964226
2600	8	8	8	1	0:00:00.960620
2620	1	-1	8	0	0:00:00.980357
2640	7	7	4	1	0:00:00.964445
2660	3	2	2	0	0:00:00.974783
2680	0	0	0	1	0:00:00.978861
2700	9	1	1	0	0:00:00.973464
2720	3	-1	2	0	0:00:00.972560
2740	1	1	7	1	0:00:00.966837
2760	2	-1	2	0	0:00:00.967787
2780	7	7	7	1	0:00:00.981501
2800	4	6	6	0	0:00:00.965832
2820	6	6	2	1	0:00:00.961708
2840	3	3	3	1	0:00:00.969438
2860	5	7	6	0	0:00:00.972086
2880	4	4	4	1	0:00:00.977630
2900	3	5	5	0	0:00:00.970310
2920	2	3	3	0	0:00:00.968622
2940	3	0	0	0	0:00:00.993454
2960	9	9	9	1	0:00:00.991675
2980	8	1	8	0	0:00:00.998808
3000	5	5	5	1	0:00:00.967137
3020	1	1	8	1	0:00:00.968009
3040	7	7	7	1	0:00:00.968378
3060	7	7	5	1	0:00:00.969728
3080	1	-1	0	0	0:00:00.970035
3100	0	0	0	1	0:00:00.971974
3120	4	6	2	0	0:00:00.970954
3140	8	-1	8	0	0:00:00.969885
3160	6	2	2	0	0:00:00.984759
3180	3	9	3	0	0:00:00.969143
3200	5	7	7	0	0:00:00.970162
3220	3	9	3	0	0:00:00.986247
3240	4	1	8	0	0:00:00.966403
3260	7	7	7	1	0:00:00.987225
3280	3	5	5	0	0:00:00.985133
3300	4	-1	2	0	0:00:00.977965
3320	2	7	7	0	0:00:00.971358
3340	6	-1	2	0	0:00:00.968221
3360	4	6	6	0	0:00:00.972751
3380	8	8	8	1	0:00:01.065347
3400	6	4	4	0	0:00:00.986120
3420	5	3	3	0	0:00:00.993530
3440	2	3	3	0	0:00:00.970650
3460	1	-1	9	0	0:00:00.968490
3480	2	2	2	1	0:00:01.000735
3500	1	9	9	0	0:00:01.006870
3520	1	1	1	1	0:00:00.967412
3540	6	6	3	1	0:00:00.963403
3560	1	9	7	0	0:00:00.978487
3580	4	2	2	0	0:00:01.000415
3600	4	2	2	0	0:00:00.971606
3620	0	6	6	0	0:00:00.999320
3640	6	2	2	0	0:00:00.966150
3660	0	-1	8	0	0:00:00.969217
3680	0	4	2	0	0:00:00.965743
3700	3	-1	3	0	0:00:00.966386
3720	2	2	2	1	0:00:00.972342
3740	0	0	0	1	0:00:00.969943
3760	7	7	4	1	0:00:00.967998
3780	4	3	2	0	0:00:01.004684
3800	9	-1	3	0	0:00:00.969436
3820	0	2	2	0	0:00:00.992214
3840	6	3	3	0	0:00:00.980763
3860	7	7	7	1	0:00:00.969197
3880	6	4	4	0	0:00:00.963092
3900	3	6	6	0	0:00:00.992541
3920	7	9	5	0	0:00:00.964017
3940	6	5	4	0	0:00:00.965617
3960	2	2	2	1	0:00:00.968362
3980	9	7	7	0	0:00:00.978100
4000	8	7	0	0	0:00:00.973174
4020	8	9	8	0	0:00:00.993887
4040	0	0	0	1	0:00:00.967833
4060	6	5	3	0	0:00:00.964347
4080	1	-1	8	0	0:00:00.990201
4100	7	7	7	1	0:00:00.968421
4120	4	4	8	1	0:00:00.967266
4140	5	5	3	1	0:00:00.967099
4160	5	2	2	0	0:00:00.963122
4180	0	8	8	0	0:00:00.963188
4200	4	2	2	0	0:00:00.974166
4220	4	0	0	0	0:00:00.972911
4240	7	0	0	0	0:00:00.969308
4260	8	8	8	1	0:00:00.965670
4280	8	1	1	0	0:00:00.973127
4300	8	8	8	1	0:00:00.973393
4320	1	8	8	0	0:00:00.985405
4340	0	0	0	1	0:00:00.979866
4360	6	9	9	0	0:00:00.968421
4380	9	8	8	0	0:00:00.964282
4400	3	4	4	0	0:00:00.997777
4420	5	5	7	1	0:00:00.963449
4440	2	-1	2	0	0:00:00.964497
4460	9	1	8	0	0:00:00.967520
4480	9	9	3	1	0:00:00.963642
4500	3	5	5	0	0:00:01.021253
4520	3	6	6	0	0:00:00.966267
4540	9	9	9	1	0:00:00.967151
4560	1	1	8	1	0:00:00.966367
4580	6	4	4	0	0:00:00.969704
4600	4	7	7	0	0:00:00.966853
4620	7	3	3	0	0:00:00.961796
4640	2	4	2	0	0:00:00.966289
4660	7	4	4	0	0:00:00.964627
4680	9	1	1	0	0:00:01.015080
4700	6	1	5	0	0:00:00.973872
4720	8	0	0	0	0:00:00.957964
4740	5	3	3	0	0:00:00.979551
4760	3	2	2	0	0:00:00.988386
4780	0	0	8	1	0:00:00.964430
4800	9	9	9	1	0:00:00.998200
4820	3	3	3	1	0:00:00.969787
4840	0	0	0	1	0:00:00.957714
4860	5	5	3	1	0:00:00.980584
4880	0	8	2	0	0:00:01.013833
4900	3	6	6	0	0:00:00.981748
4920	7	7	7	1	0:00:00.968836
4940	6	4	2	0	0:00:00.962351
4960	4	3	3	0	0:00:00.966643
4980	1	9	9	0	0:00:00.966355
5000	7	7	7	1	0:00:00.968269
5020	8	8	8	1	0:00:00.981184
5040	3	1	2	0	0:00:00.971878
5060	6	2	2	0	0:00:00.972230
5080	7	7	7	1	0:00:00.964836
5100	3	3	3	1	0:00:00.963861
5120	9	8	8	0	0:00:00.965302
5140	8	8	8	1	0:00:00.966185
5160	0	-1	8	0	0:00:00.979740
5180	9	7	4	0	0:00:00.970920
5200	3	3	3	1	0:00:00.961576
5220	0	0	0	1	0:00:00.970581
5240	1	9	9	0	0:00:00.966873
5260	0	0	0	1	0:00:00.964004
5280	0	9	8	0	0:00:00.988521
5300	9	1	1	0	0:00:01.002675
5320	7	7	7	1	0:00:00.963754
5340	3	4	4	0	0:00:00.968065
5360	9	9	3	1	0:00:00.983559
5380	1	9	9	0	0:00:00.966619
5400	9	9	9	1	0:00:00.967466
5420	6	6	3	1	0:00:00.963453
5440	9	9	9	1	0:00:00.963608
5460	0	0	0	1	0:00:00.969395
5480	1	1	4	1	0:00:00.961806
5500	8	1	8	0	0:00:00.969788
5520	4	3	3	0	0:00:00.966349
5540	5	6	4	0	0:00:00.969584
5560	3	5	5	0	0:00:00.963073
5580	5	6	3	0	0:00:00.972939
5600	6	9	4	0	0:00:00.963667
5620	3	6	6	0	0:00:00.966742
5640	2	-1	2	0	0:00:00.965005
5660	9	8	8	0	0:00:00.960565
5680	2	3	3	0	0:00:00.968317
5700	3	5	5	0	0:00:00.965924
5720	9	9	9	1	0:00:00.965238
5740	6	4	6	0	0:00:00.965384
5760	2	-1	0	0	0:00:00.971036
5780	7	7	7	1	0:00:00.960761
5800	2	4	4	0	0:00:00.966272
5820	5	3	3	0	0:00:00.967157
5840	2	-1	5	0	0:00:00.961956
5860	0	1	8	0	0:00:00.961930
5880	0	0	0	1	0:00:00.960659
5900	4	3	0	0	0:00:00.962789
5920	8	8	8	1	0:00:00.968462
5940	7	4	4	0	0:00:00.980099
5960	2	6	6	0	0:00:00.959726
5980	9	9	2	1	0:00:00.971300
6000	8	9	8	0	0:00:00.963057
6020	6	6	6	1	0:00:00.966242
6040	2	7	7	0	0:00:00.985444
6060	3	4	2	0	0:00:00.974561
6080	1	9	9	0	0:00:00.967903
6100	1	1	8	1	0:00:00.987543
6120	5	-1	5	0	0:00:00.961826
6140	9	9	1	1	0:00:00.971557
6160	2	5	5	0	0:00:00.963298
6180	0	-1	0	0	0:00:00.969237
6200	3	9	3	0	0:00:00.968164
6220	2	5	5	0	0:00:00.974537
6240	2	1	2	0	0:00:00.990095
6260	2	9	8	0	0:00:00.969989
6280	8	5	5	0	0:00:00.975390
6300	1	1	2	1	0:00:00.992601
6320	0	4	0	0	0:00:00.968816
6340	3	3	3	1	0:00:00.970029
6360	2	-1	2	0	0:00:00.969288
6380	3	-1	3	0	0:00:00.967831
6400	0	1	8	0	0:00:00.972119
6420	7	7	7	1	0:00:00.972105
6440	3	9	4	0	0:00:00.971341
6460	3	1	3	0	0:00:00.985592
6480	0	0	0	1	0:00:00.976321
6500	7	6	6	0	0:00:00.970686
6520	6	-1	2	0	0:00:00.983529
6540	8	8	8	1	0:00:00.967519
6560	6	-1	2	0	0:00:00.989381
6580	1	7	4	0	0:00:00.980287
6600	7	7	7	1	0:00:00.988334
6620	7	7	3	1	0:00:00.973327
6640	5	3	3	0	0:00:00.970334
6660	0	0	0	1	0:00:00.969797
6680	3	5	3	0	0:00:00.975948
6700	6	0	0	0	0:00:00.969986
6720	2	4	2	0	0:00:00.965229
6740	2	4	4	0	0:00:00.983513
6760	5	5	5	1	0:00:00.970213
6780	7	7	7	1	0:00:00.970200
6800	6	4	2	0	0:00:00.973104
6820	1	1	1	1	0:00:00.969703
6840	9	1	1	0	0:00:01.002151
6860	0	2	2	0	0:00:00.984504
6880	2	7	7	0	0:00:00.969867
6900	3	7	7	0	0:00:01.004226
6920	5	2	2	0	0:00:00.974796
6940	1	1	1	1	0:00:00.970181
6960	9	8	8	0	0:00:00.971847
6980	0	1	8	0	0:00:00.977896
7000	2	0	8	0	0:00:00.987749
7020	7	7	7	1	0:00:00.975352
7040	7	1	8	0	0:00:00.965428
7060	8	0	8	0	0:00:00.967465
7080	5	4	4	0	0:00:00.981647
7100	9	-1	3	0	0:00:00.979220
7120	7	5	5	0	0:00:00.968232
7140	4	9	3	0	0:00:00.971255
7160	5	5	5	1	0:00:00.967123
7180	6	-1	3	0	0:00:00.970587
7200	4	6	2	0	0:00:00.966974
7220	9	9	8	1	0:00:01.006050
7240	0	8	8	0	0:00:00.967785
7260	1	-1	8	0	0:00:00.972218
7280	1	9	9	0	0:00:00.992855
7300	3	4	4	0	0:00:00.966694
7320	8	0	0	0	0:00:00.971857
7340	2	4	4	0	0:00:00.972653
7360	2	7	4	0	0:00:00.973603
7380	7	7	4	1	0:00:00.978639
7400	3	5	3	0	0:00:00.985808
7420	3	4	2	0	0:00:00.975274
7440	3	-1	3	0	0:00:00.964594
7460	5	5	5	1	0:00:00.970388
7480	1	8	8	0	0:00:00.972053
7500	6	6	6	1	0:00:00.980720
7520	4	2	2	0	0:00:00.969232
7540	5	5	5	1	0:00:00.984319
7560	0	-1	0	0	0:00:01.018595
7580	8	8	8	1	0:00:00.977633
7600	8	9	2	0	0:00:00.973897
7620	5	3	3	0	0:00:00.972658
7640	9	8	8	0	0:00:00.967692
7660	7	9	4	0	0:00:00.997414
7680	3	9	3	0	0:00:00.968525
7700	6	6	4	1	0:00:00.968956
7720	5	2	2	0	0:00:00.970550
7740	4	2	2	0	0:00:00.970960
7760	2	9	9	0	0:00:00.980878
7780	3	-1	8	0	0:00:00.974610
7800	0	0	8	1	0:00:00.979992
7820	5	9	9	0	0:00:00.986548
7840	1	1	1	1	0:00:00.971270
7860	8	-1	2	0	0:00:00.973256
7880	0	4	4	0	0:00:01.002265
7900	0	8	8	0	0:00:00.995824
7920	9	-1	2	0	0:00:00.982122
7940	2	6	4	0	0:00:00.965948
7960	0	0	8	1	0:00:01.012969
7980	3	-1	3	0	0:00:00.973550
8000	9	9	8	1	0:00:00.977080
8020	6	3	3	0	0:00:00.974547
8040	2	2	2	1	0:00:00.972671
8060	6	6	5	1	0:00:00.964186
8080	4	6	2	0	0:00:00.976250
8100	6	2	4	0	0:00:01.024987
8120	8	9	9	0	0:00:00.976154
8140	5	4	4	0	0:00:00.975844
8160	6	6	6	1	0:00:01.016235
8180	4	2	2	0	0:00:00.981329
8200	3	4	4	0	0:00:00.981006
8220	6	7	7	0	0:00:00.968601
8240	7	7	7	1	0:00:00.972338
8260	1	1	1	1	0:00:00.963738
8280	4	5	5	0	0:00:00.985827
8300	5	2	2	0	0:00:00.976687
8320	7	4	3	0	0:00:00.968490
8340	5	3	3	0	0:00:01.009899
8360	7	7	7	1	0:00:00.981866
8380	9	9	9	1	0:00:00.983639
8400	0	8	8	0	0:00:00.973620
8420	3	6	6	0	0:00:00.973665
8440	5	3	3	0	0:00:00.976097
8460	8	8	8	1	0:00:00.975674
8480	2	2	4	1	0:00:00.973431
8500	4	4	4	1	0:00:00.970742
8520	8	1	8	0	0:00:00.976775
8540	4	2	2	0	0:00:00.970965
8560	7	7	7	1	0:00:00.979742
8580	3	2	2	0	0:00:00.988818
8600	3	2	2	0	0:00:00.969776
8620	3	4	4	0	0:00:00.971515
8640	1	1	8	1	0:00:00.978530
8660	7	7	7	1	0:00:00.972770
8680	3	7	7	0	0:00:00.967556
8700	3	7	3	0	0:00:00.987317
8720	2	0	0	0	0:00:00.963213
8740	2	-1	5	0	0:00:00.961520
8760	8	8	8	1	0:00:00.968701
8780	4	7	2	0	0:00:00.967690
8800	0	0	0	1	0:00:00.963405
8820	2	2	2	1	0:00:00.968829
8840	2	-1	7	0	0:00:00.962332
8860	2	2	6	1	0:00:00.984854
8880	1	1	1	1	0:00:01.007286
8900	2	4	4	0	0:00:00.988144
8920	6	6	2	1	0:00:00.964569
8940	6	3	3	0	0:00:00.964503
8960	0	0	2	1	0:00:00.962765
8980	9	9	9	1	0:00:00.986637
9000	8	8	8	1	0:00:00.958603
9020	7	-1	7	0	0:00:00.972542
9040	2	5	5	0	0:00:00.963295
9060	9	9	3	1	0:00:00.984464
9080	3	2	2	0	0:00:00.968533
9100	9	1	3	0	0:00:00.994985
9120	3	0	0	0	0:00:00.980221
9140	7	6	2	0	0:00:00.967616
9160	5	3	3	0	0:00:00.965063
9180	5	5	5	1	0:00:00.973712
9200	8	8	8	1	0:00:00.964824
9220	8	8	8	1	0:00:00.967826
9240	8	8	8	1	0:00:00.960814
9260	5	5	5	1	0:00:00.986789
9280	9	8	8	0	0:00:00.963913
9300	5	2	2	0	0:00:00.969273
9320	9	9	9	1	0:00:00.965652
9340	1	1	1	1	0:00:00.985781
9360	5	0	0	0	0:00:00.985348
9380	5	3	3	0	0:00:01.008387
9400	6	6	4	1	0:00:00.968268
9420	5	5	5	1	0:00:00.964342
9440	8	8	8	1	0:00:00.964309
9460	3	7	7	0	0:00:00.972480
9480	2	6	6	0	0:00:00.972256
9500	9	9	2	1	0:00:00.985763
9520	1	1	1	1	0:00:00.963286
9540	5	3	3	0	0:00:00.977486
9560	9	7	5	0	0:00:00.966448
9580	1	1	4	1	0:00:00.974964
9600	8	0	8	0	0:00:00.966459
9620	4	7	4	0	0:00:00.970268
9640	5	0	2	0	0:00:00.986372
9660	6	6	6	1	0:00:00.960846
9680	8	8	8	1	0:00:00.964968
9700	0	0	0	1	0:00:00.966786
9720	8	1	8	0	0:00:00.969176
9740	3	6	2	0	0:00:00.967001
9760	9	3	3	0	0:00:00.964890
9780	4	6	2	0	0:00:01.009597
9800	1	1	1	1	0:00:00.963385
9820	0	8	8	0	0:00:00.989346
9840	4	-1	5	0	0:00:00.984671
9860	0	5	5	0	0:00:00.981049
9880	7	8	8	0	0:00:00.987119
9900	8	0	8	0	0:00:00.968082
9920	6	6	2	1	0:00:00.966889
9940	4	5	5	0	0:00:00.966268
9960	2	0	0	0	0:00:00.963276
9980	0	0	0	1	0:00:00.965820
