idx	label	predict	basePredict	correct	time
0	3	2	2	0	0:00:15.720376
20	7	1	4	0	0:00:15.640685
40	4	8	8	0	0:00:15.653603
60	7	7	4	1	0:00:15.645984
80	8	8	8	1	0:00:15.671946
100	4	5	4	0	0:00:15.650964
120	8	8	8	1	0:00:15.629973
140	6	2	2	0	0:00:15.632337
160	2	0	2	0	0:00:15.643913
180	0	0	8	1	0:00:15.654667
200	5	3	3	0	0:00:15.643902
220	7	7	7	1	0:00:15.678651
240	1	1	8	1	0:00:15.655190
260	8	3	3	0	0:00:15.644329
280	9	9	8	1	0:00:15.649011
300	6	7	4	0	0:00:15.662008
320	3	2	4	0	0:00:15.646946
340	2	4	4	0	0:00:15.631757
360	9	7	6	0	0:00:15.651001
380	6	6	4	1	0:00:15.635982
400	9	9	8	1	0:00:15.654918
420	4	4	6	1	0:00:15.751220
440	1	1	6	1	0:00:15.643655
460	5	5	3	1	0:00:15.873641
480	8	9	8	0	0:00:15.891716
500	4	6	4	0	0:00:15.672611
520	5	7	5	0	0:00:16.444405
540	1	9	8	0	0:00:15.659938
560	0	0	8	1	0:00:15.937668
580	4	4	4	1	0:00:16.053497
600	8	8	8	1	0:00:15.695174
620	7	6	4	0	0:00:16.660176
640	5	3	3	0	0:00:15.883175
660	9	9	9	1	0:00:16.011353
680	9	7	4	0	0:00:16.178775
700	7	0	4	0	0:00:15.697493
720	4	9	7	0	0:00:15.653101
740	2	5	3	0	0:00:15.700306
760	3	9	9	0	0:00:15.673615
780	9	1	8	0	0:00:15.656780
800	7	7	7	1	0:00:15.710838
820	6	1	8	0	0:00:15.645903
840	7	7	7	1	0:00:15.743749
860	4	4	4	1	0:00:15.658893
880	8	8	8	1	0:00:15.651718
900	2	6	4	0	0:00:15.842909
920	6	2	2	0	0:00:15.649816
940	9	9	9	1	0:00:15.734952
960	9	9	4	1	0:00:15.711790
980	2	6	6	0	0:00:15.668238
1000	5	5	5	1	0:00:14.956210
1020	1	1	8	1	0:00:14.944564
1040	7	5	5	0	0:00:14.939631
1060	9	9	8	1	0:00:14.963104
1080	6	6	6	1	0:00:14.971904
1100	7	8	8	0	0:00:14.945720
1120	5	2	2	0	0:00:14.960444
1140	6	4	4	0	0:00:14.967207
1160	8	0	8	0	0:00:14.970835
1180	3	3	8	1	0:00:14.944146
1200	8	0	0	0	0:00:14.947784
1220	9	6	6	0	0:00:14.965575
1240	2	6	6	0	0:00:14.960704
1260	1	9	9	0	0:00:14.966938
1280	3	7	7	0	0:00:14.974508
1300	4	3	3	0	0:00:14.967084
1320	7	2	2	0	0:00:14.981652
1340	1	1	1	1	0:00:14.953822
1360	7	7	4	1	0:00:14.955125
1380	4	5	5	0	0:00:14.937676
1400	5	6	2	0	0:00:14.951681
1420	4	7	7	0	0:00:14.931451
1440	0	8	8	0	0:00:14.958319
1460	6	6	4	1	0:00:14.959798
1480	1	5	5	0	0:00:14.962314
1500	1	9	1	0	0:00:14.946758
1520	7	7	4	1	0:00:14.966155
1540	8	8	8	1	0:00:14.945987
1560	7	7	7	1	0:00:14.941887
1580	6	1	1	0	0:00:14.945579
1600	8	9	6	0	0:00:14.946387
1620	5	8	8	0	0:00:14.949186
1640	7	5	3	0	0:00:14.953887
1660	3	5	4	0	0:00:14.946330
1680	6	6	6	1	0:00:14.945677
1700	5	2	2	0	0:00:14.943965
1720	4	2	2	0	0:00:14.970809
1740	1	9	9	0	0:00:14.934084
1760	0	8	8	0	0:00:14.953083
1780	7	9	8	0	0:00:14.942118
1800	4	8	8	0	0:00:14.959092
1820	8	9	8	0	0:00:14.941375
1840	8	-1	4	0	0:00:14.940395
1860	8	8	8	1	0:00:14.937403
1880	1	1	8	1	0:00:14.953956
1900	8	8	8	1	0:00:14.972361
1920	2	2	2	1	0:00:14.944849
1940	5	3	3	0	0:00:14.935196
1960	2	5	5	0	0:00:14.964976
1980	9	9	4	1	0:00:14.961786
2000	1	6	4	0	0:00:14.958733
2020	9	9	9	1	0:00:14.946374
2040	0	8	8	0	0:00:14.982010
2060	5	5	3	1	0:00:14.958277
2080	1	9	4	0	0:00:14.947329
2100	2	4	4	0	0:00:14.947327
2120	4	8	8	0	0:00:14.958553
2140	9	9	1	1	0:00:14.946397
2160	0	8	8	0	0:00:14.956512
2180	4	4	4	1	0:00:14.952105
2200	0	2	2	0	0:00:14.965528
2220	1	1	4	1	0:00:14.951568
2240	9	9	8	1	0:00:14.952617
2260	4	7	4	0	0:00:14.965545
2280	4	8	8	0	0:00:14.944077
2300	3	-1	4	0	0:00:14.939274
2320	5	8	8	0	0:00:14.949140
2340	7	7	7	1	0:00:14.941686
2360	7	7	3	1	0:00:14.945261
2380	8	8	8	1	0:00:14.939125
2400	0	0	0	1	0:00:14.941360
2420	8	5	5	0	0:00:14.939113
2440	7	7	7	1	0:00:14.939550
2460	9	3	3	0	0:00:14.934714
2480	8	8	8	1	0:00:14.946058
2500	4	2	2	0	0:00:14.941462
2520	1	9	8	0	0:00:14.942384
2540	2	3	3	0	0:00:14.959955
2560	7	7	4	1	0:00:14.943393
2580	6	4	4	0	0:00:14.951195
2600	8	8	8	1	0:00:14.967307
2620	1	4	4	0	0:00:14.968527
2640	7	7	6	1	0:00:14.946607
2660	3	2	2	0	0:00:14.938169
2680	0	0	0	1	0:00:14.945086
2700	9	7	0	0	0:00:14.956505
2720	3	2	2	0	0:00:14.935171
2740	1	1	1	1	0:00:14.937577
2760	2	4	4	0	0:00:14.948577
2780	7	7	7	1	0:00:14.937022
2800	4	6	4	0	0:00:14.951201
2820	6	6	4	1	0:00:14.942049
2840	3	3	3	1	0:00:14.945299
2860	5	7	6	0	0:00:14.931981
2880	4	4	4	1	0:00:14.946770
2900	3	2	2	0	0:00:14.941623
2920	2	5	3	0	0:00:14.945195
2940	3	0	0	0	0:00:14.943686
2960	9	9	8	1	0:00:14.933398
2980	8	1	8	0	0:00:14.950355
3000	5	5	5	1	0:00:14.981565
3020	1	1	8	1	0:00:14.957291
3040	7	7	7	1	0:00:14.942776
3060	7	7	7	1	0:00:14.951251
3080	1	7	4	0	0:00:14.955601
3100	0	0	0	1	0:00:14.951438
3120	4	6	2	0	0:00:14.949171
3140	8	8	8	1	0:00:14.952356
3160	6	4	4	0	0:00:14.962487
3180	3	7	8	0	0:00:14.973722
3200	5	7	7	0	0:00:14.951337
3220	3	9	3	0	0:00:14.948656
3240	4	1	8	0	0:00:14.940616
3260	7	0	0	0	0:00:14.943287
3280	3	5	0	0	0:00:14.944013
3300	4	6	4	0	0:00:14.939077
3320	2	7	7	0	0:00:14.935938
3340	6	6	4	1	0:00:14.944255
3360	4	6	6	0	0:00:14.927686
3380	8	8	8	1	0:00:14.941363
3400	6	4	4	0	0:00:14.930897
3420	5	4	4	0	0:00:14.942965
3440	2	9	3	0	0:00:14.922945
3460	1	1	4	1	0:00:14.934932
3480	2	2	2	1	0:00:14.954424
3500	1	1	4	1	0:00:14.936049
3520	1	1	1	1	0:00:14.943594
3540	6	6	6	1	0:00:14.932056
3560	1	9	0	0	0:00:14.938495
3580	4	1	4	0	0:00:14.948364
3600	4	2	2	0	0:00:14.950619
3620	0	6	6	0	0:00:14.974864
3640	6	2	2	0	0:00:14.944116
3660	0	8	8	0	0:00:14.975969
3680	0	2	2	0	0:00:14.943803
3700	3	3	4	1	0:00:14.936575
3720	2	2	2	1	0:00:14.944255
3740	0	0	8	1	0:00:14.978232
3760	7	7	7	1	0:00:14.961799
3780	4	2	2	0	0:00:14.962758
3800	9	9	3	1	0:00:14.935836
3820	0	2	2	0	0:00:14.968682
3840	6	3	3	0	0:00:14.977364
3860	7	7	7	1	0:00:14.957025
3880	6	4	4	0	0:00:14.972860
3900	3	1	1	0	0:00:14.957898
3920	7	9	8	0	0:00:14.933658
3940	6	7	4	0	0:00:14.937837
3960	2	5	5	0	0:00:14.949618
3980	9	7	7	0	0:00:14.983945
4000	8	7	4	0	0:00:14.948662
4020	8	1	8	0	0:00:14.953097
4040	0	0	0	1	0:00:14.983918
4060	6	3	3	0	0:00:14.939021
4080	1	8	8	0	0:00:14.960057
4100	7	7	7	1	0:00:14.954343
4120	4	0	0	0	0:00:14.958064
4140	5	3	3	0	0:00:14.980410
4160	5	2	2	0	0:00:14.956051
4180	0	0	8	1	0:00:14.960392
4200	4	-1	2	0	0:00:14.960430
4220	4	0	0	0	0:00:14.945181
4240	7	0	0	0	0:00:14.951122
4260	8	8	8	1	0:00:14.938077
4280	8	0	8	0	0:00:14.941737
4300	8	8	8	1	0:00:14.937663
4320	1	8	8	0	0:00:14.950104
4340	0	0	8	1	0:00:14.955890
4360	6	9	6	0	0:00:14.949711
4380	9	9	8	1	0:00:14.948066
4400	3	4	4	0	0:00:14.933974
4420	5	8	8	0	0:00:14.933071
4440	2	6	2	0	0:00:14.936695
4460	9	8	8	0	0:00:14.937737
4480	9	9	3	1	0:00:14.933781
4500	3	6	6	0	0:00:14.940530
4520	3	6	6	0	0:00:14.946599
4540	9	9	9	1	0:00:14.937282
4560	1	1	4	1	0:00:14.941358
4580	6	4	4	0	0:00:14.945050
4600	4	7	4	0	0:00:14.952329
4620	7	3	3	0	0:00:14.942650
4640	2	4	4	0	0:00:14.940072
4660	7	4	2	0	0:00:14.931966
4680	9	1	1	0	0:00:14.934294
4700	6	1	4	0	0:00:14.973979
4720	8	0	0	0	0:00:14.947671
4740	5	3	4	0	0:00:14.947228
4760	3	3	4	1	0:00:14.940539
4780	0	0	8	1	0:00:14.964929
4800	9	9	9	1	0:00:14.958933
4820	3	5	5	0	0:00:14.939132
4840	0	0	0	1	0:00:14.952692
4860	5	3	3	0	0:00:14.968863
4880	0	2	2	0	0:00:14.944643
4900	3	6	6	0	0:00:14.941880
4920	7	7	4	1	0:00:14.949402
4940	6	4	2	0	0:00:14.942777
4960	4	3	3	0	0:00:14.935935
4980	1	9	8	0	0:00:14.950968
5000	7	7	7	1	0:00:14.966624
5020	8	1	8	0	0:00:14.941104
5040	3	3	4	1	0:00:14.934889
5060	6	2	4	0	0:00:14.942215
5080	7	7	7	1	0:00:14.951812
5100	3	3	3	1	0:00:14.944343
5120	9	9	8	1	0:00:14.947137
5140	8	8	8	1	0:00:14.948685
5160	0	8	8	0	0:00:14.949140
5180	9	6	4	0	0:00:14.948855
5200	3	3	3	1	0:00:14.939939
5220	0	0	0	1	0:00:14.929632
5240	1	9	2	0	0:00:14.941862
5260	0	0	0	1	0:00:14.953277
5280	0	8	8	0	0:00:14.950368
5300	9	1	9	0	0:00:14.947074
5320	7	7	7	1	0:00:14.968331
5340	3	4	4	0	0:00:14.962339
5360	9	9	9	1	0:00:14.933787
5380	1	9	9	0	0:00:14.940613
5400	9	-1	8	0	0:00:14.947208
5420	6	6	6	1	0:00:14.951440
5440	9	9	9	1	0:00:14.940410
5460	0	7	7	0	0:00:14.950164
5480	1	1	8	1	0:00:14.953323
5500	8	1	8	0	0:00:14.947451
5520	4	3	3	0	0:00:14.942968
5540	5	6	2	0	0:00:14.953357
5560	3	6	5	0	0:00:14.947673
5580	5	6	6	0	0:00:14.956473
5600	6	9	0	0	0:00:14.943055
5620	3	2	2	0	0:00:14.949459
5640	2	5	3	0	0:00:15.004357
5660	9	9	8	1	0:00:14.946002
5680	2	1	8	0	0:00:14.935665
5700	3	5	2	0	0:00:14.934002
5720	9	9	9	1	0:00:14.954675
5740	6	4	4	0	0:00:14.949895
5760	2	2	2	1	0:00:14.942419
5780	7	7	4	1	0:00:14.932522
5800	2	6	4	0	0:00:14.927378
5820	5	6	6	0	0:00:14.951511
5840	2	6	6	0	0:00:14.939546
5860	0	8	8	0	0:00:14.939006
5880	0	8	0	0	0:00:14.942984
5900	4	3	4	0	0:00:14.941479
5920	8	8	8	1	0:00:14.944094
5940	7	4	4	0	0:00:14.935951
5960	2	6	4	0	0:00:14.950178
5980	9	9	6	1	0:00:14.951037
6000	8	9	8	0	0:00:14.953338
6020	6	6	6	1	0:00:14.947514
6040	2	7	7	0	0:00:14.945268
6060	3	4	4	0	0:00:14.953254
6080	1	9	6	0	0:00:14.951986
6100	1	1	8	1	0:00:14.952522
6120	5	5	5	1	0:00:14.954633
6140	9	9	7	1	0:00:14.961582
6160	2	5	5	0	0:00:14.973680
6180	0	9	8	0	0:00:14.954482
6200	3	9	3	0	0:00:14.943872
6220	2	6	6	0	0:00:14.945486
6240	2	1	4	0	0:00:14.959350
6260	2	9	4	0	0:00:14.942799
6280	8	5	4	0	0:00:14.953621
6300	1	7	4	0	0:00:14.952024
6320	0	0	0	1	0:00:14.948563
6340	3	3	3	1	0:00:14.964192
6360	2	6	2	0	0:00:14.956590
6380	3	1	6	0	0:00:14.959380
6400	0	1	4	0	0:00:14.936419
6420	7	7	8	1	0:00:14.955303
6440	3	9	8	0	0:00:14.942853
6460	3	1	4	0	0:00:14.954190
6480	0	2	2	0	0:00:14.943707
6500	7	0	8	0	0:00:14.925856
6520	6	4	4	0	0:00:14.932407
6540	8	8	8	1	0:00:14.955609
6560	6	6	4	1	0:00:14.941035
6580	1	2	2	0	0:00:14.938050
6600	7	7	7	1	0:00:14.941059
6620	7	7	7	1	0:00:14.957649
6640	5	3	8	0	0:00:14.939367
6660	0	0	8	1	0:00:14.943527
6680	3	5	5	0	0:00:14.943732
6700	6	6	4	1	0:00:14.959501
6720	2	2	2	1	0:00:14.942318
6740	2	4	4	0	0:00:14.937487
6760	5	3	6	0	0:00:14.944686
6780	7	7	7	1	0:00:14.959546
6800	6	2	4	0	0:00:14.943036
6820	1	1	1	1	0:00:14.944890
6840	9	9	9	1	0:00:14.953112
6860	0	0	2	1	0:00:14.954170
6880	2	7	4	0	0:00:14.966763
6900	3	7	4	0	0:00:14.947242
6920	5	2	2	0	0:00:14.949193
6940	1	1	1	1	0:00:14.963470
6960	9	8	8	0	0:00:14.951610
6980	0	9	8	0	0:00:14.945348
7000	2	8	8	0	0:00:14.953157
7020	7	7	7	1	0:00:14.940301
7040	7	8	8	0	0:00:14.939707
7060	8	0	8	0	0:00:14.976084
7080	5	4	4	0	0:00:14.941186
7100	9	3	3	0	0:00:14.949542
7120	7	5	6	0	0:00:14.955169
7140	4	1	4	0	0:00:14.939728
7160	5	4	4	0	0:00:14.944284
7180	6	6	6	1	0:00:14.967126
7200	4	6	2	0	0:00:14.962919
7220	9	9	8	1	0:00:14.985650
7240	0	8	8	0	0:00:14.971226
7260	1	8	8	0	0:00:14.943379
7280	1	9	6	0	0:00:14.949904
7300	3	7	4	0	0:00:14.942763
7320	8	0	8	0	0:00:14.965867
7340	2	4	4	0	0:00:14.941308
7360	2	4	4	0	0:00:14.941014
7380	7	7	7	1	0:00:14.937922
7400	3	3	3	1	0:00:14.957974
7420	3	0	0	0	0:00:14.948766
7440	3	3	2	1	0:00:14.951232
7460	5	5	5	1	0:00:14.929509
7480	1	8	8	0	0:00:14.947105
7500	6	6	6	1	0:00:14.959148
7520	4	6	4	0	0:00:14.962900
7540	5	5	5	1	0:00:14.960590
7560	0	6	4	0	0:00:14.960153
7580	8	8	8	1	0:00:14.952384
7600	8	9	8	0	0:00:14.952494
7620	5	9	3	0	0:00:14.969803
7640	9	9	6	1	0:00:14.956647
7660	7	9	4	0	0:00:14.948424
7680	3	9	3	0	0:00:14.946475
7700	6	6	6	1	0:00:14.936007
7720	5	5	2	1	0:00:14.973560
7740	4	6	2	0	0:00:14.958387
7760	2	9	6	0	0:00:14.943866
7780	3	1	8	0	0:00:14.954461
7800	0	0	8	1	0:00:14.971632
7820	5	8	8	0	0:00:14.965618
7840	1	1	1	1	0:00:14.953121
7860	8	7	4	0	0:00:14.954060
7880	0	0	0	1	0:00:14.955632
7900	0	8	8	0	0:00:14.946090
7920	9	8	8	0	0:00:14.946253
7940	2	6	6	0	0:00:14.941511
7960	0	0	3	1	0:00:14.942772
7980	3	7	4	0	0:00:14.942464
8000	9	9	8	1	0:00:14.945298
8020	6	3	3	0	0:00:14.979179
8040	2	2	4	1	0:00:14.972408
8060	6	6	4	1	0:00:14.966882
8080	4	6	2	0	0:00:14.942152
8100	6	2	2	0	0:00:14.941541
8120	8	9	8	0	0:00:15.021766
8140	5	4	4	0	0:00:14.976639
8160	6	9	6	0	0:00:14.970407
8180	4	4	4	1	0:00:14.947726
8200	3	6	4	0	0:00:14.935906
8220	6	2	2	0	0:00:14.943817
8240	7	7	7	1	0:00:14.941427
8260	1	3	3	0	0:00:14.950405
8280	4	5	3	0	0:00:14.955237
8300	5	2	2	0	0:00:14.965178
8320	7	4	4	0	0:00:14.949780
8340	5	3	4	0	0:00:14.950138
8360	7	7	4	1	0:00:14.960413
8380	9	9	8	1	0:00:14.982312
8400	0	8	8	0	0:00:14.956750
8420	3	6	4	0	0:00:14.948114
8440	5	3	4	0	0:00:14.949761
8460	8	8	8	1	0:00:14.937697
8480	2	1	8	0	0:00:14.932538
8500	4	2	2	0	0:00:14.934348
8520	8	4	4	0	0:00:14.962029
8540	4	6	2	0	0:00:14.951587
8560	7	7	4	1	0:00:14.939295
8580	3	0	2	0	0:00:14.945552
8600	3	7	4	0	0:00:14.947932
8620	3	1	4	0	0:00:14.937819
8640	1	1	1	1	0:00:14.937484
8660	7	7	5	1	0:00:14.978936
8680	3	9	8	0	0:00:14.966094
8700	3	3	3	1	0:00:14.939178
8720	2	0	0	0	0:00:15.004095
8740	2	-1	4	0	0:00:14.944436
8760	8	8	8	1	0:00:14.946775
8780	4	4	4	1	0:00:14.931549
8800	0	0	0	1	0:00:14.953587
8820	2	2	3	1	0:00:15.022747
8840	2	1	7	0	0:00:14.967863
8860	2	2	2	1	0:00:14.937304
8880	1	9	6	0	0:00:14.936863
8900	2	6	4	0	0:00:14.946006
8920	6	6	6	1	0:00:14.937406
8940	6	3	3	0	0:00:14.937981
8960	0	0	0	1	0:00:14.936591
8980	9	9	8	1	0:00:14.933525
9000	8	8	8	1	0:00:14.951864
9020	7	9	8	0	0:00:14.941925
9040	2	5	5	0	0:00:14.936896
9060	9	5	5	0	0:00:14.941037
9080	3	0	3	0	0:00:14.959489
9100	9	6	6	0	0:00:14.935598
9120	3	0	0	0	0:00:14.946481
9140	7	9	8	0	0:00:14.939469
9160	5	7	4	0	0:00:14.949350
9180	5	5	5	1	0:00:14.961617
9200	8	8	8	1	0:00:14.941498
9220	8	8	8	1	0:00:14.942808
9240	8	8	8	1	0:00:14.936605
9260	5	5	5	1	0:00:14.977965
9280	9	1	8	0	0:00:15.097866
9300	5	3	2	0	0:00:15.092352
9320	9	9	8	1	0:00:15.080818
9340	1	1	1	1	0:00:15.103756
9360	5	9	4	0	0:00:15.144933
9380	5	9	3	0	0:00:15.052557
9400	6	4	2	0	0:00:15.181627
9420	5	5	6	1	0:00:15.144655
9440	8	8	8	1	0:00:15.074129
9460	3	7	6	0	0:00:15.091516
9480	2	4	4	0	0:00:15.150660
9500	9	1	4	0	0:00:15.021822
9520	1	1	1	1	0:00:15.158113
9540	5	3	4	0	0:00:15.168749
9560	9	7	7	0	0:00:15.060287
9580	1	4	4	0	0:00:15.107924
9600	8	8	8	1	0:00:15.088346
9620	4	7	4	0	0:00:15.133032
9640	5	0	6	0	0:00:15.116067
9660	6	6	6	1	0:00:15.135783
9680	8	8	8	1	0:00:15.077814
9700	0	0	2	1	0:00:15.143822
9720	8	1	4	0	0:00:15.087829
9740	3	6	4	0	0:00:15.152039
9760	9	7	4	0	0:00:15.037601
9780	4	6	4	0	0:00:15.079676
9800	1	1	1	1	0:00:15.086221
9820	0	8	8	0	0:00:15.083340
9840	4	5	5	0	0:00:15.067967
9860	0	5	8	0	0:00:15.040584
9880	7	4	4	0	0:00:15.027325
9900	8	0	8	0	0:00:15.055779
9920	6	4	2	0	0:00:15.045579
9940	4	5	6	0	0:00:15.068142
9960	2	0	0	0	0:00:15.070283
9980	0	0	0	1	0:00:15.096613
