idx	label	predict	basePredict	correct	time
0	3	3	3	1	0:00:02.927712
20	7	7	9	1	0:00:02.787533
40	4	-1	8	0	0:00:02.807068
60	7	7	7	1	0:00:02.847463
80	8	8	8	1	0:00:02.838432
100	4	5	5	0	0:00:02.753887
120	8	0	8	0	0:00:02.788687
140	6	6	3	1	0:00:02.779982
160	2	0	2	0	0:00:02.809779
180	0	0	0	1	0:00:02.806530
200	5	5	5	1	0:00:02.794334
220	7	7	7	1	0:00:02.785505
240	1	1	1	1	0:00:02.782396
260	8	6	3	0	0:00:02.777086
280	9	9	9	1	0:00:02.836323
300	6	6	6	1	0:00:02.892204
320	3	3	3	1	0:00:02.882555
340	2	4	4	0	0:00:02.836424
360	9	7	5	0	0:00:02.773649
380	6	6	2	1	0:00:02.822773
400	9	9	9	1	0:00:02.775107
420	4	4	4	1	0:00:02.791528
440	1	1	9	1	0:00:02.801492
460	5	5	2	1	0:00:02.816597
480	8	9	9	0	0:00:02.816977
500	4	6	2	0	0:00:02.769979
520	5	7	7	0	0:00:02.861189
540	1	1	8	1	0:00:02.804888
560	0	0	0	1	0:00:02.800238
580	4	4	4	1	0:00:02.813210
600	8	8	8	1	0:00:02.784809
620	7	7	5	1	0:00:02.845953
640	5	3	3	0	0:00:02.818869
660	9	9	9	1	0:00:02.758038
680	9	7	2	0	0:00:02.828242
700	7	7	3	1	0:00:02.778540
720	4	9	3	0	0:00:02.873190
740	2	5	3	0	0:00:02.804474
760	3	4	3	0	0:00:02.795171
780	9	1	9	0	0:00:02.807697
800	7	7	7	1	0:00:02.794994
820	6	5	6	0	0:00:02.855461
840	7	7	7	1	0:00:02.767196
860	4	4	4	1	0:00:02.797134
880	8	8	8	1	0:00:02.817104
900	2	6	2	0	0:00:02.797055
920	6	6	4	1	0:00:02.811107
940	9	9	9	1	0:00:02.796329
960	9	9	9	1	0:00:02.821182
980	2	6	2	0	0:00:02.795305
1000	5	5	5	1	0:00:02.093329
1020	1	1	1	1	0:00:02.094481
1040	7	5	5	0	0:00:02.083907
1060	9	9	9	1	0:00:02.082309
1080	6	6	6	1	0:00:02.088538
1100	7	0	8	0	0:00:02.102089
1120	5	2	2	0	0:00:02.104823
1140	6	6	4	1	0:00:02.096001
1160	8	0	0	0	0:00:02.097828
1180	3	3	3	1	0:00:02.121469
1200	8	0	0	0	0:00:02.116894
1220	9	6	6	0	0:00:02.074308
1240	2	6	6	0	0:00:02.096095
1260	1	9	9	0	0:00:02.086964
1280	3	7	5	0	0:00:02.095963
1300	4	3	3	0	0:00:02.119195
1320	7	2	2	0	0:00:02.101135
1340	1	1	1	1	0:00:02.106122
1360	7	7	7	1	0:00:02.151872
1380	4	5	5	0	0:00:02.088344
1400	5	3	3	0	0:00:02.166201
1420	4	7	7	0	0:00:02.125267
1440	0	8	8	0	0:00:02.107413
1460	6	6	2	1	0:00:02.075490
1480	1	-1	5	0	0:00:02.100780
1500	1	1	1	1	0:00:02.103887
1520	7	7	4	1	0:00:02.070152
1540	8	8	8	1	0:00:02.083587
1560	7	7	7	1	0:00:02.101689
1580	6	1	3	0	0:00:02.084558
1600	8	9	6	0	0:00:02.091251
1620	5	4	4	0	0:00:02.132201
1640	7	3	3	0	0:00:02.104837
1660	3	-1	5	0	0:00:02.080576
1680	6	6	6	1	0:00:02.104488
1700	5	2	2	0	0:00:02.144557
1720	4	4	2	1	0:00:02.084104
1740	1	1	1	1	0:00:02.100719
1760	0	0	8	1	0:00:02.081522
1780	7	7	7	1	0:00:02.191486
1800	4	2	2	0	0:00:02.087703
1820	8	-1	8	0	0:00:02.083402
1840	8	9	4	0	0:00:02.106342
1860	8	8	8	1	0:00:02.085419
1880	1	1	8	1	0:00:02.112627
1900	8	8	8	1	0:00:02.071573
1920	2	2	2	1	0:00:02.157760
1940	5	2	2	0	0:00:02.129639
1960	2	5	5	0	0:00:02.091908
1980	9	9	9	1	0:00:02.108453
2000	1	-1	2	0	0:00:02.192962
2020	9	9	9	1	0:00:02.137269
2040	0	0	0	1	0:00:02.081758
2060	5	3	3	0	0:00:02.094548
2080	1	1	9	1	0:00:02.129853
2100	2	2	2	1	0:00:02.072800
2120	4	8	8	0	0:00:02.096043
2140	9	9	9	1	0:00:02.110374
2160	0	-1	8	0	0:00:02.117971
2180	4	4	4	1	0:00:02.088539
2200	0	2	2	0	0:00:02.144212
2220	1	1	1	1	0:00:02.094001
2240	9	1	8	0	0:00:02.091903
2260	4	4	4	1	0:00:02.085186
2280	4	8	8	0	0:00:02.078510
2300	3	4	2	0	0:00:02.096186
2320	5	2	2	0	0:00:02.086294
2340	7	7	7	1	0:00:02.089333
2360	7	5	5	0	0:00:02.085346
2380	8	8	8	1	0:00:02.087563
2400	0	0	0	1	0:00:02.107416
2420	8	5	5	0	0:00:02.189197
2440	7	7	7	1	0:00:02.123306
2460	9	7	7	0	0:00:02.146439
2480	8	8	8	1	0:00:02.093597
2500	4	6	4	0	0:00:02.119922
2520	1	1	8	1	0:00:02.144425
2540	2	5	5	0	0:00:02.177327
2560	7	7	4	1	0:00:02.108767
2580	6	5	6	0	0:00:02.135545
2600	8	8	8	1	0:00:02.120246
2620	1	1	8	1	0:00:02.079807
2640	7	7	4	1	0:00:02.095843
2660	3	5	2	0	0:00:02.083827
2680	0	0	0	1	0:00:02.112814
2700	9	-1	1	0	0:00:02.102167
2720	3	3	3	1	0:00:02.083649
2740	1	1	7	1	0:00:02.087317
2760	2	2	2	1	0:00:02.083285
2780	7	7	7	1	0:00:02.090363
2800	4	6	6	0	0:00:02.092678
2820	6	6	2	1	0:00:02.076297
2840	3	3	3	1	0:00:02.123876
2860	5	7	6	0	0:00:02.121547
2880	4	4	4	1	0:00:02.085525
2900	3	7	7	0	0:00:02.099970
2920	2	3	3	0	0:00:02.073701
2940	3	0	0	0	0:00:02.064273
2960	9	9	9	1	0:00:02.084328
2980	8	8	8	1	0:00:02.095485
3000	5	5	5	1	0:00:02.092797
3020	1	1	1	1	0:00:02.102599
3040	7	7	7	1	0:00:02.095432
3060	7	7	7	1	0:00:02.114141
3080	1	1	9	1	0:00:02.124924
3100	0	0	0	1	0:00:02.132976
3120	4	6	2	0	0:00:02.169032
3140	8	8	8	1	0:00:02.110686
3160	6	2	2	0	0:00:02.114950
3180	3	9	3	0	0:00:02.142306
3200	5	7	7	0	0:00:02.077559
3220	3	9	6	0	0:00:02.124886
3240	4	1	8	0	0:00:02.128626
3260	7	7	7	1	0:00:02.089718
3280	3	5	5	0	0:00:02.087486
3300	4	4	2	1	0:00:02.126854
3320	2	7	7	0	0:00:02.090611
3340	6	6	2	1	0:00:02.108741
3360	4	6	6	0	0:00:02.077213
3380	8	8	8	1	0:00:02.071203
3400	6	4	4	0	0:00:02.087299
3420	5	3	3	0	0:00:02.081574
3440	2	3	3	0	0:00:02.102198
3460	1	1	1	1	0:00:02.082450
3480	2	2	2	1	0:00:02.110228
3500	1	1	9	1	0:00:02.139083
3520	1	1	1	1	0:00:02.195514
3540	6	6	3	1	0:00:02.171831
3560	1	9	7	0	0:00:02.103809
3580	4	2	4	0	0:00:02.104053
3600	4	2	2	0	0:00:02.078215
3620	0	6	6	0	0:00:02.075866
3640	6	2	2	0	0:00:02.096452
3660	0	0	8	1	0:00:02.090634
3680	0	4	2	0	0:00:02.113540
3700	3	3	3	1	0:00:02.099114
3720	2	2	2	1	0:00:02.226266
3740	0	0	0	1	0:00:02.111444
3760	7	7	4	1	0:00:02.120136
3780	4	4	2	1	0:00:02.135466
3800	9	9	9	1	0:00:02.083102
3820	0	2	2	0	0:00:02.090981
3840	6	3	3	0	0:00:02.088371
3860	7	7	7	1	0:00:02.092203
3880	6	4	4	0	0:00:02.099709
3900	3	6	6	0	0:00:02.112644
3920	7	9	7	0	0:00:02.074707
3940	6	5	4	0	0:00:02.082648
3960	2	2	2	1	0:00:02.075817
3980	9	7	7	0	0:00:02.104471
4000	8	0	0	0	0:00:02.068977
4020	8	8	8	1	0:00:02.076332
4040	0	0	0	1	0:00:02.084035
4060	6	-1	3	0	0:00:02.095544
4080	1	1	8	1	0:00:02.078755
4100	7	7	7	1	0:00:02.083325
4120	4	4	4	1	0:00:02.102079
4140	5	5	5	1	0:00:02.103815
4160	5	2	2	0	0:00:02.139588
4180	0	8	8	0	0:00:02.070072
4200	4	2	2	0	0:00:02.081861
4220	4	0	0	0	0:00:02.078620
4240	7	0	0	0	0:00:02.082365
4260	8	8	8	1	0:00:02.117527
4280	8	1	1	0	0:00:02.107753
4300	8	8	8	1	0:00:02.112040
4320	1	8	8	0	0:00:02.093737
4340	0	0	0	1	0:00:02.090286
4360	6	9	9	0	0:00:02.109833
4380	9	9	8	1	0:00:02.108667
4400	3	6	4	0	0:00:02.081133
4420	5	5	7	1	0:00:02.100632
4440	2	2	2	1	0:00:02.092074
4460	9	9	8	1	0:00:02.090419
4480	9	9	3	1	0:00:02.117339
4500	3	5	5	0	0:00:02.131021
4520	3	6	6	0	0:00:02.141006
4540	9	9	9	1	0:00:02.085789
4560	1	1	1	1	0:00:02.097788
4580	6	4	4	0	0:00:02.111912
4600	4	7	7	0	0:00:02.119063
4620	7	3	3	0	0:00:02.143445
4640	2	2	2	1	0:00:02.115219
4660	7	4	4	0	0:00:02.140684
4680	9	1	1	0	0:00:02.082901
4700	6	5	5	0	0:00:02.104917
4720	8	0	8	0	0:00:02.072714
4740	5	3	3	0	0:00:02.075845
4760	3	2	2	0	0:00:02.100442
4780	0	0	8	1	0:00:02.094895
4800	9	9	9	1	0:00:02.086078
4820	3	3	3	1	0:00:02.114117
4840	0	0	0	1	0:00:02.086163
4860	5	5	5	1	0:00:02.105581
4880	0	2	2	0	0:00:02.156564
4900	3	6	6	0	0:00:02.088366
4920	7	7	7	1	0:00:02.073447
4940	6	6	2	1	0:00:02.080435
4960	4	3	3	0	0:00:02.080988
4980	1	9	9	0	0:00:02.094889
5000	7	7	7	1	0:00:02.213563
5020	8	8	8	1	0:00:02.242726
5040	3	1	2	0	0:00:02.255185
5060	6	6	2	1	0:00:02.085945
5080	7	7	7	1	0:00:02.121002
5100	3	3	3	1	0:00:02.104074
5120	9	9	8	1	0:00:02.077654
5140	8	8	8	1	0:00:02.121840
5160	0	0	0	1	0:00:02.083029
5180	9	7	4	0	0:00:02.109735
5200	3	3	3	1	0:00:02.108781
5220	0	0	0	1	0:00:02.084482
5240	1	9	9	0	0:00:02.209808
5260	0	0	0	1	0:00:02.071321
5280	0	9	8	0	0:00:02.085826
5300	9	9	9	1	0:00:02.081023
5320	7	7	7	1	0:00:02.081007
5340	3	4	4	0	0:00:02.100626
5360	9	9	3	1	0:00:02.102942
5380	1	9	9	0	0:00:02.247835
5400	9	9	9	1	0:00:02.247249
5420	6	6	6	1	0:00:02.097712
5440	9	9	9	1	0:00:02.083329
5460	0	0	0	1	0:00:02.139319
5480	1	1	4	1	0:00:02.194949
5500	8	8	8	1	0:00:02.089663
5520	4	3	3	0	0:00:02.081194
5540	5	6	3	0	0:00:02.107791
5560	3	5	5	0	0:00:02.076485
5580	5	3	3	0	0:00:02.088989
5600	6	9	4	0	0:00:02.103979
5620	3	4	6	0	0:00:02.121043
5640	2	2	2	1	0:00:02.067456
5660	9	9	6	1	0:00:02.114771
5680	2	3	3	0	0:00:02.085266
5700	3	5	3	0	0:00:02.104004
5720	9	9	9	1	0:00:02.107447
5740	6	6	6	1	0:00:02.073391
5760	2	2	2	1	0:00:02.117452
5780	7	7	7	1	0:00:02.123074
5800	2	4	4	0	0:00:02.124895
5820	5	-1	3	0	0:00:02.089970
5840	2	2	2	1	0:00:02.114899
5860	0	0	8	1	0:00:02.125406
5880	0	0	0	1	0:00:02.122043
5900	4	3	0	0	0:00:02.202900
5920	8	8	8	1	0:00:02.087878
5940	7	4	4	0	0:00:02.081887
5960	2	6	6	0	0:00:02.150604
5980	9	9	9	1	0:00:02.101752
6000	8	9	8	0	0:00:02.141268
6020	6	6	6	1	0:00:02.126707
6040	2	5	5	0	0:00:02.077499
6060	3	-1	2	0	0:00:02.081747
6080	1	1	9	1	0:00:02.086498
6100	1	1	8	1	0:00:02.093412
6120	5	5	5	1	0:00:02.091113
6140	9	9	9	1	0:00:02.077362
6160	2	5	5	0	0:00:02.068880
6180	0	0	0	1	0:00:02.100937
6200	3	3	3	1	0:00:02.076605
6220	2	5	5	0	0:00:02.062574
6240	2	1	2	0	0:00:02.091618
6260	2	9	6	0	0:00:02.097401
6280	8	5	5	0	0:00:02.083585
6300	1	1	2	1	0:00:02.095517
6320	0	0	0	1	0:00:02.099988
6340	3	3	3	1	0:00:02.116996
6360	2	4	2	0	0:00:02.111803
6380	3	7	3	0	0:00:02.115454
6400	0	1	8	0	0:00:02.124663
6420	7	7	7	1	0:00:02.070199
6440	3	9	4	0	0:00:02.086465
6460	3	3	3	1	0:00:02.096337
6480	0	0	0	1	0:00:02.118255
6500	7	6	6	0	0:00:02.113009
6520	6	4	2	0	0:00:02.107742
6540	8	8	8	1	0:00:02.085760
6560	6	6	2	1	0:00:02.105829
6580	1	7	4	0	0:00:02.128215
6600	7	7	7	1	0:00:02.086553
6620	7	7	7	1	0:00:02.087232
6640	5	3	3	0	0:00:02.085247
6660	0	0	0	1	0:00:02.098151
6680	3	5	3	0	0:00:02.080141
6700	6	0	0	0	0:00:02.099290
6720	2	2	2	1	0:00:02.092199
6740	2	2	4	1	0:00:02.115274
6760	5	5	5	1	0:00:02.076918
6780	7	7	7	1	0:00:02.077653
6800	6	4	2	0	0:00:02.082418
6820	1	1	1	1	0:00:02.071723
6840	9	9	1	1	0:00:02.085723
6860	0	2	2	0	0:00:02.133193
6880	2	2	2	1	0:00:02.092843
6900	3	7	7	0	0:00:02.100467
6920	5	2	2	0	0:00:02.107445
6940	1	1	1	1	0:00:02.230795
6960	9	8	8	0	0:00:02.075393
6980	0	1	8	0	0:00:02.075865
7000	2	8	8	0	0:00:02.182379
7020	7	7	7	1	0:00:02.139962
7040	7	8	8	0	0:00:02.093924
7060	8	8	8	1	0:00:02.075335
7080	5	4	4	0	0:00:02.085457
7100	9	3	3	0	0:00:02.118106
7120	7	5	5	0	0:00:02.197327
7140	4	9	4	0	0:00:02.147499
7160	5	5	5	1	0:00:02.088722
7180	6	6	3	1	0:00:02.085651
7200	4	6	2	0	0:00:02.086140
7220	9	9	8	1	0:00:02.199103
7240	0	0	8	1	0:00:02.151261
7260	1	1	8	1	0:00:02.072389
7280	1	9	9	0	0:00:02.076023
7300	3	4	4	0	0:00:02.069297
7320	8	-1	8	0	0:00:02.082222
7340	2	4	4	0	0:00:02.095980
7360	2	-1	4	0	0:00:02.086194
7380	7	7	7	1	0:00:02.076906
7400	3	3	3	1	0:00:02.122767
7420	3	4	2	0	0:00:02.132102
7440	3	3	3	1	0:00:02.089212
7460	5	5	5	1	0:00:02.086421
7480	1	8	8	0	0:00:02.090814
7500	6	6	6	1	0:00:02.113542
7520	4	4	4	1	0:00:02.120488
7540	5	5	5	1	0:00:02.105173
7560	0	0	0	1	0:00:02.067445
7580	8	8	8	1	0:00:02.184287
7600	8	9	2	0	0:00:02.124218
7620	5	3	3	0	0:00:02.127545
7640	9	8	8	0	0:00:02.083107
7660	7	4	4	0	0:00:02.138450
7680	3	9	3	0	0:00:02.136562
7700	6	6	6	1	0:00:02.133349
7720	5	2	2	0	0:00:02.114281
7740	4	4	2	1	0:00:02.094507
7760	2	9	2	0	0:00:02.116068
7780	3	-1	9	0	0:00:02.124219
7800	0	0	0	1	0:00:02.071726
7820	5	5	5	1	0:00:02.073930
7840	1	1	1	1	0:00:02.077400
7860	8	8	8	1	0:00:02.069182
7880	0	4	4	0	0:00:02.111116
7900	0	8	8	0	0:00:02.085545
7920	9	9	8	1	0:00:02.065588
7940	2	-1	4	0	0:00:02.076706
7960	0	0	0	1	0:00:02.070627
7980	3	3	3	1	0:00:02.087590
8000	9	9	9	1	0:00:02.074409
8020	6	3	3	0	0:00:02.074979
8040	2	2	2	1	0:00:02.075438
8060	6	6	6	1	0:00:02.087390
8080	4	6	2	0	0:00:02.085328
8100	6	2	2	0	0:00:02.115655
8120	8	9	9	0	0:00:02.105668
8140	5	4	4	0	0:00:02.117378
8160	6	6	6	1	0:00:02.081021
8180	4	4	4	1	0:00:02.082882
8200	3	4	4	0	0:00:02.139515
8220	6	7	5	0	0:00:02.129776
8240	7	7	7	1	0:00:02.137337
8260	1	1	1	1	0:00:02.109138
8280	4	5	5	0	0:00:02.134871
8300	5	2	2	0	0:00:02.079047
8320	7	4	4	0	0:00:02.073584
8340	5	3	3	0	0:00:02.089733
8360	7	7	7	1	0:00:02.089906
8380	9	9	9	1	0:00:02.090384
8400	0	8	8	0	0:00:02.076403
8420	3	6	4	0	0:00:02.074187
8440	5	3	3	0	0:00:02.101423
8460	8	8	8	1	0:00:02.163190
8480	2	2	4	1	0:00:02.116329
8500	4	4	4	1	0:00:02.092727
8520	8	1	8	0	0:00:02.081551
8540	4	2	2	0	0:00:02.077634
8560	7	7	7	1	0:00:02.083901
8580	3	2	2	0	0:00:02.080255
8600	3	3	6	1	0:00:02.078808
8620	3	4	4	0	0:00:02.092988
8640	1	1	8	1	0:00:02.085564
8660	7	7	7	1	0:00:02.167351
8680	3	7	8	0	0:00:02.116191
8700	3	3	3	1	0:00:02.117918
8720	2	0	0	0	0:00:02.069665
8740	2	2	5	1	0:00:02.122032
8760	8	8	8	1	0:00:02.087460
8780	4	4	4	1	0:00:02.088568
8800	0	0	0	1	0:00:02.119345
8820	2	2	2	1	0:00:02.090961
8840	2	7	5	0	0:00:02.161642
8860	2	2	2	1	0:00:02.105687
8880	1	1	1	1	0:00:02.097229
8900	2	4	4	0	0:00:02.075288
8920	6	6	2	1	0:00:02.068432
8940	6	3	3	0	0:00:02.087141
8960	0	0	0	1	0:00:02.116023
8980	9	9	9	1	0:00:02.175071
9000	8	8	8	1	0:00:02.085693
9020	7	7	7	1	0:00:02.092602
9040	2	5	5	0	0:00:02.073975
9060	9	9	3	1	0:00:02.077734
9080	3	2	2	0	0:00:02.179465
9100	9	1	5	0	0:00:02.087680
9120	3	0	3	0	0:00:02.077010
9140	7	9	2	0	0:00:02.079502
9160	5	3	3	0	0:00:02.072510
9180	5	5	5	1	0:00:02.079277
9200	8	8	8	1	0:00:02.091856
9220	8	8	8	1	0:00:02.075197
9240	8	8	8	1	0:00:02.102517
9260	5	5	5	1	0:00:02.095406
9280	9	8	8	0	0:00:02.124255
9300	5	-1	2	0	0:00:02.117398
9320	9	9	9	1	0:00:02.099876
9340	1	1	1	1	0:00:02.091470
9360	5	0	5	0	0:00:02.137845
9380	5	3	3	0	0:00:02.149085
9400	6	6	2	1	0:00:02.145111
9420	5	5	5	1	0:00:02.129464
9440	8	8	8	1	0:00:02.136881
9460	3	7	7	0	0:00:02.118030
9480	2	6	2	0	0:00:02.079447
9500	9	9	5	1	0:00:02.157094
9520	1	1	1	1	0:00:02.077870
9540	5	3	3	0	0:00:02.185328
9560	9	7	5	0	0:00:02.103415
9580	1	1	4	1	0:00:02.092972
9600	8	8	8	1	0:00:02.087029
9620	4	4	4	1	0:00:02.091422
9640	5	0	5	0	0:00:02.096015
9660	6	6	6	1	0:00:02.089492
9680	8	8	8	1	0:00:02.086025
9700	0	0	0	1	0:00:02.097662
9720	8	1	8	0	0:00:02.097626
9740	3	6	2	0	0:00:02.087203
9760	9	3	3	0	0:00:02.106007
9780	4	6	2	0	0:00:02.091042
9800	1	1	1	1	0:00:02.093951
9820	0	8	8	0	0:00:02.083900
9840	4	5	3	0	0:00:02.082155
9860	0	5	5	0	0:00:02.085089
9880	7	8	3	0	0:00:02.117371
9900	8	8	8	1	0:00:02.076443
9920	6	6	4	1	0:00:02.113219
9940	4	5	5	0	0:00:02.113993
9960	2	0	0	0	0:00:02.132498
9980	0	0	0	1	0:00:02.206205
