idx	label	predict	basePredict	correct	time
0	3	-1	2	0	0:00:01.176093
20	7	-1	4	0	0:00:01.071816
40	4	-1	8	0	0:00:01.069178
60	7	-1	4	0	0:00:01.072899
80	8	-1	8	0	0:00:01.087474
100	4	-1	3	0	0:00:01.091607
120	8	-1	8	0	0:00:01.057932
140	6	2	2	0	0:00:01.060719
160	2	0	2	0	0:00:01.056578
180	0	-1	8	0	0:00:01.096235
200	5	-1	3	0	0:00:01.095058
220	7	7	7	1	0:00:01.087087
240	1	1	8	1	0:00:01.090861
260	8	-1	3	0	0:00:01.069938
280	9	9	8	1	0:00:01.081012
300	6	-1	4	0	0:00:01.066237
320	3	-1	4	0	0:00:01.063725
340	2	4	4	0	0:00:01.081139
360	9	-1	6	0	0:00:01.063543
380	6	-1	4	0	0:00:01.070317
400	9	-1	8	0	0:00:01.055561
420	4	-1	6	0	0:00:01.067805
440	1	-1	6	0	0:00:01.119263
460	5	-1	3	0	0:00:01.093008
480	8	9	8	0	0:00:01.068365
500	4	-1	6	0	0:00:01.074282
520	5	7	7	0	0:00:01.092098
540	1	-1	8	0	0:00:01.075737
560	0	0	8	1	0:00:01.081026
580	4	-1	4	0	0:00:01.057578
600	8	-1	8	0	0:00:01.119542
620	7	-1	4	0	0:00:01.072796
640	5	3	3	0	0:00:01.097778
660	9	9	9	1	0:00:01.086326
680	9	-1	4	0	0:00:01.062238
700	7	-1	4	0	0:00:01.065536
720	4	9	7	0	0:00:01.098475
740	2	5	3	0	0:00:01.086332
760	3	9	9	0	0:00:01.062893
780	9	-1	0	0	0:00:01.054053
800	7	7	7	1	0:00:01.070536
820	6	-1	8	0	0:00:01.055967
840	7	7	7	1	0:00:01.062027
860	4	4	4	1	0:00:01.085278
880	8	8	8	1	0:00:01.049309
900	2	-1	4	0	0:00:01.065246
920	6	-1	2	0	0:00:01.093480
940	9	9	9	1	0:00:01.049995
960	9	9	4	1	0:00:01.044664
980	2	6	6	0	0:00:01.064603
1000	5	5	5	1	0:00:00.959381
1020	1	-1	8	0	0:00:00.943576
1040	7	5	5	0	0:00:00.938347
1060	9	9	8	1	0:00:00.960299
1080	6	6	6	1	0:00:00.966533
1100	7	8	8	0	0:00:00.959218
1120	5	-1	2	0	0:00:00.965327
1140	6	-1	4	0	0:00:00.960787
1160	8	0	0	0	0:00:00.971171
1180	3	-1	8	0	0:00:00.964328
1200	8	0	0	0	0:00:00.960952
1220	9	-1	6	0	0:00:00.962867
1240	2	6	6	0	0:00:00.947448
1260	1	9	9	0	0:00:00.953605
1280	3	7	7	0	0:00:00.968000
1300	4	3	3	0	0:00:00.954877
1320	7	-1	2	0	0:00:00.964229
1340	1	-1	8	0	0:00:00.971840
1360	7	-1	4	0	0:00:00.952034
1380	4	5	5	0	0:00:00.958142
1400	5	-1	2	0	0:00:00.966730
1420	4	7	7	0	0:00:00.951542
1440	0	8	8	0	0:00:00.947053
1460	6	-1	4	0	0:00:00.955383
1480	1	-1	5	0	0:00:00.952778
1500	1	9	1	0	0:00:00.977552
1520	7	-1	4	0	0:00:00.957130
1540	8	8	8	1	0:00:00.949765
1560	7	7	7	1	0:00:00.948947
1580	6	1	1	0	0:00:00.946034
1600	8	-1	6	0	0:00:00.948090
1620	5	8	8	0	0:00:00.942156
1640	7	5	3	0	0:00:00.951179
1660	3	-1	4	0	0:00:00.956234
1680	6	6	6	1	0:00:00.968418
1700	5	2	2	0	0:00:00.950531
1720	4	-1	2	0	0:00:00.982229
1740	1	9	9	0	0:00:00.954804
1760	0	8	8	0	0:00:00.954985
1780	7	-1	8	0	0:00:00.956172
1800	4	8	8	0	0:00:00.960994
1820	8	-1	8	0	0:00:00.969040
1840	8	-1	4	0	0:00:00.953948
1860	8	8	8	1	0:00:00.963008
1880	1	-1	8	0	0:00:00.959851
1900	8	8	8	1	0:00:00.962054
1920	2	-1	2	0	0:00:00.936664
1940	5	3	3	0	0:00:00.961013
1960	2	5	5	0	0:00:00.963607
1980	9	9	4	1	0:00:00.953161
2000	1	6	4	0	0:00:00.949842
2020	9	9	9	1	0:00:00.981854
2040	0	8	8	0	0:00:00.962790
2060	5	-1	3	0	0:00:00.946824
2080	1	-1	4	0	0:00:00.947774
2100	2	4	4	0	0:00:00.945843
2120	4	8	8	0	0:00:00.970769
2140	9	-1	1	0	0:00:00.953012
2160	0	8	8	0	0:00:00.965147
2180	4	-1	4	0	0:00:00.963132
2200	0	2	2	0	0:00:00.954395
2220	1	1	4	1	0:00:00.965808
2240	9	-1	8	0	0:00:00.951271
2260	4	-1	4	0	0:00:00.943123
2280	4	-1	8	0	0:00:00.937403
2300	3	-1	4	0	0:00:00.952136
2320	5	-1	8	0	0:00:00.956002
2340	7	7	7	1	0:00:00.959521
2360	7	-1	3	0	0:00:00.966750
2380	8	-1	8	0	0:00:00.969784
2400	0	-1	0	0	0:00:00.956271
2420	8	-1	5	0	0:00:00.947530
2440	7	-1	8	0	0:00:00.967127
2460	9	-1	3	0	0:00:00.956546
2480	8	-1	8	0	0:00:00.963994
2500	4	-1	2	0	0:00:00.950052
2520	1	9	8	0	0:00:00.946382
2540	2	3	3	0	0:00:00.947419
2560	7	-1	4	0	0:00:00.935345
2580	6	-1	4	0	0:00:00.955127
2600	8	8	8	1	0:00:00.955416
2620	1	-1	4	0	0:00:00.953703
2640	7	-1	6	0	0:00:00.945417
2660	3	-1	2	0	0:00:00.951188
2680	0	0	0	1	0:00:00.948386
2700	9	-1	0	0	0:00:00.962048
2720	3	2	2	0	0:00:00.964821
2740	1	-1	1	0	0:00:00.948306
2760	2	-1	4	0	0:00:00.952905
2780	7	7	6	1	0:00:00.934714
2800	4	6	4	0	0:00:00.953253
2820	6	6	4	1	0:00:00.964266
2840	3	3	3	1	0:00:00.976258
2860	5	-1	4	0	0:00:00.961567
2880	4	4	4	1	0:00:00.950871
2900	3	2	2	0	0:00:00.958935
2920	2	5	5	0	0:00:00.957050
2940	3	0	0	0	0:00:00.957840
2960	9	-1	8	0	0:00:00.953348
2980	8	1	8	0	0:00:00.951305
3000	5	5	5	1	0:00:00.939904
3020	1	-1	8	0	0:00:00.954092
3040	7	7	7	1	0:00:00.963578
3060	7	-1	7	0	0:00:00.966555
3080	1	-1	2	0	0:00:00.972739
3100	0	0	0	1	0:00:00.948093
3120	4	6	2	0	0:00:00.957756
3140	8	-1	8	0	0:00:00.959092
3160	6	4	4	0	0:00:00.950712
3180	3	-1	8	0	0:00:00.955168
3200	5	7	7	0	0:00:00.953966
3220	3	9	9	0	0:00:00.950963
3240	4	-1	8	0	0:00:00.962799
3260	7	0	0	0	0:00:00.965456
3280	3	-1	0	0	0:00:00.962214
3300	4	6	4	0	0:00:00.946493
3320	2	7	7	0	0:00:00.947835
3340	6	-1	4	0	0:00:00.946771
3360	4	6	6	0	0:00:00.954581
3380	8	-1	8	0	0:00:00.961350
3400	6	4	4	0	0:00:00.948191
3420	5	-1	4	0	0:00:00.958715
3440	2	9	3	0	0:00:00.961278
3460	1	1	4	1	0:00:00.955959
3480	2	2	2	1	0:00:00.985794
3500	1	1	4	1	0:00:00.932947
3520	1	1	1	1	0:00:00.949736
3540	6	-1	4	0	0:00:00.953470
3560	1	9	0	0	0:00:00.953466
3580	4	1	8	0	0:00:00.952713
3600	4	2	2	0	0:00:00.953762
3620	0	-1	6	0	0:00:00.961713
3640	6	2	2	0	0:00:00.949330
3660	0	8	8	0	0:00:00.961393
3680	0	-1	2	0	0:00:00.968541
3700	3	-1	4	0	0:00:00.966047
3720	2	2	2	1	0:00:00.968554
3740	0	-1	8	0	0:00:00.968118
3760	7	7	7	1	0:00:00.955149
3780	4	-1	2	0	0:00:00.943157
3800	9	-1	3	0	0:00:00.963485
3820	0	2	2	0	0:00:00.963759
3840	6	-1	3	0	0:00:00.952290
3860	7	7	7	1	0:00:00.951598
3880	6	4	4	0	0:00:00.954529
3900	3	-1	1	0	0:00:00.962609
3920	7	-1	8	0	0:00:00.979874
3940	6	-1	4	0	0:00:00.950366
3960	2	-1	5	0	0:00:00.946150
3980	9	7	7	0	0:00:00.946201
4000	8	7	4	0	0:00:00.955646
4020	8	1	8	0	0:00:00.955231
4040	0	-1	0	0	0:00:00.964988
4060	6	3	3	0	0:00:00.976763
4080	1	8	8	0	0:00:00.961255
4100	7	7	7	1	0:00:00.961254
4120	4	0	0	0	0:00:00.953369
4140	5	3	3	0	0:00:00.960255
4160	5	2	2	0	0:00:00.967251
4180	0	-1	8	0	0:00:00.959208
4200	4	-1	2	0	0:00:00.974785
4220	4	0	0	0	0:00:00.967610
4240	7	0	0	0	0:00:00.962001
4260	8	-1	1	0	0:00:00.955771
4280	8	-1	8	0	0:00:00.963809
4300	8	-1	8	0	0:00:00.945856
4320	1	8	8	0	0:00:00.971360
4340	0	-1	8	0	0:00:00.970034
4360	6	9	9	0	0:00:00.962293
4380	9	-1	8	0	0:00:00.963992
4400	3	4	4	0	0:00:00.958051
4420	5	8	8	0	0:00:00.963952
4440	2	-1	2	0	0:00:00.967307
4460	9	-1	8	0	0:00:00.950176
4480	9	-1	6	0	0:00:00.957997
4500	3	6	6	0	0:00:00.962523
4520	3	6	6	0	0:00:00.973332
4540	9	9	9	1	0:00:00.950956
4560	1	-1	4	0	0:00:00.953946
4580	6	4	4	0	0:00:00.983325
4600	4	7	4	0	0:00:00.969060
4620	7	3	3	0	0:00:00.979171
4640	2	3	4	0	0:00:00.952478
4660	7	-1	2	0	0:00:00.962952
4680	9	1	1	0	0:00:00.975937
4700	6	1	4	0	0:00:00.961571
4720	8	0	0	0	0:00:00.964149
4740	5	-1	4	0	0:00:00.971459
4760	3	-1	4	0	0:00:00.974875
4780	0	0	8	1	0:00:00.971924
4800	9	9	9	1	0:00:00.998176
4820	3	5	5	0	0:00:00.965851
4840	0	0	0	1	0:00:00.975160
4860	5	3	3	0	0:00:00.977047
4880	0	2	2	0	0:00:00.971930
4900	3	6	6	0	0:00:00.967086
4920	7	7	2	1	0:00:00.971592
4940	6	-1	4	0	0:00:00.975590
4960	4	3	3	0	0:00:00.983606
4980	1	9	8	0	0:00:00.974713
5000	7	7	7	1	0:00:00.960035
5020	8	1	8	0	0:00:00.975481
5040	3	-1	4	0	0:00:00.971060
5060	6	2	4	0	0:00:00.980922
5080	7	7	7	1	0:00:00.984701
5100	3	3	3	1	0:00:00.978807
5120	9	-1	8	0	0:00:00.970809
5140	8	-1	8	0	0:00:00.976603
5160	0	8	8	0	0:00:00.975356
5180	9	-1	4	0	0:00:00.970973
5200	3	3	3	1	0:00:00.970580
5220	0	0	0	1	0:00:00.980449
5240	1	-1	2	0	0:00:00.972416
5260	0	0	0	1	0:00:00.961962
5280	0	8	8	0	0:00:00.984001
5300	9	1	1	0	0:00:00.973109
5320	7	-1	3	0	0:00:00.977080
5340	3	4	4	0	0:00:00.951307
5360	9	9	3	1	0:00:00.980193
5380	1	9	9	0	0:00:00.974616
5400	9	-1	8	0	0:00:00.987986
5420	6	-1	6	0	0:00:00.940284
5440	9	9	9	1	0:00:00.990484
5460	0	7	7	0	0:00:00.972414
5480	1	-1	8	0	0:00:00.966087
5500	8	1	8	0	0:00:00.964756
5520	4	-1	3	0	0:00:00.974872
5540	5	-1	2	0	0:00:00.981828
5560	3	6	6	0	0:00:01.003911
5580	5	6	6	0	0:00:00.979183
5600	6	-1	0	0	0:00:00.980512
5620	3	2	2	0	0:00:00.970779
5640	2	-1	3	0	0:00:00.967273
5660	9	-1	8	0	0:00:00.987472
5680	2	1	8	0	0:00:00.965414
5700	3	-1	2	0	0:00:00.982322
5720	9	9	9	1	0:00:00.973407
5740	6	-1	4	0	0:00:00.984128
5760	2	-1	2	0	0:00:00.969374
5780	7	7	4	1	0:00:00.975247
5800	2	-1	4	0	0:00:00.965717
5820	5	6	6	0	0:00:00.960715
5840	2	-1	6	0	0:00:00.974647
5860	0	-1	8	0	0:00:00.977995
5880	0	8	0	0	0:00:00.981186
5900	4	3	4	0	0:00:00.975124
5920	8	8	8	1	0:00:00.973101
5940	7	4	4	0	0:00:00.984682
5960	2	-1	4	0	0:00:00.978744
5980	9	9	6	1	0:00:00.979093
6000	8	9	8	0	0:00:00.978526
6020	6	-1	6	0	0:00:00.977814
6040	2	7	7	0	0:00:00.979079
6060	3	4	4	0	0:00:00.976701
6080	1	-1	6	0	0:00:00.981333
6100	1	-1	8	0	0:00:00.972966
6120	5	-1	5	0	0:00:00.972785
6140	9	-1	7	0	0:00:00.988072
6160	2	5	5	0	0:00:00.985491
6180	0	9	8	0	0:00:00.976341
6200	3	-1	3	0	0:00:00.973917
6220	2	6	6	0	0:00:00.962183
6240	2	-1	4	0	0:00:00.975242
6260	2	9	8	0	0:00:00.972704
6280	8	-1	4	0	0:00:00.975742
6300	1	7	4	0	0:00:00.982320
6320	0	0	0	1	0:00:00.972859
6340	3	-1	3	0	0:00:00.974820
6360	2	6	2	0	0:00:00.957427
6380	3	-1	6	0	0:00:00.975876
6400	0	1	4	0	0:00:00.972497
6420	7	-1	8	0	0:00:00.974007
6440	3	-1	8	0	0:00:00.973159
6460	3	1	4	0	0:00:00.972435
6480	0	-1	2	0	0:00:00.970632
6500	7	-1	8	0	0:00:00.971184
6520	6	4	4	0	0:00:00.972437
6540	8	8	8	1	0:00:00.971442
6560	6	-1	4	0	0:00:00.952857
6580	1	-1	2	0	0:00:00.970400
6600	7	7	7	1	0:00:00.953062
6620	7	7	7	1	0:00:00.967403
6640	5	-1	8	0	0:00:00.963174
6660	0	-1	8	0	0:00:00.968472
6680	3	5	5	0	0:00:00.972341
6700	6	-1	2	0	0:00:00.983442
6720	2	4	2	0	0:00:00.975921
6740	2	6	4	0	0:00:00.982111
6760	5	3	2	0	0:00:00.964046
6780	7	7	7	1	0:00:00.974547
6800	6	2	4	0	0:00:00.976964
6820	1	1	8	1	0:00:00.979615
6840	9	-1	1	0	0:00:00.984719
6860	0	-1	2	0	0:00:00.980572
6880	2	7	7	0	0:00:00.980796
6900	3	7	4	0	0:00:00.977013
6920	5	2	2	0	0:00:00.961150
6940	1	1	1	1	0:00:00.954845
6960	9	8	8	0	0:00:00.979343
6980	0	-1	8	0	0:00:00.974346
7000	2	8	8	0	0:00:00.969424
7020	7	-1	8	0	0:00:00.976743
7040	7	8	8	0	0:00:00.970629
7060	8	0	8	0	0:00:00.970390
7080	5	4	4	0	0:00:00.959602
7100	9	3	3	0	0:00:00.967503
7120	7	5	6	0	0:00:00.958533
7140	4	-1	4	0	0:00:00.960416
7160	5	-1	4	0	0:00:00.942945
7180	6	6	6	1	0:00:00.949083
7200	4	6	2	0	0:00:00.943014
7220	9	-1	8	0	0:00:00.942272
7240	0	8	8	0	0:00:00.951267
7260	1	-1	8	0	0:00:00.951771
7280	1	-1	6	0	0:00:00.947073
7300	3	7	4	0	0:00:00.971838
7320	8	0	0	0	0:00:00.967977
7340	2	4	4	0	0:00:00.972441
7360	2	-1	4	0	0:00:00.964577
7380	7	-1	7	0	0:00:00.960703
7400	3	-1	3	0	0:00:00.948230
7420	3	0	0	0	0:00:00.962237
7440	3	-1	2	0	0:00:00.964226
7460	5	5	5	1	0:00:00.960058
7480	1	8	5	0	0:00:00.964430
7500	6	6	6	1	0:00:00.964156
7520	4	-1	4	0	0:00:00.968415
7540	5	5	5	1	0:00:00.967098
7560	0	-1	2	0	0:00:00.950767
7580	8	-1	8	0	0:00:00.968888
7600	8	9	8	0	0:00:00.945662
7620	5	-1	3	0	0:00:00.966076
7640	9	-1	6	0	0:00:00.961136
7660	7	-1	4	0	0:00:00.963692
7680	3	9	3	0	0:00:00.958214
7700	6	6	6	1	0:00:00.948267
7720	5	-1	4	0	0:00:00.964409
7740	4	-1	2	0	0:00:00.955909
7760	2	9	6	0	0:00:00.950229
7780	3	-1	8	0	0:00:00.958147
7800	0	0	8	1	0:00:00.953911
7820	5	8	8	0	0:00:00.959539
7840	1	1	1	1	0:00:00.972456
7860	8	-1	4	0	0:00:00.956964
7880	0	-1	0	0	0:00:00.943492
7900	0	-1	2	0	0:00:00.954488
7920	9	8	8	0	0:00:00.974191
7940	2	6	6	0	0:00:00.952176
7960	0	-1	3	0	0:00:00.955370
7980	3	7	4	0	0:00:00.966984
8000	9	9	8	1	0:00:00.956537
8020	6	3	3	0	0:00:00.980206
8040	2	-1	4	0	0:00:00.979164
8060	6	-1	4	0	0:00:00.972692
8080	4	6	6	0	0:00:00.962126
8100	6	-1	2	0	0:00:00.967757
8120	8	9	8	0	0:00:00.957885
8140	5	4	4	0	0:00:00.975460
8160	6	9	6	0	0:00:00.960832
8180	4	-1	4	0	0:00:00.961739
8200	3	-1	2	0	0:00:00.956509
8220	6	-1	2	0	0:00:00.946196
8240	7	7	7	1	0:00:00.960994
8260	1	3	3	0	0:00:00.988622
8280	4	-1	3	0	0:00:00.958886
8300	5	2	2	0	0:00:00.962704
8320	7	-1	4	0	0:00:00.967741
8340	5	3	4	0	0:00:00.951793
8360	7	-1	4	0	0:00:00.977148
8380	9	8	8	0	0:00:00.951561
8400	0	8	8	0	0:00:00.958088
8420	3	-1	4	0	0:00:00.963420
8440	5	-1	4	0	0:00:00.961468
8460	8	8	8	1	0:00:00.967695
8480	2	-1	8	0	0:00:00.967218
8500	4	2	2	0	0:00:00.958414
8520	8	-1	4	0	0:00:00.957394
8540	4	-1	2	0	0:00:00.954414
8560	7	-1	4	0	0:00:00.971542
8580	3	0	2	0	0:00:00.955418
8600	3	-1	4	0	0:00:00.974719
8620	3	-1	4	0	0:00:00.965516
8640	1	1	1	1	0:00:00.970204
8660	7	-1	5	0	0:00:00.966763
8680	3	9	8	0	0:00:00.971903
8700	3	3	3	1	0:00:00.978881
8720	2	0	0	0	0:00:00.956273
8740	2	-1	4	0	0:00:00.942575
8760	8	-1	5	0	0:00:00.957531
8780	4	-1	4	0	0:00:00.957387
8800	0	0	0	1	0:00:00.965131
8820	2	-1	3	0	0:00:00.965246
8840	2	1	7	0	0:00:00.950052
8860	2	-1	6	0	0:00:00.963304
8880	1	9	6	0	0:00:00.947242
8900	2	-1	4	0	0:00:00.960486
8920	6	6	6	1	0:00:00.967766
8940	6	3	3	0	0:00:00.960255
8960	0	0	0	1	0:00:00.958067
8980	9	9	8	1	0:00:00.961729
9000	8	8	8	1	0:00:00.961370
9020	7	9	8	0	0:00:00.950248
9040	2	5	5	0	0:00:00.951040
9060	9	5	5	0	0:00:00.950402
9080	3	-1	0	0	0:00:00.951052
9100	9	-1	6	0	0:00:00.965549
9120	3	0	0	0	0:00:00.957234
9140	7	-1	8	0	0:00:00.972923
9160	5	-1	4	0	0:00:00.963694
9180	5	5	5	1	0:00:00.961316
9200	8	8	8	1	0:00:00.961864
9220	8	8	8	1	0:00:00.942673
9240	8	-1	8	0	0:00:00.947822
9260	5	-1	5	0	0:00:00.964248
9280	9	-1	8	0	0:00:00.973556
9300	5	-1	2	0	0:00:00.961993
9320	9	-1	8	0	0:00:00.967205
9340	1	1	1	1	0:00:00.961365
9360	5	-1	4	0	0:00:00.964510
9380	5	-1	3	0	0:00:00.970424
9400	6	-1	4	0	0:00:00.954655
9420	5	-1	6	0	0:00:00.960319
9440	8	8	8	1	0:00:00.970812
9460	3	7	6	0	0:00:00.958319
9480	2	4	4	0	0:00:00.955878
9500	9	-1	4	0	0:00:00.959240
9520	1	-1	1	0	0:00:00.954012
9540	5	-1	4	0	0:00:00.945636
9560	9	7	7	0	0:00:00.965745
9580	1	4	4	0	0:00:00.958515
9600	8	-1	8	0	0:00:00.938273
9620	4	7	4	0	0:00:00.961390
9640	5	-1	6	0	0:00:00.951290
9660	6	6	6	1	0:00:00.946460
9680	8	-1	8	0	0:00:00.957324
9700	0	-1	2	0	0:00:00.956185
9720	8	-1	6	0	0:00:00.956735
9740	3	-1	4	0	0:00:00.965419
9760	9	7	4	0	0:00:00.949095
9780	4	6	6	0	0:00:00.960061
9800	1	1	1	1	0:00:00.973282
9820	0	8	8	0	0:00:00.970214
9840	4	-1	5	0	0:00:00.959493
9860	0	5	8	0	0:00:00.944541
9880	7	-1	4	0	0:00:00.955158
9900	8	0	6	0	0:00:00.952891
9920	6	-1	2	0	0:00:00.954100
9940	4	-1	6	0	0:00:00.957613
9960	2	0	0	0	0:00:00.954941
9980	0	0	0	1	0:00:00.945066
