idx	label	predict	basePredict	correct	time
0	3	3	3	1	0:00:01.214806
20	7	1	1	0	0:00:01.107452
40	4	4	4	1	0:00:01.098813
60	7	7	7	1	0:00:01.097629
80	8	8	8	1	0:00:01.127442
100	4	5	5	0	0:00:01.104295
120	8	8	8	1	0:00:01.124913
140	6	6	6	1	0:00:01.135572
160	2	2	2	1	0:00:01.131708
180	0	0	0	1	0:00:01.132621
200	5	5	5	1	0:00:01.121484
220	7	7	7	1	0:00:01.130114
240	1	1	1	1	0:00:01.137310
260	8	8	5	1	0:00:01.147945
280	9	9	9	1	0:00:01.126148
300	6	6	6	1	0:00:01.134648
320	3	5	5	0	0:00:01.121148
340	2	6	4	0	0:00:01.122502
360	9	9	9	1	0:00:01.144295
380	6	6	4	1	0:00:01.127493
400	9	9	9	1	0:00:01.139928
420	4	4	3	1	0:00:01.143247
440	1	1	1	1	0:00:01.119316
460	5	5	5	1	0:00:01.101641
480	8	9	9	0	0:00:01.164092
500	4	6	4	0	0:00:01.085441
520	5	5	5	1	0:00:01.080519
540	1	1	1	1	0:00:01.117838
560	0	0	0	1	0:00:01.139011
580	4	4	4	1	0:00:01.113701
600	8	8	8	1	0:00:01.113721
620	7	7	7	1	0:00:01.121749
640	5	3	3	0	0:00:01.115531
660	9	9	9	1	0:00:01.176583
680	9	-1	9	0	0:00:01.110557
700	7	7	7	1	0:00:01.116377
720	4	-1	9	0	0:00:01.088815
740	2	3	3	0	0:00:01.111052
760	3	3	3	1	0:00:01.119948
780	9	1	1	0	0:00:01.142515
800	7	7	7	1	0:00:01.091485
820	6	1	8	0	0:00:01.112786
840	7	7	7	1	0:00:01.088098
860	4	4	4	1	0:00:01.133507
880	8	8	8	1	0:00:01.096234
900	2	6	4	0	0:00:01.115610
920	6	4	4	0	0:00:01.102408
940	9	9	9	1	0:00:01.085939
960	9	3	3	0	0:00:01.128766
980	2	6	2	0	0:00:01.102512
1000	5	5	5	1	0:00:01.027730
1020	1	1	1	1	0:00:01.076484
1040	7	5	5	0	0:00:01.033416
1060	9	9	9	1	0:00:01.012227
1080	6	6	6	1	0:00:01.006341
1100	7	8	8	0	0:00:00.995610
1120	5	2	2	0	0:00:00.992786
1140	6	6	4	1	0:00:00.986610
1160	8	8	8	1	0:00:01.021280
1180	3	3	3	1	0:00:01.018747
1200	8	8	8	1	0:00:01.002407
1220	9	-1	3	0	0:00:01.003440
1240	2	6	6	0	0:00:01.034432
1260	1	9	9	0	0:00:01.028072
1280	3	3	3	1	0:00:01.000219
1300	4	3	3	0	0:00:01.014690
1320	7	7	2	1	0:00:01.027813
1340	1	1	1	1	0:00:01.016742
1360	7	7	7	1	0:00:01.011039
1380	4	5	5	0	0:00:00.990304
1400	5	5	5	1	0:00:01.013727
1420	4	4	4	1	0:00:00.990211
1440	0	0	0	1	0:00:00.986031
1460	6	6	6	1	0:00:01.036589
1480	1	1	1	1	0:00:01.014305
1500	1	1	1	1	0:00:01.022322
1520	7	7	7	1	0:00:01.002031
1540	8	8	8	1	0:00:00.988387
1560	7	7	7	1	0:00:01.018360
1580	6	1	1	0	0:00:01.024180
1600	8	9	9	0	0:00:01.022810
1620	5	3	3	0	0:00:00.982394
1640	7	3	3	0	0:00:01.015761
1660	3	3	5	1	0:00:00.981508
1680	6	6	6	1	0:00:01.041886
1700	5	-1	3	0	0:00:01.002241
1720	4	2	2	0	0:00:00.974770
1740	1	9	9	0	0:00:01.012087
1760	0	-1	8	0	0:00:01.016309
1780	7	7	7	1	0:00:01.007406
1800	4	-1	8	0	0:00:00.976703
1820	8	9	8	0	0:00:00.988631
1840	8	-1	4	0	0:00:01.016778
1860	8	8	8	1	0:00:00.992058
1880	1	1	1	1	0:00:01.006293
1900	8	8	8	1	0:00:01.011981
1920	2	2	2	1	0:00:01.020691
1940	5	5	5	1	0:00:01.002676
1960	2	5	5	0	0:00:00.993232
1980	9	9	9	1	0:00:00.996646
2000	1	1	1	1	0:00:01.006903
2020	9	9	9	1	0:00:01.006783
2040	0	0	0	1	0:00:01.020537
2060	5	5	5	1	0:00:01.024007
2080	1	1	1	1	0:00:01.015301
2100	2	2	2	1	0:00:01.000175
2120	4	8	8	0	0:00:01.044040
2140	9	9	9	1	0:00:00.994977
2160	0	8	8	0	0:00:00.996221
2180	4	4	4	1	0:00:00.969100
2200	0	0	0	1	0:00:01.000465
2220	1	1	1	1	0:00:00.996523
2240	9	-1	1	0	0:00:00.995186
2260	4	-1	3	0	0:00:00.999415
2280	4	-1	8	0	0:00:00.985753
2300	3	3	3	1	0:00:00.999134
2320	5	3	3	0	0:00:01.000293
2340	7	7	7	1	0:00:01.023329
2360	7	5	5	0	0:00:00.995924
2380	8	8	8	1	0:00:00.971550
2400	0	0	0	1	0:00:00.998938
2420	8	-1	8	0	0:00:00.997984
2440	7	-1	5	0	0:00:01.006535
2460	9	-1	3	0	0:00:01.000231
2480	8	8	8	1	0:00:00.974632
2500	4	6	2	0	0:00:01.004136
2520	1	8	8	0	0:00:00.985185
2540	2	3	3	0	0:00:01.014707
2560	7	7	7	1	0:00:01.030289
2580	6	6	6	1	0:00:01.034731
2600	8	8	8	1	0:00:01.017063
2620	1	1	1	1	0:00:00.981225
2640	7	7	7	1	0:00:00.993621
2660	3	2	2	0	0:00:00.989548
2680	0	0	0	1	0:00:00.969050
2700	9	1	1	0	0:00:01.007009
2720	3	3	3	1	0:00:00.994111
2740	1	1	1	1	0:00:01.023877
2760	2	2	2	1	0:00:01.011698
2780	7	7	7	1	0:00:01.016297
2800	4	4	4	1	0:00:01.009753
2820	6	6	6	1	0:00:00.986988
2840	3	3	3	1	0:00:00.990239
2860	5	6	6	0	0:00:00.998728
2880	4	4	4	1	0:00:00.990542
2900	3	5	5	0	0:00:01.019146
2920	2	3	5	0	0:00:00.998580
2940	3	0	0	0	0:00:00.997134
2960	9	9	9	1	0:00:00.985612
2980	8	8	8	1	0:00:00.996135
3000	5	5	5	1	0:00:01.032319
3020	1	1	1	1	0:00:00.998815
3040	7	7	7	1	0:00:00.990372
3060	7	7	7	1	0:00:01.009536
3080	1	1	1	1	0:00:01.018715
3100	0	0	0	1	0:00:01.000894
3120	4	6	2	0	0:00:00.990818
3140	8	8	8	1	0:00:00.993082
3160	6	2	2	0	0:00:01.004066
3180	3	6	3	0	0:00:01.005744
3200	5	5	5	1	0:00:00.986567
3220	3	9	9	0	0:00:01.018355
3240	4	-1	0	0	0:00:01.019490
3260	7	7	7	1	0:00:01.016930
3280	3	5	5	0	0:00:01.006195
3300	4	4	2	1	0:00:01.007752
3320	2	-1	7	0	0:00:01.014669
3340	6	6	4	1	0:00:00.996994
3360	4	4	3	1	0:00:00.985104
3380	8	8	8	1	0:00:00.999317
3400	6	7	4	0	0:00:00.993299
3420	5	3	3	0	0:00:01.015332
3440	2	3	3	0	0:00:01.032284
3460	1	1	1	1	0:00:00.991924
3480	2	2	2	1	0:00:00.977959
3500	1	1	1	1	0:00:01.013557
3520	1	1	1	1	0:00:00.988909
3540	6	6	3	1	0:00:01.001268
3560	1	0	0	0	0:00:00.998006
3580	4	2	2	0	0:00:01.001811
3600	4	2	2	0	0:00:00.999358
3620	0	-1	3	0	0:00:00.995897
3640	6	2	2	0	0:00:00.992919
3660	0	0	8	1	0:00:01.004163
3680	0	2	2	0	0:00:01.032220
3700	3	3	3	1	0:00:01.007274
3720	2	2	2	1	0:00:00.995244
3740	0	0	0	1	0:00:00.993655
3760	7	7	7	1	0:00:01.017887
3780	4	-1	2	0	0:00:01.000669
3800	9	9	9	1	0:00:01.008518
3820	0	0	0	1	0:00:01.000497
3840	6	3	3	0	0:00:01.012225
3860	7	7	7	1	0:00:01.016261
3880	6	-1	4	0	0:00:01.016922
3900	3	3	6	1	0:00:01.025445
3920	7	1	5	0	0:00:01.018921
3940	6	3	2	0	0:00:01.023959
3960	2	2	2	1	0:00:01.014276
3980	9	-1	3	0	0:00:01.030178
4000	8	0	0	0	0:00:01.013804
4020	8	8	8	1	0:00:01.017548
4040	0	0	0	1	0:00:01.014315
4060	6	-1	3	0	0:00:01.017001
4080	1	1	1	1	0:00:01.008187
4100	7	7	7	1	0:00:01.401755
4120	4	4	4	1	0:00:01.028497
4140	5	5	5	1	0:00:01.003628
4160	5	5	5	1	0:00:00.985872
4180	0	0	0	1	0:00:00.984940
4200	4	4	2	1	0:00:00.990766
4220	4	0	0	0	0:00:00.999861
4240	7	0	0	0	0:00:00.959420
4260	8	8	8	1	0:00:01.005127
4280	8	9	9	0	0:00:01.045176
4300	8	8	8	1	0:00:01.029957
4320	1	1	8	1	0:00:01.014143
4340	0	0	0	1	0:00:01.047300
4360	6	3	3	0	0:00:01.016025
4380	9	9	9	1	0:00:01.043011
4400	3	4	2	0	0:00:00.993129
4420	5	5	7	1	0:00:01.004864
4440	2	2	2	1	0:00:01.001748
4460	9	9	9	1	0:00:00.994740
4480	9	9	9	1	0:00:01.022629
4500	3	5	5	0	0:00:01.011312
4520	3	3	3	1	0:00:01.023362
4540	9	9	9	1	0:00:01.019368
4560	1	1	1	1	0:00:00.994399
4580	6	4	4	0	0:00:00.994452
4600	4	4	4	1	0:00:01.021140
4620	7	3	3	0	0:00:00.998651
4640	2	2	2	1	0:00:00.992336
4660	7	7	7	1	0:00:01.003271
4680	9	9	9	1	0:00:01.026468
4700	6	6	3	1	0:00:01.033348
4720	8	-1	8	0	0:00:01.028931
4740	5	3	3	0	0:00:00.996434
4760	3	2	2	0	0:00:00.985159
4780	0	0	0	1	0:00:00.966006
4800	9	9	9	1	0:00:00.994186
4820	3	-1	3	0	0:00:01.014300
4840	0	0	0	1	0:00:01.008517
4860	5	5	5	1	0:00:01.045383
4880	0	0	0	1	0:00:01.008540
4900	3	1	5	0	0:00:01.018212
4920	7	7	7	1	0:00:01.016250
4940	6	6	4	1	0:00:01.019044
4960	4	3	3	0	0:00:01.031342
4980	1	9	9	0	0:00:01.010199
5000	7	7	7	1	0:00:01.026683
5020	8	8	8	1	0:00:01.002416
5040	3	3	3	1	0:00:01.009136
5060	6	6	6	1	0:00:01.033851
5080	7	7	7	1	0:00:01.006393
5100	3	3	3	1	0:00:01.018321
5120	9	9	8	1	0:00:01.020203
5140	8	8	8	1	0:00:01.003632
5160	0	0	0	1	0:00:01.008199
5180	9	7	7	0	0:00:01.005074
5200	3	3	3	1	0:00:01.027478
5220	0	0	0	1	0:00:01.026149
5240	1	1	1	1	0:00:01.007518
5260	0	0	0	1	0:00:01.014364
5280	0	8	8	0	0:00:01.021723
5300	9	9	9	1	0:00:00.987860
5320	7	7	7	1	0:00:00.975065
5340	3	-1	3	0	0:00:00.998894
5360	9	9	9	1	0:00:00.986533
5380	1	9	9	0	0:00:00.979609
5400	9	9	9	1	0:00:00.969259
5420	6	6	6	1	0:00:01.012883
5440	9	9	9	1	0:00:01.048005
5460	0	0	0	1	0:00:00.980760
5480	1	1	1	1	0:00:00.991740
5500	8	8	8	1	0:00:00.997632
5520	4	-1	3	0	0:00:01.000535
5540	5	6	2	0	0:00:00.988626
5560	3	5	5	0	0:00:00.997029
5580	5	6	3	0	0:00:00.987588
5600	6	-1	0	0	0:00:00.994310
5620	3	2	2	0	0:00:01.002059
5640	2	-1	2	0	0:00:01.012997
5660	9	9	9	1	0:00:01.001143
5680	2	3	3	0	0:00:01.013058
5700	3	5	3	0	0:00:01.016774
5720	9	9	9	1	0:00:01.010068
5740	6	4	4	0	0:00:01.005079
5760	2	2	2	1	0:00:00.992115
5780	7	7	7	1	0:00:01.013865
5800	2	2	2	1	0:00:00.971211
5820	5	5	3	1	0:00:00.976669
5840	2	2	5	1	0:00:00.995602
5860	0	0	0	1	0:00:01.021703
5880	0	0	0	1	0:00:01.016531
5900	4	3	5	0	0:00:00.998317
5920	8	8	8	1	0:00:01.016548
5940	7	-1	7	0	0:00:01.078086
5960	2	6	6	0	0:00:00.974004
5980	9	9	9	1	0:00:00.998704
6000	8	-1	8	0	0:00:00.943604
6020	6	6	6	1	0:00:00.914422
6040	2	-1	7	0	0:00:00.922226
6060	3	-1	4	0	0:00:00.922962
6080	1	1	1	1	0:00:00.940717
6100	1	1	1	1	0:00:00.998264
6120	5	5	5	1	0:00:01.015757
6140	9	9	9	1	0:00:00.994832
6160	2	5	2	0	0:00:00.994873
6180	0	0	0	1	0:00:00.985136
6200	3	3	3	1	0:00:00.996361
6220	2	5	5	0	0:00:00.996363
6240	2	2	2	1	0:00:00.999911
6260	2	1	0	0	0:00:00.925464
6280	8	5	5	0	0:00:00.931154
6300	1	1	1	1	0:00:00.915683
6320	0	0	0	1	0:00:00.955397
6340	3	5	5	0	0:00:00.989188
6360	2	2	2	1	0:00:00.942142
6380	3	6	5	0	0:00:00.983552
6400	0	-1	0	0	0:00:00.936736
6420	7	7	7	1	0:00:00.968200
6440	3	8	8	0	0:00:00.928015
6460	3	-1	3	0	0:00:00.939413
6480	0	0	0	1	0:00:00.945325
6500	7	6	6	0	0:00:00.950297
6520	6	-1	2	0	0:00:00.956906
6540	8	8	8	1	0:00:00.953893
6560	6	6	6	1	0:00:01.030761
6580	1	1	3	1	0:00:01.007313
6600	7	7	7	1	0:00:00.968188
6620	7	7	7	1	0:00:00.978360
6640	5	3	3	0	0:00:00.959964
6660	0	0	0	1	0:00:00.970485
6680	3	5	5	0	0:00:00.981188
6700	6	6	6	1	0:00:00.996302
6720	2	2	2	1	0:00:01.011391
6740	2	-1	4	0	0:00:01.001876
6760	5	5	3	1	0:00:00.929802
6780	7	7	7	1	0:00:00.976628
6800	6	6	2	1	0:00:00.949548
6820	1	1	1	1	0:00:00.950362
6840	9	9	9	1	0:00:00.934252
6860	0	0	0	1	0:00:00.934099
6880	2	2	2	1	0:00:00.929976
6900	3	3	3	1	0:00:00.967100
6920	5	2	2	0	0:00:00.993258
6940	1	1	1	1	0:00:00.988281
6960	9	9	8	1	0:00:01.012759
6980	0	0	8	1	0:00:00.991642
7000	2	0	8	0	0:00:01.005231
7020	7	7	7	1	0:00:01.055893
7040	7	-1	8	0	0:00:00.991765
7060	8	8	8	1	0:00:00.983129
7080	5	4	4	0	0:00:00.988761
7100	9	3	3	0	0:00:01.001776
7120	7	7	7	1	0:00:01.000901
7140	4	4	3	1	0:00:01.001994
7160	5	5	5	1	0:00:00.997561
7180	6	6	6	1	0:00:01.000135
7200	4	6	2	0	0:00:00.992940
7220	9	9	9	1	0:00:01.032707
7240	0	-1	8	0	0:00:01.065102
7260	1	1	1	1	0:00:01.010100
7280	1	-1	0	0	0:00:00.997046
7300	3	4	4	0	0:00:00.996242
7320	8	-1	8	0	0:00:00.996213
7340	2	4	4	0	0:00:01.003967
7360	2	2	2	1	0:00:00.980988
7380	7	7	7	1	0:00:01.007113
7400	3	5	5	0	0:00:00.999074
7420	3	2	2	0	0:00:00.979926
7440	3	3	3	1	0:00:00.982737
7460	5	5	5	1	0:00:01.006013
7480	1	1	1	1	0:00:00.984922
7500	6	6	6	1	0:00:01.021261
7520	4	4	4	1	0:00:01.027580
7540	5	5	5	1	0:00:00.984293
7560	0	0	0	1	0:00:01.015664
7580	8	8	8	1	0:00:01.041514
7600	8	9	2	0	0:00:01.006813
7620	5	3	3	0	0:00:00.964156
7640	9	8	8	0	0:00:00.995964
7660	7	-1	7	0	0:00:01.016484
7680	3	9	5	0	0:00:00.999603
7700	6	6	6	1	0:00:01.018438
7720	5	5	5	1	0:00:01.003284
7740	4	2	2	0	0:00:00.987592
7760	2	9	8	0	0:00:01.022957
7780	3	1	1	0	0:00:01.001315
7800	0	0	0	1	0:00:00.997042
7820	5	-1	8	0	0:00:00.986443
7840	1	1	1	1	0:00:01.006632
7860	8	8	8	1	0:00:00.991493
7880	0	0	0	1	0:00:00.981802
7900	0	2	2	0	0:00:01.012855
7920	9	9	9	1	0:00:01.020653
7940	2	6	6	0	0:00:00.980074
7960	0	0	0	1	0:00:01.004584
7980	3	3	5	1	0:00:00.987438
8000	9	9	9	1	0:00:00.997604
8020	6	3	3	0	0:00:00.980816
8040	2	2	2	1	0:00:00.976328
8060	6	6	6	1	0:00:01.003090
8080	4	6	4	0	0:00:01.010111
8100	6	2	2	0	0:00:01.013554
8120	8	9	8	0	0:00:01.015879
8140	5	4	4	0	0:00:01.052714
8160	6	6	6	1	0:00:01.001086
8180	4	4	4	1	0:00:01.000697
8200	3	0	0	0	0:00:01.003044
8220	6	6	6	1	0:00:00.991367
8240	7	7	7	1	0:00:00.983315
8260	1	1	1	1	0:00:00.999774
8280	4	3	3	0	0:00:01.026279
8300	5	2	2	0	0:00:00.996840
8320	7	-1	3	0	0:00:01.013350
8340	5	5	5	1	0:00:01.026339
8360	7	7	7	1	0:00:00.980379
8380	9	9	9	1	0:00:01.009328
8400	0	0	0	1	0:00:00.992665
8420	3	6	2	0	0:00:01.001996
8440	5	3	3	0	0:00:00.991188
8460	8	8	8	1	0:00:01.000090
8480	2	2	2	1	0:00:01.010119
8500	4	4	4	1	0:00:01.011911
8520	8	8	8	1	0:00:01.016321
8540	4	2	2	0	0:00:00.978643
8560	7	7	7	1	0:00:01.035595
8580	3	5	5	0	0:00:01.022938
8600	3	5	5	0	0:00:01.007432
8620	3	3	3	1	0:00:01.016978
8640	1	1	1	1	0:00:00.999679
8660	7	7	7	1	0:00:01.021468
8680	3	3	2	1	0:00:01.013665
8700	3	5	5	0	0:00:00.993410
8720	2	0	0	0	0:00:01.018992
8740	2	-1	4	0	0:00:01.008889
8760	8	8	8	1	0:00:01.015336
8780	4	4	4	1	0:00:01.070601
8800	0	0	0	1	0:00:00.994268
8820	2	2	2	1	0:00:01.019825
8840	2	-1	2	0	0:00:00.987690
8860	2	2	2	1	0:00:01.006987
8880	1	1	1	1	0:00:01.012017
8900	2	2	2	1	0:00:01.025662
8920	6	6	6	1	0:00:00.991844
8940	6	-1	5	0	0:00:00.999256
8960	0	0	0	1	0:00:01.010478
8980	9	9	9	1	0:00:01.007451
9000	8	8	8	1	0:00:01.038790
9020	7	7	7	1	0:00:01.040219
9040	2	5	5	0	0:00:01.020083
9060	9	9	9	1	0:00:01.017372
9080	3	-1	2	0	0:00:01.003451
9100	9	1	1	0	0:00:01.006281
9120	3	5	5	0	0:00:01.008099
9140	7	7	7	1	0:00:00.974804
9160	5	5	5	1	0:00:00.993650
9180	5	5	5	1	0:00:01.008834
9200	8	8	8	1	0:00:01.013154
9220	8	8	8	1	0:00:01.041349
9240	8	8	8	1	0:00:01.001818
9260	5	5	5	1	0:00:00.995039
9280	9	9	8	1	0:00:01.010853
9300	5	3	3	0	0:00:01.010774
9320	9	9	9	1	0:00:01.005610
9340	1	1	1	1	0:00:01.022092
9360	5	0	0	0	0:00:01.018619
9380	5	3	3	0	0:00:01.013469
9400	6	6	2	1	0:00:01.000247
9420	5	5	5	1	0:00:01.022025
9440	8	8	8	1	0:00:01.032442
9460	3	7	7	0	0:00:00.998507
9480	2	4	4	0	0:00:00.968518
9500	9	9	9	1	0:00:00.988186
9520	1	1	1	1	0:00:00.982745
9540	5	5	5	1	0:00:00.976015
9560	9	-1	8	0	0:00:00.992750
9580	1	1	1	1	0:00:00.984445
9600	8	8	8	1	0:00:00.952251
9620	4	4	4	1	0:00:00.967000
9640	5	5	5	1	0:00:00.961341
9660	6	6	6	1	0:00:00.999664
9680	8	8	8	1	0:00:01.023965
9700	0	0	0	1	0:00:00.982808
9720	8	8	3	1	0:00:00.976351
9740	3	6	2	0	0:00:01.007205
9760	9	9	9	1	0:00:00.971553
9780	4	6	4	0	0:00:00.975705
9800	1	1	1	1	0:00:00.973559
9820	0	1	8	0	0:00:00.991629
9840	4	-1	3	0	0:00:00.982200
9860	0	0	0	1	0:00:00.983277
9880	7	3	3	0	0:00:00.982227
9900	8	8	8	1	0:00:01.021720
9920	6	6	6	1	0:00:00.991576
9940	4	4	4	1	0:00:00.981288
9960	2	0	0	0	0:00:00.980469
9980	0	0	0	1	0:00:00.985204
