idx	label	predict	basePredict	correct	time
0	3	3	3	1	0:00:03.843106
20	7	7	7	1	0:00:02.736928
40	4	4	4	1	0:00:02.722253
60	7	7	7	1	0:00:02.892096
80	8	8	8	1	0:00:02.684646
100	4	-1	2	0	0:00:02.680439
120	8	8	8	1	0:00:02.678310
140	6	6	2	1	0:00:02.660637
160	2	2	2	1	0:00:02.693983
180	0	0	0	1	0:00:02.752605
200	5	5	5	1	0:00:02.675910
220	7	7	7	1	0:00:02.675919
240	1	1	1	1	0:00:02.667877
260	8	8	3	1	0:00:02.664953
280	9	9	9	1	0:00:02.665193
300	6	6	6	1	0:00:02.669672
320	3	3	3	1	0:00:02.724961
340	2	4	4	0	0:00:02.674160
360	9	9	5	1	0:00:02.665462
380	6	6	2	1	0:00:02.666956
400	9	9	9	1	0:00:02.665133
420	4	4	4	1	0:00:02.662789
440	1	1	1	1	0:00:02.778990
460	5	5	5	1	0:00:02.660370
480	8	9	9	0	0:00:02.731455
500	4	6	2	0	0:00:02.677712
520	5	5	5	1	0:00:02.651985
540	1	1	1	1	0:00:02.656041
560	0	0	0	1	0:00:02.695161
580	4	4	4	1	0:00:02.658269
600	8	8	8	1	0:00:02.667844
620	7	7	7	1	0:00:02.749131
640	5	3	3	0	0:00:02.720616
660	9	9	9	1	0:00:02.656694
680	9	9	2	1	0:00:02.682005
700	7	7	7	1	0:00:02.660943
720	4	9	4	0	0:00:02.705270
740	2	3	3	0	0:00:02.696810
760	3	3	3	1	0:00:02.728741
780	9	9	9	1	0:00:02.661318
800	7	7	7	1	0:00:02.702391
820	6	6	6	1	0:00:02.659127
840	7	7	7	1	0:00:02.669590
860	4	4	4	1	0:00:02.660850
880	8	8	8	1	0:00:02.650186
900	2	2	2	1	0:00:02.655183
920	6	6	6	1	0:00:02.691969
940	9	9	9	1	0:00:02.684149
960	9	9	9	1	0:00:02.684244
980	2	6	2	0	0:00:02.706294
1000	5	5	5	1	0:00:01.940011
1020	1	1	1	1	0:00:01.939691
1040	7	5	5	0	0:00:01.943371
1060	9	9	9	1	0:00:01.938521
1080	6	6	6	1	0:00:01.938175
1100	7	0	0	0	0:00:01.937504
1120	5	5	2	1	0:00:01.948284
1140	6	6	4	1	0:00:01.938921
1160	8	8	0	1	0:00:01.946231
1180	3	3	3	1	0:00:01.938452
1200	8	8	8	1	0:00:01.942683
1220	9	6	6	0	0:00:01.942466
1240	2	6	6	0	0:00:01.944427
1260	1	9	9	0	0:00:01.939455
1280	3	3	3	1	0:00:01.938959
1300	4	3	3	0	0:00:01.939739
1320	7	2	2	0	0:00:01.938198
1340	1	1	1	1	0:00:01.948151
1360	7	7	7	1	0:00:01.940188
1380	4	5	5	0	0:00:01.941047
1400	5	3	3	0	0:00:01.941179
1420	4	7	4	0	0:00:01.938187
1440	0	0	8	1	0:00:01.947804
1460	6	6	2	1	0:00:01.939483
1480	1	1	5	1	0:00:01.940358
1500	1	1	1	1	0:00:01.938278
1520	7	7	4	1	0:00:01.941969
1540	8	8	8	1	0:00:01.939057
1560	7	7	7	1	0:00:01.938701
1580	6	1	3	0	0:00:01.948685
1600	8	9	6	0	0:00:01.939214
1620	5	4	4	0	0:00:01.941289
1640	7	3	3	0	0:00:01.943741
1660	3	3	3	1	0:00:01.939331
1680	6	6	6	1	0:00:01.937812
1700	5	5	3	1	0:00:01.939163
1720	4	4	2	1	0:00:01.944297
1740	1	1	1	1	0:00:01.941782
1760	0	0	0	1	0:00:01.941098
1780	7	7	7	1	0:00:01.939793
1800	4	4	8	1	0:00:01.944866
1820	8	8	8	1	0:00:01.940669
1840	8	9	4	0	0:00:01.945576
1860	8	8	8	1	0:00:01.939917
1880	1	1	1	1	0:00:01.944965
1900	8	8	8	1	0:00:01.946493
1920	2	2	2	1	0:00:01.940547
1940	5	5	2	1	0:00:01.937078
1960	2	5	5	0	0:00:01.939318
1980	9	9	9	1	0:00:01.938587
2000	1	1	2	1	0:00:01.938081
2020	9	9	9	1	0:00:01.937167
2040	0	0	0	1	0:00:01.938959
2060	5	3	3	0	0:00:01.951302
2080	1	1	9	1	0:00:01.942626
2100	2	2	2	1	0:00:01.938146
2120	4	8	8	0	0:00:01.941189
2140	9	9	9	1	0:00:01.938825
2160	0	0	8	1	0:00:01.939076
2180	4	4	4	1	0:00:01.939884
2200	0	2	2	0	0:00:01.940693
2220	1	1	1	1	0:00:01.938998
2240	9	9	8	1	0:00:01.938262
2260	4	4	4	1	0:00:01.939421
2280	4	-1	2	0	0:00:01.938663
2300	3	3	2	1	0:00:01.937709
2320	5	2	2	0	0:00:01.938710
2340	7	7	7	1	0:00:01.939599
2360	7	7	5	1	0:00:01.938495
2380	8	8	8	1	0:00:01.940710
2400	0	0	0	1	0:00:01.943114
2420	8	-1	5	0	0:00:01.940329
2440	7	7	7	1	0:00:01.940506
2460	9	7	3	0	0:00:01.941101
2480	8	8	8	1	0:00:01.940072
2500	4	4	4	1	0:00:01.939941
2520	1	1	7	1	0:00:01.944053
2540	2	5	5	0	0:00:01.938771
2560	7	7	4	1	0:00:01.937495
2580	6	-1	6	0	0:00:01.938477
2600	8	8	8	1	0:00:01.939054
2620	1	1	8	1	0:00:01.939302
2640	7	7	7	1	0:00:01.938642
2660	3	5	2	0	0:00:01.940296
2680	0	0	0	1	0:00:01.943111
2700	9	9	1	1	0:00:01.945616
2720	3	3	3	1	0:00:01.938312
2740	1	1	1	1	0:00:01.937975
2760	2	2	2	1	0:00:01.938935
2780	7	7	7	1	0:00:01.939155
2800	4	4	4	1	0:00:01.939449
2820	6	6	6	1	0:00:01.942025
2840	3	3	3	1	0:00:01.942186
2860	5	7	6	0	0:00:01.940099
2880	4	4	4	1	0:00:01.938760
2900	3	5	2	0	0:00:01.939326
2920	2	3	3	0	0:00:01.941992
2940	3	0	0	0	0:00:01.939412
2960	9	9	9	1	0:00:01.939175
2980	8	8	8	1	0:00:01.942569
3000	5	5	5	1	0:00:01.938293
3020	1	1	1	1	0:00:01.944159
3040	7	7	7	1	0:00:01.941170
3060	7	7	7	1	0:00:01.939100
3080	1	1	1	1	0:00:01.941521
3100	0	0	0	1	0:00:01.945388
3120	4	6	2	0	0:00:01.939906
3140	8	8	8	1	0:00:01.939722
3160	6	2	2	0	0:00:01.938315
3180	3	3	3	1	0:00:01.942334
3200	5	7	7	0	0:00:01.943511
3220	3	9	3	0	0:00:01.939890
3240	4	1	8	0	0:00:01.943429
3260	7	7	7	1	0:00:01.937995
3280	3	5	5	0	0:00:01.938998
3300	4	4	4	1	0:00:01.937560
3320	2	7	7	0	0:00:01.939297
3340	6	6	2	1	0:00:01.937628
3360	4	4	4	1	0:00:01.938210
3380	8	8	8	1	0:00:01.937487
3400	6	4	4	0	0:00:01.939128
3420	5	3	3	0	0:00:01.938948
3440	2	3	3	0	0:00:01.943377
3460	1	1	1	1	0:00:01.938670
3480	2	2	2	1	0:00:01.940368
3500	1	1	1	1	0:00:01.937836
3520	1	1	1	1	0:00:01.939937
3540	6	6	6	1	0:00:01.938162
3560	1	9	8	0	0:00:01.937054
3580	4	4	4	1	0:00:01.939590
3600	4	2	2	0	0:00:01.938656
3620	0	0	6	1	0:00:01.939653
3640	6	2	2	0	0:00:01.943982
3660	0	0	8	1	0:00:01.940404
3680	0	-1	2	0	0:00:01.939349
3700	3	3	3	1	0:00:01.938304
3720	2	2	2	1	0:00:01.938862
3740	0	0	0	1	0:00:01.941030
3760	7	7	7	1	0:00:01.940727
3780	4	4	2	1	0:00:01.938572
3800	9	9	9	1	0:00:01.939007
3820	0	0	2	1	0:00:01.939225
3840	6	3	3	0	0:00:01.939772
3860	7	7	7	1	0:00:01.939408
3880	6	4	3	0	0:00:01.938284
3900	3	6	6	0	0:00:01.939317
3920	7	7	7	1	0:00:01.940936
3940	6	5	4	0	0:00:01.937112
3960	2	2	2	1	0:00:01.938145
3980	9	9	9	1	0:00:01.939082
4000	8	0	8	0	0:00:01.937748
4020	8	8	8	1	0:00:01.939771
4040	0	0	0	1	0:00:01.939818
4060	6	6	3	1	0:00:01.947888
4080	1	1	8	1	0:00:01.939546
4100	7	7	7	1	0:00:01.938579
4120	4	4	4	1	0:00:01.939431
4140	5	5	5	1	0:00:01.939074
4160	5	5	2	1	0:00:01.938781
4180	0	0	8	1	0:00:01.938231
4200	4	2	2	0	0:00:01.938642
4220	4	0	0	0	0:00:01.938524
4240	7	0	8	0	0:00:01.938378
4260	8	8	8	1	0:00:01.938718
4280	8	1	8	0	0:00:01.939293
4300	8	8	8	1	0:00:01.941013
4320	1	8	8	0	0:00:01.941594
4340	0	0	0	1	0:00:01.942373
4360	6	9	6	0	0:00:01.940635
4380	9	9	8	1	0:00:01.940872
4400	3	-1	4	0	0:00:01.940150
4420	5	5	7	1	0:00:01.942299
4440	2	2	2	1	0:00:01.939286
4460	9	9	8	1	0:00:01.939294
4480	9	9	9	1	0:00:01.940853
4500	3	5	5	0	0:00:01.942690
4520	3	6	6	0	0:00:01.941840
4540	9	9	9	1	0:00:01.942435
4560	1	1	1	1	0:00:01.942181
4580	6	6	4	1	0:00:01.939890
4600	4	7	4	0	0:00:01.941617
4620	7	3	3	0	0:00:01.939667
4640	2	2	2	1	0:00:01.940387
4660	7	7	4	1	0:00:01.940872
4680	9	1	1	0	0:00:01.940157
4700	6	1	5	0	0:00:01.940535
4720	8	8	8	1	0:00:01.942252
4740	5	3	3	0	0:00:01.939572
4760	3	-1	2	0	0:00:01.940000
4780	0	0	8	1	0:00:01.940915
4800	9	9	9	1	0:00:01.940183
4820	3	3	3	1	0:00:01.940177
4840	0	0	0	1	0:00:01.940550
4860	5	5	5	1	0:00:01.939903
4880	0	0	2	1	0:00:01.940609
4900	3	6	6	0	0:00:01.951517
4920	7	7	7	1	0:00:01.943342
4940	6	6	2	1	0:00:01.944784
4960	4	3	3	0	0:00:01.944001
4980	1	9	9	0	0:00:01.945461
5000	7	7	7	1	0:00:01.939848
5020	8	8	8	1	0:00:01.941453
5040	3	3	3	1	0:00:01.939873
5060	6	6	2	1	0:00:01.946141
5080	7	7	7	1	0:00:01.940664
5100	3	3	3	1	0:00:01.942379
5120	9	9	9	1	0:00:01.941145
5140	8	8	8	1	0:00:01.942349
5160	0	0	0	1	0:00:01.940796
5180	9	7	4	0	0:00:01.941520
5200	3	3	3	1	0:00:01.947443
5220	0	0	0	1	0:00:01.942653
5240	1	9	9	0	0:00:01.942540
5260	0	0	0	1	0:00:01.941514
5280	0	8	8	0	0:00:01.940240
5300	9	9	9	1	0:00:01.940590
5320	7	7	7	1	0:00:01.939108
5340	3	4	4	0	0:00:01.942352
5360	9	9	3	1	0:00:01.939890
5380	1	9	9	0	0:00:01.940109
5400	9	9	9	1	0:00:01.940238
5420	6	6	6	1	0:00:01.939673
5440	9	9	9	1	0:00:01.940761
5460	0	0	0	1	0:00:01.938976
5480	1	1	8	1	0:00:01.938102
5500	8	8	8	1	0:00:01.939364
5520	4	-1	3	0	0:00:01.939744
5540	5	6	3	0	0:00:01.939891
5560	3	5	5	0	0:00:01.946350
5580	5	3	3	0	0:00:01.941177
5600	6	-1	4	0	0:00:01.943402
5620	3	4	6	0	0:00:01.942043
5640	2	2	2	1	0:00:01.940435
5660	9	9	9	1	0:00:01.939299
5680	2	3	3	0	0:00:01.937928
5700	3	5	3	0	0:00:01.937476
5720	9	9	9	1	0:00:01.941562
5740	6	6	6	1	0:00:01.939260
5760	2	2	2	1	0:00:01.941217
5780	7	7	7	1	0:00:01.939417
5800	2	2	2	1	0:00:01.940184
5820	5	5	5	1	0:00:01.939423
5840	2	2	2	1	0:00:01.939065
5860	0	0	0	1	0:00:01.938329
5880	0	0	0	1	0:00:01.940331
5900	4	3	0	0	0:00:01.940703
5920	8	8	8	1	0:00:01.940372
5940	7	4	4	0	0:00:01.940025
5960	2	6	6	0	0:00:01.939273
5980	9	9	9	1	0:00:01.939092
6000	8	8	8	1	0:00:01.940376
6020	6	6	6	1	0:00:01.938822
6040	2	-1	5	0	0:00:01.940055
6060	3	3	2	1	0:00:01.937769
6080	1	1	1	1	0:00:01.937776
6100	1	1	1	1	0:00:01.938224
6120	5	5	5	1	0:00:01.938370
6140	9	9	9	1	0:00:01.941085
6160	2	2	5	1	0:00:01.939154
6180	0	0	0	1	0:00:01.940431
6200	3	3	3	1	0:00:01.949357
6220	2	5	5	0	0:00:01.938235
6240	2	2	2	1	0:00:01.939835
6260	2	6	6	0	0:00:01.938584
6280	8	5	5	0	0:00:01.938619
6300	1	1	1	1	0:00:01.937910
6320	0	0	0	1	0:00:01.938775
6340	3	3	3	1	0:00:01.944060
6360	2	2	2	1	0:00:01.937045
6380	3	3	3	1	0:00:01.939047
6400	0	1	8	0	0:00:01.941053
6420	7	7	7	1	0:00:01.939233
6440	3	9	4	0	0:00:01.944894
6460	3	3	3	1	0:00:01.938200
6480	0	0	0	1	0:00:01.938115
6500	7	6	6	0	0:00:01.938029
6520	6	2	2	0	0:00:01.938753
6540	8	8	8	1	0:00:01.939940
6560	6	6	2	1	0:00:01.938845
6580	1	1	7	1	0:00:01.939922
6600	7	7	7	1	0:00:01.941034
6620	7	7	7	1	0:00:01.939406
6640	5	3	3	0	0:00:01.939826
6660	0	0	0	1	0:00:01.939782
6680	3	3	3	1	0:00:01.941988
6700	6	6	0	1	0:00:01.938880
6720	2	2	2	1	0:00:01.940378
6740	2	2	4	1	0:00:01.940315
6760	5	5	5	1	0:00:01.940904
6780	7	7	7	1	0:00:01.944980
6800	6	6	2	1	0:00:01.940402
6820	1	1	1	1	0:00:01.943494
6840	9	9	9	1	0:00:01.940723
6860	0	0	0	1	0:00:01.939946
6880	2	2	2	1	0:00:01.941284
6900	3	5	5	0	0:00:01.940026
6920	5	4	2	0	0:00:01.939827
6940	1	1	1	1	0:00:01.940425
6960	9	9	9	1	0:00:01.985487
6980	0	0	8	1	0:00:01.937359
7000	2	0	8	0	0:00:01.951286
7020	7	7	7	1	0:00:01.940015
7040	7	8	8	0	0:00:01.948275
7060	8	8	8	1	0:00:01.938276
7080	5	4	4	0	0:00:01.938836
7100	9	5	3	0	0:00:01.939476
7120	7	5	5	0	0:00:01.939019
7140	4	4	4	1	0:00:01.937023
7160	5	5	5	1	0:00:01.936840
7180	6	6	3	1	0:00:01.939892
7200	4	-1	2	0	0:00:01.938612
7220	9	9	9	1	0:00:01.940158
7240	0	0	8	1	0:00:01.939702
7260	1	1	8	1	0:00:01.939823
7280	1	9	9	0	0:00:01.939645
7300	3	4	5	0	0:00:01.939490
7320	8	8	8	1	0:00:01.939323
7340	2	4	4	0	0:00:01.941705
7360	2	7	4	0	0:00:01.938393
7380	7	7	7	1	0:00:01.940208
7400	3	3	3	1	0:00:01.939130
7420	3	4	2	0	0:00:01.941349
7440	3	3	3	1	0:00:01.938900
7460	5	5	5	1	0:00:01.939744
7480	1	8	8	0	0:00:01.938788
7500	6	6	6	1	0:00:01.939093
7520	4	4	2	1	0:00:01.946469
7540	5	5	5	1	0:00:01.938637
7560	0	0	0	1	0:00:01.940025
7580	8	8	8	1	0:00:01.940207
7600	8	9	2	0	0:00:01.939222
7620	5	3	3	0	0:00:01.939214
7640	9	9	8	1	0:00:01.938591
7660	7	7	4	1	0:00:01.939007
7680	3	9	3	0	0:00:01.938885
7700	6	6	6	1	0:00:01.938343
7720	5	2	2	0	0:00:01.939590
7740	4	4	2	1	0:00:01.941196
7760	2	9	2	0	0:00:01.939073
7780	3	8	8	0	0:00:01.939494
7800	0	0	0	1	0:00:01.940513
7820	5	5	5	1	0:00:01.945983
7840	1	1	1	1	0:00:01.938728
7860	8	8	8	1	0:00:01.939807
7880	0	0	0	1	0:00:01.941012
7900	0	8	8	0	0:00:01.941538
7920	9	9	2	1	0:00:01.937732
7940	2	6	4	0	0:00:01.941072
7960	0	0	0	1	0:00:01.936926
7980	3	3	3	1	0:00:01.939070
8000	9	9	9	1	0:00:01.939672
8020	6	3	3	0	0:00:01.940725
8040	2	2	2	1	0:00:01.943883
8060	6	6	6	1	0:00:01.938264
8080	4	4	2	1	0:00:01.938990
8100	6	2	6	0	0:00:01.942261
8120	8	9	9	0	0:00:01.942893
8140	5	4	5	0	0:00:01.940223
8160	6	6	6	1	0:00:01.941184
8180	4	4	4	1	0:00:01.940710
8200	3	4	4	0	0:00:01.943055
8220	6	7	3	0	0:00:01.937577
8240	7	7	7	1	0:00:01.939039
8260	1	1	1	1	0:00:01.960813
8280	4	5	3	0	0:00:01.939211
8300	5	2	2	0	0:00:01.943600
8320	7	4	4	0	0:00:01.939905
8340	5	3	3	0	0:00:01.941541
8360	7	7	7	1	0:00:01.938234
8380	9	9	9	1	0:00:01.938614
8400	0	0	0	1	0:00:01.941150
8420	3	6	4	0	0:00:01.938059
8440	5	5	3	1	0:00:01.941390
8460	8	8	8	1	0:00:01.938432
8480	2	2	4	1	0:00:01.942600
8500	4	4	4	1	0:00:01.941164
8520	8	8	8	1	0:00:01.942600
8540	4	2	2	0	0:00:01.941140
8560	7	7	7	1	0:00:01.941363
8580	3	5	5	0	0:00:01.939487
8600	3	3	3	1	0:00:01.947789
8620	3	4	4	0	0:00:01.940247
8640	1	1	8	1	0:00:01.940428
8660	7	7	7	1	0:00:01.946903
8680	3	7	8	0	0:00:01.941521
8700	3	3	3	1	0:00:01.947461
8720	2	0	0	0	0:00:01.941219
8740	2	2	2	1	0:00:01.943372
8760	8	8	8	1	0:00:01.941852
8780	4	4	4	1	0:00:01.938006
8800	0	0	0	1	0:00:01.936645
8820	2	2	2	1	0:00:01.938150
8840	2	7	7	0	0:00:01.938267
8860	2	2	2	1	0:00:01.947933
8880	1	1	1	1	0:00:01.947047
8900	2	4	4	0	0:00:01.938221
8920	6	6	2	1	0:00:01.938047
8940	6	3	3	0	0:00:01.940493
8960	0	0	0	1	0:00:01.939499
8980	9	9	9	1	0:00:01.941368
9000	8	8	8	1	0:00:01.939980
9020	7	7	7	1	0:00:01.941372
9040	2	5	5	0	0:00:01.938149
9060	9	9	9	1	0:00:01.945210
9080	3	3	2	1	0:00:01.938023
9100	9	1	3	0	0:00:01.937431
9120	3	3	3	1	0:00:01.937883
9140	7	7	5	1	0:00:01.940463
9160	5	3	3	0	0:00:01.943598
9180	5	5	5	1	0:00:01.937563
9200	8	8	8	1	0:00:01.943101
9220	8	8	8	1	0:00:01.938387
9240	8	8	8	1	0:00:01.939973
9260	5	5	5	1	0:00:01.938836
9280	9	8	8	0	0:00:01.940349
9300	5	3	2	0	0:00:01.938016
9320	9	9	9	1	0:00:01.941567
9340	1	1	1	1	0:00:01.938045
9360	5	0	5	0	0:00:01.938795
9380	5	3	3	0	0:00:01.942990
9400	6	6	2	1	0:00:01.947312
9420	5	5	5	1	0:00:01.937273
9440	8	8	8	1	0:00:01.938970
9460	3	7	7	0	0:00:01.938429
9480	2	2	2	1	0:00:01.937979
9500	9	9	5	1	0:00:01.944633
9520	1	1	1	1	0:00:01.939048
9540	5	5	5	1	0:00:01.943459
9560	9	7	5	0	0:00:01.939216
9580	1	1	8	1	0:00:01.938221
9600	8	8	8	1	0:00:01.938068
9620	4	4	4	1	0:00:01.941842
9640	5	-1	5	0	0:00:01.937721
9660	6	6	6	1	0:00:01.937751
9680	8	8	8	1	0:00:01.938085
9700	0	0	0	1	0:00:01.936028
9720	8	1	8	0	0:00:01.937555
9740	3	6	2	0	0:00:01.937702
9760	9	-1	3	0	0:00:01.936931
9780	4	6	2	0	0:00:01.937928
9800	1	1	1	1	0:00:01.938421
9820	0	8	8	0	0:00:01.937990
9840	4	-1	5	0	0:00:01.938385
9860	0	5	8	0	0:00:01.937008
9880	7	7	3	1	0:00:01.937677
9900	8	8	8	1	0:00:01.941366
9920	6	6	4	1	0:00:01.940162
9940	4	5	5	0	0:00:01.938901
9960	2	0	0	0	0:00:01.941282
9980	0	0	0	1	0:00:01.937543
