idx	label	predict	basePredict	correct	time
0	3	3	3	1	0:00:01.591076
20	7	1	1	0	0:00:01.230749
40	4	4	4	1	0:00:01.174967
60	7	7	7	1	0:00:01.115591
80	8	8	8	1	0:00:01.311736
100	4	5	5	0	0:00:01.161873
120	8	8	8	1	0:00:01.222188
140	6	6	6	1	0:00:01.140773
160	2	2	2	1	0:00:01.118601
180	0	0	0	1	0:00:01.128638
200	5	5	5	1	0:00:01.151296
220	7	-1	7	0	0:00:01.171918
240	1	1	1	1	0:00:01.140876
260	8	8	5	1	0:00:01.219157
280	9	9	9	1	0:00:01.190419
300	6	6	6	1	0:00:01.128532
320	3	5	5	0	0:00:01.262908
340	2	6	4	0	0:00:01.246403
360	9	9	9	1	0:00:01.294392
380	6	6	4	1	0:00:01.104095
400	9	9	9	1	0:00:01.203581
420	4	-1	2	0	0:00:01.139555
440	1	1	1	1	0:00:01.507897
460	5	5	5	1	0:00:01.546686
480	8	9	9	0	0:00:01.298130
500	4	6	4	0	0:00:01.217009
520	5	5	5	1	0:00:01.309763
540	1	1	1	1	0:00:01.320510
560	0	0	0	1	0:00:01.122154
580	4	4	4	1	0:00:01.205376
600	8	8	8	1	0:00:01.264868
620	7	7	7	1	0:00:01.449089
640	5	3	3	0	0:00:01.405938
660	9	9	9	1	0:00:01.489763
680	9	0	9	0	0:00:01.136061
700	7	7	7	1	0:00:01.358020
720	4	9	9	0	0:00:01.342492
740	2	3	3	0	0:00:01.490535
760	3	3	3	1	0:00:01.333684
780	9	1	1	0	0:00:01.428766
800	7	7	7	1	0:00:01.637406
820	6	1	8	0	0:00:01.475245
840	7	7	7	1	0:00:01.435148
860	4	4	4	1	0:00:01.315033
880	8	8	8	1	0:00:01.181339
900	2	6	4	0	0:00:01.297817
920	6	4	4	0	0:00:01.196755
940	9	9	9	1	0:00:01.582953
960	9	3	3	0	0:00:01.688121
980	2	6	6	0	0:00:01.195916
1000	5	5	5	1	0:00:01.334011
1020	1	1	1	1	0:00:01.482223
1040	7	5	5	0	0:00:01.499210
1060	9	9	9	1	0:00:01.375904
1080	6	6	6	1	0:00:01.308680
1100	7	8	8	0	0:00:01.009922
1120	5	2	2	0	0:00:01.204241
1140	6	6	4	1	0:00:01.297861
1160	8	8	8	1	0:00:01.621661
1180	3	3	3	1	0:00:01.406375
1200	8	8	8	1	0:00:01.385024
1220	9	-1	3	0	0:00:01.020536
1240	2	6	6	0	0:00:01.122434
1260	1	9	9	0	0:00:01.224174
1280	3	3	3	1	0:00:01.209629
1300	4	3	3	0	0:00:01.366171
1320	7	7	2	1	0:00:01.176489
1340	1	1	1	1	0:00:01.023040
1360	7	7	7	1	0:00:01.034734
1380	4	5	5	0	0:00:01.013305
1400	5	5	5	1	0:00:01.050745
1420	4	-1	4	0	0:00:01.029061
1440	0	-1	0	0	0:00:01.019555
1460	6	6	6	1	0:00:01.151269
1480	1	1	1	1	0:00:01.122737
1500	1	1	1	1	0:00:01.212852
1520	7	7	7	1	0:00:01.073833
1540	8	8	8	1	0:00:01.125486
1560	7	7	7	1	0:00:01.245693
1580	6	1	1	0	0:00:01.025858
1600	8	9	9	0	0:00:01.123427
1620	5	3	3	0	0:00:01.246538
1640	7	3	3	0	0:00:01.054325
1660	3	-1	5	0	0:00:01.451226
1680	6	6	6	1	0:00:01.145704
1700	5	3	3	0	0:00:01.148497
1720	4	2	2	0	0:00:01.270772
1740	1	9	9	0	0:00:01.226234
1760	0	-1	8	0	0:00:01.049560
1780	7	-1	7	0	0:00:01.170529
1800	4	-1	8	0	0:00:01.040696
1820	8	9	9	0	0:00:01.152662
1840	8	-1	4	0	0:00:01.176772
1860	8	8	8	1	0:00:01.148715
1880	1	1	1	1	0:00:01.094995
1900	8	8	8	1	0:00:01.233543
1920	2	2	2	1	0:00:01.046348
1940	5	5	5	1	0:00:01.211979
1960	2	5	5	0	0:00:01.094417
1980	9	9	9	1	0:00:01.043544
2000	1	1	1	1	0:00:01.214858
2020	9	9	9	1	0:00:01.101534
2040	0	0	0	1	0:00:01.073008
2060	5	5	5	1	0:00:01.141913
2080	1	1	1	1	0:00:01.078735
2100	2	2	2	1	0:00:01.038517
2120	4	8	8	0	0:00:01.034227
2140	9	9	9	1	0:00:01.023044
2160	0	8	8	0	0:00:01.022617
2180	4	4	4	1	0:00:01.230830
2200	0	0	0	1	0:00:01.021132
2220	1	1	1	1	0:00:01.295018
2240	9	-1	1	0	0:00:01.072321
2260	4	-1	3	0	0:00:01.151021
2280	4	-1	8	0	0:00:01.046575
2300	3	3	3	1	0:00:01.021955
2320	5	-1	3	0	0:00:01.050208
2340	7	7	7	1	0:00:01.058302
2360	7	5	5	0	0:00:01.418868
2380	8	8	8	1	0:00:01.156959
2400	0	0	0	1	0:00:01.298594
2420	8	-1	8	0	0:00:01.033985
2440	7	-1	5	0	0:00:01.106973
2460	9	3	3	0	0:00:01.060346
2480	8	8	8	1	0:00:01.098699
2500	4	6	2	0	0:00:01.043007
2520	1	8	8	0	0:00:01.293992
2540	2	3	3	0	0:00:01.185513
2560	7	7	5	1	0:00:01.186109
2580	6	6	6	1	0:00:01.472984
2600	8	8	8	1	0:00:01.056328
2620	1	1	1	1	0:00:01.069079
2640	7	7	7	1	0:00:01.209958
2660	3	2	2	0	0:00:01.234256
2680	0	0	0	1	0:00:01.070380
2700	9	1	1	0	0:00:01.032641
2720	3	3	3	1	0:00:01.109527
2740	1	1	1	1	0:00:01.334817
2760	2	2	2	1	0:00:01.174281
2780	7	7	7	1	0:00:01.130807
2800	4	-1	4	0	0:00:01.124097
2820	6	6	6	1	0:00:01.247719
2840	3	3	3	1	0:00:01.214901
2860	5	6	6	0	0:00:01.090787
2880	4	4	4	1	0:00:01.121624
2900	3	5	5	0	0:00:01.049854
2920	2	3	3	0	0:00:01.244257
2940	3	0	0	0	0:00:01.070978
2960	9	-1	9	0	0:00:01.270080
2980	8	8	8	1	0:00:01.236579
3000	5	5	5	1	0:00:01.211588
3020	1	1	1	1	0:00:01.402209
3040	7	7	7	1	0:00:01.365663
3060	7	7	7	1	0:00:01.032701
3080	1	1	1	1	0:00:01.060219
3100	0	0	0	1	0:00:01.301097
3120	4	6	2	0	0:00:01.196564
3140	8	8	8	1	0:00:01.330532
3160	6	2	2	0	0:00:01.369880
3180	3	6	3	0	0:00:01.016924
3200	5	5	5	1	0:00:01.268690
3220	3	9	9	0	0:00:01.282413
3240	4	-1	0	0	0:00:01.417910
3260	7	7	7	1	0:00:01.261055
3280	3	5	5	0	0:00:01.413441
3300	4	4	2	1	0:00:01.435690
3320	2	-1	7	0	0:00:01.102635
3340	6	6	4	1	0:00:01.153045
3360	4	-1	3	0	0:00:01.229036
3380	8	8	8	1	0:00:01.543237
3400	6	7	4	0	0:00:01.139474
3420	5	3	3	0	0:00:01.221116
3440	2	3	3	0	0:00:01.242437
3460	1	1	1	1	0:00:01.363476
3480	2	2	2	1	0:00:01.324882
3500	1	1	1	1	0:00:01.175908
3520	1	1	1	1	0:00:01.103405
3540	6	6	3	1	0:00:01.220408
3560	1	-1	0	0	0:00:01.187340
3580	4	2	2	0	0:00:01.102397
3600	4	2	2	0	0:00:01.114134
3620	0	3	3	0	0:00:01.019877
3640	6	2	2	0	0:00:01.005639
3660	0	-1	8	0	0:00:01.118256
3680	0	2	2	0	0:00:01.562269
3700	3	3	3	1	0:00:01.148963
3720	2	2	2	1	0:00:01.206132
3740	0	0	0	1	0:00:01.427494
3760	7	7	7	1	0:00:01.127634
3780	4	-1	2	0	0:00:01.036704
3800	9	9	9	1	0:00:01.252738
3820	0	-1	0	0	0:00:01.089293
3840	6	3	3	0	0:00:01.303841
3860	7	7	7	1	0:00:01.062318
3880	6	4	4	0	0:00:01.079942
3900	3	-1	6	0	0:00:01.020614
3920	7	1	5	0	0:00:01.118815
3940	6	3	2	0	0:00:01.018492
3960	2	2	2	1	0:00:01.070580
3980	9	-1	3	0	0:00:01.021553
4000	8	0	0	0	0:00:01.034878
4020	8	8	8	1	0:00:01.016816
4040	0	0	0	1	0:00:01.025485
4060	6	-1	3	0	0:00:01.046017
4080	1	1	1	1	0:00:01.028684
4100	7	7	7	1	0:00:01.055334
4120	4	4	4	1	0:00:01.348945
4140	5	5	5	1	0:00:01.146276
4160	5	5	5	1	0:00:01.121053
4180	0	-1	0	0	0:00:01.329897
4200	4	4	2	1	0:00:01.144253
4220	4	0	0	0	0:00:01.280016
4240	7	0	0	0	0:00:01.013699
4260	8	8	8	1	0:00:01.047731
4280	8	9	9	0	0:00:01.225516
4300	8	8	8	1	0:00:01.118466
4320	1	-1	8	0	0:00:01.430083
4340	0	0	0	1	0:00:01.018203
4360	6	3	3	0	0:00:01.104421
4380	9	9	9	1	0:00:01.379488
4400	3	4	2	0	0:00:01.075705
4420	5	5	7	1	0:00:01.069672
4440	2	2	2	1	0:00:01.183230
4460	9	9	9	1	0:00:01.077196
4480	9	9	9	1	0:00:01.224320
4500	3	5	5	0	0:00:01.021459
4520	3	-1	3	0	0:00:01.058480
4540	9	9	9	1	0:00:01.017457
4560	1	1	1	1	0:00:01.177772
4580	6	4	4	0	0:00:01.432996
4600	4	4	4	1	0:00:01.335196
4620	7	3	3	0	0:00:01.231884
4640	2	2	2	1	0:00:01.178219
4660	7	-1	7	0	0:00:01.323678
4680	9	9	9	1	0:00:01.547854
4700	6	-1	3	0	0:00:01.267890
4720	8	0	0	0	0:00:01.220712
4740	5	3	3	0	0:00:01.289707
4760	3	2	2	0	0:00:01.016391
4780	0	0	0	1	0:00:01.088038
4800	9	9	9	1	0:00:01.370857
4820	3	-1	3	0	0:00:01.033977
4840	0	0	0	1	0:00:01.021459
4860	5	5	5	1	0:00:01.163471
4880	0	0	0	1	0:00:01.142752
4900	3	1	5	0	0:00:01.360566
4920	7	7	7	1	0:00:01.157934
4940	6	6	2	1	0:00:01.039046
4960	4	3	3	0	0:00:01.064172
4980	1	9	9	0	0:00:01.020850
5000	7	7	7	1	0:00:01.079842
5020	8	8	8	1	0:00:01.187896
5040	3	3	3	1	0:00:01.056731
5060	6	6	6	1	0:00:01.282776
5080	7	7	7	1	0:00:01.016777
5100	3	3	3	1	0:00:01.061548
5120	9	9	8	1	0:00:01.407096
5140	8	8	8	1	0:00:01.033863
5160	0	0	0	1	0:00:01.101243
5180	9	7	7	0	0:00:01.331455
5200	3	3	3	1	0:00:01.076415
5220	0	0	0	1	0:00:01.067002
5240	1	1	9	1	0:00:01.054296
5260	0	0	0	1	0:00:01.038453
5280	0	8	8	0	0:00:01.103845
5300	9	9	9	1	0:00:01.025321
5320	7	7	7	1	0:00:01.019005
5340	3	4	3	0	0:00:01.212236
5360	9	9	9	1	0:00:01.332289
5380	1	9	9	0	0:00:01.041255
5400	9	9	9	1	0:00:01.092950
5420	6	6	6	1	0:00:01.286102
5440	9	9	9	1	0:00:01.065921
5460	0	0	0	1	0:00:01.162154
5480	1	1	1	1	0:00:01.308801
5500	8	8	8	1	0:00:01.408846
5520	4	-1	3	0	0:00:01.376296
5540	5	6	2	0	0:00:01.454116
5560	3	-1	5	0	0:00:01.466430
5580	5	6	3	0	0:00:01.618261
5600	6	-1	0	0	0:00:01.419795
5620	3	2	2	0	0:00:01.296990
5640	2	-1	2	0	0:00:01.199228
5660	9	9	9	1	0:00:01.230638
5680	2	3	3	0	0:00:01.223025
5700	3	5	5	0	0:00:01.203894
5720	9	9	9	1	0:00:01.223614
5740	6	4	4	0	0:00:01.215681
5760	2	2	2	1	0:00:01.462065
5780	7	7	7	1	0:00:01.435354
5800	2	2	2	1	0:00:01.194599
5820	5	-1	3	0	0:00:01.376564
5840	2	-1	5	0	0:00:01.602743
5860	0	0	0	1	0:00:01.498627
5880	0	0	0	1	0:00:01.546441
5900	4	-1	5	0	0:00:01.473583
5920	8	8	8	1	0:00:01.505912
5940	7	-1	4	0	0:00:01.395606
5960	2	6	6	0	0:00:01.398380
5980	9	9	9	1	0:00:01.329022
6000	8	-1	8	0	0:00:01.033285
6020	6	6	6	1	0:00:01.023908
6040	2	-1	7	0	0:00:01.025300
6060	3	4	4	0	0:00:01.023374
6080	1	1	1	1	0:00:01.029414
6100	1	1	1	1	0:00:01.022798
6120	5	5	5	1	0:00:01.051898
6140	9	9	9	1	0:00:01.182237
6160	2	5	5	0	0:00:01.143825
6180	0	0	0	1	0:00:01.055166
6200	3	3	3	1	0:00:01.355823
6220	2	5	5	0	0:00:01.500936
6240	2	2	2	1	0:00:01.434304
6260	2	1	0	0	0:00:01.451122
6280	8	5	5	0	0:00:01.499649
6300	1	1	1	1	0:00:01.470608
6320	0	0	0	1	0:00:01.334893
6340	3	5	5	0	0:00:01.288115
6360	2	2	2	1	0:00:01.494861
6380	3	6	5	0	0:00:01.560152
6400	0	-1	0	0	0:00:01.510247
6420	7	7	7	1	0:00:01.354237
6440	3	8	8	0	0:00:01.210258
6460	3	0	0	0	0:00:01.024297
6480	0	0	0	1	0:00:01.021506
6500	7	6	6	0	0:00:01.056392
6520	6	-1	2	0	0:00:01.113645
6540	8	8	8	1	0:00:01.094326
6560	6	6	4	1	0:00:01.126649
6580	1	-1	3	0	0:00:01.285037
6600	7	7	7	1	0:00:01.316988
6620	7	7	7	1	0:00:01.139122
6640	5	3	3	0	0:00:01.152630
6660	0	0	0	1	0:00:01.141900
6680	3	5	5	0	0:00:01.394570
6700	6	6	6	1	0:00:01.238591
6720	2	2	2	1	0:00:01.089417
6740	2	-1	4	0	0:00:01.207176
6760	5	-1	2	0	0:00:01.195786
6780	7	7	7	1	0:00:01.062259
6800	6	6	2	1	0:00:01.298496
6820	1	1	1	1	0:00:01.188669
6840	9	9	9	1	0:00:01.187262
6860	0	0	0	1	0:00:01.120890
6880	2	2	2	1	0:00:01.100983
6900	3	3	3	1	0:00:01.109568
6920	5	2	2	0	0:00:01.311931
6940	1	1	1	1	0:00:01.387760
6960	9	-1	8	0	0:00:01.037301
6980	0	0	8	1	0:00:01.016670
7000	2	-1	8	0	0:00:01.062584
7020	7	7	7	1	0:00:01.190216
7040	7	-1	8	0	0:00:01.174972
7060	8	8	8	1	0:00:01.197965
7080	5	4	4	0	0:00:01.210876
7100	9	3	3	0	0:00:01.229849
7120	7	7	7	1	0:00:01.274580
7140	4	4	3	1	0:00:01.266536
7160	5	5	5	1	0:00:01.115691
7180	6	6	6	1	0:00:01.151478
7200	4	6	2	0	0:00:01.128034
7220	9	9	9	1	0:00:01.070127
7240	0	-1	8	0	0:00:01.131606
7260	1	1	1	1	0:00:01.059592
7280	1	-1	0	0	0:00:01.406058
7300	3	4	4	0	0:00:01.117616
7320	8	0	8	0	0:00:01.025284
7340	2	4	4	0	0:00:01.135578
7360	2	2	2	1	0:00:01.339325
7380	7	7	7	1	0:00:01.260817
7400	3	5	5	0	0:00:01.199836
7420	3	2	2	0	0:00:01.154296
7440	3	3	3	1	0:00:01.329908
7460	5	5	5	1	0:00:01.396807
7480	1	1	3	1	0:00:01.236074
7500	6	6	6	1	0:00:01.175036
7520	4	4	4	1	0:00:01.385137
7540	5	5	5	1	0:00:01.506210
7560	0	0	0	1	0:00:01.331162
7580	8	8	8	1	0:00:01.272730
7600	8	9	2	0	0:00:01.137673
7620	5	3	3	0	0:00:01.225231
7640	9	8	8	0	0:00:01.132297
7660	7	-1	7	0	0:00:01.193057
7680	3	9	5	0	0:00:01.074506
7700	6	6	6	1	0:00:01.160228
7720	5	5	5	1	0:00:01.187565
7740	4	2	2	0	0:00:01.424811
7760	2	9	8	0	0:00:01.324708
7780	3	1	1	0	0:00:01.363653
7800	0	0	0	1	0:00:01.182235
7820	5	8	8	0	0:00:01.284857
7840	1	1	1	1	0:00:01.318518
7860	8	8	8	1	0:00:01.294813
7880	0	0	0	1	0:00:01.329970
7900	0	2	2	0	0:00:01.167006
7920	9	9	9	1	0:00:01.190302
7940	2	6	6	0	0:00:01.331618
7960	0	0	0	1	0:00:01.292521
7980	3	-1	5	0	0:00:01.307446
8000	9	9	9	1	0:00:01.336349
8020	6	3	3	0	0:00:01.239617
8040	2	2	2	1	0:00:01.248963
8060	6	6	6	1	0:00:01.033084
8080	4	6	4	0	0:00:01.021897
8100	6	2	2	0	0:00:01.021800
8120	8	9	9	0	0:00:01.022950
8140	5	4	4	0	0:00:01.022974
8160	6	6	6	1	0:00:01.022813
8180	4	4	4	1	0:00:01.023632
8200	3	0	0	0	0:00:01.030014
8220	6	6	2	1	0:00:01.024661
8240	7	7	7	1	0:00:01.022650
8260	1	1	1	1	0:00:01.036772
8280	4	3	3	0	0:00:01.042972
8300	5	2	2	0	0:00:01.023007
8320	7	-1	3	0	0:00:01.022337
8340	5	5	5	1	0:00:01.024104
8360	7	7	7	1	0:00:01.039477
8380	9	9	9	1	0:00:01.243670
8400	0	0	0	1	0:00:01.172752
8420	3	6	2	0	0:00:01.396839
8440	5	3	3	0	0:00:01.300341
8460	8	8	8	1	0:00:01.349529
8480	2	2	2	1	0:00:01.286908
8500	4	4	4	1	0:00:01.472491
8520	8	8	8	1	0:00:01.409983
8540	4	2	2	0	0:00:01.170274
8560	7	7	7	1	0:00:01.345237
8580	3	-1	5	0	0:00:01.374764
8600	3	5	5	0	0:00:01.488884
8620	3	3	3	1	0:00:01.593861
8640	1	1	1	1	0:00:01.264501
8660	7	7	7	1	0:00:01.303262
8680	3	3	2	1	0:00:01.492568
8700	3	5	5	0	0:00:01.587552
8720	2	0	0	0	0:00:01.483647
8740	2	-1	4	0	0:00:01.607634
8760	8	8	8	1	0:00:01.522524
8780	4	4	4	1	0:00:01.164207
8800	0	0	0	1	0:00:01.169122
8820	2	2	2	1	0:00:01.391194
8840	2	-1	2	0	0:00:01.491003
8860	2	2	2	1	0:00:01.443212
8880	1	1	1	1	0:00:01.554625
8900	2	2	2	1	0:00:01.402216
8920	6	6	6	1	0:00:01.252744
8940	6	-1	5	0	0:00:01.358280
8960	0	0	0	1	0:00:01.149127
8980	9	9	9	1	0:00:01.134434
9000	8	8	8	1	0:00:01.420547
9020	7	7	7	1	0:00:01.651234
9040	2	5	5	0	0:00:01.500300
9060	9	9	9	1	0:00:01.199541
9080	3	-1	2	0	0:00:01.023415
9100	9	1	1	0	0:00:01.141627
9120	3	5	5	0	0:00:01.329228
9140	7	7	7	1	0:00:01.118579
9160	5	5	5	1	0:00:01.169242
9180	5	5	5	1	0:00:01.195642
9200	8	8	8	1	0:00:01.444428
9220	8	8	8	1	0:00:01.246608
9240	8	8	8	1	0:00:01.286845
9260	5	5	5	1	0:00:01.296768
9280	9	9	8	1	0:00:01.390713
9300	5	3	3	0	0:00:01.533988
9320	9	9	9	1	0:00:01.132765
9340	1	1	1	1	0:00:01.111748
9360	5	0	0	0	0:00:01.250108
9380	5	3	3	0	0:00:01.322148
9400	6	6	2	1	0:00:01.157713
9420	5	5	5	1	0:00:01.312521
9440	8	8	8	1	0:00:01.216637
9460	3	7	7	0	0:00:01.236320
9480	2	4	4	0	0:00:01.216546
9500	9	9	9	1	0:00:01.073480
9520	1	1	1	1	0:00:01.363921
9540	5	-1	5	0	0:00:01.429672
9560	9	-1	8	0	0:00:01.383065
9580	1	1	1	1	0:00:01.430624
9600	8	8	8	1	0:00:01.248759
9620	4	4	4	1	0:00:01.237614
9640	5	5	5	1	0:00:01.238081
9660	6	6	6	1	0:00:01.144697
9680	8	8	8	1	0:00:01.033123
9700	0	0	0	1	0:00:01.052712
9720	8	-1	3	0	0:00:01.014018
9740	3	6	2	0	0:00:01.017253
9760	9	9	9	1	0:00:01.020193
9780	4	6	4	0	0:00:01.017246
9800	1	1	1	1	0:00:01.015798
9820	0	1	1	0	0:00:01.017740
9840	4	3	3	0	0:00:01.017436
9860	0	0	8	1	0:00:01.010396
9880	7	3	3	0	0:00:01.011879
9900	8	8	8	1	0:00:01.064057
9920	6	6	6	1	0:00:01.127416
9940	4	4	4	1	0:00:01.416317
9960	2	0	0	0	0:00:01.239009
9980	0	0	0	1	0:00:01.137764
