idx	label	predict	basePredict	correct	time
0	3	2	2	0	0:00:01.670581
20	7	1	9	0	0:00:01.488542
40	4	8	8	0	0:00:01.499255
60	7	-1	4	0	0:00:01.469267
80	8	8	8	1	0:00:01.470230
100	4	-1	3	0	0:00:01.448656
120	8	8	8	1	0:00:01.478760
140	6	2	2	0	0:00:01.476601
160	2	0	2	0	0:00:01.485571
180	0	0	8	1	0:00:01.493180
200	5	-1	3	0	0:00:01.484755
220	7	7	7	1	0:00:01.514810
240	1	1	8	1	0:00:01.464495
260	8	3	3	0	0:00:01.493142
280	9	9	8	1	0:00:01.465069
300	6	7	4	0	0:00:01.464247
320	3	2	4	0	0:00:01.468829
340	2	4	4	0	0:00:01.501339
360	9	-1	6	0	0:00:01.693369
380	6	-1	4	0	0:00:01.493184
400	9	-1	8	0	0:00:01.522347
420	4	6	6	0	0:00:01.482883
440	1	1	6	1	0:00:01.490834
460	5	-1	3	0	0:00:01.487902
480	8	9	8	0	0:00:01.475482
500	4	6	4	0	0:00:01.472263
520	5	7	7	0	0:00:01.483952
540	1	-1	8	0	0:00:01.482118
560	0	0	8	1	0:00:01.475513
580	4	6	4	0	0:00:01.499088
600	8	8	8	1	0:00:01.480583
620	7	6	4	0	0:00:01.498551
640	5	3	3	0	0:00:01.479289
660	9	9	9	1	0:00:01.481683
680	9	7	4	0	0:00:01.483460
700	7	0	4	0	0:00:01.483287
720	4	9	7	0	0:00:01.487514
740	2	5	3	0	0:00:01.471421
760	3	9	9	0	0:00:01.467311
780	9	1	0	0	0:00:01.498862
800	7	7	7	1	0:00:01.488492
820	6	1	8	0	0:00:01.494846
840	7	7	7	1	0:00:01.489694
860	4	4	4	1	0:00:01.490768
880	8	8	8	1	0:00:01.489490
900	2	6	4	0	0:00:01.484926
920	6	-1	2	0	0:00:01.480284
940	9	-1	9	0	0:00:01.477294
960	9	9	4	1	0:00:01.480286
980	2	6	6	0	0:00:01.490449
1000	5	5	5	1	0:00:01.383431
1020	1	1	8	1	0:00:01.397072
1040	7	5	5	0	0:00:01.388698
1060	9	9	8	1	0:00:01.384045
1080	6	6	6	1	0:00:01.384001
1100	7	8	8	0	0:00:01.387302
1120	5	2	2	0	0:00:01.391290
1140	6	4	4	0	0:00:01.392080
1160	8	0	0	0	0:00:01.390998
1180	3	3	8	1	0:00:01.381748
1200	8	0	0	0	0:00:01.382851
1220	9	6	6	0	0:00:01.381552
1240	2	6	6	0	0:00:01.386424
1260	1	9	9	0	0:00:01.376919
1280	3	7	7	0	0:00:01.385023
1300	4	3	3	0	0:00:01.377276
1320	7	2	2	0	0:00:01.384070
1340	1	1	1	1	0:00:01.377322
1360	7	7	4	1	0:00:01.374260
1380	4	5	5	0	0:00:01.382105
1400	5	-1	2	0	0:00:01.439836
1420	4	7	7	0	0:00:01.376369
1440	0	8	8	0	0:00:01.381796
1460	6	6	4	1	0:00:01.389874
1480	1	5	5	0	0:00:01.382076
1500	1	9	1	0	0:00:01.381852
1520	7	-1	2	0	0:00:01.374097
1540	8	8	8	1	0:00:01.374582
1560	7	7	7	1	0:00:01.375459
1580	6	1	1	0	0:00:01.382534
1600	8	9	6	0	0:00:01.372012
1620	5	8	8	0	0:00:01.374884
1640	7	5	3	0	0:00:01.378579
1660	3	5	4	0	0:00:01.383398
1680	6	6	6	1	0:00:01.385476
1700	5	2	2	0	0:00:01.384105
1720	4	2	2	0	0:00:01.383684
1740	1	9	9	0	0:00:01.381113
1760	0	8	8	0	0:00:01.372316
1780	7	-1	8	0	0:00:01.351319
1800	4	8	8	0	0:00:01.364452
1820	8	-1	8	0	0:00:01.361576
1840	8	-1	4	0	0:00:01.373389
1860	8	8	8	1	0:00:01.370521
1880	1	-1	8	0	0:00:01.378845
1900	8	8	8	1	0:00:01.396928
1920	2	-1	2	0	0:00:01.393416
1940	5	3	3	0	0:00:01.357123
1960	2	5	5	0	0:00:01.363684
1980	9	9	4	1	0:00:01.370141
2000	1	6	6	0	0:00:01.363757
2020	9	9	9	1	0:00:01.371820
2040	0	8	8	0	0:00:01.366952
2060	5	5	3	1	0:00:01.353838
2080	1	-1	4	0	0:00:01.362040
2100	2	4	4	0	0:00:01.361611
2120	4	8	8	0	0:00:01.369750
2140	9	9	1	1	0:00:01.359344
2160	0	8	8	0	0:00:01.364462
2180	4	4	4	1	0:00:01.356651
2200	0	2	2	0	0:00:01.385832
2220	1	1	4	1	0:00:01.382310
2240	9	9	8	1	0:00:01.376181
2260	4	7	4	0	0:00:01.372170
2280	4	8	8	0	0:00:01.387624
2300	3	-1	4	0	0:00:01.385756
2320	5	-1	8	0	0:00:01.378677
2340	7	7	7	1	0:00:01.348860
2360	7	-1	3	0	0:00:01.374770
2380	8	-1	8	0	0:00:01.352365
2400	0	0	0	1	0:00:01.388991
2420	8	-1	5	0	0:00:01.369676
2440	7	7	8	1	0:00:01.376451
2460	9	3	3	0	0:00:01.359090
2480	8	8	8	1	0:00:01.311789
2500	4	-1	2	0	0:00:01.316683
2520	1	9	8	0	0:00:01.309245
2540	2	3	3	0	0:00:01.301868
2560	7	-1	4	0	0:00:01.305109
2580	6	4	4	0	0:00:01.304757
2600	8	8	8	1	0:00:01.302762
2620	1	4	4	0	0:00:01.305091
2640	7	7	6	1	0:00:01.305652
2660	3	-1	2	0	0:00:01.310198
2680	0	0	0	1	0:00:01.314097
2700	9	-1	0	0	0:00:01.303629
2720	3	2	2	0	0:00:01.302668
2740	1	1	1	1	0:00:01.309823
2760	2	4	4	0	0:00:01.296651
2780	7	7	7	1	0:00:01.327649
2800	4	6	6	0	0:00:01.303599
2820	6	6	4	1	0:00:01.421483
2840	3	3	3	1	0:00:01.334365
2860	5	7	4	0	0:00:01.363275
2880	4	4	4	1	0:00:01.326148
2900	3	2	2	0	0:00:01.345648
2920	2	5	5	0	0:00:01.330232
2940	3	0	0	0	0:00:01.329715
2960	9	9	8	1	0:00:01.327043
2980	8	1	8	0	0:00:01.337712
3000	5	5	5	1	0:00:01.356128
3020	1	1	8	1	0:00:01.356810
3040	7	7	7	1	0:00:01.360643
3060	7	7	7	1	0:00:01.378221
3080	1	-1	4	0	0:00:01.383854
3100	0	0	0	1	0:00:01.371193
3120	4	6	2	0	0:00:01.399784
3140	8	8	8	1	0:00:01.382213
3160	6	4	4	0	0:00:01.380637
3180	3	-1	8	0	0:00:01.360722
3200	5	7	7	0	0:00:01.356553
3220	3	9	9	0	0:00:01.367827
3240	4	1	8	0	0:00:01.364449
3260	7	0	0	0	0:00:01.374062
3280	3	-1	0	0	0:00:01.384075
3300	4	6	4	0	0:00:01.390263
3320	2	7	7	0	0:00:01.391440
3340	6	-1	4	0	0:00:01.367326
3360	4	6	6	0	0:00:01.351001
3380	8	1	8	0	0:00:01.339597
3400	6	4	4	0	0:00:01.345456
3420	5	-1	4	0	0:00:01.338227
3440	2	9	3	0	0:00:01.354625
3460	1	1	4	1	0:00:01.363146
3480	2	2	2	1	0:00:01.353483
3500	1	1	4	1	0:00:01.367541
3520	1	1	1	1	0:00:01.380054
3540	6	6	4	1	0:00:01.355735
3560	1	9	0	0	0:00:01.364427
3580	4	1	8	0	0:00:01.366798
3600	4	2	2	0	0:00:01.398542
3620	0	-1	6	0	0:00:01.384112
3640	6	2	2	0	0:00:01.367098
3660	0	8	8	0	0:00:01.373077
3680	0	2	2	0	0:00:01.357406
3700	3	-1	4	0	0:00:01.375115
3720	2	2	2	1	0:00:01.369611
3740	0	0	8	1	0:00:01.356772
3760	7	7	7	1	0:00:01.392607
3780	4	2	2	0	0:00:01.367996
3800	9	-1	3	0	0:00:01.343691
3820	0	2	2	0	0:00:01.354722
3840	6	3	3	0	0:00:01.340819
3860	7	7	7	1	0:00:01.343783
3880	6	4	4	0	0:00:01.347252
3900	3	1	1	0	0:00:01.341791
3920	7	-1	8	0	0:00:01.353745
3940	6	7	4	0	0:00:01.342000
3960	2	5	5	0	0:00:01.339242
3980	9	7	7	0	0:00:01.342358
4000	8	7	4	0	0:00:01.350788
4020	8	1	8	0	0:00:01.349063
4040	0	0	0	1	0:00:01.363374
4060	6	3	3	0	0:00:01.378363
4080	1	8	8	0	0:00:01.375659
4100	7	7	7	1	0:00:01.344622
4120	4	0	0	0	0:00:01.367798
4140	5	3	3	0	0:00:01.342634
4160	5	2	2	0	0:00:01.361366
4180	0	8	8	0	0:00:01.350197
4200	4	2	2	0	0:00:01.362069
4220	4	0	0	0	0:00:01.368915
4240	7	0	0	0	0:00:01.342744
4260	8	1	8	0	0:00:01.379848
4280	8	-1	8	0	0:00:01.347803
4300	8	8	8	1	0:00:01.353909
4320	1	8	8	0	0:00:01.378572
4340	0	8	8	0	0:00:01.363709
4360	6	9	9	0	0:00:01.354414
4380	9	-1	8	0	0:00:01.387978
4400	3	4	4	0	0:00:01.382191
4420	5	8	8	0	0:00:01.379619
4440	2	6	2	0	0:00:01.386224
4460	9	-1	8	0	0:00:01.374807
4480	9	-1	6	0	0:00:01.378539
4500	3	6	6	0	0:00:01.381336
4520	3	6	6	0	0:00:01.380488
4540	9	9	9	1	0:00:01.390678
4560	1	1	4	1	0:00:01.390795
4580	6	4	4	0	0:00:01.388380
4600	4	7	4	0	0:00:01.373728
4620	7	3	3	0	0:00:01.378714
4640	2	3	4	0	0:00:01.377476
4660	7	-1	2	0	0:00:01.358721
4680	9	1	1	0	0:00:01.378963
4700	6	1	4	0	0:00:01.403491
4720	8	0	0	0	0:00:01.371963
4740	5	3	4	0	0:00:01.385718
4760	3	-1	4	0	0:00:01.385537
4780	0	0	8	1	0:00:01.403628
4800	9	9	9	1	0:00:01.394279
4820	3	5	5	0	0:00:01.388747
4840	0	0	0	1	0:00:01.400065
4860	5	3	3	0	0:00:01.375878
4880	0	2	2	0	0:00:01.394018
4900	3	6	6	0	0:00:01.391567
4920	7	7	2	1	0:00:01.398630
4940	6	4	2	0	0:00:01.407200
4960	4	3	3	0	0:00:01.396448
4980	1	9	0	0	0:00:01.397209
5000	7	7	7	1	0:00:01.410543
5020	8	1	8	0	0:00:01.385455
5040	3	-1	4	0	0:00:01.392514
5060	6	2	4	0	0:00:01.393642
5080	7	7	7	1	0:00:01.398067
5100	3	3	3	1	0:00:01.394006
5120	9	-1	8	0	0:00:01.389871
5140	8	8	8	1	0:00:01.395478
5160	0	8	8	0	0:00:01.394028
5180	9	-1	4	0	0:00:01.390904
5200	3	3	3	1	0:00:01.383359
5220	0	0	0	1	0:00:01.386467
5240	1	9	2	0	0:00:01.397333
5260	0	0	0	1	0:00:01.402392
5280	0	8	8	0	0:00:01.386907
5300	9	1	9	0	0:00:01.398756
5320	7	-1	3	0	0:00:01.395663
5340	3	4	4	0	0:00:01.388725
5360	9	9	3	1	0:00:01.405382
5380	1	9	9	0	0:00:01.394158
5400	9	0	8	0	0:00:01.391664
5420	6	6	6	1	0:00:01.403332
5440	9	9	9	1	0:00:01.401052
5460	0	7	7	0	0:00:01.496828
5480	1	1	8	1	0:00:01.425090
5500	8	1	8	0	0:00:01.410155
5520	4	3	3	0	0:00:01.412679
5540	5	6	2	0	0:00:01.415170
5560	3	6	6	0	0:00:01.416896
5580	5	6	6	0	0:00:01.375004
5600	6	-1	0	0	0:00:01.399979
5620	3	2	2	0	0:00:01.387351
5640	2	5	3	0	0:00:01.392525
5660	9	-1	8	0	0:00:01.392945
5680	2	1	8	0	0:00:01.389261
5700	3	-1	6	0	0:00:01.388390
5720	9	9	9	1	0:00:01.387029
5740	6	4	4	0	0:00:01.385462
5760	2	-1	2	0	0:00:01.393554
5780	7	7	4	1	0:00:01.385559
5800	2	6	4	0	0:00:01.390436
5820	5	6	6	0	0:00:01.386905
5840	2	6	6	0	0:00:01.388591
5860	0	8	8	0	0:00:01.383734
5880	0	8	0	0	0:00:01.380335
5900	4	3	4	0	0:00:01.393821
5920	8	8	8	1	0:00:01.390367
5940	7	4	4	0	0:00:01.379014
5960	2	-1	4	0	0:00:01.383899
5980	9	9	6	1	0:00:01.379664
6000	8	9	8	0	0:00:01.381753
6020	6	-1	6	0	0:00:01.386367
6040	2	7	7	0	0:00:01.396472
6060	3	4	4	0	0:00:01.399059
6080	1	9	6	0	0:00:01.384870
6100	1	1	8	1	0:00:01.391725
6120	5	5	5	1	0:00:01.391726
6140	9	9	7	1	0:00:01.397793
6160	2	5	5	0	0:00:01.385781
6180	0	9	8	0	0:00:01.377237
6200	3	9	3	0	0:00:01.397506
6220	2	6	5	0	0:00:01.395812
6240	2	6	4	0	0:00:01.393659
6260	2	9	8	0	0:00:01.393217
6280	8	5	4	0	0:00:01.377327
6300	1	7	4	0	0:00:01.373663
6320	0	0	0	1	0:00:01.390545
6340	3	-1	3	0	0:00:01.362107
6360	2	6	2	0	0:00:01.386793
6380	3	-1	6	0	0:00:01.375952
6400	0	1	4	0	0:00:01.369589
6420	7	-1	8	0	0:00:01.379492
6440	3	-1	8	0	0:00:01.382948
6460	3	1	4	0	0:00:01.385893
6480	0	-1	2	0	0:00:01.374092
6500	7	0	8	0	0:00:01.373874
6520	6	4	4	0	0:00:01.389470
6540	8	8	8	1	0:00:01.396539
6560	6	6	4	1	0:00:01.376648
6580	1	2	2	0	0:00:01.394322
6600	7	7	7	1	0:00:01.389173
6620	7	7	7	1	0:00:01.387912
6640	5	-1	8	0	0:00:01.383127
6660	0	0	8	1	0:00:01.404274
6680	3	5	5	0	0:00:01.375009
6700	6	-1	2	0	0:00:01.372216
6720	2	4	2	0	0:00:01.379996
6740	2	6	4	0	0:00:01.389314
6760	5	3	6	0	0:00:01.381306
6780	7	7	7	1	0:00:01.384245
6800	6	2	4	0	0:00:01.391540
6820	1	1	1	1	0:00:01.369559
6840	9	-1	9	0	0:00:01.337112
6860	0	-1	2	0	0:00:01.340191
6880	2	7	6	0	0:00:01.317859
6900	3	7	4	0	0:00:01.339139
6920	5	2	2	0	0:00:01.317211
6940	1	1	1	1	0:00:01.339998
6960	9	8	8	0	0:00:01.351248
6980	0	-1	8	0	0:00:01.397051
7000	2	8	8	0	0:00:01.385119
7020	7	-1	8	0	0:00:01.386029
7040	7	8	8	0	0:00:01.396489
7060	8	0	8	0	0:00:01.384366
7080	5	4	4	0	0:00:01.387493
7100	9	3	3	0	0:00:01.372896
7120	7	5	6	0	0:00:01.388319
7140	4	-1	4	0	0:00:01.388993
7160	5	4	4	0	0:00:01.387582
7180	6	6	6	1	0:00:01.381577
7200	4	6	2	0	0:00:01.369555
7220	9	9	8	1	0:00:01.367248
7240	0	8	8	0	0:00:01.369130
7260	1	8	8	0	0:00:01.370288
7280	1	-1	4	0	0:00:01.383972
7300	3	7	4	0	0:00:01.376038
7320	8	0	0	0	0:00:01.358051
7340	2	4	4	0	0:00:01.385584
7360	2	-1	4	0	0:00:01.378113
7380	7	7	7	1	0:00:01.372709
7400	3	3	3	1	0:00:01.376231
7420	3	0	0	0	0:00:01.387797
7440	3	-1	2	0	0:00:01.394218
7460	5	5	5	1	0:00:01.390555
7480	1	8	8	0	0:00:01.380792
7500	6	6	6	1	0:00:01.366050
7520	4	6	4	0	0:00:01.366884
7540	5	5	5	1	0:00:01.366081
7560	0	6	2	0	0:00:01.376617
7580	8	-1	8	0	0:00:01.381014
7600	8	9	8	0	0:00:01.383569
7620	5	9	3	0	0:00:01.376522
7640	9	9	6	1	0:00:01.382788
7660	7	-1	4	0	0:00:01.373547
7680	3	9	3	0	0:00:01.366167
7700	6	6	6	1	0:00:01.372271
7720	5	-1	2	0	0:00:01.381565
7740	4	6	2	0	0:00:01.383578
7760	2	9	6	0	0:00:01.390067
7780	3	1	8	0	0:00:01.369156
7800	0	0	8	1	0:00:01.384631
7820	5	8	8	0	0:00:01.402931
7840	1	1	1	1	0:00:01.377166
7860	8	7	4	0	0:00:01.369946
7880	0	0	0	1	0:00:01.382011
7900	0	8	8	0	0:00:01.388803
7920	9	8	8	0	0:00:01.391438
7940	2	6	6	0	0:00:01.384148
7960	0	0	2	1	0:00:01.389358
7980	3	7	4	0	0:00:01.390386
8000	9	9	8	1	0:00:01.383310
8020	6	3	3	0	0:00:01.389707
8040	2	6	4	0	0:00:01.380937
8060	6	-1	4	0	0:00:01.374210
8080	4	6	6	0	0:00:01.375864
8100	6	2	2	0	0:00:01.379361
8120	8	9	8	0	0:00:01.379887
8140	5	4	4	0	0:00:01.371042
8160	6	9	6	0	0:00:01.380920
8180	4	4	4	1	0:00:01.379067
8200	3	6	2	0	0:00:01.393772
8220	6	2	2	0	0:00:01.392351
8240	7	7	7	1	0:00:01.386232
8260	1	3	3	0	0:00:01.385972
8280	4	-1	3	0	0:00:01.384901
8300	5	2	2	0	0:00:01.386983
8320	7	3	4	0	0:00:01.378849
8340	5	3	4	0	0:00:01.377226
8360	7	7	4	1	0:00:01.387984
8380	9	-1	8	0	0:00:01.378994
8400	0	8	8	0	0:00:01.377111
8420	3	-1	4	0	0:00:01.373257
8440	5	3	4	0	0:00:01.362925
8460	8	8	8	1	0:00:01.373913
8480	2	1	8	0	0:00:01.368399
8500	4	2	2	0	0:00:01.370209
8520	8	4	4	0	0:00:01.380480
8540	4	6	2	0	0:00:01.376302
8560	7	-1	4	0	0:00:01.378270
8580	3	0	2	0	0:00:01.377647
8600	3	7	4	0	0:00:01.378306
8620	3	-1	4	0	0:00:01.379333
8640	1	1	1	1	0:00:01.385397
8660	7	-1	5	0	0:00:01.395569
8680	3	9	8	0	0:00:01.390780
8700	3	3	3	1	0:00:01.400884
8720	2	0	0	0	0:00:01.391145
8740	2	-1	4	0	0:00:01.383701
8760	8	8	5	1	0:00:01.373489
8780	4	7	4	0	0:00:01.387475
8800	0	0	0	1	0:00:01.381380
8820	2	-1	3	0	0:00:01.388748
8840	2	1	7	0	0:00:01.382464
8860	2	6	6	0	0:00:01.382066
8880	1	9	6	0	0:00:01.387734
8900	2	6	4	0	0:00:01.375259
8920	6	6	6	1	0:00:01.370971
8940	6	3	3	0	0:00:01.377628
8960	0	0	0	1	0:00:01.378349
8980	9	9	8	1	0:00:01.388208
9000	8	8	8	1	0:00:01.378904
9020	7	9	8	0	0:00:01.380787
9040	2	5	5	0	0:00:01.406868
9060	9	5	5	0	0:00:01.383362
9080	3	0	0	0	0:00:01.383101
9100	9	6	6	0	0:00:01.390271
9120	3	0	0	0	0:00:01.395855
9140	7	-1	8	0	0:00:01.387575
9160	5	7	4	0	0:00:01.386859
9180	5	5	5	1	0:00:01.386048
9200	8	8	8	1	0:00:01.382082
9220	8	8	8	1	0:00:01.391356
9240	8	8	8	1	0:00:01.389393
9260	5	-1	5	0	0:00:01.390480
9280	9	1	8	0	0:00:01.393253
9300	5	3	2	0	0:00:01.400466
9320	9	9	8	1	0:00:01.396868
9340	1	1	1	1	0:00:01.395092
9360	5	-1	4	0	0:00:01.378913
9380	5	9	3	0	0:00:01.381898
9400	6	4	4	0	0:00:01.395766
9420	5	-1	6	0	0:00:01.390759
9440	8	8	8	1	0:00:01.386898
9460	3	7	4	0	0:00:01.384785
9480	2	4	4	0	0:00:01.387661
9500	9	1	4	0	0:00:01.380496
9520	1	1	1	1	0:00:01.379812
9540	5	3	4	0	0:00:01.387552
9560	9	7	7	0	0:00:01.384894
9580	1	4	4	0	0:00:01.400841
9600	8	8	8	1	0:00:01.387399
9620	4	7	4	0	0:00:01.385660
9640	5	0	6	0	0:00:01.385947
9660	6	6	6	1	0:00:01.379389
9680	8	8	8	1	0:00:01.378211
9700	0	0	2	1	0:00:01.386593
9720	8	6	4	0	0:00:01.384739
9740	3	-1	4	0	0:00:01.384183
9760	9	7	4	0	0:00:01.384122
9780	4	6	4	0	0:00:01.385056
9800	1	1	1	1	0:00:01.376075
9820	0	8	8	0	0:00:01.378062
9840	4	5	5	0	0:00:01.391427
9860	0	5	8	0	0:00:01.388219
9880	7	4	4	0	0:00:01.386849
9900	8	0	6	0	0:00:01.387466
9920	6	4	2	0	0:00:01.389343
9940	4	-1	6	0	0:00:01.381888
9960	2	0	0	0	0:00:01.391225
9980	0	0	0	1	0:00:01.392002
