idx	label	predict	basePredict	correct	time
0	3	4	4	0	0:00:16.346716
20	7	9	9	0	0:00:16.231178
40	4	8	8	0	0:00:16.247921
60	7	2	2	0	0:00:16.247591
80	8	8	8	1	0:00:16.234756
100	4	5	5	0	0:00:16.244333
120	8	8	8	1	0:00:16.233353
140	6	2	2	0	0:00:16.241179
160	2	0	2	0	0:00:16.232965
180	0	0	0	1	0:00:16.248589
200	5	3	3	0	0:00:16.247148
220	7	7	7	1	0:00:16.253759
240	1	1	6	1	0:00:16.237060
260	8	5	5	0	0:00:16.235464
280	9	9	8	1	0:00:16.265173
300	6	4	4	0	0:00:16.261821
320	3	2	2	0	0:00:16.245666
340	2	5	4	0	0:00:16.250077
360	9	6	6	0	0:00:16.237307
380	6	8	4	0	0:00:16.237097
400	9	9	9	1	0:00:16.280399
420	4	6	6	0	0:00:16.245489
440	1	1	2	1	0:00:16.257009
460	5	5	4	1	0:00:16.248095
480	8	9	9	0	0:00:16.266920
500	4	6	2	0	0:00:16.248025
520	5	7	8	0	0:00:16.250351
540	1	8	8	0	0:00:16.245120
560	0	0	8	1	0:00:16.234499
580	4	6	4	0	0:00:16.269599
600	8	-1	0	0	0:00:16.251362
620	7	-1	2	0	0:00:16.282680
640	5	6	6	0	0:00:16.252823
660	9	9	9	1	0:00:16.251645
680	9	9	9	1	0:00:16.254240
700	7	7	2	1	0:00:16.259598
720	4	9	7	0	0:00:16.263668
740	2	5	5	0	0:00:16.291888
760	3	9	9	0	0:00:16.248481
780	9	0	0	0	0:00:16.259159
800	7	7	7	1	0:00:16.266283
820	6	9	9	0	0:00:16.240850
840	7	7	7	1	0:00:16.268358
860	4	6	6	0	0:00:16.232147
880	8	8	8	1	0:00:16.245736
900	2	6	6	0	0:00:16.236125
920	6	2	2	0	0:00:16.257102
940	9	6	6	0	0:00:16.238306
960	9	9	4	1	0:00:16.260434
980	2	6	6	0	0:00:16.240722
1000	5	5	5	1	0:00:15.563342
1020	1	8	8	0	0:00:15.540782
1040	7	5	5	0	0:00:15.537656
1060	9	8	8	0	0:00:15.543661
1080	6	6	6	1	0:00:15.537079
1100	7	8	8	0	0:00:15.532860
1120	5	8	8	0	0:00:15.536745
1140	6	4	4	0	0:00:15.531027
1160	8	0	0	0	0:00:15.542498
1180	3	9	9	0	0:00:15.549213
1200	8	0	0	0	0:00:15.550465
1220	9	7	2	0	0:00:15.545038
1240	2	6	6	0	0:00:15.535240
1260	1	9	9	0	0:00:15.549671
1280	3	7	7	0	0:00:15.589265
1300	4	6	6	0	0:00:15.537125
1320	7	0	0	0	0:00:15.536384
1340	1	1	1	1	0:00:15.543633
1360	7	9	2	0	0:00:15.535812
1380	4	5	8	0	0:00:15.537273
1400	5	2	2	0	0:00:15.543810
1420	4	7	7	0	0:00:15.551257
1440	0	8	8	0	0:00:15.544890
1460	6	6	4	1	0:00:15.534432
1480	1	5	5	0	0:00:15.542536
1500	1	9	8	0	0:00:15.534657
1520	7	6	4	0	0:00:15.547176
1540	8	8	8	1	0:00:15.536044
1560	7	7	7	1	0:00:15.548093
1580	6	1	9	0	0:00:15.545153
1600	8	9	4	0	0:00:15.540698
1620	5	8	8	0	0:00:15.537538
1640	7	5	5	0	0:00:15.543925
1660	3	5	4	0	0:00:15.534670
1680	6	6	6	1	0:00:15.543042
1700	5	2	2	0	0:00:15.534945
1720	4	0	0	0	0:00:15.538343
1740	1	9	9	0	0:00:15.538405
1760	0	8	8	0	0:00:15.552752
1780	7	8	8	0	0:00:15.538528
1800	4	8	8	0	0:00:15.560723
1820	8	9	9	0	0:00:15.536345
1840	8	7	7	0	0:00:15.535132
1860	8	8	8	1	0:00:15.535595
1880	1	1	4	1	0:00:15.535786
1900	8	8	8	1	0:00:15.535075
1920	2	7	2	0	0:00:15.537719
1940	5	2	2	0	0:00:15.536045
1960	2	5	5	0	0:00:15.544026
1980	9	9	2	1	0:00:15.530620
2000	1	6	6	0	0:00:15.536121
2020	9	9	9	1	0:00:15.564022
2040	0	8	8	0	0:00:15.535349
2060	5	5	5	1	0:00:15.542244
2080	1	2	2	0	0:00:15.536249
2100	2	4	4	0	0:00:15.538001
2120	4	8	8	0	0:00:15.556592
2140	9	9	1	1	0:00:15.536814
2160	0	8	8	0	0:00:15.552061
2180	4	6	6	0	0:00:15.548268
2200	0	0	0	1	0:00:15.551867
2220	1	1	4	1	0:00:15.535634
2240	9	9	9	1	0:00:15.537406
2260	4	1	4	0	0:00:15.534024
2280	4	8	8	0	0:00:15.536923
2300	3	6	4	0	0:00:15.531644
2320	5	8	8	0	0:00:15.542480
2340	7	9	7	0	0:00:15.536763
2360	7	7	0	1	0:00:15.565789
2380	8	8	8	1	0:00:15.539868
2400	0	0	0	1	0:00:15.536539
2420	8	5	5	0	0:00:15.539718
2440	7	1	8	0	0:00:15.536926
2460	9	6	6	0	0:00:15.533742
2480	8	8	8	1	0:00:15.543544
2500	4	6	2	0	0:00:15.531485
2520	1	8	8	0	0:00:15.536249
2540	2	3	4	0	0:00:15.542669
2560	7	2	2	0	0:00:15.534963
2580	6	4	4	0	0:00:15.535773
2600	8	8	8	1	0:00:15.541022
2620	1	6	6	0	0:00:15.535559
2640	7	7	2	1	0:00:15.539911
2660	3	0	0	0	0:00:15.540335
2680	0	0	0	1	0:00:15.534486
2700	9	0	0	0	0:00:15.531936
2720	3	8	8	0	0:00:15.535317
2740	1	1	1	1	0:00:15.534356
2760	2	6	6	0	0:00:15.539189
2780	7	7	6	1	0:00:15.531853
2800	4	6	6	0	0:00:15.553242
2820	6	6	6	1	0:00:15.535198
2840	3	3	3	1	0:00:15.549372
2860	5	7	7	0	0:00:15.538784
2880	4	4	4	1	0:00:15.555292
2900	3	5	4	0	0:00:15.536663
2920	2	8	8	0	0:00:15.534476
2940	3	8	8	0	0:00:15.533805
2960	9	7	7	0	0:00:15.543889
2980	8	1	4	0	0:00:15.532776
3000	5	5	5	1	0:00:15.538206
3020	1	1	3	1	0:00:15.530852
3040	7	7	7	1	0:00:15.541036
3060	7	7	7	1	0:00:15.537880
3080	1	2	2	0	0:00:15.535896
3100	0	0	0	1	0:00:15.533796
3120	4	6	4	0	0:00:15.535190
3140	8	8	8	1	0:00:15.539501
3160	6	4	4	0	0:00:15.537945
3180	3	-1	8	0	0:00:15.538048
3200	5	1	7	0	0:00:15.542429
3220	3	9	7	0	0:00:15.535389
3240	4	8	8	0	0:00:15.541553
3260	7	0	0	0	0:00:15.543583
3280	3	0	0	0	0:00:15.538200
3300	4	4	2	1	0:00:15.534393
3320	2	7	7	0	0:00:15.538692
3340	6	4	4	0	0:00:15.533399
3360	4	6	6	0	0:00:15.537869
3380	8	9	8	0	0:00:15.533592
3400	6	4	4	0	0:00:15.537471
3420	5	6	6	0	0:00:15.533227
3440	2	9	9	0	0:00:15.538213
3460	1	1	4	1	0:00:15.531343
3480	2	2	2	1	0:00:15.542230
3500	1	4	4	0	0:00:15.531577
3520	1	1	1	1	0:00:15.544000
3540	6	8	8	0	0:00:15.536216
3560	1	9	8	0	0:00:15.541652
3580	4	1	8	0	0:00:15.536859
3600	4	2	2	0	0:00:15.535688
3620	0	7	7	0	0:00:15.534066
3640	6	2	0	0	0:00:15.536654
3660	0	8	8	0	0:00:15.530579
3680	0	7	2	0	0:00:15.535101
3700	3	-1	4	0	0:00:15.530285
3720	2	2	0	1	0:00:15.543648
3740	0	0	0	1	0:00:15.540913
3760	7	7	7	1	0:00:15.543524
3780	4	2	2	0	0:00:15.538980
3800	9	3	2	0	0:00:15.534309
3820	0	0	0	1	0:00:15.532361
3840	6	8	5	0	0:00:15.536783
3860	7	7	7	1	0:00:15.536441
3880	6	4	4	0	0:00:15.539447
3900	3	0	0	0	0:00:15.532527
3920	7	8	8	0	0:00:15.546066
3940	6	7	4	0	0:00:15.532444
3960	2	5	4	0	0:00:15.537041
3980	9	7	7	0	0:00:15.533504
4000	8	7	4	0	0:00:15.535216
4020	8	9	8	0	0:00:15.531118
4040	0	8	0	0	0:00:15.540830
4060	6	0	0	0	0:00:15.539502
4080	1	8	8	0	0:00:15.551242
4100	7	7	7	1	0:00:15.537188
4120	4	0	0	0	0:00:15.554582
4140	5	2	2	0	0:00:15.537250
4160	5	2	2	0	0:00:15.537582
4180	0	0	8	1	0:00:15.534530
4200	4	2	2	0	0:00:15.538167
4220	4	0	0	0	0:00:15.534231
4240	7	8	8	0	0:00:15.536254
4260	8	9	9	0	0:00:15.532578
4280	8	8	8	1	0:00:15.536594
4300	8	8	8	1	0:00:15.537219
4320	1	8	8	0	0:00:15.542239
4340	0	8	0	0	0:00:15.538019
4360	6	9	9	0	0:00:15.544585
4380	9	9	8	1	0:00:15.534232
4400	3	8	8	0	0:00:15.535769
4420	5	8	8	0	0:00:15.537582
4440	2	6	6	0	0:00:15.536400
4460	9	8	8	0	0:00:15.534634
4480	9	6	6	0	0:00:15.544815
4500	3	7	7	0	0:00:15.531973
4520	3	6	6	0	0:00:15.536973
4540	9	9	9	1	0:00:15.535437
4560	1	6	4	0	0:00:15.532021
4580	6	6	4	1	0:00:15.537851
4600	4	7	7	0	0:00:15.536136
4620	7	3	3	0	0:00:15.556099
4640	2	5	5	0	0:00:15.553109
4660	7	2	2	0	0:00:15.537557
4680	9	1	1	0	0:00:15.544059
4700	6	1	4	0	0:00:15.541242
4720	8	0	0	0	0:00:15.551477
4740	5	6	6	0	0:00:15.549596
4760	3	8	8	0	0:00:15.536955
4780	0	8	0	0	0:00:15.531861
4800	9	9	9	1	0:00:15.541103
4820	3	5	6	0	0:00:15.541265
4840	0	0	0	1	0:00:15.537499
4860	5	5	5	1	0:00:15.547266
4880	0	2	2	0	0:00:15.540549
4900	3	6	6	0	0:00:15.539642
4920	7	0	0	0	0:00:15.539499
4940	6	2	2	0	0:00:15.533113
4960	4	6	6	0	0:00:15.538538
4980	1	9	9	0	0:00:15.538506
5000	7	7	7	1	0:00:15.543277
5020	8	8	8	1	0:00:15.541803
5040	3	7	4	0	0:00:15.540824
5060	6	6	6	1	0:00:15.537880
5080	7	7	7	1	0:00:15.543860
5100	3	4	4	0	0:00:15.543686
5120	9	8	8	0	0:00:15.544682
5140	8	0	8	0	0:00:15.539461
5160	0	8	8	0	0:00:15.535564
5180	9	6	4	0	0:00:15.537893
5200	3	3	3	1	0:00:15.538369
5220	0	0	0	1	0:00:15.556359
5240	1	3	2	0	0:00:15.537672
5260	0	0	0	1	0:00:15.544327
5280	0	8	8	0	0:00:15.539077
5300	9	1	6	0	0:00:15.540868
5320	7	7	7	1	0:00:15.539939
5340	3	2	8	0	0:00:15.543832
5360	9	9	9	1	0:00:15.544131
5380	1	9	9	0	0:00:15.550427
5400	9	0	0	0	0:00:15.540646
5420	6	7	7	0	0:00:15.542137
5440	9	9	9	1	0:00:15.547599
5460	0	6	6	0	0:00:15.535555
5480	1	8	8	0	0:00:15.538322
5500	8	1	8	0	0:00:15.533866
5520	4	5	5	0	0:00:15.546832
5540	5	2	2	0	0:00:15.537195
5560	3	6	4	0	0:00:15.534288
5580	5	6	6	0	0:00:15.535034
5600	6	8	8	0	0:00:15.542188
5620	3	2	2	0	0:00:15.532548
5640	2	3	3	0	0:00:15.556454
5660	9	8	8	0	0:00:15.533378
5680	2	8	8	0	0:00:15.535815
5700	3	9	6	0	0:00:15.537726
5720	9	9	9	1	0:00:15.537756
5740	6	4	4	0	0:00:15.540612
5760	2	8	8	0	0:00:15.547676
5780	7	7	7	1	0:00:15.540359
5800	2	6	4	0	0:00:15.544377
5820	5	6	6	0	0:00:15.536185
5840	2	6	6	0	0:00:15.538759
5860	0	8	8	0	0:00:15.534502
5880	0	8	8	0	0:00:15.546186
5900	4	5	0	0	0:00:15.535054
5920	8	8	8	1	0:00:15.538057
5940	7	4	4	0	0:00:15.537462
5960	2	7	7	0	0:00:15.534373
5980	9	9	8	1	0:00:15.547120
6000	8	9	8	0	0:00:15.530102
6020	6	7	6	0	0:00:15.528929
6040	2	7	7	0	0:00:15.534454
6060	3	4	4	0	0:00:15.529438
6080	1	9	6	0	0:00:15.528762
6100	1	8	8	0	0:00:15.528713
6120	5	5	5	1	0:00:15.541923
6140	9	9	7	1	0:00:15.529858
6160	2	5	5	0	0:00:15.531049
6180	0	9	8	0	0:00:15.541670
6200	3	0	0	0	0:00:15.539761
6220	2	6	6	0	0:00:15.538444
6240	2	1	4	0	0:00:15.540267
6260	2	9	7	0	0:00:15.532681
6280	8	5	4	0	0:00:15.535962
6300	1	7	2	0	0:00:15.531827
6320	0	0	0	1	0:00:15.548022
6340	3	8	8	0	0:00:15.556848
6360	2	2	2	1	0:00:15.534138
6380	3	1	6	0	0:00:15.534426
6400	0	1	4	0	0:00:15.539442
6420	7	5	8	0	0:00:15.531805
6440	3	8	8	0	0:00:15.541395
6460	3	1	1	0	0:00:15.529952
6480	0	5	0	0	0:00:15.532537
6500	7	0	0	0	0:00:15.535744
6520	6	4	4	0	0:00:15.536155
6540	8	8	8	1	0:00:15.530479
6560	6	6	6	1	0:00:15.534853
6580	1	3	4	0	0:00:15.532943
6600	7	7	7	1	0:00:15.539755
6620	7	7	4	1	0:00:15.544330
6640	5	3	8	0	0:00:15.534218
6660	0	8	8	0	0:00:15.538416
6680	3	5	3	0	0:00:15.535574
6700	6	1	6	0	0:00:15.529338
6720	2	2	2	1	0:00:15.546638
6740	2	6	4	0	0:00:15.539991
6760	5	0	0	0	0:00:15.538401
6780	7	7	7	1	0:00:15.539237
6800	6	6	6	1	0:00:15.536944
6820	1	1	8	1	0:00:15.533483
6840	9	9	6	1	0:00:15.532578
6860	0	0	0	1	0:00:15.532289
6880	2	6	6	0	0:00:15.541341
6900	3	7	7	0	0:00:15.537204
6920	5	2	2	0	0:00:15.535857
6940	1	1	1	1	0:00:15.541741
6960	9	8	8	0	0:00:15.537410
6980	0	9	9	0	0:00:15.534885
7000	2	8	8	0	0:00:15.539715
7020	7	1	1	0	0:00:15.542412
7040	7	8	8	0	0:00:15.534528
7060	8	0	8	0	0:00:15.533375
7080	5	0	0	0	0:00:15.558415
7100	9	8	8	0	0:00:15.532019
7120	7	5	5	0	0:00:15.543882
7140	4	4	4	1	0:00:15.562182
7160	5	4	4	0	0:00:15.534284
7180	6	6	6	1	0:00:15.539209
7200	4	6	2	0	0:00:15.532667
7220	9	8	8	0	0:00:15.531316
7240	0	8	8	0	0:00:15.541485
7260	1	8	8	0	0:00:15.537084
7280	1	6	4	0	0:00:15.530347
7300	3	7	8	0	0:00:15.529217
7320	8	0	0	0	0:00:15.533211
7340	2	4	4	0	0:00:15.532227
7360	2	7	4	0	0:00:15.535075
7380	7	9	7	0	0:00:15.537430
7400	3	9	3	0	0:00:15.541061
7420	3	0	0	0	0:00:15.540183
7440	3	6	4	0	0:00:15.538633
7460	5	5	5	1	0:00:15.535904
7480	1	5	5	0	0:00:15.531326
7500	6	6	6	1	0:00:15.536893
7520	4	6	4	0	0:00:15.536505
7540	5	5	5	1	0:00:15.547839
7560	0	2	2	0	0:00:15.537498
7580	8	8	8	1	0:00:15.532259
7600	8	9	7	0	0:00:15.533790
7620	5	-1	4	0	0:00:15.534813
7640	9	8	8	0	0:00:15.531447
7660	7	9	4	0	0:00:15.529966
7680	3	9	9	0	0:00:15.533957
7700	6	6	6	1	0:00:15.531237
7720	5	6	4	0	0:00:15.529130
7740	4	2	2	0	0:00:15.529941
7760	2	9	8	0	0:00:15.532665
7780	3	8	8	0	0:00:15.539199
7800	0	0	0	1	0:00:15.532572
7820	5	8	8	0	0:00:15.548489
7840	1	1	1	1	0:00:15.539944
7860	8	4	4	0	0:00:15.528123
7880	0	8	8	0	0:00:15.535347
7900	0	8	8	0	0:00:15.533811
7920	9	8	8	0	0:00:15.528135
7940	2	6	6	0	0:00:15.527192
7960	0	0	0	1	0:00:15.530322
7980	3	7	4	0	0:00:15.526902
8000	9	0	0	0	0:00:15.532335
8020	6	6	6	1	0:00:15.530676
8040	2	6	6	0	0:00:15.533986
8060	6	4	4	0	0:00:15.527454
8080	4	6	4	0	0:00:15.528976
8100	6	2	2	0	0:00:15.532243
8120	8	9	8	0	0:00:15.543070
8140	5	6	6	0	0:00:15.535724
8160	6	9	8	0	0:00:15.537081
8180	4	6	4	0	0:00:15.533189
8200	3	7	4	0	0:00:15.535972
8220	6	7	2	0	0:00:15.524549
8240	7	7	7	1	0:00:15.535106
8260	1	3	3	0	0:00:15.539917
8280	4	5	2	0	0:00:15.536784
8300	5	2	2	0	0:00:15.547472
8320	7	9	4	0	0:00:15.531794
8340	5	5	4	1	0:00:15.527728
8360	7	4	4	0	0:00:15.534988
8380	9	8	8	0	0:00:15.535832
8400	0	8	8	0	0:00:15.536238
8420	3	6	2	0	0:00:15.538419
8440	5	9	4	0	0:00:15.536220
8460	8	8	8	1	0:00:15.530770
8480	2	1	8	0	0:00:15.552984
8500	4	2	2	0	0:00:15.542577
8520	8	4	4	0	0:00:15.535586
8540	4	2	4	0	0:00:15.539509
8560	7	7	4	1	0:00:15.540375
8580	3	9	0	0	0:00:15.534671
8600	3	7	7	0	0:00:15.545614
8620	3	1	4	0	0:00:15.529846
8640	1	1	1	1	0:00:15.542333
8660	7	5	5	0	0:00:15.540604
8680	3	9	0	0	0:00:15.531770
8700	3	5	3	0	0:00:15.532430
8720	2	0	0	0	0:00:15.536084
8740	2	6	4	0	0:00:15.532028
8760	8	8	5	1	0:00:15.533264
8780	4	7	4	0	0:00:15.528357
8800	0	0	0	1	0:00:15.536188
8820	2	2	2	1	0:00:15.539062
8840	2	1	1	0	0:00:15.534328
8860	2	0	8	0	0:00:15.527745
8880	1	6	4	0	0:00:15.540233
8900	2	1	4	0	0:00:15.530026
8920	6	6	4	1	0:00:15.534391
8940	6	3	3	0	0:00:15.535445
8960	0	0	0	1	0:00:15.542914
8980	9	9	8	1	0:00:15.534567
9000	8	8	8	1	0:00:15.533839
9020	7	9	8	0	0:00:15.534616
9040	2	5	5	0	0:00:15.534385
9060	9	5	5	0	0:00:15.532711
9080	3	0	0	0	0:00:15.532144
9100	9	6	6	0	0:00:15.531953
9120	3	0	0	0	0:00:15.534940
9140	7	8	8	0	0:00:15.529479
9160	5	5	4	1	0:00:15.530382
9180	5	5	5	1	0:00:15.541453
9200	8	8	8	1	0:00:15.532900
9220	8	8	8	1	0:00:15.530467
9240	8	8	8	1	0:00:15.532109
9260	5	5	4	1	0:00:15.529894
9280	9	0	0	0	0:00:15.539940
9300	5	2	2	0	0:00:15.528801
9320	9	8	8	0	0:00:15.534461
9340	1	1	1	1	0:00:15.533044
9360	5	6	4	0	0:00:15.534293
9380	5	9	5	0	0:00:15.531387
9400	6	2	2	0	0:00:15.531712
9420	5	6	6	0	0:00:15.531186
9440	8	8	8	1	0:00:15.543121
9460	3	9	4	0	0:00:15.533711
9480	2	4	4	0	0:00:15.532943
9500	9	6	6	0	0:00:15.530257
9520	1	9	9	0	0:00:15.542824
9540	5	5	4	1	0:00:15.529353
9560	9	7	7	0	0:00:15.543130
9580	1	4	4	0	0:00:15.529918
9600	8	8	8	1	0:00:15.553037
9620	4	7	2	0	0:00:15.533235
9640	5	1	6	0	0:00:15.536773
9660	6	6	6	1	0:00:15.536837
9680	8	9	8	0	0:00:15.534344
9700	0	0	0	1	0:00:15.530653
9720	8	6	2	0	0:00:15.533824
9740	3	6	4	0	0:00:15.530423
9760	9	9	4	1	0:00:15.538891
9780	4	6	6	0	0:00:15.530394
9800	1	1	1	1	0:00:15.537047
9820	0	9	8	0	0:00:15.535001
9840	4	5	3	0	0:00:15.530837
9860	0	2	2	0	0:00:15.529396
9880	7	8	4	0	0:00:15.533329
9900	8	0	0	0	0:00:15.533302
9920	6	6	4	1	0:00:15.541716
9940	4	5	7	0	0:00:15.537819
9960	2	0	0	0	0:00:15.542429
9980	0	0	0	1	0:00:15.531938
