idx	label	predict	basePredict	correct	time
0	3	6	6	0	0:00:02.437459
20	7	9	9	0	0:00:01.947063
40	4	8	8	0	0:00:01.911981
60	7	2	2	0	0:00:01.936064
80	8	8	8	1	0:00:01.989703
100	4	5	5	0	0:00:01.954864
120	8	8	8	1	0:00:01.915776
140	6	2	2	0	0:00:01.921121
160	2	0	0	0	0:00:01.908429
180	0	0	0	1	0:00:01.926924
200	5	3	3	0	0:00:01.991933
220	7	7	7	1	0:00:01.911014
240	1	1	1	1	0:00:01.893399
260	8	5	5	0	0:00:01.861547
280	9	9	9	1	0:00:01.856799
300	6	-1	4	0	0:00:01.858568
320	3	4	4	0	0:00:01.909625
340	2	4	4	0	0:00:01.898844
360	9	6	6	0	0:00:01.992038
380	6	6	6	1	0:00:01.991858
400	9	9	9	1	0:00:01.972559
420	4	6	6	0	0:00:02.007898
440	1	1	1	1	0:00:01.906409
460	5	5	5	1	0:00:01.901594
480	8	9	9	0	0:00:01.916052
500	4	6	6	0	0:00:01.982715
520	5	-1	5	0	0:00:01.931782
540	1	8	8	0	0:00:01.985363
560	0	0	0	1	0:00:02.010877
580	4	6	6	0	0:00:01.966104
600	8	8	8	1	0:00:01.965113
620	7	6	6	0	0:00:02.018908
640	5	6	6	0	0:00:01.961787
660	9	9	9	1	0:00:01.946828
680	9	9	9	1	0:00:01.946482
700	7	7	7	1	0:00:01.976351
720	4	9	9	0	0:00:01.973535
740	2	5	5	0	0:00:01.926856
760	3	9	9	0	0:00:01.965754
780	9	9	0	1	0:00:01.967935
800	7	7	7	1	0:00:01.965664
820	6	9	9	0	0:00:01.995731
840	7	7	7	1	0:00:02.008647
860	4	6	6	0	0:00:01.964915
880	8	8	8	1	0:00:02.006427
900	2	6	6	0	0:00:01.957844
920	6	2	2	0	0:00:01.954026
940	9	1	6	0	0:00:01.972227
960	9	9	9	1	0:00:01.915505
980	2	6	6	0	0:00:01.930896
1000	5	5	5	1	0:00:01.857062
1020	1	8	8	0	0:00:01.868499
1040	7	5	5	0	0:00:01.882394
1060	9	-1	8	0	0:00:01.801903
1080	6	6	6	1	0:00:01.872233
1100	7	8	8	0	0:00:01.851655
1120	5	2	8	0	0:00:01.823245
1140	6	6	6	1	0:00:01.839984
1160	8	0	0	0	0:00:01.843069
1180	3	9	9	0	0:00:01.836316
1200	8	0	0	0	0:00:01.828384
1220	9	-1	2	0	0:00:01.818480
1240	2	6	6	0	0:00:01.815129
1260	1	9	9	0	0:00:01.849515
1280	3	7	7	0	0:00:01.789344
1300	4	6	6	0	0:00:01.871834
1320	7	0	0	0	0:00:01.836269
1340	1	1	1	1	0:00:01.815792
1360	7	9	9	0	0:00:01.823972
1380	4	5	5	0	0:00:01.823758
1400	5	4	2	0	0:00:01.804693
1420	4	7	7	0	0:00:01.855309
1440	0	8	8	0	0:00:01.833134
1460	6	6	6	1	0:00:01.843237
1480	1	-1	7	0	0:00:01.811093
1500	1	9	9	0	0:00:01.851516
1520	7	6	6	0	0:00:01.846910
1540	8	8	8	1	0:00:01.840940
1560	7	7	7	1	0:00:01.808954
1580	6	9	9	0	0:00:01.813077
1600	8	9	6	0	0:00:01.821183
1620	5	8	8	0	0:00:01.854728
1640	7	5	5	0	0:00:01.831652
1660	3	5	5	0	0:00:01.840042
1680	6	6	6	1	0:00:01.861661
1700	5	2	2	0	0:00:01.828582
1720	4	0	0	0	0:00:01.849470
1740	1	9	9	0	0:00:01.825530
1760	0	8	8	0	0:00:01.836342
1780	7	8	8	0	0:00:01.796319
1800	4	8	8	0	0:00:01.827139
1820	8	9	9	0	0:00:01.840205
1840	8	7	7	0	0:00:01.833007
1860	8	8	8	1	0:00:01.825666
1880	1	1	8	1	0:00:01.829463
1900	8	8	8	1	0:00:01.826893
1920	2	7	7	0	0:00:01.847847
1940	5	2	2	0	0:00:01.793831
1960	2	5	5	0	0:00:01.845430
1980	9	9	9	1	0:00:01.834807
2000	1	6	6	0	0:00:01.822265
2020	9	9	9	1	0:00:01.818888
2040	0	8	8	0	0:00:01.827763
2060	5	5	5	1	0:00:01.843771
2080	1	-1	6	0	0:00:01.833268
2100	2	4	4	0	0:00:01.818121
2120	4	8	8	0	0:00:01.849246
2140	9	9	1	1	0:00:01.828965
2160	0	8	8	0	0:00:01.864556
2180	4	6	6	0	0:00:01.862878
2200	0	0	0	1	0:00:01.845423
2220	1	1	1	1	0:00:01.818603
2240	9	9	9	1	0:00:01.840314
2260	4	1	4	0	0:00:01.842451
2280	4	8	8	0	0:00:01.812234
2300	3	6	6	0	0:00:01.833562
2320	5	8	8	0	0:00:01.837032
2340	7	7	7	1	0:00:01.813307
2360	7	7	7	1	0:00:01.828665
2380	8	8	8	1	0:00:01.822716
2400	0	0	0	1	0:00:01.819536
2420	8	5	5	0	0:00:01.825302
2440	7	1	1	0	0:00:01.805239
2460	9	6	6	0	0:00:01.835367
2480	8	8	8	1	0:00:01.837985
2500	4	6	4	0	0:00:01.837759
2520	1	8	8	0	0:00:01.830487
2540	2	3	3	0	0:00:01.849604
2560	7	4	4	0	0:00:01.849880
2580	6	4	4	0	0:00:01.819067
2600	8	8	8	1	0:00:01.816454
2620	1	6	6	0	0:00:01.807495
2640	7	7	7	1	0:00:01.819788
2660	3	-1	0	0	0:00:01.801465
2680	0	0	0	1	0:00:01.819139
2700	9	9	0	1	0:00:01.838861
2720	3	8	8	0	0:00:01.820906
2740	1	1	1	1	0:00:01.825727
2760	2	6	6	0	0:00:01.840232
2780	7	7	7	1	0:00:01.832501
2800	4	6	6	0	0:00:01.839612
2820	6	6	6	1	0:00:01.841059
2840	3	3	3	1	0:00:01.867435
2860	5	7	7	0	0:00:01.846748
2880	4	4	4	1	0:00:01.850600
2900	3	5	5	0	0:00:01.842278
2920	2	-1	8	0	0:00:01.861224
2940	3	8	8	0	0:00:01.832541
2960	9	7	7	0	0:00:01.824192
2980	8	1	1	0	0:00:01.838423
3000	5	5	5	1	0:00:01.820663
3020	1	1	1	1	0:00:01.825739
3040	7	7	7	1	0:00:01.858453
3060	7	7	7	1	0:00:01.826461
3080	1	2	2	0	0:00:01.807341
3100	0	0	0	1	0:00:01.813136
3120	4	6	6	0	0:00:01.805753
3140	8	8	8	1	0:00:01.807965
3160	6	4	4	0	0:00:01.752609
3180	3	9	8	0	0:00:01.750392
3200	5	7	7	0	0:00:01.757260
3220	3	9	9	0	0:00:01.829194
3240	4	1	8	0	0:00:01.772071
3260	7	0	0	0	0:00:01.754827
3280	3	0	0	0	0:00:01.797893
3300	4	4	4	1	0:00:01.812155
3320	2	7	7	0	0:00:01.827030
3340	6	4	4	0	0:00:01.824362
3360	4	6	6	0	0:00:01.808942
3380	8	9	8	0	0:00:01.829394
3400	6	4	4	0	0:00:01.826345
3420	5	6	6	0	0:00:01.833561
3440	2	9	9	0	0:00:01.753618
3460	1	1	1	1	0:00:01.762612
3480	2	2	2	1	0:00:01.788139
3500	1	1	4	1	0:00:01.788265
3520	1	1	1	1	0:00:01.820750
3540	6	8	8	0	0:00:01.759587
3560	1	9	9	0	0:00:01.818612
3580	4	1	1	0	0:00:01.804664
3600	4	2	2	0	0:00:01.808933
3620	0	7	6	0	0:00:01.819982
3640	6	2	2	0	0:00:01.834740
3660	0	8	8	0	0:00:01.821916
3680	0	-1	2	0	0:00:01.824123
3700	3	-1	4	0	0:00:01.808486
3720	2	2	2	1	0:00:01.828657
3740	0	0	0	1	0:00:01.861012
3760	7	7	7	1	0:00:01.821717
3780	4	2	2	0	0:00:01.822304
3800	9	9	3	1	0:00:01.821382
3820	0	0	0	1	0:00:01.811877
3840	6	8	8	0	0:00:01.803181
3860	7	7	7	1	0:00:01.784145
3880	6	4	4	0	0:00:01.760073
3900	3	0	0	0	0:00:01.800224
3920	7	8	8	0	0:00:01.748742
3940	6	-1	6	0	0:00:01.752437
3960	2	5	5	0	0:00:01.777167
3980	9	7	7	0	0:00:01.842122
4000	8	7	7	0	0:00:01.852377
4020	8	9	8	0	0:00:01.831557
4040	0	0	0	1	0:00:01.836058
4060	6	0	0	0	0:00:01.829623
4080	1	8	8	0	0:00:01.836586
4100	7	7	7	1	0:00:01.781090
4120	4	0	0	0	0:00:01.801187
4140	5	2	2	0	0:00:01.828824
4160	5	6	6	0	0:00:01.828534
4180	0	8	8	0	0:00:01.827085
4200	4	2	2	0	0:00:01.821530
4220	4	0	0	0	0:00:01.765194
4240	7	8	8	0	0:00:01.759902
4260	8	8	8	1	0:00:01.753263
4280	8	8	8	1	0:00:01.755013
4300	8	8	8	1	0:00:01.820680
4320	1	8	8	0	0:00:01.837309
4340	0	0	0	1	0:00:01.830174
4360	6	9	9	0	0:00:01.833069
4380	9	9	9	1	0:00:01.838326
4400	3	-1	4	0	0:00:01.836107
4420	5	8	8	0	0:00:01.812629
4440	2	6	6	0	0:00:01.819314
4460	9	8	8	0	0:00:01.829509
4480	9	6	6	0	0:00:01.824875
4500	3	7	7	0	0:00:01.806119
4520	3	6	6	0	0:00:01.792209
4540	9	9	9	1	0:00:01.797258
4560	1	1	6	1	0:00:01.865349
4580	6	6	6	1	0:00:01.807676
4600	4	7	7	0	0:00:01.836086
4620	7	3	3	0	0:00:01.844593
4640	2	5	5	0	0:00:01.835986
4660	7	2	2	0	0:00:01.812788
4680	9	1	1	0	0:00:01.818003
4700	6	1	1	0	0:00:01.844643
4720	8	0	0	0	0:00:01.834255
4740	5	6	6	0	0:00:01.800836
4760	3	-1	4	0	0:00:01.816541
4780	0	8	8	0	0:00:01.818817
4800	9	9	9	1	0:00:01.837956
4820	3	5	5	0	0:00:01.839201
4840	0	0	0	1	0:00:01.814451
4860	5	5	5	1	0:00:01.816434
4880	0	2	2	0	0:00:01.821443
4900	3	1	1	0	0:00:01.835571
4920	7	0	0	0	0:00:01.814579
4940	6	4	2	0	0:00:01.825054
4960	4	6	6	0	0:00:01.810515
4980	1	9	9	0	0:00:01.826223
5000	7	7	7	1	0:00:01.838777
5020	8	1	1	0	0:00:01.847418
5040	3	7	7	0	0:00:01.861118
5060	6	6	6	1	0:00:01.818786
5080	7	7	7	1	0:00:01.805039
5100	3	4	4	0	0:00:01.823411
5120	9	8	8	0	0:00:01.828949
5140	8	8	8	1	0:00:01.833794
5160	0	8	8	0	0:00:01.811067
5180	9	6	6	0	0:00:01.827758
5200	3	3	3	1	0:00:01.810732
5220	0	0	0	1	0:00:01.826798
5240	1	9	3	0	0:00:01.836715
5260	0	0	0	1	0:00:01.841682
5280	0	8	8	0	0:00:01.820921
5300	9	1	1	0	0:00:01.805449
5320	7	7	7	1	0:00:01.785743
5340	3	4	4	0	0:00:01.806722
5360	9	9	9	1	0:00:01.801828
5380	1	9	9	0	0:00:01.843480
5400	9	0	0	0	0:00:01.803915
5420	6	7	6	0	0:00:01.806765
5440	9	9	9	1	0:00:01.804657
5460	0	7	7	0	0:00:01.795847
5480	1	8	8	0	0:00:01.798106
5500	8	1	1	0	0:00:01.814138
5520	4	5	5	0	0:00:01.804171
5540	5	6	2	0	0:00:01.778859
5560	3	6	6	0	0:00:01.789305
5580	5	6	6	0	0:00:01.768387
5600	6	-1	8	0	0:00:01.760364
5620	3	2	2	0	0:00:01.787262
5640	2	3	3	0	0:00:01.830502
5660	9	9	8	1	0:00:01.887575
5680	2	8	8	0	0:00:01.803797
5700	3	6	6	0	0:00:01.832594
5720	9	9	9	1	0:00:01.842345
5740	6	6	6	1	0:00:01.832346
5760	2	2	2	1	0:00:01.838174
5780	7	7	7	1	0:00:01.813431
5800	2	6	6	0	0:00:01.827341
5820	5	6	6	0	0:00:01.806716
5840	2	6	6	0	0:00:01.847429
5860	0	8	8	0	0:00:01.844255
5880	0	8	0	0	0:00:01.840837
5900	4	5	5	0	0:00:01.836119
5920	8	8	8	1	0:00:01.827624
5940	7	4	4	0	0:00:01.825095
5960	2	7	7	0	0:00:01.891069
5980	9	9	9	1	0:00:01.841213
6000	8	9	9	0	0:00:01.825254
6020	6	7	7	0	0:00:01.821160
6040	2	7	7	0	0:00:01.811949
6060	3	4	4	0	0:00:01.844931
6080	1	9	6	0	0:00:01.835850
6100	1	1	8	1	0:00:01.835495
6120	5	5	5	1	0:00:01.842762
6140	9	9	9	1	0:00:01.815322
6160	2	5	5	0	0:00:01.825968
6180	0	-1	8	0	0:00:01.791782
6200	3	-1	0	0	0:00:01.788383
6220	2	6	6	0	0:00:01.788177
6240	2	1	6	0	0:00:01.820141
6260	2	9	9	0	0:00:01.793749
6280	8	5	5	0	0:00:01.810121
6300	1	7	7	0	0:00:01.825526
6320	0	0	0	1	0:00:01.824093
6340	3	8	8	0	0:00:01.806336
6360	2	6	2	0	0:00:01.792120
6380	3	1	1	0	0:00:01.795989
6400	0	1	1	0	0:00:01.815272
6420	7	8	8	0	0:00:01.836715
6440	3	8	8	0	0:00:01.786646
6460	3	1	1	0	0:00:01.800693
6480	0	5	0	0	0:00:01.829435
6500	7	0	0	0	0:00:01.820766
6520	6	4	4	0	0:00:01.843728
6540	8	8	8	1	0:00:01.842233
6560	6	6	6	1	0:00:01.839763
6580	1	2	2	0	0:00:01.831812
6600	7	7	7	1	0:00:01.825792
6620	7	7	4	1	0:00:01.814776
6640	5	8	8	0	0:00:01.819674
6660	0	8	8	0	0:00:01.817839
6680	3	5	5	0	0:00:01.841996
6700	6	6	6	1	0:00:01.819770
6720	2	2	2	1	0:00:01.825115
6740	2	6	6	0	0:00:01.822284
6760	5	2	2	0	0:00:01.860391
6780	7	7	7	1	0:00:01.867931
6800	6	6	6	1	0:00:01.847468
6820	1	1	1	1	0:00:01.844830
6840	9	1	1	0	0:00:01.838831
6860	0	0	0	1	0:00:01.836818
6880	2	-1	4	0	0:00:01.859645
6900	3	7	7	0	0:00:01.834533
6920	5	2	2	0	0:00:01.814329
6940	1	1	1	1	0:00:01.853823
6960	9	8	8	0	0:00:01.830281
6980	0	9	9	0	0:00:01.829311
7000	2	8	8	0	0:00:01.836401
7020	7	1	1	0	0:00:01.835529
7040	7	8	8	0	0:00:01.830873
7060	8	8	8	1	0:00:01.831692
7080	5	4	4	0	0:00:01.845094
7100	9	3	3	0	0:00:01.828508
7120	7	-1	6	0	0:00:01.813369
7140	4	4	4	1	0:00:01.799606
7160	5	4	4	0	0:00:01.807675
7180	6	6	6	1	0:00:01.819098
7200	4	6	6	0	0:00:01.828394
7220	9	8	8	0	0:00:01.802181
7240	0	8	8	0	0:00:01.819319
7260	1	8	8	0	0:00:01.831335
7280	1	6	6	0	0:00:01.825899
7300	3	7	7	0	0:00:01.839709
7320	8	0	0	0	0:00:01.832448
7340	2	4	4	0	0:00:01.827295
7360	2	7	7	0	0:00:01.848757
7380	7	7	7	1	0:00:01.833912
7400	3	9	9	0	0:00:01.840622
7420	3	0	0	0	0:00:01.836398
7440	3	6	6	0	0:00:01.771892
7460	5	5	5	1	0:00:01.762862
7480	1	5	5	0	0:00:01.748610
7500	6	6	6	1	0:00:01.786531
7520	4	6	6	0	0:00:01.790701
7540	5	5	5	1	0:00:01.803363
7560	0	6	2	0	0:00:01.822054
7580	8	8	8	1	0:00:01.821635
7600	8	9	9	0	0:00:01.797618
7620	5	1	1	0	0:00:01.808387
7640	9	9	8	1	0:00:01.832435
7660	7	9	9	0	0:00:01.839954
7680	3	9	9	0	0:00:01.828530
7700	6	6	6	1	0:00:01.823913
7720	5	6	6	0	0:00:01.838641
7740	4	6	2	0	0:00:01.826515
7760	2	9	9	0	0:00:01.821310
7780	3	8	8	0	0:00:01.806598
7800	0	0	0	1	0:00:01.810039
7820	5	8	8	0	0:00:01.854238
7840	1	1	1	1	0:00:01.841678
7860	8	4	4	0	0:00:01.830281
7880	0	8	8	0	0:00:01.865826
7900	0	8	8	0	0:00:01.842275
7920	9	8	8	0	0:00:01.832672
7940	2	6	6	0	0:00:01.811812
7960	0	0	0	1	0:00:01.848898
7980	3	7	7	0	0:00:01.845576
8000	9	9	9	1	0:00:01.877742
8020	6	6	6	1	0:00:01.902888
8040	2	6	6	0	0:00:01.840898
8060	6	6	6	1	0:00:01.853601
8080	4	6	6	0	0:00:01.855446
8100	6	2	2	0	0:00:01.849257
8120	8	9	9	0	0:00:01.830815
8140	5	6	6	0	0:00:01.839109
8160	6	9	9	0	0:00:01.859554
8180	4	6	6	0	0:00:01.847076
8200	3	6	6	0	0:00:01.853861
8220	6	7	6	0	0:00:01.858224
8240	7	7	7	1	0:00:01.858276
8260	1	1	1	1	0:00:01.848506
8280	4	1	1	0	0:00:01.845476
8300	5	2	2	0	0:00:01.847333
8320	7	4	4	0	0:00:01.823124
8340	5	4	4	0	0:00:01.845233
8360	7	-1	6	0	0:00:01.854102
8380	9	8	8	0	0:00:01.847426
8400	0	8	8	0	0:00:01.843334
8420	3	6	6	0	0:00:01.841019
8440	5	9	9	0	0:00:01.848893
8460	8	8	8	1	0:00:01.856213
8480	2	1	1	0	0:00:01.847254
8500	4	2	2	0	0:00:01.811829
8520	8	6	6	0	0:00:01.831978
8540	4	6	4	0	0:00:01.820513
8560	7	7	7	1	0:00:01.824725
8580	3	0	0	0	0:00:01.822584
8600	3	7	7	0	0:00:01.856699
8620	3	1	4	0	0:00:01.855476
8640	1	1	1	1	0:00:01.854133
8660	7	5	5	0	0:00:01.858097
8680	3	9	9	0	0:00:01.839547
8700	3	5	5	0	0:00:01.844596
8720	2	0	0	0	0:00:01.843669
8740	2	6	6	0	0:00:01.848229
8760	8	8	8	1	0:00:01.827998
8780	4	-1	4	0	0:00:01.852625
8800	0	0	0	1	0:00:01.853139
8820	2	2	2	1	0:00:01.848984
8840	2	1	1	0	0:00:01.850200
8860	2	0	0	0	0:00:01.836131
8880	1	6	6	0	0:00:01.833525
8900	2	1	6	0	0:00:01.841512
8920	6	6	6	1	0:00:01.823569
8940	6	3	3	0	0:00:01.847877
8960	0	0	0	1	0:00:01.837926
8980	9	9	9	1	0:00:01.833483
9000	8	8	8	1	0:00:01.819171
9020	7	9	9	0	0:00:01.833663
9040	2	5	5	0	0:00:01.812421
9060	9	5	5	0	0:00:01.823650
9080	3	0	0	0	0:00:01.831933
9100	9	6	6	0	0:00:01.822493
9120	3	0	0	0	0:00:01.830927
9140	7	8	8	0	0:00:01.824588
9160	5	5	5	1	0:00:01.789322
9180	5	5	5	1	0:00:01.792614
9200	8	8	8	1	0:00:01.844137
9220	8	8	8	1	0:00:01.837131
9240	8	8	8	1	0:00:01.800253
9260	5	5	5	1	0:00:01.807201
9280	9	0	8	0	0:00:01.799415
9300	5	5	2	1	0:00:01.812682
9320	9	9	8	1	0:00:01.830672
9340	1	1	1	1	0:00:01.826112
9360	5	6	6	0	0:00:01.814012
9380	5	5	5	1	0:00:01.839949
9400	6	6	4	1	0:00:01.824340
9420	5	6	6	0	0:00:01.842336
9440	8	8	8	1	0:00:01.839648
9460	3	9	6	0	0:00:01.819024
9480	2	6	6	0	0:00:01.829439
9500	9	-1	6	0	0:00:01.822615
9520	1	9	9	0	0:00:01.826239
9540	5	-1	4	0	0:00:01.848412
9560	9	7	7	0	0:00:01.820977
9580	1	4	4	0	0:00:01.817966
9600	8	8	8	1	0:00:01.821510
9620	4	7	7	0	0:00:01.818480
9640	5	6	6	0	0:00:01.827095
9660	6	6	6	1	0:00:01.781033
9680	8	9	9	0	0:00:01.764877
9700	0	0	0	1	0:00:01.794589
9720	8	6	6	0	0:00:01.777309
9740	3	6	6	0	0:00:01.774698
9760	9	9	9	1	0:00:01.772403
9780	4	6	6	0	0:00:01.810122
9800	1	1	1	1	0:00:01.832948
9820	0	9	8	0	0:00:01.810106
9840	4	3	3	0	0:00:01.828820
9860	0	2	2	0	0:00:01.808635
9880	7	7	4	1	0:00:01.813765
9900	8	0	0	0	0:00:01.759166
9920	6	6	6	1	0:00:01.753505
9940	4	7	7	0	0:00:01.750379
9960	2	0	0	0	0:00:01.745478
9980	0	0	0	1	0:00:01.754132
