idx	label	predict	basePredict	correct	time
0	3	2	2	0	0:00:17.239427
20	7	1	9	0	0:00:15.981076
40	4	8	8	0	0:00:16.057409
60	7	7	4	1	0:00:16.022351
80	8	8	8	1	0:00:15.984966
100	4	3	3	0	0:00:15.937791
120	8	8	8	1	0:00:15.970553
140	6	2	2	0	0:00:16.005568
160	2	0	2	0	0:00:16.036197
180	0	0	8	1	0:00:16.001582
200	5	7	3	0	0:00:15.958229
220	7	7	7	1	0:00:16.182459
240	1	1	8	1	0:00:16.019062
260	8	3	3	0	0:00:16.000761
280	9	9	8	1	0:00:16.032790
300	6	7	4	0	0:00:15.936783
320	3	2	4	0	0:00:15.984363
340	2	4	4	0	0:00:15.924300
360	9	7	6	0	0:00:15.974597
380	6	4	4	0	0:00:15.952647
400	9	9	8	1	0:00:15.966148
420	4	6	6	0	0:00:15.943974
440	1	1	6	1	0:00:15.974119
460	5	5	3	1	0:00:16.001709
480	8	9	8	0	0:00:15.919499
500	4	6	4	0	0:00:15.999240
520	5	7	7	0	0:00:16.007098
540	1	9	8	0	0:00:16.029125
560	0	0	8	1	0:00:16.096114
580	4	6	4	0	0:00:15.928468
600	8	8	8	1	0:00:15.983453
620	7	6	4	0	0:00:15.940892
640	5	3	3	0	0:00:15.974262
660	9	9	9	1	0:00:15.940323
680	9	7	4	0	0:00:15.941948
700	7	0	4	0	0:00:15.945616
720	4	9	7	0	0:00:15.966046
740	2	5	3	0	0:00:15.965857
760	3	9	9	0	0:00:15.933247
780	9	1	0	0	0:00:15.967755
800	7	7	7	1	0:00:15.968334
820	6	1	8	0	0:00:15.967700
840	7	7	7	1	0:00:15.946954
860	4	4	4	1	0:00:16.023279
880	8	8	8	1	0:00:15.918267
900	2	6	4	0	0:00:15.975741
920	6	2	2	0	0:00:16.049138
940	9	9	9	1	0:00:16.049528
960	9	9	4	1	0:00:15.975746
980	2	6	6	0	0:00:16.053932
1000	5	5	5	1	0:00:15.239839
1020	1	1	8	1	0:00:15.250965
1040	7	5	5	0	0:00:15.328228
1060	9	9	8	1	0:00:15.285220
1080	6	6	6	1	0:00:15.256075
1100	7	8	8	0	0:00:15.245572
1120	5	2	2	0	0:00:15.237395
1140	6	4	4	0	0:00:15.242465
1160	8	0	0	0	0:00:15.231777
1180	3	3	8	1	0:00:15.229218
1200	8	0	0	0	0:00:15.240590
1220	9	6	6	0	0:00:15.241425
1240	2	6	6	0	0:00:15.232462
1260	1	9	9	0	0:00:15.293614
1280	3	7	7	0	0:00:15.266319
1300	4	3	3	0	0:00:15.260133
1320	7	2	2	0	0:00:15.254368
1340	1	1	1	1	0:00:15.241537
1360	7	7	4	1	0:00:15.237021
1380	4	5	5	0	0:00:15.237442
1400	5	6	2	0	0:00:15.268135
1420	4	7	7	0	0:00:15.260593
1440	0	8	8	0	0:00:15.250266
1460	6	6	4	1	0:00:15.272014
1480	1	5	5	0	0:00:15.281901
1500	1	9	1	0	0:00:15.272502
1520	7	7	2	1	0:00:15.238343
1540	8	8	8	1	0:00:15.246123
1560	7	7	7	1	0:00:15.251887
1580	6	1	1	0	0:00:15.257522
1600	8	9	6	0	0:00:15.236578
1620	5	8	8	0	0:00:15.365059
1640	7	5	3	0	0:00:15.231941
1660	3	5	4	0	0:00:15.244054
1680	6	6	6	1	0:00:15.224397
1700	5	2	2	0	0:00:15.278256
1720	4	2	2	0	0:00:15.231908
1740	1	9	9	0	0:00:15.241697
1760	0	8	8	0	0:00:15.245216
1780	7	9	8	0	0:00:15.294451
1800	4	8	8	0	0:00:15.243135
1820	8	9	8	0	0:00:15.310085
1840	8	9	4	0	0:00:15.276685
1860	8	8	8	1	0:00:15.251419
1880	1	1	8	1	0:00:15.245510
1900	8	8	8	1	0:00:15.223425
1920	2	2	2	1	0:00:15.233650
1940	5	3	3	0	0:00:15.243295
1960	2	5	5	0	0:00:15.223563
1980	9	9	4	1	0:00:15.252183
2000	1	6	6	0	0:00:15.249430
2020	9	9	9	1	0:00:15.267573
2040	0	8	8	0	0:00:15.270393
2060	5	5	3	1	0:00:15.255080
2080	1	9	4	0	0:00:15.290709
2100	2	4	4	0	0:00:15.229393
2120	4	8	8	0	0:00:15.223601
2140	9	9	1	1	0:00:15.232553
2160	0	8	8	0	0:00:15.227171
2180	4	4	4	1	0:00:15.238910
2200	0	2	2	0	0:00:15.270905
2220	1	1	4	1	0:00:15.245936
2240	9	9	8	1	0:00:15.240330
2260	4	7	4	0	0:00:15.257403
2280	4	8	8	0	0:00:15.250131
2300	3	6	4	0	0:00:15.249628
2320	5	2	8	0	0:00:15.239285
2340	7	7	7	1	0:00:15.245465
2360	7	5	3	0	0:00:15.224589
2380	8	0	8	0	0:00:15.260546
2400	0	0	0	1	0:00:15.241170
2420	8	5	5	0	0:00:15.228112
2440	7	7	8	1	0:00:15.226171
2460	9	3	3	0	0:00:15.230859
2480	8	8	8	1	0:00:15.246502
2500	4	2	2	0	0:00:15.236585
2520	1	9	8	0	0:00:15.243804
2540	2	3	3	0	0:00:15.248309
2560	7	7	4	1	0:00:15.248593
2580	6	4	4	0	0:00:15.254675
2600	8	8	8	1	0:00:15.319715
2620	1	4	4	0	0:00:15.286952
2640	7	7	6	1	0:00:15.355867
2660	3	4	2	0	0:00:15.261446
2680	0	0	0	1	0:00:15.261704
2700	9	0	0	0	0:00:15.253219
2720	3	2	2	0	0:00:15.249013
2740	1	1	1	1	0:00:15.241271
2760	2	4	4	0	0:00:15.236168
2780	7	7	7	1	0:00:15.263282
2800	4	6	6	0	0:00:15.248709
2820	6	6	4	1	0:00:15.238563
2840	3	3	3	1	0:00:15.249413
2860	5	7	4	0	0:00:15.224051
2880	4	4	4	1	0:00:15.322346
2900	3	2	2	0	0:00:15.229584
2920	2	5	8	0	0:00:15.261101
2940	3	0	0	0	0:00:15.247040
2960	9	9	8	1	0:00:15.252385
2980	8	1	8	0	0:00:15.246373
3000	5	5	5	1	0:00:15.284564
3020	1	1	8	1	0:00:15.266283
3040	7	7	7	1	0:00:15.252975
3060	7	7	7	1	0:00:15.238211
3080	1	7	4	0	0:00:15.230081
3100	0	0	0	1	0:00:15.244640
3120	4	6	2	0	0:00:15.244110
3140	8	8	8	1	0:00:15.227614
3160	6	4	4	0	0:00:15.234570
3180	3	7	8	0	0:00:15.236561
3200	5	7	7	0	0:00:15.240488
3220	3	9	9	0	0:00:15.249025
3240	4	1	8	0	0:00:15.253885
3260	7	0	0	0	0:00:15.247087
3280	3	5	0	0	0:00:15.245469
3300	4	6	4	0	0:00:15.247355
3320	2	7	7	0	0:00:15.241880
3340	6	-1	4	0	0:00:15.225026
3360	4	6	6	0	0:00:15.212759
3380	8	1	8	0	0:00:15.230799
3400	6	4	4	0	0:00:15.226276
3420	5	4	4	0	0:00:15.222039
3440	2	9	3	0	0:00:15.213679
3460	1	1	4	1	0:00:15.234304
3480	2	2	2	1	0:00:15.294597
3500	1	1	4	1	0:00:15.278969
3520	1	1	1	1	0:00:15.251742
3540	6	6	4	1	0:00:15.247326
3560	1	9	0	0	0:00:15.329025
3580	4	1	4	0	0:00:15.338872
3600	4	2	2	0	0:00:15.233339
3620	0	6	6	0	0:00:15.235174
3640	6	2	2	0	0:00:15.244908
3660	0	8	8	0	0:00:15.261348
3680	0	2	2	0	0:00:15.240562
3700	3	5	4	0	0:00:15.243047
3720	2	2	2	1	0:00:15.247008
3740	0	0	8	1	0:00:15.260548
3760	7	7	7	1	0:00:15.309936
3780	4	2	2	0	0:00:15.252726
3800	9	9	3	1	0:00:15.236173
3820	0	2	2	0	0:00:15.244556
3840	6	3	3	0	0:00:15.236147
3860	7	7	7	1	0:00:15.218633
3880	6	4	4	0	0:00:15.225982
3900	3	1	1	0	0:00:15.227195
3920	7	9	8	0	0:00:15.225146
3940	6	7	4	0	0:00:15.241227
3960	2	5	5	0	0:00:15.243462
3980	9	7	7	0	0:00:15.323135
4000	8	7	4	0	0:00:15.246845
4020	8	1	8	0	0:00:15.264997
4040	0	0	0	1	0:00:15.256215
4060	6	3	3	0	0:00:15.335678
4080	1	8	8	0	0:00:15.230345
4100	7	7	7	1	0:00:15.224308
4120	4	0	0	0	0:00:15.232987
4140	5	3	3	0	0:00:15.251405
4160	5	2	2	0	0:00:15.230337
4180	0	8	8	0	0:00:15.258018
4200	4	2	2	0	0:00:15.260095
4220	4	0	0	0	0:00:15.280384
4240	7	0	0	0	0:00:15.239067
4260	8	1	8	0	0:00:15.314470
4280	8	0	8	0	0:00:15.345907
4300	8	8	8	1	0:00:15.257292
4320	1	8	8	0	0:00:15.232172
4340	0	8	8	0	0:00:15.251065
4360	6	9	3	0	0:00:15.240671
4380	9	9	8	1	0:00:15.253307
4400	3	4	4	0	0:00:15.244958
4420	5	8	8	0	0:00:15.256772
4440	2	6	2	0	0:00:15.262534
4460	9	8	8	0	0:00:15.293036
4480	9	-1	6	0	0:00:15.245432
4500	3	6	6	0	0:00:15.249039
4520	3	6	6	0	0:00:15.235219
4540	9	9	9	1	0:00:15.318778
4560	1	1	4	1	0:00:15.359921
4580	6	4	4	0	0:00:15.347607
4600	4	7	4	0	0:00:15.330022
4620	7	3	3	0	0:00:15.267037
4640	2	3	4	0	0:00:15.244097
4660	7	4	2	0	0:00:15.260008
4680	9	1	1	0	0:00:15.259585
4700	6	1	4	0	0:00:15.242418
4720	8	0	0	0	0:00:15.235198
4740	5	3	4	0	0:00:15.226781
4760	3	3	4	1	0:00:15.220225
4780	0	0	8	1	0:00:15.226274
4800	9	9	9	1	0:00:15.225840
4820	3	5	5	0	0:00:15.228824
4840	0	0	0	1	0:00:15.240160
4860	5	3	3	0	0:00:15.287302
4880	0	2	2	0	0:00:15.333899
4900	3	6	6	0	0:00:15.312866
4920	7	7	2	1	0:00:15.352969
4940	6	4	2	0	0:00:15.285308
4960	4	3	3	0	0:00:15.244547
4980	1	9	0	0	0:00:15.225653
5000	7	7	7	1	0:00:15.254408
5020	8	1	8	0	0:00:15.303717
5040	3	3	4	1	0:00:15.275733
5060	6	2	4	0	0:00:15.341674
5080	7	7	7	1	0:00:15.345269
5100	3	3	3	1	0:00:15.298947
5120	9	9	8	1	0:00:15.319082
5140	8	8	8	1	0:00:15.286315
5160	0	8	8	0	0:00:15.276287
5180	9	7	4	0	0:00:15.277470
5200	3	3	3	1	0:00:15.244752
5220	0	0	0	1	0:00:15.254988
5240	1	9	2	0	0:00:15.237537
5260	0	0	0	1	0:00:15.225615
5280	0	8	8	0	0:00:15.240379
5300	9	1	9	0	0:00:15.268955
5320	7	7	3	1	0:00:15.275920
5340	3	4	4	0	0:00:15.253930
5360	9	9	9	1	0:00:15.268822
5380	1	9	9	0	0:00:15.238580
5400	9	0	8	0	0:00:15.239352
5420	6	6	6	1	0:00:15.219221
5440	9	9	9	1	0:00:15.234998
5460	0	7	7	0	0:00:15.238667
5480	1	1	8	1	0:00:15.251178
5500	8	1	8	0	0:00:15.229177
5520	4	3	3	0	0:00:15.250011
5540	5	6	2	0	0:00:15.246288
5560	3	6	6	0	0:00:15.261101
5580	5	6	6	0	0:00:15.262716
5600	6	-1	0	0	0:00:15.268389
5620	3	2	2	0	0:00:15.250871
5640	2	5	3	0	0:00:15.238507
5660	9	0	8	0	0:00:15.247501
5680	2	1	8	0	0:00:15.223383
5700	3	6	2	0	0:00:15.230162
5720	9	9	9	1	0:00:15.258894
5740	6	4	4	0	0:00:15.242734
5760	2	2	2	1	0:00:15.253770
5780	7	7	4	1	0:00:15.243952
5800	2	6	4	0	0:00:15.268339
5820	5	6	6	0	0:00:15.264665
5840	2	6	6	0	0:00:15.244552
5860	0	8	8	0	0:00:15.250974
5880	0	8	0	0	0:00:15.244706
5900	4	3	4	0	0:00:15.236889
5920	8	8	8	1	0:00:15.234654
5940	7	4	4	0	0:00:15.227654
5960	2	-1	4	0	0:00:15.225399
5980	9	9	6	1	0:00:15.232078
6000	8	9	8	0	0:00:15.236242
6020	6	-1	6	0	0:00:15.250672
6040	2	7	7	0	0:00:15.239687
6060	3	4	4	0	0:00:15.256054
6080	1	9	6	0	0:00:15.322495
6100	1	1	8	1	0:00:15.298198
6120	5	5	5	1	0:00:15.270174
6140	9	9	7	1	0:00:15.249111
6160	2	5	5	0	0:00:15.233467
6180	0	9	8	0	0:00:15.222182
6200	3	9	3	0	0:00:15.230706
6220	2	6	5	0	0:00:15.221810
6240	2	6	4	0	0:00:15.228253
6260	2	9	8	0	0:00:15.234240
6280	8	5	4	0	0:00:15.236548
6300	1	7	4	0	0:00:15.244351
6320	0	0	0	1	0:00:15.247272
6340	3	3	3	1	0:00:15.254409
6360	2	6	2	0	0:00:15.241781
6380	3	6	6	0	0:00:15.252205
6400	0	1	4	0	0:00:15.239260
6420	7	7	8	1	0:00:15.266035
6440	3	9	8	0	0:00:15.261918
6460	3	1	4	0	0:00:15.228894
6480	0	2	2	0	0:00:15.226507
6500	7	0	8	0	0:00:15.236400
6520	6	4	4	0	0:00:15.226270
6540	8	8	8	1	0:00:15.240201
6560	6	6	4	1	0:00:15.250787
6580	1	2	2	0	0:00:15.266350
6600	7	7	7	1	0:00:15.259187
6620	7	7	7	1	0:00:15.245655
6640	5	3	8	0	0:00:15.256729
6660	0	0	8	1	0:00:15.242364
6680	3	5	5	0	0:00:15.231266
6700	6	6	2	1	0:00:15.264560
6720	2	4	2	0	0:00:15.301069
6740	2	6	4	0	0:00:15.235154
6760	5	3	6	0	0:00:15.244724
6780	7	7	7	1	0:00:15.261249
6800	6	2	4	0	0:00:15.246018
6820	1	1	1	1	0:00:15.245513
6840	9	9	9	1	0:00:15.238800
6860	0	0	2	1	0:00:15.247547
6880	2	7	4	0	0:00:15.275913
6900	3	7	4	0	0:00:15.269876
6920	5	2	2	0	0:00:15.219879
6940	1	1	1	1	0:00:15.276415
6960	9	8	8	0	0:00:15.216614
6980	0	9	8	0	0:00:15.185249
7000	2	8	8	0	0:00:15.203161
7020	7	7	7	1	0:00:15.212442
7040	7	8	8	0	0:00:15.265126
7060	8	0	8	0	0:00:15.169500
7080	5	4	4	0	0:00:15.229931
7100	9	3	3	0	0:00:15.211034
7120	7	5	6	0	0:00:15.193220
7140	4	3	4	0	0:00:15.244420
7160	5	4	4	0	0:00:15.238043
7180	6	6	6	1	0:00:15.250499
7200	4	6	2	0	0:00:15.257473
7220	9	9	8	1	0:00:15.242552
7240	0	8	8	0	0:00:15.201229
7260	1	8	8	0	0:00:15.214186
7280	1	9	6	0	0:00:15.220488
7300	3	7	4	0	0:00:15.245256
7320	8	0	8	0	0:00:15.214590
7340	2	4	4	0	0:00:15.212328
7360	2	4	4	0	0:00:15.212088
7380	7	7	7	1	0:00:15.223855
7400	3	3	3	1	0:00:15.220015
7420	3	0	0	0	0:00:15.231493
7440	3	3	2	1	0:00:15.228270
7460	5	5	5	1	0:00:15.233187
7480	1	8	8	0	0:00:15.250881
7500	6	6	6	1	0:00:15.264503
7520	4	6	4	0	0:00:15.259239
7540	5	5	5	1	0:00:15.223145
7560	0	6	2	0	0:00:15.211744
7580	8	8	8	1	0:00:15.283098
7600	8	9	8	0	0:00:15.255541
7620	5	9	3	0	0:00:15.226244
7640	9	9	6	1	0:00:15.248846
7660	7	9	4	0	0:00:15.230269
7680	3	9	3	0	0:00:15.320876
7700	6	6	6	1	0:00:15.227349
7720	5	5	4	1	0:00:15.213878
7740	4	6	2	0	0:00:15.245833
7760	2	9	6	0	0:00:15.345686
7780	3	1	8	0	0:00:15.247183
7800	0	0	8	1	0:00:15.251467
7820	5	8	8	0	0:00:15.255363
7840	1	1	1	1	0:00:15.249251
7860	8	7	4	0	0:00:15.194528
7880	0	0	0	1	0:00:15.267633
7900	0	8	8	0	0:00:15.286506
7920	9	8	8	0	0:00:15.275300
7940	2	6	6	0	0:00:15.310947
7960	0	0	2	1	0:00:15.281726
7980	3	7	4	0	0:00:15.242081
8000	9	9	8	1	0:00:15.218151
8020	6	3	3	0	0:00:15.274193
8040	2	6	4	0	0:00:15.252264
8060	6	6	4	1	0:00:15.225490
8080	4	6	6	0	0:00:15.237457
8100	6	2	2	0	0:00:15.277221
8120	8	9	8	0	0:00:15.256803
8140	5	4	4	0	0:00:15.223653
8160	6	9	6	0	0:00:15.190570
8180	4	4	4	1	0:00:15.183507
8200	3	6	2	0	0:00:15.235008
8220	6	2	2	0	0:00:15.254425
8240	7	7	7	1	0:00:15.249820
8260	1	3	3	0	0:00:15.236139
8280	4	-1	3	0	0:00:15.249712
8300	5	2	2	0	0:00:15.250293
8320	7	3	4	0	0:00:15.282290
8340	5	3	4	0	0:00:15.243272
8360	7	7	4	1	0:00:15.253619
8380	9	9	8	1	0:00:15.216083
8400	0	8	8	0	0:00:15.234430
8420	3	6	4	0	0:00:15.236216
8440	5	3	4	0	0:00:15.250457
8460	8	8	8	1	0:00:15.235229
8480	2	1	8	0	0:00:15.232973
8500	4	2	2	0	0:00:15.224096
8520	8	-1	4	0	0:00:15.219812
8540	4	6	2	0	0:00:15.278447
8560	7	7	4	1	0:00:15.234172
8580	3	0	2	0	0:00:15.244436
8600	3	7	4	0	0:00:15.207670
8620	3	7	4	0	0:00:15.248612
8640	1	1	1	1	0:00:15.243479
8660	7	7	5	1	0:00:15.238164
8680	3	9	8	0	0:00:15.237994
8700	3	3	3	1	0:00:15.250407
8720	2	0	0	0	0:00:15.213900
8740	2	6	4	0	0:00:15.241305
8760	8	8	8	1	0:00:15.262686
8780	4	7	4	0	0:00:15.257841
8800	0	0	0	1	0:00:15.258384
8820	2	3	3	0	0:00:15.211744
8840	2	1	7	0	0:00:15.239751
8860	2	6	6	0	0:00:15.242704
8880	1	9	6	0	0:00:15.292760
8900	2	6	4	0	0:00:15.202109
8920	6	6	6	1	0:00:15.218423
8940	6	3	3	0	0:00:15.245183
8960	0	0	0	1	0:00:15.248728
8980	9	9	8	1	0:00:15.213242
9000	8	8	8	1	0:00:15.275686
9020	7	9	8	0	0:00:15.196049
9040	2	5	5	0	0:00:15.162466
9060	9	5	5	0	0:00:15.278149
9080	3	0	0	0	0:00:15.237152
9100	9	6	6	0	0:00:15.224398
9120	3	0	0	0	0:00:15.210665
9140	7	9	8	0	0:00:15.197296
9160	5	7	4	0	0:00:15.210835
9180	5	5	5	1	0:00:15.243241
9200	8	8	8	1	0:00:15.204297
9220	8	8	8	1	0:00:15.286068
9240	8	8	8	1	0:00:15.209065
9260	5	-1	5	0	0:00:15.222467
9280	9	1	8	0	0:00:15.223225
9300	5	3	2	0	0:00:15.225070
9320	9	9	8	1	0:00:15.213574
9340	1	1	1	1	0:00:15.181154
9360	5	9	4	0	0:00:15.231615
9380	5	9	3	0	0:00:15.211325
9400	6	4	4	0	0:00:15.151761
9420	5	6	6	0	0:00:15.186363
9440	8	8	8	1	0:00:15.135163
9460	3	7	4	0	0:00:15.144757
9480	2	4	4	0	0:00:15.134991
9500	9	1	4	0	0:00:15.123640
9520	1	1	1	1	0:00:15.137831
9540	5	3	4	0	0:00:15.127331
9560	9	7	7	0	0:00:15.146600
9580	1	4	4	0	0:00:15.120594
9600	8	8	8	1	0:00:15.132594
9620	4	7	4	0	0:00:15.141618
9640	5	0	6	0	0:00:15.121323
9660	6	6	6	1	0:00:15.116047
9680	8	8	8	1	0:00:15.142512
9700	0	0	2	1	0:00:15.132536
9720	8	6	6	0	0:00:15.114517
9740	3	6	4	0	0:00:15.122775
9760	9	7	4	0	0:00:15.122439
9780	4	6	4	0	0:00:15.107870
9800	1	1	1	1	0:00:15.135671
9820	0	8	8	0	0:00:15.131299
9840	4	5	5	0	0:00:15.126586
9860	0	5	8	0	0:00:15.103849
9880	7	4	4	0	0:00:15.119834
9900	8	0	8	0	0:00:15.109453
9920	6	4	2	0	0:00:15.112618
9940	4	5	6	0	0:00:15.114889
9960	2	0	0	0	0:00:15.117593
9980	0	0	0	1	0:00:15.124273
