idx	label	predict	basePredict	correct	time
0	3	2	2	0	0:00:02.848231
20	7	1	1	0	0:00:02.853537
40	4	8	8	0	0:00:02.869298
60	7	2	2	0	0:00:02.855338
80	8	8	8	1	0:00:02.771120
100	4	3	3	0	0:00:02.869788
120	8	-1	0	0	0:00:02.865498
140	6	2	2	0	0:00:02.798967
160	2	0	0	0	0:00:02.828982
180	0	8	8	0	0:00:02.781528
200	5	3	3	0	0:00:02.846933
220	7	7	4	1	0:00:02.857061
240	1	1	8	1	0:00:02.794439
260	8	3	6	0	0:00:02.819899
280	9	9	8	1	0:00:02.813349
300	6	4	4	0	0:00:02.784166
320	3	2	4	0	0:00:02.854032
340	2	4	4	0	0:00:02.783191
360	9	6	4	0	0:00:02.843875
380	6	4	4	0	0:00:02.809332
400	9	9	8	1	0:00:02.821453
420	4	6	6	0	0:00:02.828338
440	1	1	4	1	0:00:02.788989
460	5	-1	4	0	0:00:02.814217
480	8	9	9	0	0:00:02.792663
500	4	6	6	0	0:00:02.811000
520	5	7	7	0	0:00:02.783275
540	1	8	8	0	0:00:02.789892
560	0	0	8	1	0:00:02.800877
580	4	-1	4	0	0:00:02.856529
600	8	0	4	0	0:00:02.792665
620	7	2	2	0	0:00:02.831606
640	5	3	3	0	0:00:02.784849
660	9	9	8	1	0:00:02.807344
680	9	7	4	0	0:00:02.791324
700	7	7	4	1	0:00:02.812717
720	4	9	7	0	0:00:02.803363
740	2	5	3	0	0:00:02.821432
760	3	9	4	0	0:00:02.839884
780	9	0	0	0	0:00:02.860429
800	7	7	7	1	0:00:02.799093
820	6	1	8	0	0:00:02.782902
840	7	7	7	1	0:00:02.838436
860	4	4	4	1	0:00:02.827057
880	8	8	8	1	0:00:02.857047
900	2	4	4	0	0:00:02.777723
920	6	2	2	0	0:00:02.777210
940	9	9	6	1	0:00:02.765503
960	9	9	2	1	0:00:02.884872
980	2	6	6	0	0:00:02.821795
1000	5	5	5	1	0:00:02.165612
1020	1	1	8	1	0:00:02.090043
1040	7	5	5	0	0:00:02.120038
1060	9	9	8	1	0:00:02.113105
1080	6	6	6	1	0:00:02.078068
1100	7	8	8	0	0:00:02.079687
1120	5	2	2	0	0:00:02.077994
1140	6	4	4	0	0:00:02.091397
1160	8	0	0	0	0:00:02.078461
1180	3	8	8	0	0:00:02.081514
1200	8	0	0	0	0:00:02.098890
1220	9	6	2	0	0:00:02.090511
1240	2	6	6	0	0:00:02.095546
1260	1	9	9	0	0:00:02.102837
1280	3	7	7	0	0:00:02.117134
1300	4	3	3	0	0:00:02.136603
1320	7	2	2	0	0:00:02.083242
1340	1	8	8	0	0:00:02.083655
1360	7	7	4	1	0:00:02.067437
1380	4	5	5	0	0:00:02.080683
1400	5	2	2	0	0:00:02.078809
1420	4	7	7	0	0:00:02.074224
1440	0	8	8	0	0:00:02.068287
1460	6	6	4	1	0:00:02.070023
1480	1	5	5	0	0:00:02.082268
1500	1	9	8	0	0:00:02.070518
1520	7	6	2	0	0:00:02.070375
1540	8	8	2	1	0:00:02.073216
1560	7	7	7	1	0:00:02.069877
1580	6	1	1	0	0:00:02.074841
1600	8	6	6	0	0:00:02.065784
1620	5	8	8	0	0:00:02.075046
1640	7	5	3	0	0:00:02.067094
1660	3	4	4	0	0:00:02.067202
1680	6	6	6	1	0:00:02.076261
1700	5	2	2	0	0:00:02.066552
1720	4	2	2	0	0:00:02.066319
1740	1	9	9	0	0:00:02.065273
1760	0	8	8	0	0:00:02.071439
1780	7	8	8	0	0:00:02.065097
1800	4	8	8	0	0:00:02.077462
1820	8	9	9	0	0:00:02.085541
1840	8	-1	4	0	0:00:02.076472
1860	8	8	8	1	0:00:02.073468
1880	1	8	8	0	0:00:02.072793
1900	8	8	8	1	0:00:02.078897
1920	2	5	2	0	0:00:02.082428
1940	5	3	3	0	0:00:02.074326
1960	2	5	5	0	0:00:02.107606
1980	9	9	2	1	0:00:02.132229
2000	1	6	4	0	0:00:02.107308
2020	9	9	1	1	0:00:02.078862
2040	0	8	8	0	0:00:02.082674
2060	5	3	3	0	0:00:02.082781
2080	1	6	4	0	0:00:02.105051
2100	2	4	4	0	0:00:02.088169
2120	4	8	8	0	0:00:02.094316
2140	9	1	1	0	0:00:02.080905
2160	0	8	8	0	0:00:02.085217
2180	4	-1	0	0	0:00:02.076788
2200	0	2	2	0	0:00:02.078325
2220	1	1	4	1	0:00:02.072134
2240	9	9	8	1	0:00:02.072777
2260	4	7	2	0	0:00:02.077889
2280	4	8	8	0	0:00:02.075888
2300	3	-1	4	0	0:00:02.074364
2320	5	8	8	0	0:00:02.071929
2340	7	7	0	1	0:00:02.077773
2360	7	5	3	0	0:00:02.075932
2380	8	0	0	0	0:00:02.083119
2400	0	4	4	0	0:00:02.091351
2420	8	5	5	0	0:00:02.090954
2440	7	8	8	0	0:00:02.088111
2460	9	3	2	0	0:00:02.084601
2480	8	8	8	1	0:00:02.074284
2500	4	2	2	0	0:00:02.078480
2520	1	8	8	0	0:00:02.080772
2540	2	3	3	0	0:00:02.083847
2560	7	-1	2	0	0:00:02.078902
2580	6	4	4	0	0:00:02.078493
2600	8	8	8	1	0:00:02.080430
2620	1	4	4	0	0:00:02.080286
2640	7	6	6	0	0:00:02.081784
2660	3	2	2	0	0:00:02.074401
2680	0	0	8	1	0:00:02.083320
2700	9	0	0	0	0:00:02.080896
2720	3	2	2	0	0:00:02.143985
2740	1	1	4	1	0:00:02.175543
2760	2	4	4	0	0:00:02.142597
2780	7	7	6	1	0:00:02.160680
2800	4	6	6	0	0:00:02.166630
2820	6	6	4	1	0:00:02.102991
2840	3	3	3	1	0:00:02.136287
2860	5	6	4	0	0:00:02.168635
2880	4	4	4	1	0:00:02.078136
2900	3	2	2	0	0:00:02.086457
2920	2	5	8	0	0:00:02.152606
2940	3	0	0	0	0:00:02.177430
2960	9	9	8	1	0:00:02.119324
2980	8	-1	5	0	0:00:02.086947
3000	5	5	5	1	0:00:02.087544
3020	1	8	8	0	0:00:02.083611
3040	7	7	7	1	0:00:02.078650
3060	7	7	4	1	0:00:02.089910
3080	1	6	2	0	0:00:02.086649
3100	0	0	8	1	0:00:02.123582
3120	4	6	2	0	0:00:02.105576
3140	8	0	8	0	0:00:02.153075
3160	6	4	4	0	0:00:02.111451
3180	3	9	8	0	0:00:02.107495
3200	5	7	7	0	0:00:02.112572
3220	3	9	9	0	0:00:02.077084
3240	4	8	8	0	0:00:02.078151
3260	7	0	2	0	0:00:02.081573
3280	3	0	0	0	0:00:02.077480
3300	4	6	4	0	0:00:02.077519
3320	2	7	8	0	0:00:02.080727
3340	6	4	4	0	0:00:02.077600
3360	4	6	6	0	0:00:02.078831
3380	8	1	8	0	0:00:02.079220
3400	6	4	4	0	0:00:02.078017
3420	5	4	4	0	0:00:02.074178
3440	2	9	3	0	0:00:02.081238
3460	1	1	4	1	0:00:02.079906
3480	2	2	2	1	0:00:02.081252
3500	1	1	4	1	0:00:02.082978
3520	1	1	8	1	0:00:02.082814
3540	6	6	4	1	0:00:02.083226
3560	1	7	7	0	0:00:02.135981
3580	4	1	8	0	0:00:02.085891
3600	4	2	2	0	0:00:02.075809
3620	0	6	6	0	0:00:02.082538
3640	6	2	2	0	0:00:02.084965
3660	0	8	8	0	0:00:02.077616
3680	0	2	2	0	0:00:02.078517
3700	3	4	4	0	0:00:02.079500
3720	2	2	2	1	0:00:02.065646
3740	0	0	8	1	0:00:02.067300
3760	7	7	7	1	0:00:02.068435
3780	4	2	2	0	0:00:02.068872
3800	9	3	4	0	0:00:02.072490
3820	0	2	2	0	0:00:02.075645
3840	6	8	8	0	0:00:02.080029
3860	7	7	7	1	0:00:02.075543
3880	6	4	4	0	0:00:02.077463
3900	3	1	1	0	0:00:02.083049
3920	7	8	8	0	0:00:02.077020
3940	6	7	4	0	0:00:02.076488
3960	2	5	5	0	0:00:02.091376
3980	9	7	7	0	0:00:02.088692
4000	8	7	4	0	0:00:02.081403
4020	8	1	1	0	0:00:02.082005
4040	0	0	8	1	0:00:02.082271
4060	6	3	3	0	0:00:02.078938
4080	1	8	8	0	0:00:02.091872
4100	7	7	7	1	0:00:02.077786
4120	4	0	0	0	0:00:02.092314
4140	5	3	3	0	0:00:02.084097
4160	5	2	2	0	0:00:02.098188
4180	0	8	8	0	0:00:02.075642
4200	4	2	2	0	0:00:02.073370
4220	4	0	0	0	0:00:02.074753
4240	7	0	0	0	0:00:02.076041
4260	8	1	1	0	0:00:02.091673
4280	8	0	0	0	0:00:02.078686
4300	8	8	8	1	0:00:02.075891
4320	1	8	8	0	0:00:02.074318
4340	0	8	8	0	0:00:02.075162
4360	6	9	9	0	0:00:02.073355
4380	9	8	8	0	0:00:02.069530
4400	3	4	4	0	0:00:02.071590
4420	5	8	8	0	0:00:02.066039
4440	2	6	4	0	0:00:02.068857
4460	9	8	8	0	0:00:02.072396
4480	9	6	6	0	0:00:02.077622
4500	3	6	4	0	0:00:02.098374
4520	3	6	6	0	0:00:02.076156
4540	9	9	1	1	0:00:02.065691
4560	1	1	4	1	0:00:02.070255
4580	6	4	4	0	0:00:02.075320
4600	4	7	7	0	0:00:02.088273
4620	7	3	3	0	0:00:02.080539
4640	2	4	4	0	0:00:02.073698
4660	7	4	2	0	0:00:02.077464
4680	9	1	1	0	0:00:02.105124
4700	6	1	4	0	0:00:02.110814
4720	8	0	0	0	0:00:02.095317
4740	5	4	4	0	0:00:02.134747
4760	3	2	4	0	0:00:02.082503
4780	0	-1	8	0	0:00:02.079275
4800	9	9	9	1	0:00:02.136817
4820	3	5	5	0	0:00:02.137492
4840	0	0	0	1	0:00:02.140137
4860	5	3	8	0	0:00:02.111575
4880	0	2	2	0	0:00:02.113521
4900	3	6	6	0	0:00:02.147085
4920	7	7	2	1	0:00:02.117615
4940	6	4	4	0	0:00:02.101191
4960	4	3	3	0	0:00:02.137962
4980	1	9	8	0	0:00:02.085293
5000	7	7	7	1	0:00:02.077302
5020	8	1	1	0	0:00:02.082873
5040	3	4	4	0	0:00:02.082225
5060	6	2	4	0	0:00:02.082306
5080	7	7	7	1	0:00:02.082327
5100	3	3	4	1	0:00:02.068538
5120	9	8	8	0	0:00:02.067106
5140	8	0	8	0	0:00:02.070126
5160	0	8	8	0	0:00:02.066071
5180	9	6	4	0	0:00:02.066725
5200	3	3	3	1	0:00:02.086114
5220	0	0	8	1	0:00:02.079608
5240	1	2	2	0	0:00:02.131644
5260	0	0	0	1	0:00:02.104316
5280	0	8	8	0	0:00:02.097450
5300	9	9	5	1	0:00:02.089942
5320	7	-1	3	0	0:00:02.073662
5340	3	4	4	0	0:00:02.067206
5360	9	9	6	1	0:00:02.071812
5380	1	9	9	0	0:00:02.079332
5400	9	0	2	0	0:00:02.080321
5420	6	5	3	0	0:00:02.078124
5440	9	9	8	1	0:00:02.078141
5460	0	7	7	0	0:00:02.075096
5480	1	1	8	1	0:00:02.067949
5500	8	1	0	0	0:00:02.077589
5520	4	3	3	0	0:00:02.079256
5540	5	2	2	0	0:00:02.073879
5560	3	6	4	0	0:00:02.077886
5580	5	6	6	0	0:00:02.076857
5600	6	-1	0	0	0:00:02.080360
5620	3	2	2	0	0:00:02.073562
5640	2	5	3	0	0:00:02.063818
5660	9	8	8	0	0:00:02.063625
5680	2	8	8	0	0:00:02.067489
5700	3	2	2	0	0:00:02.072327
5720	9	9	7	1	0:00:02.070196
5740	6	4	4	0	0:00:02.066076
5760	2	0	8	0	0:00:02.070070
5780	7	7	4	1	0:00:02.071624
5800	2	4	4	0	0:00:02.077151
5820	5	6	6	0	0:00:02.072641
5840	2	5	5	0	0:00:02.083534
5860	0	8	8	0	0:00:02.097137
5880	0	8	8	0	0:00:02.079614
5900	4	-1	0	0	0:00:02.073184
5920	8	8	6	1	0:00:02.071786
5940	7	4	4	0	0:00:02.067784
5960	2	7	4	0	0:00:02.068243
5980	9	9	6	1	0:00:02.077751
6000	8	9	8	0	0:00:02.069861
6020	6	-1	6	0	0:00:02.065607
6040	2	7	7	0	0:00:02.075083
6060	3	4	4	0	0:00:02.070545
6080	1	6	2	0	0:00:02.070780
6100	1	1	4	1	0:00:02.077560
6120	5	3	3	0	0:00:02.070864
6140	9	9	7	1	0:00:02.075791
6160	2	5	5	0	0:00:02.078238
6180	0	8	8	0	0:00:02.085536
6200	3	0	0	0	0:00:02.062794
6220	2	5	5	0	0:00:02.062329
6240	2	4	4	0	0:00:02.069742
6260	2	9	8	0	0:00:02.064186
6280	8	5	4	0	0:00:02.070525
6300	1	7	4	0	0:00:02.070651
6320	0	0	0	1	0:00:02.075879
6340	3	3	2	1	0:00:02.068894
6360	2	6	4	0	0:00:02.076046
6380	3	6	6	0	0:00:02.086964
6400	0	-1	4	0	0:00:02.068920
6420	7	8	8	0	0:00:02.092731
6440	3	8	8	0	0:00:02.091994
6460	3	-1	4	0	0:00:02.090039
6480	0	2	2	0	0:00:02.082118
6500	7	8	8	0	0:00:02.080409
6520	6	4	4	0	0:00:02.080173
6540	8	8	8	1	0:00:02.069254
6560	6	4	4	0	0:00:02.078782
6580	1	2	2	0	0:00:02.075722
6600	7	7	7	1	0:00:02.074236
6620	7	7	3	1	0:00:02.078304
6640	5	8	8	0	0:00:02.087838
6660	0	0	8	1	0:00:02.076939
6680	3	5	5	0	0:00:02.078349
6700	6	2	4	0	0:00:02.072022
6720	2	4	4	0	0:00:02.070775
6740	2	4	4	0	0:00:02.068536
6760	5	3	2	0	0:00:02.078386
6780	7	7	4	1	0:00:02.069408
6800	6	4	4	0	0:00:02.076820
6820	1	1	8	1	0:00:02.076248
6840	9	9	6	1	0:00:02.073687
6860	0	2	2	0	0:00:02.082784
6880	2	6	6	0	0:00:02.081608
6900	3	7	4	0	0:00:02.078113
6920	5	2	2	0	0:00:02.086489
6940	1	1	4	1	0:00:02.090936
6960	9	8	8	0	0:00:02.085461
6980	0	1	1	0	0:00:02.085376
7000	2	8	8	0	0:00:02.094388
7020	7	1	8	0	0:00:02.086827
7040	7	8	8	0	0:00:02.077526
7060	8	0	0	0	0:00:02.068914
7080	5	4	4	0	0:00:02.066487
7100	9	3	3	0	0:00:02.072914
7120	7	6	6	0	0:00:02.069474
7140	4	3	4	0	0:00:02.068341
7160	5	4	4	0	0:00:02.078259
7180	6	6	6	1	0:00:02.070829
7200	4	6	2	0	0:00:02.074520
7220	9	8	8	0	0:00:02.065694
7240	0	8	8	0	0:00:02.069967
7260	1	8	8	0	0:00:02.070144
7280	1	6	4	0	0:00:02.086087
7300	3	7	4	0	0:00:02.081800
7320	8	0	0	0	0:00:02.085049
7340	2	4	4	0	0:00:02.067458
7360	2	4	4	0	0:00:02.073631
7380	7	7	5	1	0:00:02.074238
7400	3	5	5	0	0:00:02.069579
7420	3	0	0	0	0:00:02.077170
7440	3	2	2	0	0:00:02.080742
7460	5	5	5	1	0:00:02.087538
7480	1	8	5	0	0:00:02.078280
7500	6	6	6	1	0:00:02.074419
7520	4	2	2	0	0:00:02.069096
7540	5	5	5	1	0:00:02.068643
7560	0	6	2	0	0:00:02.067358
7580	8	-1	8	0	0:00:02.095582
7600	8	9	2	0	0:00:02.097134
7620	5	1	4	0	0:00:02.103748
7640	9	3	6	0	0:00:02.121560
7660	7	4	4	0	0:00:02.115422
7680	3	9	3	0	0:00:02.120030
7700	6	6	4	1	0:00:02.133252
7720	5	2	4	0	0:00:02.180366
7740	4	6	2	0	0:00:02.166686
7760	2	9	8	0	0:00:02.169525
7780	3	-1	8	0	0:00:02.164881
7800	0	0	8	1	0:00:02.174732
7820	5	8	8	0	0:00:02.152647
7840	1	1	1	1	0:00:02.165583
7860	8	4	4	0	0:00:02.081375
7880	0	-1	2	0	0:00:02.114900
7900	0	4	2	0	0:00:02.122876
7920	9	8	8	0	0:00:02.176039
7940	2	6	4	0	0:00:02.126683
7960	0	3	3	0	0:00:02.130241
7980	3	-1	4	0	0:00:02.096660
8000	9	0	0	0	0:00:02.078022
8020	6	3	3	0	0:00:02.075556
8040	2	6	4	0	0:00:02.082964
8060	6	4	4	0	0:00:02.078561
8080	4	6	6	0	0:00:02.079817
8100	6	2	2	0	0:00:02.085416
8120	8	9	9	0	0:00:02.084813
8140	5	4	4	0	0:00:02.098399
8160	6	9	6	0	0:00:02.089522
8180	4	4	2	1	0:00:02.087214
8200	3	6	2	0	0:00:02.082945
8220	6	2	2	0	0:00:02.079185
8240	7	7	4	1	0:00:02.131521
8260	1	3	3	0	0:00:02.098640
8280	4	3	3	0	0:00:02.146113
8300	5	2	2	0	0:00:02.079190
8320	7	4	4	0	0:00:02.076898
8340	5	3	4	0	0:00:02.075694
8360	7	-1	4	0	0:00:02.083447
8380	9	8	8	0	0:00:02.078162
8400	0	8	8	0	0:00:02.075196
8420	3	4	4	0	0:00:02.076830
8440	5	3	4	0	0:00:02.074823
8460	8	8	8	1	0:00:02.075039
8480	2	8	8	0	0:00:02.098668
8500	4	2	2	0	0:00:02.079097
8520	8	4	4	0	0:00:02.083141
8540	4	2	2	0	0:00:02.088974
8560	7	4	4	0	0:00:02.085104
8580	3	2	2	0	0:00:02.078210
8600	3	7	4	0	0:00:02.080472
8620	3	4	4	0	0:00:02.077433
8640	1	1	0	1	0:00:02.080612
8660	7	5	5	0	0:00:02.084334
8680	3	9	8	0	0:00:02.086337
8700	3	3	2	1	0:00:02.082240
8720	2	0	8	0	0:00:02.099857
8740	2	4	4	0	0:00:02.150547
8760	8	5	5	0	0:00:02.104681
8780	4	2	2	0	0:00:02.077459
8800	0	0	0	1	0:00:02.078019
8820	2	3	3	0	0:00:02.079068
8840	2	7	7	0	0:00:02.077131
8860	2	6	8	0	0:00:02.076315
8880	1	9	6	0	0:00:02.081593
8900	2	4	4	0	0:00:02.077542
8920	6	6	4	1	0:00:02.090948
8940	6	3	3	0	0:00:02.079253
8960	0	0	0	1	0:00:02.079140
8980	9	9	8	1	0:00:02.077229
9000	8	8	8	1	0:00:02.078498
9020	7	9	8	0	0:00:02.079708
9040	2	5	5	0	0:00:02.087908
9060	9	5	5	0	0:00:02.078015
9080	3	0	0	0	0:00:02.076278
9100	9	6	6	0	0:00:02.074528
9120	3	0	0	0	0:00:02.094804
9140	7	-1	8	0	0:00:02.080532
9160	5	7	4	0	0:00:02.085607
9180	5	5	5	1	0:00:02.090741
9200	8	8	8	1	0:00:02.078846
9220	8	8	8	1	0:00:02.080735
9240	8	8	2	1	0:00:02.079425
9260	5	6	6	0	0:00:02.084696
9280	9	8	8	0	0:00:02.091044
9300	5	2	2	0	0:00:02.115948
9320	9	8	8	0	0:00:02.083203
9340	1	1	1	1	0:00:02.086615
9360	5	6	4	0	0:00:02.079206
9380	5	9	9	0	0:00:02.081251
9400	6	4	2	0	0:00:02.080789
9420	5	6	6	0	0:00:02.075887
9440	8	8	8	1	0:00:02.080433
9460	3	6	4	0	0:00:02.093594
9480	2	4	4	0	0:00:02.081403
9500	9	1	4	0	0:00:02.072652
9520	1	1	8	1	0:00:02.067736
9540	5	4	4	0	0:00:02.076805
9560	9	7	7	0	0:00:02.076676
9580	1	4	4	0	0:00:02.069681
9600	8	8	8	1	0:00:02.073458
9620	4	2	2	0	0:00:02.067583
9640	5	6	6	0	0:00:02.081353
9660	6	6	6	1	0:00:02.085066
9680	8	8	8	1	0:00:02.083436
9700	0	2	2	0	0:00:02.080094
9720	8	6	6	0	0:00:02.083276
9740	3	4	4	0	0:00:02.079729
9760	9	7	4	0	0:00:02.076801
9780	4	6	6	0	0:00:02.075180
9800	1	1	1	1	0:00:02.076937
9820	0	8	8	0	0:00:02.078003
9840	4	-1	3	0	0:00:02.078308
9860	0	2	2	0	0:00:02.079839
9880	7	4	8	0	0:00:02.096499
9900	8	6	6	0	0:00:02.093919
9920	6	4	2	0	0:00:02.098653
9940	4	6	6	0	0:00:02.082013
9960	2	0	0	0	0:00:02.082082
9980	0	0	0	1	0:00:02.083444
