idx	label	predict	basePredict	correct	time
0	3	6	6	0	0:00:03.718261
20	7	9	9	0	0:00:03.599216
40	4	8	8	0	0:00:03.574681
60	7	2	2	0	0:00:03.540706
80	8	8	8	1	0:00:03.561265
100	4	5	5	0	0:00:03.569475
120	8	8	8	1	0:00:03.597757
140	6	2	2	0	0:00:03.577843
160	2	0	0	0	0:00:03.589013
180	0	0	0	1	0:00:03.565747
200	5	3	3	0	0:00:03.544042
220	7	7	7	1	0:00:03.613385
240	1	1	1	1	0:00:03.590550
260	8	5	5	0	0:00:03.556678
280	9	9	9	1	0:00:03.551019
300	6	4	4	0	0:00:03.492744
320	3	4	2	0	0:00:03.521745
340	2	4	4	0	0:00:03.490448
360	9	6	6	0	0:00:03.606905
380	6	6	6	1	0:00:03.559040
400	9	9	9	1	0:00:03.560020
420	4	6	6	0	0:00:03.574474
440	1	1	1	1	0:00:03.534259
460	5	5	5	1	0:00:03.561133
480	8	9	9	0	0:00:03.541574
500	4	6	6	0	0:00:03.532148
520	5	5	5	1	0:00:03.541282
540	1	8	8	0	0:00:03.509571
560	0	0	8	1	0:00:03.552903
580	4	6	6	0	0:00:03.557229
600	8	8	8	1	0:00:03.628179
620	7	6	6	0	0:00:03.567315
640	5	6	6	0	0:00:03.520373
660	9	9	9	1	0:00:03.457973
680	9	9	9	1	0:00:03.472601
700	7	7	7	1	0:00:03.548456
720	4	9	9	0	0:00:03.553820
740	2	5	5	0	0:00:03.492558
760	3	9	9	0	0:00:03.477026
780	9	9	8	1	0:00:03.549941
800	7	7	7	1	0:00:03.534053
820	6	9	9	0	0:00:03.542013
840	7	7	7	1	0:00:03.519909
860	4	6	6	0	0:00:03.562671
880	8	8	8	1	0:00:03.492195
900	2	6	6	0	0:00:03.534296
920	6	2	2	0	0:00:03.532063
940	9	1	6	0	0:00:03.468803
960	9	9	9	1	0:00:03.477066
980	2	6	6	0	0:00:03.521822
1000	5	5	5	1	0:00:03.476943
1020	1	8	8	0	0:00:03.533777
1040	7	5	5	0	0:00:03.464555
1060	9	9	8	1	0:00:03.435161
1080	6	6	6	1	0:00:03.416653
1100	7	8	8	0	0:00:03.412370
1120	5	2	8	0	0:00:03.501753
1140	6	4	4	0	0:00:03.495360
1160	8	0	0	0	0:00:03.556670
1180	3	9	9	0	0:00:03.513299
1200	8	0	0	0	0:00:03.486071
1220	9	-1	2	0	0:00:03.524087
1240	2	6	6	0	0:00:03.515496
1260	1	9	9	0	0:00:03.510361
1280	3	7	7	0	0:00:03.507084
1300	4	6	6	0	0:00:03.464837
1320	7	0	0	0	0:00:03.547782
1340	1	1	1	1	0:00:03.515450
1360	7	9	5	0	0:00:03.539239
1380	4	5	5	0	0:00:03.526595
1400	5	4	2	0	0:00:03.547363
1420	4	7	7	0	0:00:03.530987
1440	0	8	8	0	0:00:03.501181
1460	6	6	6	1	0:00:03.523427
1480	1	5	5	0	0:00:03.544613
1500	1	9	9	0	0:00:03.550636
1520	7	6	6	0	0:00:03.536883
1540	8	8	8	1	0:00:03.571708
1560	7	7	7	1	0:00:03.538475
1580	6	1	1	0	0:00:03.516717
1600	8	9	6	0	0:00:03.543739
1620	5	8	8	0	0:00:03.594182
1640	7	5	5	0	0:00:03.542832
1660	3	5	5	0	0:00:03.571738
1680	6	6	6	1	0:00:03.547200
1700	5	2	2	0	0:00:03.540867
1720	4	0	0	0	0:00:03.577232
1740	1	9	9	0	0:00:03.576136
1760	0	8	8	0	0:00:03.617360
1780	7	8	8	0	0:00:03.577056
1800	4	8	8	0	0:00:03.566978
1820	8	9	9	0	0:00:03.583477
1840	8	7	7	0	0:00:03.587299
1860	8	8	8	1	0:00:03.568253
1880	1	1	8	1	0:00:03.580604
1900	8	8	8	1	0:00:03.578970
1920	2	7	4	0	0:00:03.586652
1940	5	2	2	0	0:00:03.572562
1960	2	5	5	0	0:00:03.558806
1980	9	9	9	1	0:00:03.569797
2000	1	6	6	0	0:00:03.547949
2020	9	9	9	1	0:00:03.535568
2040	0	8	8	0	0:00:03.519485
2060	5	5	5	1	0:00:03.558045
2080	1	1	4	1	0:00:03.552499
2100	2	4	4	0	0:00:03.559440
2120	4	8	8	0	0:00:03.605960
2140	9	9	1	1	0:00:03.564150
2160	0	8	8	0	0:00:03.568892
2180	4	6	6	0	0:00:03.563766
2200	0	0	0	1	0:00:03.567208
2220	1	1	1	1	0:00:03.546134
2240	9	9	9	1	0:00:03.585748
2260	4	1	4	0	0:00:03.597766
2280	4	8	8	0	0:00:03.573755
2300	3	6	6	0	0:00:03.564255
2320	5	8	8	0	0:00:03.596585
2340	7	7	7	1	0:00:03.584136
2360	7	7	7	1	0:00:03.602270
2380	8	8	8	1	0:00:03.584259
2400	0	0	0	1	0:00:03.569081
2420	8	5	5	0	0:00:03.609478
2440	7	1	1	0	0:00:03.576912
2460	9	6	6	0	0:00:03.601825
2480	8	8	8	1	0:00:03.586466
2500	4	6	4	0	0:00:03.595511
2520	1	8	8	0	0:00:03.618402
2540	2	3	3	0	0:00:03.599777
2560	7	4	4	0	0:00:03.566990
2580	6	4	4	0	0:00:03.591202
2600	8	8	8	1	0:00:03.554982
2620	1	6	6	0	0:00:03.576112
2640	7	7	7	1	0:00:03.578878
2660	3	0	0	0	0:00:03.567306
2680	0	0	0	1	0:00:03.550714
2700	9	9	0	1	0:00:03.569925
2720	3	8	8	0	0:00:03.564026
2740	1	1	1	1	0:00:03.554177
2760	2	6	6	0	0:00:03.559444
2780	7	7	7	1	0:00:03.544876
2800	4	6	6	0	0:00:03.549908
2820	6	6	6	1	0:00:03.550226
2840	3	3	3	1	0:00:03.510756
2860	5	7	7	0	0:00:03.531996
2880	4	4	4	1	0:00:03.558334
2900	3	5	5	0	0:00:03.605975
2920	2	8	8	0	0:00:03.609574
2940	3	8	8	0	0:00:03.616144
2960	9	7	7	0	0:00:03.634444
2980	8	1	1	0	0:00:03.604813
3000	5	5	5	1	0:00:03.616140
3020	1	1	1	1	0:00:03.621133
3040	7	7	7	1	0:00:03.624581
3060	7	7	7	1	0:00:03.595885
3080	1	2	2	0	0:00:03.625368
3100	0	0	0	1	0:00:03.614733
3120	4	6	6	0	0:00:03.601674
3140	8	8	8	1	0:00:03.589581
3160	6	4	4	0	0:00:03.622777
3180	3	9	8	0	0:00:03.637656
3200	5	7	7	0	0:00:03.623399
3220	3	9	9	0	0:00:03.604393
3240	4	1	8	0	0:00:03.610349
3260	7	0	0	0	0:00:03.604748
3280	3	0	0	0	0:00:03.616833
3300	4	4	4	1	0:00:03.627253
3320	2	7	7	0	0:00:03.597987
3340	6	4	4	0	0:00:03.601776
3360	4	6	6	0	0:00:03.605893
3380	8	9	8	0	0:00:03.602146
3400	6	4	4	0	0:00:03.604497
3420	5	6	6	0	0:00:03.600619
3440	2	9	9	0	0:00:03.620806
3460	1	1	4	1	0:00:03.617673
3480	2	2	2	1	0:00:03.625227
3500	1	1	4	1	0:00:03.634926
3520	1	1	1	1	0:00:03.611874
3540	6	8	8	0	0:00:03.622346
3560	1	9	9	0	0:00:03.653891
3580	4	1	1	0	0:00:03.592255
3600	4	2	2	0	0:00:03.596988
3620	0	7	6	0	0:00:03.627764
3640	6	2	2	0	0:00:03.636816
3660	0	8	8	0	0:00:03.569298
3680	0	2	2	0	0:00:03.607945
3700	3	4	4	0	0:00:03.562241
3720	2	2	2	1	0:00:03.600411
3740	0	0	0	1	0:00:03.592631
3760	7	7	7	1	0:00:03.586226
3780	4	2	2	0	0:00:03.596617
3800	9	9	3	1	0:00:03.577318
3820	0	0	0	1	0:00:03.591834
3840	6	8	8	0	0:00:03.590673
3860	7	7	7	1	0:00:03.591611
3880	6	4	4	0	0:00:03.609600
3900	3	0	1	0	0:00:03.648414
3920	7	8	8	0	0:00:03.572168
3940	6	-1	7	0	0:00:03.591879
3960	2	5	5	0	0:00:03.598614
3980	9	7	7	0	0:00:03.521948
4000	8	7	7	0	0:00:03.547520
4020	8	9	8	0	0:00:03.542792
4040	0	0	0	1	0:00:03.510794
4060	6	0	0	0	0:00:03.546173
4080	1	8	8	0	0:00:03.632330
4100	7	7	7	1	0:00:03.564029
4120	4	0	0	0	0:00:03.547367
4140	5	2	2	0	0:00:03.620268
4160	5	2	2	0	0:00:03.522766
4180	0	8	8	0	0:00:03.584148
4200	4	2	2	0	0:00:03.625570
4220	4	0	0	0	0:00:03.571824
4240	7	8	8	0	0:00:03.592736
4260	8	8	8	1	0:00:03.596861
4280	8	8	8	1	0:00:03.602246
4300	8	8	8	1	0:00:03.603802
4320	1	8	8	0	0:00:03.580147
4340	0	0	0	1	0:00:03.565698
4360	6	9	9	0	0:00:03.612027
4380	9	9	9	1	0:00:03.540452
4400	3	8	8	0	0:00:03.547869
4420	5	8	8	0	0:00:03.583651
4440	2	6	6	0	0:00:03.582876
4460	9	8	8	0	0:00:03.611011
4480	9	6	6	0	0:00:03.598033
4500	3	7	7	0	0:00:03.581220
4520	3	6	6	0	0:00:03.590943
4540	9	9	9	1	0:00:03.591594
4560	1	1	6	1	0:00:03.589519
4580	6	6	6	1	0:00:03.583317
4600	4	7	7	0	0:00:03.600571
4620	7	3	3	0	0:00:03.619622
4640	2	5	5	0	0:00:03.613784
4660	7	2	2	0	0:00:03.631276
4680	9	1	1	0	0:00:03.626271
4700	6	1	1	0	0:00:03.628198
4720	8	0	0	0	0:00:03.615447
4740	5	6	6	0	0:00:03.613325
4760	3	2	2	0	0:00:03.617037
4780	0	8	8	0	0:00:03.618912
4800	9	9	9	1	0:00:03.632284
4820	3	5	5	0	0:00:03.628904
4840	0	0	0	1	0:00:03.611437
4860	5	5	5	1	0:00:03.630924
4880	0	2	2	0	0:00:03.597834
4900	3	1	1	0	0:00:03.602850
4920	7	0	0	0	0:00:03.623482
4940	6	4	2	0	0:00:03.612435
4960	4	6	6	0	0:00:03.614253
4980	1	9	9	0	0:00:03.627806
5000	7	7	7	1	0:00:03.623423
5020	8	1	1	0	0:00:03.615037
5040	3	7	7	0	0:00:03.617593
5060	6	6	6	1	0:00:03.619166
5080	7	7	7	1	0:00:03.679750
5100	3	4	4	0	0:00:03.583444
5120	9	8	8	0	0:00:03.609653
5140	8	8	8	1	0:00:03.580603
5160	0	8	8	0	0:00:03.635314
5180	9	6	6	0	0:00:03.602016
5200	3	3	3	1	0:00:03.604488
5220	0	0	0	1	0:00:03.588873
5240	1	9	2	0	0:00:03.626564
5260	0	0	0	1	0:00:03.603436
5280	0	8	8	0	0:00:03.585356
5300	9	1	1	0	0:00:03.623359
5320	7	7	7	1	0:00:03.634800
5340	3	4	4	0	0:00:03.607368
5360	9	9	9	1	0:00:03.590634
5380	1	9	9	0	0:00:03.624573
5400	9	0	0	0	0:00:03.577591
5420	6	5	5	0	0:00:03.592484
5440	9	9	9	1	0:00:03.614762
5460	0	7	7	0	0:00:03.603191
5480	1	8	8	0	0:00:03.551077
5500	8	1	1	0	0:00:03.554845
5520	4	5	5	0	0:00:03.552964
5540	5	6	2	0	0:00:03.634946
5560	3	6	6	0	0:00:03.582729
5580	5	6	6	0	0:00:03.596319
5600	6	8	8	0	0:00:03.591365
5620	3	2	2	0	0:00:03.600122
5640	2	3	3	0	0:00:03.583794
5660	9	9	8	1	0:00:03.575545
5680	2	8	8	0	0:00:03.586799
5700	3	6	6	0	0:00:03.586074
5720	9	9	9	1	0:00:03.521420
5740	6	6	6	1	0:00:03.543163
5760	2	2	2	1	0:00:03.610697
5780	7	7	7	1	0:00:03.606266
5800	2	6	6	0	0:00:03.595700
5820	5	6	6	0	0:00:03.626479
5840	2	6	6	0	0:00:03.592895
5860	0	8	8	0	0:00:03.607634
5880	0	8	8	0	0:00:03.614943
5900	4	5	4	0	0:00:03.591262
5920	8	8	8	1	0:00:03.580732
5940	7	4	4	0	0:00:03.587368
5960	2	7	7	0	0:00:03.588515
5980	9	9	9	1	0:00:03.611393
6000	8	9	9	0	0:00:03.565570
6020	6	7	7	0	0:00:03.606150
6040	2	7	7	0	0:00:03.586924
6060	3	4	4	0	0:00:03.593196
6080	1	9	6	0	0:00:03.585163
6100	1	1	8	1	0:00:03.551293
6120	5	5	5	1	0:00:03.572844
6140	9	9	9	1	0:00:03.604477
6160	2	5	5	0	0:00:03.565522
6180	0	9	8	0	0:00:03.569229
6200	3	0	0	0	0:00:03.578831
6220	2	6	6	0	0:00:03.586414
6240	2	1	6	0	0:00:03.581259
6260	2	9	9	0	0:00:03.576258
6280	8	5	5	0	0:00:03.606140
6300	1	7	6	0	0:00:03.635046
6320	0	0	0	1	0:00:03.616620
6340	3	8	8	0	0:00:03.629694
6360	2	6	2	0	0:00:03.586484
6380	3	1	6	0	0:00:03.586095
6400	0	1	1	0	0:00:03.615395
6420	7	8	8	0	0:00:03.615805
6440	3	8	8	0	0:00:03.598979
6460	3	1	1	0	0:00:03.605648
6480	0	5	0	0	0:00:03.591113
6500	7	0	0	0	0:00:03.597913
6520	6	4	4	0	0:00:03.585247
6540	8	8	8	1	0:00:03.576574
6560	6	6	6	1	0:00:03.616988
6580	1	2	2	0	0:00:03.597465
6600	7	7	7	1	0:00:03.596203
6620	7	7	7	1	0:00:03.647808
6640	5	8	8	0	0:00:03.599599
6660	0	8	8	0	0:00:03.607157
6680	3	5	5	0	0:00:03.615892
6700	6	6	6	1	0:00:03.595654
6720	2	2	2	1	0:00:03.595690
6740	2	6	6	0	0:00:03.605909
6760	5	2	2	0	0:00:03.584054
6780	7	7	7	1	0:00:03.591190
6800	6	6	6	1	0:00:03.597036
6820	1	1	1	1	0:00:03.625897
6840	9	1	1	0	0:00:03.615046
6860	0	0	0	1	0:00:03.607611
6880	2	-1	4	0	0:00:03.616527
6900	3	7	7	0	0:00:03.592531
6920	5	2	2	0	0:00:03.645020
6940	1	1	1	1	0:00:03.619773
6960	9	8	8	0	0:00:03.589063
6980	0	9	9	0	0:00:03.597795
7000	2	8	8	0	0:00:03.594097
7020	7	1	1	0	0:00:03.590164
7040	7	8	8	0	0:00:03.561118
7060	8	8	8	1	0:00:03.557250
7080	5	4	0	0	0:00:03.597353
7100	9	3	3	0	0:00:03.604732
7120	7	-1	6	0	0:00:03.600310
7140	4	4	4	1	0:00:03.615108
7160	5	4	4	0	0:00:03.575815
7180	6	6	6	1	0:00:03.587888
7200	4	6	4	0	0:00:03.607036
7220	9	8	8	0	0:00:03.601314
7240	0	8	8	0	0:00:03.566841
7260	1	8	8	0	0:00:03.588269
7280	1	6	6	0	0:00:03.588697
7300	3	7	7	0	0:00:03.575391
7320	8	0	0	0	0:00:03.544453
7340	2	4	4	0	0:00:03.572113
7360	2	7	7	0	0:00:03.575010
7380	7	1	7	0	0:00:03.543279
7400	3	9	9	0	0:00:03.572247
7420	3	0	0	0	0:00:03.580014
7440	3	6	6	0	0:00:03.585071
7460	5	5	5	1	0:00:03.575040
7480	1	5	5	0	0:00:03.588412
7500	6	6	6	1	0:00:03.612087
7520	4	6	6	0	0:00:03.579607
7540	5	5	5	1	0:00:03.535796
7560	0	6	2	0	0:00:03.598857
7580	8	8	8	1	0:00:03.544419
7600	8	9	9	0	0:00:03.577508
7620	5	1	1	0	0:00:03.584368
7640	9	9	8	1	0:00:03.588673
7660	7	9	9	0	0:00:03.577175
7680	3	9	9	0	0:00:03.586774
7700	6	6	6	1	0:00:03.567333
7720	5	6	6	0	0:00:03.585591
7740	4	6	2	0	0:00:03.566626
7760	2	9	9	0	0:00:03.566568
7780	3	8	8	0	0:00:03.529470
7800	0	0	0	1	0:00:03.547732
7820	5	8	8	0	0:00:03.505140
7840	1	1	1	1	0:00:03.552735
7860	8	4	4	0	0:00:03.520187
7880	0	8	8	0	0:00:03.573659
7900	0	8	8	0	0:00:03.554839
7920	9	8	8	0	0:00:03.575561
7940	2	6	6	0	0:00:03.552148
7960	0	0	0	1	0:00:03.540485
7980	3	7	4	0	0:00:03.532668
8000	9	9	8	1	0:00:03.582542
8020	6	6	6	1	0:00:03.542393
8040	2	6	6	0	0:00:03.528706
8060	6	4	4	0	0:00:03.526385
8080	4	6	6	0	0:00:03.523701
8100	6	2	2	0	0:00:03.525473
8120	8	9	9	0	0:00:03.533297
8140	5	6	6	0	0:00:03.527108
8160	6	9	9	0	0:00:03.574827
8180	4	6	6	0	0:00:03.540281
8200	3	6	6	0	0:00:03.531011
8220	6	7	2	0	0:00:03.530817
8240	7	7	7	1	0:00:03.509131
8260	1	1	1	1	0:00:03.526682
8280	4	1	1	0	0:00:03.537381
8300	5	2	2	0	0:00:03.501673
8320	7	4	4	0	0:00:03.519058
8340	5	4	4	0	0:00:03.498576
8360	7	4	6	0	0:00:03.502184
8380	9	8	8	0	0:00:03.505071
8400	0	8	8	0	0:00:03.485990
8420	3	6	4	0	0:00:03.481837
8440	5	9	9	0	0:00:03.469916
8460	8	8	8	1	0:00:03.460285
8480	2	1	1	0	0:00:03.465493
8500	4	2	2	0	0:00:03.466884
8520	8	6	6	0	0:00:03.469123
8540	4	6	4	0	0:00:03.445566
8560	7	7	7	1	0:00:03.455496
8580	3	0	0	0	0:00:03.436699
8600	3	7	7	0	0:00:03.442546
8620	3	1	4	0	0:00:03.446917
8640	1	1	1	1	0:00:03.438949
8660	7	5	5	0	0:00:03.453908
8680	3	9	9	0	0:00:03.444875
8700	3	5	5	0	0:00:03.437124
8720	2	0	0	0	0:00:03.440721
8740	2	6	6	0	0:00:03.500958
8760	8	8	8	1	0:00:03.444645
8780	4	4	4	1	0:00:03.419475
8800	0	0	0	1	0:00:03.450442
8820	2	2	2	1	0:00:03.443256
8840	2	1	1	0	0:00:03.437525
8860	2	0	0	0	0:00:03.431929
8880	1	6	6	0	0:00:03.416384
8900	2	1	4	0	0:00:03.411642
8920	6	6	6	1	0:00:03.401895
8940	6	3	3	0	0:00:03.412342
8960	0	0	0	1	0:00:03.406663
8980	9	9	9	1	0:00:03.404194
9000	8	8	8	1	0:00:03.346740
9020	7	9	9	0	0:00:03.341513
9040	2	5	5	0	0:00:03.348145
9060	9	5	5	0	0:00:03.353786
9080	3	0	0	0	0:00:03.349587
9100	9	6	6	0	0:00:03.355332
9120	3	0	0	0	0:00:03.351928
9140	7	8	8	0	0:00:03.344263
9160	5	5	5	1	0:00:03.371377
9180	5	5	5	1	0:00:03.350661
9200	8	8	8	1	0:00:03.397438
9220	8	8	8	1	0:00:03.383091
9240	8	8	8	1	0:00:03.413278
9260	5	5	5	1	0:00:03.390980
9280	9	0	0	0	0:00:03.400099
9300	5	5	6	1	0:00:03.403720
9320	9	9	8	1	0:00:03.413210
9340	1	1	1	1	0:00:03.383808
9360	5	6	0	0	0:00:03.398976
9380	5	5	5	1	0:00:03.381327
9400	6	6	2	1	0:00:03.387463
9420	5	6	6	0	0:00:03.376418
9440	8	8	8	1	0:00:03.349817
9460	3	7	7	0	0:00:03.364447
9480	2	4	4	0	0:00:03.364776
9500	9	1	6	0	0:00:03.365662
9520	1	9	9	0	0:00:03.366397
9540	5	4	4	0	0:00:03.377276
9560	9	7	7	0	0:00:03.369381
9580	1	4	4	0	0:00:03.374283
9600	8	8	8	1	0:00:03.381805
9620	4	7	7	0	0:00:03.364175
9640	5	6	6	0	0:00:03.391191
9660	6	6	6	1	0:00:03.387346
9680	8	9	9	0	0:00:03.418230
9700	0	0	0	1	0:00:03.444673
9720	8	6	6	0	0:00:03.456366
9740	3	6	6	0	0:00:03.452339
9760	9	9	9	1	0:00:03.448686
9780	4	6	6	0	0:00:03.477610
9800	1	1	1	1	0:00:03.439412
9820	0	9	8	0	0:00:03.421752
9840	4	3	3	0	0:00:03.451131
9860	0	2	2	0	0:00:03.439579
9880	7	7	4	1	0:00:03.438721
9900	8	0	0	0	0:00:03.443141
9920	6	6	6	1	0:00:03.407989
9940	4	7	7	0	0:00:03.438795
9960	2	0	0	0	0:00:03.440758
9980	0	0	0	1	0:00:03.411692
