idx	label	predict	basePredict	correct	time
0	3	2	2	0	0:00:16.873725
20	7	1	9	0	0:00:15.678865
40	4	8	8	0	0:00:16.246990
60	7	2	2	0	0:00:15.676283
80	8	8	8	1	0:00:15.723285
100	4	3	3	0	0:00:15.675810
120	8	8	8	1	0:00:15.694916
140	6	2	2	0	0:00:15.667749
160	2	0	2	0	0:00:15.660724
180	0	9	8	0	0:00:18.282811
200	5	7	3	0	0:00:15.701672
220	7	7	7	1	0:00:15.722226
240	1	1	8	1	0:00:15.690787
260	8	3	6	0	0:00:15.667952
280	9	9	8	1	0:00:15.680053
300	6	7	4	0	0:00:15.681773
320	3	2	4	0	0:00:15.675939
340	2	4	4	0	0:00:15.679752
360	9	7	6	0	0:00:15.661126
380	6	-1	4	0	0:00:15.672335
400	9	1	8	0	0:00:15.668716
420	4	6	6	0	0:00:15.710120
440	1	1	6	1	0:00:15.675043
460	5	3	3	0	0:00:15.665649
480	8	9	9	0	0:00:17.218236
500	4	6	6	0	0:00:16.491359
520	5	7	7	0	0:00:16.290251
540	1	8	8	0	0:00:16.935596
560	0	0	8	1	0:00:15.676756
580	4	6	4	0	0:00:17.109416
600	8	8	8	1	0:00:16.329232
620	7	6	4	0	0:00:16.480093
640	5	3	3	0	0:00:17.310103
660	9	9	9	1	0:00:15.770251
680	9	7	4	0	0:00:16.905427
700	7	0	4	0	0:00:15.716463
720	4	9	7	0	0:00:15.677435
740	2	5	3	0	0:00:15.680389
760	3	9	9	0	0:00:15.683650
780	9	1	0	0	0:00:15.689838
800	7	7	7	1	0:00:15.678612
820	6	1	8	0	0:00:15.716579
840	7	7	7	1	0:00:15.709863
860	4	4	4	1	0:00:15.679526
880	8	8	8	1	0:00:15.710060
900	2	6	4	0	0:00:15.709470
920	6	2	2	0	0:00:15.679846
940	9	1	9	0	0:00:15.673633
960	9	9	4	1	0:00:15.671350
980	2	6	6	0	0:00:15.708991
1000	5	5	5	1	0:00:14.960642
1020	1	8	8	0	0:00:14.975127
1040	7	5	5	0	0:00:14.992682
1060	9	9	8	1	0:00:14.982183
1080	6	6	6	1	0:00:14.967951
1100	7	8	8	0	0:00:14.994886
1120	5	2	2	0	0:00:14.974758
1140	6	4	4	0	0:00:14.966580
1160	8	0	0	0	0:00:14.978286
1180	3	-1	8	0	0:00:14.965642
1200	8	0	0	0	0:00:14.978251
1220	9	6	6	0	0:00:14.972124
1240	2	6	6	0	0:00:14.980632
1260	1	9	9	0	0:00:14.992698
1280	3	7	7	0	0:00:14.958882
1300	4	3	3	0	0:00:14.969707
1320	7	2	2	0	0:00:14.986148
1340	1	-1	8	0	0:00:15.046633
1360	7	7	4	1	0:00:14.974637
1380	4	5	5	0	0:00:14.980577
1400	5	2	2	0	0:00:14.962849
1420	4	7	7	0	0:00:14.983821
1440	0	8	8	0	0:00:14.977449
1460	6	6	4	1	0:00:14.967762
1480	1	5	5	0	0:00:14.979667
1500	1	9	9	0	0:00:15.005308
1520	7	6	2	0	0:00:14.961558
1540	8	8	8	1	0:00:14.954916
1560	7	7	7	1	0:00:14.973351
1580	6	1	1	0	0:00:15.065268
1600	8	9	6	0	0:00:15.042453
1620	5	8	8	0	0:00:14.968936
1640	7	5	3	0	0:00:14.973906
1660	3	5	4	0	0:00:14.974376
1680	6	6	6	1	0:00:14.998828
1700	5	2	2	0	0:00:14.977171
1720	4	2	2	0	0:00:15.080190
1740	1	9	9	0	0:00:14.976609
1760	0	8	8	0	0:00:14.988827
1780	7	9	8	0	0:00:14.980630
1800	4	8	8	0	0:00:14.981913
1820	8	9	8	0	0:00:14.971859
1840	8	7	4	0	0:00:14.975684
1860	8	8	8	1	0:00:14.972595
1880	1	8	8	0	0:00:14.984105
1900	8	8	8	1	0:00:14.979256
1920	2	5	2	0	0:00:14.973128
1940	5	3	3	0	0:00:14.971009
1960	2	5	5	0	0:00:14.983147
1980	9	9	4	1	0:00:15.039428
2000	1	6	4	0	0:00:15.006429
2020	9	9	1	1	0:00:14.970836
2040	0	8	8	0	0:00:15.001554
2060	5	-1	3	0	0:00:15.008855
2080	1	-1	4	0	0:00:14.963045
2100	2	4	4	0	0:00:14.975561
2120	4	8	8	0	0:00:14.990758
2140	9	1	1	0	0:00:14.974406
2160	0	8	8	0	0:00:15.032756
2180	4	6	4	0	0:00:15.036271
2200	0	2	2	0	0:00:15.024056
2220	1	1	4	1	0:00:14.971955
2240	9	1	8	0	0:00:14.970402
2260	4	7	4	0	0:00:14.984710
2280	4	8	8	0	0:00:14.983379
2300	3	2	4	0	0:00:14.972843
2320	5	8	8	0	0:00:14.964921
2340	7	7	7	1	0:00:14.958433
2360	7	5	3	0	0:00:14.979808
2380	8	0	0	0	0:00:14.972860
2400	0	4	4	0	0:00:14.970463
2420	8	5	5	0	0:00:14.962824
2440	7	1	8	0	0:00:14.970469
2460	9	3	3	0	0:00:14.969876
2480	8	8	8	1	0:00:14.985253
2500	4	6	2	0	0:00:15.000959
2520	1	9	8	0	0:00:14.977963
2540	2	3	3	0	0:00:14.972087
2560	7	6	2	0	0:00:14.994482
2580	6	7	4	0	0:00:14.990206
2600	8	8	8	1	0:00:14.978546
2620	1	4	4	0	0:00:14.985599
2640	7	7	6	1	0:00:14.973257
2660	3	2	2	0	0:00:14.949427
2680	0	0	0	1	0:00:14.971552
2700	9	0	0	0	0:00:14.970965
2720	3	2	2	0	0:00:14.975221
2740	1	-1	7	0	0:00:14.975044
2760	2	4	4	0	0:00:14.986852
2780	7	7	6	1	0:00:14.966313
2800	4	6	6	0	0:00:14.974399
2820	6	6	4	1	0:00:14.969297
2840	3	3	3	1	0:00:14.988229
2860	5	7	4	0	0:00:14.983353
2880	4	4	4	1	0:00:14.972479
2900	3	2	2	0	0:00:14.964159
2920	2	5	5	0	0:00:14.965629
2940	3	0	0	0	0:00:14.986452
2960	9	7	8	0	0:00:14.991481
2980	8	1	8	0	0:00:14.972086
3000	5	5	5	1	0:00:15.123952
3020	1	8	8	0	0:00:14.972929
3040	7	7	7	1	0:00:14.974983
3060	7	7	7	1	0:00:14.975352
3080	1	7	4	0	0:00:15.009438
3100	0	0	8	1	0:00:14.974995
3120	4	6	2	0	0:00:14.967077
3140	8	8	8	1	0:00:14.950342
3160	6	4	4	0	0:00:14.979900
3180	3	7	8	0	0:00:14.963196
3200	5	7	7	0	0:00:14.977390
3220	3	9	9	0	0:00:14.972157
3240	4	1	8	0	0:00:14.969915
3260	7	0	0	0	0:00:14.952230
3280	3	0	0	0	0:00:14.983692
3300	4	6	4	0	0:00:15.062650
3320	2	7	7	0	0:00:14.997263
3340	6	4	4	0	0:00:14.973861
3360	4	6	6	0	0:00:15.048260
3380	8	1	8	0	0:00:14.958205
3400	6	4	4	0	0:00:14.970969
3420	5	6	4	0	0:00:14.976574
3440	2	9	3	0	0:00:14.970427
3460	1	1	4	1	0:00:14.965602
3480	2	2	2	1	0:00:14.985309
3500	1	1	4	1	0:00:14.974323
3520	1	1	1	1	0:00:14.967734
3540	6	6	4	1	0:00:14.966976
3560	1	9	0	0	0:00:14.978153
3580	4	1	8	0	0:00:14.984052
3600	4	2	2	0	0:00:14.970341
3620	0	6	6	0	0:00:14.966757
3640	6	2	2	0	0:00:14.973140
3660	0	8	8	0	0:00:14.995902
3680	0	2	2	0	0:00:14.982519
3700	3	4	4	0	0:00:14.971305
3720	2	2	2	1	0:00:15.031008
3740	0	8	8	0	0:00:15.032175
3760	7	7	7	1	0:00:14.964668
3780	4	2	2	0	0:00:15.001153
3800	9	3	3	0	0:00:14.967917
3820	0	2	2	0	0:00:14.978072
3840	6	3	3	0	0:00:14.974204
3860	7	7	7	1	0:00:14.970914
3880	6	4	4	0	0:00:14.981985
3900	3	1	1	0	0:00:14.984750
3920	7	9	8	0	0:00:14.976058
3940	6	7	4	0	0:00:14.959720
3960	2	5	5	0	0:00:14.958933
3980	9	7	7	0	0:00:14.955472
4000	8	7	4	0	0:00:14.960507
4020	8	1	8	0	0:00:14.973364
4040	0	0	0	1	0:00:14.987340
4060	6	3	3	0	0:00:14.975694
4080	1	8	8	0	0:00:14.978731
4100	7	7	7	1	0:00:14.962304
4120	4	0	0	0	0:00:14.980964
4140	5	3	3	0	0:00:14.969288
4160	5	2	2	0	0:00:14.965995
4180	0	8	8	0	0:00:14.977052
4200	4	2	2	0	0:00:14.969166
4220	4	0	0	0	0:00:14.985760
4240	7	0	0	0	0:00:14.980129
4260	8	1	8	0	0:00:14.968602
4280	8	0	8	0	0:00:15.024077
4300	8	8	8	1	0:00:14.967645
4320	1	8	8	0	0:00:14.999770
4340	0	8	8	0	0:00:14.970762
4360	6	9	9	0	0:00:14.955162
4380	9	8	8	0	0:00:14.972407
4400	3	4	4	0	0:00:14.973415
4420	5	8	8	0	0:00:15.040938
4440	2	6	2	0	0:00:15.070172
4460	9	8	8	0	0:00:14.992343
4480	9	-1	6	0	0:00:14.997751
4500	3	6	6	0	0:00:14.997406
4520	3	6	6	0	0:00:15.040098
4540	9	9	1	1	0:00:14.976905
4560	1	1	4	1	0:00:14.967695
4580	6	4	4	0	0:00:14.983078
4600	4	7	4	0	0:00:14.974859
4620	7	3	3	0	0:00:14.971324
4640	2	3	4	0	0:00:14.976936
4660	7	6	2	0	0:00:14.989380
4680	9	1	1	0	0:00:14.980043
4700	6	1	4	0	0:00:14.964189
4720	8	0	0	0	0:00:14.952173
4740	5	6	4	0	0:00:14.964981
4760	3	1	8	0	0:00:14.968079
4780	0	0	8	1	0:00:14.973082
4800	9	9	9	1	0:00:14.995952
4820	3	5	5	0	0:00:14.999415
4840	0	0	0	1	0:00:15.011243
4860	5	3	3	0	0:00:14.978684
4880	0	2	2	0	0:00:14.974767
4900	3	6	6	0	0:00:14.986952
4920	7	7	2	1	0:00:14.988688
4940	6	4	2	0	0:00:14.986081
4960	4	3	3	0	0:00:14.965153
4980	1	9	0	0	0:00:14.982182
5000	7	7	7	1	0:00:14.970641
5020	8	1	8	0	0:00:14.984896
5040	3	7	4	0	0:00:14.964921
5060	6	2	4	0	0:00:14.969564
5080	7	7	7	1	0:00:14.984907
5100	3	3	4	1	0:00:14.974537
5120	9	8	8	0	0:00:14.975781
5140	8	0	8	0	0:00:14.973915
5160	0	8	8	0	0:00:14.970865
5180	9	6	4	0	0:00:14.967477
5200	3	3	3	1	0:00:14.963391
5220	0	0	0	1	0:00:14.978443
5240	1	9	2	0	0:00:14.968294
5260	0	0	0	1	0:00:14.979343
5280	0	8	8	0	0:00:14.973275
5300	9	1	1	0	0:00:14.971135
5320	7	3	3	0	0:00:14.964464
5340	3	4	4	0	0:00:14.983444
5360	9	9	3	1	0:00:14.964163
5380	1	9	9	0	0:00:14.969936
5400	9	0	8	0	0:00:14.994586
5420	6	5	6	0	0:00:14.974411
5440	9	9	9	1	0:00:14.971150
5460	0	7	7	0	0:00:14.980652
5480	1	-1	4	0	0:00:14.970007
5500	8	1	8	0	0:00:14.973879
5520	4	3	3	0	0:00:14.980505
5540	5	6	2	0	0:00:14.978301
5560	3	6	4	0	0:00:14.974163
5580	5	6	6	0	0:00:14.974585
5600	6	0	0	0	0:00:15.013147
5620	3	2	2	0	0:00:15.058061
5640	2	5	3	0	0:00:15.101123
5660	9	0	8	0	0:00:14.980818
5680	2	1	8	0	0:00:14.983265
5700	3	6	2	0	0:00:14.984102
5720	9	9	9	1	0:00:14.990108
5740	6	4	4	0	0:00:14.983102
5760	2	0	2	0	0:00:14.956753
5780	7	7	4	1	0:00:14.948411
5800	2	6	4	0	0:00:14.974757
5820	5	6	6	0	0:00:14.964461
5840	2	6	6	0	0:00:14.983280
5860	0	8	8	0	0:00:14.974912
5880	0	8	8	0	0:00:14.989324
5900	4	3	4	0	0:00:14.965628
5920	8	8	8	1	0:00:14.975916
5940	7	4	4	0	0:00:15.031272
5960	2	6	4	0	0:00:14.979320
5980	9	9	6	1	0:00:14.973701
6000	8	9	8	0	0:00:14.967525
6020	6	7	6	0	0:00:15.063577
6040	2	7	7	0	0:00:14.989572
6060	3	4	4	0	0:00:14.982977
6080	1	9	6	0	0:00:14.977290
6100	1	1	8	1	0:00:14.975804
6120	5	3	3	0	0:00:14.989039
6140	9	9	7	1	0:00:14.985581
6160	2	5	5	0	0:00:14.974715
6180	0	9	8	0	0:00:14.993983
6200	3	9	3	0	0:00:14.972582
6220	2	6	6	0	0:00:14.982396
6240	2	1	4	0	0:00:14.967979
6260	2	9	8	0	0:00:14.988731
6280	8	5	6	0	0:00:15.043236
6300	1	7	4	0	0:00:14.993734
6320	0	0	0	1	0:00:14.982502
6340	3	7	3	0	0:00:14.970255
6360	2	6	2	0	0:00:14.970502
6380	3	1	6	0	0:00:14.979509
6400	0	1	4	0	0:00:14.985585
6420	7	8	8	0	0:00:14.966939
6440	3	9	8	0	0:00:14.960417
6460	3	1	4	0	0:00:15.020635
6480	0	2	2	0	0:00:14.967363
6500	7	0	8	0	0:00:14.993350
6520	6	4	4	0	0:00:14.979435
6540	8	8	8	1	0:00:14.974028
6560	6	7	4	0	0:00:14.976703
6580	1	2	2	0	0:00:14.961234
6600	7	7	7	1	0:00:14.983071
6620	7	7	3	1	0:00:14.975416
6640	5	8	8	0	0:00:14.977177
6660	0	-1	8	0	0:00:14.987006
6680	3	5	5	0	0:00:15.020194
6700	6	1	2	0	0:00:15.061255
6720	2	4	2	0	0:00:15.073895
6740	2	6	4	0	0:00:15.016330
6760	5	3	6	0	0:00:14.992034
6780	7	7	7	1	0:00:14.967524
6800	6	2	4	0	0:00:14.975860
6820	1	1	8	1	0:00:14.973539
6840	9	1	1	0	0:00:14.973658
6860	0	2	2	0	0:00:14.997102
6880	2	7	7	0	0:00:14.991536
6900	3	7	4	0	0:00:14.979669
6920	5	2	2	0	0:00:14.995569
6940	1	1	1	1	0:00:14.987815
6960	9	8	8	0	0:00:14.984204
6980	0	1	8	0	0:00:14.989966
7000	2	8	8	0	0:00:14.980919
7020	7	1	8	0	0:00:14.986346
7040	7	8	8	0	0:00:14.994433
7060	8	0	0	0	0:00:14.979008
7080	5	4	4	0	0:00:14.967596
7100	9	3	3	0	0:00:14.995158
7120	7	5	6	0	0:00:14.971609
7140	4	1	4	0	0:00:14.970888
7160	5	4	4	0	0:00:14.987830
7180	6	6	6	1	0:00:14.975608
7200	4	6	2	0	0:00:14.975871
7220	9	-1	8	0	0:00:14.983361
7240	0	8	8	0	0:00:14.971945
7260	1	8	8	0	0:00:14.983833
7280	1	6	4	0	0:00:14.965009
7300	3	7	4	0	0:00:14.980791
7320	8	0	0	0	0:00:14.979146
7340	2	4	4	0	0:00:14.984737
7360	2	7	4	0	0:00:15.035653
7380	7	9	7	0	0:00:14.965130
7400	3	3	3	1	0:00:14.975744
7420	3	0	0	0	0:00:14.991239
7440	3	6	2	0	0:00:15.006119
7460	5	5	5	1	0:00:15.051903
7480	1	8	5	0	0:00:14.979770
7500	6	6	6	1	0:00:14.963901
7520	4	6	4	0	0:00:14.978832
7540	5	5	5	1	0:00:14.987576
7560	0	6	2	0	0:00:14.977694
7580	8	0	8	0	0:00:14.976676
7600	8	9	8	0	0:00:14.974834
7620	5	1	4	0	0:00:14.985637
7640	9	7	6	0	0:00:14.984588
7660	7	1	4	0	0:00:14.976109
7680	3	9	3	0	0:00:15.038726
7700	6	6	4	1	0:00:15.024152
7720	5	2	4	0	0:00:14.985801
7740	4	6	2	0	0:00:14.976680
7760	2	9	6	0	0:00:14.974637
7780	3	1	8	0	0:00:14.976711
7800	0	0	8	1	0:00:14.991044
7820	5	8	8	0	0:00:14.980477
7840	1	1	1	1	0:00:14.978511
7860	8	7	4	0	0:00:14.982478
7880	0	0	0	1	0:00:15.036824
7900	0	8	8	0	0:00:14.974728
7920	9	8	8	0	0:00:14.963801
7940	2	6	6	0	0:00:14.982497
7960	0	3	3	0	0:00:14.983660
7980	3	7	4	0	0:00:14.977388
8000	9	-1	0	0	0:00:14.976106
8020	6	3	3	0	0:00:14.979178
8040	2	6	4	0	0:00:14.983084
8060	6	4	4	0	0:00:14.969899
8080	4	6	6	0	0:00:14.978689
8100	6	2	2	0	0:00:14.985056
8120	8	9	8	0	0:00:14.978373
8140	5	4	4	0	0:00:14.979558
8160	6	9	6	0	0:00:14.965859
8180	4	-1	4	0	0:00:14.978881
8200	3	6	2	0	0:00:14.998975
8220	6	2	2	0	0:00:14.969835
8240	7	7	4	1	0:00:14.988104
8260	1	3	3	0	0:00:15.028555
8280	4	3	3	0	0:00:15.084198
8300	5	2	2	0	0:00:14.991579
8320	7	3	4	0	0:00:14.977070
8340	5	3	4	0	0:00:14.968805
8360	7	7	4	1	0:00:14.967944
8380	9	8	8	0	0:00:14.985957
8400	0	8	8	0	0:00:14.971036
8420	3	4	4	0	0:00:14.978145
8440	5	3	4	0	0:00:14.996473
8460	8	8	8	1	0:00:14.985466
8480	2	1	8	0	0:00:14.968390
8500	4	2	2	0	0:00:15.013389
8520	8	4	4	0	0:00:14.997561
8540	4	6	2	0	0:00:14.991344
8560	7	4	4	0	0:00:14.977547
8580	3	0	2	0	0:00:14.992296
8600	3	7	4	0	0:00:14.972550
8620	3	1	4	0	0:00:14.976105
8640	1	1	1	1	0:00:14.979640
8660	7	5	5	0	0:00:14.989706
8680	3	9	8	0	0:00:14.967083
8700	3	3	3	1	0:00:14.968822
8720	2	0	0	0	0:00:14.971246
8740	2	6	4	0	0:00:14.974697
8760	8	8	5	1	0:00:14.978572
8780	4	7	2	0	0:00:14.960528
8800	0	0	0	1	0:00:14.973591
8820	2	3	3	0	0:00:14.972023
8840	2	1	1	0	0:00:14.973452
8860	2	6	6	0	0:00:14.980249
8880	1	9	6	0	0:00:14.966509
8900	2	6	4	0	0:00:14.971601
8920	6	6	6	1	0:00:14.963130
8940	6	3	3	0	0:00:14.966380
8960	0	0	0	1	0:00:14.969439
8980	9	9	8	1	0:00:14.974513
9000	8	8	8	1	0:00:14.965249
9020	7	9	8	0	0:00:14.974353
9040	2	5	5	0	0:00:14.989776
9060	9	5	5	0	0:00:14.978617
9080	3	0	0	0	0:00:14.982440
9100	9	6	6	0	0:00:14.978124
9120	3	0	0	0	0:00:14.990789
9140	7	9	8	0	0:00:14.974665
9160	5	7	4	0	0:00:15.011922
9180	5	5	5	1	0:00:14.993701
9200	8	8	8	1	0:00:14.993526
9220	8	8	8	1	0:00:14.984961
9240	8	9	8	0	0:00:14.968232
9260	5	6	5	0	0:00:14.972897
9280	9	0	8	0	0:00:14.978785
9300	5	3	2	0	0:00:14.982360
9320	9	9	8	1	0:00:14.973867
9340	1	1	1	1	0:00:14.980133
9360	5	1	4	0	0:00:14.971651
9380	5	9	3	0	0:00:14.981695
9400	6	4	4	0	0:00:14.978766
9420	5	6	6	0	0:00:14.960440
9440	8	8	8	1	0:00:14.977505
9460	3	7	4	0	0:00:14.981117
9480	2	4	4	0	0:00:14.965873
9500	9	1	4	0	0:00:14.990573
9520	1	3	1	0	0:00:14.981395
9540	5	3	4	0	0:00:14.971896
9560	9	7	7	0	0:00:14.989704
9580	1	4	4	0	0:00:14.968124
9600	8	8	8	1	0:00:14.977651
9620	4	7	2	0	0:00:14.983492
9640	5	0	6	0	0:00:14.971335
9660	6	6	6	1	0:00:14.977687
9680	8	8	8	1	0:00:14.963583
9700	0	2	2	0	0:00:14.973696
9720	8	6	6	0	0:00:14.970572
9740	3	4	4	0	0:00:15.070551
9760	9	7	4	0	0:00:14.993685
9780	4	6	6	0	0:00:14.965939
9800	1	1	1	1	0:00:14.969615
9820	0	8	8	0	0:00:14.998448
9840	4	5	5	0	0:00:14.982594
9860	0	5	8	0	0:00:15.001370
9880	7	4	4	0	0:00:14.959366
9900	8	0	6	0	0:00:14.966743
9920	6	4	2	0	0:00:14.960594
9940	4	7	7	0	0:00:14.974263
9960	2	0	0	0	0:00:14.980819
9980	0	0	0	1	0:00:14.982052
