idx	label	predict	basePredict	correct	time
0	3	2	2	0	0:00:17.067918
20	7	1	9	0	0:00:15.917825
40	4	8	8	0	0:00:15.829666
60	7	7	4	1	0:00:15.806978
80	8	8	8	1	0:00:15.872160
100	4	5	3	0	0:00:15.780344
120	8	8	8	1	0:00:15.794071
140	6	2	2	0	0:00:15.772160
160	2	0	2	0	0:00:15.818326
180	0	0	8	1	0:00:15.781229
200	5	3	3	0	0:00:15.847814
220	7	7	7	1	0:00:15.797192
240	1	1	8	1	0:00:15.804787
260	8	3	3	0	0:00:15.788915
280	9	9	8	1	0:00:15.781269
300	6	7	4	0	0:00:15.795656
320	3	2	4	0	0:00:15.750630
340	2	4	4	0	0:00:15.850881
360	9	7	6	0	0:00:15.826161
380	6	6	4	1	0:00:15.885266
400	9	9	8	1	0:00:15.764945
420	4	4	6	1	0:00:15.844553
440	1	1	6	1	0:00:15.827672
460	5	5	3	1	0:00:15.789526
480	8	9	8	0	0:00:15.785724
500	4	6	4	0	0:00:15.890579
520	5	7	5	0	0:00:15.802626
540	1	9	8	0	0:00:15.887501
560	0	0	8	1	0:00:15.828461
580	4	4	4	1	0:00:15.808369
600	8	8	8	1	0:00:15.867543
620	7	6	4	0	0:00:15.849015
640	5	3	3	0	0:00:15.869321
660	9	9	9	1	0:00:15.788053
680	9	7	4	0	0:00:15.843166
700	7	0	4	0	0:00:15.830844
720	4	9	7	0	0:00:15.770215
740	2	5	3	0	0:00:15.858609
760	3	9	9	0	0:00:15.769177
780	9	1	8	0	0:00:15.816456
800	7	7	7	1	0:00:15.800746
820	6	1	8	0	0:00:15.793841
840	7	7	7	1	0:00:15.806579
860	4	4	4	1	0:00:15.835866
880	8	8	8	1	0:00:15.899740
900	2	6	4	0	0:00:15.838780
920	6	2	2	0	0:00:15.808356
940	9	9	9	1	0:00:15.813165
960	9	9	4	1	0:00:15.891485
980	2	6	6	0	0:00:15.758196
1000	5	5	5	1	0:00:15.129903
1020	1	1	8	1	0:00:15.182256
1040	7	5	5	0	0:00:15.043236
1060	9	9	8	1	0:00:15.241053
1080	6	6	6	1	0:00:15.279583
1100	7	8	8	0	0:00:15.240127
1120	5	2	2	0	0:00:15.236528
1140	6	4	4	0	0:00:15.323205
1160	8	0	8	0	0:00:15.195645
1180	3	3	8	1	0:00:15.171509
1200	8	0	0	0	0:00:15.157648
1220	9	6	6	0	0:00:15.278666
1240	2	6	6	0	0:00:15.182295
1260	1	9	9	0	0:00:15.150835
1280	3	7	7	0	0:00:15.158684
1300	4	3	3	0	0:00:15.285434
1320	7	2	2	0	0:00:15.190291
1340	1	1	1	1	0:00:15.222002
1360	7	7	4	1	0:00:15.279097
1380	4	5	5	0	0:00:15.220023
1400	5	-1	2	0	0:00:15.208663
1420	4	7	7	0	0:00:15.199571
1440	0	8	8	0	0:00:15.166207
1460	6	6	4	1	0:00:15.217862
1480	1	5	5	0	0:00:15.216552
1500	1	9	1	0	0:00:15.281628
1520	7	7	4	1	0:00:15.375881
1540	8	8	8	1	0:00:15.211075
1560	7	7	7	1	0:00:15.174706
1580	6	1	1	0	0:00:15.298220
1600	8	9	6	0	0:00:15.239770
1620	5	8	8	0	0:00:15.085493
1640	7	5	3	0	0:00:15.333897
1660	3	5	4	0	0:00:15.250064
1680	6	6	6	1	0:00:15.190796
1700	5	2	2	0	0:00:15.130316
1720	4	2	2	0	0:00:15.251629
1740	1	9	9	0	0:00:15.164308
1760	0	8	8	0	0:00:15.201736
1780	7	9	8	0	0:00:15.187336
1800	4	8	8	0	0:00:15.186048
1820	8	9	8	0	0:00:15.212264
1840	8	7	4	0	0:00:15.117697
1860	8	8	8	1	0:00:15.153268
1880	1	1	8	1	0:00:15.323989
1900	8	8	8	1	0:00:15.313976
1920	2	2	2	1	0:00:15.188897
1940	5	3	3	0	0:00:15.162879
1960	2	5	5	0	0:00:15.230786
1980	9	9	4	1	0:00:15.262901
2000	1	6	4	0	0:00:15.308322
2020	9	9	9	1	0:00:15.327322
2040	0	8	8	0	0:00:15.195692
2060	5	5	3	1	0:00:15.263845
2080	1	9	4	0	0:00:15.215456
2100	2	4	4	0	0:00:15.138368
2120	4	8	8	0	0:00:15.254007
2140	9	9	1	1	0:00:15.252369
2160	0	8	8	0	0:00:15.179386
2180	4	4	4	1	0:00:15.162709
2200	0	2	2	0	0:00:15.212711
2220	1	1	4	1	0:00:15.363414
2240	9	9	8	1	0:00:15.161977
2260	4	7	4	0	0:00:15.213215
2280	4	8	8	0	0:00:15.094348
2300	3	2	4	0	0:00:15.092177
2320	5	8	8	0	0:00:15.107668
2340	7	7	7	1	0:00:15.156674
2360	7	7	3	1	0:00:15.307321
2380	8	0	8	0	0:00:15.203909
2400	0	0	0	1	0:00:15.322543
2420	8	5	5	0	0:00:15.256769
2440	7	7	8	1	0:00:15.160444
2460	9	3	3	0	0:00:15.261588
2480	8	8	8	1	0:00:15.218629
2500	4	2	2	0	0:00:15.190822
2520	1	9	8	0	0:00:15.243046
2540	2	3	3	0	0:00:15.172169
2560	7	7	4	1	0:00:15.156353
2580	6	4	4	0	0:00:15.087260
2600	8	8	8	1	0:00:15.203511
2620	1	4	4	0	0:00:15.158256
2640	7	7	6	1	0:00:15.122246
2660	3	2	2	0	0:00:15.224594
2680	0	0	0	1	0:00:15.213491
2700	9	7	0	0	0:00:15.189196
2720	3	2	2	0	0:00:15.134587
2740	1	1	9	1	0:00:15.268648
2760	2	4	4	0	0:00:15.179007
2780	7	7	7	1	0:00:15.283173
2800	4	6	4	0	0:00:15.151319
2820	6	6	4	1	0:00:15.244164
2840	3	3	3	1	0:00:15.250036
2860	5	7	4	0	0:00:15.264436
2880	4	4	4	1	0:00:15.082914
2900	3	2	2	0	0:00:15.203291
2920	2	5	5	0	0:00:15.377085
2940	3	0	0	0	0:00:15.281126
2960	9	9	8	1	0:00:15.209160
2980	8	1	8	0	0:00:15.096124
3000	5	5	5	1	0:00:15.259876
3020	1	1	8	1	0:00:15.155778
3040	7	7	7	1	0:00:15.304770
3060	7	7	7	1	0:00:15.197262
3080	1	7	4	0	0:00:15.167419
3100	0	0	0	1	0:00:15.104765
3120	4	6	2	0	0:00:15.194168
3140	8	8	8	1	0:00:15.339954
3160	6	4	4	0	0:00:15.257966
3180	3	7	8	0	0:00:15.181179
3200	5	7	7	0	0:00:15.041123
3220	3	9	9	0	0:00:15.172924
3240	4	1	8	0	0:00:15.174981
3260	7	0	0	0	0:00:15.078768
3280	3	5	0	0	0:00:15.148535
3300	4	6	4	0	0:00:15.048360
3320	2	7	7	0	0:00:15.041759
3340	6	-1	4	0	0:00:15.105803
3360	4	6	6	0	0:00:15.091711
3380	8	8	8	1	0:00:15.059635
3400	6	4	4	0	0:00:15.258778
3420	5	4	4	0	0:00:15.099346
3440	2	9	3	0	0:00:15.050308
3460	1	1	4	1	0:00:15.176574
3480	2	2	2	1	0:00:15.143685
3500	1	1	4	1	0:00:15.177152
3520	1	1	1	1	0:00:15.051968
3540	6	6	6	1	0:00:15.212822
3560	1	9	0	0	0:00:15.110743
3580	4	1	4	0	0:00:15.098074
3600	4	2	2	0	0:00:15.116006
3620	0	6	6	0	0:00:15.119880
3640	6	2	2	0	0:00:15.118296
3660	0	8	8	0	0:00:15.219870
3680	0	2	2	0	0:00:15.057250
3700	3	3	4	1	0:00:15.042502
3720	2	2	2	1	0:00:15.078065
3740	0	0	8	1	0:00:15.109126
3760	7	7	7	1	0:00:15.200055
3780	4	2	2	0	0:00:15.144774
3800	9	9	3	1	0:00:15.062523
3820	0	2	2	0	0:00:15.121420
3840	6	3	3	0	0:00:15.111197
3860	7	7	7	1	0:00:15.155586
3880	6	4	4	0	0:00:15.091974
3900	3	1	1	0	0:00:15.152637
3920	7	9	8	0	0:00:15.109105
3940	6	7	4	0	0:00:15.219587
3960	2	5	5	0	0:00:15.135332
3980	9	7	7	0	0:00:15.132097
4000	8	7	4	0	0:00:15.190210
4020	8	1	8	0	0:00:15.174818
4040	0	0	0	1	0:00:15.123600
4060	6	3	3	0	0:00:15.162711
4080	1	8	8	0	0:00:15.108517
4100	7	7	7	1	0:00:15.135045
4120	4	0	0	0	0:00:15.161525
4140	5	3	3	0	0:00:15.161758
4160	5	2	2	0	0:00:15.110883
4180	0	8	8	0	0:00:15.150936
4200	4	-1	2	0	0:00:15.197780
4220	4	0	0	0	0:00:15.163990
4240	7	0	0	0	0:00:15.195547
4260	8	1	8	0	0:00:15.167465
4280	8	0	8	0	0:00:15.112214
4300	8	8	8	1	0:00:15.097027
4320	1	8	8	0	0:00:15.100847
4340	0	0	8	1	0:00:15.093122
4360	6	9	3	0	0:00:15.159776
4380	9	9	8	1	0:00:15.102830
4400	3	4	4	0	0:00:15.069755
4420	5	8	8	0	0:00:15.116643
4440	2	6	2	0	0:00:15.128724
4460	9	8	8	0	0:00:15.083249
4480	9	-1	3	0	0:00:15.098044
4500	3	6	6	0	0:00:15.122408
4520	3	6	6	0	0:00:15.083849
4540	9	9	9	1	0:00:15.162749
4560	1	1	4	1	0:00:15.097331
4580	6	4	4	0	0:00:15.100897
4600	4	7	4	0	0:00:15.049501
4620	7	3	3	0	0:00:15.134992
4640	2	-1	4	0	0:00:15.031222
4660	7	4	2	0	0:00:15.043528
4680	9	1	1	0	0:00:15.036088
4700	6	1	4	0	0:00:15.092029
4720	8	0	0	0	0:00:15.058292
4740	5	3	4	0	0:00:15.078399
4760	3	3	8	1	0:00:15.044534
4780	0	0	8	1	0:00:15.050386
4800	9	9	9	1	0:00:15.138003
4820	3	5	5	0	0:00:15.055368
4840	0	0	0	1	0:00:15.044527
4860	5	3	3	0	0:00:15.075859
4880	0	2	2	0	0:00:15.119908
4900	3	6	6	0	0:00:15.183828
4920	7	7	4	1	0:00:15.063900
4940	6	4	2	0	0:00:15.077537
4960	4	3	3	0	0:00:15.279953
4980	1	9	9	0	0:00:15.116579
5000	7	7	7	1	0:00:15.091041
5020	8	1	8	0	0:00:15.087661
5040	3	3	4	1	0:00:15.041715
5060	6	2	4	0	0:00:15.048527
5080	7	7	7	1	0:00:15.057638
5100	3	3	3	1	0:00:15.123913
5120	9	9	8	1	0:00:15.019213
5140	8	8	8	1	0:00:15.067573
5160	0	8	8	0	0:00:15.053804
5180	9	6	4	0	0:00:15.096867
5200	3	3	3	1	0:00:15.013645
5220	0	0	0	1	0:00:15.130033
5240	1	9	2	0	0:00:15.114625
5260	0	0	0	1	0:00:15.049139
5280	0	8	8	0	0:00:15.011450
5300	9	1	9	0	0:00:15.021302
5320	7	7	3	1	0:00:15.035311
5340	3	4	4	0	0:00:15.020128
5360	9	9	9	1	0:00:15.028468
5380	1	9	9	0	0:00:15.006771
5400	9	0	8	0	0:00:15.056512
5420	6	6	6	1	0:00:14.991252
5440	9	9	9	1	0:00:15.016713
5460	0	7	7	0	0:00:14.957219
5480	1	1	8	1	0:00:14.939607
5500	8	1	8	0	0:00:14.959763
5520	4	3	3	0	0:00:14.960891
5540	5	6	2	0	0:00:14.974604
5560	3	6	4	0	0:00:14.994360
5580	5	6	6	0	0:00:15.019211
5600	6	9	0	0	0:00:14.988480
5620	3	2	2	0	0:00:14.980045
5640	2	5	3	0	0:00:15.062646
5660	9	0	8	0	0:00:15.036601
5680	2	1	8	0	0:00:14.990741
5700	3	5	2	0	0:00:15.000224
5720	9	9	9	1	0:00:14.963871
5740	6	4	4	0	0:00:14.958460
5760	2	2	2	1	0:00:14.983396
5780	7	7	4	1	0:00:15.031042
5800	2	6	4	0	0:00:15.028749
5820	5	6	6	0	0:00:14.953458
5840	2	6	6	0	0:00:14.994012
5860	0	8	8	0	0:00:14.984969
5880	0	8	0	0	0:00:14.991861
5900	4	3	4	0	0:00:14.946240
5920	8	8	8	1	0:00:14.975984
5940	7	4	4	0	0:00:15.049727
5960	2	6	4	0	0:00:15.068281
5980	9	9	6	1	0:00:14.957442
6000	8	9	8	0	0:00:14.955680
6020	6	6	6	1	0:00:14.990692
6040	2	7	7	0	0:00:14.955868
6060	3	4	4	0	0:00:14.971977
6080	1	9	6	0	0:00:14.978008
6100	1	1	8	1	0:00:15.036887
6120	5	5	5	1	0:00:15.005990
6140	9	9	7	1	0:00:14.998180
6160	2	5	5	0	0:00:14.942575
6180	0	9	8	0	0:00:14.958506
6200	3	9	3	0	0:00:15.137753
6220	2	6	6	0	0:00:15.017579
6240	2	1	4	0	0:00:15.011197
6260	2	9	8	0	0:00:14.942429
6280	8	5	4	0	0:00:14.986162
6300	1	7	4	0	0:00:14.942268
6320	0	0	0	1	0:00:15.002574
6340	3	3	3	1	0:00:14.971055
6360	2	6	2	0	0:00:15.039226
6380	3	1	6	0	0:00:14.970262
6400	0	1	4	0	0:00:14.971512
6420	7	7	8	1	0:00:14.999564
6440	3	9	8	0	0:00:14.939845
6460	3	1	4	0	0:00:14.991476
6480	0	2	2	0	0:00:14.942759
6500	7	0	8	0	0:00:14.949937
6520	6	4	4	0	0:00:14.961622
6540	8	8	8	1	0:00:14.971666
6560	6	6	4	1	0:00:14.978142
6580	1	2	2	0	0:00:15.071924
6600	7	7	7	1	0:00:14.954731
6620	7	7	7	1	0:00:14.931202
6640	5	-1	8	0	0:00:14.971798
6660	0	0	8	1	0:00:15.006982
6680	3	5	5	0	0:00:15.010264
6700	6	6	4	1	0:00:14.977724
6720	2	4	2	0	0:00:14.956083
6740	2	4	4	0	0:00:14.925832
6760	5	3	6	0	0:00:14.943395
6780	7	7	7	1	0:00:14.954628
6800	6	2	4	0	0:00:14.970432
6820	1	1	1	1	0:00:15.007362
6840	9	9	9	1	0:00:15.012415
6860	0	0	2	1	0:00:14.963962
6880	2	7	7	0	0:00:15.012375
6900	3	7	4	0	0:00:14.942532
6920	5	2	2	0	0:00:14.955666
6940	1	1	1	1	0:00:14.971404
6960	9	8	8	0	0:00:14.960490
6980	0	-1	8	0	0:00:15.043292
7000	2	8	8	0	0:00:14.968898
7020	7	7	7	1	0:00:14.991036
7040	7	8	8	0	0:00:15.018734
7060	8	0	8	0	0:00:15.066350
7080	5	4	4	0	0:00:15.022776
7100	9	3	3	0	0:00:14.930081
7120	7	5	6	0	0:00:15.008712
7140	4	1	4	0	0:00:14.932704
7160	5	4	4	0	0:00:14.939999
7180	6	6	6	1	0:00:14.943384
7200	4	6	2	0	0:00:14.981490
7220	9	9	8	1	0:00:14.949565
7240	0	8	8	0	0:00:14.972494
7260	1	8	8	0	0:00:15.057642
7280	1	6	6	0	0:00:15.030877
7300	3	7	4	0	0:00:14.948003
7320	8	0	0	0	0:00:14.944271
7340	2	4	4	0	0:00:14.973248
7360	2	4	4	0	0:00:14.960846
7380	7	7	7	1	0:00:14.951552
7400	3	3	3	1	0:00:14.999281
7420	3	0	0	0	0:00:15.034590
7440	3	3	2	1	0:00:14.965430
7460	5	5	5	1	0:00:14.943535
7480	1	8	8	0	0:00:14.976007
7500	6	6	6	1	0:00:14.987056
7520	4	6	4	0	0:00:14.966290
7540	5	5	5	1	0:00:14.986317
7560	0	6	4	0	0:00:15.057957
7580	8	8	8	1	0:00:14.976946
7600	8	9	8	0	0:00:15.058567
7620	5	-1	3	0	0:00:14.931147
7640	9	9	6	1	0:00:14.930874
7660	7	9	4	0	0:00:14.943090
7680	3	9	3	0	0:00:14.925552
7700	6	6	6	1	0:00:14.931220
7720	5	5	2	1	0:00:14.945782
7740	4	6	2	0	0:00:14.924970
7760	2	9	6	0	0:00:14.962928
7780	3	1	8	0	0:00:15.007158
7800	0	0	8	1	0:00:14.926704
7820	5	8	8	0	0:00:14.925188
7840	1	1	1	1	0:00:14.963171
7860	8	7	4	0	0:00:14.998042
7880	0	0	0	1	0:00:15.021172
7900	0	8	8	0	0:00:15.018518
7920	9	8	8	0	0:00:14.994777
7940	2	6	6	0	0:00:15.001192
7960	0	0	3	1	0:00:14.925239
7980	3	7	4	0	0:00:14.925610
8000	9	9	8	1	0:00:14.973569
8020	6	3	3	0	0:00:14.970853
8040	2	6	4	0	0:00:14.920886
8060	6	6	4	1	0:00:14.925282
8080	4	6	6	0	0:00:15.004892
8100	6	2	2	0	0:00:14.977217
8120	8	9	8	0	0:00:15.002617
8140	5	4	4	0	0:00:14.977669
8160	6	9	6	0	0:00:14.956968
8180	4	4	4	1	0:00:14.982378
8200	3	6	4	0	0:00:14.962480
8220	6	2	2	0	0:00:14.938489
8240	7	7	7	1	0:00:14.949161
8260	1	3	3	0	0:00:14.968837
8280	4	5	3	0	0:00:14.969208
8300	5	2	2	0	0:00:14.925014
8320	7	4	4	0	0:00:14.939046
8340	5	3	4	0	0:00:14.952972
8360	7	7	4	1	0:00:14.926014
8380	9	9	8	1	0:00:14.949654
8400	0	8	8	0	0:00:15.002208
8420	3	6	4	0	0:00:14.982131
8440	5	3	4	0	0:00:14.979181
8460	8	8	8	1	0:00:14.943220
8480	2	1	8	0	0:00:14.954412
8500	4	2	2	0	0:00:14.983291
8520	8	4	4	0	0:00:14.957345
8540	4	6	2	0	0:00:14.952260
8560	7	7	4	1	0:00:14.944667
8580	3	0	2	0	0:00:14.959384
8600	3	7	4	0	0:00:14.929674
8620	3	1	4	0	0:00:14.937316
8640	1	1	1	1	0:00:14.960576
8660	7	7	5	1	0:00:14.931479
8680	3	9	8	0	0:00:14.943935
8700	3	3	3	1	0:00:14.974466
8720	2	0	0	0	0:00:15.009401
8740	2	6	4	0	0:00:15.020148
8760	8	8	8	1	0:00:14.962281
8780	4	4	4	1	0:00:15.002492
8800	0	0	0	1	0:00:14.998750
8820	2	3	3	0	0:00:15.006328
8840	2	1	7	0	0:00:14.937922
8860	2	0	2	0	0:00:14.950985
8880	1	9	6	0	0:00:14.932082
8900	2	6	4	0	0:00:14.929892
8920	6	6	6	1	0:00:14.967827
8940	6	3	3	0	0:00:14.951941
8960	0	0	0	1	0:00:14.999660
8980	9	9	8	1	0:00:14.959675
9000	8	8	8	1	0:00:14.944904
9020	7	9	8	0	0:00:14.951466
9040	2	5	5	0	0:00:15.029103
9060	9	5	5	0	0:00:15.053846
9080	3	0	0	0	0:00:15.031902
9100	9	6	6	0	0:00:14.938959
9120	3	0	0	0	0:00:14.927354
9140	7	9	8	0	0:00:14.986508
9160	5	7	4	0	0:00:14.947375
9180	5	5	5	1	0:00:14.950522
9200	8	8	8	1	0:00:14.965451
9220	8	8	8	1	0:00:14.937527
9240	8	8	8	1	0:00:14.965104
9260	5	5	5	1	0:00:15.027885
9280	9	1	8	0	0:00:14.946975
9300	5	3	2	0	0:00:14.960539
9320	9	9	8	1	0:00:14.958996
9340	1	1	1	1	0:00:15.030200
9360	5	9	4	0	0:00:14.998909
9380	5	9	3	0	0:00:14.995807
9400	6	4	2	0	0:00:14.966012
9420	5	5	6	1	0:00:14.922167
9440	8	8	8	1	0:00:14.956878
9460	3	7	6	0	0:00:14.990856
9480	2	4	4	0	0:00:14.940664
9500	9	1	4	0	0:00:14.933324
9520	1	1	1	1	0:00:14.920968
9540	5	3	4	0	0:00:14.963085
9560	9	7	7	0	0:00:14.959797
9580	1	4	4	0	0:00:14.926123
9600	8	8	8	1	0:00:14.940223
9620	4	7	4	0	0:00:14.963472
9640	5	0	6	0	0:00:14.994403
9660	6	6	6	1	0:00:15.006523
9680	8	8	8	1	0:00:14.966821
9700	0	0	2	1	0:00:15.036806
9720	8	1	6	0	0:00:15.021293
9740	3	6	4	0	0:00:14.954904
9760	9	7	4	0	0:00:14.933694
9780	4	6	4	0	0:00:14.938781
9800	1	1	1	1	0:00:14.997778
9820	0	8	8	0	0:00:14.936690
9840	4	5	5	0	0:00:14.930909
9860	0	5	8	0	0:00:14.978242
9880	7	4	4	0	0:00:14.964866
9900	8	0	8	0	0:00:14.920055
9920	6	4	2	0	0:00:14.991306
9940	4	5	6	0	0:00:14.979899
9960	2	0	0	0	0:00:15.020040
9980	0	0	0	1	0:00:15.025230
