idx	label	predict	basePredict	correct	time
0	3	-1	2	0	0:00:01.186759
20	7	-1	4	0	0:00:01.128663
40	4	-1	8	0	0:00:01.125675
60	7	-1	4	0	0:00:01.113171
80	8	8	8	1	0:00:01.137871
100	4	-1	3	0	0:00:01.117777
120	8	-1	8	0	0:00:01.122564
140	6	2	2	0	0:00:01.113351
160	2	0	2	0	0:00:01.081592
180	0	-1	8	0	0:00:01.126229
200	5	-1	3	0	0:00:01.149723
220	7	7	7	1	0:00:01.138686
240	1	1	8	1	0:00:01.181991
260	8	3	3	0	0:00:01.159786
280	9	9	8	1	0:00:01.164184
300	6	-1	4	0	0:00:01.150020
320	3	-1	4	0	0:00:01.157931
340	2	4	4	0	0:00:01.118658
360	9	-1	6	0	0:00:01.141257
380	6	-1	4	0	0:00:01.063937
400	9	-1	8	0	0:00:01.128661
420	4	-1	6	0	0:00:01.110529
440	1	-1	6	0	0:00:01.073445
460	5	5	3	1	0:00:01.119611
480	8	9	8	0	0:00:01.110725
500	4	6	4	0	0:00:01.137589
520	5	7	7	0	0:00:01.163770
540	1	-1	8	0	0:00:01.117535
560	0	0	8	1	0:00:01.124972
580	4	-1	4	0	0:00:01.153800
600	8	-1	8	0	0:00:01.087830
620	7	-1	4	0	0:00:01.068966
640	5	3	3	0	0:00:01.094194
660	9	9	9	1	0:00:01.086102
680	9	-1	4	0	0:00:01.073073
700	7	-1	4	0	0:00:01.089774
720	4	9	7	0	0:00:01.077544
740	2	5	3	0	0:00:01.070232
760	3	9	9	0	0:00:01.073707
780	9	-1	0	0	0:00:01.055199
800	7	7	7	1	0:00:01.073565
820	6	-1	8	0	0:00:01.066485
840	7	7	7	1	0:00:01.077176
860	4	4	4	1	0:00:01.072074
880	8	8	8	1	0:00:01.069070
900	2	-1	4	0	0:00:01.062160
920	6	-1	2	0	0:00:01.071506
940	9	9	9	1	0:00:01.058258
960	9	9	4	1	0:00:01.063376
980	2	6	6	0	0:00:01.055621
1000	5	5	5	1	0:00:01.000324
1020	1	-1	8	0	0:00:00.989933
1040	7	5	5	0	0:00:00.992009
1060	9	9	8	1	0:00:00.983366
1080	6	6	6	1	0:00:00.980813
1100	7	8	8	0	0:00:00.982684
1120	5	-1	2	0	0:00:00.963035
1140	6	-1	4	0	0:00:00.957713
1160	8	0	0	0	0:00:00.998264
1180	3	-1	8	0	0:00:00.985751
1200	8	0	0	0	0:00:00.976147
1220	9	-1	6	0	0:00:00.958300
1240	2	6	6	0	0:00:00.973665
1260	1	9	9	0	0:00:00.984715
1280	3	7	7	0	0:00:00.961730
1300	4	3	3	0	0:00:00.911546
1320	7	-1	2	0	0:00:00.927982
1340	1	1	1	1	0:00:00.974791
1360	7	-1	4	0	0:00:00.988800
1380	4	5	5	0	0:00:00.990569
1400	5	-1	2	0	0:00:00.986794
1420	4	7	7	0	0:00:00.979464
1440	0	8	8	0	0:00:00.977507
1460	6	6	4	1	0:00:01.005295
1480	1	-1	5	0	0:00:00.982439
1500	1	9	1	0	0:00:00.972591
1520	7	-1	4	0	0:00:00.960661
1540	8	8	8	1	0:00:00.967790
1560	7	7	7	1	0:00:00.975771
1580	6	1	1	0	0:00:00.965802
1600	8	-1	4	0	0:00:00.960920
1620	5	8	8	0	0:00:00.981717
1640	7	-1	3	0	0:00:00.977081
1660	3	-1	4	0	0:00:00.980718
1680	6	6	6	1	0:00:00.995660
1700	5	2	2	0	0:00:00.990411
1720	4	2	2	0	0:00:00.978487
1740	1	9	9	0	0:00:00.993924
1760	0	8	8	0	0:00:00.988073
1780	7	-1	8	0	0:00:00.988709
1800	4	8	8	0	0:00:00.969505
1820	8	-1	8	0	0:00:00.973511
1840	8	-1	4	0	0:00:00.963848
1860	8	8	8	1	0:00:00.969240
1880	1	-1	8	0	0:00:00.970894
1900	8	8	8	1	0:00:00.942995
1920	2	-1	2	0	0:00:00.950876
1940	5	3	3	0	0:00:00.963232
1960	2	5	5	0	0:00:00.953755
1980	9	9	4	1	0:00:00.966790
2000	1	6	6	0	0:00:00.968939
2020	9	9	9	1	0:00:00.968667
2040	0	8	8	0	0:00:00.978589
2060	5	-1	3	0	0:00:00.976015
2080	1	-1	4	0	0:00:00.979810
2100	2	4	4	0	0:00:00.997275
2120	4	8	8	0	0:00:00.974779
2140	9	-1	1	0	0:00:00.929599
2160	0	8	8	0	0:00:00.954096
2180	4	-1	4	0	0:00:00.955244
2200	0	-1	2	0	0:00:00.958856
2220	1	1	4	1	0:00:00.958600
2240	9	9	8	1	0:00:00.962171
2260	4	-1	4	0	0:00:00.963686
2280	4	8	8	0	0:00:00.954053
2300	3	-1	4	0	0:00:00.956134
2320	5	-1	8	0	0:00:00.981025
2340	7	7	7	1	0:00:00.981298
2360	7	-1	3	0	0:00:00.962667
2380	8	-1	8	0	0:00:00.972031
2400	0	-1	0	0	0:00:00.960916
2420	8	-1	5	0	0:00:00.961110
2440	7	-1	8	0	0:00:00.942734
2460	9	-1	3	0	0:00:00.968990
2480	8	8	8	1	0:00:00.971427
2500	4	-1	2	0	0:00:00.985731
2520	1	-1	8	0	0:00:00.987734
2540	2	3	3	0	0:00:00.970164
2560	7	-1	4	0	0:00:00.969651
2580	6	-1	4	0	0:00:00.969680
2600	8	8	8	1	0:00:00.973917
2620	1	-1	4	0	0:00:00.976371
2640	7	-1	6	0	0:00:00.987894
2660	3	-1	2	0	0:00:00.971028
2680	0	0	0	1	0:00:00.973626
2700	9	-1	0	0	0:00:00.971658
2720	3	-1	2	0	0:00:00.972785
2740	1	-1	1	0	0:00:00.978007
2760	2	-1	4	0	0:00:00.972082
2780	7	7	7	1	0:00:00.969884
2800	4	6	6	0	0:00:00.976883
2820	6	6	4	1	0:00:00.978059
2840	3	3	3	1	0:00:00.972683
2860	5	-1	4	0	0:00:00.977742
2880	4	4	4	1	0:00:00.999132
2900	3	2	2	0	0:00:00.985955
2920	2	5	5	0	0:00:00.986580
2940	3	0	0	0	0:00:01.008544
2960	9	-1	8	0	0:00:00.993421
2980	8	1	8	0	0:00:00.988454
3000	5	5	5	1	0:00:00.976766
3020	1	-1	8	0	0:00:00.973322
3040	7	7	7	1	0:00:00.972490
3060	7	7	7	1	0:00:00.965937
3080	1	-1	4	0	0:00:00.962376
3100	0	0	0	1	0:00:00.949822
3120	4	6	2	0	0:00:00.909716
3140	8	-1	8	0	0:00:00.932496
3160	6	4	4	0	0:00:00.957885
3180	3	-1	8	0	0:00:00.928883
3200	5	7	7	0	0:00:00.934924
3220	3	9	9	0	0:00:00.987728
3240	4	1	8	0	0:00:00.969096
3260	7	0	0	0	0:00:00.981895
3280	3	-1	0	0	0:00:00.971274
3300	4	6	4	0	0:00:00.971911
3320	2	7	7	0	0:00:00.979617
3340	6	-1	4	0	0:00:00.951317
3360	4	6	6	0	0:00:00.948177
3380	8	-1	8	0	0:00:00.974477
3400	6	4	4	0	0:00:00.972293
3420	5	-1	4	0	0:00:00.997503
3440	2	9	3	0	0:00:00.982317
3460	1	1	4	1	0:00:01.004376
3480	2	2	2	1	0:00:00.960188
3500	1	1	4	1	0:00:00.925199
3520	1	1	1	1	0:00:00.933520
3540	6	-1	4	0	0:00:00.947081
3560	1	9	0	0	0:00:00.988672
3580	4	1	8	0	0:00:01.006251
3600	4	2	2	0	0:00:00.999611
3620	0	-1	6	0	0:00:00.990522
3640	6	2	2	0	0:00:00.973854
3660	0	8	8	0	0:00:00.962090
3680	0	-1	2	0	0:00:00.940934
3700	3	-1	4	0	0:00:00.975316
3720	2	2	2	1	0:00:00.962364
3740	0	0	8	1	0:00:00.966827
3760	7	7	7	1	0:00:00.990427
3780	4	-1	2	0	0:00:00.966934
3800	9	-1	3	0	0:00:00.986229
3820	0	2	2	0	0:00:00.967466
3840	6	-1	3	0	0:00:00.995830
3860	7	7	7	1	0:00:00.984703
3880	6	4	4	0	0:00:00.956964
3900	3	-1	1	0	0:00:00.979345
3920	7	-1	8	0	0:00:00.979596
3940	6	-1	4	0	0:00:00.987651
3960	2	-1	5	0	0:00:00.993229
3980	9	7	7	0	0:00:00.976957
4000	8	7	4	0	0:00:01.006691
4020	8	-1	8	0	0:00:00.994158
4040	0	0	0	1	0:00:00.976029
4060	6	3	3	0	0:00:00.970397
4080	1	8	8	0	0:00:00.965198
4100	7	7	7	1	0:00:00.974994
4120	4	0	0	0	0:00:00.972250
4140	5	3	3	0	0:00:00.977845
4160	5	2	2	0	0:00:01.007194
4180	0	-1	8	0	0:00:01.014133
4200	4	-1	2	0	0:00:00.978063
4220	4	0	0	0	0:00:00.981157
4240	7	0	0	0	0:00:00.974916
4260	8	-1	8	0	0:00:00.979177
4280	8	-1	8	0	0:00:00.975231
4300	8	8	8	1	0:00:00.985506
4320	1	8	8	0	0:00:00.969321
4340	0	-1	8	0	0:00:00.977264
4360	6	9	9	0	0:00:00.977431
4380	9	-1	8	0	0:00:00.968238
4400	3	4	4	0	0:00:00.962500
4420	5	8	8	0	0:00:00.964726
4440	2	6	2	0	0:00:00.989896
4460	9	-1	8	0	0:00:00.977928
4480	9	-1	6	0	0:00:00.978204
4500	3	-1	6	0	0:00:00.964443
4520	3	6	6	0	0:00:00.981667
4540	9	9	9	1	0:00:00.996738
4560	1	-1	4	0	0:00:00.987609
4580	6	4	4	0	0:00:00.977281
4600	4	7	4	0	0:00:00.976111
4620	7	3	3	0	0:00:00.961632
4640	2	-1	4	0	0:00:00.949307
4660	7	-1	2	0	0:00:00.911497
4680	9	1	1	0	0:00:00.931023
4700	6	1	4	0	0:00:00.966161
4720	8	0	0	0	0:00:00.925592
4740	5	-1	4	0	0:00:00.918934
4760	3	-1	4	0	0:00:00.920646
4780	0	-1	8	0	0:00:00.936147
4800	9	9	9	1	0:00:00.936455
4820	3	5	5	0	0:00:00.946242
4840	0	0	0	1	0:00:00.948693
4860	5	3	3	0	0:00:00.992832
4880	0	2	2	0	0:00:00.970170
4900	3	6	6	0	0:00:00.978146
4920	7	7	2	1	0:00:00.979362
4940	6	-1	4	0	0:00:00.978548
4960	4	-1	3	0	0:00:00.990568
4980	1	9	8	0	0:00:00.969380
5000	7	7	7	1	0:00:00.940351
5020	8	-1	8	0	0:00:00.978686
5040	3	-1	4	0	0:00:00.993110
5060	6	2	4	0	0:00:00.975863
5080	7	7	7	1	0:00:00.995635
5100	3	3	3	1	0:00:00.979207
5120	9	-1	8	0	0:00:00.977062
5140	8	-1	8	0	0:00:00.973864
5160	0	-1	8	0	0:00:00.975332
5180	9	-1	4	0	0:00:00.984553
5200	3	3	3	1	0:00:00.990894
5220	0	0	0	1	0:00:00.971739
5240	1	-1	2	0	0:00:00.969094
5260	0	0	0	1	0:00:00.964879
5280	0	8	8	0	0:00:00.989537
5300	9	-1	9	0	0:00:00.935245
5320	7	-1	3	0	0:00:00.964838
5340	3	4	4	0	0:00:00.971169
5360	9	9	3	1	0:00:00.960934
5380	1	9	9	0	0:00:00.976378
5400	9	-1	8	0	0:00:00.987843
5420	6	-1	6	0	0:00:00.975721
5440	9	9	9	1	0:00:00.984487
5460	0	7	7	0	0:00:00.977349
5480	1	-1	8	0	0:00:00.979384
5500	8	1	8	0	0:00:00.996275
5520	4	-1	3	0	0:00:00.986647
5540	5	-1	2	0	0:00:00.968433
5560	3	6	6	0	0:00:00.970092
5580	5	6	6	0	0:00:00.966221
5600	6	-1	0	0	0:00:00.969296
5620	3	2	2	0	0:00:00.976444
5640	2	-1	3	0	0:00:00.970876
5660	9	-1	8	0	0:00:00.967273
5680	2	1	8	0	0:00:00.974349
5700	3	-1	2	0	0:00:00.992543
5720	9	9	9	1	0:00:00.990779
5740	6	-1	4	0	0:00:00.968215
5760	2	-1	2	0	0:00:00.957170
5780	7	7	4	1	0:00:00.964157
5800	2	-1	4	0	0:00:00.959377
5820	5	6	6	0	0:00:00.983126
5840	2	-1	6	0	0:00:00.994095
5860	0	8	8	0	0:00:00.975821
5880	0	8	0	0	0:00:00.986863
5900	4	3	4	0	0:00:00.968444
5920	8	8	8	1	0:00:01.018827
5940	7	4	4	0	0:00:00.988126
5960	2	-1	4	0	0:00:00.988043
5980	9	9	6	1	0:00:00.984232
6000	8	9	8	0	0:00:00.986943
6020	6	-1	6	0	0:00:00.995556
6040	2	7	7	0	0:00:00.976486
6060	3	4	4	0	0:00:01.003611
6080	1	9	6	0	0:00:01.000022
6100	1	1	8	1	0:00:01.009070
6120	5	-1	5	0	0:00:01.017108
6140	9	9	7	1	0:00:01.003262
6160	2	5	5	0	0:00:00.988501
6180	0	-1	8	0	0:00:00.987857
6200	3	-1	3	0	0:00:00.988257
6220	2	6	6	0	0:00:00.988385
6240	2	-1	4	0	0:00:00.979554
6260	2	9	8	0	0:00:00.978497
6280	8	-1	4	0	0:00:00.975261
6300	1	7	4	0	0:00:00.976515
6320	0	0	0	1	0:00:00.987734
6340	3	-1	3	0	0:00:00.974384
6360	2	6	2	0	0:00:00.968285
6380	3	-1	6	0	0:00:00.987006
6400	0	1	4	0	0:00:00.990734
6420	7	-1	8	0	0:00:00.990728
6440	3	-1	8	0	0:00:00.969359
6460	3	-1	4	0	0:00:00.976508
6480	0	-1	2	0	0:00:00.966215
6500	7	-1	8	0	0:00:00.982680
6520	6	-1	4	0	0:00:00.984997
6540	8	8	8	1	0:00:01.004336
6560	6	-1	4	0	0:00:00.983674
6580	1	-1	2	0	0:00:00.989859
6600	7	7	7	1	0:00:00.979597
6620	7	7	7	1	0:00:00.993429
6640	5	-1	8	0	0:00:00.974051
6660	0	-1	8	0	0:00:00.999267
6680	3	5	5	0	0:00:00.983973
6700	6	-1	2	0	0:00:00.986580
6720	2	-1	2	0	0:00:00.979815
6740	2	-1	4	0	0:00:00.965256
6760	5	3	6	0	0:00:00.993221
6780	7	7	7	1	0:00:00.985092
6800	6	-1	4	0	0:00:00.964333
6820	1	1	1	1	0:00:00.958280
6840	9	-1	9	0	0:00:00.985010
6860	0	-1	2	0	0:00:00.976398
6880	2	7	4	0	0:00:00.974419
6900	3	7	4	0	0:00:00.975358
6920	5	2	2	0	0:00:00.978908
6940	1	1	1	1	0:00:00.966273
6960	9	8	8	0	0:00:00.985691
6980	0	-1	8	0	0:00:00.988931
7000	2	8	8	0	0:00:00.994324
7020	7	-1	8	0	0:00:00.992911
7040	7	8	8	0	0:00:00.984799
7060	8	-1	8	0	0:00:00.980963
7080	5	4	4	0	0:00:00.955887
7100	9	3	3	0	0:00:00.966419
7120	7	-1	6	0	0:00:00.976115
7140	4	-1	4	0	0:00:00.965080
7160	5	-1	4	0	0:00:00.956790
7180	6	6	6	1	0:00:00.969743
7200	4	6	2	0	0:00:00.976121
7220	9	-1	8	0	0:00:00.960960
7240	0	8	8	0	0:00:00.964780
7260	1	-1	8	0	0:00:01.002547
7280	1	-1	6	0	0:00:00.985956
7300	3	7	4	0	0:00:00.994704
7320	8	0	8	0	0:00:00.976023
7340	2	4	4	0	0:00:00.981743
7360	2	-1	4	0	0:00:00.970545
7380	7	-1	7	0	0:00:00.975864
7400	3	-1	3	0	0:00:00.961464
7420	3	0	0	0	0:00:00.967906
7440	3	-1	2	0	0:00:00.997284
7460	5	5	5	1	0:00:00.987156
7480	1	8	5	0	0:00:00.967131
7500	6	6	6	1	0:00:00.967834
7520	4	-1	4	0	0:00:00.973945
7540	5	5	5	1	0:00:00.978659
7560	0	-1	4	0	0:00:00.973705
7580	8	-1	8	0	0:00:00.978041
7600	8	9	8	0	0:00:00.995738
7620	5	-1	3	0	0:00:00.980740
7640	9	-1	6	0	0:00:00.980536
7660	7	-1	4	0	0:00:00.967393
7680	3	9	3	0	0:00:00.969127
7700	6	6	6	1	0:00:00.966558
7720	5	-1	2	0	0:00:00.953339
7740	4	-1	2	0	0:00:00.976741
7760	2	9	6	0	0:00:00.958663
7780	3	1	8	0	0:00:00.953820
7800	0	0	8	1	0:00:00.965427
7820	5	8	8	0	0:00:00.990983
7840	1	1	1	1	0:00:01.007523
7860	8	-1	4	0	0:00:00.982332
7880	0	0	0	1	0:00:00.958929
7900	0	-1	8	0	0:00:00.967239
7920	9	8	8	0	0:00:00.967094
7940	2	6	6	0	0:00:00.964990
7960	0	0	3	1	0:00:00.957494
7980	3	-1	4	0	0:00:00.966063
8000	9	9	8	1	0:00:00.962828
8020	6	3	3	0	0:00:00.971272
8040	2	-1	4	0	0:00:00.907792
8060	6	-1	4	0	0:00:00.910633
8080	4	6	6	0	0:00:00.909244
8100	6	2	2	0	0:00:00.914832
8120	8	9	8	0	0:00:00.913582
8140	5	4	4	0	0:00:00.914047
8160	6	9	6	0	0:00:00.907577
8180	4	-1	4	0	0:00:00.911438
8200	3	-1	2	0	0:00:00.908862
8220	6	-1	2	0	0:00:00.951825
8240	7	7	7	1	0:00:00.982460
8260	1	-1	3	0	0:00:00.989624
8280	4	-1	3	0	0:00:00.979013
8300	5	2	2	0	0:00:00.973474
8320	7	-1	4	0	0:00:00.977180
8340	5	3	4	0	0:00:00.978533
8360	7	7	4	1	0:00:00.987011
8380	9	-1	8	0	0:00:00.981987
8400	0	8	8	0	0:00:00.982245
8420	3	-1	4	0	0:00:00.972589
8440	5	-1	4	0	0:00:00.968531
8460	8	8	8	1	0:00:00.972580
8480	2	-1	8	0	0:00:00.954581
8500	4	-1	2	0	0:00:00.975009
8520	8	-1	4	0	0:00:00.974029
8540	4	-1	2	0	0:00:00.978164
8560	7	-1	4	0	0:00:00.975980
8580	3	-1	2	0	0:00:00.982842
8600	3	-1	4	0	0:00:00.988677
8620	3	-1	4	0	0:00:00.969857
8640	1	1	1	1	0:00:00.974994
8660	7	-1	5	0	0:00:00.984404
8680	3	9	8	0	0:00:00.984682
8700	3	3	3	1	0:00:00.974049
8720	2	0	0	0	0:00:00.977153
8740	2	-1	4	0	0:00:00.967924
8760	8	-1	8	0	0:00:00.982604
8780	4	-1	4	0	0:00:00.989271
8800	0	0	0	1	0:00:00.987397
8820	2	-1	3	0	0:00:01.002759
8840	2	1	7	0	0:00:00.995433
8860	2	6	6	0	0:00:00.993950
8880	1	-1	6	0	0:00:00.992052
8900	2	-1	4	0	0:00:00.958048
8920	6	6	6	1	0:00:00.961509
8940	6	3	3	0	0:00:00.979136
8960	0	0	0	1	0:00:00.972759
8980	9	9	8	1	0:00:00.988607
9000	8	8	8	1	0:00:00.986377
9020	7	9	8	0	0:00:00.982653
9040	2	5	5	0	0:00:00.995121
9060	9	5	5	0	0:00:00.984423
9080	3	-1	0	0	0:00:00.996684
9100	9	-1	6	0	0:00:00.994714
9120	3	0	0	0	0:00:00.992702
9140	7	-1	8	0	0:00:00.991710
9160	5	-1	4	0	0:00:00.970929
9180	5	5	5	1	0:00:00.938367
9200	8	8	8	1	0:00:00.944107
9220	8	8	8	1	0:00:00.961707
9240	8	-1	8	0	0:00:00.966234
9260	5	-1	5	0	0:00:00.959388
9280	9	-1	8	0	0:00:00.952442
9300	5	-1	2	0	0:00:00.982402
9320	9	9	8	1	0:00:00.961047
9340	1	1	1	1	0:00:00.974733
9360	5	-1	4	0	0:00:00.977452
9380	5	-1	3	0	0:00:00.975832
9400	6	-1	4	0	0:00:00.965660
9420	5	-1	6	0	0:00:01.060228
9440	8	8	8	1	0:00:00.934505
9460	3	7	6	0	0:00:00.936786
9480	2	4	4	0	0:00:00.927234
9500	9	-1	4	0	0:00:00.935682
9520	1	-1	1	0	0:00:00.949415
9540	5	-1	4	0	0:00:00.916747
9560	9	7	7	0	0:00:00.909618
9580	1	4	4	0	0:00:00.908340
9600	8	-1	8	0	0:00:00.904092
9620	4	7	4	0	0:00:00.922120
9640	5	0	6	0	0:00:00.982488
9660	6	6	6	1	0:00:00.958968
9680	8	-1	8	0	0:00:00.962675
9700	0	-1	2	0	0:00:00.954715
9720	8	-1	4	0	0:00:00.944554
9740	3	-1	4	0	0:00:00.987557
9760	9	7	4	0	0:00:00.968353
9780	4	6	4	0	0:00:00.981992
9800	1	1	1	1	0:00:00.973500
9820	0	8	8	0	0:00:00.982855
9840	4	-1	5	0	0:00:00.935286
9860	0	-1	8	0	0:00:00.964861
9880	7	-1	4	0	0:00:00.990841
9900	8	0	6	0	0:00:00.996317
9920	6	4	2	0	0:00:00.947425
9940	4	-1	6	0	0:00:00.960981
9960	2	0	0	0	0:00:00.952947
9980	0	0	0	1	0:00:00.968312
