idx	label	predict	basePredict	correct	time
0	3	-1	2	0	0:00:01.383386
20	7	-1	9	0	0:00:01.262245
40	4	-1	8	0	0:00:01.247453
60	7	-1	2	0	0:00:01.263535
80	8	-1	8	0	0:00:01.229316
100	4	-1	3	0	0:00:01.315697
120	8	-1	8	0	0:00:01.235877
140	6	2	2	0	0:00:01.232351
160	2	0	0	0	0:00:01.243161
180	0	-1	8	0	0:00:01.253452
200	5	-1	3	0	0:00:01.227210
220	7	7	7	1	0:00:01.232319
240	1	1	8	1	0:00:01.246470
260	8	3	6	0	0:00:01.254801
280	9	9	8	1	0:00:01.262701
300	6	7	4	0	0:00:01.265838
320	3	-1	4	0	0:00:01.270473
340	2	-1	4	0	0:00:01.271380
360	9	-1	4	0	0:00:01.259260
380	6	-1	4	0	0:00:01.282114
400	9	-1	1	0	0:00:01.256011
420	4	6	6	0	0:00:01.283275
440	1	-1	6	0	0:00:01.258857
460	5	-1	4	0	0:00:01.252818
480	8	9	9	0	0:00:01.251816
500	4	-1	6	0	0:00:01.275741
520	5	7	7	0	0:00:01.236642
540	1	-1	8	0	0:00:01.241742
560	0	-1	8	0	0:00:01.256721
580	4	6	4	0	0:00:01.254597
600	8	-1	8	0	0:00:01.279319
620	7	-1	4	0	0:00:01.258479
640	5	3	3	0	0:00:01.263466
660	9	9	3	1	0:00:01.246616
680	9	7	4	0	0:00:01.287643
700	7	0	0	0	0:00:01.238280
720	4	9	9	0	0:00:01.262541
740	2	5	3	0	0:00:01.269461
760	3	9	9	0	0:00:01.284431
780	9	-1	0	0	0:00:01.283463
800	7	7	7	1	0:00:01.289742
820	6	1	8	0	0:00:01.340848
840	7	7	7	1	0:00:01.249192
860	4	-1	4	0	0:00:01.253123
880	8	8	8	1	0:00:01.262160
900	2	-1	4	0	0:00:01.264817
920	6	-1	2	0	0:00:01.253519
940	9	-1	6	0	0:00:01.250493
960	9	9	4	1	0:00:01.289927
980	2	6	6	0	0:00:01.257470
1000	5	5	5	1	0:00:01.179862
1020	1	-1	8	0	0:00:01.211262
1040	7	5	5	0	0:00:01.208612
1060	9	-1	8	0	0:00:01.170476
1080	6	-1	6	0	0:00:01.169894
1100	7	8	8	0	0:00:01.175665
1120	5	-1	2	0	0:00:01.166574
1140	6	4	4	0	0:00:01.171974
1160	8	0	0	0	0:00:01.182977
1180	3	-1	8	0	0:00:01.170388
1200	8	0	0	0	0:00:01.169804
1220	9	6	2	0	0:00:01.166720
1240	2	6	6	0	0:00:01.176780
1260	1	9	9	0	0:00:01.167446
1280	3	7	7	0	0:00:01.165550
1300	4	3	3	0	0:00:01.166825
1320	7	-1	2	0	0:00:01.181882
1340	1	-1	8	0	0:00:01.181653
1360	7	-1	4	0	0:00:01.169675
1380	4	5	5	0	0:00:01.167523
1400	5	-1	2	0	0:00:01.169351
1420	4	-1	6	0	0:00:01.165743
1440	0	8	8	0	0:00:01.172870
1460	6	-1	4	0	0:00:01.169034
1480	1	-1	5	0	0:00:01.164059
1500	1	9	9	0	0:00:01.154122
1520	7	6	2	0	0:00:01.125041
1540	8	-1	8	0	0:00:01.121292
1560	7	7	7	1	0:00:01.128544
1580	6	1	1	0	0:00:01.123177
1600	8	-1	6	0	0:00:01.124499
1620	5	8	8	0	0:00:01.138542
1640	7	5	3	0	0:00:01.119978
1660	3	-1	4	0	0:00:01.130023
1680	6	6	6	1	0:00:01.123438
1700	5	2	2	0	0:00:01.121043
1720	4	-1	2	0	0:00:01.121796
1740	1	9	9	0	0:00:01.165800
1760	0	8	8	0	0:00:01.166273
1780	7	-1	8	0	0:00:01.166924
1800	4	8	8	0	0:00:01.172012
1820	8	9	8	0	0:00:01.163936
1840	8	-1	4	0	0:00:01.170390
1860	8	-1	8	0	0:00:01.160094
1880	1	8	8	0	0:00:01.177334
1900	8	8	8	1	0:00:01.161348
1920	2	-1	2	0	0:00:01.156113
1940	5	-1	3	0	0:00:01.166196
1960	2	5	5	0	0:00:01.163891
1980	9	-1	2	0	0:00:01.162023
2000	1	6	4	0	0:00:01.140561
2020	9	9	1	1	0:00:01.158208
2040	0	8	8	0	0:00:01.162741
2060	5	-1	3	0	0:00:01.159556
2080	1	-1	4	0	0:00:01.175011
2100	2	4	4	0	0:00:01.162189
2120	4	8	8	0	0:00:01.166937
2140	9	1	1	0	0:00:01.170760
2160	0	8	8	0	0:00:01.183144
2180	4	-1	2	0	0:00:01.167535
2200	0	2	2	0	0:00:01.174166
2220	1	-1	4	0	0:00:01.172574
2240	9	1	8	0	0:00:01.184152
2260	4	7	4	0	0:00:01.174718
2280	4	-1	8	0	0:00:01.177481
2300	3	-1	4	0	0:00:01.148942
2320	5	-1	8	0	0:00:01.161637
2340	7	-1	7	0	0:00:01.177851
2360	7	5	3	0	0:00:01.174203
2380	8	0	0	0	0:00:01.179526
2400	0	-1	4	0	0:00:01.178827
2420	8	-1	5	0	0:00:01.179742
2440	7	-1	8	0	0:00:01.186055
2460	9	3	3	0	0:00:01.165304
2480	8	-1	8	0	0:00:01.172135
2500	4	-1	2	0	0:00:01.172261
2520	1	9	8	0	0:00:01.171174
2540	2	3	3	0	0:00:01.161262
2560	7	-1	2	0	0:00:01.172686
2580	6	-1	4	0	0:00:01.173557
2600	8	8	8	1	0:00:01.162326
2620	1	-1	4	0	0:00:01.170827
2640	7	-1	6	0	0:00:01.152126
2660	3	-1	2	0	0:00:01.151287
2680	0	0	0	1	0:00:01.181532
2700	9	-1	0	0	0:00:01.166042
2720	3	-1	2	0	0:00:01.170060
2740	1	-1	7	0	0:00:01.130957
2760	2	4	4	0	0:00:01.154096
2780	7	7	6	1	0:00:01.157343
2800	4	6	6	0	0:00:01.170819
2820	6	6	4	1	0:00:01.169094
2840	3	3	3	1	0:00:01.164366
2860	5	-1	4	0	0:00:01.173894
2880	4	4	4	1	0:00:01.175246
2900	3	2	2	0	0:00:01.172517
2920	2	5	5	0	0:00:01.167324
2940	3	0	0	0	0:00:01.184225
2960	9	-1	8	0	0:00:01.184540
2980	8	1	8	0	0:00:01.182654
3000	5	5	5	1	0:00:01.186935
3020	1	-1	8	0	0:00:01.186904
3040	7	7	7	1	0:00:01.230667
3060	7	-1	3	0	0:00:01.164344
3080	1	-1	2	0	0:00:01.178992
3100	0	0	8	1	0:00:01.174729
3120	4	6	2	0	0:00:01.173074
3140	8	-1	8	0	0:00:01.183002
3160	6	4	4	0	0:00:01.179481
3180	3	-1	8	0	0:00:01.164646
3200	5	7	7	0	0:00:01.181148
3220	3	9	9	0	0:00:01.179962
3240	4	1	8	0	0:00:01.170045
3260	7	0	0	0	0:00:01.175218
3280	3	0	0	0	0:00:01.174190
3300	4	-1	4	0	0:00:01.168692
3320	2	7	7	0	0:00:01.162206
3340	6	-1	4	0	0:00:01.164648
3360	4	6	6	0	0:00:01.173540
3380	8	-1	8	0	0:00:01.175572
3400	6	4	4	0	0:00:01.177549
3420	5	-1	4	0	0:00:01.156691
3440	2	9	3	0	0:00:01.162317
3460	1	1	4	1	0:00:01.169792
3480	2	2	2	1	0:00:01.160484
3500	1	-1	4	0	0:00:01.164330
3520	1	1	1	1	0:00:01.157918
3540	6	-1	4	0	0:00:01.164431
3560	1	-1	7	0	0:00:01.129112
3580	4	1	8	0	0:00:01.131399
3600	4	2	2	0	0:00:01.128586
3620	0	-1	6	0	0:00:01.123111
3640	6	2	2	0	0:00:01.126528
3660	0	8	8	0	0:00:01.127884
3680	0	-1	2	0	0:00:01.138488
3700	3	-1	4	0	0:00:01.133279
3720	2	2	2	1	0:00:01.128440
3740	0	-1	8	0	0:00:01.125212
3760	7	7	7	1	0:00:01.141947
3780	4	-1	2	0	0:00:01.151823
3800	9	-1	3	0	0:00:01.149464
3820	0	2	2	0	0:00:01.138071
3840	6	-1	3	0	0:00:01.153808
3860	7	7	7	1	0:00:01.143746
3880	6	4	4	0	0:00:01.135391
3900	3	1	1	0	0:00:01.136985
3920	7	-1	8	0	0:00:01.136004
3940	6	7	4	0	0:00:01.155146
3960	2	5	5	0	0:00:01.160829
3980	9	7	7	0	0:00:01.160895
4000	8	7	4	0	0:00:01.160081
4020	8	-1	8	0	0:00:01.151896
4040	0	-1	0	0	0:00:01.227695
4060	6	3	3	0	0:00:01.167039
4080	1	8	8	0	0:00:01.160870
4100	7	7	7	1	0:00:01.150727
4120	4	0	0	0	0:00:01.135138
4140	5	3	3	0	0:00:01.137933
4160	5	2	2	0	0:00:01.121763
4180	0	8	8	0	0:00:01.096352
4200	4	-1	2	0	0:00:01.090917
4220	4	0	0	0	0:00:01.102152
4240	7	0	0	0	0:00:01.087178
4260	8	-1	1	0	0:00:01.087483
4280	8	-1	0	0	0:00:01.091419
4300	8	-1	8	0	0:00:01.103148
4320	1	8	8	0	0:00:01.125710
4340	0	8	8	0	0:00:01.125721
4360	6	9	9	0	0:00:01.125732
4380	9	-1	8	0	0:00:01.121028
4400	3	4	4	0	0:00:01.131065
4420	5	8	8	0	0:00:01.121222
4440	2	6	2	0	0:00:01.110447
4460	9	-1	8	0	0:00:01.111885
4480	9	-1	6	0	0:00:01.112691
4500	3	-1	6	0	0:00:01.121303
4520	3	6	6	0	0:00:01.146538
4540	9	-1	1	0	0:00:01.156406
4560	1	-1	4	0	0:00:01.143070
4580	6	4	4	0	0:00:01.142836
4600	4	7	7	0	0:00:01.149238
4620	7	3	3	0	0:00:01.144550
4640	2	-1	4	0	0:00:01.113191
4660	7	-1	2	0	0:00:01.091364
4680	9	1	1	0	0:00:01.090572
4700	6	1	4	0	0:00:01.122771
4720	8	0	0	0	0:00:01.098634
4740	5	-1	4	0	0:00:01.142059
4760	3	-1	8	0	0:00:01.155926
4780	0	-1	8	0	0:00:01.161327
4800	9	9	9	1	0:00:01.146154
4820	3	5	5	0	0:00:01.143265
4840	0	0	0	1	0:00:01.094516
4860	5	3	3	0	0:00:01.090353
4880	0	2	2	0	0:00:01.143496
4900	3	6	6	0	0:00:01.152888
4920	7	-1	2	0	0:00:01.152509
4940	6	4	4	0	0:00:01.151134
4960	4	3	3	0	0:00:01.152357
4980	1	9	9	0	0:00:01.155955
5000	7	7	7	1	0:00:01.157115
5020	8	1	8	0	0:00:01.159780
5040	3	-1	4	0	0:00:01.154856
5060	6	2	4	0	0:00:01.144548
5080	7	7	7	1	0:00:01.112624
5100	3	-1	4	0	0:00:01.118469
5120	9	8	8	0	0:00:01.116059
5140	8	-1	8	0	0:00:01.113160
5160	0	8	8	0	0:00:01.121183
5180	9	-1	4	0	0:00:01.108396
5200	3	3	3	1	0:00:01.098617
5220	0	0	0	1	0:00:01.090866
5240	1	-1	2	0	0:00:01.106010
5260	0	0	0	1	0:00:01.123090
5280	0	8	8	0	0:00:01.140051
5300	9	1	1	0	0:00:01.129301
5320	7	-1	3	0	0:00:01.130110
5340	3	4	4	0	0:00:01.133346
5360	9	9	3	1	0:00:01.142503
5380	1	9	9	0	0:00:01.140117
5400	9	0	2	0	0:00:01.132113
5420	6	5	6	0	0:00:01.144558
5440	9	9	8	1	0:00:01.147002
5460	0	7	7	0	0:00:01.138006
5480	1	-1	4	0	0:00:01.138139
5500	8	1	8	0	0:00:01.142181
5520	4	-1	3	0	0:00:01.132523
5540	5	-1	2	0	0:00:01.134094
5560	3	6	6	0	0:00:01.137523
5580	5	6	6	0	0:00:01.137185
5600	6	-1	0	0	0:00:01.138568
5620	3	2	2	0	0:00:01.147567
5640	2	5	3	0	0:00:01.135561
5660	9	-1	8	0	0:00:01.133435
5680	2	-1	8	0	0:00:01.134298
5700	3	6	6	0	0:00:01.143969
5720	9	9	7	1	0:00:01.132151
5740	6	-1	4	0	0:00:01.134209
5760	2	-1	2	0	0:00:01.139426
5780	7	-1	4	0	0:00:01.134094
5800	2	-1	4	0	0:00:01.149569
5820	5	6	6	0	0:00:01.148596
5840	2	-1	6	0	0:00:01.144507
5860	0	-1	8	0	0:00:01.145280
5880	0	8	8	0	0:00:01.145939
5900	4	3	4	0	0:00:01.147205
5920	8	8	6	1	0:00:01.145519
5940	7	4	4	0	0:00:01.143992
5960	2	-1	4	0	0:00:01.148065
5980	9	-1	6	0	0:00:01.154401
6000	8	9	8	0	0:00:01.146221
6020	6	7	6	0	0:00:01.144219
6040	2	7	7	0	0:00:01.145617
6060	3	4	4	0	0:00:01.146229
6080	1	-1	6	0	0:00:01.141344
6100	1	-1	8	0	0:00:01.142469
6120	5	-1	3	0	0:00:01.135064
6140	9	-1	7	0	0:00:01.136327
6160	2	5	5	0	0:00:01.153605
6180	0	9	8	0	0:00:01.107148
6200	3	-1	8	0	0:00:01.096932
6220	2	6	5	0	0:00:01.161191
6240	2	1	4	0	0:00:01.100239
6260	2	9	8	0	0:00:01.094608
6280	8	-1	4	0	0:00:01.095032
6300	1	-1	4	0	0:00:01.096633
6320	0	0	0	1	0:00:01.103099
6340	3	-1	3	0	0:00:01.099233
6360	2	6	2	0	0:00:01.108800
6380	3	-1	6	0	0:00:01.094383
6400	0	1	8	0	0:00:01.101846
6420	7	-1	8	0	0:00:01.115191
6440	3	-1	8	0	0:00:01.114122
6460	3	-1	4	0	0:00:01.110514
6480	0	-1	2	0	0:00:01.120992
6500	7	-1	8	0	0:00:01.131754
6520	6	-1	4	0	0:00:01.119722
6540	8	-1	8	0	0:00:01.124577
6560	6	-1	4	0	0:00:01.096979
6580	1	-1	2	0	0:00:01.095554
6600	7	7	7	1	0:00:01.092466
6620	7	-1	3	0	0:00:01.093449
6640	5	-1	8	0	0:00:01.094746
6660	0	-1	8	0	0:00:01.089170
6680	3	5	5	0	0:00:01.115099
6700	6	-1	2	0	0:00:01.113133
6720	2	-1	2	0	0:00:01.113833
6740	2	-1	4	0	0:00:01.129431
6760	5	3	6	0	0:00:01.115529
6780	7	7	7	1	0:00:01.113619
6800	6	2	4	0	0:00:01.115950
6820	1	1	8	1	0:00:01.115621
6840	9	1	1	0	0:00:01.112436
6860	0	2	2	0	0:00:01.109834
6880	2	7	7	0	0:00:01.113922
6900	3	7	4	0	0:00:01.114513
6920	5	2	2	0	0:00:01.126264
6940	1	1	1	1	0:00:01.122117
6960	9	8	8	0	0:00:01.147116
6980	0	-1	1	0	0:00:01.143618
7000	2	8	8	0	0:00:01.130790
7020	7	1	8	0	0:00:01.133063
7040	7	8	8	0	0:00:01.132206
7060	8	0	0	0	0:00:01.130482
7080	5	-1	4	0	0:00:01.127886
7100	9	3	3	0	0:00:01.143007
7120	7	-1	6	0	0:00:01.117796
7140	4	-1	4	0	0:00:01.114591
7160	5	-1	4	0	0:00:01.111170
7180	6	6	6	1	0:00:01.144655
7200	4	-1	2	0	0:00:01.145438
7220	9	-1	8	0	0:00:01.159183
7240	0	8	8	0	0:00:01.152527
7260	1	-1	8	0	0:00:01.153067
7280	1	-1	4	0	0:00:01.155410
7300	3	7	7	0	0:00:01.137988
7320	8	0	0	0	0:00:01.119703
7340	2	-1	4	0	0:00:01.115836
7360	2	-1	4	0	0:00:01.116425
7380	7	9	7	0	0:00:01.121187
7400	3	-1	3	0	0:00:01.166196
7420	3	0	0	0	0:00:01.151006
7440	3	-1	4	0	0:00:01.151520
7460	5	5	5	1	0:00:01.162628
7480	1	-1	5	0	0:00:01.150289
7500	6	6	6	1	0:00:01.167150
7520	4	-1	4	0	0:00:01.136127
7540	5	5	5	1	0:00:01.149406
7560	0	-1	2	0	0:00:01.162626
7580	8	0	8	0	0:00:01.168953
7600	8	9	8	0	0:00:01.153339
7620	5	-1	9	0	0:00:01.129269
7640	9	-1	6	0	0:00:01.150316
7660	7	-1	4	0	0:00:01.153073
7680	3	9	3	0	0:00:01.145516
7700	6	6	4	1	0:00:01.158942
7720	5	-1	4	0	0:00:01.158976
7740	4	6	2	0	0:00:01.164629
7760	2	9	9	0	0:00:01.172416
7780	3	1	8	0	0:00:01.171377
7800	0	-1	8	0	0:00:01.165398
7820	5	8	8	0	0:00:01.179543
7840	1	-1	1	0	0:00:01.174706
7860	8	7	4	0	0:00:01.168300
7880	0	-1	2	0	0:00:01.173552
7900	0	-1	8	0	0:00:01.171454
7920	9	-1	8	0	0:00:01.181638
7940	2	6	6	0	0:00:01.162972
7960	0	-1	2	0	0:00:01.146294
7980	3	7	4	0	0:00:01.145179
8000	9	-1	0	0	0:00:01.162455
8020	6	3	3	0	0:00:01.162962
8040	2	6	4	0	0:00:01.171004
8060	6	-1	4	0	0:00:01.170627
8080	4	6	6	0	0:00:01.177533
8100	6	2	2	0	0:00:01.167971
8120	8	9	9	0	0:00:01.155035
8140	5	4	4	0	0:00:01.159330
8160	6	9	6	0	0:00:01.167507
8180	4	-1	4	0	0:00:01.162527
8200	3	-1	2	0	0:00:01.170932
8220	6	-1	2	0	0:00:01.177163
8240	7	7	4	1	0:00:01.171918
8260	1	3	3	0	0:00:01.162192
8280	4	-1	3	0	0:00:01.172876
8300	5	2	2	0	0:00:01.164300
8320	7	-1	4	0	0:00:01.144833
8340	5	3	4	0	0:00:01.183572
8360	7	-1	4	0	0:00:01.170225
8380	9	8	8	0	0:00:01.164390
8400	0	8	8	0	0:00:01.166037
8420	3	-1	4	0	0:00:01.171885
8440	5	-1	4	0	0:00:01.163105
8460	8	-1	8	0	0:00:01.161508
8480	2	-1	8	0	0:00:01.139420
8500	4	2	2	0	0:00:01.153925
8520	8	-1	4	0	0:00:01.156715
8540	4	6	2	0	0:00:01.147350
8560	7	4	4	0	0:00:01.175092
8580	3	-1	2	0	0:00:01.167531
8600	3	-1	4	0	0:00:01.164062
8620	3	-1	4	0	0:00:01.161992
8640	1	1	8	1	0:00:01.162254
8660	7	5	5	0	0:00:01.158108
8680	3	9	8	0	0:00:01.150855
8700	3	3	3	1	0:00:01.170132
8720	2	0	0	0	0:00:01.170386
8740	2	-1	4	0	0:00:01.178128
8760	8	-1	5	0	0:00:01.291831
8780	4	-1	4	0	0:00:01.190835
8800	0	0	0	1	0:00:01.185443
8820	2	3	3	0	0:00:01.172985
8840	2	1	1	0	0:00:01.161593
8860	2	-1	8	0	0:00:01.162033
8880	1	-1	6	0	0:00:01.165066
8900	2	6	4	0	0:00:01.160948
8920	6	6	4	1	0:00:01.162717
8940	6	3	3	0	0:00:01.162635
8960	0	0	0	1	0:00:01.164308
8980	9	-1	8	0	0:00:01.153554
9000	8	8	8	1	0:00:01.157717
9020	7	9	8	0	0:00:01.154447
9040	2	5	5	0	0:00:01.149494
9060	9	5	5	0	0:00:01.162256
9080	3	0	0	0	0:00:01.154993
9100	9	6	6	0	0:00:01.157927
9120	3	0	0	0	0:00:01.187162
9140	7	-1	8	0	0:00:01.185972
9160	5	-1	4	0	0:00:01.161839
9180	5	5	5	1	0:00:01.156528
9200	8	8	8	1	0:00:01.164392
9220	8	8	8	1	0:00:01.161229
9240	8	-1	8	0	0:00:01.159263
9260	5	6	6	0	0:00:01.157195
9280	9	-1	8	0	0:00:01.176532
9300	5	-1	2	0	0:00:01.159765
9320	9	-1	8	0	0:00:01.157440
9340	1	-1	1	0	0:00:01.151246
9360	5	-1	4	0	0:00:01.151227
9380	5	9	3	0	0:00:01.175034
9400	6	4	4	0	0:00:01.175840
9420	5	6	6	0	0:00:01.164439
9440	8	8	8	1	0:00:01.166966
9460	3	7	4	0	0:00:01.172745
9480	2	4	4	0	0:00:01.162211
9500	9	-1	4	0	0:00:01.163797
9520	1	-1	8	0	0:00:01.167271
9540	5	-1	4	0	0:00:01.158073
9560	9	7	7	0	0:00:01.157322
9580	1	4	4	0	0:00:01.160867
9600	8	-1	8	0	0:00:01.157283
9620	4	7	7	0	0:00:01.154760
9640	5	0	0	0	0:00:01.146194
9660	6	-1	6	0	0:00:01.124680
9680	8	-1	8	0	0:00:01.122785
9700	0	-1	2	0	0:00:01.123750
9720	8	-1	6	0	0:00:01.124016
9740	3	-1	4	0	0:00:01.120807
9760	9	7	4	0	0:00:01.102163
9780	4	6	6	0	0:00:01.088285
9800	1	1	1	1	0:00:01.089416
9820	0	8	8	0	0:00:01.109545
9840	4	-1	5	0	0:00:01.097188
9860	0	-1	2	0	0:00:01.098985
9880	7	-1	8	0	0:00:01.093255
9900	8	0	6	0	0:00:01.091045
9920	6	4	2	0	0:00:01.131705
9940	4	-1	5	0	0:00:01.142292
9960	2	0	0	0	0:00:01.145896
9980	0	0	0	1	0:00:01.145628
