idx	label	predict	basePredict	correct	time
0	3	3	3	1	0:00:02.729066
20	7	7	5	1	0:00:02.687738
40	4	4	4	1	0:00:02.667917
60	7	7	7	1	0:00:02.649741
80	8	8	8	1	0:00:02.646720
100	4	5	5	0	0:00:02.681349
120	8	8	8	1	0:00:02.781365
140	6	6	2	1	0:00:02.639102
160	2	2	2	1	0:00:02.680337
180	0	0	0	1	0:00:02.635307
200	5	5	5	1	0:00:02.637069
220	7	7	5	1	0:00:02.836663
240	1	1	1	1	0:00:02.670225
260	8	8	8	1	0:00:02.673334
280	9	9	9	1	0:00:02.645963
300	6	6	6	1	0:00:02.640326
320	3	3	5	1	0:00:02.905366
340	2	4	4	0	0:00:02.652066
360	9	9	5	1	0:00:02.681229
380	6	6	2	1	0:00:02.638705
400	9	9	9	1	0:00:02.645257
420	4	4	4	1	0:00:02.894942
440	1	1	1	1	0:00:02.672657
460	5	5	5	1	0:00:02.665518
480	8	9	8	0	0:00:02.648052
500	4	3	3	0	0:00:02.635785
520	5	5	5	1	0:00:02.854615
540	1	1	1	1	0:00:02.639081
560	0	0	0	1	0:00:02.682904
580	4	4	4	1	0:00:02.630490
600	8	8	8	1	0:00:02.651773
620	7	7	7	1	0:00:02.684641
640	5	3	3	0	0:00:02.656196
660	9	9	8	1	0:00:02.689150
680	9	9	9	1	0:00:02.650921
700	7	7	7	1	0:00:02.650645
720	4	4	4	1	0:00:02.653858
740	2	5	5	0	0:00:02.632082
760	3	3	3	1	0:00:02.735566
780	9	9	9	1	0:00:02.666275
800	7	7	7	1	0:00:02.642617
820	6	6	6	1	0:00:02.640506
840	7	7	7	1	0:00:02.640948
860	4	4	4	1	0:00:02.704327
880	8	8	8	1	0:00:02.640265
900	2	6	5	0	0:00:02.639304
920	6	6	4	1	0:00:02.635071
940	9	9	9	1	0:00:02.650271
960	9	9	3	1	0:00:02.645129
980	2	2	2	1	0:00:02.665275
1000	5	5	5	1	0:00:01.935642
1020	1	1	1	1	0:00:01.936799
1040	7	5	3	0	0:00:01.935308
1060	9	9	9	1	0:00:01.934320
1080	6	6	6	1	0:00:01.934241
1100	7	0	8	0	0:00:01.933414
1120	5	2	2	0	0:00:01.936329
1140	6	6	6	1	0:00:01.933707
1160	8	8	8	1	0:00:01.935116
1180	3	3	3	1	0:00:01.934290
1200	8	8	8	1	0:00:01.933497
1220	9	6	3	0	0:00:01.941031
1240	2	6	2	0	0:00:01.934177
1260	1	-1	1	0	0:00:01.940092
1280	3	3	3	1	0:00:01.934027
1300	4	3	3	0	0:00:01.933720
1320	7	7	7	1	0:00:01.933846
1340	1	1	1	1	0:00:01.933547
1360	7	7	7	1	0:00:01.934157
1380	4	4	4	1	0:00:01.933883
1400	5	3	5	0	0:00:01.933231
1420	4	4	4	1	0:00:01.936863
1440	0	0	8	1	0:00:01.933268
1460	6	6	6	1	0:00:01.934090
1480	1	1	1	1	0:00:01.934975
1500	1	1	1	1	0:00:01.933817
1520	7	7	7	1	0:00:01.932778
1540	8	8	8	1	0:00:01.933520
1560	7	7	7	1	0:00:01.935809
1580	6	3	3	0	0:00:01.936038
1600	8	9	8	0	0:00:01.933210
1620	5	3	2	0	0:00:01.934144
1640	7	3	3	0	0:00:01.939651
1660	3	3	3	1	0:00:01.933589
1680	6	6	3	1	0:00:01.938100
1700	5	5	5	1	0:00:01.933973
1720	4	4	4	1	0:00:01.933797
1740	1	1	1	1	0:00:01.933524
1760	0	0	0	1	0:00:01.933807
1780	7	7	4	1	0:00:01.934440
1800	4	4	4	1	0:00:01.940717
1820	8	8	8	1	0:00:01.933218
1840	8	4	2	0	0:00:01.937123
1860	8	8	8	1	0:00:01.935308
1880	1	1	1	1	0:00:01.933208
1900	8	8	8	1	0:00:01.933338
1920	2	2	2	1	0:00:01.933760
1940	5	5	2	1	0:00:01.933988
1960	2	-1	2	0	0:00:01.935989
1980	9	9	9	1	0:00:01.934405
2000	1	1	1	1	0:00:01.933811
2020	9	9	9	1	0:00:01.934151
2040	0	0	0	1	0:00:01.937981
2060	5	3	3	0	0:00:01.934367
2080	1	9	9	0	0:00:01.934613
2100	2	2	2	1	0:00:01.940240
2120	4	8	8	0	0:00:01.933109
2140	9	9	9	1	0:00:01.935856
2160	0	0	0	1	0:00:01.936944
2180	4	4	4	1	0:00:01.933717
2200	0	0	0	1	0:00:01.934394
2220	1	1	1	1	0:00:01.938683
2240	9	9	9	1	0:00:01.934306
2260	4	4	4	1	0:00:01.934238
2280	4	4	4	1	0:00:01.935050
2300	3	3	3	1	0:00:01.933981
2320	5	2	2	0	0:00:01.936034
2340	7	7	7	1	0:00:01.933874
2360	7	-1	5	0	0:00:01.934254
2380	8	8	8	1	0:00:01.934339
2400	0	0	0	1	0:00:01.934547
2420	8	8	8	1	0:00:01.935107
2440	7	7	7	1	0:00:01.933955
2460	9	9	4	1	0:00:01.939507
2480	8	8	8	1	0:00:01.933670
2500	4	4	4	1	0:00:01.934061
2520	1	1	8	1	0:00:01.933930
2540	2	6	2	0	0:00:01.934716
2560	7	7	5	1	0:00:01.933322
2580	6	5	5	0	0:00:01.934658
2600	8	8	8	1	0:00:01.934168
2620	1	1	1	1	0:00:01.935011
2640	7	7	7	1	0:00:01.934133
2660	3	5	2	0	0:00:01.933585
2680	0	0	0	1	0:00:01.933383
2700	9	-1	1	0	0:00:01.935693
2720	3	3	3	1	0:00:01.934061
2740	1	1	2	1	0:00:01.936418
2760	2	2	2	1	0:00:01.934648
2780	7	7	7	1	0:00:01.942400
2800	4	4	4	1	0:00:01.934797
2820	6	6	6	1	0:00:01.935795
2840	3	3	3	1	0:00:01.935993
2860	5	4	4	0	0:00:01.934393
2880	4	4	4	1	0:00:01.934056
2900	3	7	2	0	0:00:01.935855
2920	2	3	2	0	0:00:01.933865
2940	3	0	0	0	0:00:01.934162
2960	9	0	0	0	0:00:01.935482
2980	8	8	8	1	0:00:01.934121
3000	5	5	5	1	0:00:01.933740
3020	1	1	1	1	0:00:01.934399
3040	7	7	7	1	0:00:01.934351
3060	7	7	7	1	0:00:01.933981
3080	1	1	9	1	0:00:01.934334
3100	0	0	0	1	0:00:01.933273
3120	4	4	3	1	0:00:01.933788
3140	8	8	8	1	0:00:01.933724
3160	6	2	2	0	0:00:01.933776
3180	3	3	3	1	0:00:01.933851
3200	5	5	5	1	0:00:01.935448
3220	3	9	3	0	0:00:01.934013
3240	4	0	0	0	0:00:01.934316
3260	7	7	7	1	0:00:01.934106
3280	3	5	5	0	0:00:01.934942
3300	4	4	4	1	0:00:01.934536
3320	2	7	7	0	0:00:01.934430
3340	6	6	0	1	0:00:01.933715
3360	4	4	4	1	0:00:01.933486
3380	8	8	8	1	0:00:01.934745
3400	6	4	4	0	0:00:01.934267
3420	5	5	3	1	0:00:01.933307
3440	2	3	3	0	0:00:01.934339
3460	1	1	1	1	0:00:01.935295
3480	2	2	2	1	0:00:01.934946
3500	1	1	1	1	0:00:01.935085
3520	1	1	1	1	0:00:01.934321
3540	6	6	3	1	0:00:01.934205
3560	1	1	1	1	0:00:01.934005
3580	4	4	4	1	0:00:01.933833
3600	4	2	2	0	0:00:01.933741
3620	0	0	0	1	0:00:01.934963
3640	6	6	6	1	0:00:01.940850
3660	0	0	0	1	0:00:01.934458
3680	0	0	0	1	0:00:01.934126
3700	3	3	3	1	0:00:01.935646
3720	2	2	2	1	0:00:01.934636
3740	0	0	0	1	0:00:01.934656
3760	7	7	7	1	0:00:01.933504
3780	4	4	2	1	0:00:01.933153
3800	9	9	9	1	0:00:01.934201
3820	0	0	0	1	0:00:01.933853
3840	6	3	3	0	0:00:01.934604
3860	7	7	7	1	0:00:01.934364
3880	6	6	5	1	0:00:01.936063
3900	3	3	3	1	0:00:01.937881
3920	7	7	7	1	0:00:01.934333
3940	6	6	2	1	0:00:01.934398
3960	2	2	2	1	0:00:01.937163
3980	9	9	9	1	0:00:01.934408
4000	8	4	8	0	0:00:01.934183
4020	8	8	8	1	0:00:01.934864
4040	0	0	0	1	0:00:01.933990
4060	6	6	6	1	0:00:01.934132
4080	1	1	1	1	0:00:01.944136
4100	7	7	7	1	0:00:01.937146
4120	4	4	4	1	0:00:01.934184
4140	5	5	5	1	0:00:01.934545
4160	5	5	2	1	0:00:01.937364
4180	0	8	8	0	0:00:01.933884
4200	4	4	2	1	0:00:01.933772
4220	4	0	0	0	0:00:01.934469
4240	7	7	0	1	0:00:01.934323
4260	8	8	8	1	0:00:01.934606
4280	8	0	8	0	0:00:01.934023
4300	8	8	8	1	0:00:01.933599
4320	1	9	8	0	0:00:01.936780
4340	0	0	0	1	0:00:01.934146
4360	6	6	6	1	0:00:01.933694
4380	9	9	9	1	0:00:01.934646
4400	3	3	3	1	0:00:01.936517
4420	5	5	5	1	0:00:01.937221
4440	2	2	2	1	0:00:01.941011
4460	9	9	9	1	0:00:01.936217
4480	9	9	9	1	0:00:01.935470
4500	3	5	3	0	0:00:01.935131
4520	3	3	3	1	0:00:01.938630
4540	9	9	9	1	0:00:01.934889
4560	1	1	1	1	0:00:01.934215
4580	6	6	6	1	0:00:01.937406
4600	4	4	4	1	0:00:01.934425
4620	7	7	3	1	0:00:01.934200
4640	2	2	2	1	0:00:01.940386
4660	7	7	5	1	0:00:01.937431
4680	9	9	9	1	0:00:01.936816
4700	6	5	5	0	0:00:01.936556
4720	8	8	8	1	0:00:01.936041
4740	5	3	3	0	0:00:01.935279
4760	3	2	2	0	0:00:01.935628
4780	0	0	0	1	0:00:01.933948
4800	9	9	9	1	0:00:01.934086
4820	3	3	3	1	0:00:01.934784
4840	0	0	0	1	0:00:01.934414
4860	5	5	5	1	0:00:01.936373
4880	0	8	8	0	0:00:01.935747
4900	3	3	3	1	0:00:01.935678
4920	7	7	7	1	0:00:01.934568
4940	6	6	4	1	0:00:01.934552
4960	4	4	3	1	0:00:01.934088
4980	1	9	9	0	0:00:01.933756
5000	7	7	7	1	0:00:01.934946
5020	8	8	8	1	0:00:01.935916
5040	3	3	3	1	0:00:01.934674
5060	6	6	6	1	0:00:01.935123
5080	7	7	7	1	0:00:01.938157
5100	3	3	3	1	0:00:01.934973
5120	9	9	9	1	0:00:01.934696
5140	8	8	8	1	0:00:01.934958
5160	0	0	0	1	0:00:01.936121
5180	9	9	7	1	0:00:01.936184
5200	3	3	3	1	0:00:01.933831
5220	0	0	0	1	0:00:01.934282
5240	1	1	1	1	0:00:01.935558
5260	0	0	0	1	0:00:01.935598
5280	0	4	4	0	0:00:01.933582
5300	9	9	9	1	0:00:01.937659
5320	7	7	7	1	0:00:01.937039
5340	3	4	5	0	0:00:01.936826
5360	9	9	9	1	0:00:01.935855
5380	1	9	9	0	0:00:01.936225
5400	9	9	9	1	0:00:01.934072
5420	6	6	6	1	0:00:01.933749
5440	9	9	9	1	0:00:01.934912
5460	0	0	0	1	0:00:01.940227
5480	1	1	1	1	0:00:01.935380
5500	8	8	8	1	0:00:01.934462
5520	4	4	4	1	0:00:01.934340
5540	5	5	5	1	0:00:01.933735
5560	3	5	5	0	0:00:01.935021
5580	5	-1	3	0	0:00:01.934877
5600	6	6	3	1	0:00:01.936512
5620	3	6	2	0	0:00:01.935431
5640	2	5	2	0	0:00:01.934497
5660	9	9	8	1	0:00:01.933864
5680	2	3	3	0	0:00:01.934308
5700	3	3	3	1	0:00:01.937424
5720	9	9	9	1	0:00:01.934731
5740	6	6	2	1	0:00:01.934528
5760	2	2	2	1	0:00:01.933346
5780	7	7	7	1	0:00:01.933723
5800	2	2	2	1	0:00:01.934342
5820	5	5	5	1	0:00:01.934033
5840	2	2	2	1	0:00:01.936832
5860	0	0	0	1	0:00:01.934454
5880	0	0	0	1	0:00:01.939872
5900	4	3	0	0	0:00:01.934495
5920	8	8	8	1	0:00:01.935172
5940	7	7	3	1	0:00:01.934514
5960	2	6	2	0	0:00:01.935112
5980	9	9	9	1	0:00:01.936873
6000	8	8	8	1	0:00:01.934318
6020	6	6	6	1	0:00:01.936339
6040	2	5	2	0	0:00:01.934191
6060	3	4	5	0	0:00:01.935437
6080	1	1	1	1	0:00:01.939453
6100	1	1	1	1	0:00:01.934919
6120	5	5	5	1	0:00:01.935908
6140	9	9	9	1	0:00:01.934120
6160	2	5	2	0	0:00:01.935870
6180	0	0	0	1	0:00:01.935061
6200	3	3	2	1	0:00:01.935480
6220	2	5	2	0	0:00:01.937150
6240	2	2	2	1	0:00:01.935357
6260	2	2	2	1	0:00:01.934448
6280	8	5	5	0	0:00:01.937396
6300	1	1	1	1	0:00:01.938648
6320	0	0	0	1	0:00:01.935458
6340	3	3	3	1	0:00:01.936571
6360	2	2	2	1	0:00:01.934139
6380	3	6	3	0	0:00:01.934700
6400	0	0	0	1	0:00:01.935859
6420	7	7	7	1	0:00:01.941329
6440	3	3	2	1	0:00:01.934753
6460	3	3	3	1	0:00:01.936977
6480	0	0	0	1	0:00:01.934809
6500	7	6	8	0	0:00:01.937946
6520	6	6	2	1	0:00:01.934586
6540	8	8	8	1	0:00:01.938527
6560	6	6	5	1	0:00:01.938590
6580	1	1	8	1	0:00:01.936154
6600	7	7	7	1	0:00:01.936018
6620	7	7	7	1	0:00:01.934986
6640	5	3	3	0	0:00:01.937148
6660	0	0	0	1	0:00:01.934270
6680	3	5	5	0	0:00:01.934252
6700	6	6	6	1	0:00:01.934885
6720	2	2	2	1	0:00:01.933735
6740	2	2	2	1	0:00:01.934548
6760	5	5	5	1	0:00:01.935744
6780	7	7	7	1	0:00:01.934372
6800	6	4	4	0	0:00:01.934486
6820	1	1	1	1	0:00:01.936445
6840	9	9	9	1	0:00:01.935318
6860	0	0	0	1	0:00:01.934605
6880	2	2	2	1	0:00:01.934303
6900	3	3	3	1	0:00:01.934865
6920	5	4	2	0	0:00:01.933980
6940	1	1	1	1	0:00:01.936088
6960	9	9	9	1	0:00:01.935893
6980	0	0	0	1	0:00:01.934520
7000	2	0	8	0	0:00:01.939945
7020	7	7	7	1	0:00:01.935774
7040	7	-1	8	0	0:00:01.935518
7060	8	8	8	1	0:00:01.935366
7080	5	4	2	0	0:00:01.939996
7100	9	3	3	0	0:00:01.940012
7120	7	7	7	1	0:00:01.941441
7140	4	4	3	1	0:00:01.933902
7160	5	5	5	1	0:00:01.935894
7180	6	6	6	1	0:00:01.936953
7200	4	4	2	1	0:00:01.937419
7220	9	9	9	1	0:00:01.935946
7240	0	0	8	1	0:00:01.933907
7260	1	1	1	1	0:00:01.935139
7280	1	1	3	1	0:00:01.934384
7300	3	5	5	0	0:00:01.934397
7320	8	0	0	0	0:00:01.934652
7340	2	2	0	1	0:00:01.936967
7360	2	2	2	1	0:00:01.935544
7380	7	7	7	1	0:00:01.934568
7400	3	5	3	0	0:00:01.934350
7420	3	4	2	0	0:00:01.934597
7440	3	3	3	1	0:00:01.933581
7460	5	5	5	1	0:00:01.942110
7480	1	1	1	1	0:00:01.934278
7500	6	6	6	1	0:00:01.935225
7520	4	4	4	1	0:00:01.935022
7540	5	5	5	1	0:00:01.936468
7560	0	0	0	1	0:00:01.936491
7580	8	8	8	1	0:00:01.935660
7600	8	2	2	0	0:00:01.936996
7620	5	3	3	0	0:00:01.935551
7640	9	9	8	1	0:00:01.938487
7660	7	7	7	1	0:00:01.941259
7680	3	5	5	0	0:00:01.934684
7700	6	6	6	1	0:00:01.934291
7720	5	2	2	0	0:00:01.935635
7740	4	4	2	1	0:00:01.935615
7760	2	0	8	0	0:00:01.935335
7780	3	8	8	0	0:00:01.935146
7800	0	0	0	1	0:00:01.936601
7820	5	5	3	1	0:00:01.933925
7840	1	1	1	1	0:00:01.935033
7860	8	8	8	1	0:00:01.936815
7880	0	0	0	1	0:00:01.934644
7900	0	2	0	0	0:00:01.938900
7920	9	9	9	1	0:00:01.934330
7940	2	2	2	1	0:00:01.934201
7960	0	0	0	1	0:00:01.935122
7980	3	3	3	1	0:00:01.938227
8000	9	9	9	1	0:00:01.934228
8020	6	3	3	0	0:00:01.933920
8040	2	2	2	1	0:00:01.934792
8060	6	6	6	1	0:00:01.934886
8080	4	4	3	1	0:00:01.934616
8100	6	2	2	0	0:00:01.934682
8120	8	8	8	1	0:00:01.934143
8140	5	7	5	0	0:00:01.933945
8160	6	6	6	1	0:00:01.934411
8180	4	4	4	1	0:00:01.934853
8200	3	6	3	0	0:00:01.935820
8220	6	5	5	0	0:00:01.935267
8240	7	7	7	1	0:00:01.937675
8260	1	1	1	1	0:00:01.935218
8280	4	4	4	1	0:00:01.934839
8300	5	4	3	0	0:00:01.933945
8320	7	7	7	1	0:00:01.933575
8340	5	5	5	1	0:00:01.934314
8360	7	7	7	1	0:00:01.934514
8380	9	9	9	1	0:00:01.935162
8400	0	0	0	1	0:00:01.938776
8420	3	6	3	0	0:00:01.936093
8440	5	5	3	1	0:00:01.936223
8460	8	8	8	1	0:00:01.934650
8480	2	2	2	1	0:00:01.935059
8500	4	4	4	1	0:00:01.935851
8520	8	8	8	1	0:00:01.934568
8540	4	4	2	1	0:00:01.936292
8560	7	7	7	1	0:00:01.935436
8580	3	5	5	0	0:00:01.934951
8600	3	-1	3	0	0:00:01.936383
8620	3	5	5	0	0:00:01.936102
8640	1	1	1	1	0:00:01.937366
8660	7	7	7	1	0:00:01.936833
8680	3	3	3	1	0:00:01.937057
8700	3	3	3	1	0:00:01.934440
8720	2	0	0	0	0:00:01.934726
8740	2	2	5	1	0:00:01.941437
8760	8	8	8	1	0:00:01.934830
8780	4	4	4	1	0:00:01.936962
8800	0	0	0	1	0:00:01.935508
8820	2	2	2	1	0:00:01.939317
8840	2	2	2	1	0:00:01.934380
8860	2	2	2	1	0:00:01.934615
8880	1	1	1	1	0:00:01.934858
8900	2	4	2	0	0:00:01.938682
8920	6	6	3	1	0:00:01.935180
8940	6	3	3	0	0:00:01.935194
8960	0	0	2	1	0:00:01.934236
8980	9	9	9	1	0:00:01.935883
9000	8	8	8	1	0:00:01.934637
9020	7	7	7	1	0:00:01.934941
9040	2	5	5	0	0:00:01.936683
9060	9	9	9	1	0:00:01.938145
9080	3	3	3	1	0:00:01.934036
9100	9	1	1	0	0:00:01.934039
9120	3	3	3	1	0:00:01.937150
9140	7	7	4	1	0:00:01.939490
9160	5	3	3	0	0:00:01.935395
9180	5	5	5	1	0:00:01.935444
9200	8	8	8	1	0:00:01.937412
9220	8	8	8	1	0:00:01.934515
9240	8	8	8	1	0:00:01.934586
9260	5	5	5	1	0:00:01.933672
9280	9	8	8	0	0:00:01.934125
9300	5	5	2	1	0:00:01.934892
9320	9	9	9	1	0:00:01.935055
9340	1	1	1	1	0:00:01.935205
9360	5	0	5	0	0:00:01.940077
9380	5	3	3	0	0:00:01.936237
9400	6	6	6	1	0:00:01.936859
9420	5	5	5	1	0:00:01.934523
9440	8	8	8	1	0:00:01.936551
9460	3	3	3	1	0:00:01.936891
9480	2	2	2	1	0:00:01.940242
9500	9	9	9	1	0:00:01.935846
9520	1	1	1	1	0:00:01.936120
9540	5	5	5	1	0:00:01.940445
9560	9	7	3	0	0:00:01.934761
9580	1	1	1	1	0:00:01.935107
9600	8	8	8	1	0:00:01.939718
9620	4	4	4	1	0:00:01.939370
9640	5	5	5	1	0:00:01.936385
9660	6	6	6	1	0:00:01.937103
9680	8	8	8	1	0:00:01.935500
9700	0	0	0	1	0:00:01.935899
9720	8	8	8	1	0:00:01.934833
9740	3	6	2	0	0:00:01.937412
9760	9	9	5	1	0:00:01.933639
9780	4	4	4	1	0:00:01.934170
9800	1	1	1	1	0:00:01.934562
9820	0	8	8	0	0:00:01.935321
9840	4	7	7	0	0:00:01.934669
9860	0	0	8	1	0:00:01.934918
9880	7	7	7	1	0:00:01.937031
9900	8	8	8	1	0:00:01.936904
9920	6	6	6	1	0:00:01.935200
9940	4	4	4	1	0:00:01.934241
9960	2	0	0	0	0:00:01.934633
9980	0	0	0	1	0:00:01.934855
