idx	label	predict	basePredict	correct	time
0	3	4	4	0	0:00:04.029292
20	7	9	9	0	0:00:03.760187
40	4	4	8	1	0:00:03.685942
60	7	7	2	1	0:00:03.707359
80	8	8	8	1	0:00:03.703698
100	4	5	5	0	0:00:03.699709
120	8	8	8	1	0:00:03.725172
140	6	2	2	0	0:00:03.719225
160	2	2	2	1	0:00:03.725897
180	0	0	0	1	0:00:03.764856
200	5	3	3	0	0:00:03.731157
220	7	7	7	1	0:00:03.706783
240	1	1	1	1	0:00:03.728209
260	8	5	5	0	0:00:03.692253
280	9	9	9	1	0:00:03.719730
300	6	6	6	1	0:00:03.711090
320	3	5	5	0	0:00:03.719832
340	2	4	4	0	0:00:03.722956
360	9	-1	6	0	0:00:03.715918
380	6	6	8	1	0:00:03.704676
400	9	9	9	1	0:00:03.720502
420	4	6	6	0	0:00:03.706615
440	1	1	1	1	0:00:03.694190
460	5	5	5	1	0:00:03.703555
480	8	9	9	0	0:00:03.723029
500	4	6	2	0	0:00:03.703871
520	5	7	7	0	0:00:03.666657
540	1	9	8	0	0:00:03.657054
560	0	0	0	1	0:00:03.685279
580	4	6	4	0	0:00:03.775267
600	8	8	8	1	0:00:03.714021
620	7	6	4	0	0:00:03.719658
640	5	3	3	0	0:00:03.716230
660	9	9	9	1	0:00:03.717529
680	9	1	1	0	0:00:03.745190
700	7	7	7	1	0:00:03.745148
720	4	9	9	0	0:00:03.731411
740	2	5	5	0	0:00:03.729019
760	3	9	7	0	0:00:03.713650
780	9	9	8	1	0:00:03.692261
800	7	7	7	1	0:00:03.715607
820	6	9	1	0	0:00:03.692957
840	7	7	7	1	0:00:03.727416
860	4	6	4	0	0:00:03.718645
880	8	8	8	1	0:00:03.702742
900	2	6	6	0	0:00:03.684101
920	6	2	2	0	0:00:03.714640
940	9	9	9	1	0:00:03.726764
960	9	9	9	1	0:00:03.705094
980	2	6	6	0	0:00:03.720078
1000	5	5	5	1	0:00:03.601662
1020	1	1	8	1	0:00:03.619962
1040	7	5	5	0	0:00:03.591941
1060	9	9	9	1	0:00:03.629073
1080	6	6	6	1	0:00:03.631022
1100	7	8	8	0	0:00:03.591472
1120	5	2	2	0	0:00:03.619435
1140	6	6	4	1	0:00:03.608190
1160	8	0	0	0	0:00:03.615681
1180	3	9	9	0	0:00:03.577574
1200	8	0	0	0	0:00:03.561592
1220	9	7	2	0	0:00:03.560509
1240	2	6	6	0	0:00:03.591940
1260	1	9	9	0	0:00:03.607139
1280	3	7	7	0	0:00:03.587395
1300	4	6	3	0	0:00:03.580047
1320	7	2	0	0	0:00:03.572352
1340	1	1	1	1	0:00:03.593741
1360	7	-1	5	0	0:00:03.596492
1380	4	5	5	0	0:00:03.609385
1400	5	5	5	1	0:00:03.616957
1420	4	7	7	0	0:00:03.606184
1440	0	0	0	1	0:00:03.608279
1460	6	6	4	1	0:00:03.609414
1480	1	5	5	0	0:00:03.610182
1500	1	9	1	0	0:00:03.611014
1520	7	6	4	0	0:00:03.602677
1540	8	8	8	1	0:00:03.610752
1560	7	7	7	1	0:00:03.616776
1580	6	1	1	0	0:00:03.608721
1600	8	9	4	0	0:00:03.600406
1620	5	8	8	0	0:00:03.611008
1640	7	5	3	0	0:00:03.609695
1660	3	5	5	0	0:00:03.605690
1680	6	6	6	1	0:00:03.609085
1700	5	2	2	0	0:00:03.614867
1720	4	0	0	0	0:00:03.625510
1740	1	9	9	0	0:00:03.577055
1760	0	8	8	0	0:00:03.621137
1780	7	9	8	0	0:00:03.616569
1800	4	8	8	0	0:00:03.568712
1820	8	9	9	0	0:00:03.567179
1840	8	7	7	0	0:00:03.604827
1860	8	8	8	1	0:00:03.603312
1880	1	1	8	1	0:00:03.561096
1900	8	8	8	1	0:00:03.570582
1920	2	2	2	1	0:00:03.567029
1940	5	2	2	0	0:00:03.565429
1960	2	5	5	0	0:00:03.564587
1980	9	9	9	1	0:00:03.583220
2000	1	6	6	0	0:00:03.610431
2020	9	9	9	1	0:00:03.614957
2040	0	8	8	0	0:00:03.612036
2060	5	5	5	1	0:00:03.613600
2080	1	1	1	1	0:00:03.608063
2100	2	4	4	0	0:00:03.604702
2120	4	8	8	0	0:00:03.630672
2140	9	9	9	1	0:00:03.564683
2160	0	8	8	0	0:00:03.571557
2180	4	6	6	0	0:00:03.582078
2200	0	0	0	1	0:00:03.598841
2220	1	1	1	1	0:00:03.601311
2240	9	9	9	1	0:00:03.669059
2260	4	-1	4	0	0:00:03.614455
2280	4	8	8	0	0:00:03.603552
2300	3	6	4	0	0:00:03.626250
2320	5	0	0	0	0:00:03.627852
2340	7	7	7	1	0:00:03.599236
2360	7	7	7	1	0:00:03.613803
2380	8	8	8	1	0:00:03.611742
2400	0	0	0	1	0:00:03.624495
2420	8	5	5	0	0:00:03.618825
2440	7	1	8	0	0:00:03.612797
2460	9	9	3	1	0:00:03.619819
2480	8	8	8	1	0:00:03.631061
2500	4	6	4	0	0:00:03.627307
2520	1	9	8	0	0:00:03.606958
2540	2	3	3	0	0:00:03.616339
2560	7	4	4	0	0:00:03.622720
2580	6	6	4	1	0:00:03.629868
2600	8	8	8	1	0:00:03.629241
2620	1	4	4	0	0:00:03.631428
2640	7	7	7	1	0:00:03.622295
2660	3	0	0	0	0:00:03.625362
2680	0	0	0	1	0:00:03.620492
2700	9	1	3	0	0:00:03.633564
2720	3	8	8	0	0:00:03.642478
2740	1	1	1	1	0:00:03.628328
2760	2	6	6	0	0:00:03.627242
2780	7	7	7	1	0:00:03.618574
2800	4	6	6	0	0:00:03.626103
2820	6	6	6	1	0:00:03.644472
2840	3	3	3	1	0:00:03.621016
2860	5	7	7	0	0:00:03.612846
2880	4	4	4	1	0:00:03.610971
2900	3	5	5	0	0:00:03.616530
2920	2	3	8	0	0:00:03.624603
2940	3	0	0	0	0:00:03.613981
2960	9	9	8	1	0:00:03.627606
2980	8	1	8	0	0:00:03.616857
3000	5	5	5	1	0:00:03.620405
3020	1	8	8	0	0:00:03.623462
3040	7	7	7	1	0:00:03.665499
3060	7	7	7	1	0:00:03.601731
3080	1	2	2	0	0:00:03.588149
3100	0	0	0	1	0:00:03.586386
3120	4	6	6	0	0:00:03.588016
3140	8	8	8	1	0:00:03.595845
3160	6	4	4	0	0:00:03.587402
3180	3	9	8	0	0:00:03.595847
3200	5	7	7	0	0:00:03.585858
3220	3	9	9	0	0:00:03.593047
3240	4	1	8	0	0:00:03.594756
3260	7	7	7	1	0:00:03.593861
3280	3	5	0	0	0:00:03.594955
3300	4	4	4	1	0:00:03.596491
3320	2	7	7	0	0:00:03.588743
3340	6	6	4	1	0:00:03.592753
3360	4	6	6	0	0:00:03.589458
3380	8	8	8	1	0:00:03.597306
3400	6	1	1	0	0:00:03.591263
3420	5	6	6	0	0:00:03.595794
3440	2	9	9	0	0:00:03.593393
3460	1	1	1	1	0:00:03.593239
3480	2	2	2	1	0:00:03.598456
3500	1	1	1	1	0:00:03.595553
3520	1	1	1	1	0:00:03.618099
3540	6	6	8	1	0:00:03.598351
3560	1	9	9	0	0:00:03.589109
3580	4	1	8	0	0:00:03.596155
3600	4	2	2	0	0:00:03.598470
3620	0	7	7	0	0:00:03.589950
3640	6	2	2	0	0:00:03.591545
3660	0	8	8	0	0:00:03.596257
3680	0	2	2	0	0:00:03.597445
3700	3	5	5	0	0:00:03.595769
3720	2	2	0	1	0:00:03.596046
3740	0	0	0	1	0:00:03.586321
3760	7	7	7	1	0:00:03.590231
3780	4	2	2	0	0:00:03.591998
3800	9	9	3	1	0:00:03.592159
3820	0	0	0	1	0:00:03.594520
3840	6	8	8	0	0:00:03.596624
3860	7	7	7	1	0:00:03.591213
3880	6	4	4	0	0:00:03.585513
3900	3	6	6	0	0:00:03.596387
3920	7	9	9	0	0:00:03.602100
3940	6	7	4	0	0:00:03.611427
3960	2	5	5	0	0:00:03.655364
3980	9	9	7	1	0:00:03.642203
4000	8	7	0	0	0:00:03.624092
4020	8	8	8	1	0:00:03.614694
4040	0	0	0	1	0:00:03.616669
4060	6	3	0	0	0:00:03.611407
4080	1	1	8	1	0:00:03.589078
4100	7	7	7	1	0:00:03.608250
4120	4	0	0	0	0:00:03.615598
4140	5	2	2	0	0:00:03.600520
4160	5	3	2	0	0:00:03.611854
4180	0	0	8	1	0:00:03.598881
4200	4	2	2	0	0:00:03.601595
4220	4	0	0	0	0:00:03.601959
4240	7	8	8	0	0:00:03.593450
4260	8	8	8	1	0:00:03.605518
4280	8	9	8	0	0:00:03.600474
4300	8	8	8	1	0:00:03.610133
4320	1	8	8	0	0:00:03.609397
4340	0	0	0	1	0:00:03.610201
4360	6	9	9	0	0:00:03.602765
4380	9	9	9	1	0:00:03.609068
4400	3	4	8	0	0:00:03.606851
4420	5	8	8	0	0:00:03.604030
4440	2	6	6	0	0:00:03.601943
4460	9	1	8	0	0:00:03.620971
4480	9	9	6	1	0:00:03.586560
4500	3	7	7	0	0:00:03.586378
4520	3	6	6	0	0:00:03.601601
4540	9	9	9	1	0:00:03.589702
4560	1	1	1	1	0:00:03.587306
4580	6	6	4	1	0:00:03.593431
4600	4	7	7	0	0:00:03.586294
4620	7	3	3	0	0:00:03.587228
4640	2	5	4	0	0:00:03.591829
4660	7	2	2	0	0:00:03.588722
4680	9	1	1	0	0:00:03.606740
4700	6	1	4	0	0:00:03.601497
4720	8	8	8	1	0:00:03.590371
4740	5	6	6	0	0:00:03.586971
4760	3	2	2	0	0:00:03.592148
4780	0	0	0	1	0:00:03.584351
4800	9	9	9	1	0:00:03.592374
4820	3	5	5	0	0:00:03.597117
4840	0	0	0	1	0:00:03.603520
4860	5	5	5	1	0:00:03.623116
4880	0	8	2	0	0:00:03.679530
4900	3	1	1	0	0:00:03.691747
4920	7	7	7	1	0:00:03.706570
4940	6	6	2	1	0:00:03.746128
4960	4	6	6	0	0:00:03.791662
4980	1	9	9	0	0:00:03.709384
5000	7	7	7	1	0:00:03.699754
5020	8	8	8	1	0:00:03.632094
5040	3	3	2	1	0:00:03.616221
5060	6	6	6	1	0:00:03.696913
5080	7	7	7	1	0:00:03.687373
5100	3	4	4	0	0:00:03.616378
5120	9	8	8	0	0:00:03.594210
5140	8	8	8	1	0:00:03.590859
5160	0	8	8	0	0:00:03.592209
5180	9	7	7	0	0:00:03.589032
5200	3	3	3	1	0:00:03.598222
5220	0	0	0	1	0:00:03.593317
5240	1	9	3	0	0:00:03.585724
5260	0	0	0	1	0:00:03.615272
5280	0	8	8	0	0:00:03.663723
5300	9	9	9	1	0:00:03.687658
5320	7	7	7	1	0:00:03.705071
5340	3	4	2	0	0:00:03.741439
5360	9	9	9	1	0:00:03.692132
5380	1	9	9	0	0:00:03.696218
5400	9	0	0	0	0:00:03.707741
5420	6	6	6	1	0:00:03.743728
5440	9	9	9	1	0:00:03.748566
5460	0	2	2	0	0:00:03.706389
5480	1	1	8	1	0:00:03.624253
5500	8	1	8	0	0:00:03.630614
5520	4	5	5	0	0:00:03.620711
5540	5	6	2	0	0:00:03.602438
5560	3	6	5	0	0:00:03.596060
5580	5	6	6	0	0:00:03.633916
5600	6	9	8	0	0:00:03.635683
5620	3	2	2	0	0:00:03.663423
5640	2	3	3	0	0:00:03.653469
5660	9	9	8	1	0:00:03.612029
5680	2	8	8	0	0:00:03.599312
5700	3	6	2	0	0:00:03.619210
5720	9	9	9	1	0:00:03.593831
5740	6	6	4	1	0:00:03.593741
5760	2	2	8	1	0:00:03.602406
5780	7	7	7	1	0:00:03.601589
5800	2	4	4	0	0:00:03.624259
5820	5	6	6	0	0:00:03.727200
5840	2	6	6	0	0:00:03.620489
5860	0	8	8	0	0:00:03.604037
5880	0	0	0	1	0:00:03.625051
5900	4	4	4	1	0:00:03.600759
5920	8	8	8	1	0:00:03.591458
5940	7	4	4	0	0:00:03.620422
5960	2	7	7	0	0:00:03.614665
5980	9	9	9	1	0:00:03.615375
6000	8	9	8	0	0:00:03.621606
6020	6	6	6	1	0:00:03.600213
6040	2	7	7	0	0:00:03.641112
6060	3	4	4	0	0:00:03.629107
6080	1	1	9	1	0:00:03.605133
6100	1	1	8	1	0:00:03.605643
6120	5	5	5	1	0:00:03.597785
6140	9	9	9	1	0:00:03.589300
6160	2	5	5	0	0:00:03.590227
6180	0	9	8	0	0:00:03.606538
6200	3	3	3	1	0:00:03.592218
6220	2	6	6	0	0:00:03.593205
6240	2	6	4	0	0:00:03.602855
6260	2	9	1	0	0:00:03.590270
6280	8	5	5	0	0:00:03.590081
6300	1	1	4	1	0:00:03.600642
6320	0	0	0	1	0:00:03.586884
6340	3	7	3	0	0:00:03.590829
6360	2	2	2	1	0:00:03.602236
6380	3	1	4	0	0:00:03.596351
6400	0	1	8	0	0:00:03.593875
6420	7	5	5	0	0:00:03.605329
6440	3	8	8	0	0:00:03.595378
6460	3	1	0	0	0:00:03.596228
6480	0	0	0	1	0:00:03.611347
6500	7	0	0	0	0:00:03.611583
6520	6	4	4	0	0:00:03.659813
6540	8	8	8	1	0:00:03.697531
6560	6	6	6	1	0:00:03.707685
6580	1	9	8	0	0:00:03.749149
6600	7	7	7	1	0:00:03.778363
6620	7	7	7	1	0:00:03.760394
6640	5	3	3	0	0:00:03.829513
6660	0	0	0	1	0:00:03.819979
6680	3	5	3	0	0:00:03.681902
6700	6	6	6	1	0:00:03.603071
6720	2	2	2	1	0:00:03.590713
6740	2	6	4	0	0:00:03.596445
6760	5	5	2	1	0:00:03.588905
6780	7	7	7	1	0:00:03.593727
6800	6	6	6	1	0:00:03.599746
6820	1	1	1	1	0:00:03.593789
6840	9	1	1	0	0:00:03.597357
6860	0	0	0	1	0:00:03.591212
6880	2	7	7	0	0:00:03.594458
6900	3	7	7	0	0:00:03.593330
6920	5	2	2	0	0:00:03.591562
6940	1	1	1	1	0:00:03.586756
6960	9	8	8	0	0:00:03.591985
6980	0	9	9	0	0:00:03.593234
7000	2	8	8	0	0:00:03.593585
7020	7	7	7	1	0:00:03.599010
7040	7	8	8	0	0:00:03.591005
7060	8	8	8	1	0:00:03.597920
7080	5	4	4	0	0:00:03.594677
7100	9	3	3	0	0:00:03.594468
7120	7	7	7	1	0:00:03.589283
7140	4	4	4	1	0:00:03.593295
7160	5	-1	4	0	0:00:03.591987
7180	6	6	6	1	0:00:03.585409
7200	4	6	2	0	0:00:03.601363
7220	9	9	0	1	0:00:03.595129
7240	0	8	8	0	0:00:03.590698
7260	1	8	8	0	0:00:03.600857
7280	1	1	7	1	0:00:03.606784
7300	3	7	7	0	0:00:03.608979
7320	8	0	0	0	0:00:03.628304
7340	2	4	4	0	0:00:03.593975
7360	2	7	5	0	0:00:03.601253
7380	7	7	7	1	0:00:03.619908
7400	3	9	3	0	0:00:03.602121
7420	3	0	0	0	0:00:03.599880
7440	3	6	6	0	0:00:03.617863
7460	5	5	5	1	0:00:03.612156
7480	1	5	5	0	0:00:03.603297
7500	6	6	6	1	0:00:03.603553
7520	4	6	4	0	0:00:03.601989
7540	5	5	5	1	0:00:03.593438
7560	0	2	2	0	0:00:03.614192
7580	8	8	8	1	0:00:03.595493
7600	8	9	9	0	0:00:03.608463
7620	5	3	3	0	0:00:03.618497
7640	9	9	8	1	0:00:03.603347
7660	7	1	7	0	0:00:03.607234
7680	3	9	9	0	0:00:03.602921
7700	6	6	6	1	0:00:03.613158
7720	5	4	4	0	0:00:03.593731
7740	4	6	2	0	0:00:03.620049
7760	2	9	9	0	0:00:03.604370
7780	3	9	9	0	0:00:03.591216
7800	0	0	0	1	0:00:03.603949
7820	5	8	8	0	0:00:03.593121
7840	1	1	1	1	0:00:03.591009
7860	8	1	8	0	0:00:03.597989
7880	0	2	2	0	0:00:03.589146
7900	0	2	8	0	0:00:03.589931
7920	9	8	8	0	0:00:03.597868
7940	2	6	6	0	0:00:03.588543
7960	0	0	2	1	0:00:03.590445
7980	3	7	4	0	0:00:03.592667
8000	9	9	9	1	0:00:03.593198
8020	6	6	6	1	0:00:03.594399
8040	2	6	6	0	0:00:03.613827
8060	6	6	6	1	0:00:03.593822
8080	4	6	4	0	0:00:03.591033
8100	6	2	2	0	0:00:03.602107
8120	8	9	8	0	0:00:03.583249
8140	5	6	6	0	0:00:03.589044
8160	6	6	6	1	0:00:03.599072
8180	4	6	6	0	0:00:03.586352
8200	3	6	4	0	0:00:03.603450
8220	6	7	2	0	0:00:03.597882
8240	7	7	7	1	0:00:03.587298
8260	1	1	1	1	0:00:03.592165
8280	4	5	5	0	0:00:03.602385
8300	5	2	2	0	0:00:03.591118
8320	7	9	4	0	0:00:03.587603
8340	5	5	5	1	0:00:03.595840
8360	7	7	7	1	0:00:03.587352
8380	9	9	9	1	0:00:03.591079
8400	0	8	8	0	0:00:03.603819
8420	3	6	4	0	0:00:03.582116
8440	5	3	4	0	0:00:03.586176
8460	8	8	8	1	0:00:03.594191
8480	2	1	8	0	0:00:03.585935
8500	4	2	2	0	0:00:03.591100
8520	8	4	4	0	0:00:03.600832
8540	4	-1	2	0	0:00:03.592082
8560	7	7	7	1	0:00:03.589962
8580	3	9	0	0	0:00:03.598152
8600	3	7	7	0	0:00:03.593537
8620	3	4	4	0	0:00:03.586469
8640	1	1	1	1	0:00:03.601613
8660	7	5	5	0	0:00:03.584721
8680	3	9	0	0	0:00:03.592441
8700	3	3	3	1	0:00:03.606654
8720	2	0	0	0	0:00:03.592075
8740	2	6	4	0	0:00:03.590941
8760	8	8	8	1	0:00:03.600026
8780	4	4	4	1	0:00:03.589502
8800	0	0	0	1	0:00:03.593460
8820	2	2	2	1	0:00:03.602708
8840	2	1	8	0	0:00:03.581908
8860	2	2	2	1	0:00:03.580306
8880	1	1	1	1	0:00:03.610333
8900	2	4	4	0	0:00:03.595242
8920	6	6	6	1	0:00:03.600532
8940	6	3	3	0	0:00:03.628268
8960	0	0	0	1	0:00:03.601285
8980	9	9	9	1	0:00:03.593837
9000	8	8	8	1	0:00:03.621495
9020	7	7	7	1	0:00:03.598931
9040	2	5	5	0	0:00:03.610091
9060	9	5	5	0	0:00:03.623049
9080	3	0	0	0	0:00:03.593684
9100	9	6	6	0	0:00:03.587333
9120	3	0	0	0	0:00:03.622859
9140	7	7	8	1	0:00:03.603046
9160	5	5	5	1	0:00:03.615067
9180	5	5	5	1	0:00:03.621492
9200	8	8	8	1	0:00:03.609039
9220	8	8	8	1	0:00:03.606309
9240	8	8	8	1	0:00:03.624657
9260	5	5	5	1	0:00:03.606884
9280	9	8	8	0	0:00:03.605246
9300	5	5	5	1	0:00:03.614048
9320	9	9	9	1	0:00:03.592884
9340	1	1	1	1	0:00:03.597415
9360	5	0	0	0	0:00:03.614219
9380	5	9	5	0	0:00:03.600586
9400	6	6	2	1	0:00:03.603716
9420	5	5	5	1	0:00:03.628884
9440	8	8	8	1	0:00:03.587499
9460	3	6	4	0	0:00:03.591662
9480	2	4	4	0	0:00:03.614955
9500	9	1	5	0	0:00:03.585334
9520	1	1	1	1	0:00:03.589392
9540	5	5	5	1	0:00:03.603055
9560	9	7	7	0	0:00:03.583715
9580	1	1	4	1	0:00:03.585935
9600	8	8	8	1	0:00:03.610127
9620	4	7	7	0	0:00:03.583329
9640	5	0	0	0	0:00:03.585985
9660	6	6	6	1	0:00:03.600988
9680	8	9	8	0	0:00:03.588196
9700	0	0	0	1	0:00:03.593081
9720	8	6	8	0	0:00:03.598130
9740	3	6	6	0	0:00:03.593022
9760	9	9	7	1	0:00:03.586603
9780	4	6	6	0	0:00:03.598577
9800	1	1	1	1	0:00:03.584868
9820	0	8	8	0	0:00:03.586771
9840	4	3	3	0	0:00:03.600168
9860	0	5	8	0	0:00:03.586809
9880	7	7	4	1	0:00:03.587462
9900	8	0	0	0	0:00:03.602762
9920	6	6	6	1	0:00:03.589289
9940	4	5	5	0	0:00:03.590045
9960	2	0	0	0	0:00:03.605184
9980	0	0	0	1	0:00:03.568973
