idx	label	predict	basePredict	correct	time
0	3	3	3	1	0:00:01.452806
20	7	-1	9	0	0:00:01.305448
40	4	8	8	0	0:00:01.281558
60	7	7	4	1	0:00:01.292071
80	8	8	8	1	0:00:01.299154
100	4	5	5	0	0:00:01.297191
120	8	0	8	0	0:00:01.298366
140	6	-1	2	0	0:00:01.313194
160	2	0	2	0	0:00:01.345018
180	0	0	0	1	0:00:01.296215
200	5	-1	3	0	0:00:01.271443
220	7	7	7	1	0:00:01.281608
240	1	1	1	1	0:00:01.308439
260	8	3	3	0	0:00:01.329388
280	9	9	9	1	0:00:01.327982
300	6	6	4	1	0:00:01.316788
320	3	3	2	1	0:00:01.314392
340	2	4	4	0	0:00:01.294281
360	9	-1	5	0	0:00:01.333844
380	6	6	4	1	0:00:01.287601
400	9	9	9	1	0:00:01.286818
420	4	4	4	1	0:00:01.293810
440	1	1	9	1	0:00:01.284191
460	5	5	2	1	0:00:01.364882
480	8	9	9	0	0:00:01.350793
500	4	6	2	0	0:00:01.295165
520	5	7	7	0	0:00:01.302288
540	1	1	8	1	0:00:01.289242
560	0	0	0	1	0:00:01.414358
580	4	4	4	1	0:00:01.277683
600	8	8	3	1	0:00:01.291914
620	7	7	2	1	0:00:01.305043
640	5	3	3	0	0:00:01.302776
660	9	9	3	1	0:00:01.300497
680	9	7	7	0	0:00:01.281563
700	7	7	3	1	0:00:01.268791
720	4	-1	3	0	0:00:01.285232
740	2	3	3	0	0:00:01.285231
760	3	4	4	0	0:00:01.292998
780	9	1	1	0	0:00:01.284717
800	7	7	7	1	0:00:01.272413
820	6	8	8	0	0:00:01.270310
840	7	7	7	1	0:00:01.279047
860	4	-1	2	0	0:00:01.275535
880	8	8	8	1	0:00:01.259892
900	2	6	5	0	0:00:01.251305
920	6	6	3	1	0:00:01.268511
940	9	9	9	1	0:00:01.291164
960	9	9	8	1	0:00:01.292724
980	2	6	4	0	0:00:01.315908
1000	5	5	5	1	0:00:01.224330
1020	1	1	8	1	0:00:01.200256
1040	7	5	5	0	0:00:01.177298
1060	9	9	9	1	0:00:01.186437
1080	6	6	2	1	0:00:01.189718
1100	7	0	8	0	0:00:01.196607
1120	5	2	2	0	0:00:01.183383
1140	6	4	4	0	0:00:01.188935
1160	8	0	0	0	0:00:01.168466
1180	3	3	3	1	0:00:01.172643
1200	8	0	0	0	0:00:01.202389
1220	9	-1	6	0	0:00:01.153302
1240	2	6	6	0	0:00:01.204587
1260	1	9	9	0	0:00:01.191647
1280	3	5	5	0	0:00:01.184642
1300	4	3	3	0	0:00:01.169992
1320	7	2	2	0	0:00:01.204392
1340	1	1	1	1	0:00:01.202336
1360	7	7	2	1	0:00:01.199324
1380	4	5	5	0	0:00:01.195571
1400	5	3	3	0	0:00:01.175174
1420	4	7	7	0	0:00:01.197673
1440	0	8	8	0	0:00:01.207547
1460	6	6	2	1	0:00:01.194015
1480	1	5	5	0	0:00:01.187804
1500	1	1	1	1	0:00:01.196012
1520	7	7	2	1	0:00:01.201903
1540	8	8	8	1	0:00:01.206335
1560	7	7	7	1	0:00:01.190456
1580	6	1	3	0	0:00:01.211509
1600	8	-1	6	0	0:00:01.182429
1620	5	8	8	0	0:00:01.184384
1640	7	3	3	0	0:00:01.196378
1660	3	5	5	0	0:00:01.195258
1680	6	6	3	1	0:00:01.208695
1700	5	-1	2	0	0:00:01.185667
1720	4	2	2	0	0:00:01.210359
1740	1	-1	9	0	0:00:01.198549
1760	0	-1	8	0	0:00:01.194621
1780	7	7	2	1	0:00:01.201603
1800	4	0	8	0	0:00:01.178132
1820	8	-1	9	0	0:00:01.189180
1840	8	4	4	0	0:00:01.183390
1860	8	8	3	1	0:00:01.220796
1880	1	1	8	1	0:00:01.199212
1900	8	8	8	1	0:00:01.220290
1920	2	2	2	1	0:00:01.203978
1940	5	2	2	0	0:00:01.215991
1960	2	5	5	0	0:00:01.198455
1980	9	9	9	1	0:00:01.190636
2000	1	6	2	0	0:00:01.187873
2020	9	9	9	1	0:00:01.211306
2040	0	0	8	1	0:00:01.213252
2060	5	3	3	0	0:00:01.204822
2080	1	9	9	0	0:00:01.211272
2100	2	2	2	1	0:00:01.194662
2120	4	8	8	0	0:00:01.187632
2140	9	9	9	1	0:00:01.180887
2160	0	8	8	0	0:00:01.184207
2180	4	4	4	1	0:00:01.196395
2200	0	2	2	0	0:00:01.204865
2220	1	1	1	1	0:00:01.214642
2240	9	1	8	0	0:00:01.208466
2260	4	4	3	1	0:00:01.205086
2280	4	3	3	0	0:00:01.207905
2300	3	-1	2	0	0:00:01.205595
2320	5	2	2	0	0:00:01.194422
2340	7	7	7	1	0:00:01.182887
2360	7	5	5	0	0:00:01.196195
2380	8	8	8	1	0:00:01.214527
2400	0	0	4	1	0:00:01.200105
2420	8	5	5	0	0:00:01.208951
2440	7	7	0	1	0:00:01.211869
2460	9	7	7	0	0:00:01.178485
2480	8	8	8	1	0:00:01.187235
2500	4	2	2	0	0:00:01.202569
2520	1	1	7	1	0:00:01.207153
2540	2	5	5	0	0:00:01.207735
2560	7	-1	4	0	0:00:01.178772
2580	6	5	5	0	0:00:01.201395
2600	8	8	8	1	0:00:01.185040
2620	1	1	8	1	0:00:01.209266
2640	7	7	4	1	0:00:01.171056
2660	3	2	2	0	0:00:01.206321
2680	0	0	0	1	0:00:01.206841
2700	9	1	1	0	0:00:01.213619
2720	3	3	2	1	0:00:01.210022
2740	1	1	7	1	0:00:01.217659
2760	2	2	2	1	0:00:01.210753
2780	7	7	7	1	0:00:01.216259
2800	4	6	6	0	0:00:01.217273
2820	6	6	2	1	0:00:01.224748
2840	3	3	3	1	0:00:01.216681
2860	5	6	6	0	0:00:01.212178
2880	4	4	4	1	0:00:01.222277
2900	3	5	2	0	0:00:01.209455
2920	2	3	3	0	0:00:01.205421
2940	3	0	0	0	0:00:01.162127
2960	9	9	8	1	0:00:01.201607
2980	8	-1	8	0	0:00:01.197272
3000	5	5	5	1	0:00:01.216003
3020	1	1	8	1	0:00:01.207314
3040	7	7	7	1	0:00:01.212866
3060	7	7	5	1	0:00:01.203785
3080	1	1	0	1	0:00:01.207777
3100	0	0	8	1	0:00:01.208364
3120	4	2	2	0	0:00:01.192968
3140	8	8	8	1	0:00:01.197037
3160	6	2	2	0	0:00:01.194813
3180	3	3	5	1	0:00:01.202052
3200	5	7	7	0	0:00:01.191735
3220	3	9	6	0	0:00:01.226079
3240	4	1	8	0	0:00:01.215514
3260	7	7	6	1	0:00:01.210762
3280	3	5	0	0	0:00:01.212924
3300	4	4	2	1	0:00:01.183943
3320	2	7	7	0	0:00:01.175730
3340	6	6	2	1	0:00:01.213272
3360	4	-1	6	0	0:00:01.213992
3380	8	8	8	1	0:00:01.208189
3400	6	4	4	0	0:00:01.205336
3420	5	3	3	0	0:00:01.216518
3440	2	3	3	0	0:00:01.217117
3460	1	1	9	1	0:00:01.205341
3480	2	2	2	1	0:00:01.198114
3500	1	-1	9	0	0:00:01.216699
3520	1	1	1	1	0:00:01.212585
3540	6	6	3	1	0:00:01.206804
3560	1	9	7	0	0:00:01.205122
3580	4	2	2	0	0:00:01.204984
3600	4	2	2	0	0:00:01.199116
3620	0	6	6	0	0:00:01.221267
3640	6	2	2	0	0:00:01.221833
3660	0	0	8	1	0:00:01.205376
3680	0	4	6	0	0:00:01.208906
3700	3	3	3	1	0:00:01.210459
3720	2	2	2	1	0:00:01.210209
3740	0	0	8	1	0:00:01.204019
3760	7	7	4	1	0:00:01.204210
3780	4	-1	2	0	0:00:01.208246
3800	9	9	3	1	0:00:01.209596
3820	0	2	2	0	0:00:01.210404
3840	6	3	3	0	0:00:01.202316
3860	7	7	7	1	0:00:01.189813
3880	6	4	4	0	0:00:01.191201
3900	3	6	6	0	0:00:01.207556
3920	7	5	5	0	0:00:01.197405
3940	6	5	4	0	0:00:01.192593
3960	2	2	2	1	0:00:01.199790
3980	9	7	4	0	0:00:01.206300
4000	8	7	0	0	0:00:01.193188
4020	8	-1	8	0	0:00:01.176811
4040	0	0	0	1	0:00:01.175495
4060	6	-1	3	0	0:00:01.187750
4080	1	1	8	1	0:00:01.190021
4100	7	7	7	1	0:00:01.176087
4120	4	4	8	1	0:00:01.191998
4140	5	5	3	1	0:00:01.212557
4160	5	2	2	0	0:00:01.190430
4180	0	8	8	0	0:00:01.198999
4200	4	2	2	0	0:00:01.189142
4220	4	0	0	0	0:00:01.187290
4240	7	0	8	0	0:00:01.195134
4260	8	8	8	1	0:00:01.192357
4280	8	1	1	0	0:00:01.216538
4300	8	8	8	1	0:00:01.200266
4320	1	8	8	0	0:00:01.211596
4340	0	0	0	1	0:00:01.190595
4360	6	9	9	0	0:00:01.169797
4380	9	-1	8	0	0:00:01.181033
4400	3	4	4	0	0:00:01.195901
4420	5	5	7	1	0:00:01.189489
4440	2	2	2	1	0:00:01.173874
4460	9	9	8	1	0:00:01.186920
4480	9	9	3	1	0:00:01.180208
4500	3	5	5	0	0:00:01.204200
4520	3	6	6	0	0:00:01.194012
4540	9	9	9	1	0:00:01.182239
4560	1	1	8	1	0:00:01.178266
4580	6	-1	4	0	0:00:01.187521
4600	4	7	7	0	0:00:01.187341
4620	7	3	3	0	0:00:01.182956
4640	2	-1	2	0	0:00:01.196425
4660	7	-1	4	0	0:00:01.195456
4680	9	1	1	0	0:00:01.202875
4700	6	5	5	0	0:00:01.184165
4720	8	0	0	0	0:00:01.162058
4740	5	3	3	0	0:00:01.177715
4760	3	2	2	0	0:00:01.166197
4780	0	0	8	1	0:00:01.177726
4800	9	9	9	1	0:00:01.174194
4820	3	3	3	1	0:00:01.194396
4840	0	0	0	1	0:00:01.172769
4860	5	5	3	1	0:00:01.174375
4880	0	-1	2	0	0:00:01.153540
4900	3	6	6	0	0:00:01.121527
4920	7	7	7	1	0:00:01.158941
4940	6	-1	2	0	0:00:01.179070
4960	4	3	3	0	0:00:01.157569
4980	1	9	0	0	0:00:01.151062
5000	7	7	7	1	0:00:01.196437
5020	8	8	8	1	0:00:01.191257
5040	3	1	2	0	0:00:01.202371
5060	6	-1	2	0	0:00:01.171880
5080	7	7	7	1	0:00:01.168132
5100	3	3	3	1	0:00:01.183657
5120	9	-1	8	0	0:00:01.175961
5140	8	8	8	1	0:00:01.189062
5160	0	0	8	1	0:00:01.170523
5180	9	7	4	0	0:00:01.180882
5200	3	3	3	1	0:00:01.181070
5220	0	0	8	1	0:00:01.204587
5240	1	9	8	0	0:00:01.241759
5260	0	0	0	1	0:00:01.193436
5280	0	8	8	0	0:00:01.203848
5300	9	9	5	1	0:00:01.208699
5320	7	7	7	1	0:00:01.202837
5340	3	4	4	0	0:00:01.193004
5360	9	9	3	1	0:00:01.191493
5380	1	9	9	0	0:00:01.205726
5400	9	9	9	1	0:00:01.214869
5420	6	6	3	1	0:00:01.209442
5440	9	9	9	1	0:00:01.203309
5460	0	0	0	1	0:00:01.212411
5480	1	1	4	1	0:00:01.198943
5500	8	8	8	1	0:00:01.203165
5520	4	3	3	0	0:00:01.209216
5540	5	6	4	0	0:00:01.198115
5560	3	5	5	0	0:00:01.198492
5580	5	3	3	0	0:00:01.208572
5600	6	-1	4	0	0:00:01.199447
5620	3	6	6	0	0:00:01.214123
5640	2	2	2	1	0:00:01.209134
5660	9	-1	8	0	0:00:01.206207
5680	2	3	3	0	0:00:01.220221
5700	3	5	5	0	0:00:01.208305
5720	9	9	9	1	0:00:01.212584
5740	6	6	5	1	0:00:01.218307
5760	2	2	8	1	0:00:01.196286
5780	7	7	7	1	0:00:01.197967
5800	2	4	4	0	0:00:01.202397
5820	5	-1	2	0	0:00:01.194338
5840	2	2	5	1	0:00:01.198735
5860	0	-1	8	0	0:00:01.210579
5880	0	0	8	1	0:00:01.161902
5900	4	0	0	0	0:00:01.178582
5920	8	8	8	1	0:00:01.213374
5940	7	4	4	0	0:00:01.192903
5960	2	6	6	0	0:00:01.205300
5980	9	9	2	1	0:00:01.202730
6000	8	9	8	0	0:00:01.201366
6020	6	6	2	1	0:00:01.203887
6040	2	-1	7	0	0:00:01.203221
6060	3	4	2	0	0:00:01.192505
6080	1	-1	9	0	0:00:01.186552
6100	1	1	8	1	0:00:01.215423
6120	5	5	5	1	0:00:01.167028
6140	9	9	1	1	0:00:01.166520
6160	2	5	5	0	0:00:01.205670
6180	0	0	2	1	0:00:01.205236
6200	3	3	3	1	0:00:01.205698
6220	2	5	5	0	0:00:01.196014
6240	2	1	2	0	0:00:01.213717
6260	2	6	6	0	0:00:01.189348
6280	8	5	5	0	0:00:01.213490
6300	1	1	2	1	0:00:01.211615
6320	0	0	8	1	0:00:01.202131
6340	3	3	3	1	0:00:01.195498
6360	2	4	2	0	0:00:01.191748
6380	3	7	3	0	0:00:01.192925
6400	0	8	8	0	0:00:01.193830
6420	7	7	7	1	0:00:01.194383
6440	3	-1	4	0	0:00:01.188139
6460	3	1	3	0	0:00:01.206815
6480	0	0	2	1	0:00:01.203197
6500	7	-1	8	0	0:00:01.201165
6520	6	2	2	0	0:00:01.323210
6540	8	8	8	1	0:00:01.214235
6560	6	6	2	1	0:00:01.210314
6580	1	-1	4	0	0:00:01.204576
6600	7	7	7	1	0:00:01.212717
6620	7	7	3	1	0:00:01.206739
6640	5	3	3	0	0:00:01.198991
6660	0	0	8	1	0:00:01.199248
6680	3	5	3	0	0:00:01.195424
6700	6	0	0	0	0:00:01.192240
6720	2	2	4	1	0:00:01.184374
6740	2	2	6	1	0:00:01.199854
6760	5	5	3	1	0:00:01.208196
6780	7	7	7	1	0:00:01.199470
6800	6	4	2	0	0:00:01.206796
6820	1	1	1	1	0:00:01.198283
6840	9	9	1	1	0:00:01.181575
6860	0	2	2	0	0:00:01.193186
6880	2	-1	7	0	0:00:01.191096
6900	3	-1	7	0	0:00:01.183826
6920	5	-1	2	0	0:00:01.199031
6940	1	1	1	1	0:00:01.188588
6960	9	8	8	0	0:00:01.187801
6980	0	-1	8	0	0:00:01.196992
7000	2	-1	8	0	0:00:01.177259
7020	7	7	7	1	0:00:01.191274
7040	7	8	8	0	0:00:01.182629
7060	8	8	8	1	0:00:01.186927
7080	5	4	4	0	0:00:01.180430
7100	9	5	3	0	0:00:01.202513
7120	7	5	5	0	0:00:01.182484
7140	4	3	3	0	0:00:01.215389
7160	5	5	5	1	0:00:01.207266
7180	6	6	3	1	0:00:01.179702
7200	4	-1	2	0	0:00:01.198687
7220	9	9	8	1	0:00:01.205551
7240	0	8	8	0	0:00:01.205536
7260	1	1	8	1	0:00:01.204195
7280	1	9	5	0	0:00:01.211706
7300	3	4	4	0	0:00:01.202101
7320	8	0	0	0	0:00:01.207452
7340	2	4	4	0	0:00:01.201246
7360	2	-1	4	0	0:00:01.202573
7380	7	7	2	1	0:00:01.213096
7400	3	3	3	1	0:00:01.205852
7420	3	4	2	0	0:00:01.201324
7440	3	3	2	1	0:00:01.206438
7460	5	5	5	1	0:00:01.207821
7480	1	8	8	0	0:00:01.209548
7500	6	6	6	1	0:00:01.196745
7520	4	4	2	1	0:00:01.203561
7540	5	5	5	1	0:00:01.206715
7560	0	0	4	1	0:00:01.198866
7580	8	8	8	1	0:00:01.197238
7600	8	9	2	0	0:00:01.204024
7620	5	3	3	0	0:00:01.207653
7640	9	8	8	0	0:00:01.193799
7660	7	4	4	0	0:00:01.191963
7680	3	-1	5	0	0:00:01.208956
7700	6	6	4	1	0:00:01.191359
7720	5	2	2	0	0:00:01.196821
7740	4	-1	2	0	0:00:01.196301
7760	2	9	6	0	0:00:01.204615
7780	3	8	8	0	0:00:01.202489
7800	0	0	8	1	0:00:01.195694
7820	5	-1	8	0	0:00:01.200284
7840	1	1	1	1	0:00:01.200491
7860	8	8	2	1	0:00:01.214125
7880	0	4	2	0	0:00:01.200881
7900	0	8	8	0	0:00:01.202321
7920	9	9	2	1	0:00:01.210067
7940	2	-1	4	0	0:00:01.199739
7960	0	0	8	1	0:00:01.202676
7980	3	3	2	1	0:00:01.201042
8000	9	9	8	1	0:00:01.202377
8020	6	3	3	0	0:00:01.204041
8040	2	2	2	1	0:00:01.199356
8060	6	6	5	1	0:00:01.198404
8080	4	-1	2	0	0:00:01.197543
8100	6	2	2	0	0:00:01.203580
8120	8	9	9	0	0:00:01.195840
8140	5	4	4	0	0:00:01.199056
8160	6	6	6	1	0:00:01.198962
8180	4	4	2	1	0:00:01.192964
8200	3	4	4	0	0:00:01.195660
8220	6	7	3	0	0:00:01.196454
8240	7	7	4	1	0:00:01.195013
8260	1	1	1	1	0:00:01.201218
8280	4	5	5	0	0:00:01.193746
8300	5	2	2	0	0:00:01.201197
8320	7	4	4	0	0:00:01.197328
8340	5	3	3	0	0:00:01.209784
8360	7	7	7	1	0:00:01.227045
8380	9	9	8	1	0:00:01.202565
8400	0	8	8	0	0:00:01.195857
8420	3	6	4	0	0:00:01.197901
8440	5	3	2	0	0:00:01.186529
8460	8	8	8	1	0:00:01.189078
8480	2	2	4	1	0:00:01.187952
8500	4	4	2	1	0:00:01.187100
8520	8	-1	8	0	0:00:01.205986
8540	4	2	2	0	0:00:01.195767
8560	7	7	7	1	0:00:01.208883
8580	3	2	2	0	0:00:01.194831
8600	3	-1	4	0	0:00:01.196346
8620	3	4	4	0	0:00:01.193569
8640	1	1	8	1	0:00:01.196162
8660	7	7	7	1	0:00:01.188719
8680	3	8	8	0	0:00:01.193511
8700	3	-1	3	0	0:00:01.209277
8720	2	0	0	0	0:00:01.193942
8740	2	2	5	1	0:00:01.204400
8760	8	8	8	1	0:00:01.214494
8780	4	4	2	1	0:00:01.161978
8800	0	0	0	1	0:00:01.164630
8820	2	2	2	1	0:00:01.169062
8840	2	7	7	0	0:00:01.172596
8860	2	2	6	1	0:00:01.186934
8880	1	1	4	1	0:00:01.180882
8900	2	4	4	0	0:00:01.177444
8920	6	6	2	1	0:00:01.215872
8940	6	3	3	0	0:00:01.177190
8960	0	0	2	1	0:00:01.190237
8980	9	9	9	1	0:00:01.177780
9000	8	8	8	1	0:00:01.179427
9020	7	7	7	1	0:00:01.190569
9040	2	5	3	0	0:00:01.169842
9060	9	9	3	1	0:00:01.175721
9080	3	2	2	0	0:00:01.168483
9100	9	-1	3	0	0:00:01.175873
9120	3	0	0	0	0:00:01.156731
9140	7	6	2	0	0:00:01.173364
9160	5	3	3	0	0:00:01.166342
9180	5	5	5	1	0:00:01.172034
9200	8	8	8	1	0:00:01.171218
9220	8	8	8	1	0:00:01.169252
9240	8	8	8	1	0:00:01.174719
9260	5	5	5	1	0:00:01.165429
9280	9	8	8	0	0:00:01.198308
9300	5	2	2	0	0:00:01.184287
9320	9	9	8	1	0:00:01.177680
9340	1	1	1	1	0:00:01.175099
9360	5	0	0	0	0:00:01.176242
9380	5	3	3	0	0:00:01.189918
9400	6	6	2	1	0:00:01.196940
9420	5	5	5	1	0:00:01.178562
9440	8	8	8	1	0:00:01.154724
9460	3	7	7	0	0:00:01.197721
9480	2	4	4	0	0:00:01.164058
9500	9	9	5	1	0:00:01.179939
9520	1	1	1	1	0:00:01.194383
9540	5	3	3	0	0:00:01.191185
9560	9	7	5	0	0:00:01.184336
9580	1	1	4	1	0:00:01.162197
9600	8	-1	8	0	0:00:01.107744
9620	4	4	4	1	0:00:01.100907
9640	5	2	2	0	0:00:01.119049
9660	6	6	6	1	0:00:01.106295
9680	8	8	8	1	0:00:01.105035
9700	0	0	6	1	0:00:01.106489
9720	8	1	4	0	0:00:01.110268
9740	3	6	2	0	0:00:01.105908
9760	9	3	3	0	0:00:01.114010
9780	4	2	2	0	0:00:01.105228
9800	1	1	1	1	0:00:01.105102
9820	0	8	8	0	0:00:01.123970
9840	4	5	3	0	0:00:01.115016
9860	0	5	5	0	0:00:01.109012
9880	7	8	3	0	0:00:01.106636
9900	8	8	8	1	0:00:01.120385
9920	6	6	4	1	0:00:01.107104
9940	4	5	3	0	0:00:01.107064
9960	2	0	0	0	0:00:01.142944
9980	0	0	0	1	0:00:01.101575
