idx	label	predict	basePredict	correct	time
0	3	4	4	0	0:00:03.647693
20	7	9	9	0	0:00:03.583224
40	4	8	8	0	0:00:03.533227
60	7	7	4	1	0:00:03.551940
80	8	8	8	1	0:00:03.565628
100	4	5	5	0	0:00:03.560991
120	8	8	8	1	0:00:03.550366
140	6	2	2	0	0:00:03.557826
160	2	2	2	1	0:00:03.544324
180	0	0	0	1	0:00:03.520421
200	5	3	3	0	0:00:03.489037
220	7	7	7	1	0:00:03.509318
240	1	1	1	1	0:00:03.508798
260	8	5	5	0	0:00:03.491189
280	9	9	9	1	0:00:03.486753
300	6	6	6	1	0:00:03.529372
320	3	5	2	0	0:00:03.538600
340	2	4	4	0	0:00:03.533546
360	9	6	6	0	0:00:03.487099
380	6	6	4	1	0:00:03.496370
400	9	1	1	0	0:00:03.537842
420	4	6	6	0	0:00:03.509192
440	1	1	1	1	0:00:03.551994
460	5	5	5	1	0:00:03.548512
480	8	9	9	0	0:00:03.538417
500	4	6	6	0	0:00:03.547190
520	5	7	7	0	0:00:03.555112
540	1	8	8	0	0:00:03.547271
560	0	0	0	1	0:00:03.550455
580	4	6	6	0	0:00:03.569891
600	8	8	8	1	0:00:03.554111
620	7	6	6	0	0:00:03.537763
640	5	3	3	0	0:00:03.541762
660	9	9	9	1	0:00:03.527693
680	9	1	1	0	0:00:03.557773
700	7	7	7	1	0:00:03.540184
720	4	9	9	0	0:00:03.550351
740	2	5	5	0	0:00:03.551014
760	3	9	9	0	0:00:03.553980
780	9	-1	8	0	0:00:03.566785
800	7	7	7	1	0:00:03.571031
820	6	9	9	0	0:00:03.561705
840	7	7	7	1	0:00:03.539364
860	4	6	6	0	0:00:03.575071
880	8	8	8	1	0:00:03.556613
900	2	6	6	0	0:00:03.540784
920	6	2	2	0	0:00:03.527480
940	9	1	1	0	0:00:03.540097
960	9	9	8	1	0:00:03.556487
980	2	6	6	0	0:00:03.572953
1000	5	5	5	1	0:00:03.464794
1020	1	1	1	1	0:00:03.470095
1040	7	5	5	0	0:00:03.444874
1060	9	9	9	1	0:00:03.439883
1080	6	6	6	1	0:00:03.463648
1100	7	8	8	0	0:00:03.450353
1120	5	2	2	0	0:00:03.466445
1140	6	6	6	1	0:00:03.463405
1160	8	0	0	0	0:00:03.445761
1180	3	9	9	0	0:00:03.447520
1200	8	0	0	0	0:00:03.463427
1220	9	7	2	0	0:00:03.455193
1240	2	6	6	0	0:00:03.423038
1260	1	9	9	0	0:00:03.441689
1280	3	7	7	0	0:00:03.471036
1300	4	6	6	0	0:00:03.474917
1320	7	7	2	1	0:00:03.480165
1340	1	1	1	1	0:00:03.454297
1360	7	5	2	0	0:00:03.468971
1380	4	5	5	0	0:00:03.446159
1400	5	6	4	0	0:00:03.448195
1420	4	7	7	0	0:00:03.429694
1440	0	8	0	0	0:00:03.436331
1460	6	6	6	1	0:00:03.478069
1480	1	5	5	0	0:00:03.452619
1500	1	9	9	0	0:00:03.439815
1520	7	6	6	0	0:00:03.425259
1540	8	8	8	1	0:00:03.435370
1560	7	7	7	1	0:00:03.420295
1580	6	1	1	0	0:00:03.420371
1600	8	9	6	0	0:00:03.454569
1620	5	8	8	0	0:00:03.448300
1640	7	5	5	0	0:00:03.463199
1660	3	5	5	0	0:00:03.443411
1680	6	6	6	1	0:00:03.449998
1700	5	2	2	0	0:00:03.448027
1720	4	0	0	0	0:00:03.457842
1740	1	9	9	0	0:00:03.447772
1760	0	8	8	0	0:00:03.451175
1780	7	8	8	0	0:00:03.460024
1800	4	8	8	0	0:00:03.440871
1820	8	1	1	0	0:00:03.470127
1840	8	7	7	0	0:00:03.446592
1860	8	8	8	1	0:00:03.454948
1880	1	1	1	1	0:00:03.457230
1900	8	8	8	1	0:00:03.447238
1920	2	2	2	1	0:00:03.461397
1940	5	2	2	0	0:00:03.453047
1960	2	5	5	0	0:00:03.461098
1980	9	9	9	1	0:00:03.445410
2000	1	6	6	0	0:00:03.451447
2020	9	9	9	1	0:00:03.450882
2040	0	8	8	0	0:00:03.453487
2060	5	5	5	1	0:00:03.463554
2080	1	1	1	1	0:00:03.449499
2100	2	4	4	0	0:00:03.453417
2120	4	8	8	0	0:00:03.451017
2140	9	-1	1	0	0:00:03.452117
2160	0	8	8	0	0:00:03.462528
2180	4	6	6	0	0:00:03.464315
2200	0	0	0	1	0:00:03.458715
2220	1	1	1	1	0:00:03.438300
2240	9	9	9	1	0:00:03.466161
2260	4	6	4	0	0:00:03.379719
2280	4	8	8	0	0:00:03.384477
2300	3	6	6	0	0:00:03.385664
2320	5	8	0	0	0:00:03.404655
2340	7	7	7	1	0:00:03.449510
2360	7	7	7	1	0:00:03.462747
2380	8	8	8	1	0:00:03.395672
2400	0	4	4	0	0:00:03.395630
2420	8	5	5	0	0:00:03.396320
2440	7	1	1	0	0:00:03.438441
2460	9	9	6	1	0:00:03.447468
2480	8	8	8	1	0:00:03.451724
2500	4	6	4	0	0:00:03.445004
2520	1	8	8	0	0:00:03.454665
2540	2	3	3	0	0:00:03.394163
2560	7	6	2	0	0:00:03.387900
2580	6	6	4	1	0:00:03.457811
2600	8	8	8	1	0:00:03.469436
2620	1	6	4	0	0:00:03.464411
2640	7	7	7	1	0:00:03.458223
2660	3	0	0	0	0:00:03.442691
2680	0	0	0	1	0:00:03.468234
2700	9	3	3	0	0:00:03.512618
2720	3	8	8	0	0:00:03.452888
2740	1	1	1	1	0:00:03.423888
2760	2	6	6	0	0:00:03.472603
2780	7	7	7	1	0:00:03.445504
2800	4	6	6	0	0:00:03.455124
2820	6	6	6	1	0:00:03.446420
2840	3	7	7	0	0:00:03.472500
2860	5	7	7	0	0:00:03.448916
2880	4	4	4	1	0:00:03.450197
2900	3	5	5	0	0:00:03.457530
2920	2	3	3	0	0:00:03.446672
2940	3	0	0	0	0:00:03.448621
2960	9	9	9	1	0:00:03.406553
2980	8	1	1	0	0:00:03.427856
3000	5	5	5	1	0:00:03.395490
3020	1	1	1	1	0:00:03.422337
3040	7	7	7	1	0:00:03.440946
3060	7	7	7	1	0:00:03.470595
3080	1	6	2	0	0:00:03.438472
3100	0	0	0	1	0:00:03.440352
3120	4	6	6	0	0:00:03.403259
3140	8	8	8	1	0:00:03.457913
3160	6	4	4	0	0:00:03.454221
3180	3	9	8	0	0:00:03.395032
3200	5	7	7	0	0:00:03.413705
3220	3	9	9	0	0:00:03.393087
3240	4	1	8	0	0:00:03.378591
3260	7	7	7	1	0:00:03.447240
3280	3	5	0	0	0:00:03.434095
3300	4	6	6	0	0:00:03.413285
3320	2	7	7	0	0:00:03.438935
3340	6	6	6	1	0:00:03.434161
3360	4	6	6	0	0:00:03.430300
3380	8	8	8	1	0:00:03.428774
3400	6	1	1	0	0:00:03.418429
3420	5	6	6	0	0:00:03.420625
3440	2	9	9	0	0:00:03.413346
3460	1	1	1	1	0:00:03.367535
3480	2	2	2	1	0:00:03.363447
3500	1	1	1	1	0:00:03.361034
3520	1	1	1	1	0:00:03.361822
3540	6	8	8	0	0:00:03.364698
3560	1	9	9	0	0:00:03.358974
3580	4	1	1	0	0:00:03.357437
3600	4	2	2	0	0:00:03.357206
3620	0	7	6	0	0:00:03.371468
3640	6	2	2	0	0:00:03.360228
3660	0	8	8	0	0:00:03.357888
3680	0	2	2	0	0:00:03.351638
3700	3	5	5	0	0:00:03.367061
3720	2	2	2	1	0:00:03.371620
3740	0	0	0	1	0:00:03.384027
3760	7	7	7	1	0:00:03.373047
3780	4	2	2	0	0:00:03.362041
3800	9	3	3	0	0:00:03.355917
3820	0	0	0	1	0:00:03.367296
3840	6	8	8	0	0:00:03.364163
3860	7	7	7	1	0:00:03.359910
3880	6	4	4	0	0:00:03.390433
3900	3	0	0	0	0:00:03.380227
3920	7	8	8	0	0:00:03.394152
3940	6	6	4	1	0:00:03.386706
3960	2	5	5	0	0:00:03.382369
3980	9	7	7	0	0:00:03.379849
4000	8	7	0	0	0:00:03.361533
4020	8	8	8	1	0:00:03.373746
4040	0	0	0	1	0:00:03.361133
4060	6	6	6	1	0:00:03.360513
4080	1	1	8	1	0:00:03.356162
4100	7	7	7	1	0:00:03.360445
4120	4	0	0	0	0:00:03.355649
4140	5	5	3	1	0:00:03.354990
4160	5	2	2	0	0:00:03.358160
4180	0	8	8	0	0:00:03.370902
4200	4	2	2	0	0:00:03.361643
4220	4	0	0	0	0:00:03.355103
4240	7	8	8	0	0:00:03.416477
4260	8	8	8	1	0:00:03.412504
4280	8	8	8	1	0:00:03.417143
4300	8	8	8	1	0:00:03.457695
4320	1	8	8	0	0:00:03.425238
4340	0	8	0	0	0:00:03.449403
4360	6	9	9	0	0:00:03.426576
4380	9	9	9	1	0:00:03.449843
4400	3	6	8	0	0:00:03.443743
4420	5	8	8	0	0:00:03.445347
4440	2	6	6	0	0:00:03.445768
4460	9	1	8	0	0:00:03.460154
4480	9	9	6	1	0:00:03.464283
4500	3	7	7	0	0:00:03.446118
4520	3	6	6	0	0:00:03.455816
4540	9	9	9	1	0:00:03.458023
4560	1	1	1	1	0:00:03.467394
4580	6	6	6	1	0:00:03.471161
4600	4	7	7	0	0:00:03.468264
4620	7	3	3	0	0:00:03.484370
4640	2	5	5	0	0:00:03.489474
4660	7	6	2	0	0:00:03.465211
4680	9	1	1	0	0:00:03.470744
4700	6	1	4	0	0:00:03.466953
4720	8	0	0	0	0:00:03.429258
4740	5	6	6	0	0:00:03.401007
4760	3	2	2	0	0:00:03.449618
4780	0	0	0	1	0:00:03.448908
4800	9	9	9	1	0:00:03.459187
4820	3	5	5	0	0:00:03.488425
4840	0	0	0	1	0:00:03.470329
4860	5	5	5	1	0:00:03.450077
4880	0	2	2	0	0:00:03.459820
4900	3	1	1	0	0:00:03.419147
4920	7	7	0	1	0:00:03.444188
4940	6	6	2	1	0:00:03.436621
4960	4	6	6	0	0:00:03.431633
4980	1	9	9	0	0:00:03.448152
5000	7	7	7	1	0:00:03.431827
5020	8	8	8	1	0:00:03.417236
5040	3	4	4	0	0:00:03.456255
5060	6	6	6	1	0:00:03.437973
5080	7	7	7	1	0:00:03.448530
5100	3	4	4	0	0:00:03.426514
5120	9	8	8	0	0:00:03.442778
5140	8	8	8	1	0:00:03.431277
5160	0	8	8	0	0:00:03.438948
5180	9	6	6	0	0:00:03.441833
5200	3	3	3	1	0:00:03.445810
5220	0	0	0	1	0:00:03.448459
5240	1	9	9	0	0:00:03.434351
5260	0	0	0	1	0:00:03.430563
5280	0	8	8	0	0:00:03.445394
5300	9	1	1	0	0:00:03.442179
5320	7	7	7	1	0:00:03.455999
5340	3	2	2	0	0:00:03.441380
5360	9	9	9	1	0:00:03.443244
5380	1	9	9	0	0:00:03.435018
5400	9	0	0	0	0:00:03.435744
5420	6	6	6	1	0:00:03.451440
5440	9	9	9	1	0:00:03.452102
5460	0	0	2	1	0:00:03.426987
5480	1	1	8	1	0:00:03.428415
5500	8	1	8	0	0:00:03.440483
5520	4	5	5	0	0:00:03.454963
5540	5	6	6	0	0:00:03.446734
5560	3	6	6	0	0:00:03.402801
5580	5	6	6	0	0:00:03.397687
5600	6	8	8	0	0:00:03.406405
5620	3	4	4	0	0:00:03.410675
5640	2	3	3	0	0:00:03.422418
5660	9	9	8	1	0:00:03.417043
5680	2	1	8	0	0:00:03.418967
5700	3	6	6	0	0:00:03.409118
5720	9	9	9	1	0:00:03.422412
5740	6	6	6	1	0:00:03.440036
5760	2	2	8	1	0:00:03.437266
5780	7	7	7	1	0:00:03.385151
5800	2	6	6	0	0:00:03.431592
5820	5	6	6	0	0:00:03.429208
5840	2	6	6	0	0:00:03.436880
5860	0	8	8	0	0:00:03.425906
5880	0	8	0	0	0:00:03.415500
5900	4	5	4	0	0:00:03.430069
5920	8	8	8	1	0:00:03.367505
5940	7	4	4	0	0:00:03.367273
5960	2	7	7	0	0:00:03.356224
5980	9	9	9	1	0:00:03.361585
6000	8	9	8	0	0:00:03.362185
6020	6	6	6	1	0:00:03.357097
6040	2	7	7	0	0:00:03.364409
6060	3	6	4	0	0:00:03.355471
6080	1	1	1	1	0:00:03.445600
6100	1	1	8	1	0:00:03.423193
6120	5	5	5	1	0:00:03.442285
6140	9	9	9	1	0:00:03.445583
6160	2	5	5	0	0:00:03.428679
6180	0	9	8	0	0:00:03.429983
6200	3	3	3	1	0:00:03.455630
6220	2	6	6	0	0:00:03.477258
6240	2	-1	6	0	0:00:03.432222
6260	2	9	9	0	0:00:03.438626
6280	8	5	5	0	0:00:03.463643
6300	1	7	4	0	0:00:03.452289
6320	0	0	0	1	0:00:03.460515
6340	3	3	3	1	0:00:03.429592
6360	2	2	2	1	0:00:03.420357
6380	3	1	6	0	0:00:03.429046
6400	0	1	1	0	0:00:03.431020
6420	7	7	7	1	0:00:03.413242
6440	3	8	8	0	0:00:03.407341
6460	3	1	1	0	0:00:03.467108
6480	0	0	0	1	0:00:03.443154
6500	7	0	0	0	0:00:03.402402
6520	6	4	4	0	0:00:03.452458
6540	8	8	8	1	0:00:03.465370
6560	6	6	6	1	0:00:03.456498
6580	1	8	8	0	0:00:03.458951
6600	7	7	7	1	0:00:03.460995
6620	7	7	7	1	0:00:03.451906
6640	5	3	3	0	0:00:03.480496
6660	0	0	0	1	0:00:03.441099
6680	3	3	3	1	0:00:03.454271
6700	6	6	6	1	0:00:03.458513
6720	2	2	2	1	0:00:03.466269
6740	2	6	6	0	0:00:03.400347
6760	5	2	2	0	0:00:03.396407
6780	7	7	7	1	0:00:03.387929
6800	6	6	6	1	0:00:03.391291
6820	1	1	1	1	0:00:03.392820
6840	9	1	1	0	0:00:03.392223
6860	0	0	0	1	0:00:03.435992
6880	2	7	7	0	0:00:03.364013
6900	3	7	7	0	0:00:03.362242
6920	5	2	2	0	0:00:03.362725
6940	1	1	1	1	0:00:03.360108
6960	9	8	8	0	0:00:03.441913
6980	0	9	9	0	0:00:03.451197
7000	2	8	8	0	0:00:03.439926
7020	7	7	7	1	0:00:03.428395
7040	7	8	8	0	0:00:03.431913
7060	8	8	8	1	0:00:03.426607
7080	5	4	4	0	0:00:03.429017
7100	9	3	3	0	0:00:03.445863
7120	7	7	7	1	0:00:03.427637
7140	4	4	4	1	0:00:03.440421
7160	5	4	4	0	0:00:03.425823
7180	6	6	6	1	0:00:03.435841
7200	4	6	6	0	0:00:03.412993
7220	9	8	8	0	0:00:03.418115
7240	0	8	8	0	0:00:03.419578
7260	1	8	8	0	0:00:03.446555
7280	1	1	6	1	0:00:03.444039
7300	3	0	0	0	0:00:03.409171
7320	8	0	0	0	0:00:03.421779
7340	2	4	4	0	0:00:03.421845
7360	2	7	5	0	0:00:03.388182
7380	7	7	7	1	0:00:03.386061
7400	3	9	9	0	0:00:03.385272
7420	3	0	0	0	0:00:03.417323
7440	3	6	6	0	0:00:03.417594
7460	5	5	5	1	0:00:03.423474
7480	1	5	5	0	0:00:03.388561
7500	6	6	6	1	0:00:03.385743
7520	4	6	6	0	0:00:03.386729
7540	5	5	5	1	0:00:03.400185
7560	0	6	2	0	0:00:03.409203
7580	8	8	8	1	0:00:03.409865
7600	8	9	9	0	0:00:03.444190
7620	5	3	3	0	0:00:03.442095
7640	9	9	8	1	0:00:03.430706
7660	7	1	1	0	0:00:03.359113
7680	3	9	9	0	0:00:03.354955
7700	6	6	6	1	0:00:03.359627
7720	5	6	6	0	0:00:03.359962
7740	4	6	2	0	0:00:03.355789
7760	2	9	9	0	0:00:03.357443
7780	3	1	1	0	0:00:03.354822
7800	0	0	0	1	0:00:03.370633
7820	5	8	8	0	0:00:03.356937
7840	1	1	1	1	0:00:03.439595
7860	8	1	4	0	0:00:03.416455
7880	0	2	2	0	0:00:03.387583
7900	0	8	8	0	0:00:03.475300
7920	9	8	8	0	0:00:03.465108
7940	2	6	6	0	0:00:03.418884
7960	0	0	0	1	0:00:03.434350
7980	3	7	4	0	0:00:03.452290
8000	9	9	9	1	0:00:03.460093
8020	6	6	6	1	0:00:03.420038
8040	2	6	6	0	0:00:03.475042
8060	6	6	6	1	0:00:03.444419
8080	4	6	6	0	0:00:03.448283
8100	6	2	2	0	0:00:03.450139
8120	8	9	8	0	0:00:03.440768
8140	5	6	6	0	0:00:03.477409
8160	6	9	6	0	0:00:03.441734
8180	4	6	6	0	0:00:03.451118
8200	3	6	6	0	0:00:03.491089
8220	6	6	6	1	0:00:03.457073
8240	7	7	7	1	0:00:03.453751
8260	1	1	1	1	0:00:03.425136
8280	4	5	5	0	0:00:03.434023
8300	5	2	2	0	0:00:03.400040
8320	7	4	4	0	0:00:03.434036
8340	5	5	5	1	0:00:03.447098
8360	7	7	7	1	0:00:03.480161
8380	9	8	8	0	0:00:03.466949
8400	0	8	8	0	0:00:03.461089
8420	3	6	4	0	0:00:03.416386
8440	5	9	4	0	0:00:03.477192
8460	8	8	8	1	0:00:03.485308
8480	2	1	8	0	0:00:03.470733
8500	4	2	2	0	0:00:03.376465
8520	8	6	6	0	0:00:03.381239
8540	4	6	4	0	0:00:03.433747
8560	7	7	7	1	0:00:03.428923
8580	3	1	1	0	0:00:03.418453
8600	3	7	7	0	0:00:03.365812
8620	3	1	4	0	0:00:03.363114
8640	1	1	1	1	0:00:03.369843
8660	7	5	5	0	0:00:03.369528
8680	3	9	0	0	0:00:03.388501
8700	3	5	5	0	0:00:03.361088
8720	2	0	0	0	0:00:03.377737
8740	2	6	6	0	0:00:03.381438
8760	8	8	8	1	0:00:03.379380
8780	4	4	4	1	0:00:03.383751
8800	0	0	0	1	0:00:03.392855
8820	2	2	2	1	0:00:03.376847
8840	2	1	1	0	0:00:03.390217
8860	2	2	2	1	0:00:03.388778
8880	1	1	6	1	0:00:03.387933
8900	2	6	4	0	0:00:03.368103
8920	6	6	6	1	0:00:03.395576
8940	6	3	3	0	0:00:03.402624
8960	0	0	0	1	0:00:03.376594
8980	9	9	9	1	0:00:03.389365
9000	8	8	8	1	0:00:03.372307
9020	7	7	7	1	0:00:03.366044
9040	2	5	5	0	0:00:03.384961
9060	9	5	5	0	0:00:03.388551
9080	3	0	0	0	0:00:03.411486
9100	9	6	6	0	0:00:03.447635
9120	3	0	0	0	0:00:03.451483
9140	7	8	8	0	0:00:03.453924
9160	5	5	5	1	0:00:03.460445
9180	5	5	5	1	0:00:03.452945
9200	8	8	8	1	0:00:03.436283
9220	8	8	8	1	0:00:03.446899
9240	8	8	8	1	0:00:03.459606
9260	5	5	5	1	0:00:03.455667
9280	9	0	8	0	0:00:03.455085
9300	5	5	2	1	0:00:03.457227
9320	9	9	8	1	0:00:03.455875
9340	1	1	1	1	0:00:03.455842
9360	5	0	0	0	0:00:03.446584
9380	5	9	9	0	0:00:03.467718
9400	6	6	6	1	0:00:03.456314
9420	5	6	6	0	0:00:03.441634
9440	8	8	8	1	0:00:03.452100
9460	3	6	6	0	0:00:03.450640
9480	2	4	4	0	0:00:03.461767
9500	9	1	1	0	0:00:03.422024
9520	1	1	1	1	0:00:03.378925
9540	5	5	5	1	0:00:03.364735
9560	9	7	7	0	0:00:03.361754
9580	1	4	4	0	0:00:03.414339
9600	8	8	8	1	0:00:03.440609
9620	4	7	2	0	0:00:03.439937
9640	5	0	0	0	0:00:03.452075
9660	6	6	6	1	0:00:03.466128
9680	8	8	8	1	0:00:03.489797
9700	0	0	0	1	0:00:03.485061
9720	8	6	6	0	0:00:03.458034
9740	3	6	6	0	0:00:03.458809
9760	9	9	7	1	0:00:03.464232
9780	4	6	6	0	0:00:03.459460
9800	1	1	1	1	0:00:03.472072
9820	0	8	8	0	0:00:03.481736
9840	4	7	7	0	0:00:03.456721
9860	0	2	8	0	0:00:03.461376
9880	7	4	4	0	0:00:03.466034
9900	8	0	0	0	0:00:03.442461
9920	6	6	6	1	0:00:03.431102
9940	4	7	7	0	0:00:03.440402
9960	2	0	0	0	0:00:03.405928
9980	0	0	0	1	0:00:03.444050
