idx	label	predict	basePredict	correct	time
0	3	4	4	0	0:00:15.859253
20	7	9	9	0	0:00:15.803094
40	4	4	8	1	0:00:15.743161
60	7	7	4	1	0:00:15.764992
80	8	8	8	1	0:00:15.748453
100	4	5	5	0	0:00:15.777719
120	8	8	8	1	0:00:15.756029
140	6	2	2	0	0:00:15.731755
160	2	2	2	1	0:00:15.787255
180	0	0	0	1	0:00:15.803901
200	5	3	3	0	0:00:15.727224
220	7	7	7	1	0:00:15.737193
240	1	1	1	1	0:00:15.796947
260	8	5	5	0	0:00:15.735772
280	9	9	9	1	0:00:15.747814
300	6	6	6	1	0:00:15.707326
320	3	5	5	0	0:00:15.824099
340	2	4	4	0	0:00:15.809122
360	9	4	6	0	0:00:15.767706
380	6	6	8	1	0:00:15.815526
400	9	9	9	1	0:00:15.764282
420	4	6	6	0	0:00:15.733045
440	1	1	1	1	0:00:15.736598
460	5	5	5	1	0:00:15.871230
480	8	9	9	0	0:00:15.782567
500	4	6	2	0	0:00:15.760858
520	5	7	7	0	0:00:15.745815
540	1	9	8	0	0:00:15.748446
560	0	0	0	1	0:00:15.833978
580	4	6	4	0	0:00:15.812477
600	8	8	8	1	0:00:15.856850
620	7	4	4	0	0:00:15.808180
640	5	3	3	0	0:00:15.772842
660	9	9	9	1	0:00:15.755663
680	9	1	1	0	0:00:15.852823
700	7	7	7	1	0:00:15.744825
720	4	9	7	0	0:00:15.790284
740	2	5	5	0	0:00:15.715206
760	3	9	7	0	0:00:15.795265
780	9	9	9	1	0:00:15.827933
800	7	7	7	1	0:00:15.783335
820	6	9	9	0	0:00:15.770222
840	7	7	7	1	0:00:15.745496
860	4	6	4	0	0:00:15.814430
880	8	8	8	1	0:00:15.820198
900	2	6	6	0	0:00:15.793536
920	6	2	2	0	0:00:15.908873
940	9	9	9	1	0:00:15.717742
960	9	9	9	1	0:00:15.710129
980	2	6	6	0	0:00:15.714833
1000	5	5	5	1	0:00:15.069812
1020	1	1	8	1	0:00:15.087168
1040	7	5	5	0	0:00:15.061324
1060	9	9	9	1	0:00:15.160981
1080	6	6	6	1	0:00:15.046439
1100	7	8	8	0	0:00:15.103669
1120	5	2	2	0	0:00:15.123136
1140	6	6	4	1	0:00:15.043434
1160	8	8	0	1	0:00:15.133364
1180	3	9	9	0	0:00:15.077263
1200	8	0	0	0	0:00:15.136891
1220	9	7	2	0	0:00:15.148184
1240	2	6	6	0	0:00:15.037707
1260	1	9	9	0	0:00:15.144739
1280	3	7	7	0	0:00:15.224593
1300	4	6	3	0	0:00:15.101835
1320	7	2	2	0	0:00:15.127582
1340	1	1	1	1	0:00:15.193626
1360	7	5	5	0	0:00:15.205807
1380	4	5	5	0	0:00:15.062120
1400	5	5	5	1	0:00:15.112751
1420	4	7	7	0	0:00:15.062671
1440	0	0	0	1	0:00:15.097346
1460	6	6	4	1	0:00:15.072808
1480	1	1	5	1	0:00:15.098331
1500	1	9	1	0	0:00:15.094570
1520	7	7	4	1	0:00:15.104665
1540	8	8	8	1	0:00:15.035974
1560	7	7	7	1	0:00:15.082537
1580	6	1	1	0	0:00:15.102192
1600	8	9	4	0	0:00:15.049340
1620	5	8	8	0	0:00:15.112474
1640	7	5	3	0	0:00:15.077410
1660	3	5	5	0	0:00:15.048829
1680	6	6	6	1	0:00:15.184547
1700	5	2	2	0	0:00:15.172414
1720	4	0	0	0	0:00:15.077479
1740	1	9	9	0	0:00:15.102896
1760	0	8	8	0	0:00:15.107208
1780	7	9	8	0	0:00:15.071943
1800	4	8	8	0	0:00:15.056267
1820	8	9	9	0	0:00:15.110293
1840	8	9	7	0	0:00:15.044092
1860	8	8	8	1	0:00:15.025417
1880	1	1	8	1	0:00:15.163492
1900	8	8	8	1	0:00:15.117994
1920	2	2	2	1	0:00:15.250953
1940	5	2	2	0	0:00:15.047173
1960	2	5	5	0	0:00:15.031269
1980	9	9	9	1	0:00:15.159676
2000	1	6	6	0	0:00:15.069160
2020	9	9	9	1	0:00:15.125937
2040	0	8	8	0	0:00:15.081072
2060	5	5	5	1	0:00:15.060887
2080	1	1	1	1	0:00:15.014807
2100	2	4	4	0	0:00:15.082870
2120	4	8	8	0	0:00:15.052656
2140	9	9	9	1	0:00:15.204518
2160	0	8	8	0	0:00:15.067327
2180	4	6	6	0	0:00:15.020856
2200	0	0	0	1	0:00:15.076846
2220	1	1	1	1	0:00:15.061475
2240	9	9	9	1	0:00:15.094586
2260	4	7	4	0	0:00:15.091647
2280	4	8	8	0	0:00:15.095616
2300	3	6	6	0	0:00:15.151784
2320	5	3	0	0	0:00:15.088904
2340	7	7	7	1	0:00:15.008832
2360	7	7	7	1	0:00:15.042740
2380	8	8	8	1	0:00:15.039729
2400	0	0	0	1	0:00:15.062536
2420	8	5	8	0	0:00:15.093533
2440	7	1	7	0	0:00:15.111192
2460	9	9	3	1	0:00:15.116827
2480	8	8	8	1	0:00:15.067570
2500	4	6	4	0	0:00:15.151712
2520	1	9	8	0	0:00:15.105854
2540	2	3	3	0	0:00:15.152247
2560	7	7	4	1	0:00:15.067018
2580	6	6	6	1	0:00:15.085906
2600	8	8	8	1	0:00:15.142952
2620	1	4	4	0	0:00:15.095187
2640	7	7	7	1	0:00:15.045825
2660	3	0	0	0	0:00:15.093691
2680	0	0	0	1	0:00:15.097562
2700	9	9	3	1	0:00:15.084162
2720	3	8	8	0	0:00:15.091656
2740	1	1	1	1	0:00:15.093878
2760	2	6	6	0	0:00:15.118564
2780	7	7	7	1	0:00:15.040951
2800	4	6	6	0	0:00:15.152117
2820	6	6	6	1	0:00:15.220408
2840	3	3	3	1	0:00:15.138616
2860	5	7	6	0	0:00:15.120284
2880	4	4	4	1	0:00:15.022220
2900	3	5	5	0	0:00:15.013760
2920	2	3	8	0	0:00:15.167560
2940	3	0	0	0	0:00:15.013996
2960	9	9	8	1	0:00:15.146383
2980	8	1	8	0	0:00:15.084167
3000	5	5	5	1	0:00:15.107162
3020	1	1	8	1	0:00:15.118357
3040	7	7	7	1	0:00:15.126903
3060	7	7	7	1	0:00:15.079424
3080	1	2	2	0	0:00:15.110754
3100	0	0	0	1	0:00:15.053638
3120	4	6	6	0	0:00:15.125359
3140	8	8	8	1	0:00:15.165828
3160	6	4	4	0	0:00:15.151546
3180	3	9	8	0	0:00:15.108296
3200	5	7	7	0	0:00:15.054689
3220	3	9	9	0	0:00:15.083727
3240	4	1	8	0	0:00:15.077794
3260	7	7	7	1	0:00:15.041856
3280	3	5	0	0	0:00:15.101934
3300	4	4	4	1	0:00:15.052415
3320	2	7	7	0	0:00:15.108091
3340	6	6	4	1	0:00:15.130694
3360	4	6	6	0	0:00:15.105967
3380	8	8	8	1	0:00:15.107164
3400	6	1	1	0	0:00:15.157557
3420	5	6	6	0	0:00:15.182982
3440	2	9	9	0	0:00:15.142423
3460	1	1	1	1	0:00:15.171167
3480	2	2	2	1	0:00:15.066926
3500	1	1	1	1	0:00:15.108084
3520	1	1	1	1	0:00:15.027550
3540	6	6	2	1	0:00:15.065389
3560	1	9	9	0	0:00:15.087059
3580	4	1	1	0	0:00:15.055623
3600	4	2	2	0	0:00:15.074094
3620	0	7	7	0	0:00:15.131191
3640	6	2	2	0	0:00:15.089951
3660	0	8	8	0	0:00:15.106959
3680	0	2	2	0	0:00:15.122096
3700	3	5	5	0	0:00:15.170702
3720	2	2	2	1	0:00:15.079547
3740	0	0	0	1	0:00:15.127575
3760	7	7	7	1	0:00:15.107206
3780	4	2	2	0	0:00:15.106344
3800	9	9	3	1	0:00:15.111284
3820	0	0	0	1	0:00:15.166414
3840	6	8	5	0	0:00:15.072455
3860	7	7	7	1	0:00:15.018641
3880	6	4	4	0	0:00:15.144905
3900	3	6	6	0	0:00:15.236454
3920	7	9	9	0	0:00:15.014157
3940	6	5	4	0	0:00:15.099349
3960	2	5	5	0	0:00:15.104472
3980	9	9	9	1	0:00:15.133205
4000	8	7	0	0	0:00:15.103349
4020	8	8	8	1	0:00:15.100251
4040	0	0	0	1	0:00:15.138120
4060	6	3	0	0	0:00:15.107988
4080	1	1	8	1	0:00:15.170992
4100	7	7	7	1	0:00:15.068324
4120	4	0	0	0	0:00:15.095772
4140	5	2	2	0	0:00:15.067250
4160	5	-1	2	0	0:00:15.028614
4180	0	0	8	1	0:00:15.138979
4200	4	2	2	0	0:00:15.086601
4220	4	0	0	0	0:00:15.195455
4240	7	8	8	0	0:00:15.185169
4260	8	8	8	1	0:00:15.160197
4280	8	9	8	0	0:00:15.150059
4300	8	8	8	1	0:00:15.144597
4320	1	8	8	0	0:00:15.139044
4340	0	0	0	1	0:00:15.098216
4360	6	9	9	0	0:00:15.027729
4380	9	9	9	1	0:00:15.083715
4400	3	4	8	0	0:00:15.078498
4420	5	8	8	0	0:00:15.157868
4440	2	6	6	0	0:00:15.072556
4460	9	1	1	0	0:00:15.099383
4480	9	9	6	1	0:00:15.079697
4500	3	7	7	0	0:00:15.088362
4520	3	6	6	0	0:00:15.204228
4540	9	9	9	1	0:00:15.158440
4560	1	1	1	1	0:00:15.035176
4580	6	6	4	1	0:00:15.017301
4600	4	7	7	0	0:00:15.102092
4620	7	3	3	0	0:00:15.097961
4640	2	4	4	0	0:00:15.115773
4660	7	2	2	0	0:00:15.037180
4680	9	1	1	0	0:00:15.056953
4700	6	1	4	0	0:00:15.007716
4720	8	8	8	1	0:00:15.040650
4740	5	6	6	0	0:00:15.135197
4760	3	2	2	0	0:00:15.170574
4780	0	0	0	1	0:00:15.118389
4800	9	9	9	1	0:00:15.094716
4820	3	5	5	0	0:00:15.139668
4840	0	0	0	1	0:00:15.101177
4860	5	5	5	1	0:00:15.078288
4880	0	2	2	0	0:00:15.083213
4900	3	1	8	0	0:00:15.058787
4920	7	7	7	1	0:00:15.043864
4940	6	6	2	1	0:00:15.083702
4960	4	6	6	0	0:00:15.111712
4980	1	9	9	0	0:00:15.223610
5000	7	7	7	1	0:00:15.137187
5020	8	8	8	1	0:00:15.053175
5040	3	3	3	1	0:00:15.107352
5060	6	6	6	1	0:00:15.086879
5080	7	7	7	1	0:00:15.044303
5100	3	4	4	0	0:00:15.026543
5120	9	8	8	0	0:00:15.150786
5140	8	8	8	1	0:00:15.109978
5160	0	8	8	0	0:00:15.083498
5180	9	7	7	0	0:00:15.144127
5200	3	3	3	1	0:00:15.131479
5220	0	0	0	1	0:00:15.055624
5240	1	1	3	1	0:00:15.113525
5260	0	0	0	1	0:00:15.111677
5280	0	8	8	0	0:00:15.079408
5300	9	9	9	1	0:00:15.112947
5320	7	7	7	1	0:00:15.252897
5340	3	4	2	0	0:00:15.111578
5360	9	9	9	1	0:00:15.058907
5380	1	9	9	0	0:00:15.205827
5400	9	0	0	0	0:00:15.159877
5420	6	6	6	1	0:00:15.119395
5440	9	9	9	1	0:00:15.090689
5460	0	0	2	1	0:00:15.131435
5480	1	1	8	1	0:00:15.119811
5500	8	1	8	0	0:00:15.112215
5520	4	5	5	0	0:00:15.122893
5540	5	6	2	0	0:00:15.213709
5560	3	6	5	0	0:00:15.163599
5580	5	6	6	0	0:00:15.184540
5600	6	9	8	0	0:00:15.054961
5620	3	2	2	0	0:00:15.111774
5640	2	3	3	0	0:00:15.209963
5660	9	9	8	1	0:00:15.075265
5680	2	8	8	0	0:00:15.082068
5700	3	5	2	0	0:00:15.094094
5720	9	9	9	1	0:00:15.049214
5740	6	6	4	1	0:00:15.171306
5760	2	2	8	1	0:00:15.135986
5780	7	7	7	1	0:00:15.117315
5800	2	4	4	0	0:00:15.053480
5820	5	6	6	0	0:00:15.081556
5840	2	6	6	0	0:00:15.125198
5860	0	8	8	0	0:00:15.032250
5880	0	0	0	1	0:00:15.117611
5900	4	4	4	1	0:00:15.153177
5920	8	8	8	1	0:00:15.082693
5940	7	4	4	0	0:00:15.075980
5960	2	7	7	0	0:00:15.120243
5980	9	9	9	1	0:00:15.117877
6000	8	9	8	0	0:00:14.997165
6020	6	6	6	1	0:00:15.064645
6040	2	7	7	0	0:00:15.121486
6060	3	4	4	0	0:00:15.026621
6080	1	1	1	1	0:00:15.067158
6100	1	1	8	1	0:00:15.081026
6120	5	5	5	1	0:00:15.066149
6140	9	9	9	1	0:00:15.127700
6160	2	5	5	0	0:00:15.091773
6180	0	9	2	0	0:00:15.087692
6200	3	3	3	1	0:00:15.089790
6220	2	6	6	0	0:00:15.155411
6240	2	6	4	0	0:00:15.084203
6260	2	9	1	0	0:00:15.074595
6280	8	5	5	0	0:00:15.097574
6300	1	1	4	1	0:00:15.113443
6320	0	0	0	1	0:00:15.112020
6340	3	7	7	0	0:00:15.285340
6360	2	2	2	1	0:00:15.290678
6380	3	6	6	0	0:00:15.095010
6400	0	1	8	0	0:00:15.108883
6420	7	5	5	0	0:00:15.130706
6440	3	8	8	0	0:00:15.148295
6460	3	1	0	0	0:00:15.030557
6480	0	0	0	1	0:00:15.087347
6500	7	0	0	0	0:00:15.119306
6520	6	4	4	0	0:00:15.062577
6540	8	8	8	1	0:00:15.245931
6560	6	6	6	1	0:00:15.160842
6580	1	9	9	0	0:00:15.118809
6600	7	7	7	1	0:00:15.197011
6620	7	7	7	1	0:00:15.040412
6640	5	3	3	0	0:00:15.025782
6660	0	0	0	1	0:00:15.070301
6680	3	5	3	0	0:00:15.119097
6700	6	6	6	1	0:00:15.132030
6720	2	2	2	1	0:00:15.124526
6740	2	6	6	0	0:00:15.081419
6760	5	5	2	1	0:00:15.038439
6780	7	7	7	1	0:00:15.126176
6800	6	6	6	1	0:00:15.116355
6820	1	1	1	1	0:00:15.025800
6840	9	1	1	0	0:00:15.145327
6860	0	0	0	1	0:00:15.059502
6880	2	7	7	0	0:00:15.142502
6900	3	7	7	0	0:00:15.047688
6920	5	2	2	0	0:00:15.035640
6940	1	1	1	1	0:00:15.087534
6960	9	8	8	0	0:00:15.143553
6980	0	9	9	0	0:00:15.159040
7000	2	8	8	0	0:00:15.145938
7020	7	7	7	1	0:00:15.108665
7040	7	8	8	0	0:00:15.140111
7060	8	8	8	1	0:00:15.243380
7080	5	4	4	0	0:00:15.157763
7100	9	9	3	1	0:00:15.122348
7120	7	7	7	1	0:00:15.177698
7140	4	4	4	1	0:00:15.079677
7160	5	5	4	1	0:00:15.132098
7180	6	6	6	1	0:00:15.116394
7200	4	6	2	0	0:00:15.125404
7220	9	9	0	1	0:00:15.069002
7240	0	8	8	0	0:00:15.171398
7260	1	8	8	0	0:00:15.117121
7280	1	1	7	1	0:00:15.069522
7300	3	7	7	0	0:00:15.076246
7320	8	0	0	0	0:00:15.101824
7340	2	4	4	0	0:00:15.011771
7360	2	7	7	0	0:00:15.176938
7380	7	7	7	1	0:00:15.075500
7400	3	9	3	0	0:00:15.051975
7420	3	0	0	0	0:00:15.201806
7440	3	6	6	0	0:00:15.108377
7460	5	5	5	1	0:00:15.098732
7480	1	5	5	0	0:00:15.123518
7500	6	6	6	1	0:00:15.097366
7520	4	6	4	0	0:00:15.034142
7540	5	5	5	1	0:00:15.141531
7560	0	2	2	0	0:00:15.092172
7580	8	8	8	1	0:00:15.103596
7600	8	9	9	0	0:00:15.216681
7620	5	3	3	0	0:00:15.086804
7640	9	9	8	1	0:00:15.115652
7660	7	9	7	0	0:00:15.011109
7680	3	9	9	0	0:00:15.067229
7700	6	6	6	1	0:00:15.118674
7720	5	4	4	0	0:00:15.072847
7740	4	6	2	0	0:00:15.113734
7760	2	9	9	0	0:00:14.991769
7780	3	9	9	0	0:00:15.230743
7800	0	0	0	1	0:00:15.077049
7820	5	8	8	0	0:00:15.100393
7840	1	1	1	1	0:00:15.081887
7860	8	1	8	0	0:00:15.131315
7880	0	2	2	0	0:00:15.119249
7900	0	2	8	0	0:00:15.037746
7920	9	8	8	0	0:00:15.142628
7940	2	6	6	0	0:00:15.079289
7960	0	0	2	1	0:00:15.101844
7980	3	7	4	0	0:00:15.205371
8000	9	9	9	1	0:00:15.117604
8020	6	6	6	1	0:00:15.086019
8040	2	6	6	0	0:00:15.052929
8060	6	6	6	1	0:00:15.179108
8080	4	6	4	0	0:00:15.140456
8100	6	2	2	0	0:00:15.132967
8120	8	9	8	0	0:00:15.074338
8140	5	4	6	0	0:00:15.078487
8160	6	6	6	1	0:00:15.190660
8180	4	6	6	0	0:00:15.179119
8200	3	6	4	0	0:00:15.058418
8220	6	7	2	0	0:00:15.055808
8240	7	7	7	1	0:00:15.077556
8260	1	1	1	1	0:00:15.031593
8280	4	5	5	0	0:00:15.128290
8300	5	2	2	0	0:00:15.038142
8320	7	9	4	0	0:00:15.212046
8340	5	5	5	1	0:00:15.127270
8360	7	7	7	1	0:00:15.081589
8380	9	9	9	1	0:00:15.253298
8400	0	8	8	0	0:00:15.141603
8420	3	6	4	0	0:00:15.172127
8440	5	3	4	0	0:00:15.082757
8460	8	8	8	1	0:00:15.163874
8480	2	1	8	0	0:00:15.106781
8500	4	2	2	0	0:00:15.156622
8520	8	8	4	1	0:00:15.110014
8540	4	6	2	0	0:00:15.062773
8560	7	7	7	1	0:00:15.104319
8580	3	9	9	0	0:00:15.338850
8600	3	7	4	0	0:00:15.054063
8620	3	4	4	0	0:00:15.024513
8640	1	1	1	1	0:00:15.133289
8660	7	5	5	0	0:00:15.134876
8680	3	7	0	0	0:00:15.085477
8700	3	3	3	1	0:00:15.071551
8720	2	0	0	0	0:00:15.096552
8740	2	6	4	0	0:00:15.086403
8760	8	8	8	1	0:00:15.063284
8780	4	4	4	1	0:00:15.105747
8800	0	0	0	1	0:00:15.076637
8820	2	2	2	1	0:00:15.061754
8840	2	1	1	0	0:00:15.099568
8860	2	2	2	1	0:00:15.154473
8880	1	1	1	1	0:00:15.082112
8900	2	4	4	0	0:00:15.080573
8920	6	6	6	1	0:00:15.130945
8940	6	3	3	0	0:00:15.154098
8960	0	0	0	1	0:00:15.157623
8980	9	9	9	1	0:00:15.145987
9000	8	8	8	1	0:00:15.264969
9020	7	7	7	1	0:00:15.040059
9040	2	5	5	0	0:00:15.121809
9060	9	5	5	0	0:00:15.112426
9080	3	0	0	0	0:00:15.036621
9100	9	6	6	0	0:00:15.094950
9120	3	0	0	0	0:00:15.033096
9140	7	7	8	1	0:00:15.079595
9160	5	5	5	1	0:00:15.103085
9180	5	5	5	1	0:00:15.099900
9200	8	8	8	1	0:00:15.041880
9220	8	8	8	1	0:00:15.168510
9240	8	8	8	1	0:00:15.104532
9260	5	5	5	1	0:00:15.096809
9280	9	8	8	0	0:00:15.098881
9300	5	5	5	1	0:00:15.164202
9320	9	9	9	1	0:00:15.103121
9340	1	1	1	1	0:00:15.073949
9360	5	0	0	0	0:00:15.112689
9380	5	9	5	0	0:00:15.043874
9400	6	6	2	1	0:00:15.126063
9420	5	5	5	1	0:00:15.161993
9440	8	8	8	1	0:00:15.164787
9460	3	6	6	0	0:00:15.098539
9480	2	6	4	0	0:00:15.081885
9500	9	1	5	0	0:00:15.170224
9520	1	1	1	1	0:00:15.085190
9540	5	5	5	1	0:00:15.108513
9560	9	7	7	0	0:00:15.073246
9580	1	1	4	1	0:00:15.021089
9600	8	8	8	1	0:00:15.032684
9620	4	7	7	0	0:00:15.118250
9640	5	0	0	0	0:00:15.014875
9660	6	6	6	1	0:00:15.132859
9680	8	8	8	1	0:00:15.142221
9700	0	0	0	1	0:00:15.140589
9720	8	1	8	0	0:00:15.083816
9740	3	6	6	0	0:00:15.051476
9760	9	9	7	1	0:00:15.098626
9780	4	6	6	0	0:00:15.121136
9800	1	1	1	1	0:00:15.134678
9820	0	8	8	0	0:00:15.101367
9840	4	3	3	0	0:00:15.138064
9860	0	5	8	0	0:00:15.134981
9880	7	7	4	1	0:00:15.047876
9900	8	0	0	0	0:00:15.075310
9920	6	6	6	1	0:00:15.063899
9940	4	5	5	0	0:00:15.144749
9960	2	0	0	0	0:00:15.060951
9980	0	0	0	1	0:00:15.083758
