idx	label	predict	basePredict	correct	time
0	3	3	3	1	0:00:15.954435
20	7	7	7	1	0:00:15.818649
40	4	4	4	1	0:00:15.827552
60	7	7	7	1	0:00:15.825352
80	8	8	8	1	0:00:15.812509
100	4	4	5	1	0:00:15.848297
120	8	8	8	1	0:00:15.796975
140	6	6	6	1	0:00:15.765726
160	2	2	2	1	0:00:15.827724
180	0	0	0	1	0:00:15.793617
200	5	5	5	1	0:00:15.859780
220	7	7	7	1	0:00:15.801685
240	1	1	1	1	0:00:15.788702
260	8	8	8	1	0:00:15.788075
280	9	9	9	1	0:00:15.794139
300	6	6	6	1	0:00:15.824023
320	3	3	3	1	0:00:15.863491
340	2	2	2	1	0:00:15.803092
360	9	9	9	1	0:00:15.829092
380	6	6	6	1	0:00:15.793337
400	9	9	9	1	0:00:15.858647
420	4	4	3	1	0:00:15.842514
440	1	1	1	1	0:00:15.793548
460	5	5	5	1	0:00:15.823350
480	8	8	8	1	0:00:15.786186
500	4	6	4	0	0:00:15.905993
520	5	5	5	1	0:00:15.827945
540	1	1	1	1	0:00:15.814337
560	0	0	0	1	0:00:15.844160
580	4	4	4	1	0:00:15.789031
600	8	8	8	1	0:00:15.826665
620	7	7	7	1	0:00:15.814448
640	5	3	3	0	0:00:15.790914
660	9	9	9	1	0:00:15.794709
680	9	9	1	1	0:00:15.782199
700	7	7	7	1	0:00:15.788868
720	4	4	4	1	0:00:15.894167
740	2	2	5	1	0:00:15.869348
760	3	3	3	1	0:00:15.833000
780	9	9	9	1	0:00:15.864970
800	7	7	7	1	0:00:15.874816
820	6	5	5	0	0:00:15.808722
840	7	7	7	1	0:00:15.815092
860	4	4	2	1	0:00:15.836420
880	8	8	8	1	0:00:15.818938
900	2	6	3	0	0:00:15.793136
920	6	4	4	0	0:00:15.819955
940	9	9	9	1	0:00:15.834712
960	9	9	3	1	0:00:15.836871
980	2	2	2	1	0:00:15.818272
1000	5	5	5	1	0:00:15.094496
1020	1	1	1	1	0:00:15.115237
1040	7	7	2	1	0:00:15.117074
1060	9	9	9	1	0:00:15.108141
1080	6	2	2	0	0:00:15.124444
1100	7	5	5	0	0:00:15.078499
1120	5	5	2	1	0:00:15.096757
1140	6	6	3	1	0:00:15.110431
1160	8	8	8	1	0:00:15.082642
1180	3	3	3	1	0:00:15.101840
1200	8	8	8	1	0:00:15.110558
1220	9	3	3	0	0:00:15.086358
1240	2	2	2	1	0:00:15.100034
1260	1	9	9	0	0:00:15.085286
1280	3	3	3	1	0:00:15.073220
1300	4	3	3	0	0:00:15.101799
1320	7	7	7	1	0:00:15.107193
1340	1	1	1	1	0:00:15.103197
1360	7	7	7	1	0:00:15.117147
1380	4	4	4	1	0:00:15.104492
1400	5	5	5	1	0:00:15.081108
1420	4	2	2	0	0:00:15.109226
1440	0	0	0	1	0:00:15.088811
1460	6	6	6	1	0:00:15.106621
1480	1	1	1	1	0:00:15.084971
1500	1	1	1	1	0:00:15.098069
1520	7	7	7	1	0:00:15.086218
1540	8	8	8	1	0:00:15.091127
1560	7	7	7	1	0:00:15.092036
1580	6	6	6	1	0:00:15.101574
1600	8	8	8	1	0:00:15.117898
1620	5	3	3	0	0:00:15.103665
1640	7	7	7	1	0:00:15.097917
1660	3	3	3	1	0:00:15.105383
1680	6	6	3	1	0:00:15.091432
1700	5	5	5	1	0:00:15.117272
1720	4	4	4	1	0:00:15.073500
1740	1	1	1	1	0:00:15.078679
1760	0	0	0	1	0:00:15.081208
1780	7	7	7	1	0:00:15.102729
1800	4	4	4	1	0:00:15.199134
1820	8	8	8	1	0:00:15.101693
1840	8	8	8	1	0:00:15.100643
1860	8	8	8	1	0:00:15.106974
1880	1	1	1	1	0:00:15.093330
1900	8	8	8	1	0:00:15.102701
1920	2	2	2	1	0:00:15.105163
1940	5	5	2	1	0:00:15.125843
1960	2	2	2	1	0:00:15.142262
1980	9	9	9	1	0:00:15.137774
2000	1	1	1	1	0:00:15.136907
2020	9	9	9	1	0:00:15.133724
2040	0	0	0	1	0:00:15.096904
2060	5	3	3	0	0:00:15.100097
2080	1	1	1	1	0:00:15.108307
2100	2	2	2	1	0:00:15.074955
2120	4	8	8	0	0:00:15.079681
2140	9	9	9	1	0:00:15.105289
2160	0	0	0	1	0:00:15.099603
2180	4	4	4	1	0:00:15.077003
2200	0	0	0	1	0:00:15.185524
2220	1	1	1	1	0:00:15.076946
2240	9	9	9	1	0:00:15.091961
2260	4	4	4	1	0:00:15.110586
2280	4	4	2	1	0:00:15.108362
2300	3	1	1	0	0:00:15.078277
2320	5	3	3	0	0:00:15.113035
2340	7	7	7	1	0:00:15.109991
2360	7	7	7	1	0:00:15.115365
2380	8	8	8	1	0:00:15.109452
2400	0	0	0	1	0:00:15.106397
2420	8	7	7	0	0:00:15.121693
2440	7	7	7	1	0:00:15.096937
2460	9	9	9	1	0:00:15.194755
2480	8	8	8	1	0:00:15.085684
2500	4	6	5	0	0:00:15.080975
2520	1	0	0	0	0:00:15.097117
2540	2	2	2	1	0:00:15.113856
2560	7	7	7	1	0:00:15.103372
2580	6	6	6	1	0:00:15.126384
2600	8	8	8	1	0:00:15.136160
2620	1	1	1	1	0:00:15.089573
2640	7	7	7	1	0:00:15.120602
2660	3	3	3	1	0:00:15.095574
2680	0	0	0	1	0:00:15.176055
2700	9	1	1	0	0:00:15.110621
2720	3	3	3	1	0:00:15.105586
2740	1	1	1	1	0:00:15.086392
2760	2	2	2	1	0:00:15.082160
2780	7	7	7	1	0:00:15.085286
2800	4	4	6	1	0:00:15.090920
2820	6	6	6	1	0:00:15.095040
2840	3	3	3	1	0:00:15.081527
2860	5	5	5	1	0:00:15.153754
2880	4	4	4	1	0:00:15.090755
2900	3	3	3	1	0:00:15.119384
2920	2	2	2	1	0:00:15.095073
2940	3	0	0	0	0:00:15.092005
2960	9	0	0	0	0:00:15.184085
2980	8	8	8	1	0:00:15.114754
3000	5	5	5	1	0:00:15.110890
3020	1	1	1	1	0:00:15.099904
3040	7	7	7	1	0:00:15.132095
3060	7	7	7	1	0:00:15.111512
3080	1	1	1	1	0:00:15.137677
3100	0	0	0	1	0:00:15.100667
3120	4	4	3	1	0:00:15.088113
3140	8	8	8	1	0:00:15.130849
3160	6	2	2	0	0:00:15.149762
3180	3	3	3	1	0:00:15.091012
3200	5	5	5	1	0:00:15.092711
3220	3	3	3	1	0:00:15.095135
3240	4	4	1	1	0:00:15.108906
3260	7	7	7	1	0:00:15.117027
3280	3	3	3	1	0:00:15.098493
3300	4	4	4	1	0:00:15.101037
3320	2	2	3	1	0:00:15.109153
3340	6	6	6	1	0:00:15.084340
3360	4	4	4	1	0:00:15.085176
3380	8	8	8	1	0:00:15.099565
3400	6	1	0	0	0:00:15.098436
3420	5	3	3	0	0:00:15.101997
3440	2	3	3	0	0:00:15.128364
3460	1	1	1	1	0:00:15.080497
3480	2	2	2	1	0:00:15.079281
3500	1	1	1	1	0:00:15.100489
3520	1	1	1	1	0:00:15.096854
3540	6	6	6	1	0:00:15.101623
3560	1	9	9	0	0:00:15.084826
3580	4	4	2	1	0:00:15.091586
3600	4	3	3	0	0:00:15.116451
3620	0	0	0	1	0:00:15.102829
3640	6	6	6	1	0:00:15.108495
3660	0	0	0	1	0:00:15.080475
3680	0	0	0	1	0:00:15.098691
3700	3	3	3	1	0:00:15.102756
3720	2	2	2	1	0:00:15.113518
3740	0	0	0	1	0:00:15.124132
3760	7	7	7	1	0:00:15.110847
3780	4	3	3	0	0:00:15.098725
3800	9	9	9	1	0:00:15.107056
3820	0	3	3	0	0:00:15.131574
3840	6	5	5	0	0:00:15.100069
3860	7	7	7	1	0:00:15.100853
3880	6	6	6	1	0:00:15.140417
3900	3	3	3	1	0:00:15.113758
3920	7	7	7	1	0:00:15.110384
3940	6	6	6	1	0:00:15.102350
3960	2	2	2	1	0:00:15.088421
3980	9	2	9	0	0:00:15.094368
4000	8	4	7	0	0:00:15.112219
4020	8	8	8	1	0:00:15.106349
4040	0	0	0	1	0:00:15.154421
4060	6	6	6	1	0:00:15.092394
4080	1	1	1	1	0:00:15.109931
4100	7	7	7	1	0:00:15.100778
4120	4	4	4	1	0:00:15.207741
4140	5	5	3	1	0:00:15.119943
4160	5	5	5	1	0:00:15.084476
4180	0	0	8	1	0:00:15.070779
4200	4	4	4	1	0:00:15.109166
4220	4	0	0	0	0:00:15.111159
4240	7	7	7	1	0:00:15.117844
4260	8	8	8	1	0:00:15.089237
4280	8	8	8	1	0:00:15.098885
4300	8	8	8	1	0:00:15.099010
4320	1	1	1	1	0:00:15.191403
4340	0	0	0	1	0:00:15.160062
4360	6	6	6	1	0:00:15.101573
4380	9	9	9	1	0:00:15.113364
4400	3	3	3	1	0:00:15.094984
4420	5	5	5	1	0:00:15.091406
4440	2	2	2	1	0:00:15.095526
4460	9	9	9	1	0:00:15.117429
4480	9	9	9	1	0:00:15.150150
4500	3	3	3	1	0:00:15.095827
4520	3	3	3	1	0:00:15.097773
4540	9	9	9	1	0:00:15.134581
4560	1	1	1	1	0:00:15.102605
4580	6	6	6	1	0:00:15.092727
4600	4	4	4	1	0:00:15.144602
4620	7	7	7	1	0:00:15.118225
4640	2	2	2	1	0:00:15.085741
4660	7	7	7	1	0:00:15.177209
4680	9	9	9	1	0:00:15.108578
4700	6	5	5	0	0:00:15.088445
4720	8	8	8	1	0:00:15.086347
4740	5	3	3	0	0:00:15.104305
4760	3	2	3	0	0:00:15.141341
4780	0	0	0	1	0:00:15.101581
4800	9	9	9	1	0:00:15.084721
4820	3	3	3	1	0:00:15.090779
4840	0	0	0	1	0:00:15.081101
4860	5	5	5	1	0:00:15.087737
4880	0	0	0	1	0:00:15.097229
4900	3	3	3	1	0:00:15.180622
4920	7	7	7	1	0:00:15.097622
4940	6	6	6	1	0:00:15.157005
4960	4	4	4	1	0:00:15.163558
4980	1	1	1	1	0:00:15.106115
5000	7	7	7	1	0:00:15.126724
5020	8	8	8	1	0:00:15.102894
5040	3	3	3	1	0:00:15.093052
5060	6	6	3	1	0:00:15.086419
5080	7	7	7	1	0:00:15.079211
5100	3	3	3	1	0:00:15.090190
5120	9	9	9	1	0:00:15.096704
5140	8	8	8	1	0:00:15.091060
5160	0	0	0	1	0:00:15.115392
5180	9	7	5	0	0:00:15.101547
5200	3	3	2	1	0:00:15.070636
5220	0	0	0	1	0:00:15.081386
5240	1	1	1	1	0:00:15.130780
5260	0	0	0	1	0:00:15.085374
5280	0	4	4	0	0:00:15.122853
5300	9	9	9	1	0:00:15.116771
5320	7	7	7	1	0:00:15.112652
5340	3	3	3	1	0:00:15.094117
5360	9	9	9	1	0:00:15.204521
5380	1	9	1	0	0:00:15.119157
5400	9	9	9	1	0:00:15.111920
5420	6	6	6	1	0:00:15.099234
5440	9	9	9	1	0:00:15.101092
5460	0	0	0	1	0:00:15.094458
5480	1	1	1	1	0:00:15.083450
5500	8	8	8	1	0:00:15.086160
5520	4	4	3	1	0:00:15.095025
5540	5	5	5	1	0:00:15.096508
5560	3	3	3	1	0:00:15.090443
5580	5	3	3	0	0:00:15.083096
5600	6	3	3	0	0:00:15.088810
5620	3	3	3	1	0:00:15.139503
5640	2	3	2	0	0:00:15.102240
5660	9	9	9	1	0:00:15.079676
5680	2	2	2	1	0:00:15.096727
5700	3	3	3	1	0:00:15.193003
5720	9	9	9	1	0:00:15.092359
5740	6	6	6	1	0:00:15.112819
5760	2	2	2	1	0:00:15.091660
5780	7	7	7	1	0:00:15.088612
5800	2	2	2	1	0:00:15.102472
5820	5	5	5	1	0:00:15.102215
5840	2	2	2	1	0:00:15.099462
5860	0	0	8	1	0:00:15.108331
5880	0	0	0	1	0:00:15.098858
5900	4	0	0	0	0:00:15.084263
5920	8	8	8	1	0:00:15.125561
5940	7	7	7	1	0:00:15.113561
5960	2	6	5	0	0:00:15.130488
5980	9	9	9	1	0:00:15.122758
6000	8	8	8	1	0:00:15.168732
6020	6	6	6	1	0:00:15.106193
6040	2	7	7	0	0:00:15.111016
6060	3	3	2	1	0:00:15.141276
6080	1	1	1	1	0:00:15.125265
6100	1	1	1	1	0:00:15.150799
6120	5	5	5	1	0:00:15.128752
6140	9	9	9	1	0:00:15.104029
6160	2	2	2	1	0:00:15.102534
6180	0	0	0	1	0:00:15.082519
6200	3	3	3	1	0:00:15.163983
6220	2	2	2	1	0:00:15.106494
6240	2	2	2	1	0:00:15.101453
6260	2	8	2	0	0:00:15.106327
6280	8	8	8	1	0:00:15.100355
6300	1	1	1	1	0:00:15.145964
6320	0	0	0	1	0:00:15.104058
6340	3	3	3	1	0:00:15.134879
6360	2	2	2	1	0:00:15.116628
6380	3	3	3	1	0:00:15.121558
6400	0	0	0	1	0:00:15.084760
6420	7	7	7	1	0:00:15.124121
6440	3	2	2	0	0:00:15.096354
6460	3	3	3	1	0:00:15.084851
6480	0	0	0	1	0:00:15.083087
6500	7	7	3	1	0:00:15.084675
6520	6	6	6	1	0:00:15.092937
6540	8	8	8	1	0:00:15.080670
6560	6	6	5	1	0:00:15.104459
6580	1	1	1	1	0:00:15.097948
6600	7	7	7	1	0:00:15.092062
6620	7	7	7	1	0:00:15.071985
6640	5	3	3	0	0:00:15.091687
6660	0	0	0	1	0:00:15.121891
6680	3	3	3	1	0:00:15.130067
6700	6	6	6	1	0:00:15.094851
6720	2	2	2	1	0:00:15.100435
6740	2	2	2	1	0:00:15.093657
6760	5	5	5	1	0:00:15.105835
6780	7	7	7	1	0:00:15.164190
6800	6	3	3	0	0:00:15.082376
6820	1	1	1	1	0:00:15.099530
6840	9	9	9	1	0:00:15.103154
6860	0	0	0	1	0:00:15.087878
6880	2	2	2	1	0:00:15.105986
6900	3	3	3	1	0:00:15.115632
6920	5	6	2	0	0:00:15.176632
6940	1	1	1	1	0:00:15.097861
6960	9	9	9	1	0:00:15.106081
6980	0	8	8	0	0:00:15.130046
7000	2	8	8	0	0:00:15.099030
7020	7	7	7	1	0:00:15.106939
7040	7	0	0	0	0:00:15.091517
7060	8	8	8	1	0:00:15.096433
7080	5	3	3	0	0:00:15.129781
7100	9	3	3	0	0:00:15.106441
7120	7	7	7	1	0:00:15.100247
7140	4	4	2	1	0:00:15.116381
7160	5	5	5	1	0:00:15.116926
7180	6	6	3	1	0:00:15.098108
7200	4	4	4	1	0:00:15.079662
7220	9	9	9	1	0:00:15.115191
7240	0	0	0	1	0:00:15.099704
7260	1	1	1	1	0:00:15.097208
7280	1	9	9	0	0:00:15.096231
7300	3	5	5	0	0:00:15.118723
7320	8	8	8	1	0:00:15.109314
7340	2	2	2	1	0:00:15.097593
7360	2	2	2	1	0:00:15.104651
7380	7	7	7	1	0:00:15.102458
7400	3	3	3	1	0:00:15.100054
7420	3	3	3	1	0:00:15.151364
7440	3	3	3	1	0:00:15.111158
7460	5	5	5	1	0:00:15.124242
7480	1	1	1	1	0:00:15.096367
7500	6	6	6	1	0:00:15.126672
7520	4	4	4	1	0:00:15.180914
7540	5	5	5	1	0:00:15.127115
7560	0	0	0	1	0:00:15.164352
7580	8	8	8	1	0:00:15.146429
7600	8	2	2	0	0:00:15.113615
7620	5	5	5	1	0:00:15.098254
7640	9	8	8	0	0:00:15.127768
7660	7	7	7	1	0:00:15.095398
7680	3	5	5	0	0:00:15.113295
7700	6	6	6	1	0:00:15.099277
7720	5	5	2	1	0:00:15.095946
7740	4	4	4	1	0:00:15.127581
7760	2	2	2	1	0:00:15.104749
7780	3	9	8	0	0:00:15.110864
7800	0	0	0	1	0:00:15.084155
7820	5	3	3	0	0:00:15.105380
7840	1	1	1	1	0:00:15.087657
7860	8	8	8	1	0:00:15.116095
7880	0	0	0	1	0:00:15.094476
7900	0	0	0	1	0:00:15.108017
7920	9	9	9	1	0:00:15.111937
7940	2	2	2	1	0:00:15.080555
7960	0	0	0	1	0:00:15.090786
7980	3	3	3	1	0:00:15.100117
8000	9	9	9	1	0:00:15.136431
8020	6	3	3	0	0:00:15.089909
8040	2	2	2	1	0:00:15.094842
8060	6	6	6	1	0:00:15.114971
8080	4	4	4	1	0:00:15.134647
8100	6	6	2	1	0:00:15.097905
8120	8	8	8	1	0:00:15.132458
8140	5	3	3	0	0:00:15.188637
8160	6	6	6	1	0:00:15.120619
8180	4	2	2	0	0:00:15.082535
8200	3	4	3	0	0:00:15.091306
8220	6	6	6	1	0:00:15.085800
8240	7	7	7	1	0:00:15.098111
8260	1	1	1	1	0:00:15.102602
8280	4	4	4	1	0:00:15.111965
8300	5	5	5	1	0:00:15.093217
8320	7	7	7	1	0:00:15.091649
8340	5	5	3	1	0:00:15.120324
8360	7	7	7	1	0:00:15.094915
8380	9	9	9	1	0:00:15.108675
8400	0	0	0	1	0:00:15.169389
8420	3	6	5	0	0:00:15.133855
8440	5	2	2	0	0:00:15.095973
8460	8	8	8	1	0:00:15.093504
8480	2	2	2	1	0:00:15.120718
8500	4	4	4	1	0:00:15.102483
8520	8	8	8	1	0:00:15.136276
8540	4	2	2	0	0:00:15.105245
8560	7	7	7	1	0:00:15.092066
8580	3	5	5	0	0:00:15.090854
8600	3	3	3	1	0:00:15.152241
8620	3	5	5	0	0:00:15.196185
8640	1	1	1	1	0:00:15.085596
8660	7	7	7	1	0:00:15.102238
8680	3	3	3	1	0:00:15.139573
8700	3	5	5	0	0:00:15.100673
8720	2	0	0	0	0:00:15.118209
8740	2	2	2	1	0:00:15.123457
8760	8	8	8	1	0:00:15.091805
8780	4	7	7	0	0:00:15.121508
8800	0	0	0	1	0:00:15.114010
8820	2	2	2	1	0:00:15.084576
8840	2	2	2	1	0:00:15.083850
8860	2	2	2	1	0:00:15.079338
8880	1	1	1	1	0:00:15.100750
8900	2	2	2	1	0:00:15.110368
8920	6	6	6	1	0:00:15.118097
8940	6	6	6	1	0:00:15.120235
8960	0	2	2	0	0:00:15.105547
8980	9	9	9	1	0:00:15.116188
9000	8	8	8	1	0:00:15.086288
9020	7	7	7	1	0:00:15.086397
9040	2	5	5	0	0:00:15.087874
9060	9	9	9	1	0:00:15.121330
9080	3	5	2	0	0:00:15.083517
9100	9	9	1	1	0:00:15.117392
9120	3	2	3	0	0:00:15.179465
9140	7	7	7	1	0:00:15.133229
9160	5	3	3	0	0:00:15.088381
9180	5	5	5	1	0:00:15.074910
9200	8	8	8	1	0:00:15.106705
9220	8	8	8	1	0:00:15.142342
9240	8	8	8	1	0:00:15.085753
9260	5	3	3	0	0:00:15.108360
9280	9	9	9	1	0:00:15.120347
9300	5	3	3	0	0:00:15.108980
9320	9	9	9	1	0:00:15.105904
9340	1	1	1	1	0:00:15.108203
9360	5	0	0	0	0:00:15.150915
9380	5	3	3	0	0:00:15.080625
9400	6	6	6	1	0:00:15.103542
9420	5	5	5	1	0:00:15.096047
9440	8	8	8	1	0:00:15.104950
9460	3	3	3	1	0:00:15.094625
9480	2	6	2	0	0:00:15.087206
9500	9	9	9	1	0:00:15.078977
9520	1	1	1	1	0:00:15.161976
9540	5	5	5	1	0:00:15.122793
9560	9	7	7	0	0:00:15.075618
9580	1	1	1	1	0:00:15.079940
9600	8	8	8	1	0:00:15.110477
9620	4	4	4	1	0:00:15.090700
9640	5	5	5	1	0:00:15.065597
9660	6	6	6	1	0:00:15.087749
9680	8	8	8	1	0:00:15.072427
9700	0	0	0	1	0:00:15.080214
9720	8	8	8	1	0:00:15.121764
9740	3	6	3	0	0:00:15.120558
9760	9	9	9	1	0:00:15.074883
9780	4	4	2	1	0:00:15.098518
9800	1	1	1	1	0:00:15.072974
9820	0	0	8	1	0:00:15.112106
9840	4	7	7	0	0:00:15.081062
9860	0	0	0	1	0:00:15.092487
9880	7	7	7	1	0:00:15.119048
9900	8	8	8	1	0:00:15.066249
9920	6	6	6	1	0:00:15.104887
9940	4	4	4	1	0:00:15.112365
9960	2	0	0	0	0:00:15.062718
9980	0	0	0	1	0:00:15.120567
