idx	label	predict	basePredict	correct	time
0	3	3	3	1	0:00:08.329692
20	7	5	5	0	0:00:08.282255
40	4	-1	4	0	0:00:08.227922
60	7	7	7	1	0:00:08.401199
80	8	8	8	1	0:00:08.235929
100	4	5	5	0	0:00:08.260868
120	8	1	8	0	0:00:08.216799
140	6	-1	2	0	0:00:08.209922
160	2	2	2	1	0:00:08.228803
180	0	0	0	1	0:00:08.214745
200	5	5	5	1	0:00:08.248756
220	7	5	5	0	0:00:08.210177
240	1	1	1	1	0:00:08.215999
260	8	8	8	1	0:00:08.251753
280	9	-1	0	0	0:00:08.221972
300	6	6	6	1	0:00:08.236425
320	3	-1	5	0	0:00:08.219232
340	2	4	4	0	0:00:08.234445
360	9	9	3	1	0:00:08.231906
380	6	6	2	1	0:00:08.216714
400	9	9	9	1	0:00:08.213028
420	4	4	4	1	0:00:08.221302
440	1	1	1	1	0:00:08.214575
460	5	5	5	1	0:00:08.234159
480	8	9	8	0	0:00:08.236690
500	4	-1	3	0	0:00:08.204251
520	5	5	5	1	0:00:08.235240
540	1	1	1	1	0:00:08.224210
560	0	0	0	1	0:00:08.211933
580	4	4	4	1	0:00:08.216091
600	8	8	8	1	0:00:08.210780
620	7	7	7	1	0:00:08.264654
640	5	3	3	0	0:00:08.219912
660	9	9	8	1	0:00:08.197632
680	9	9	2	1	0:00:08.225394
700	7	7	7	1	0:00:08.220253
720	4	-1	4	0	0:00:08.232827
740	2	5	5	0	0:00:08.230099
760	3	-1	3	0	0:00:08.228702
780	9	9	9	1	0:00:08.219045
800	7	7	7	1	0:00:08.213405
820	6	6	2	1	0:00:08.248597
840	7	7	7	1	0:00:08.231590
860	4	7	2	0	0:00:08.226551
880	8	8	8	1	0:00:08.234281
900	2	6	6	0	0:00:08.220789
920	6	6	4	1	0:00:08.219617
940	9	9	9	1	0:00:08.214286
960	9	3	3	0	0:00:08.212918
980	2	4	2	0	0:00:08.203897
1000	5	5	5	1	0:00:08.117670
1020	1	1	1	1	0:00:08.117304
1040	7	5	5	0	0:00:08.136565
1060	9	9	9	1	0:00:08.117833
1080	6	6	6	1	0:00:08.116548
1100	7	-1	8	0	0:00:08.112872
1120	5	2	2	0	0:00:08.116396
1140	6	6	5	1	0:00:08.116709
1160	8	8	8	1	0:00:08.116456
1180	3	3	3	1	0:00:08.128497
1200	8	8	8	1	0:00:08.120063
1220	9	6	3	0	0:00:08.115260
1240	2	6	6	0	0:00:08.114295
1260	1	9	9	0	0:00:08.114212
1280	3	3	3	1	0:00:08.119547
1300	4	3	3	0	0:00:08.116014
1320	7	7	2	1	0:00:08.132698
1340	1	1	1	1	0:00:08.116147
1360	7	7	4	1	0:00:08.122174
1380	4	5	5	0	0:00:08.116637
1400	5	3	5	0	0:00:08.119215
1420	4	7	7	0	0:00:08.119763
1440	0	0	8	1	0:00:08.112734
1460	6	6	2	1	0:00:08.136420
1480	1	5	5	0	0:00:08.122628
1500	1	1	1	1	0:00:08.115942
1520	7	7	4	1	0:00:08.111919
1540	8	8	8	1	0:00:08.112456
1560	7	7	7	1	0:00:08.124742
1580	6	-1	3	0	0:00:08.116403
1600	8	9	3	0	0:00:08.136262
1620	5	-1	8	0	0:00:08.126649
1640	7	3	3	0	0:00:08.122793
1660	3	3	3	1	0:00:08.123249
1680	6	6	3	1	0:00:08.114635
1700	5	3	3	0	0:00:08.120378
1720	4	4	3	1	0:00:08.117583
1740	1	1	1	1	0:00:08.129950
1760	0	0	0	1	0:00:08.117569
1780	7	7	4	1	0:00:08.113597
1800	4	4	4	1	0:00:08.118610
1820	8	8	8	1	0:00:08.119122
1840	8	7	4	0	0:00:08.115048
1860	8	8	8	1	0:00:08.119332
1880	1	1	1	1	0:00:08.130576
1900	8	8	8	1	0:00:08.114816
1920	2	2	2	1	0:00:08.117550
1940	5	2	2	0	0:00:08.120491
1960	2	5	5	0	0:00:08.118612
1980	9	9	9	1	0:00:08.118588
2000	1	1	1	1	0:00:08.119948
2020	9	9	9	1	0:00:08.128449
2040	0	0	0	1	0:00:08.114670
2060	5	3	3	0	0:00:08.122085
2080	1	9	9	0	0:00:08.125185
2100	2	2	2	1	0:00:08.119945
2120	4	8	8	0	0:00:08.122440
2140	9	9	9	1	0:00:08.119030
2160	0	0	8	1	0:00:08.133495
2180	4	4	4	1	0:00:08.123356
2200	0	0	0	1	0:00:08.120836
2220	1	1	1	1	0:00:08.128396
2240	9	-1	1	0	0:00:08.125478
2260	4	4	4	1	0:00:08.126088
2280	4	-1	8	0	0:00:08.120722
2300	3	4	4	0	0:00:08.141351
2320	5	2	2	0	0:00:08.132029
2340	7	7	7	1	0:00:08.125272
2360	7	5	5	0	0:00:08.115109
2380	8	8	8	1	0:00:08.114810
2400	0	0	0	1	0:00:08.111961
2420	8	1	3	0	0:00:08.116321
2440	7	7	7	1	0:00:08.132350
2460	9	4	4	0	0:00:08.118024
2480	8	8	8	1	0:00:08.117034
2500	4	6	4	0	0:00:08.118418
2520	1	8	8	0	0:00:08.116832
2540	2	6	2	0	0:00:08.116855
2560	7	7	5	1	0:00:08.118992
2580	6	5	5	0	0:00:08.131379
2600	8	8	8	1	0:00:08.118750
2620	1	1	1	1	0:00:08.117895
2640	7	7	7	1	0:00:08.116114
2660	3	2	2	0	0:00:08.113176
2680	0	0	0	1	0:00:08.112307
2700	9	1	1	0	0:00:08.118589
2720	3	3	3	1	0:00:08.131178
2740	1	7	2	0	0:00:08.125242
2760	2	2	2	1	0:00:08.127896
2780	7	7	7	1	0:00:08.128146
2800	4	4	3	1	0:00:08.123435
2820	6	6	4	1	0:00:08.124649
2840	3	3	3	1	0:00:08.127065
2860	5	4	4	0	0:00:08.135816
2880	4	4	4	1	0:00:08.123100
2900	3	7	2	0	0:00:08.120664
2920	2	3	3	0	0:00:08.122648
2940	3	0	0	0	0:00:08.126648
2960	9	0	0	0	0:00:08.118611
2980	8	8	8	1	0:00:08.116206
3000	5	5	5	1	0:00:08.132217
3020	1	1	1	1	0:00:08.126936
3040	7	7	7	1	0:00:08.125101
3060	7	7	7	1	0:00:08.120553
3080	1	9	9	0	0:00:08.122310
3100	0	0	0	1	0:00:08.117908
3120	4	-1	3	0	0:00:08.111022
3140	8	8	8	1	0:00:08.128885
3160	6	2	2	0	0:00:08.128042
3180	3	6	3	0	0:00:08.119510
3200	5	5	5	1	0:00:08.113237
3220	3	9	9	0	0:00:08.116735
3240	4	0	0	0	0:00:08.117754
3260	7	7	7	1	0:00:08.115303
3280	3	5	5	0	0:00:08.120643
3300	4	4	2	1	0:00:08.112223
3320	2	7	7	0	0:00:08.114315
3340	6	6	0	1	0:00:08.106960
3360	4	4	3	1	0:00:08.114853
3380	8	8	8	1	0:00:08.111101
3400	6	4	4	0	0:00:08.111305
3420	5	7	7	0	0:00:08.119778
3440	2	3	3	0	0:00:08.111418
3460	1	1	1	1	0:00:08.111048
3480	2	2	2	1	0:00:08.110574
3500	1	9	9	0	0:00:08.110277
3520	1	1	1	1	0:00:08.113368
3540	6	6	3	1	0:00:08.114256
3560	1	9	9	0	0:00:08.125611
3580	4	-1	4	0	0:00:08.110428
3600	4	2	2	0	0:00:08.113088
3620	0	0	5	1	0:00:08.113780
3640	6	2	2	0	0:00:08.110847
3660	0	0	8	1	0:00:08.110007
3680	0	4	0	0	0:00:08.109576
3700	3	3	3	1	0:00:08.121598
3720	2	2	2	1	0:00:08.111859
3740	0	0	0	1	0:00:08.111290
3760	7	7	7	1	0:00:08.112481
3780	4	4	2	1	0:00:08.107216
3800	9	9	9	1	0:00:08.112669
3820	0	8	8	0	0:00:08.112606
3840	6	3	3	0	0:00:08.127093
3860	7	7	7	1	0:00:08.114830
3880	6	6	5	1	0:00:08.110643
3900	3	6	6	0	0:00:08.112287
3920	7	7	7	1	0:00:08.113601
3940	6	2	2	0	0:00:08.112171
3960	2	2	2	1	0:00:08.115524
3980	9	-1	3	0	0:00:08.129009
4000	8	4	2	0	0:00:08.113572
4020	8	8	8	1	0:00:08.111472
4040	0	0	0	1	0:00:08.114331
4060	6	6	0	1	0:00:08.110568
4080	1	1	1	1	0:00:08.112506
4100	7	7	7	1	0:00:08.115955
4120	4	4	4	1	0:00:08.125865
4140	5	5	3	1	0:00:08.113299
4160	5	3	2	0	0:00:08.114657
4180	0	8	8	0	0:00:08.109364
4200	4	2	2	0	0:00:08.107711
4220	4	0	0	0	0:00:08.112636
4240	7	0	0	0	0:00:08.110022
4260	8	8	8	1	0:00:08.123990
4280	8	0	0	0	0:00:08.113144
4300	8	8	8	1	0:00:08.107956
4320	1	9	8	0	0:00:08.107185
4340	0	0	0	1	0:00:08.105807
4360	6	6	6	1	0:00:08.113889
4380	9	9	9	1	0:00:08.112122
4400	3	4	5	0	0:00:08.124702
4420	5	5	5	1	0:00:08.108875
4440	2	4	2	0	0:00:08.107397
4460	9	9	9	1	0:00:08.111512
4480	9	9	9	1	0:00:08.110423
4500	3	5	5	0	0:00:08.110359
4520	3	6	3	0	0:00:08.107903
4540	9	9	9	1	0:00:08.118747
4560	1	1	1	1	0:00:08.112071
4580	6	6	4	1	0:00:08.104434
4600	4	4	4	1	0:00:08.113890
4620	7	3	3	0	0:00:08.115064
4640	2	2	5	1	0:00:08.112070
4660	7	4	4	0	0:00:08.112145
4680	9	9	1	1	0:00:08.124911
4700	6	5	5	0	0:00:08.114625
4720	8	-1	8	0	0:00:08.113453
4740	5	3	3	0	0:00:08.124437
4760	3	2	2	0	0:00:08.107718
4780	0	0	0	1	0:00:08.114391
4800	9	9	9	1	0:00:08.117209
4820	3	3	3	1	0:00:08.129378
4840	0	0	0	1	0:00:08.112812
4860	5	5	5	1	0:00:08.114368
4880	0	8	8	0	0:00:08.115180
4900	3	3	3	1	0:00:08.117011
4920	7	7	7	1	0:00:08.117031
4940	6	6	4	1	0:00:08.113517
4960	4	4	3	1	0:00:08.126482
4980	1	9	9	0	0:00:08.114509
5000	7	7	7	1	0:00:08.119051
5020	8	8	8	1	0:00:08.110308
5040	3	3	3	1	0:00:08.108351
5060	6	-1	2	0	0:00:08.111217
5080	7	7	7	1	0:00:08.109276
5100	3	3	3	1	0:00:08.126519
5120	9	-1	8	0	0:00:08.110028
5140	8	8	8	1	0:00:08.110661
5160	0	0	8	1	0:00:08.114848
5180	9	7	7	0	0:00:08.113267
5200	3	3	3	1	0:00:08.109355
5220	0	0	0	1	0:00:08.111032
5240	1	1	9	1	0:00:08.124429
5260	0	0	0	1	0:00:08.107965
5280	0	4	4	0	0:00:08.108113
5300	9	9	9	1	0:00:08.108677
5320	7	7	7	1	0:00:08.109223
5340	3	4	4	0	0:00:08.113314
5360	9	9	9	1	0:00:08.113447
5380	1	9	9	0	0:00:08.129041
5400	9	9	9	1	0:00:08.114083
5420	6	6	6	1	0:00:08.116368
5440	9	9	9	1	0:00:08.116648
5460	0	0	0	1	0:00:08.116777
5480	1	1	1	1	0:00:08.112126
5500	8	8	8	1	0:00:08.118035
5520	4	4	3	1	0:00:08.127514
5540	5	-1	2	0	0:00:08.112430
5560	3	5	5	0	0:00:08.111611
5580	5	6	3	0	0:00:08.115357
5600	6	-1	3	0	0:00:08.113020
5620	3	6	2	0	0:00:08.113613
5640	2	5	2	0	0:00:08.113739
5660	9	1	8	0	0:00:08.125723
5680	2	3	3	0	0:00:08.120960
5700	3	3	3	1	0:00:08.111351
5720	9	9	9	1	0:00:08.111852
5740	6	6	2	1	0:00:08.111588
5760	2	2	0	1	0:00:08.108029
5780	7	7	7	1	0:00:08.115597
5800	2	2	2	1	0:00:08.125668
5820	5	5	5	1	0:00:08.115344
5840	2	2	3	1	0:00:08.109896
5860	0	0	0	1	0:00:08.115747
5880	0	0	0	1	0:00:08.114132
5900	4	3	0	0	0:00:08.112388
5920	8	8	8	1	0:00:08.115158
5940	7	-1	3	0	0:00:08.125915
5960	2	6	6	0	0:00:08.112389
5980	9	9	9	1	0:00:08.111867
6000	8	8	8	1	0:00:08.116451
6020	6	6	2	1	0:00:08.115445
6040	2	5	7	0	0:00:08.114356
6060	3	4	5	0	0:00:08.116644
6080	1	1	1	1	0:00:08.127153
6100	1	1	1	1	0:00:08.116917
6120	5	5	5	1	0:00:08.118227
6140	9	9	1	1	0:00:08.113190
6160	2	5	2	0	0:00:08.113638
6180	0	0	8	1	0:00:08.110831
6200	3	2	2	0	0:00:08.115703
6220	2	5	5	0	0:00:08.127619
6240	2	2	0	1	0:00:08.118027
6260	2	-1	2	0	0:00:08.115532
6280	8	5	5	0	0:00:08.116817
6300	1	1	1	1	0:00:08.115107
6320	0	0	0	1	0:00:08.116912
6340	3	7	3	0	0:00:08.113753
6360	2	2	2	1	0:00:08.123653
6380	3	6	3	0	0:00:08.114556
6400	0	0	0	1	0:00:08.115684
6420	7	7	7	1	0:00:08.118206
6440	3	6	2	0	0:00:08.115439
6460	3	3	3	1	0:00:08.115923
6480	0	0	0	1	0:00:08.115657
6500	7	6	8	0	0:00:08.128578
6520	6	2	2	0	0:00:08.111617
6540	8	8	8	1	0:00:08.114225
6560	6	5	5	0	0:00:08.117022
6580	1	8	8	0	0:00:08.117984
6600	7	7	7	1	0:00:08.116881
6620	7	7	7	1	0:00:08.119904
6640	5	3	3	0	0:00:08.132351
6660	0	0	1	1	0:00:08.112458
6680	3	5	5	0	0:00:08.118444
6700	6	6	6	1	0:00:08.120512
6720	2	2	2	1	0:00:08.116162
6740	2	4	4	0	0:00:08.123556
6760	5	5	5	1	0:00:08.112437
6780	7	7	7	1	0:00:08.114796
6800	6	4	4	0	0:00:08.104997
6820	1	1	1	1	0:00:08.106165
6840	9	9	9	1	0:00:08.112696
6860	0	0	0	1	0:00:08.114967
6880	2	2	2	1	0:00:08.119670
6900	3	3	3	1	0:00:08.117926
6920	5	4	2	0	0:00:08.126697
6940	1	1	1	1	0:00:08.117583
6960	9	9	8	1	0:00:08.111741
6980	0	0	0	1	0:00:08.116612
7000	2	-1	8	0	0:00:08.112103
7020	7	7	7	1	0:00:08.119268
7040	7	-1	8	0	0:00:08.118346
7060	8	8	8	1	0:00:08.126084
7080	5	4	4	0	0:00:08.113570
7100	9	3	3	0	0:00:08.116223
7120	7	-1	5	0	0:00:08.115051
7140	4	3	3	0	0:00:08.110450
7160	5	5	5	1	0:00:08.113533
7180	6	6	3	1	0:00:08.113418
7200	4	3	2	0	0:00:08.124820
7220	9	9	9	1	0:00:08.117183
7240	0	0	8	1	0:00:08.112313
7260	1	1	1	1	0:00:08.111748
7280	1	-1	3	0	0:00:08.112661
7300	3	4	5	0	0:00:08.108963
7320	8	0	0	0	0:00:08.108737
7340	2	2	0	1	0:00:08.121481
7360	2	2	2	1	0:00:08.112129
7380	7	7	7	1	0:00:08.110349
7400	3	5	5	0	0:00:08.112520
7420	3	4	4	0	0:00:08.111750
7440	3	3	3	1	0:00:08.117002
7460	5	5	5	1	0:00:08.112123
7480	1	1	8	1	0:00:08.123308
7500	6	6	6	1	0:00:08.113880
7520	4	4	4	1	0:00:08.111229
7540	5	5	5	1	0:00:08.114769
7560	0	0	0	1	0:00:08.112014
7580	8	8	8	1	0:00:08.116232
7600	8	2	2	0	0:00:08.112166
7620	5	-1	3	0	0:00:08.127634
7640	9	8	8	0	0:00:08.115411
7660	7	7	4	1	0:00:08.114407
7680	3	5	5	0	0:00:08.115761
7700	6	6	4	1	0:00:08.108433
7720	5	2	2	0	0:00:08.114021
7740	4	4	2	1	0:00:08.111634
7760	2	0	8	0	0:00:08.125556
7780	3	8	8	0	0:00:08.116098
7800	0	0	0	1	0:00:08.109357
7820	5	5	0	1	0:00:08.110914
7840	1	1	1	1	0:00:08.114075
7860	8	8	8	1	0:00:08.113601
7880	0	0	0	1	0:00:08.114034
7900	0	-1	8	0	0:00:08.132031
7920	9	9	9	1	0:00:08.115002
7940	2	6	6	0	0:00:08.113809
7960	0	3	3	0	0:00:08.112938
7980	3	3	3	1	0:00:08.112334
8000	9	9	9	1	0:00:08.110601
8020	6	7	3	0	0:00:08.108199
8040	2	2	2	1	0:00:08.129112
8060	6	6	5	1	0:00:08.107497
8080	4	4	3	1	0:00:08.108780
8100	6	2	2	0	0:00:08.116231
8120	8	9	8	0	0:00:08.112284
8140	5	7	3	0	0:00:08.103821
8160	6	6	6	1	0:00:08.111191
8180	4	-1	4	0	0:00:08.120911
8200	3	6	3	0	0:00:08.108711
8220	6	5	5	0	0:00:08.109769
8240	7	7	4	1	0:00:08.109861
8260	1	1	1	1	0:00:08.111394
8280	4	4	4	1	0:00:08.111034
8300	5	4	2	0	0:00:08.112792
8320	7	7	7	1	0:00:08.127229
8340	5	3	5	0	0:00:08.117288
8360	7	7	7	1	0:00:08.115132
8380	9	9	9	1	0:00:08.113948
8400	0	9	9	0	0:00:08.111775
8420	3	6	6	0	0:00:08.114797
8440	5	3	3	0	0:00:08.123771
8460	8	8	8	1	0:00:08.125259
8480	2	2	2	1	0:00:08.116987
8500	4	4	4	1	0:00:08.109236
8520	8	8	8	1	0:00:08.115387
8540	4	2	2	0	0:00:08.108751
8560	7	7	7	1	0:00:08.112888
8580	3	5	5	0	0:00:08.116079
8600	3	2	2	0	0:00:08.125838
8620	3	2	5	0	0:00:08.116902
8640	1	1	1	1	0:00:08.108999
8660	7	7	7	1	0:00:08.116255
8680	3	7	3	0	0:00:08.111775
8700	3	3	3	1	0:00:08.113266
8720	2	0	0	0	0:00:08.111408
8740	2	-1	5	0	0:00:08.119639
8760	8	8	8	1	0:00:08.114942
8780	4	-1	4	0	0:00:08.106220
8800	0	0	0	1	0:00:08.106154
8820	2	2	2	1	0:00:08.106779
8840	2	5	2	0	0:00:08.110761
8860	2	2	2	1	0:00:08.109024
8880	1	1	1	1	0:00:08.114289
8900	2	4	4	0	0:00:08.113113
8920	6	6	3	1	0:00:08.105855
8940	6	3	3	0	0:00:08.110476
8960	0	4	2	0	0:00:08.107284
8980	9	9	9	1	0:00:08.110293
9000	8	8	8	1	0:00:08.106710
9020	7	7	7	1	0:00:08.128577
9040	2	5	5	0	0:00:08.112767
9060	9	9	5	1	0:00:08.112088
9080	3	5	3	0	0:00:08.108977
9100	9	1	1	0	0:00:08.112156
9120	3	0	2	0	0:00:08.109187
9140	7	7	4	1	0:00:08.113694
9160	5	3	3	0	0:00:08.122732
9180	5	5	5	1	0:00:08.113816
9200	8	8	8	1	0:00:08.107763
9220	8	8	8	1	0:00:08.111156
9240	8	8	8	1	0:00:08.113984
9260	5	5	5	1	0:00:08.111678
9280	9	8	8	0	0:00:08.110518
9300	5	-1	2	0	0:00:08.127466
9320	9	9	9	1	0:00:08.114593
9340	1	1	1	1	0:00:08.114206
9360	5	0	0	0	0:00:08.109248
9380	5	3	3	0	0:00:08.114608
9400	6	6	6	1	0:00:08.115704
9420	5	5	5	1	0:00:08.113756
9440	8	8	8	1	0:00:08.125327
9460	3	7	7	0	0:00:08.116814
9480	2	6	2	0	0:00:08.114053
9500	9	9	2	1	0:00:08.112299
9520	1	1	1	1	0:00:08.111263
9540	5	5	5	1	0:00:08.110274
9560	9	7	3	0	0:00:08.108786
9580	1	1	1	1	0:00:08.123531
9600	8	8	8	1	0:00:08.104335
9620	4	4	4	1	0:00:08.106893
9640	5	5	5	1	0:00:08.110250
9660	6	6	6	1	0:00:08.113738
9680	8	8	8	1	0:00:08.111561
9700	0	0	2	1	0:00:08.109647
9720	8	6	8	0	0:00:08.120761
9740	3	6	2	0	0:00:08.107314
9760	9	5	5	0	0:00:08.110756
9780	4	-1	2	0	0:00:08.111674
9800	1	1	1	1	0:00:08.112967
9820	0	8	8	0	0:00:08.111260
9840	4	7	7	0	0:00:08.115191
9860	0	3	8	0	0:00:08.120438
9880	7	8	8	0	0:00:08.112195
9900	8	8	8	1	0:00:08.110133
9920	6	6	6	1	0:00:08.114809
9940	4	5	5	0	0:00:08.110827
9960	2	0	0	0	0:00:08.110892
9980	0	0	0	1	0:00:08.108265
