idx	label	predict	basePredict	correct	time
0	3	3	2	1	0:00:03.642920
20	7	7	7	1	0:00:02.582319
40	4	8	8	0	0:00:02.551624
60	7	7	4	1	0:00:02.530533
80	8	8	8	1	0:00:02.577807
100	4	4	4	1	0:00:02.611690
120	8	8	8	1	0:00:02.530736
140	6	6	2	1	0:00:02.527782
160	2	0	2	0	0:00:02.610259
180	0	0	0	1	0:00:02.522012
200	5	3	3	0	0:00:02.607654
220	7	7	7	1	0:00:02.562069
240	1	1	1	1	0:00:02.576184
260	8	3	3	0	0:00:02.614737
280	9	9	9	1	0:00:02.614357
300	6	6	4	1	0:00:02.518234
320	3	3	2	1	0:00:02.586383
340	2	4	4	0	0:00:02.614759
360	9	9	6	1	0:00:02.548894
380	6	6	4	1	0:00:02.521212
400	9	9	9	1	0:00:02.514281
420	4	4	4	1	0:00:02.530359
440	1	1	1	1	0:00:02.555270
460	5	5	5	1	0:00:02.581929
480	8	9	8	0	0:00:02.540380
500	4	6	4	0	0:00:02.554732
520	5	5	5	1	0:00:02.524583
540	1	-1	8	0	0:00:02.565019
560	0	0	8	1	0:00:02.518836
580	4	4	4	1	0:00:02.620229
600	8	8	8	1	0:00:02.602121
620	7	7	4	1	0:00:02.610008
640	5	3	3	0	0:00:02.536912
660	9	9	9	1	0:00:02.637146
680	9	9	1	1	0:00:02.520329
700	7	7	4	1	0:00:02.595087
720	4	9	7	0	0:00:02.524279
740	2	5	2	0	0:00:02.617614
760	3	9	3	0	0:00:02.618971
780	9	9	8	1	0:00:02.564450
800	7	7	7	1	0:00:02.606858
820	6	9	8	0	0:00:02.617537
840	7	7	7	1	0:00:02.632113
860	4	4	4	1	0:00:02.618180
880	8	8	8	1	0:00:02.530327
900	2	6	4	0	0:00:02.527119
920	6	6	2	1	0:00:02.536321
940	9	9	9	1	0:00:02.578671
960	9	9	9	1	0:00:02.618373
980	2	6	4	0	0:00:02.625847
1000	5	5	5	1	0:00:01.930552
1020	1	1	8	1	0:00:01.820166
1040	7	5	5	0	0:00:01.824621
1060	9	9	8	1	0:00:01.877431
1080	6	6	6	1	0:00:01.819544
1100	7	8	8	0	0:00:01.821986
1120	5	2	2	0	0:00:01.818218
1140	6	6	4	1	0:00:01.812220
1160	8	8	8	1	0:00:01.814015
1180	3	3	3	1	0:00:01.813718
1200	8	8	0	1	0:00:01.914495
1220	9	6	6	0	0:00:01.915424
1240	2	6	6	0	0:00:01.822828
1260	1	9	9	0	0:00:01.916420
1280	3	7	7	0	0:00:01.923064
1300	4	3	3	0	0:00:01.872670
1320	7	2	2	0	0:00:01.816659
1340	1	1	1	1	0:00:01.818741
1360	7	7	4	1	0:00:01.823377
1380	4	5	5	0	0:00:01.921357
1400	5	6	2	0	0:00:01.908095
1420	4	7	4	0	0:00:01.819934
1440	0	0	0	1	0:00:01.816350
1460	6	6	4	1	0:00:01.818987
1480	1	-1	5	0	0:00:01.906484
1500	1	1	1	1	0:00:01.818929
1520	7	7	4	1	0:00:01.827847
1540	8	8	8	1	0:00:01.819626
1560	7	7	7	1	0:00:01.823910
1580	6	1	1	0	0:00:01.910243
1600	8	9	6	0	0:00:01.820835
1620	5	-1	8	0	0:00:01.854112
1640	7	5	3	0	0:00:01.825802
1660	3	3	3	1	0:00:01.847079
1680	6	6	6	1	0:00:01.860542
1700	5	2	2	0	0:00:01.817055
1720	4	2	2	0	0:00:01.824126
1740	1	9	1	0	0:00:01.895255
1760	0	-1	8	0	0:00:01.820146
1780	7	7	8	1	0:00:01.820897
1800	4	8	8	0	0:00:01.819562
1820	8	8	8	1	0:00:01.815475
1840	8	9	4	0	0:00:01.816896
1860	8	8	8	1	0:00:01.818947
1880	1	1	8	1	0:00:01.818994
1900	8	8	8	1	0:00:01.820803
1920	2	2	2	1	0:00:01.819593
1940	5	3	3	0	0:00:01.824435
1960	2	5	5	0	0:00:01.820320
1980	9	9	9	1	0:00:01.830043
2000	1	6	6	0	0:00:01.823455
2020	9	9	9	1	0:00:01.819310
2040	0	8	8	0	0:00:01.817192
2060	5	5	5	1	0:00:01.818396
2080	1	1	6	1	0:00:01.860754
2100	2	4	4	0	0:00:01.819146
2120	4	8	8	0	0:00:01.820602
2140	9	9	9	1	0:00:01.912844
2160	0	8	8	0	0:00:01.816437
2180	4	4	4	1	0:00:01.828954
2200	0	0	2	1	0:00:01.821566
2220	1	1	1	1	0:00:01.828824
2240	9	9	9	1	0:00:01.836172
2260	4	-1	4	0	0:00:01.871262
2280	4	8	8	0	0:00:01.825006
2300	3	6	4	0	0:00:01.848384
2320	5	-1	8	0	0:00:01.820264
2340	7	7	7	1	0:00:01.922043
2360	7	7	7	1	0:00:01.819379
2380	8	8	8	1	0:00:01.823793
2400	0	0	0	1	0:00:01.816967
2420	8	1	5	0	0:00:01.816489
2440	7	7	7	1	0:00:01.820505
2460	9	9	3	1	0:00:01.910642
2480	8	8	8	1	0:00:01.824049
2500	4	2	2	0	0:00:01.821810
2520	1	1	8	1	0:00:01.910429
2540	2	3	3	0	0:00:01.857681
2560	7	7	4	1	0:00:01.886591
2580	6	-1	4	0	0:00:01.822308
2600	8	8	8	1	0:00:01.910086
2620	1	1	4	1	0:00:01.911368
2640	7	7	4	1	0:00:01.908073
2660	3	4	2	0	0:00:01.829785
2680	0	0	0	1	0:00:01.914154
2700	9	9	0	1	0:00:01.820975
2720	3	2	2	0	0:00:01.909951
2740	1	1	1	1	0:00:01.837932
2760	2	2	4	1	0:00:01.820736
2780	7	7	7	1	0:00:01.914430
2800	4	6	4	0	0:00:01.910131
2820	6	6	6	1	0:00:01.911710
2840	3	3	3	1	0:00:01.819674
2860	5	6	6	0	0:00:01.820220
2880	4	4	4	1	0:00:01.922008
2900	3	2	5	0	0:00:01.841467
2920	2	-1	2	0	0:00:01.913596
2940	3	0	0	0	0:00:01.913693
2960	9	9	8	1	0:00:01.901481
2980	8	-1	8	0	0:00:01.889274
3000	5	5	5	1	0:00:01.825939
3020	1	1	8	1	0:00:01.913927
3040	7	7	7	1	0:00:01.910222
3060	7	7	7	1	0:00:01.910279
3080	1	7	4	0	0:00:01.889765
3100	0	0	0	1	0:00:01.828007
3120	4	6	2	0	0:00:01.909814
3140	8	8	8	1	0:00:01.912984
3160	6	4	4	0	0:00:01.909950
3180	3	-1	8	0	0:00:01.817400
3200	5	7	7	0	0:00:01.827939
3220	3	3	3	1	0:00:01.859082
3240	4	2	8	0	0:00:01.815867
3260	7	-1	7	0	0:00:01.822373
3280	3	5	0	0	0:00:01.818898
3300	4	-1	4	0	0:00:01.834350
3320	2	7	7	0	0:00:01.914233
3340	6	6	4	1	0:00:01.820352
3360	4	6	4	0	0:00:01.832634
3380	8	8	8	1	0:00:01.820988
3400	6	4	4	0	0:00:01.840832
3420	5	3	4	0	0:00:01.820256
3440	2	9	3	0	0:00:01.821828
3460	1	1	1	1	0:00:01.817048
3480	2	2	2	1	0:00:01.817392
3500	1	1	1	1	0:00:01.817651
3520	1	1	1	1	0:00:01.819954
3540	6	6	6	1	0:00:01.831078
3560	1	9	0	0	0:00:01.829032
3580	4	1	4	0	0:00:01.824396
3600	4	2	2	0	0:00:01.818996
3620	0	7	6	0	0:00:01.819785
3640	6	2	2	0	0:00:01.823263
3660	0	8	8	0	0:00:01.825540
3680	0	2	2	0	0:00:01.818450
3700	3	3	4	1	0:00:01.820651
3720	2	2	2	1	0:00:01.908274
3740	0	0	0	1	0:00:01.819287
3760	7	7	7	1	0:00:01.820322
3780	4	4	2	1	0:00:01.823692
3800	9	9	8	1	0:00:01.911222
3820	0	0	0	1	0:00:01.816930
3840	6	3	3	0	0:00:01.822208
3860	7	7	7	1	0:00:01.820616
3880	6	4	4	0	0:00:01.822700
3900	3	3	6	1	0:00:01.819490
3920	7	9	8	0	0:00:01.824583
3940	6	6	4	1	0:00:01.821576
3960	2	2	2	1	0:00:01.838077
3980	9	7	7	0	0:00:01.826883
4000	8	-1	0	0	0:00:01.821273
4020	8	1	8	0	0:00:01.909254
4040	0	0	0	1	0:00:01.908211
4060	6	3	3	0	0:00:01.816811
4080	1	-1	8	0	0:00:01.818514
4100	7	7	7	1	0:00:01.917317
4120	4	0	4	0	0:00:01.851744
4140	5	3	3	0	0:00:01.818187
4160	5	2	2	0	0:00:01.864568
4180	0	0	8	1	0:00:01.913945
4200	4	4	2	1	0:00:01.913397
4220	4	0	0	0	0:00:01.909394
4240	7	0	0	0	0:00:01.819406
4260	8	8	8	1	0:00:01.818548
4280	8	8	8	1	0:00:01.818675
4300	8	8	8	1	0:00:01.818018
4320	1	8	8	0	0:00:01.907221
4340	0	0	8	1	0:00:01.817577
4360	6	-1	6	0	0:00:01.820200
4380	9	9	8	1	0:00:01.820866
4400	3	4	4	0	0:00:01.823228
4420	5	8	8	0	0:00:01.820483
4440	2	2	2	1	0:00:01.817865
4460	9	1	8	0	0:00:01.817567
4480	9	9	3	1	0:00:01.817082
4500	3	3	6	1	0:00:01.817225
4520	3	6	6	0	0:00:01.819031
4540	9	9	9	1	0:00:01.816748
4560	1	1	4	1	0:00:01.816935
4580	6	4	4	0	0:00:01.819133
4600	4	7	4	0	0:00:01.818746
4620	7	3	3	0	0:00:01.817242
4640	2	4	4	0	0:00:01.844478
4660	7	4	2	0	0:00:01.821267
4680	9	1	1	0	0:00:01.911786
4700	6	1	4	0	0:00:01.818511
4720	8	0	0	0	0:00:01.818929
4740	5	3	3	0	0:00:01.817384
4760	3	3	4	1	0:00:01.821241
4780	0	0	0	1	0:00:01.819108
4800	9	9	9	1	0:00:01.818202
4820	3	5	5	0	0:00:01.819522
4840	0	0	0	1	0:00:01.840474
4860	5	5	5	1	0:00:01.876821
4880	0	2	2	0	0:00:01.834638
4900	3	6	6	0	0:00:01.891413
4920	7	7	7	1	0:00:01.821069
4940	6	6	2	1	0:00:01.818309
4960	4	6	4	0	0:00:01.910843
4980	1	9	8	0	0:00:01.912543
5000	7	7	7	1	0:00:01.911278
5020	8	8	8	1	0:00:01.843719
5040	3	3	4	1	0:00:01.819526
5060	6	6	4	1	0:00:01.821819
5080	7	7	7	1	0:00:01.818903
5100	3	3	3	1	0:00:01.820629
5120	9	9	8	1	0:00:01.823622
5140	8	8	8	1	0:00:01.818346
5160	0	0	8	1	0:00:01.819840
5180	9	7	4	0	0:00:01.821404
5200	3	3	3	1	0:00:01.817914
5220	0	0	0	1	0:00:01.817476
5240	1	9	2	0	0:00:01.848816
5260	0	0	0	1	0:00:01.856091
5280	0	8	8	0	0:00:01.921464
5300	9	9	9	1	0:00:01.821770
5320	7	7	7	1	0:00:01.838362
5340	3	4	4	0	0:00:01.817947
5360	9	9	9	1	0:00:01.818979
5380	1	9	9	0	0:00:01.822770
5400	9	9	8	1	0:00:01.827260
5420	6	6	6	1	0:00:01.816221
5440	9	9	9	1	0:00:01.818811
5460	0	7	7	0	0:00:01.827514
5480	1	1	8	1	0:00:01.821983
5500	8	1	8	0	0:00:01.823570
5520	4	3	3	0	0:00:01.823792
5540	5	6	2	0	0:00:01.822303
5560	3	6	5	0	0:00:01.823377
5580	5	6	6	0	0:00:01.819400
5600	6	0	0	0	0:00:01.817400
5620	3	2	2	0	0:00:01.821357
5640	2	3	2	0	0:00:01.815665
5660	9	9	8	1	0:00:01.819604
5680	2	3	8	0	0:00:01.910415
5700	3	3	2	1	0:00:01.818050
5720	9	9	9	1	0:00:01.819379
5740	6	4	4	0	0:00:01.911217
5760	2	2	2	1	0:00:01.912813
5780	7	7	7	1	0:00:01.817613
5800	2	-1	2	0	0:00:01.830354
5820	5	-1	3	0	0:00:01.824596
5840	2	2	6	1	0:00:01.873469
5860	0	8	8	0	0:00:01.832867
5880	0	0	0	1	0:00:01.887395
5900	4	4	4	1	0:00:01.819651
5920	8	8	8	1	0:00:01.820106
5940	7	4	4	0	0:00:01.822190
5960	2	4	4	0	0:00:01.822400
5980	9	9	9	1	0:00:01.855605
6000	8	9	8	0	0:00:01.840573
6020	6	6	6	1	0:00:01.816879
6040	2	7	7	0	0:00:01.819012
6060	3	4	4	0	0:00:01.818927
6080	1	9	6	0	0:00:01.821331
6100	1	1	8	1	0:00:01.921537
6120	5	5	5	1	0:00:01.883442
6140	9	9	9	1	0:00:01.822860
6160	2	5	5	0	0:00:01.827514
6180	0	9	8	0	0:00:01.829545
6200	3	3	3	1	0:00:01.926292
6220	2	6	4	0	0:00:01.821198
6240	2	2	4	1	0:00:01.820876
6260	2	9	4	0	0:00:01.822954
6280	8	5	4	0	0:00:01.911462
6300	1	7	4	0	0:00:01.923380
6320	0	0	0	1	0:00:01.844014
6340	3	3	3	1	0:00:01.914220
6360	2	2	2	1	0:00:01.817105
6380	3	6	6	0	0:00:01.821271
6400	0	1	4	0	0:00:01.823209
6420	7	7	8	1	0:00:01.930591
6440	3	9	8	0	0:00:01.877800
6460	3	1	4	0	0:00:01.825998
6480	0	0	0	1	0:00:01.918238
6500	7	0	8	0	0:00:01.824907
6520	6	4	4	0	0:00:01.919541
6540	8	8	8	1	0:00:01.825346
6560	6	6	4	1	0:00:01.825824
6580	1	1	2	1	0:00:01.909526
6600	7	7	7	1	0:00:01.822747
6620	7	7	7	1	0:00:01.913486
6640	5	3	8	0	0:00:01.920881
6660	0	0	0	1	0:00:01.823811
6680	3	5	3	0	0:00:01.845317
6700	6	6	2	1	0:00:01.819980
6720	2	2	2	1	0:00:01.818246
6740	2	4	4	0	0:00:01.818688
6760	5	5	3	1	0:00:01.817589
6780	7	7	7	1	0:00:01.819767
6800	6	6	4	1	0:00:01.823361
6820	1	1	1	1	0:00:01.820247
6840	9	9	9	1	0:00:01.819069
6860	0	0	2	1	0:00:01.820565
6880	2	7	4	0	0:00:01.821788
6900	3	7	4	0	0:00:01.822375
6920	5	2	2	0	0:00:01.821961
6940	1	1	1	1	0:00:01.818126
6960	9	8	8	0	0:00:01.846151
6980	0	9	0	0	0:00:01.909017
7000	2	8	8	0	0:00:01.908001
7020	7	7	7	1	0:00:01.826500
7040	7	8	8	0	0:00:01.825737
7060	8	8	8	1	0:00:01.818513
7080	5	4	4	0	0:00:01.819924
7100	9	3	8	0	0:00:01.818529
7120	7	7	7	1	0:00:01.817320
7140	4	4	4	1	0:00:01.841913
7160	5	-1	4	0	0:00:01.820205
7180	6	6	6	1	0:00:01.915395
7200	4	6	2	0	0:00:01.918328
7220	9	9	8	1	0:00:01.818330
7240	0	8	8	0	0:00:01.817594
7260	1	8	8	0	0:00:01.819650
7280	1	1	6	1	0:00:01.818502
7300	3	7	4	0	0:00:01.816387
7320	8	0	8	0	0:00:01.817594
7340	2	4	4	0	0:00:01.818120
7360	2	4	4	0	0:00:01.916835
7380	7	7	7	1	0:00:01.913650
7400	3	3	3	1	0:00:01.865844
7420	3	0	2	0	0:00:01.873754
7440	3	3	2	1	0:00:01.827711
7460	5	5	5	1	0:00:01.859931
7480	1	8	8	0	0:00:01.827454
7500	6	6	6	1	0:00:01.913672
7520	4	4	4	1	0:00:01.821980
7540	5	5	5	1	0:00:01.909450
7560	0	9	4	0	0:00:01.886402
7580	8	8	8	1	0:00:01.819738
7600	8	9	8	0	0:00:01.818894
7620	5	3	3	0	0:00:01.818489
7640	9	9	6	1	0:00:01.819312
7660	7	7	4	1	0:00:01.821317
7680	3	9	3	0	0:00:01.819628
7700	6	6	6	1	0:00:01.827701
7720	5	5	5	1	0:00:01.818535
7740	4	-1	2	0	0:00:01.816478
7760	2	9	2	0	0:00:01.816377
7780	3	1	8	0	0:00:01.822609
7800	0	0	0	1	0:00:01.818699
7820	5	8	8	0	0:00:01.860626
7840	1	1	1	1	0:00:01.883208
7860	8	1	4	0	0:00:01.920713
7880	0	0	0	1	0:00:01.815047
7900	0	8	8	0	0:00:01.817273
7920	9	8	8	0	0:00:01.873412
7940	2	6	4	0	0:00:01.916932
7960	0	0	0	1	0:00:01.817526
7980	3	3	4	1	0:00:01.816764
8000	9	9	9	1	0:00:01.815728
8020	6	3	3	0	0:00:01.818800
8040	2	2	2	1	0:00:01.824849
8060	6	6	4	1	0:00:01.822530
8080	4	6	2	0	0:00:01.823605
8100	6	2	4	0	0:00:01.821411
8120	8	9	8	0	0:00:01.821511
8140	5	4	4	0	0:00:01.824996
8160	6	6	6	1	0:00:01.823524
8180	4	4	4	1	0:00:01.825128
8200	3	6	2	0	0:00:01.820926
8220	6	6	2	1	0:00:01.819063
8240	7	7	7	1	0:00:01.821141
8260	1	1	3	1	0:00:01.818026
8280	4	5	3	0	0:00:01.819484
8300	5	2	2	0	0:00:01.819056
8320	7	4	4	0	0:00:01.817438
8340	5	3	3	0	0:00:01.816687
8360	7	7	4	1	0:00:01.823602
8380	9	9	8	1	0:00:01.819729
8400	0	0	8	1	0:00:01.817984
8420	3	6	4	0	0:00:01.819725
8440	5	3	4	0	0:00:01.818548
8460	8	8	8	1	0:00:01.817048
8480	2	2	4	1	0:00:01.818489
8500	4	4	4	1	0:00:01.822291
8520	8	1	4	0	0:00:01.820389
8540	4	4	2	1	0:00:01.817859
8560	7	7	4	1	0:00:01.818033
8580	3	0	2	0	0:00:01.818610
8600	3	3	4	1	0:00:01.818586
8620	3	-1	4	0	0:00:01.822289
8640	1	1	1	1	0:00:01.821542
8660	7	7	7	1	0:00:01.817728
8680	3	9	4	0	0:00:01.817236
8700	3	3	3	1	0:00:01.821074
8720	2	0	0	0	0:00:01.820321
8740	2	2	4	1	0:00:01.819424
8760	8	8	8	1	0:00:01.833335
8780	4	4	4	1	0:00:01.828523
8800	0	0	0	1	0:00:01.835202
8820	2	2	2	1	0:00:01.831072
8840	2	1	7	0	0:00:01.820807
8860	2	2	2	1	0:00:01.822977
8880	1	1	1	1	0:00:01.818341
8900	2	4	4	0	0:00:01.820510
8920	6	6	6	1	0:00:01.820579
8940	6	3	6	0	0:00:01.825654
8960	0	0	0	1	0:00:01.820409
8980	9	9	9	1	0:00:01.818853
9000	8	8	8	1	0:00:01.817456
9020	7	9	8	0	0:00:01.819482
9040	2	5	5	0	0:00:01.821239
9060	9	5	5	0	0:00:01.820405
9080	3	3	3	1	0:00:01.822417
9100	9	6	6	0	0:00:01.818767
9120	3	3	3	1	0:00:01.823441
9140	7	7	4	1	0:00:01.823327
9160	5	5	5	1	0:00:01.819189
9180	5	5	5	1	0:00:01.820507
9200	8	8	8	1	0:00:01.821740
9220	8	8	8	1	0:00:01.819637
9240	8	8	8	1	0:00:01.819305
9260	5	5	5	1	0:00:01.817412
9280	9	1	8	0	0:00:01.818639
9300	5	3	2	0	0:00:01.819534
9320	9	9	8	1	0:00:01.819531
9340	1	1	1	1	0:00:01.819616
9360	5	6	6	0	0:00:01.829585
9380	5	3	3	0	0:00:01.819897
9400	6	6	4	1	0:00:01.833393
9420	5	5	6	1	0:00:01.831231
9440	8	8	8	1	0:00:01.832265
9460	3	7	6	0	0:00:01.828874
9480	2	4	4	0	0:00:01.819569
9500	9	-1	6	0	0:00:01.820764
9520	1	1	1	1	0:00:01.821957
9540	5	5	4	1	0:00:01.819119
9560	9	7	7	0	0:00:01.820112
9580	1	-1	4	0	0:00:01.817719
9600	8	8	8	1	0:00:01.819484
9620	4	7	4	0	0:00:01.818637
9640	5	0	6	0	0:00:01.818296
9660	6	6	6	1	0:00:01.817576
9680	8	8	8	1	0:00:01.820630
9700	0	0	0	1	0:00:01.827714
9720	8	1	8	0	0:00:01.818133
9740	3	6	4	0	0:00:01.819553
9760	9	9	4	1	0:00:01.819300
9780	4	6	4	0	0:00:01.829919
9800	1	1	1	1	0:00:01.818335
9820	0	8	8	0	0:00:01.817379
9840	4	5	5	0	0:00:01.823916
9860	0	5	8	0	0:00:01.818080
9880	7	7	4	1	0:00:01.821115
9900	8	0	8	0	0:00:01.822636
9920	6	6	2	1	0:00:01.820187
9940	4	7	4	0	0:00:01.825764
9960	2	0	0	0	0:00:01.820615
9980	0	0	0	1	0:00:01.818433
