idx	label	predict	basePredict	correct	time
0	3	1	4	0	0:00:17.140353
20	7	9	9	0	0:00:15.935693
40	4	8	8	0	0:00:16.439017
60	7	2	2	0	0:00:15.885289
80	8	8	8	1	0:00:16.434518
100	4	5	0	0	0:00:16.413270
120	8	8	8	1	0:00:15.835651
140	6	2	2	0	0:00:16.117838
160	2	0	0	0	0:00:16.185657
180	0	0	0	1	0:00:15.791188
200	5	7	7	0	0:00:16.052441
220	7	7	7	1	0:00:15.829733
240	1	1	1	1	0:00:16.503753
260	8	5	5	0	0:00:15.705494
280	9	9	8	1	0:00:15.807637
300	6	4	4	0	0:00:16.813617
320	3	5	2	0	0:00:15.904437
340	2	5	4	0	0:00:16.138763
360	9	6	6	0	0:00:15.710311
380	6	8	8	0	0:00:16.415494
400	9	9	8	1	0:00:16.273624
420	4	6	6	0	0:00:15.896022
440	1	9	2	0	0:00:15.718340
460	5	7	4	0	0:00:15.740067
480	8	9	9	0	0:00:15.734466
500	4	9	6	0	0:00:15.816138
520	5	7	8	0	0:00:15.757121
540	1	8	8	0	0:00:15.711973
560	0	8	0	0	0:00:15.683241
580	4	6	6	0	0:00:15.738875
600	8	9	4	0	0:00:15.728931
620	7	6	4	0	0:00:15.686856
640	5	6	6	0	0:00:15.710266
660	9	9	9	1	0:00:15.731465
680	9	9	9	1	0:00:15.703784
700	7	7	7	1	0:00:15.688624
720	4	9	9	0	0:00:15.796695
740	2	5	5	0	0:00:15.708158
760	3	9	9	0	0:00:15.701379
780	9	9	8	1	0:00:15.739320
800	7	7	7	1	0:00:15.729352
820	6	9	9	0	0:00:15.769212
840	7	7	7	1	0:00:15.708747
860	4	6	6	0	0:00:15.718772
880	8	8	8	1	0:00:15.744982
900	2	6	6	0	0:00:15.693563
920	6	2	2	0	0:00:15.697777
940	9	6	6	0	0:00:15.683467
960	9	9	4	1	0:00:15.694627
980	2	6	6	0	0:00:15.691220
1000	5	5	8	1	0:00:14.959289
1020	1	8	8	0	0:00:14.963439
1040	7	5	5	0	0:00:14.985147
1060	9	8	8	0	0:00:14.985130
1080	6	6	6	1	0:00:14.992631
1100	7	8	8	0	0:00:14.968054
1120	5	8	8	0	0:00:15.003224
1140	6	4	4	0	0:00:15.042450
1160	8	0	0	0	0:00:15.033632
1180	3	9	9	0	0:00:14.965871
1200	8	0	0	0	0:00:15.045495
1220	9	7	2	0	0:00:14.962185
1240	2	6	6	0	0:00:14.973611
1260	1	9	9	0	0:00:14.980006
1280	3	7	7	0	0:00:14.975174
1300	4	6	6	0	0:00:14.999692
1320	7	0	0	0	0:00:15.023859
1340	1	1	1	1	0:00:14.985896
1360	7	9	2	0	0:00:14.972757
1380	4	8	8	0	0:00:14.980870
1400	5	2	2	0	0:00:14.971076
1420	4	7	7	0	0:00:14.970541
1440	0	8	0	0	0:00:14.998229
1460	6	9	4	0	0:00:14.974689
1480	1	5	5	0	0:00:14.968039
1500	1	9	9	0	0:00:14.970072
1520	7	6	6	0	0:00:14.976739
1540	8	8	8	1	0:00:14.974993
1560	7	7	7	1	0:00:14.999873
1580	6	9	9	0	0:00:15.049650
1600	8	9	6	0	0:00:14.997689
1620	5	8	8	0	0:00:15.006320
1640	7	5	5	0	0:00:14.973607
1660	3	4	4	0	0:00:14.979270
1680	6	6	6	1	0:00:14.975661
1700	5	0	0	0	0:00:14.978238
1720	4	0	0	0	0:00:14.955101
1740	1	9	9	0	0:00:15.004822
1760	0	8	8	0	0:00:14.993005
1780	7	8	8	0	0:00:15.001405
1800	4	8	8	0	0:00:14.968350
1820	8	9	8	0	0:00:14.976285
1840	8	7	7	0	0:00:14.998512
1860	8	8	8	1	0:00:14.977492
1880	1	4	4	0	0:00:14.966040
1900	8	8	8	1	0:00:14.954693
1920	2	7	6	0	0:00:14.983120
1940	5	2	2	0	0:00:14.971292
1960	2	7	7	0	0:00:15.015890
1980	9	9	8	1	0:00:15.025762
2000	1	6	6	0	0:00:14.982272
2020	9	9	9	1	0:00:14.989051
2040	0	8	8	0	0:00:14.975251
2060	5	5	0	1	0:00:14.995018
2080	1	2	2	0	0:00:14.982848
2100	2	4	4	0	0:00:14.967453
2120	4	8	8	0	0:00:14.993470
2140	9	9	1	1	0:00:14.976523
2160	0	8	8	0	0:00:14.981233
2180	4	6	6	0	0:00:15.010418
2200	0	0	0	1	0:00:15.001951
2220	1	1	4	1	0:00:14.993459
2240	9	9	9	1	0:00:15.035794
2260	4	1	4	0	0:00:14.996195
2280	4	8	8	0	0:00:15.039839
2300	3	6	6	0	0:00:14.993789
2320	5	8	8	0	0:00:15.014947
2340	7	9	9	0	0:00:14.984759
2360	7	9	9	0	0:00:15.026988
2380	8	8	8	1	0:00:14.980486
2400	0	0	0	1	0:00:15.000105
2420	8	5	5	0	0:00:15.028651
2440	7	1	8	0	0:00:15.001861
2460	9	6	6	0	0:00:14.974555
2480	8	8	8	1	0:00:14.982145
2500	4	6	4	0	0:00:15.004951
2520	1	8	8	0	0:00:14.982461
2540	2	4	4	0	0:00:14.997461
2560	7	2	2	0	0:00:14.981319
2580	6	4	4	0	0:00:14.987006
2600	8	8	8	1	0:00:14.985988
2620	1	6	6	0	0:00:14.978395
2640	7	7	8	1	0:00:14.977809
2660	3	0	0	0	0:00:14.984037
2680	0	0	0	1	0:00:15.002520
2700	9	0	0	0	0:00:14.976632
2720	3	8	8	0	0:00:14.980116
2740	1	1	1	1	0:00:14.978240
2760	2	6	6	0	0:00:14.991898
2780	7	7	6	1	0:00:14.977191
2800	4	6	6	0	0:00:14.983781
2820	6	6	6	1	0:00:14.976958
2840	3	3	3	1	0:00:14.982960
2860	5	7	7	0	0:00:14.990722
2880	4	4	4	1	0:00:14.982367
2900	3	5	6	0	0:00:14.977345
2920	2	8	8	0	0:00:14.991209
2940	3	0	8	0	0:00:14.976974
2960	9	7	7	0	0:00:14.976302
2980	8	1	6	0	0:00:15.019347
3000	5	5	5	1	0:00:14.973557
3020	1	1	8	1	0:00:14.968811
3040	7	7	7	1	0:00:14.983638
3060	7	7	7	1	0:00:15.022181
3080	1	2	2	0	0:00:15.044219
3100	0	0	0	1	0:00:14.963103
3120	4	6	6	0	0:00:15.028980
3140	8	8	8	1	0:00:14.997355
3160	6	4	4	0	0:00:14.990803
3180	3	8	8	0	0:00:15.006458
3200	5	1	7	0	0:00:14.986795
3220	3	9	7	0	0:00:15.008810
3240	4	8	8	0	0:00:14.990737
3260	7	0	0	0	0:00:14.983111
3280	3	0	0	0	0:00:14.983708
3300	4	9	4	0	0:00:14.980098
3320	2	9	7	0	0:00:14.970081
3340	6	4	4	0	0:00:14.994165
3360	4	6	6	0	0:00:14.995180
3380	8	9	8	0	0:00:15.042750
3400	6	4	4	0	0:00:14.976339
3420	5	6	6	0	0:00:15.049865
3440	2	9	9	0	0:00:15.017076
3460	1	1	4	1	0:00:14.980263
3480	2	2	2	1	0:00:14.980458
3500	1	4	4	0	0:00:14.994824
3520	1	1	1	1	0:00:14.980534
3540	6	8	8	0	0:00:15.002430
3560	1	9	8	0	0:00:15.027613
3580	4	1	8	0	0:00:15.001878
3600	4	2	2	0	0:00:14.991189
3620	0	7	6	0	0:00:14.980464
3640	6	0	0	0	0:00:14.976505
3660	0	8	8	0	0:00:15.024357
3680	0	7	2	0	0:00:14.994082
3700	3	5	4	0	0:00:14.974578
3720	2	2	0	1	0:00:14.969913
3740	0	0	0	1	0:00:15.006047
3760	7	7	7	1	0:00:14.996872
3780	4	2	2	0	0:00:15.001559
3800	9	9	0	1	0:00:14.988170
3820	0	0	0	1	0:00:14.983540
3840	6	8	8	0	0:00:14.982557
3860	7	7	7	1	0:00:14.981239
3880	6	4	4	0	0:00:14.998063
3900	3	1	1	0	0:00:14.979359
3920	7	8	8	0	0:00:14.995950
3940	6	7	7	0	0:00:14.974853
3960	2	5	6	0	0:00:14.984940
3980	9	7	7	0	0:00:14.974869
4000	8	7	4	0	0:00:14.973782
4020	8	9	8	0	0:00:14.989953
4040	0	0	0	1	0:00:14.960559
4060	6	0	0	0	0:00:15.011907
4080	1	8	8	0	0:00:14.979629
4100	7	7	7	1	0:00:14.968209
4120	4	0	0	0	0:00:14.982671
4140	5	2	2	0	0:00:15.000140
4160	5	2	2	0	0:00:14.971696
4180	0	8	8	0	0:00:14.977913
4200	4	2	2	0	0:00:14.974692
4220	4	0	0	0	0:00:14.971887
4240	7	8	8	0	0:00:14.970041
4260	8	1	1	0	0:00:14.967016
4280	8	9	8	0	0:00:14.978319
4300	8	9	8	0	0:00:14.966053
4320	1	8	8	0	0:00:14.978849
4340	0	8	8	0	0:00:14.991064
4360	6	9	9	0	0:00:14.984014
4380	9	9	8	1	0:00:15.003433
4400	3	8	8	0	0:00:15.033310
4420	5	8	8	0	0:00:14.970095
4440	2	6	6	0	0:00:14.964572
4460	9	8	8	0	0:00:14.998655
4480	9	6	6	0	0:00:14.976338
4500	3	7	7	0	0:00:15.030192
4520	3	6	6	0	0:00:15.052046
4540	9	9	9	1	0:00:14.976653
4560	1	1	4	1	0:00:14.967070
4580	6	6	4	1	0:00:14.968487
4600	4	1	1	0	0:00:14.982015
4620	7	3	3	0	0:00:14.974319
4640	2	5	5	0	0:00:14.977681
4660	7	9	8	0	0:00:14.976980
4680	9	1	1	0	0:00:14.959658
4700	6	1	4	0	0:00:15.023254
4720	8	0	0	0	0:00:15.007595
4740	5	6	6	0	0:00:15.007870
4760	3	8	8	0	0:00:15.018856
4780	0	8	0	0	0:00:15.020885
4800	9	9	9	1	0:00:15.013028
4820	3	8	6	0	0:00:15.018931
4840	0	0	0	1	0:00:14.968472
4860	5	5	5	1	0:00:15.006868
4880	0	2	2	0	0:00:14.971891
4900	3	6	6	0	0:00:14.999479
4920	7	0	0	0	0:00:14.969636
4940	6	4	2	0	0:00:14.983633
4960	4	6	6	0	0:00:14.963622
4980	1	9	9	0	0:00:14.952477
5000	7	7	7	1	0:00:14.978073
5020	8	8	8	1	0:00:14.974773
5040	3	7	4	0	0:00:14.967244
5060	6	6	6	1	0:00:14.987803
5080	7	7	7	1	0:00:14.980005
5100	3	4	4	0	0:00:14.972715
5120	9	8	8	0	0:00:14.981128
5140	8	8	8	1	0:00:14.971672
5160	0	8	8	0	0:00:14.984062
5180	9	6	4	0	0:00:14.997291
5200	3	3	3	1	0:00:14.968565
5220	0	0	0	1	0:00:14.997047
5240	1	9	4	0	0:00:14.981300
5260	0	0	0	1	0:00:14.968948
5280	0	8	8	0	0:00:14.980520
5300	9	1	6	0	0:00:14.996238
5320	7	7	7	1	0:00:14.974534
5340	3	8	8	0	0:00:15.019502
5360	9	9	9	1	0:00:15.003460
5380	1	9	9	0	0:00:14.985145
5400	9	0	0	0	0:00:14.976203
5420	6	7	6	0	0:00:14.957562
5440	9	9	9	1	0:00:14.979639
5460	0	7	6	0	0:00:14.961862
5480	1	8	8	0	0:00:14.968796
5500	8	9	8	0	0:00:15.001342
5520	4	5	6	0	0:00:14.980676
5540	5	6	2	0	0:00:14.970758
5560	3	6	6	0	0:00:15.010712
5580	5	6	6	0	0:00:14.987441
5600	6	9	8	0	0:00:14.966340
5620	3	2	2	0	0:00:15.024694
5640	2	3	3	0	0:00:14.961151
5660	9	9	8	1	0:00:14.986277
5680	2	8	8	0	0:00:14.969540
5700	3	9	6	0	0:00:14.987149
5720	9	9	9	1	0:00:14.971581
5740	6	4	4	0	0:00:14.964405
5760	2	8	8	0	0:00:15.004753
5780	7	9	9	0	0:00:15.013345
5800	2	6	4	0	0:00:14.965461
5820	5	6	6	0	0:00:15.027318
5840	2	6	6	0	0:00:14.994835
5860	0	8	8	0	0:00:15.003156
5880	0	8	8	0	0:00:14.967335
5900	4	5	0	0	0:00:14.965615
5920	8	8	8	1	0:00:14.967747
5940	7	4	4	0	0:00:14.981717
5960	2	7	7	0	0:00:14.987619
5980	9	9	8	1	0:00:14.977243
6000	8	9	8	0	0:00:14.986229
6020	6	9	6	0	0:00:14.970021
6040	2	1	7	0	0:00:15.009303
6060	3	4	4	0	0:00:14.970229
6080	1	9	2	0	0:00:14.960466
6100	1	8	8	0	0:00:15.010588
6120	5	5	5	1	0:00:14.966557
6140	9	9	7	1	0:00:14.975973
6160	2	9	8	0	0:00:14.974997
6180	0	-1	8	0	0:00:15.015597
6200	3	0	0	0	0:00:15.021052
6220	2	6	6	0	0:00:14.961982
6240	2	1	6	0	0:00:14.974282
6260	2	9	9	0	0:00:14.962628
6280	8	5	5	0	0:00:14.968738
6300	1	7	4	0	0:00:14.965620
6320	0	0	0	1	0:00:14.989378
6340	3	8	8	0	0:00:15.023000
6360	2	6	2	0	0:00:14.970686
6380	3	1	6	0	0:00:14.975013
6400	0	1	4	0	0:00:14.999447
6420	7	8	8	0	0:00:14.987702
6440	3	8	8	0	0:00:15.040699
6460	3	1	1	0	0:00:14.984006
6480	0	0	0	1	0:00:14.999530
6500	7	0	0	0	0:00:14.974871
6520	6	4	4	0	0:00:15.010492
6540	8	8	8	1	0:00:15.027370
6560	6	6	6	1	0:00:14.963238
6580	1	7	8	0	0:00:14.987676
6600	7	7	7	1	0:00:14.968665
6620	7	7	4	1	0:00:14.978300
6640	5	8	8	0	0:00:14.971204
6660	0	8	8	0	0:00:14.961152
6680	3	3	3	1	0:00:14.958309
6700	6	1	6	0	0:00:14.998710
6720	2	2	2	1	0:00:14.979128
6740	2	6	6	0	0:00:14.965840
6760	5	0	0	0	0:00:14.962576
6780	7	7	7	1	0:00:14.981614
6800	6	6	6	1	0:00:14.953771
6820	1	1	1	1	0:00:14.961687
6840	9	9	6	1	0:00:14.989168
6860	0	0	0	1	0:00:14.986927
6880	2	6	6	0	0:00:14.981031
6900	3	7	7	0	0:00:14.978503
6920	5	2	2	0	0:00:14.959627
6940	1	1	1	1	0:00:14.975005
6960	9	8	8	0	0:00:14.967340
6980	0	9	9	0	0:00:14.973133
7000	2	8	8	0	0:00:14.953660
7020	7	1	1	0	0:00:14.970233
7040	7	8	8	0	0:00:14.961836
7060	8	1	8	0	0:00:14.950503
7080	5	0	0	0	0:00:14.959264
7100	9	8	8	0	0:00:14.954046
7120	7	7	6	1	0:00:14.974554
7140	4	4	4	1	0:00:14.978287
7160	5	7	2	0	0:00:14.962754
7180	6	6	6	1	0:00:14.952086
7200	4	6	2	0	0:00:14.947752
7220	9	8	8	0	0:00:14.955895
7240	0	8	8	0	0:00:14.953793
7260	1	8	8	0	0:00:14.959834
7280	1	6	6	0	0:00:14.958470
7300	3	7	8	0	0:00:14.953028
7320	8	0	0	0	0:00:14.969909
7340	2	4	0	0	0:00:14.983645
7360	2	7	7	0	0:00:14.957601
7380	7	1	7	0	0:00:14.954334
7400	3	9	9	0	0:00:14.956606
7420	3	0	0	0	0:00:14.965305
7440	3	6	6	0	0:00:14.969877
7460	5	5	5	1	0:00:14.966932
7480	1	5	5	0	0:00:14.981280
7500	6	6	6	1	0:00:15.037372
7520	4	6	6	0	0:00:15.008014
7540	5	5	5	1	0:00:14.956694
7560	0	9	2	0	0:00:14.954766
7580	8	9	8	0	0:00:14.969913
7600	8	9	9	0	0:00:14.955273
7620	5	9	1	0	0:00:15.018679
7640	9	8	8	0	0:00:14.957487
7660	7	9	9	0	0:00:14.954861
7680	3	9	9	0	0:00:14.954436
7700	6	6	6	1	0:00:14.950428
7720	5	6	6	0	0:00:14.962812
7740	4	2	2	0	0:00:14.960193
7760	2	9	9	0	0:00:14.957525
7780	3	8	8	0	0:00:14.961431
7800	0	0	0	1	0:00:14.955617
7820	5	8	8	0	0:00:15.030416
7840	1	1	1	1	0:00:15.080821
7860	8	6	4	0	0:00:14.970599
7880	0	8	8	0	0:00:14.953722
7900	0	8	8	0	0:00:14.997482
7920	9	8	8	0	0:00:14.968962
7940	2	6	6	0	0:00:14.968115
7960	0	0	0	1	0:00:14.993713
7980	3	7	4	0	0:00:14.957822
8000	9	0	0	0	0:00:14.977513
8020	6	6	6	1	0:00:15.007244
8040	2	6	6	0	0:00:14.967259
8060	6	-1	6	0	0:00:14.965387
8080	4	6	4	0	0:00:14.973047
8100	6	2	2	0	0:00:15.005167
8120	8	9	9	0	0:00:14.983047
8140	5	6	6	0	0:00:14.973761
8160	6	9	8	0	0:00:14.962176
8180	4	6	6	0	0:00:14.975996
8200	3	9	6	0	0:00:14.968432
8220	6	9	2	0	0:00:14.969903
8240	7	7	7	1	0:00:14.960765
8260	1	3	3	0	0:00:14.980947
8280	4	9	3	0	0:00:14.952362
8300	5	8	8	0	0:00:14.959718
8320	7	9	6	0	0:00:14.971716
8340	5	4	4	0	0:00:14.951427
8360	7	6	6	0	0:00:14.976279
8380	9	8	8	0	0:00:14.975772
8400	0	8	8	0	0:00:14.968125
8420	3	6	4	0	0:00:14.978975
8440	5	9	9	0	0:00:15.024846
8460	8	8	8	1	0:00:14.956878
8480	2	1	8	0	0:00:14.980975
8500	4	2	2	0	0:00:14.965646
8520	8	6	6	0	0:00:14.963335
8540	4	6	4	0	0:00:14.962027
8560	7	-1	6	0	0:00:14.965654
8580	3	9	0	0	0:00:14.985870
8600	3	7	7	0	0:00:14.979158
8620	3	1	4	0	0:00:14.965605
8640	1	1	1	1	0:00:14.969246
8660	7	5	5	0	0:00:14.968723
8680	3	9	8	0	0:00:14.978320
8700	3	5	3	0	0:00:14.992914
8720	2	0	0	0	0:00:15.018806
8740	2	6	6	0	0:00:14.963363
8760	8	-1	5	0	0:00:14.978727
8780	4	7	4	0	0:00:14.971481
8800	0	0	0	1	0:00:14.963826
8820	2	-1	2	0	0:00:14.971566
8840	2	1	1	0	0:00:15.004278
8860	2	0	8	0	0:00:14.995644
8880	1	6	6	0	0:00:14.986403
8900	2	1	4	0	0:00:14.968213
8920	6	6	6	1	0:00:14.970329
8940	6	3	3	0	0:00:14.983317
8960	0	0	0	1	0:00:14.992771
8980	9	9	8	1	0:00:14.985257
9000	8	8	8	1	0:00:14.995308
9020	7	9	9	0	0:00:14.963335
9040	2	5	5	0	0:00:14.963837
9060	9	5	5	0	0:00:15.008835
9080	3	0	0	0	0:00:14.970634
9100	9	6	6	0	0:00:14.992824
9120	3	0	0	0	0:00:14.989172
9140	7	8	8	0	0:00:14.966509
9160	5	0	0	0	0:00:15.016191
9180	5	5	5	1	0:00:15.074836
9200	8	8	8	1	0:00:15.031718
9220	8	8	8	1	0:00:14.983182
9240	8	9	8	0	0:00:14.967778
9260	5	5	4	1	0:00:14.961987
9280	9	0	8	0	0:00:14.969693
9300	5	8	8	0	0:00:14.976447
9320	9	8	8	0	0:00:14.967598
9340	1	1	1	1	0:00:15.028312
9360	5	0	0	0	0:00:14.981977
9380	5	9	9	0	0:00:14.994971
9400	6	4	2	0	0:00:15.029972
9420	5	6	6	0	0:00:14.988929
9440	8	8	8	1	0:00:14.997366
9460	3	9	7	0	0:00:14.993321
9480	2	6	6	0	0:00:15.001876
9500	9	6	6	0	0:00:15.013081
9520	1	9	8	0	0:00:14.994376
9540	5	5	4	1	0:00:14.992140
9560	9	7	7	0	0:00:14.960830
9580	1	4	4	0	0:00:14.992348
9600	8	8	8	1	0:00:15.005031
9620	4	7	7	0	0:00:15.000027
9640	5	1	6	0	0:00:14.987975
9660	6	9	6	0	0:00:15.012695
9680	8	9	8	0	0:00:14.988484
9700	0	0	0	1	0:00:15.006722
9720	8	6	4	0	0:00:15.034798
9740	3	6	4	0	0:00:15.008528
9760	9	9	6	1	0:00:14.966712
9780	4	6	6	0	0:00:15.020282
9800	1	1	1	1	0:00:14.971698
9820	0	9	8	0	0:00:14.980617
9840	4	3	3	0	0:00:14.970098
9860	0	8	8	0	0:00:14.989292
9880	7	4	4	0	0:00:14.973503
9900	8	0	0	0	0:00:14.990367
9920	6	6	6	1	0:00:14.996662
9940	4	7	7	0	0:00:15.009309
9960	2	0	0	0	0:00:14.981402
9980	0	0	0	1	0:00:14.966049
