idx	label	predict	basePredict	correct	time
0	3	3	3	1	0:00:01.476731
20	7	-1	5	0	0:00:01.037045
40	4	4	4	1	0:00:01.040837
60	7	7	7	1	0:00:01.005235
80	8	8	8	1	0:00:00.971255
100	4	5	5	0	0:00:01.031106
120	8	-1	8	0	0:00:01.024230
140	6	-1	2	0	0:00:01.039336
160	2	2	2	1	0:00:01.067651
180	0	0	0	1	0:00:01.000610
200	5	5	5	1	0:00:01.088476
220	7	-1	5	0	0:00:01.102176
240	1	1	1	1	0:00:01.014216
260	8	8	8	1	0:00:00.996564
280	9	-1	0	0	0:00:00.983326
300	6	6	6	1	0:00:01.025645
320	3	-1	5	0	0:00:00.984496
340	2	4	4	0	0:00:00.990237
360	9	9	3	1	0:00:01.004607
380	6	6	2	1	0:00:01.004195
400	9	9	9	1	0:00:00.975441
420	4	4	4	1	0:00:01.064332
440	1	1	1	1	0:00:01.013104
460	5	5	5	1	0:00:01.005806
480	8	9	8	0	0:00:01.012358
500	4	-1	3	0	0:00:00.986993
520	5	5	5	1	0:00:00.961867
540	1	1	1	1	0:00:00.973104
560	0	0	0	1	0:00:00.980932
580	4	4	4	1	0:00:01.018108
600	8	8	8	1	0:00:00.970513
620	7	7	7	1	0:00:00.984540
640	5	3	3	0	0:00:01.048787
660	9	9	8	1	0:00:01.029968
680	9	9	9	1	0:00:00.971678
700	7	7	7	1	0:00:00.959132
720	4	4	4	1	0:00:01.002381
740	2	5	5	0	0:00:00.992991
760	3	3	3	1	0:00:01.006558
780	9	9	9	1	0:00:00.975570
800	7	7	7	1	0:00:00.969528
820	6	6	6	1	0:00:00.969303
840	7	7	7	1	0:00:01.004870
860	4	-1	2	0	0:00:01.021783
880	8	8	8	1	0:00:01.057581
900	2	6	5	0	0:00:00.984151
920	6	6	4	1	0:00:00.964544
940	9	9	9	1	0:00:00.974585
960	9	-1	3	0	0:00:00.967654
980	2	-1	2	0	0:00:00.995959
1000	5	5	5	1	0:00:00.873123
1020	1	1	1	1	0:00:00.890321
1040	7	5	3	0	0:00:00.869523
1060	9	9	9	1	0:00:00.908328
1080	6	6	6	1	0:00:00.875363
1100	7	-1	8	0	0:00:00.929470
1120	5	2	2	0	0:00:00.869194
1140	6	6	3	1	0:00:00.873803
1160	8	8	8	1	0:00:00.881467
1180	3	3	3	1	0:00:00.878719
1200	8	8	8	1	0:00:00.875667
1220	9	-1	3	0	0:00:00.871658
1240	2	6	6	0	0:00:00.872350
1260	1	9	1	0	0:00:00.849344
1280	3	3	3	1	0:00:00.859505
1300	4	3	3	0	0:00:00.877662
1320	7	7	7	1	0:00:00.862556
1340	1	1	1	1	0:00:00.884555
1360	7	7	4	1	0:00:00.945792
1380	4	-1	5	0	0:00:00.852910
1400	5	3	5	0	0:00:00.873205
1420	4	-1	7	0	0:00:00.861167
1440	0	0	8	1	0:00:00.866972
1460	6	6	6	1	0:00:00.850161
1480	1	-1	5	0	0:00:00.915626
1500	1	1	1	1	0:00:00.899947
1520	7	7	4	1	0:00:00.874852
1540	8	8	8	1	0:00:00.863388
1560	7	7	7	1	0:00:00.882475
1580	6	-1	3	0	0:00:00.866683
1600	8	9	8	0	0:00:00.890136
1620	5	-1	2	0	0:00:00.914801
1640	7	3	3	0	0:00:00.880983
1660	3	3	3	1	0:00:00.869624
1680	6	6	3	1	0:00:00.870076
1700	5	3	3	0	0:00:00.906416
1720	4	4	4	1	0:00:00.862837
1740	1	1	1	1	0:00:00.850604
1760	0	0	0	1	0:00:00.911066
1780	7	7	4	1	0:00:00.880508
1800	4	4	4	1	0:00:00.873311
1820	8	8	8	1	0:00:00.856160
1840	8	-1	2	0	0:00:00.876756
1860	8	8	8	1	0:00:00.936714
1880	1	1	1	1	0:00:00.918286
1900	8	8	8	1	0:00:00.869709
1920	2	2	2	1	0:00:00.888588
1940	5	5	2	1	0:00:00.888344
1960	2	5	2	0	0:00:00.903365
1980	9	9	9	1	0:00:00.861208
2000	1	1	1	1	0:00:00.896609
2020	9	9	9	1	0:00:00.896837
2040	0	0	0	1	0:00:00.900074
2060	5	3	3	0	0:00:00.900819
2080	1	9	9	0	0:00:00.905928
2100	2	2	2	1	0:00:00.949053
2120	4	8	8	0	0:00:00.913730
2140	9	9	9	1	0:00:00.875202
2160	0	0	0	1	0:00:00.912951
2180	4	4	4	1	0:00:00.899689
2200	0	0	0	1	0:00:00.914508
2220	1	1	1	1	0:00:00.911597
2240	9	-1	1	0	0:00:00.912397
2260	4	4	4	1	0:00:00.919995
2280	4	-1	4	0	0:00:00.910407
2300	3	-1	4	0	0:00:00.902183
2320	5	2	2	0	0:00:00.888463
2340	7	7	7	1	0:00:00.919143
2360	7	5	5	0	0:00:00.927770
2380	8	8	8	1	0:00:00.905942
2400	0	0	0	1	0:00:00.921234
2420	8	-1	3	0	0:00:00.909786
2440	7	7	7	1	0:00:00.898696
2460	9	-1	4	0	0:00:00.922079
2480	8	8	8	1	0:00:00.897572
2500	4	-1	4	0	0:00:00.896550
2520	1	-1	8	0	0:00:00.917119
2540	2	6	2	0	0:00:00.929508
2560	7	7	5	1	0:00:00.912467
2580	6	5	5	0	0:00:00.958472
2600	8	8	8	1	0:00:00.934027
2620	1	1	1	1	0:00:00.908618
2640	7	7	7	1	0:00:00.875807
2660	3	-1	2	0	0:00:00.888574
2680	0	0	0	1	0:00:00.895736
2700	9	1	1	0	0:00:00.917059
2720	3	3	3	1	0:00:00.899395
2740	1	-1	2	0	0:00:00.900726
2760	2	2	2	1	0:00:00.915218
2780	7	7	7	1	0:00:00.907740
2800	4	4	3	1	0:00:00.919571
2820	6	6	6	1	0:00:00.936350
2840	3	3	3	1	0:00:00.945225
2860	5	4	4	0	0:00:00.924927
2880	4	4	4	1	0:00:00.901003
2900	3	7	2	0	0:00:00.901900
2920	2	3	2	0	0:00:00.904746
2940	3	0	0	0	0:00:00.904940
2960	9	0	0	0	0:00:00.895796
2980	8	8	8	1	0:00:00.893115
3000	5	5	5	1	0:00:00.916964
3020	1	1	1	1	0:00:00.918704
3040	7	7	7	1	0:00:00.895398
3060	7	7	7	1	0:00:00.896533
3080	1	-1	9	0	0:00:00.879723
3100	0	0	0	1	0:00:00.913208
3120	4	-1	3	0	0:00:00.884653
3140	8	8	8	1	0:00:00.963200
3160	6	2	2	0	0:00:00.899781
3180	3	-1	3	0	0:00:00.898990
3200	5	5	5	1	0:00:00.911067
3220	3	9	3	0	0:00:00.913990
3240	4	-1	0	0	0:00:00.927701
3260	7	7	7	1	0:00:00.892382
3280	3	5	5	0	0:00:00.888994
3300	4	4	4	1	0:00:00.915734
3320	2	7	7	0	0:00:00.908823
3340	6	6	0	1	0:00:00.939787
3360	4	4	4	1	0:00:00.871109
3380	8	8	8	1	0:00:00.893410
3400	6	4	4	0	0:00:00.897409
3420	5	-1	3	0	0:00:00.893656
3440	2	3	3	0	0:00:00.900518
3460	1	1	1	1	0:00:00.900364
3480	2	2	2	1	0:00:00.910863
3500	1	9	9	0	0:00:00.911706
3520	1	1	1	1	0:00:00.906415
3540	6	6	3	1	0:00:00.900237
3560	1	9	1	0	0:00:00.917360
3580	4	4	4	1	0:00:00.916889
3600	4	2	2	0	0:00:00.901673
3620	0	0	0	1	0:00:00.943289
3640	6	-1	6	0	0:00:00.892181
3660	0	0	8	1	0:00:00.896726
3680	0	-1	0	0	0:00:00.905891
3700	3	3	3	1	0:00:00.891881
3720	2	2	2	1	0:00:00.877077
3740	0	0	0	1	0:00:00.903235
3760	7	7	7	1	0:00:00.908706
3780	4	4	2	1	0:00:00.880352
3800	9	9	9	1	0:00:00.892610
3820	0	-1	2	0	0:00:00.931496
3840	6	3	3	0	0:00:00.928677
3860	7	7	7	1	0:00:00.894419
3880	6	6	5	1	0:00:00.899777
3900	3	6	6	0	0:00:00.903744
3920	7	7	7	1	0:00:00.875285
3940	6	-1	2	0	0:00:00.879575
3960	2	2	2	1	0:00:00.893868
3980	9	9	9	1	0:00:00.901551
4000	8	-1	8	0	0:00:00.891921
4020	8	8	8	1	0:00:00.868330
4040	0	0	0	1	0:00:00.882384
4060	6	6	6	1	0:00:00.888824
4080	1	1	1	1	0:00:00.931076
4100	7	7	7	1	0:00:00.888315
4120	4	4	4	1	0:00:00.890647
4140	5	5	5	1	0:00:00.917567
4160	5	3	2	0	0:00:00.884677
4180	0	8	8	0	0:00:00.863779
4200	4	-1	2	0	0:00:00.860232
4220	4	0	0	0	0:00:00.873400
4240	7	-1	0	0	0:00:00.854649
4260	8	8	8	1	0:00:00.860369
4280	8	0	8	0	0:00:00.862011
4300	8	8	8	1	0:00:00.850395
4320	1	9	8	0	0:00:00.894390
4340	0	0	0	1	0:00:00.899186
4360	6	6	6	1	0:00:00.864672
4380	9	9	9	1	0:00:00.854592
4400	3	-1	5	0	0:00:00.849195
4420	5	5	5	1	0:00:00.851242
4440	2	2	2	1	0:00:00.872478
4460	9	9	9	1	0:00:00.896262
4480	9	9	9	1	0:00:00.891011
4500	3	5	3	0	0:00:00.913378
4520	3	-1	3	0	0:00:00.865766
4540	9	9	9	1	0:00:00.889082
4560	1	1	1	1	0:00:00.857374
4580	6	6	4	1	0:00:00.919381
4600	4	4	4	1	0:00:00.861902
4620	7	-1	3	0	0:00:00.838758
4640	2	2	2	1	0:00:00.855178
4660	7	-1	4	0	0:00:00.863276
4680	9	9	9	1	0:00:00.893761
4700	6	5	5	0	0:00:00.864491
4720	8	8	8	1	0:00:00.879336
4740	5	3	3	0	0:00:00.886110
4760	3	2	2	0	0:00:00.901823
4780	0	0	0	1	0:00:00.901950
4800	9	9	9	1	0:00:00.875310
4820	3	3	3	1	0:00:00.856276
4840	0	0	0	1	0:00:00.940620
4860	5	5	5	1	0:00:00.877462
4880	0	8	8	0	0:00:00.867066
4900	3	3	3	1	0:00:00.881318
4920	7	7	7	1	0:00:00.856633
4940	6	6	4	1	0:00:00.850009
4960	4	4	3	1	0:00:00.854846
4980	1	9	9	0	0:00:00.871127
5000	7	7	7	1	0:00:00.855006
5020	8	8	8	1	0:00:00.870441
5040	3	3	3	1	0:00:00.881690
5060	6	6	2	1	0:00:00.866913
5080	7	7	7	1	0:00:00.890516
5100	3	3	3	1	0:00:00.894180
5120	9	9	8	1	0:00:00.847914
5140	8	8	8	1	0:00:00.846114
5160	0	0	8	1	0:00:00.859155
5180	9	7	7	0	0:00:00.873707
5200	3	3	3	1	0:00:00.863095
5220	0	0	0	1	0:00:00.851698
5240	1	1	1	1	0:00:00.868364
5260	0	0	0	1	0:00:00.864337
5280	0	4	4	0	0:00:00.879929
5300	9	9	9	1	0:00:00.853673
5320	7	7	7	1	0:00:00.892871
5340	3	4	5	0	0:00:00.886888
5360	9	9	9	1	0:00:00.895403
5380	1	9	9	0	0:00:00.858494
5400	9	9	9	1	0:00:00.853525
5420	6	6	6	1	0:00:00.869545
5440	9	9	9	1	0:00:00.852923
5460	0	0	0	1	0:00:00.855504
5480	1	1	1	1	0:00:00.856741
5500	8	8	8	1	0:00:00.891589
5520	4	4	4	1	0:00:00.909345
5540	5	-1	5	0	0:00:00.889788
5560	3	5	5	0	0:00:00.877688
5580	5	6	3	0	0:00:00.866282
5600	6	-1	3	0	0:00:00.906928
5620	3	6	2	0	0:00:00.879370
5640	2	-1	2	0	0:00:00.854402
5660	9	-1	8	0	0:00:00.855918
5680	2	3	3	0	0:00:00.866144
5700	3	3	3	1	0:00:00.858534
5720	9	9	9	1	0:00:00.870060
5740	6	6	2	1	0:00:00.877430
5760	2	2	2	1	0:00:00.875886
5780	7	7	7	1	0:00:00.895343
5800	2	2	2	1	0:00:00.858242
5820	5	5	5	1	0:00:00.869445
5840	2	2	2	1	0:00:00.861787
5860	0	0	0	1	0:00:00.930686
5880	0	0	0	1	0:00:00.879746
5900	4	3	0	0	0:00:00.878472
5920	8	8	8	1	0:00:00.858127
5940	7	-1	3	0	0:00:00.857254
5960	2	6	2	0	0:00:00.870626
5980	9	9	9	1	0:00:00.865516
6000	8	8	8	1	0:00:00.855980
6020	6	6	6	1	0:00:00.882249
6040	2	-1	2	0	0:00:00.878978
6060	3	4	5	0	0:00:00.857874
6080	1	1	1	1	0:00:00.851995
6100	1	1	1	1	0:00:00.900453
6120	5	5	5	1	0:00:00.919787
6140	9	9	9	1	0:00:00.851920
6160	2	5	2	0	0:00:00.863752
6180	0	0	0	1	0:00:00.860318
6200	3	-1	2	0	0:00:00.888760
6220	2	-1	5	0	0:00:00.857988
6240	2	2	2	1	0:00:00.874703
6260	2	2	2	1	0:00:00.879401
6280	8	5	5	0	0:00:00.855440
6300	1	1	1	1	0:00:00.846292
6320	0	0	0	1	0:00:00.859550
6340	3	-1	3	0	0:00:00.854177
6360	2	2	2	1	0:00:00.903666
6380	3	-1	3	0	0:00:00.898674
6400	0	0	0	1	0:00:00.873713
6420	7	7	7	1	0:00:00.850278
6440	3	-1	2	0	0:00:00.862875
6460	3	3	3	1	0:00:00.878237
6480	0	0	0	1	0:00:00.866445
6500	7	6	8	0	0:00:00.904015
6520	6	-1	2	0	0:00:00.872432
6540	8	8	8	1	0:00:00.880100
6560	6	-1	5	0	0:00:00.879277
6580	1	-1	8	0	0:00:00.872466
6600	7	7	7	1	0:00:00.872679
6620	7	7	7	1	0:00:00.939849
6640	5	3	3	0	0:00:00.891547
6660	0	0	0	1	0:00:00.873718
6680	3	5	5	0	0:00:00.848329
6700	6	6	6	1	0:00:00.872695
6720	2	2	2	1	0:00:00.847801
6740	2	-1	4	0	0:00:00.860290
6760	5	5	5	1	0:00:00.871463
6780	7	7	7	1	0:00:00.889140
6800	6	-1	4	0	0:00:00.876569
6820	1	1	1	1	0:00:00.890206
6840	9	9	9	1	0:00:00.864119
6860	0	0	0	1	0:00:00.892002
6880	2	2	2	1	0:00:00.958765
6900	3	3	3	1	0:00:00.896766
6920	5	4	2	0	0:00:00.871742
6940	1	1	1	1	0:00:00.873545
6960	9	9	8	1	0:00:00.847492
6980	0	0	0	1	0:00:00.860231
7000	2	-1	8	0	0:00:00.853498
7020	7	7	7	1	0:00:00.882247
7040	7	-1	8	0	0:00:00.850833
7060	8	8	8	1	0:00:00.847867
7080	5	4	4	0	0:00:00.863776
7100	9	3	3	0	0:00:00.857847
7120	7	7	7	1	0:00:00.929865
7140	4	-1	3	0	0:00:00.881398
7160	5	5	5	1	0:00:00.893377
7180	6	6	3	1	0:00:00.866616
7200	4	-1	2	0	0:00:00.895481
7220	9	9	9	1	0:00:00.853498
7240	0	0	8	1	0:00:00.858247
7260	1	1	1	1	0:00:00.861556
7280	1	-1	3	0	0:00:00.878919
7300	3	-1	5	0	0:00:00.882942
7320	8	0	0	0	0:00:00.872828
7340	2	2	0	1	0:00:00.872347
7360	2	-1	2	0	0:00:00.853513
7380	7	7	7	1	0:00:00.925122
7400	3	5	5	0	0:00:00.892086
7420	3	4	2	0	0:00:00.873890
7440	3	3	3	1	0:00:00.858391
7460	5	5	5	1	0:00:00.876969
7480	1	1	1	1	0:00:00.901790
7500	6	6	6	1	0:00:00.889982
7520	4	4	4	1	0:00:00.884365
7540	5	5	5	1	0:00:00.854767
7560	0	0	0	1	0:00:00.866769
7580	8	8	8	1	0:00:00.846166
7600	8	2	2	0	0:00:00.890085
7620	5	-1	3	0	0:00:00.880796
7640	9	-1	8	0	0:00:00.924676
7660	7	7	4	1	0:00:00.843946
7680	3	-1	5	0	0:00:00.858720
7700	6	6	6	1	0:00:00.846921
7720	5	2	2	0	0:00:00.855012
7740	4	4	2	1	0:00:00.845283
7760	2	0	8	0	0:00:00.857839
7780	3	8	8	0	0:00:00.854021
7800	0	0	0	1	0:00:00.883310
7820	5	5	0	1	0:00:00.853828
7840	1	1	1	1	0:00:00.853226
7860	8	8	8	1	0:00:00.919447
7880	0	0	0	1	0:00:00.912506
7900	0	-1	8	0	0:00:00.922968
7920	9	9	9	1	0:00:00.847979
7940	2	-1	2	0	0:00:00.841061
7960	0	-1	0	0	0:00:00.857785
7980	3	3	3	1	0:00:00.859897
8000	9	9	9	1	0:00:00.883036
8020	6	-1	3	0	0:00:00.874099
8040	2	2	2	1	0:00:00.851629
8060	6	6	6	1	0:00:00.851403
8080	4	4	3	1	0:00:00.852911
8100	6	2	2	0	0:00:00.852913
8120	8	9	8	0	0:00:00.851871
8140	5	7	3	0	0:00:00.878740
8160	6	6	6	1	0:00:00.907666
8180	4	4	4	1	0:00:00.847592
8200	3	6	3	0	0:00:00.858773
8220	6	5	5	0	0:00:00.861428
8240	7	7	7	1	0:00:00.922657
8260	1	1	1	1	0:00:00.915919
8280	4	4	4	1	0:00:00.857755
8300	5	-1	2	0	0:00:00.867765
8320	7	7	7	1	0:00:00.874299
8340	5	-1	5	0	0:00:00.879741
8360	7	7	7	1	0:00:00.847001
8380	9	9	9	1	0:00:00.867019
8400	0	-1	0	0	0:00:00.903787
8420	3	6	6	0	0:00:00.892324
8440	5	-1	3	0	0:00:00.864830
8460	8	8	8	1	0:00:00.847823
8480	2	2	2	1	0:00:00.861500
8500	4	4	4	1	0:00:00.886636
8520	8	8	8	1	0:00:00.855989
8540	4	-1	2	0	0:00:00.856061
8560	7	7	7	1	0:00:00.921328
8580	3	5	5	0	0:00:00.875306
8600	3	2	2	0	0:00:00.844685
8620	3	-1	5	0	0:00:00.853176
8640	1	1	1	1	0:00:00.884805
8660	7	7	7	1	0:00:00.950813
8680	3	-1	3	0	0:00:00.869745
8700	3	3	3	1	0:00:00.874379
8720	2	0	0	0	0:00:00.874847
8740	2	-1	5	0	0:00:00.877372
8760	8	8	8	1	0:00:00.902941
8780	4	-1	4	0	0:00:00.862238
8800	0	0	0	1	0:00:00.896969
8820	2	2	2	1	0:00:00.905297
8840	2	-1	2	0	0:00:00.845885
8860	2	2	2	1	0:00:00.870561
8880	1	1	1	1	0:00:00.866040
8900	2	4	4	0	0:00:00.926687
8920	6	6	3	1	0:00:00.911796
8940	6	3	3	0	0:00:00.863659
8960	0	-1	2	0	0:00:00.887250
8980	9	9	9	1	0:00:00.879783
9000	8	8	8	1	0:00:00.903764
9020	7	7	7	1	0:00:00.920737
9040	2	5	5	0	0:00:00.914613
9060	9	9	9	1	0:00:00.911047
9080	3	-1	3	0	0:00:00.891602
9100	9	1	1	0	0:00:00.897779
9120	3	0	3	0	0:00:00.882760
9140	7	7	4	1	0:00:00.905729
9160	5	3	3	0	0:00:00.961879
9180	5	5	5	1	0:00:00.913914
9200	8	8	8	1	0:00:00.912683
9220	8	8	8	1	0:00:00.907887
9240	8	8	8	1	0:00:00.903098
9260	5	5	5	1	0:00:00.930974
9280	9	8	8	0	0:00:00.927158
9300	5	-1	2	0	0:00:00.884727
9320	9	9	9	1	0:00:00.925002
9340	1	1	1	1	0:00:00.894337
9360	5	0	0	0	0:00:00.906269
9380	5	3	3	0	0:00:00.920435
9400	6	6	6	1	0:00:00.942878
9420	5	5	5	1	0:00:00.903099
9440	8	8	8	1	0:00:00.927931
9460	3	-1	7	0	0:00:00.881194
9480	2	-1	2	0	0:00:00.894407
9500	9	9	2	1	0:00:00.905492
9520	1	1	1	1	0:00:00.886072
9540	5	5	5	1	0:00:00.876604
9560	9	7	3	0	0:00:00.859822
9580	1	1	1	1	0:00:00.874454
9600	8	8	8	1	0:00:00.884519
9620	4	4	4	1	0:00:00.940961
9640	5	5	5	1	0:00:00.923758
9660	6	6	6	1	0:00:00.940148
9680	8	8	8	1	0:00:00.894444
9700	0	0	0	1	0:00:00.904701
9720	8	-1	8	0	0:00:00.896722
9740	3	6	2	0	0:00:00.884470
9760	9	5	5	0	0:00:00.917708
9780	4	4	2	1	0:00:00.885305
9800	1	1	1	1	0:00:00.888355
9820	0	8	8	0	0:00:00.889032
9840	4	7	7	0	0:00:00.880357
9860	0	-1	8	0	0:00:00.884379
9880	7	-1	7	0	0:00:00.912927
9900	8	8	8	1	0:00:00.914797
9920	6	6	6	1	0:00:00.880542
9940	4	5	5	0	0:00:00.891490
9960	2	0	0	0	0:00:00.887548
9980	0	0	0	1	0:00:00.898892
