idx	label	predict	basePredict	correct	time
0	3	6	6	0	0:00:02.079157
20	7	9	9	0	0:00:01.941051
40	4	8	8	0	0:00:01.902243
60	7	2	2	0	0:00:01.908984
80	8	8	8	1	0:00:01.923692
100	4	5	5	0	0:00:01.912959
120	8	8	8	1	0:00:01.928836
140	6	2	2	0	0:00:01.936893
160	2	0	0	0	0:00:01.929857
180	0	0	0	1	0:00:01.922528
200	5	3	3	0	0:00:01.933164
220	7	7	7	1	0:00:01.953115
240	1	1	1	1	0:00:01.938151
260	8	5	5	0	0:00:01.934739
280	9	9	9	1	0:00:01.925300
300	6	4	4	0	0:00:01.939286
320	3	4	2	0	0:00:01.950262
340	2	4	4	0	0:00:01.939380
360	9	6	6	0	0:00:01.928579
380	6	6	6	1	0:00:01.927433
400	9	9	9	1	0:00:01.926246
420	4	6	6	0	0:00:01.928708
440	1	1	2	1	0:00:01.946090
460	5	5	5	1	0:00:01.940690
480	8	9	9	0	0:00:01.969235
500	4	6	6	0	0:00:01.952704
520	5	-1	7	0	0:00:01.948751
540	1	8	8	0	0:00:01.947596
560	0	-1	8	0	0:00:01.935845
580	4	6	6	0	0:00:01.933782
600	8	8	8	1	0:00:01.929268
620	7	6	6	0	0:00:01.933753
640	5	6	6	0	0:00:01.952326
660	9	9	9	1	0:00:01.944395
680	9	9	9	1	0:00:01.918295
700	7	7	7	1	0:00:01.926746
720	4	9	9	0	0:00:01.941694
740	2	5	5	0	0:00:01.936189
760	3	9	9	0	0:00:01.932829
780	9	9	0	1	0:00:01.844787
800	7	7	7	1	0:00:01.867318
820	6	9	9	0	0:00:01.875749
840	7	7	7	1	0:00:01.859989
860	4	6	6	0	0:00:01.911338
880	8	8	8	1	0:00:01.869699
900	2	6	6	0	0:00:01.911211
920	6	2	2	0	0:00:01.941134
940	9	1	6	0	0:00:01.954287
960	9	9	9	1	0:00:01.929294
980	2	6	6	0	0:00:01.925330
1000	5	5	5	1	0:00:01.821106
1020	1	8	8	0	0:00:01.831699
1040	7	5	5	0	0:00:01.841248
1060	9	-1	8	0	0:00:01.836559
1080	6	6	6	1	0:00:01.823245
1100	7	8	8	0	0:00:01.792698
1120	5	2	8	0	0:00:01.787433
1140	6	4	4	0	0:00:01.780740
1160	8	0	0	0	0:00:01.779207
1180	3	9	9	0	0:00:01.778532
1200	8	0	0	0	0:00:01.753342
1220	9	-1	2	0	0:00:01.752018
1240	2	6	6	0	0:00:01.784591
1260	1	9	9	0	0:00:01.788593
1280	3	7	7	0	0:00:01.786154
1300	4	6	6	0	0:00:01.819414
1320	7	0	0	0	0:00:01.798016
1340	1	1	1	1	0:00:01.803971
1360	7	9	5	0	0:00:01.756037
1380	4	5	5	0	0:00:01.758928
1400	5	4	2	0	0:00:01.809373
1420	4	7	7	0	0:00:01.847559
1440	0	8	8	0	0:00:01.802217
1460	6	6	6	1	0:00:01.765514
1480	1	5	5	0	0:00:01.763844
1500	1	9	9	0	0:00:01.755194
1520	7	6	6	0	0:00:01.829066
1540	8	8	8	1	0:00:01.845589
1560	7	7	7	1	0:00:01.780740
1580	6	1	1	0	0:00:01.760552
1600	8	9	6	0	0:00:01.763390
1620	5	8	8	0	0:00:01.819772
1640	7	5	5	0	0:00:01.853453
1660	3	5	4	0	0:00:01.829234
1680	6	6	6	1	0:00:01.760166
1700	5	2	2	0	0:00:01.818819
1720	4	0	0	0	0:00:01.853476
1740	1	9	9	0	0:00:01.761068
1760	0	8	8	0	0:00:01.765202
1780	7	8	8	0	0:00:01.810644
1800	4	8	8	0	0:00:01.767383
1820	8	9	9	0	0:00:01.759540
1840	8	7	7	0	0:00:01.768845
1860	8	8	8	1	0:00:01.825291
1880	1	-1	8	0	0:00:01.770618
1900	8	8	8	1	0:00:01.813547
1920	2	7	4	0	0:00:01.805515
1940	5	2	2	0	0:00:01.812316
1960	2	5	5	0	0:00:01.853326
1980	9	9	9	1	0:00:01.841843
2000	1	6	6	0	0:00:01.826419
2020	9	9	9	1	0:00:01.846517
2040	0	8	8	0	0:00:01.834397
2060	5	5	5	1	0:00:01.836719
2080	1	-1	4	0	0:00:01.834858
2100	2	4	4	0	0:00:01.848864
2120	4	8	8	0	0:00:01.822030
2140	9	-1	1	0	0:00:01.820028
2160	0	8	8	0	0:00:01.826871
2180	4	6	6	0	0:00:01.832915
2200	0	0	0	1	0:00:01.803696
2220	1	1	1	1	0:00:01.819546
2240	9	9	9	1	0:00:01.830896
2260	4	1	4	0	0:00:01.836800
2280	4	8	8	0	0:00:01.831753
2300	3	6	6	0	0:00:01.803589
2320	5	8	8	0	0:00:01.826843
2340	7	-1	7	0	0:00:01.816521
2360	7	7	7	1	0:00:01.841117
2380	8	8	8	1	0:00:01.848341
2400	0	0	0	1	0:00:01.808664
2420	8	5	5	0	0:00:01.826741
2440	7	1	1	0	0:00:01.847485
2460	9	6	6	0	0:00:01.843914
2480	8	8	8	1	0:00:01.842632
2500	4	6	4	0	0:00:01.826977
2520	1	8	8	0	0:00:01.837960
2540	2	3	3	0	0:00:01.832930
2560	7	4	2	0	0:00:01.835629
2580	6	4	4	0	0:00:01.831724
2600	8	8	8	1	0:00:01.845882
2620	1	6	6	0	0:00:01.852808
2640	7	7	7	1	0:00:01.829101
2660	3	0	0	0	0:00:01.820802
2680	0	0	0	1	0:00:01.845438
2700	9	9	0	1	0:00:01.859719
2720	3	8	8	0	0:00:01.816220
2740	1	1	1	1	0:00:01.832007
2760	2	6	6	0	0:00:01.853966
2780	7	7	7	1	0:00:01.805724
2800	4	6	6	0	0:00:01.793230
2820	6	6	6	1	0:00:01.778175
2840	3	3	3	1	0:00:01.777446
2860	5	7	7	0	0:00:01.827575
2880	4	4	4	1	0:00:01.843527
2900	3	5	5	0	0:00:01.805548
2920	2	8	8	0	0:00:01.802571
2940	3	8	8	0	0:00:01.819602
2960	9	7	7	0	0:00:01.835303
2980	8	1	1	0	0:00:01.836037
3000	5	5	5	1	0:00:01.829327
3020	1	1	1	1	0:00:01.840453
3040	7	7	7	1	0:00:01.820881
3060	7	7	7	1	0:00:01.840513
3080	1	2	2	0	0:00:01.829952
3100	0	0	0	1	0:00:01.838872
3120	4	6	6	0	0:00:01.836404
3140	8	8	8	1	0:00:01.835780
3160	6	4	4	0	0:00:01.834135
3180	3	9	8	0	0:00:01.833603
3200	5	-1	7	0	0:00:01.839921
3220	3	9	9	0	0:00:01.861030
3240	4	-1	8	0	0:00:01.841738
3260	7	0	0	0	0:00:01.852792
3280	3	0	0	0	0:00:01.839294
3300	4	4	4	1	0:00:01.833711
3320	2	7	7	0	0:00:01.836948
3340	6	4	4	0	0:00:01.836574
3360	4	6	6	0	0:00:01.813012
3380	8	9	8	0	0:00:01.818619
3400	6	4	4	0	0:00:01.772351
3420	5	6	6	0	0:00:01.776119
3440	2	9	9	0	0:00:01.780613
3460	1	1	4	1	0:00:01.767681
3480	2	2	2	1	0:00:01.774564
3500	1	-1	4	0	0:00:01.783215
3520	1	1	1	1	0:00:01.770252
3540	6	8	8	0	0:00:01.773741
3560	1	9	9	0	0:00:01.777809
3580	4	1	1	0	0:00:01.852279
3600	4	2	2	0	0:00:01.831946
3620	0	7	6	0	0:00:01.836820
3640	6	2	2	0	0:00:01.838051
3660	0	8	8	0	0:00:01.832479
3680	0	-1	2	0	0:00:01.848749
3700	3	4	4	0	0:00:01.832777
3720	2	2	2	1	0:00:01.838421
3740	0	0	0	1	0:00:01.850059
3760	7	7	7	1	0:00:01.832767
3780	4	2	2	0	0:00:01.822035
3800	9	9	3	1	0:00:01.784400
3820	0	0	0	1	0:00:01.769147
3840	6	8	8	0	0:00:01.773923
3860	7	7	7	1	0:00:01.832893
3880	6	4	4	0	0:00:01.831144
3900	3	0	1	0	0:00:01.821863
3920	7	8	8	0	0:00:01.804342
3940	6	7	7	0	0:00:01.799970
3960	2	5	5	0	0:00:01.804709
3980	9	7	7	0	0:00:01.801028
4000	8	7	7	0	0:00:01.789591
4020	8	9	9	0	0:00:01.800175
4040	0	0	0	1	0:00:01.818308
4060	6	0	0	0	0:00:01.814234
4080	1	8	8	0	0:00:01.815646
4100	7	7	7	1	0:00:01.831288
4120	4	0	0	0	0:00:01.818802
4140	5	2	2	0	0:00:01.819626
4160	5	2	2	0	0:00:01.833827
4180	0	8	8	0	0:00:01.815747
4200	4	2	2	0	0:00:01.744840
4220	4	0	0	0	0:00:01.750722
4240	7	8	8	0	0:00:01.757789
4260	8	-1	8	0	0:00:01.743712
4280	8	-1	8	0	0:00:01.742024
4300	8	8	8	1	0:00:01.742328
4320	1	8	8	0	0:00:01.815401
4340	0	-1	0	0	0:00:01.818465
4360	6	9	9	0	0:00:01.803257
4380	9	9	9	1	0:00:01.809051
4400	3	8	8	0	0:00:01.777244
4420	5	8	8	0	0:00:01.804253
4440	2	6	6	0	0:00:01.814543
4460	9	8	8	0	0:00:01.827324
4480	9	6	6	0	0:00:01.821037
4500	3	7	7	0	0:00:01.822778
4520	3	6	6	0	0:00:01.828299
4540	9	9	9	1	0:00:01.827843
4560	1	1	6	1	0:00:01.832935
4580	6	6	6	1	0:00:01.845900
4600	4	7	7	0	0:00:01.845137
4620	7	3	3	0	0:00:01.846791
4640	2	5	5	0	0:00:01.844139
4660	7	2	2	0	0:00:01.829198
4680	9	1	1	0	0:00:01.824952
4700	6	1	1	0	0:00:01.819594
4720	8	0	0	0	0:00:01.837022
4740	5	6	6	0	0:00:01.823161
4760	3	2	2	0	0:00:01.830668
4780	0	8	8	0	0:00:01.841792
4800	9	9	9	1	0:00:01.827786
4820	3	5	5	0	0:00:01.848055
4840	0	0	0	1	0:00:01.828982
4860	5	5	5	1	0:00:01.831562
4880	0	2	2	0	0:00:01.830709
4900	3	1	1	0	0:00:01.837888
4920	7	0	0	0	0:00:01.810365
4940	6	4	2	0	0:00:01.822762
4960	4	6	6	0	0:00:01.816867
4980	1	9	9	0	0:00:01.832996
5000	7	7	7	1	0:00:01.757451
5020	8	1	1	0	0:00:01.775046
5040	3	7	7	0	0:00:01.826174
5060	6	6	6	1	0:00:01.830570
5080	7	7	7	1	0:00:01.833305
5100	3	4	4	0	0:00:01.832678
5120	9	8	8	0	0:00:01.845868
5140	8	8	8	1	0:00:01.838408
5160	0	8	8	0	0:00:01.840482
5180	9	6	6	0	0:00:01.831739
5200	3	3	3	1	0:00:01.829299
5220	0	0	0	1	0:00:01.835751
5240	1	9	2	0	0:00:01.826940
5260	0	0	0	1	0:00:01.842973
5280	0	8	8	0	0:00:01.827770
5300	9	1	1	0	0:00:01.828091
5320	7	7	7	1	0:00:01.816989
5340	3	4	4	0	0:00:01.827367
5360	9	9	9	1	0:00:01.829850
5380	1	9	9	0	0:00:01.834919
5400	9	0	0	0	0:00:01.829910
5420	6	5	5	0	0:00:01.833602
5440	9	9	9	1	0:00:01.832478
5460	0	7	7	0	0:00:01.828980
5480	1	8	8	0	0:00:01.823907
5500	8	1	1	0	0:00:01.825357
5520	4	5	5	0	0:00:01.840179
5540	5	6	2	0	0:00:01.829767
5560	3	6	6	0	0:00:01.820943
5580	5	6	6	0	0:00:01.841057
5600	6	8	8	0	0:00:01.813128
5620	3	2	2	0	0:00:01.819687
5640	2	3	3	0	0:00:01.818624
5660	9	9	8	1	0:00:01.826078
5680	2	8	8	0	0:00:01.823485
5700	3	6	6	0	0:00:01.825248
5720	9	9	9	1	0:00:01.821220
5740	6	6	6	1	0:00:01.834450
5760	2	2	8	1	0:00:01.834671
5780	7	7	7	1	0:00:01.833740
5800	2	6	6	0	0:00:01.840674
5820	5	6	6	0	0:00:01.845488
5840	2	6	6	0	0:00:01.837864
5860	0	8	8	0	0:00:01.837114
5880	0	8	8	0	0:00:01.845300
5900	4	5	4	0	0:00:01.842960
5920	8	8	8	1	0:00:01.832696
5940	7	4	4	0	0:00:01.841408
5960	2	7	7	0	0:00:01.837395
5980	9	9	9	1	0:00:01.835844
6000	8	9	9	0	0:00:01.835524
6020	6	7	7	0	0:00:01.818602
6040	2	7	7	0	0:00:01.795766
6060	3	4	4	0	0:00:01.796541
6080	1	-1	6	0	0:00:01.787730
6100	1	-1	8	0	0:00:01.812214
6120	5	5	5	1	0:00:01.831805
6140	9	9	9	1	0:00:01.802885
6160	2	5	5	0	0:00:01.792655
6180	0	9	8	0	0:00:01.778947
6200	3	0	0	0	0:00:01.782916
6220	2	6	6	0	0:00:01.798903
6240	2	1	1	0	0:00:01.806116
6260	2	9	9	0	0:00:01.778602
6280	8	5	5	0	0:00:01.780478
6300	1	7	6	0	0:00:01.795227
6320	0	0	0	1	0:00:01.800691
6340	3	8	8	0	0:00:01.801803
6360	2	6	2	0	0:00:01.809779
6380	3	1	1	0	0:00:01.832963
6400	0	1	1	0	0:00:01.837512
6420	7	8	8	0	0:00:01.845298
6440	3	8	8	0	0:00:01.841019
6460	3	1	1	0	0:00:01.817885
6480	0	5	0	0	0:00:01.831216
6500	7	0	0	0	0:00:01.818199
6520	6	4	4	0	0:00:01.839800
6540	8	8	8	1	0:00:01.825777
6560	6	6	6	1	0:00:01.823246
6580	1	2	2	0	0:00:01.831135
6600	7	7	7	1	0:00:01.843605
6620	7	7	4	1	0:00:01.828145
6640	5	8	8	0	0:00:01.822015
6660	0	8	8	0	0:00:01.821001
6680	3	5	5	0	0:00:01.831189
6700	6	6	6	1	0:00:01.829445
6720	2	2	2	1	0:00:01.822975
6740	2	6	6	0	0:00:01.821698
6760	5	2	2	0	0:00:01.828552
6780	7	7	7	1	0:00:01.840911
6800	6	6	6	1	0:00:01.843568
6820	1	1	1	1	0:00:01.841220
6840	9	1	1	0	0:00:01.835558
6860	0	0	0	1	0:00:01.847217
6880	2	-1	4	0	0:00:01.838506
6900	3	7	7	0	0:00:01.847170
6920	5	2	2	0	0:00:01.807162
6940	1	1	1	1	0:00:01.833850
6960	9	8	8	0	0:00:01.836073
6980	0	9	9	0	0:00:01.836822
7000	2	8	8	0	0:00:01.831130
7020	7	1	1	0	0:00:01.839417
7040	7	8	8	0	0:00:01.840629
7060	8	8	8	1	0:00:01.832555
7080	5	-1	0	0	0:00:01.835287
7100	9	3	3	0	0:00:01.831513
7120	7	6	6	0	0:00:01.838259
7140	4	4	4	1	0:00:01.827208
7160	5	4	4	0	0:00:01.843930
7180	6	6	6	1	0:00:01.830442
7200	4	6	6	0	0:00:01.835725
7220	9	8	8	0	0:00:01.837841
7240	0	8	8	0	0:00:01.829076
7260	1	8	8	0	0:00:01.837888
7280	1	6	6	0	0:00:01.836720
7300	3	7	7	0	0:00:01.825396
7320	8	0	0	0	0:00:01.835168
7340	2	4	4	0	0:00:01.845492
7360	2	7	7	0	0:00:01.812957
7380	7	1	7	0	0:00:01.785118
7400	3	9	9	0	0:00:01.793237
7420	3	0	0	0	0:00:01.804742
7440	3	6	6	0	0:00:01.846972
7460	5	5	5	1	0:00:01.824028
7480	1	5	5	0	0:00:01.763464
7500	6	6	6	1	0:00:01.767593
7520	4	6	6	0	0:00:01.775815
7540	5	5	5	1	0:00:01.772666
7560	0	-1	2	0	0:00:01.839108
7580	8	8	8	1	0:00:01.831798
7600	8	9	9	0	0:00:01.809033
7620	5	1	1	0	0:00:01.840010
7640	9	9	8	1	0:00:01.823832
7660	7	9	9	0	0:00:01.847334
7680	3	9	9	0	0:00:01.836638
7700	6	6	6	1	0:00:01.843450
7720	5	6	6	0	0:00:01.839018
7740	4	6	2	0	0:00:01.822325
7760	2	9	9	0	0:00:01.828859
7780	3	8	8	0	0:00:01.838837
7800	0	0	0	1	0:00:01.837494
7820	5	8	8	0	0:00:01.829687
7840	1	1	1	1	0:00:01.836048
7860	8	4	4	0	0:00:01.836098
7880	0	8	8	0	0:00:01.845586
7900	0	8	8	0	0:00:01.824583
7920	9	8	8	0	0:00:01.805032
7940	2	6	6	0	0:00:01.774240
7960	0	0	0	1	0:00:01.794948
7980	3	7	4	0	0:00:01.797486
8000	9	9	8	1	0:00:01.800012
8020	6	6	6	1	0:00:01.802933
8040	2	6	6	0	0:00:01.824877
8060	6	4	4	0	0:00:01.816109
8080	4	6	6	0	0:00:01.825508
8100	6	2	2	0	0:00:01.829796
8120	8	9	9	0	0:00:01.836044
8140	5	6	6	0	0:00:01.836066
8160	6	9	9	0	0:00:01.826943
8180	4	6	6	0	0:00:01.826121
8200	3	6	6	0	0:00:01.824000
8220	6	7	2	0	0:00:01.818021
8240	7	7	7	1	0:00:01.833302
8260	1	1	1	1	0:00:01.786542
8280	4	1	1	0	0:00:01.780505
8300	5	2	2	0	0:00:01.849972
8320	7	4	4	0	0:00:01.803212
8340	5	4	4	0	0:00:01.808514
8360	7	-1	6	0	0:00:01.774382
8380	9	8	8	0	0:00:01.826004
8400	0	8	8	0	0:00:01.830625
8420	3	6	4	0	0:00:01.821971
8440	5	9	9	0	0:00:01.832328
8460	8	8	8	1	0:00:01.828511
8480	2	1	1	0	0:00:01.820667
8500	4	2	2	0	0:00:01.821897
8520	8	6	6	0	0:00:01.825467
8540	4	6	4	0	0:00:01.840633
8560	7	7	7	1	0:00:01.825925
8580	3	0	0	0	0:00:01.842504
8600	3	7	7	0	0:00:01.837743
8620	3	1	4	0	0:00:01.834238
8640	1	1	1	1	0:00:01.825374
8660	7	5	5	0	0:00:01.833395
8680	3	9	9	0	0:00:01.834100
8700	3	5	5	0	0:00:01.804527
8720	2	0	0	0	0:00:01.832984
8740	2	6	6	0	0:00:01.833144
8760	8	8	8	1	0:00:01.816332
8780	4	4	4	1	0:00:01.864883
8800	0	0	0	1	0:00:01.834499
8820	2	2	2	1	0:00:01.752829
8840	2	1	1	0	0:00:01.751450
8860	2	0	8	0	0:00:01.747633
8880	1	6	6	0	0:00:01.753274
8900	2	1	4	0	0:00:01.757760
8920	6	6	6	1	0:00:01.782689
8940	6	3	3	0	0:00:01.801459
8960	0	0	0	1	0:00:01.792891
8980	9	9	9	1	0:00:01.819300
9000	8	8	8	1	0:00:01.827015
9020	7	9	9	0	0:00:01.841811
9040	2	5	5	0	0:00:01.829740
9060	9	5	5	0	0:00:01.847799
9080	3	0	0	0	0:00:01.847202
9100	9	6	6	0	0:00:01.846284
9120	3	0	0	0	0:00:01.844803
9140	7	8	8	0	0:00:01.837958
9160	5	5	5	1	0:00:01.834485
9180	5	5	5	1	0:00:01.846364
9200	8	8	8	1	0:00:01.827291
9220	8	8	8	1	0:00:01.830569
9240	8	8	8	1	0:00:01.837026
9260	5	5	4	1	0:00:01.839451
9280	9	0	0	0	0:00:01.824291
9300	5	-1	6	0	0:00:01.833978
9320	9	-1	8	0	0:00:01.827937
9340	1	1	1	1	0:00:01.831836
9360	5	-1	0	0	0:00:01.828792
9380	5	5	5	1	0:00:01.817793
9400	6	6	2	1	0:00:01.822337
9420	5	6	6	0	0:00:01.820752
9440	8	8	8	1	0:00:01.837718
9460	3	7	7	0	0:00:01.840257
9480	2	4	4	0	0:00:01.821257
9500	9	-1	6	0	0:00:01.833540
9520	1	9	9	0	0:00:01.833791
9540	5	4	4	0	0:00:01.836729
9560	9	7	7	0	0:00:01.821616
9580	1	4	4	0	0:00:01.830758
9600	8	8	8	1	0:00:01.828286
9620	4	7	7	0	0:00:01.823200
9640	5	-1	6	0	0:00:01.830981
9660	6	6	6	1	0:00:01.824466
9680	8	9	9	0	0:00:01.832147
9700	0	0	0	1	0:00:01.829563
9720	8	6	6	0	0:00:01.791936
9740	3	6	6	0	0:00:01.810449
9760	9	9	6	1	0:00:01.807956
9780	4	6	6	0	0:00:01.808139
9800	1	1	1	1	0:00:01.822759
9820	0	9	8	0	0:00:01.863923
9840	4	3	3	0	0:00:01.837538
9860	0	2	2	0	0:00:01.845541
9880	7	-1	4	0	0:00:01.835934
9900	8	0	0	0	0:00:01.848465
9920	6	6	6	1	0:00:01.844689
9940	4	7	7	0	0:00:01.858036
9960	2	0	0	0	0:00:01.815359
9980	0	0	0	1	0:00:01.815208
