idx	label	predict	basePredict	correct	time
0	3	2	2	0	0:00:15.840263
20	7	1	9	0	0:00:15.729424
40	4	8	8	0	0:00:15.719192
60	7	7	4	1	0:00:15.728872
80	8	8	8	1	0:00:15.701004
100	4	5	3	0	0:00:15.674954
120	8	8	8	1	0:00:15.716137
140	6	2	2	0	0:00:15.680594
160	2	0	2	0	0:00:15.777822
180	0	0	8	1	0:00:15.673319
200	5	7	3	0	0:00:15.685630
220	7	7	7	1	0:00:15.702539
240	1	1	8	1	0:00:15.702200
260	8	3	6	0	0:00:15.671310
280	9	9	8	1	0:00:15.675316
300	6	7	4	0	0:00:15.665396
320	3	2	4	0	0:00:15.682120
340	2	4	4	0	0:00:15.689701
360	9	7	4	0	0:00:15.709127
380	6	4	4	0	0:00:15.676869
400	9	1	1	0	0:00:15.668577
420	4	6	6	0	0:00:15.663257
440	1	1	4	1	0:00:15.701209
460	5	5	3	1	0:00:15.678252
480	8	9	8	0	0:00:15.699310
500	4	6	6	0	0:00:15.694957
520	5	7	7	0	0:00:15.695230
540	1	8	8	0	0:00:15.671092
560	0	0	8	1	0:00:15.702463
580	4	4	4	1	0:00:15.719482
600	8	8	8	1	0:00:15.720793
620	7	6	4	0	0:00:15.677891
640	5	3	3	0	0:00:15.725919
660	9	9	9	1	0:00:15.701184
680	9	7	1	0	0:00:15.801823
700	7	1	4	0	0:00:15.674843
720	4	9	7	0	0:00:15.961441
740	2	5	3	0	0:00:15.749809
760	3	9	9	0	0:00:15.772140
780	9	1	1	0	0:00:17.092061
800	7	7	7	1	0:00:15.736257
820	6	1	8	0	0:00:16.230438
840	7	7	7	1	0:00:16.612437
860	4	4	4	1	0:00:15.691863
880	8	8	8	1	0:00:16.911356
900	2	-1	4	0	0:00:15.811645
920	6	2	2	0	0:00:15.995513
940	9	1	9	0	0:00:16.705705
960	9	9	8	1	0:00:15.710680
980	2	6	6	0	0:00:17.967680
1000	5	5	5	1	0:00:14.986526
1020	1	1	8	1	0:00:15.007899
1040	7	5	5	0	0:00:14.996896
1060	9	9	8	1	0:00:15.032368
1080	6	6	6	1	0:00:14.981472
1100	7	8	8	0	0:00:15.008651
1120	5	2	2	0	0:00:15.000953
1140	6	4	4	0	0:00:14.992664
1160	8	0	8	0	0:00:14.977365
1180	3	3	8	1	0:00:14.971690
1200	8	0	0	0	0:00:14.987705
1220	9	6	6	0	0:00:14.982180
1240	2	6	6	0	0:00:14.972857
1260	1	9	9	0	0:00:14.993332
1280	3	7	7	0	0:00:15.012284
1300	4	3	3	0	0:00:15.005564
1320	7	0	2	0	0:00:14.999594
1340	1	1	8	1	0:00:15.015286
1360	7	7	4	1	0:00:14.995368
1380	4	5	5	0	0:00:14.979383
1400	5	6	2	0	0:00:14.999640
1420	4	6	6	0	0:00:14.992726
1440	0	8	8	0	0:00:14.987442
1460	6	6	4	1	0:00:14.982228
1480	1	5	5	0	0:00:14.987127
1500	1	9	1	0	0:00:14.985908
1520	7	7	4	1	0:00:14.979920
1540	8	8	8	1	0:00:15.001951
1560	7	7	7	1	0:00:14.985439
1580	6	1	1	0	0:00:14.990498
1600	8	9	4	0	0:00:15.000306
1620	5	8	8	0	0:00:14.983222
1640	7	5	5	0	0:00:14.976324
1660	3	5	4	0	0:00:14.991050
1680	6	6	6	1	0:00:14.984198
1700	5	2	2	0	0:00:15.005601
1720	4	2	2	0	0:00:14.977901
1740	1	9	9	0	0:00:14.977223
1760	0	8	8	0	0:00:15.002567
1780	7	8	8	0	0:00:14.983446
1800	4	8	8	0	0:00:14.986711
1820	8	9	8	0	0:00:14.985854
1840	8	9	4	0	0:00:14.979686
1860	8	8	8	1	0:00:14.993974
1880	1	8	8	0	0:00:15.006131
1900	8	8	8	1	0:00:14.990485
1920	2	5	2	0	0:00:14.986257
1940	5	3	3	0	0:00:14.974657
1960	2	5	5	0	0:00:15.018893
1980	9	9	8	1	0:00:14.997805
2000	1	6	6	0	0:00:14.978885
2020	9	9	9	1	0:00:14.988627
2040	0	8	8	0	0:00:14.995013
2060	5	5	3	1	0:00:14.996819
2080	1	9	6	0	0:00:15.008664
2100	2	4	4	0	0:00:14.990559
2120	4	8	8	0	0:00:15.014966
2140	9	1	1	0	0:00:15.006992
2160	0	8	8	0	0:00:14.998040
2180	4	6	4	0	0:00:15.010042
2200	0	2	2	0	0:00:15.002861
2220	1	1	4	1	0:00:15.018346
2240	9	9	9	1	0:00:14.999899
2260	4	7	4	0	0:00:14.989008
2280	4	8	8	0	0:00:14.999357
2300	3	6	4	0	0:00:14.991989
2320	5	8	8	0	0:00:14.999274
2340	7	7	7	1	0:00:14.984908
2360	7	7	3	1	0:00:14.979841
2380	8	0	8	0	0:00:14.987259
2400	0	0	4	1	0:00:15.005910
2420	8	5	5	0	0:00:14.987833
2440	7	1	7	0	0:00:14.991554
2460	9	3	3	0	0:00:14.989301
2480	8	8	8	1	0:00:14.979133
2500	4	2	2	0	0:00:14.980307
2520	1	9	8	0	0:00:14.993891
2540	2	3	3	0	0:00:14.994706
2560	7	7	4	1	0:00:15.001889
2580	6	4	4	0	0:00:14.972750
2600	8	8	8	1	0:00:14.986623
2620	1	4	4	0	0:00:14.975039
2640	7	7	6	1	0:00:14.992613
2660	3	2	2	0	0:00:14.994812
2680	0	0	0	1	0:00:14.989312
2700	9	0	0	0	0:00:15.010208
2720	3	8	2	0	0:00:14.985254
2740	1	1	4	1	0:00:14.985998
2760	2	4	4	0	0:00:14.989451
2780	7	7	7	1	0:00:14.991748
2800	4	6	4	0	0:00:14.986980
2820	6	6	4	1	0:00:14.984908
2840	3	3	3	1	0:00:14.980440
2860	5	7	4	0	0:00:14.981437
2880	4	4	4	1	0:00:14.988425
2900	3	2	2	0	0:00:14.995776
2920	2	5	5	0	0:00:14.995402
2940	3	0	0	0	0:00:14.996345
2960	9	9	8	1	0:00:14.989574
2980	8	1	8	0	0:00:14.992772
3000	5	5	5	1	0:00:15.011520
3020	1	1	8	1	0:00:14.999322
3040	7	7	7	1	0:00:14.994849
3060	7	7	7	1	0:00:15.001991
3080	1	7	4	0	0:00:14.982251
3100	0	0	0	1	0:00:14.990147
3120	4	6	2	0	0:00:15.009705
3140	8	8	8	1	0:00:14.993666
3160	6	4	4	0	0:00:14.983608
3180	3	7	2	0	0:00:14.979600
3200	5	7	7	0	0:00:14.990633
3220	3	9	9	0	0:00:14.978781
3240	4	1	8	0	0:00:14.988135
3260	7	0	0	0	0:00:14.998910
3280	3	0	0	0	0:00:14.989269
3300	4	6	4	0	0:00:14.989672
3320	2	7	7	0	0:00:14.997314
3340	6	6	4	1	0:00:14.993358
3360	4	6	6	0	0:00:14.995769
3380	8	1	8	0	0:00:14.984935
3400	6	4	4	0	0:00:14.993192
3420	5	4	4	0	0:00:15.018037
3440	2	9	3	0	0:00:14.993479
3460	1	1	4	1	0:00:14.986530
3480	2	2	2	1	0:00:14.994256
3500	1	1	4	1	0:00:14.979406
3520	1	1	1	1	0:00:15.012083
3540	6	6	6	1	0:00:14.985800
3560	1	-1	7	0	0:00:14.992283
3580	4	1	4	0	0:00:14.982105
3600	4	2	2	0	0:00:14.992151
3620	0	6	6	0	0:00:14.983165
3640	6	2	2	0	0:00:14.994774
3660	0	8	8	0	0:00:14.986856
3680	0	2	2	0	0:00:14.980224
3700	3	4	4	0	0:00:14.979784
3720	2	2	2	1	0:00:14.985321
3740	0	0	0	1	0:00:15.002893
3760	7	7	7	1	0:00:14.991203
3780	4	4	2	1	0:00:14.971192
3800	9	-1	3	0	0:00:14.977177
3820	0	2	2	0	0:00:14.982892
3840	6	8	3	0	0:00:14.981320
3860	7	7	7	1	0:00:14.987639
3880	6	4	4	0	0:00:14.980024
3900	3	1	1	0	0:00:14.982079
3920	7	1	8	0	0:00:14.995020
3940	6	7	4	0	0:00:14.969011
3960	2	5	5	0	0:00:14.971557
3980	9	7	7	0	0:00:14.994476
4000	8	7	4	0	0:00:14.991491
4020	8	1	8	0	0:00:14.992469
4040	0	0	0	1	0:00:15.004514
4060	6	3	3	0	0:00:14.980390
4080	1	8	8	0	0:00:14.993336
4100	7	7	7	1	0:00:14.984125
4120	4	0	0	0	0:00:14.985309
4140	5	3	3	0	0:00:14.991991
4160	5	2	2	0	0:00:14.987727
4180	0	0	8	1	0:00:14.982281
4200	4	2	2	0	0:00:14.985812
4220	4	0	0	0	0:00:14.986019
4240	7	0	0	0	0:00:15.027477
4260	8	1	8	0	0:00:15.008532
4280	8	9	8	0	0:00:14.986721
4300	8	8	8	1	0:00:14.985685
4320	1	8	8	0	0:00:15.019315
4340	0	0	8	1	0:00:14.994652
4360	6	9	3	0	0:00:14.978542
4380	9	8	8	0	0:00:15.013349
4400	3	4	4	0	0:00:14.998751
4420	5	8	8	0	0:00:14.982380
4440	2	6	2	0	0:00:14.991875
4460	9	8	8	0	0:00:14.985129
4480	9	3	3	0	0:00:14.980485
4500	3	6	6	0	0:00:14.984856
4520	3	6	6	0	0:00:14.980902
4540	9	9	1	1	0:00:15.014665
4560	1	1	4	1	0:00:15.001066
4580	6	4	4	0	0:00:14.981534
4600	4	7	4	0	0:00:14.989172
4620	7	3	3	0	0:00:14.982590
4640	2	3	4	0	0:00:14.976130
4660	7	4	2	0	0:00:14.981056
4680	9	1	1	0	0:00:14.988535
4700	6	1	4	0	0:00:15.002388
4720	8	0	0	0	0:00:15.013225
4740	5	3	4	0	0:00:14.983285
4760	3	3	4	1	0:00:14.980911
4780	0	0	8	1	0:00:14.979378
4800	9	9	9	1	0:00:15.009624
4820	3	5	5	0	0:00:15.012354
4840	0	0	0	1	0:00:14.990967
4860	5	5	8	1	0:00:14.984061
4880	0	2	2	0	0:00:14.992735
4900	3	6	6	0	0:00:14.969415
4920	7	7	4	1	0:00:14.989934
4940	6	4	2	0	0:00:14.985069
4960	4	6	6	0	0:00:14.990216
4980	1	9	0	0	0:00:14.984321
5000	7	7	7	1	0:00:14.977416
5020	8	1	8	0	0:00:14.997638
5040	3	4	4	0	0:00:15.043746
5060	6	2	4	0	0:00:14.987466
5080	7	7	7	1	0:00:14.989637
5100	3	3	4	1	0:00:14.988070
5120	9	9	8	1	0:00:14.994380
5140	8	8	8	1	0:00:14.988032
5160	0	0	8	1	0:00:14.979254
5180	9	7	4	0	0:00:14.982128
5200	3	3	3	1	0:00:15.000363
5220	0	0	0	1	0:00:14.994849
5240	1	9	2	0	0:00:14.985258
5260	0	0	0	1	0:00:15.003682
5280	0	8	8	0	0:00:15.017339
5300	9	1	9	0	0:00:14.990730
5320	7	0	3	0	0:00:15.008050
5340	3	4	4	0	0:00:14.989567
5360	9	9	9	1	0:00:14.990023
5380	1	9	9	0	0:00:14.987256
5400	9	9	0	1	0:00:14.987870
5420	6	6	6	1	0:00:14.981342
5440	9	9	9	1	0:00:14.992229
5460	0	7	7	0	0:00:14.984353
5480	1	1	8	1	0:00:14.976745
5500	8	1	8	0	0:00:14.972749
5520	4	5	3	0	0:00:14.991579
5540	5	6	2	0	0:00:14.977389
5560	3	6	4	0	0:00:14.981293
5580	5	6	6	0	0:00:14.985619
5600	6	9	0	0	0:00:14.984447
5620	3	2	2	0	0:00:14.980940
5640	2	5	3	0	0:00:14.990191
5660	9	0	8	0	0:00:14.986175
5680	2	8	8	0	0:00:14.973084
5700	3	5	2	0	0:00:14.974921
5720	9	9	9	1	0:00:14.994695
5740	6	2	4	0	0:00:14.995349
5760	2	0	2	0	0:00:14.999203
5780	7	7	4	1	0:00:14.991247
5800	2	6	4	0	0:00:14.982750
5820	5	6	6	0	0:00:14.997595
5840	2	2	6	1	0:00:14.977215
5860	0	9	8	0	0:00:14.986444
5880	0	8	0	0	0:00:14.984358
5900	4	3	4	0	0:00:15.011437
5920	8	8	8	1	0:00:15.007464
5940	7	4	4	0	0:00:14.991338
5960	2	7	4	0	0:00:15.000382
5980	9	9	6	1	0:00:14.977287
6000	8	9	8	0	0:00:14.986418
6020	6	6	6	1	0:00:15.015230
6040	2	7	7	0	0:00:14.987369
6060	3	4	4	0	0:00:15.007882
6080	1	9	6	0	0:00:14.984615
6100	1	1	8	1	0:00:14.985319
6120	5	3	3	0	0:00:14.987645
6140	9	9	9	1	0:00:15.020479
6160	2	5	5	0	0:00:14.984282
6180	0	9	8	0	0:00:14.980016
6200	3	0	3	0	0:00:14.969414
6220	2	6	6	0	0:00:14.978466
6240	2	1	4	0	0:00:14.996966
6260	2	9	4	0	0:00:14.969669
6280	8	5	6	0	0:00:14.971253
6300	1	7	4	0	0:00:14.983148
6320	0	0	0	1	0:00:14.998960
6340	3	3	3	1	0:00:15.010126
6360	2	6	2	0	0:00:15.003209
6380	3	1	6	0	0:00:14.998621
6400	0	1	4	0	0:00:15.011819
6420	7	7	4	1	0:00:14.988180
6440	3	9	8	0	0:00:14.981247
6460	3	1	4	0	0:00:14.986577
6480	0	2	2	0	0:00:14.998491
6500	7	8	8	0	0:00:15.014605
6520	6	-1	4	0	0:00:14.990241
6540	8	8	8	1	0:00:14.999120
6560	6	6	2	1	0:00:15.002067
6580	1	7	3	0	0:00:14.981868
6600	7	7	7	1	0:00:14.975653
6620	7	7	7	1	0:00:14.999791
6640	5	3	8	0	0:00:15.000673
6660	0	0	0	1	0:00:14.995356
6680	3	5	5	0	0:00:14.993858
6700	6	1	2	0	0:00:15.011079
6720	2	2	2	1	0:00:15.003573
6740	2	4	4	0	0:00:14.989295
6760	5	3	6	0	0:00:14.978403
6780	7	7	7	1	0:00:14.974520
6800	6	2	4	0	0:00:15.005389
6820	1	1	1	1	0:00:14.977875
6840	9	1	9	0	0:00:14.994019
6860	0	2	2	0	0:00:15.000304
6880	2	7	7	0	0:00:14.979720
6900	3	7	4	0	0:00:14.988899
6920	5	2	2	0	0:00:15.016747
6940	1	1	1	1	0:00:15.000684
6960	9	8	8	0	0:00:14.999077
6980	0	9	8	0	0:00:15.013011
7000	2	8	8	0	0:00:14.993102
7020	7	7	7	1	0:00:14.992215
7040	7	8	8	0	0:00:14.995312
7060	8	0	8	0	0:00:15.011644
7080	5	4	4	0	0:00:14.992145
7100	9	3	3	0	0:00:14.996155
7120	7	5	6	0	0:00:15.013599
7140	4	1	4	0	0:00:14.987633
7160	5	4	4	0	0:00:14.975820
7180	6	6	6	1	0:00:14.980524
7200	4	6	2	0	0:00:15.000886
7220	9	9	8	1	0:00:15.003037
7240	0	8	8	0	0:00:14.989366
7260	1	9	8	0	0:00:14.996560
7280	1	6	6	0	0:00:14.984949
7300	3	7	4	0	0:00:14.981697
7320	8	0	0	0	0:00:14.998699
7340	2	4	4	0	0:00:15.007593
7360	2	4	4	0	0:00:15.000549
7380	7	9	7	0	0:00:15.001437
7400	3	3	3	1	0:00:14.978639
7420	3	0	0	0	0:00:14.980380
7440	3	-1	2	0	0:00:15.002227
7460	5	5	5	1	0:00:14.997527
7480	1	8	4	0	0:00:15.002315
7500	6	6	6	1	0:00:15.000729
7520	4	6	4	0	0:00:15.003567
7540	5	5	5	1	0:00:14.984084
7560	0	9	8	0	0:00:15.003985
7580	8	0	8	0	0:00:14.978160
7600	8	9	8	0	0:00:15.019502
7620	5	1	4	0	0:00:14.984109
7640	9	9	6	1	0:00:14.999452
7660	7	9	4	0	0:00:14.989163
7680	3	9	3	0	0:00:14.985769
7700	6	6	6	1	0:00:14.996702
7720	5	5	8	1	0:00:15.007182
7740	4	6	2	0	0:00:14.978537
7760	2	9	8	0	0:00:15.007492
7780	3	1	8	0	0:00:14.979392
7800	0	0	8	1	0:00:14.982260
7820	5	8	8	0	0:00:14.996803
7840	1	1	1	1	0:00:15.005154
7860	8	7	4	0	0:00:15.024266
7880	0	0	0	1	0:00:15.006685
7900	0	8	8	0	0:00:14.982157
7920	9	8	8	0	0:00:14.979200
7940	2	6	6	0	0:00:14.995347
7960	0	0	2	1	0:00:14.980689
7980	3	6	4	0	0:00:14.980020
8000	9	9	0	1	0:00:14.990443
8020	6	3	3	0	0:00:14.994568
8040	2	6	4	0	0:00:14.988228
8060	6	6	4	1	0:00:15.001439
8080	4	6	2	0	0:00:14.992819
8100	6	2	2	0	0:00:14.994789
8120	8	9	8	0	0:00:15.005087
8140	5	4	4	0	0:00:15.015971
8160	6	9	6	0	0:00:14.992958
8180	4	4	4	1	0:00:15.006949
8200	3	7	2	0	0:00:14.995182
8220	6	7	2	0	0:00:14.991504
8240	7	7	7	1	0:00:14.978564
8260	1	3	3	0	0:00:14.997432
8280	4	5	3	0	0:00:15.008151
8300	5	2	2	0	0:00:14.983009
8320	7	3	4	0	0:00:15.045540
8340	5	3	4	0	0:00:15.176700
8360	7	7	4	1	0:00:15.239601
8380	9	8	8	0	0:00:15.026299
8400	0	8	8	0	0:00:15.118163
8420	3	6	4	0	0:00:15.133434
8440	5	3	4	0	0:00:15.165903
8460	8	8	8	1	0:00:15.125386
8480	2	8	8	0	0:00:15.217982
8500	4	2	2	0	0:00:15.104528
8520	8	4	4	0	0:00:15.080400
8540	4	6	2	0	0:00:15.089732
8560	7	7	4	1	0:00:15.127162
8580	3	0	0	0	0:00:15.132587
8600	3	6	4	0	0:00:15.113085
8620	3	7	4	0	0:00:15.094354
8640	1	1	8	1	0:00:15.142633
8660	7	5	5	0	0:00:15.202055
8680	3	9	8	0	0:00:15.120491
8700	3	3	3	1	0:00:15.100326
8720	2	0	0	0	0:00:15.219547
8740	2	2	4	1	0:00:15.202558
8760	8	8	5	1	0:00:15.151840
8780	4	4	4	1	0:00:15.131956
8800	0	0	0	1	0:00:15.123374
8820	2	3	3	0	0:00:15.130910
8840	2	1	1	0	0:00:15.139016
8860	2	0	2	0	0:00:15.205723
8880	1	9	6	0	0:00:15.141649
8900	2	4	4	0	0:00:15.117053
8920	6	6	4	1	0:00:15.151680
8940	6	3	3	0	0:00:15.118250
8960	0	0	0	1	0:00:15.092862
8980	9	9	8	1	0:00:15.115127
9000	8	8	8	1	0:00:15.148466
9020	7	9	8	0	0:00:15.117753
9040	2	5	5	0	0:00:15.160988
9060	9	5	5	0	0:00:15.162341
9080	3	0	3	0	0:00:15.186226
9100	9	6	6	0	0:00:15.113816
9120	3	0	0	0	0:00:15.149368
9140	7	9	8	0	0:00:15.126507
9160	5	7	4	0	0:00:15.065345
9180	5	5	5	1	0:00:15.089689
9200	8	8	8	1	0:00:15.166827
9220	8	8	8	1	0:00:15.151340
9240	8	8	8	1	0:00:15.086096
9260	5	6	5	0	0:00:15.059968
9280	9	1	1	0	0:00:15.184439
9300	5	3	2	0	0:00:15.110487
9320	9	9	8	1	0:00:15.101049
9340	1	1	1	1	0:00:15.163559
9360	5	6	6	0	0:00:15.103634
9380	5	9	3	0	0:00:15.114993
9400	6	4	2	0	0:00:15.223017
9420	5	5	6	1	0:00:15.109415
9440	8	8	8	1	0:00:15.106568
9460	3	7	6	0	0:00:15.090313
9480	2	4	4	0	0:00:15.076624
9500	9	1	4	0	0:00:15.137423
9520	1	1	1	1	0:00:15.158134
9540	5	3	4	0	0:00:15.109888
9560	9	7	7	0	0:00:15.089175
9580	1	4	4	0	0:00:15.073815
9600	8	8	8	1	0:00:15.184568
9620	4	7	4	0	0:00:15.173090
9640	5	0	0	0	0:00:15.093208
9660	6	6	6	1	0:00:15.134149
9680	8	8	8	1	0:00:15.178439
9700	0	0	2	1	0:00:15.176641
9720	8	1	4	0	0:00:15.214693
9740	3	4	4	0	0:00:15.124868
9760	9	7	4	0	0:00:15.156338
9780	4	6	4	0	0:00:15.174811
9800	1	1	1	1	0:00:15.121510
9820	0	8	8	0	0:00:15.101571
9840	4	5	5	0	0:00:15.172354
9860	0	5	8	0	0:00:15.121423
9880	7	4	4	0	0:00:15.062252
9900	8	0	8	0	0:00:15.071759
9920	6	4	2	0	0:00:15.118083
9940	4	5	5	0	0:00:15.079237
9960	2	0	0	0	0:00:15.126770
9980	0	0	0	1	0:00:15.166094
