idx	label	predict	basePredict	correct	time
0	3	3	2	1	0:00:03.688558
20	7	7	7	1	0:00:03.643906
40	4	8	8	0	0:00:03.642984
60	7	7	4	1	0:00:03.659540
80	8	8	8	1	0:00:03.648261
100	4	4	4	1	0:00:03.716341
120	8	8	8	1	0:00:03.656203
140	6	2	2	0	0:00:03.851585
160	2	0	2	0	0:00:03.687614
180	0	0	8	1	0:00:03.639645
200	5	3	3	0	0:00:03.679058
220	7	7	7	1	0:00:03.646460
240	1	1	1	1	0:00:03.862740
260	8	3	3	0	0:00:03.680950
280	9	9	9	1	0:00:03.667430
300	6	6	4	1	0:00:03.688671
320	3	3	2	1	0:00:08.882563
340	2	4	4	0	0:00:08.904840
360	9	-1	6	0	0:00:03.644971
380	6	6	4	1	0:00:03.642517
400	9	9	8	1	0:00:03.851543
420	4	4	4	1	0:00:03.655826
440	1	1	1	1	0:00:03.650664
460	5	5	5	1	0:00:03.681659
480	8	9	8	0	0:00:03.653474
500	4	6	4	0	0:00:03.657224
520	5	5	5	1	0:00:03.650193
540	1	9	8	0	0:00:03.654954
560	0	0	8	1	0:00:03.667993
580	4	4	4	1	0:00:03.641456
600	8	8	8	1	0:00:03.644150
620	7	7	4	1	0:00:03.644731
640	5	3	3	0	0:00:03.654760
660	9	9	9	1	0:00:03.652513
680	9	9	1	1	0:00:03.646267
700	7	7	4	1	0:00:03.662829
720	4	9	7	0	0:00:03.644645
740	2	5	3	0	0:00:03.655740
760	3	9	3	0	0:00:03.678537
780	9	9	8	1	0:00:03.640950
800	7	7	7	1	0:00:03.654920
820	6	-1	8	0	0:00:03.651805
840	7	7	7	1	0:00:03.639892
860	4	4	4	1	0:00:03.657655
880	8	8	8	1	0:00:03.637746
900	2	6	4	0	0:00:03.651400
920	6	6	2	1	0:00:03.686917
940	9	9	9	1	0:00:03.646559
960	9	9	9	1	0:00:03.652576
980	2	6	4	0	0:00:03.646501
1000	5	5	5	1	0:00:02.954849
1020	1	1	8	1	0:00:02.951573
1040	7	5	5	0	0:00:02.950400
1060	9	9	8	1	0:00:02.952066
1080	6	6	6	1	0:00:02.953723
1100	7	8	8	0	0:00:02.946849
1120	5	2	2	0	0:00:02.949558
1140	6	6	4	1	0:00:02.948622
1160	8	-1	8	0	0:00:02.952279
1180	3	3	3	1	0:00:02.953749
1200	8	8	0	1	0:00:02.952587
1220	9	6	6	0	0:00:02.953779
1240	2	6	6	0	0:00:02.958436
1260	1	9	9	0	0:00:02.953240
1280	3	7	7	0	0:00:02.951991
1300	4	3	3	0	0:00:02.955622
1320	7	2	2	0	0:00:02.953997
1340	1	1	1	1	0:00:02.950331
1360	7	7	4	1	0:00:02.955817
1380	4	5	5	0	0:00:02.955211
1400	5	6	2	0	0:00:02.950881
1420	4	7	4	0	0:00:02.948371
1440	0	8	0	0	0:00:02.948858
1460	6	6	4	1	0:00:02.952610
1480	1	5	5	0	0:00:02.952765
1500	1	1	1	1	0:00:02.952551
1520	7	7	4	1	0:00:02.952701
1540	8	8	8	1	0:00:02.952076
1560	7	7	7	1	0:00:02.950305
1580	6	1	1	0	0:00:02.951418
1600	8	9	6	0	0:00:02.945137
1620	5	8	8	0	0:00:02.945291
1640	7	5	3	0	0:00:02.945800
1660	3	3	3	1	0:00:02.953405
1680	6	6	6	1	0:00:02.950835
1700	5	2	2	0	0:00:02.951614
1720	4	2	2	0	0:00:02.948372
1740	1	9	1	0	0:00:02.948524
1760	0	8	8	0	0:00:02.948979
1780	7	7	8	1	0:00:02.955200
1800	4	8	8	0	0:00:02.955299
1820	8	8	8	1	0:00:02.958848
1840	8	9	4	0	0:00:02.951182
1860	8	8	8	1	0:00:02.951040
1880	1	1	8	1	0:00:02.950212
1900	8	8	8	1	0:00:02.949142
1920	2	2	2	1	0:00:02.947535
1940	5	3	3	0	0:00:02.953092
1960	2	5	5	0	0:00:02.952420
1980	9	9	9	1	0:00:02.948747
2000	1	6	6	0	0:00:02.952429
2020	9	9	9	1	0:00:02.950307
2040	0	8	8	0	0:00:02.949790
2060	5	5	5	1	0:00:02.950123
2080	1	1	6	1	0:00:02.950915
2100	2	4	4	0	0:00:02.955711
2120	4	8	8	0	0:00:02.953275
2140	9	9	9	1	0:00:02.950623
2160	0	8	8	0	0:00:02.954453
2180	4	4	4	1	0:00:02.955099
2200	0	0	2	1	0:00:02.954102
2220	1	1	1	1	0:00:02.951860
2240	9	9	9	1	0:00:02.955449
2260	4	7	4	0	0:00:02.950908
2280	4	8	8	0	0:00:02.951066
2300	3	6	4	0	0:00:02.949908
2320	5	2	8	0	0:00:02.957048
2340	7	7	7	1	0:00:02.950535
2360	7	7	7	1	0:00:02.949724
2380	8	8	8	1	0:00:02.956184
2400	0	0	0	1	0:00:02.952921
2420	8	1	5	0	0:00:02.953930
2440	7	7	7	1	0:00:02.952958
2460	9	9	3	1	0:00:02.950589
2480	8	8	8	1	0:00:02.954801
2500	4	2	2	0	0:00:02.953755
2520	1	1	8	1	0:00:02.952973
2540	2	3	3	0	0:00:02.952156
2560	7	7	4	1	0:00:02.948709
2580	6	4	4	0	0:00:02.951254
2600	8	8	8	1	0:00:02.954124
2620	1	1	4	1	0:00:02.951374
2640	7	7	4	1	0:00:02.953077
2660	3	-1	2	0	0:00:02.954942
2680	0	0	0	1	0:00:02.953560
2700	9	-1	0	0	0:00:02.953270
2720	3	2	2	0	0:00:02.955914
2740	1	1	1	1	0:00:02.954683
2760	2	2	4	1	0:00:02.952944
2780	7	7	7	1	0:00:02.954770
2800	4	6	4	0	0:00:02.954453
2820	6	6	6	1	0:00:02.952580
2840	3	3	3	1	0:00:02.951373
2860	5	6	6	0	0:00:02.949011
2880	4	4	4	1	0:00:02.950789
2900	3	2	5	0	0:00:02.949380
2920	2	5	2	0	0:00:02.952663
2940	3	0	0	0	0:00:02.952931
2960	9	9	8	1	0:00:02.953743
2980	8	-1	8	0	0:00:02.953605
3000	5	5	5	1	0:00:02.956170
3020	1	1	8	1	0:00:02.954773
3040	7	7	7	1	0:00:02.952990
3060	7	7	7	1	0:00:02.954969
3080	1	7	4	0	0:00:02.954072
3100	0	0	0	1	0:00:02.951949
3120	4	6	2	0	0:00:02.949948
3140	8	8	8	1	0:00:02.950130
3160	6	4	4	0	0:00:02.950123
3180	3	-1	8	0	0:00:02.951645
3200	5	7	7	0	0:00:02.952982
3220	3	-1	3	0	0:00:02.952030
3240	4	-1	8	0	0:00:02.953800
3260	7	0	0	0	0:00:02.954066
3280	3	5	0	0	0:00:02.952656
3300	4	-1	4	0	0:00:02.952204
3320	2	7	7	0	0:00:02.952860
3340	6	6	4	1	0:00:02.950701
3360	4	6	4	0	0:00:02.954441
3380	8	8	8	1	0:00:02.958809
3400	6	4	4	0	0:00:02.951540
3420	5	4	4	0	0:00:02.950973
3440	2	9	3	0	0:00:02.949988
3460	1	1	1	1	0:00:02.949746
3480	2	2	2	1	0:00:02.956388
3500	1	1	1	1	0:00:02.954394
3520	1	1	1	1	0:00:02.951056
3540	6	6	6	1	0:00:02.950903
3560	1	9	0	0	0:00:02.952014
3580	4	1	4	0	0:00:02.953861
3600	4	2	2	0	0:00:02.952462
3620	0	-1	6	0	0:00:02.953440
3640	6	2	2	0	0:00:02.951298
3660	0	8	8	0	0:00:02.957758
3680	0	2	2	0	0:00:02.950269
3700	3	3	4	1	0:00:02.950137
3720	2	2	2	1	0:00:02.948761
3740	0	0	0	1	0:00:02.950793
3760	7	7	7	1	0:00:02.955523
3780	4	-1	2	0	0:00:02.952423
3800	9	9	3	1	0:00:02.953115
3820	0	0	0	1	0:00:02.953785
3840	6	3	3	0	0:00:02.954612
3860	7	7	7	1	0:00:02.954200
3880	6	4	4	0	0:00:02.954856
3900	3	3	6	1	0:00:02.950908
3920	7	9	8	0	0:00:02.952404
3940	6	6	4	1	0:00:02.950575
3960	2	2	2	1	0:00:02.949574
3980	9	7	7	0	0:00:02.948497
4000	8	7	0	0	0:00:02.950466
4020	8	1	8	0	0:00:02.952246
4040	0	0	0	1	0:00:02.952189
4060	6	3	3	0	0:00:02.958796
4080	1	8	8	0	0:00:02.953420
4100	7	7	7	1	0:00:02.953869
4120	4	0	4	0	0:00:02.952324
4140	5	3	3	0	0:00:02.952942
4160	5	2	2	0	0:00:02.954467
4180	0	0	8	1	0:00:02.952703
4200	4	-1	2	0	0:00:02.953174
4220	4	0	0	0	0:00:02.954953
4240	7	0	0	0	0:00:02.950912
4260	8	8	8	1	0:00:02.953597
4280	8	8	8	1	0:00:02.948407
4300	8	8	8	1	0:00:02.950796
4320	1	8	8	0	0:00:02.953471
4340	0	0	8	1	0:00:02.953528
4360	6	9	6	0	0:00:02.954841
4380	9	9	8	1	0:00:02.953259
4400	3	4	4	0	0:00:02.958738
4420	5	8	8	0	0:00:02.956511
4440	2	2	2	1	0:00:02.953494
4460	9	1	8	0	0:00:02.952440
4480	9	9	3	1	0:00:02.951066
4500	3	3	6	1	0:00:02.950959
4520	3	6	6	0	0:00:02.948051
4540	9	9	9	1	0:00:02.950012
4560	1	1	4	1	0:00:02.949850
4580	6	4	4	0	0:00:02.952471
4600	4	7	4	0	0:00:02.954715
4620	7	3	3	0	0:00:02.956863
4640	2	4	4	0	0:00:02.958984
4660	7	4	2	0	0:00:02.952106
4680	9	1	1	0	0:00:02.953070
4700	6	1	4	0	0:00:02.953343
4720	8	0	0	0	0:00:02.952934
4740	5	3	3	0	0:00:02.949522
4760	3	3	4	1	0:00:02.953931
4780	0	0	0	1	0:00:02.951905
4800	9	9	9	1	0:00:02.950716
4820	3	5	5	0	0:00:02.945099
4840	0	0	0	1	0:00:02.947620
4860	5	5	5	1	0:00:02.949163
4880	0	2	2	0	0:00:02.950079
4900	3	6	6	0	0:00:02.952765
4920	7	7	7	1	0:00:02.952863
4940	6	6	2	1	0:00:02.952093
4960	4	-1	6	0	0:00:02.953961
4980	1	9	8	0	0:00:02.952310
5000	7	7	7	1	0:00:02.953798
5020	8	8	8	1	0:00:02.956033
5040	3	3	4	1	0:00:02.955031
5060	6	-1	4	0	0:00:02.953141
5080	7	7	7	1	0:00:02.950839
5100	3	3	3	1	0:00:02.949902
5120	9	9	8	1	0:00:02.949820
5140	8	8	8	1	0:00:02.949392
5160	0	0	8	1	0:00:02.951940
5180	9	7	4	0	0:00:02.952771
5200	3	3	3	1	0:00:02.952547
5220	0	0	0	1	0:00:02.953224
5240	1	9	2	0	0:00:02.950832
5260	0	0	0	1	0:00:02.952349
5280	0	8	8	0	0:00:02.953647
5300	9	9	9	1	0:00:02.956409
5320	7	7	7	1	0:00:02.952880
5340	3	4	4	0	0:00:02.950799
5360	9	9	9	1	0:00:02.948159
5380	1	9	9	0	0:00:02.950951
5400	9	9	8	1	0:00:02.949447
5420	6	6	6	1	0:00:02.950890
5440	9	9	9	1	0:00:02.956201
5460	0	7	7	0	0:00:02.953020
5480	1	1	8	1	0:00:02.951970
5500	8	1	8	0	0:00:02.951665
5520	4	3	3	0	0:00:02.952636
5540	5	6	2	0	0:00:02.955096
5560	3	6	6	0	0:00:02.952208
5580	5	6	6	0	0:00:02.951177
5600	6	0	0	0	0:00:02.950859
5620	3	2	2	0	0:00:02.955033
5640	2	3	3	0	0:00:02.949427
5660	9	9	8	1	0:00:02.956102
5680	2	3	8	0	0:00:02.954254
5700	3	3	2	1	0:00:02.947505
5720	9	9	9	1	0:00:02.950618
5740	6	4	4	0	0:00:02.951160
5760	2	2	2	1	0:00:02.954871
5780	7	7	7	1	0:00:02.953703
5800	2	-1	2	0	0:00:02.951678
5820	5	6	3	0	0:00:02.951045
5840	2	2	6	1	0:00:02.952411
5860	0	8	8	0	0:00:02.955232
5880	0	0	0	1	0:00:02.952935
5900	4	4	4	1	0:00:02.951612
5920	8	8	8	1	0:00:02.949193
5940	7	4	4	0	0:00:02.949434
5960	2	4	4	0	0:00:02.953099
5980	9	9	9	1	0:00:02.948014
6000	8	9	8	0	0:00:02.951186
6020	6	6	6	1	0:00:02.951778
6040	2	7	7	0	0:00:02.952534
6060	3	4	4	0	0:00:02.953474
6080	1	9	6	0	0:00:02.953766
6100	1	1	8	1	0:00:02.951706
6120	5	5	5	1	0:00:02.953051
6140	9	9	9	1	0:00:02.953312
6160	2	5	5	0	0:00:02.958546
6180	0	9	8	0	0:00:02.953497
6200	3	3	3	1	0:00:02.952889
6220	2	6	4	0	0:00:02.950830
6240	2	-1	4	0	0:00:02.955981
6260	2	9	4	0	0:00:02.953070
6280	8	5	4	0	0:00:02.947357
6300	1	7	4	0	0:00:02.957242
6320	0	0	0	1	0:00:02.954004
6340	3	3	3	1	0:00:02.953323
6360	2	2	2	1	0:00:02.953706
6380	3	6	6	0	0:00:02.953755
6400	0	1	4	0	0:00:02.955378
6420	7	7	8	1	0:00:02.952446
6440	3	9	8	0	0:00:02.951907
6460	3	1	4	0	0:00:02.954507
6480	0	0	0	1	0:00:02.949706
6500	7	0	8	0	0:00:02.950710
6520	6	4	4	0	0:00:02.948477
6540	8	8	8	1	0:00:02.948530
6560	6	6	4	1	0:00:02.953974
6580	1	-1	2	0	0:00:02.952637
6600	7	7	7	1	0:00:02.953061
6620	7	7	7	1	0:00:02.952052
6640	5	3	8	0	0:00:02.952135
6660	0	0	0	1	0:00:02.955002
6680	3	5	3	0	0:00:02.960396
6700	6	6	2	1	0:00:02.954100
6720	2	2	2	1	0:00:02.952096
6740	2	4	4	0	0:00:02.954567
6760	5	-1	3	0	0:00:02.952503
6780	7	7	7	1	0:00:02.949286
6800	6	6	4	1	0:00:02.949256
6820	1	1	1	1	0:00:02.949205
6840	9	9	9	1	0:00:02.951624
6860	0	0	2	1	0:00:02.951761
6880	2	7	4	0	0:00:02.952642
6900	3	7	4	0	0:00:02.953523
6920	5	2	2	0	0:00:02.963560
6940	1	1	1	1	0:00:02.954888
6960	9	8	8	0	0:00:02.950688
6980	0	9	8	0	0:00:02.952810
7000	2	8	8	0	0:00:02.952017
7020	7	7	7	1	0:00:02.954457
7040	7	8	8	0	0:00:02.951645
7060	8	8	8	1	0:00:02.951045
7080	5	4	4	0	0:00:02.954827
7100	9	3	8	0	0:00:02.957465
7120	7	7	6	1	0:00:02.948062
7140	4	4	4	1	0:00:02.952074
7160	5	4	4	0	0:00:02.954517
7180	6	6	6	1	0:00:02.952073
7200	4	6	2	0	0:00:02.951808
7220	9	9	8	1	0:00:02.951999
7240	0	8	8	0	0:00:02.954225
7260	1	8	8	0	0:00:02.952854
7280	1	1	6	1	0:00:02.951637
7300	3	7	4	0	0:00:02.952635
7320	8	0	8	0	0:00:02.952406
7340	2	4	4	0	0:00:02.950947
7360	2	4	4	0	0:00:02.951487
7380	7	7	7	1	0:00:02.950992
7400	3	3	3	1	0:00:02.949830
7420	3	0	0	0	0:00:02.952302
7440	3	3	2	1	0:00:02.950305
7460	5	5	5	1	0:00:02.951777
7480	1	8	8	0	0:00:02.952836
7500	6	6	6	1	0:00:02.950904
7520	4	4	4	1	0:00:02.952709
7540	5	5	5	1	0:00:02.956879
7560	0	9	4	0	0:00:02.951985
7580	8	8	8	1	0:00:02.960809
7600	8	9	8	0	0:00:02.954077
7620	5	3	3	0	0:00:02.949766
7640	9	9	6	1	0:00:02.949052
7660	7	7	4	1	0:00:02.949673
7680	3	9	3	0	0:00:02.949511
7700	6	6	6	1	0:00:02.954019
7720	5	5	2	1	0:00:02.953427
7740	4	4	2	1	0:00:02.951065
7760	2	9	6	0	0:00:02.951657
7780	3	1	8	0	0:00:02.953750
7800	0	0	0	1	0:00:02.952442
7820	5	8	8	0	0:00:02.956727
7840	1	1	1	1	0:00:02.951691
7860	8	1	4	0	0:00:02.952715
7880	0	0	0	1	0:00:02.954246
7900	0	8	8	0	0:00:02.951033
7920	9	8	8	0	0:00:02.949642
7940	2	6	4	0	0:00:02.951659
7960	0	0	0	1	0:00:02.948936
7980	3	3	4	1	0:00:02.950417
8000	9	9	9	1	0:00:02.952284
8020	6	3	3	0	0:00:02.951610
8040	2	2	2	1	0:00:02.953877
8060	6	6	4	1	0:00:02.952335
8080	4	6	2	0	0:00:02.954023
8100	6	2	2	0	0:00:02.954429
8120	8	9	8	0	0:00:02.954701
8140	5	4	4	0	0:00:02.953173
8160	6	6	6	1	0:00:02.951315
8180	4	4	4	1	0:00:02.948705
8200	3	6	2	0	0:00:02.947353
8220	6	6	2	1	0:00:02.950380
8240	7	7	7	1	0:00:02.950153
8260	1	1	3	1	0:00:02.953207
8280	4	5	3	0	0:00:02.954216
8300	5	2	2	0	0:00:02.955850
8320	7	4	4	0	0:00:02.951878
8340	5	3	3	0	0:00:02.953213
8360	7	7	4	1	0:00:02.954818
8380	9	9	8	1	0:00:02.952126
8400	0	8	8	0	0:00:02.953648
8420	3	6	4	0	0:00:02.952625
8440	5	3	4	0	0:00:02.951232
8460	8	8	8	1	0:00:02.948900
8480	2	-1	4	0	0:00:02.949083
8500	4	4	4	1	0:00:02.948960
8520	8	1	4	0	0:00:02.948943
8540	4	4	2	1	0:00:02.949994
8560	7	7	4	1	0:00:02.960693
8580	3	0	2	0	0:00:02.953067
8600	3	3	4	1	0:00:02.951760
8620	3	-1	4	0	0:00:02.952272
8640	1	1	1	1	0:00:02.954390
8660	7	7	7	1	0:00:02.958357
8680	3	9	8	0	0:00:02.953689
8700	3	3	3	1	0:00:02.954094
8720	2	0	0	0	0:00:02.951611
8740	2	2	4	1	0:00:02.952284
8760	8	8	8	1	0:00:02.954940
8780	4	4	4	1	0:00:02.948496
8800	0	0	0	1	0:00:02.951264
8820	2	2	2	1	0:00:02.954168
8840	2	1	7	0	0:00:02.956342
8860	2	2	2	1	0:00:02.952045
8880	1	1	1	1	0:00:02.953696
8900	2	4	4	0	0:00:02.954542
8920	6	6	6	1	0:00:02.953135
8940	6	3	3	0	0:00:02.953413
8960	0	0	0	1	0:00:02.952876
8980	9	9	9	1	0:00:02.954586
9000	8	8	8	1	0:00:02.956143
9020	7	9	8	0	0:00:02.950057
9040	2	5	5	0	0:00:02.951806
9060	9	5	5	0	0:00:02.949584
9080	3	3	3	1	0:00:02.952065
9100	9	6	6	0	0:00:02.955931
9120	3	-1	3	0	0:00:02.952696
9140	7	-1	4	0	0:00:02.950892
9160	5	5	5	1	0:00:02.952901
9180	5	5	5	1	0:00:02.954635
9200	8	8	8	1	0:00:02.951701
9220	8	8	8	1	0:00:02.954133
9240	8	8	8	1	0:00:02.951321
9260	5	5	5	1	0:00:02.952719
9280	9	1	8	0	0:00:02.952803
9300	5	3	2	0	0:00:02.949585
9320	9	9	8	1	0:00:02.948558
9340	1	1	1	1	0:00:02.951719
9360	5	6	4	0	0:00:02.949957
9380	5	3	3	0	0:00:02.951823
9400	6	6	4	1	0:00:02.951768
9420	5	5	6	1	0:00:02.952890
9440	8	8	8	1	0:00:02.963958
9460	3	7	6	0	0:00:02.953976
9480	2	4	4	0	0:00:02.952782
9500	9	1	6	0	0:00:02.955113
9520	1	1	1	1	0:00:02.953174
9540	5	5	4	1	0:00:02.953342
9560	9	7	7	0	0:00:02.951568
9580	1	4	4	0	0:00:02.949337
9600	8	8	8	1	0:00:02.949954
9620	4	7	4	0	0:00:02.949091
9640	5	0	6	0	0:00:02.952266
9660	6	6	6	1	0:00:02.956073
9680	8	8	8	1	0:00:02.954278
9700	0	0	0	1	0:00:02.954876
9720	8	-1	8	0	0:00:02.954023
9740	3	6	4	0	0:00:02.954695
9760	9	9	4	1	0:00:02.952861
9780	4	6	4	0	0:00:02.951446
9800	1	1	1	1	0:00:02.951579
9820	0	8	8	0	0:00:02.952534
9840	4	5	5	0	0:00:02.951329
9860	0	5	8	0	0:00:02.949770
9880	7	7	4	1	0:00:02.948893
9900	8	0	8	0	0:00:02.950718
9920	6	6	2	1	0:00:02.953846
9940	4	7	6	0	0:00:02.951818
9960	2	0	0	0	0:00:02.953836
9980	0	0	0	1	0:00:02.951404
