idx	label	predict	basePredict	correct	time
0	3	2	4	0	0:00:03.483459
20	7	1	9	0	0:00:03.367107
40	4	1	8	0	0:00:03.372961
60	7	2	2	0	0:00:03.368813
80	8	0	8	0	0:00:03.378003
100	4	3	3	0	0:00:03.394641
120	8	-1	8	0	0:00:03.360595
140	6	2	2	0	0:00:03.372623
160	2	0	0	0	0:00:03.381672
180	0	9	8	0	0:00:03.402255
200	5	7	7	0	0:00:03.361215
220	7	7	4	1	0:00:03.360235
240	1	1	8	1	0:00:03.357172
260	8	3	6	0	0:00:03.385981
280	9	9	8	1	0:00:03.365079
300	6	7	4	0	0:00:03.442266
320	3	2	4	0	0:00:03.358009
340	2	4	4	0	0:00:03.405837
360	9	6	4	0	0:00:03.380194
380	6	0	4	0	0:00:03.385439
400	9	1	1	0	0:00:03.380534
420	4	6	6	0	0:00:03.390130
440	1	1	6	1	0:00:03.403807
460	5	3	4	0	0:00:03.362446
480	8	9	9	0	0:00:03.357648
500	4	9	6	0	0:00:03.372416
520	5	7	7	0	0:00:03.357800
540	1	9	8	0	0:00:03.369452
560	0	8	8	0	0:00:03.430967
580	4	6	4	0	0:00:03.352928
600	8	0	4	0	0:00:03.383044
620	7	6	4	0	0:00:03.379910
640	5	3	3	0	0:00:03.366742
660	9	9	3	1	0:00:03.363933
680	9	7	4	0	0:00:03.364916
700	7	0	0	0	0:00:03.365468
720	4	9	9	0	0:00:03.368940
740	2	5	3	0	0:00:03.359547
760	3	9	9	0	0:00:03.405056
780	9	0	0	0	0:00:03.374684
800	7	7	7	1	0:00:03.363539
820	6	1	8	0	0:00:03.436010
840	7	7	7	1	0:00:03.353576
860	4	4	4	1	0:00:03.355827
880	8	8	8	1	0:00:03.372100
900	2	6	4	0	0:00:03.365631
920	6	-1	2	0	0:00:03.386413
940	9	1	1	0	0:00:03.367588
960	9	9	4	1	0:00:03.359944
980	2	6	6	0	0:00:03.356798
1000	5	5	5	1	0:00:02.665661
1020	1	8	8	0	0:00:02.668836
1040	7	5	5	0	0:00:02.660711
1060	9	9	8	1	0:00:02.661088
1080	6	3	6	0	0:00:02.660063
1100	7	8	8	0	0:00:02.660311
1120	5	2	2	0	0:00:02.658694
1140	6	4	4	0	0:00:02.658205
1160	8	0	0	0	0:00:02.658685
1180	3	-1	8	0	0:00:02.657743
1200	8	0	0	0	0:00:02.657317
1220	9	6	2	0	0:00:02.659840
1240	2	6	6	0	0:00:02.656468
1260	1	9	9	0	0:00:02.659386
1280	3	7	7	0	0:00:02.658677
1300	4	3	3	0	0:00:02.657504
1320	7	2	2	0	0:00:02.658727
1340	1	8	8	0	0:00:02.661482
1360	7	5	4	0	0:00:02.661200
1380	4	5	5	0	0:00:02.660087
1400	5	2	2	0	0:00:02.663448
1420	4	7	7	0	0:00:02.658039
1440	0	8	8	0	0:00:02.658684
1460	6	1	4	0	0:00:02.660669
1480	1	5	5	0	0:00:02.658191
1500	1	9	9	0	0:00:02.658851
1520	7	6	2	0	0:00:02.658395
1540	8	8	8	1	0:00:02.658085
1560	7	7	7	1	0:00:02.659447
1580	6	1	1	0	0:00:02.660474
1600	8	9	6	0	0:00:02.658975
1620	5	8	8	0	0:00:02.657388
1640	7	5	3	0	0:00:02.658612
1660	3	-1	4	0	0:00:02.657592
1680	6	6	6	1	0:00:02.657475
1700	5	2	2	0	0:00:02.659133
1720	4	2	2	0	0:00:02.657928
1740	1	9	9	0	0:00:02.663358
1760	0	8	8	0	0:00:02.697746
1780	7	8	8	0	0:00:02.705398
1800	4	8	8	0	0:00:02.685548
1820	8	9	8	0	0:00:02.702621
1840	8	7	4	0	0:00:02.682294
1860	8	-1	8	0	0:00:02.676513
1880	1	8	8	0	0:00:02.663787
1900	8	8	8	1	0:00:02.668983
1920	2	5	2	0	0:00:02.673319
1940	5	3	3	0	0:00:02.690460
1960	2	5	5	0	0:00:02.660252
1980	9	9	2	1	0:00:02.700076
2000	1	6	4	0	0:00:02.683105
2020	9	9	1	1	0:00:02.688578
2040	0	8	8	0	0:00:02.671931
2060	5	3	3	0	0:00:02.688077
2080	1	6	4	0	0:00:02.670081
2100	2	4	4	0	0:00:02.681013
2120	4	8	8	0	0:00:02.699516
2140	9	1	1	0	0:00:02.665886
2160	0	8	8	0	0:00:02.657933
2180	4	2	2	0	0:00:02.658453
2200	0	2	2	0	0:00:02.657812
2220	1	1	4	1	0:00:02.658061
2240	9	1	8	0	0:00:02.658810
2260	4	7	4	0	0:00:02.658849
2280	4	8	8	0	0:00:02.657233
2300	3	4	4	0	0:00:02.658034
2320	5	8	8	0	0:00:02.658052
2340	7	1	0	0	0:00:02.658552
2360	7	5	3	0	0:00:02.658722
2380	8	0	0	0	0:00:02.658949
2400	0	4	4	0	0:00:02.657195
2420	8	5	5	0	0:00:02.656929
2440	7	1	8	0	0:00:02.658142
2460	9	3	3	0	0:00:02.661218
2480	8	8	8	1	0:00:02.663593
2500	4	6	2	0	0:00:02.658837
2520	1	9	8	0	0:00:02.657775
2540	2	3	3	0	0:00:02.657832
2560	7	6	2	0	0:00:02.658384
2580	6	7	4	0	0:00:02.660039
2600	8	8	8	1	0:00:02.657684
2620	1	4	4	0	0:00:02.657023
2640	7	6	6	0	0:00:02.657331
2660	3	2	2	0	0:00:02.658853
2680	0	0	0	1	0:00:02.658430
2700	9	7	0	0	0:00:02.660832
2720	3	2	2	0	0:00:02.658059
2740	1	9	7	0	0:00:02.656980
2760	2	4	4	0	0:00:02.657475
2780	7	7	6	1	0:00:02.659312
2800	4	6	6	0	0:00:02.682418
2820	6	6	4	1	0:00:02.693701
2840	3	3	3	1	0:00:02.658098
2860	5	7	4	0	0:00:02.666467
2880	4	4	4	1	0:00:02.657769
2900	3	2	2	0	0:00:02.658197
2920	2	5	5	0	0:00:02.657677
2940	3	0	0	0	0:00:02.657432
2960	9	7	8	0	0:00:02.659627
2980	8	1	8	0	0:00:02.657829
3000	5	5	5	1	0:00:02.663059
3020	1	8	8	0	0:00:02.657768
3040	7	7	7	1	0:00:02.657976
3060	7	-1	3	0	0:00:02.657899
3080	1	6	4	0	0:00:02.658621
3100	0	0	0	1	0:00:02.658174
3120	4	6	2	0	0:00:02.658966
3140	8	0	8	0	0:00:02.659170
3160	6	4	4	0	0:00:02.657906
3180	3	7	8	0	0:00:02.659558
3200	5	7	7	0	0:00:02.659642
3220	3	9	9	0	0:00:02.658368
3240	4	1	8	0	0:00:02.658581
3260	7	0	0	0	0:00:02.657555
3280	3	0	0	0	0:00:02.662271
3300	4	6	4	0	0:00:02.660602
3320	2	7	7	0	0:00:02.658487
3340	6	7	4	0	0:00:02.663502
3360	4	6	6	0	0:00:02.668173
3380	8	1	8	0	0:00:02.659157
3400	6	4	4	0	0:00:02.658746
3420	5	-1	4	0	0:00:02.657641
3440	2	9	3	0	0:00:02.657638
3460	1	1	4	1	0:00:02.657574
3480	2	2	2	1	0:00:02.658078
3500	1	1	4	1	0:00:02.665451
3520	1	1	1	1	0:00:02.657833
3540	6	8	4	0	0:00:02.658283
3560	1	9	0	0	0:00:02.658267
3580	4	1	8	0	0:00:02.659441
3600	4	2	2	0	0:00:02.662928
3620	0	6	6	0	0:00:02.659605
3640	6	2	2	0	0:00:02.662756
3660	0	8	8	0	0:00:02.658085
3680	0	2	2	0	0:00:02.659513
3700	3	4	4	0	0:00:02.659185
3720	2	2	2	1	0:00:02.659478
3740	0	8	8	0	0:00:02.658413
3760	7	7	7	1	0:00:02.659222
3780	4	-1	2	0	0:00:02.658443
3800	9	3	3	0	0:00:02.657980
3820	0	2	2	0	0:00:02.658009
3840	6	8	3	0	0:00:02.663061
3860	7	7	7	1	0:00:02.659321
3880	6	4	4	0	0:00:02.672153
3900	3	1	1	0	0:00:02.657538
3920	7	1	8	0	0:00:02.670555
3940	6	7	4	0	0:00:02.678068
3960	2	5	5	0	0:00:02.677270
3980	9	7	7	0	0:00:02.680529
4000	8	7	4	0	0:00:02.674696
4020	8	1	1	0	0:00:02.670823
4040	0	8	8	0	0:00:02.658839
4060	6	3	3	0	0:00:02.658103
4080	1	8	8	0	0:00:02.660349
4100	7	7	7	1	0:00:02.666135
4120	4	0	0	0	0:00:02.658035
4140	5	3	3	0	0:00:02.659106
4160	5	2	2	0	0:00:02.660209
4180	0	8	8	0	0:00:02.659899
4200	4	2	2	0	0:00:02.659352
4220	4	0	0	0	0:00:02.659115
4240	7	0	0	0	0:00:02.658287
4260	8	1	1	0	0:00:02.659049
4280	8	9	0	0	0:00:02.658178
4300	8	9	8	0	0:00:02.658165
4320	1	8	8	0	0:00:02.656787
4340	0	8	8	0	0:00:02.658497
4360	6	9	9	0	0:00:02.660704
4380	9	8	8	0	0:00:02.658834
4400	3	4	4	0	0:00:02.658034
4420	5	8	8	0	0:00:02.657646
4440	2	6	2	0	0:00:02.657128
4460	9	8	8	0	0:00:02.660231
4480	9	6	6	0	0:00:02.661027
4500	3	-1	4	0	0:00:02.662715
4520	3	6	6	0	0:00:02.660063
4540	9	9	1	1	0:00:02.657349
4560	1	6	4	0	0:00:02.657483
4580	6	4	4	0	0:00:02.660437
4600	4	7	7	0	0:00:02.657768
4620	7	3	3	0	0:00:02.658808
4640	2	3	4	0	0:00:02.665375
4660	7	6	2	0	0:00:02.662095
4680	9	1	1	0	0:00:02.657479
4700	6	1	4	0	0:00:02.658451
4720	8	0	0	0	0:00:02.657980
4740	5	6	4	0	0:00:02.658606
4760	3	8	8	0	0:00:02.658207
4780	0	8	8	0	0:00:02.658129
4800	9	9	9	1	0:00:02.658062
4820	3	5	5	0	0:00:02.658731
4840	0	0	0	1	0:00:02.658877
4860	5	3	8	0	0:00:02.658231
4880	0	2	2	0	0:00:02.658774
4900	3	6	6	0	0:00:02.662430
4920	7	0	2	0	0:00:02.659244
4940	6	4	2	0	0:00:02.662565
4960	4	3	3	0	0:00:02.656720
4980	1	9	9	0	0:00:02.659027
5000	7	7	7	1	0:00:02.659749
5020	8	1	8	0	0:00:02.657413
5040	3	7	4	0	0:00:02.657721
5060	6	2	4	0	0:00:02.659837
5080	7	7	7	1	0:00:02.662460
5100	3	4	4	0	0:00:02.672163
5120	9	8	8	0	0:00:02.657636
5140	8	0	8	0	0:00:02.659134
5160	0	8	8	0	0:00:02.657921
5180	9	6	4	0	0:00:02.658161
5200	3	3	3	1	0:00:02.658134
5220	0	0	0	1	0:00:02.657625
5240	1	2	2	0	0:00:02.662993
5260	0	0	0	1	0:00:02.659764
5280	0	8	8	0	0:00:02.657665
5300	9	1	1	0	0:00:02.662246
5320	7	0	3	0	0:00:02.662476
5340	3	4	4	0	0:00:02.658809
5360	9	9	3	1	0:00:02.657880
5380	1	9	9	0	0:00:02.659275
5400	9	0	2	0	0:00:02.658589
5420	6	5	6	0	0:00:02.659019
5440	9	9	8	1	0:00:02.666531
5460	0	7	7	0	0:00:02.658255
5480	1	-1	4	0	0:00:02.658497
5500	8	1	8	0	0:00:02.665573
5520	4	-1	3	0	0:00:02.658813
5540	5	6	2	0	0:00:02.660347
5560	3	6	4	0	0:00:02.659970
5580	5	6	6	0	0:00:02.657629
5600	6	-1	0	0	0:00:02.656819
5620	3	2	2	0	0:00:02.657558
5640	2	5	3	0	0:00:02.657521
5660	9	0	8	0	0:00:02.658665
5680	2	1	8	0	0:00:02.655971
5700	3	6	6	0	0:00:02.661303
5720	9	9	9	1	0:00:02.657932
5740	6	4	4	0	0:00:02.657100
5760	2	0	8	0	0:00:02.659133
5780	7	7	4	1	0:00:02.659543
5800	2	6	4	0	0:00:02.657973
5820	5	6	6	0	0:00:02.664777
5840	2	6	6	0	0:00:02.662084
5860	0	8	8	0	0:00:02.663916
5880	0	8	8	0	0:00:02.658347
5900	4	3	4	0	0:00:02.659006
5920	8	8	6	1	0:00:02.659023
5940	7	4	4	0	0:00:02.658928
5960	2	7	4	0	0:00:02.661397
5980	9	9	6	1	0:00:02.662173
6000	8	9	8	0	0:00:02.661349
6020	6	7	6	0	0:00:02.658045
6040	2	7	7	0	0:00:02.657284
6060	3	4	4	0	0:00:02.658454
6080	1	6	6	0	0:00:02.658120
6100	1	-1	4	0	0:00:02.660242
6120	5	3	3	0	0:00:02.663239
6140	9	7	7	0	0:00:02.658823
6160	2	5	5	0	0:00:02.659414
6180	0	9	8	0	0:00:02.658822
6200	3	9	8	0	0:00:02.657590
6220	2	6	5	0	0:00:02.657003
6240	2	1	4	0	0:00:02.656911
6260	2	9	8	0	0:00:02.658746
6280	8	5	6	0	0:00:02.658252
6300	1	7	4	0	0:00:02.663422
6320	0	0	0	1	0:00:02.660516
6340	3	7	3	0	0:00:02.658051
6360	2	6	6	0	0:00:02.658947
6380	3	1	6	0	0:00:02.659648
6400	0	1	4	0	0:00:02.658231
6420	7	8	8	0	0:00:02.660688
6440	3	-1	8	0	0:00:02.657784
6460	3	1	4	0	0:00:02.657905
6480	0	5	2	0	0:00:02.658327
6500	7	-1	8	0	0:00:02.659479
6520	6	2	4	0	0:00:02.660740
6540	8	1	8	0	0:00:02.658793
6560	6	7	4	0	0:00:02.671707
6580	1	2	2	0	0:00:02.665955
6600	7	7	7	1	0:00:02.672040
6620	7	-1	3	0	0:00:02.682406
6640	5	8	8	0	0:00:02.672079
6660	0	9	8	0	0:00:02.696709
6680	3	5	5	0	0:00:02.659341
6700	6	1	2	0	0:00:02.658365
6720	2	4	2	0	0:00:02.691869
6740	2	6	4	0	0:00:02.672838
6760	5	3	6	0	0:00:02.657812
6780	7	7	7	1	0:00:02.657483
6800	6	2	4	0	0:00:02.660278
6820	1	1	8	1	0:00:02.658670
6840	9	1	1	0	0:00:02.657736
6860	0	2	2	0	0:00:02.658954
6880	2	7	7	0	0:00:02.657120
6900	3	7	4	0	0:00:02.659185
6920	5	2	2	0	0:00:02.658303
6940	1	1	1	1	0:00:02.658449
6960	9	8	8	0	0:00:02.659193
6980	0	1	1	0	0:00:02.658247
7000	2	8	8	0	0:00:02.658113
7020	7	1	8	0	0:00:02.680479
7040	7	8	8	0	0:00:02.691059
7060	8	0	0	0	0:00:02.691324
7080	5	4	4	0	0:00:02.683074
7100	9	3	3	0	0:00:02.685057
7120	7	6	6	0	0:00:02.677379
7140	4	1	4	0	0:00:02.666368
7160	5	4	4	0	0:00:02.690880
7180	6	6	6	1	0:00:02.673830
7200	4	6	2	0	0:00:02.696975
7220	9	8	8	0	0:00:02.695281
7240	0	8	8	0	0:00:02.673928
7260	1	8	8	0	0:00:02.659751
7280	1	6	4	0	0:00:02.686025
7300	3	7	7	0	0:00:02.674091
7320	8	0	0	0	0:00:02.683591
7340	2	4	4	0	0:00:02.687973
7360	2	7	4	0	0:00:02.681718
7380	7	9	5	0	0:00:02.699359
7400	3	9	3	0	0:00:02.674475
7420	3	0	0	0	0:00:02.664525
7440	3	6	4	0	0:00:02.675178
7460	5	5	5	1	0:00:02.693084
7480	1	5	5	0	0:00:02.671564
7500	6	6	6	1	0:00:02.681659
7520	4	6	4	0	0:00:02.663869
7540	5	5	5	1	0:00:02.657777
7560	0	6	2	0	0:00:02.659767
7580	8	0	8	0	0:00:02.658260
7600	8	9	2	0	0:00:02.660511
7620	5	1	9	0	0:00:02.658665
7640	9	7	6	0	0:00:02.658276
7660	7	1	4	0	0:00:02.659329
7680	3	9	9	0	0:00:02.659040
7700	6	6	4	1	0:00:02.656644
7720	5	-1	4	0	0:00:02.656336
7740	4	6	2	0	0:00:02.658881
7760	2	9	9	0	0:00:02.658055
7780	3	1	8	0	0:00:02.660211
7800	0	8	8	0	0:00:02.661880
7820	5	8	8	0	0:00:02.659795
7840	1	1	1	1	0:00:02.666019
7860	8	7	4	0	0:00:02.662016
7880	0	4	2	0	0:00:02.660472
7900	0	8	2	0	0:00:02.672845
7920	9	-1	8	0	0:00:02.657737
7940	2	6	6	0	0:00:02.657390
7960	0	3	3	0	0:00:02.660473
7980	3	7	4	0	0:00:02.661674
8000	9	0	0	0	0:00:02.658355
8020	6	3	3	0	0:00:02.662652
8040	2	6	4	0	0:00:02.658551
8060	6	4	4	0	0:00:02.658447
8080	4	6	6	0	0:00:02.673225
8100	6	2	2	0	0:00:02.659889
8120	8	9	9	0	0:00:02.659764
8140	5	4	4	0	0:00:02.659067
8160	6	9	6	0	0:00:02.658488
8180	4	6	2	0	0:00:02.657471
8200	3	-1	2	0	0:00:02.663654
8220	6	7	2	0	0:00:02.660441
8240	7	7	4	1	0:00:02.663148
8260	1	3	3	0	0:00:02.660246
8280	4	3	3	0	0:00:02.669643
8300	5	2	2	0	0:00:02.659533
8320	7	3	4	0	0:00:02.657285
8340	5	3	4	0	0:00:02.658470
8360	7	4	4	0	0:00:02.658496
8380	9	8	8	0	0:00:02.657894
8400	0	8	8	0	0:00:02.657573
8420	3	4	4	0	0:00:02.658947
8440	5	9	4	0	0:00:02.659516
8460	8	8	8	1	0:00:02.658807
8480	2	1	8	0	0:00:02.657544
8500	4	2	2	0	0:00:02.658490
8520	8	4	4	0	0:00:02.658188
8540	4	6	2	0	0:00:02.659278
8560	7	4	4	0	0:00:02.657794
8580	3	0	2	0	0:00:02.659350
8600	3	7	4	0	0:00:02.657256
8620	3	1	4	0	0:00:02.662722
8640	1	1	8	1	0:00:02.658066
8660	7	5	5	0	0:00:02.659921
8680	3	9	8	0	0:00:02.658564
8700	3	3	3	1	0:00:02.661505
8720	2	0	0	0	0:00:02.658476
8740	2	-1	4	0	0:00:02.658156
8760	8	5	5	0	0:00:02.657689
8780	4	7	4	0	0:00:02.659025
8800	0	0	0	1	0:00:02.657478
8820	2	3	3	0	0:00:02.657824
8840	2	1	1	0	0:00:02.657752
8860	2	6	6	0	0:00:02.658123
8880	1	9	6	0	0:00:02.658326
8900	2	6	4	0	0:00:02.659028
8920	6	6	4	1	0:00:02.657817
8940	6	3	3	0	0:00:02.658387
8960	0	0	0	1	0:00:02.657463
8980	9	9	8	1	0:00:02.658479
9000	8	8	8	1	0:00:02.660643
9020	7	9	8	0	0:00:02.658983
9040	2	5	5	0	0:00:02.657790
9060	9	5	5	0	0:00:02.659161
9080	3	0	0	0	0:00:02.657656
9100	9	6	6	0	0:00:02.658316
9120	3	0	0	0	0:00:02.659320
9140	7	1	8	0	0:00:02.657903
9160	5	7	4	0	0:00:02.658030
9180	5	5	5	1	0:00:02.657973
9200	8	8	8	1	0:00:02.657271
9220	8	8	8	1	0:00:02.657649
9240	8	9	8	0	0:00:02.661731
9260	5	6	6	0	0:00:02.657652
9280	9	1	8	0	0:00:02.657510
9300	5	-1	2	0	0:00:02.664338
9320	9	8	8	0	0:00:02.661947
9340	1	1	1	1	0:00:02.659654
9360	5	1	4	0	0:00:02.657530
9380	5	9	9	0	0:00:02.658499
9400	6	4	4	0	0:00:02.663167
9420	5	6	6	0	0:00:02.658592
9440	8	8	8	1	0:00:02.658832
9460	3	7	7	0	0:00:02.658269
9480	2	4	4	0	0:00:02.657493
9500	9	1	4	0	0:00:02.660090
9520	1	3	8	0	0:00:02.667618
9540	5	-1	4	0	0:00:02.657989
9560	9	7	7	0	0:00:02.658379
9580	1	4	4	0	0:00:02.660662
9600	8	0	8	0	0:00:02.664989
9620	4	7	7	0	0:00:02.676424
9640	5	0	0	0	0:00:02.681608
9660	6	9	6	0	0:00:02.677116
9680	8	9	8	0	0:00:02.688277
9700	0	2	2	0	0:00:02.665835
9720	8	6	6	0	0:00:02.664933
9740	3	4	4	0	0:00:02.695283
9760	9	7	4	0	0:00:02.662094
9780	4	6	6	0	0:00:02.683187
9800	1	1	1	1	0:00:02.683587
9820	0	8	8	0	0:00:02.683356
9840	4	-1	5	0	0:00:02.678621
9860	0	5	2	0	0:00:02.658148
9880	7	-1	8	0	0:00:02.660256
9900	8	0	6	0	0:00:02.659127
9920	6	4	2	0	0:00:02.658193
9940	4	5	7	0	0:00:02.659133
9960	2	0	0	0	0:00:02.657531
9980	0	0	4	1	0:00:02.657760
