idx	label	predict	basePredict	correct	time
0	3	3	3	1	0:00:02.946116
20	7	5	5	0	0:00:02.846777
40	4	4	4	1	0:00:02.853455
60	7	7	7	1	0:00:02.841838
80	8	8	8	1	0:00:02.853063
100	4	5	5	0	0:00:02.815420
120	8	8	8	1	0:00:02.841439
140	6	6	2	1	0:00:02.826020
160	2	2	2	1	0:00:02.836845
180	0	0	0	1	0:00:02.813115
200	5	5	5	1	0:00:02.845194
220	7	5	5	0	0:00:02.805616
240	1	1	1	1	0:00:02.801781
260	8	8	8	1	0:00:02.859888
280	9	9	0	1	0:00:02.853041
300	6	6	6	1	0:00:02.775636
320	3	3	5	1	0:00:02.839700
340	2	4	4	0	0:00:02.802872
360	9	9	3	1	0:00:02.806322
380	6	6	2	1	0:00:02.847469
400	9	9	9	1	0:00:02.853372
420	4	4	4	1	0:00:02.813043
440	1	1	1	1	0:00:02.779715
460	5	5	5	1	0:00:02.796770
480	8	9	8	0	0:00:02.826345
500	4	3	3	0	0:00:02.889488
520	5	5	5	1	0:00:02.833580
540	1	1	1	1	0:00:02.803767
560	0	0	0	1	0:00:02.785727
580	4	4	4	1	0:00:02.827905
600	8	8	8	1	0:00:02.785320
620	7	7	7	1	0:00:02.820776
640	5	3	3	0	0:00:02.882510
660	9	9	8	1	0:00:02.846212
680	9	9	9	1	0:00:02.815879
700	7	7	7	1	0:00:02.837803
720	4	4	4	1	0:00:02.873655
740	2	5	5	0	0:00:02.806514
760	3	3	3	1	0:00:02.787977
780	9	9	9	1	0:00:02.827276
800	7	7	7	1	0:00:02.842684
820	6	6	6	1	0:00:02.875463
840	7	7	7	1	0:00:02.855593
860	4	4	2	1	0:00:02.845545
880	8	8	8	1	0:00:02.833440
900	2	6	6	0	0:00:02.815032
920	6	6	4	1	0:00:02.874674
940	9	9	9	1	0:00:02.878529
960	9	9	3	1	0:00:02.800777
980	2	2	2	1	0:00:02.816818
1000	5	5	5	1	0:00:02.142476
1020	1	1	1	1	0:00:02.093234
1040	7	5	5	0	0:00:02.107546
1060	9	9	9	1	0:00:02.109216
1080	6	6	6	1	0:00:02.105886
1100	7	8	8	0	0:00:02.117044
1120	5	2	2	0	0:00:02.069663
1140	6	6	5	1	0:00:02.119137
1160	8	8	8	1	0:00:02.120332
1180	3	3	3	1	0:00:02.092229
1200	8	8	8	1	0:00:02.097570
1220	9	6	3	0	0:00:02.103292
1240	2	6	6	0	0:00:02.089208
1260	1	9	1	0	0:00:02.119956
1280	3	3	3	1	0:00:02.107723
1300	4	3	3	0	0:00:02.123351
1320	7	7	7	1	0:00:02.100406
1340	1	1	1	1	0:00:02.111445
1360	7	7	4	1	0:00:02.090292
1380	4	5	5	0	0:00:02.084731
1400	5	3	5	0	0:00:02.082294
1420	4	-1	7	0	0:00:02.094777
1440	0	0	8	1	0:00:02.089669
1460	6	6	6	1	0:00:02.098072
1480	1	1	5	1	0:00:02.128891
1500	1	1	1	1	0:00:02.109904
1520	7	7	4	1	0:00:02.115750
1540	8	8	8	1	0:00:02.175490
1560	7	7	7	1	0:00:02.088453
1580	6	1	3	0	0:00:02.175563
1600	8	9	8	0	0:00:02.127931
1620	5	3	2	0	0:00:02.113486
1640	7	3	3	0	0:00:02.190598
1660	3	3	3	1	0:00:02.088769
1680	6	6	3	1	0:00:02.106611
1700	5	3	3	0	0:00:02.144930
1720	4	4	3	1	0:00:02.080251
1740	1	1	1	1	0:00:02.100608
1760	0	0	0	1	0:00:02.107536
1780	7	7	4	1	0:00:02.087423
1800	4	4	4	1	0:00:02.108831
1820	8	8	8	1	0:00:02.122962
1840	8	9	2	0	0:00:02.072971
1860	8	8	8	1	0:00:02.085967
1880	1	1	1	1	0:00:02.097567
1900	8	8	8	1	0:00:02.086699
1920	2	2	2	1	0:00:02.092082
1940	5	5	2	1	0:00:02.085054
1960	2	5	2	0	0:00:02.099240
1980	9	9	9	1	0:00:02.123630
2000	1	1	1	1	0:00:02.104387
2020	9	9	9	1	0:00:02.114201
2040	0	0	0	1	0:00:02.100062
2060	5	3	3	0	0:00:02.095934
2080	1	9	9	0	0:00:02.117512
2100	2	2	2	1	0:00:02.106241
2120	4	8	8	0	0:00:02.094898
2140	9	9	9	1	0:00:02.079718
2160	0	0	0	1	0:00:02.079164
2180	4	4	4	1	0:00:02.086269
2200	0	0	0	1	0:00:02.083277
2220	1	1	1	1	0:00:02.099475
2240	9	9	1	1	0:00:02.106627
2260	4	4	4	1	0:00:02.090113
2280	4	4	4	1	0:00:02.087106
2300	3	-1	4	0	0:00:02.084792
2320	5	2	2	0	0:00:02.083899
2340	7	7	7	1	0:00:02.101477
2360	7	5	5	0	0:00:02.089162
2380	8	8	8	1	0:00:02.085526
2400	0	0	0	1	0:00:02.087392
2420	8	1	3	0	0:00:02.097278
2440	7	7	7	1	0:00:02.099673
2460	9	9	4	1	0:00:02.074379
2480	8	8	8	1	0:00:02.115843
2500	4	6	4	0	0:00:02.086800
2520	1	8	8	0	0:00:02.086645
2540	2	6	2	0	0:00:02.104230
2560	7	7	5	1	0:00:02.074828
2580	6	5	5	0	0:00:02.087326
2600	8	8	8	1	0:00:02.111527
2620	1	1	1	1	0:00:02.109699
2640	7	7	7	1	0:00:02.113617
2660	3	5	2	0	0:00:02.122448
2680	0	0	0	1	0:00:02.136967
2700	9	1	1	0	0:00:02.085379
2720	3	3	3	1	0:00:02.071456
2740	1	7	2	0	0:00:02.161721
2760	2	2	2	1	0:00:02.119051
2780	7	7	7	1	0:00:02.091145
2800	4	4	3	1	0:00:02.135257
2820	6	6	6	1	0:00:02.101531
2840	3	3	3	1	0:00:02.106113
2860	5	4	4	0	0:00:02.090825
2880	4	4	4	1	0:00:02.117375
2900	3	7	2	0	0:00:02.111783
2920	2	3	2	0	0:00:02.092150
2940	3	0	0	0	0:00:02.100693
2960	9	0	0	0	0:00:02.109685
2980	8	8	8	1	0:00:02.085088
3000	5	5	5	1	0:00:02.104122
3020	1	1	1	1	0:00:02.096122
3040	7	7	7	1	0:00:02.207088
3060	7	7	7	1	0:00:02.089763
3080	1	9	9	0	0:00:02.109461
3100	0	0	0	1	0:00:02.106704
3120	4	4	3	1	0:00:02.072680
3140	8	8	8	1	0:00:02.088745
3160	6	2	2	0	0:00:02.120120
3180	3	6	3	0	0:00:02.107060
3200	5	5	5	1	0:00:02.134637
3220	3	9	3	0	0:00:02.121445
3240	4	-1	0	0	0:00:02.112708
3260	7	7	7	1	0:00:02.077307
3280	3	5	5	0	0:00:02.093471
3300	4	4	4	1	0:00:02.078739
3320	2	7	7	0	0:00:02.088665
3340	6	6	0	1	0:00:02.091972
3360	4	4	4	1	0:00:02.175278
3380	8	8	8	1	0:00:02.076682
3400	6	4	4	0	0:00:02.091036
3420	5	3	3	0	0:00:02.126878
3440	2	3	3	0	0:00:02.092889
3460	1	1	1	1	0:00:02.140111
3480	2	2	2	1	0:00:02.097970
3500	1	9	9	0	0:00:02.084191
3520	1	1	1	1	0:00:02.087641
3540	6	6	3	1	0:00:02.114680
3560	1	9	1	0	0:00:02.088641
3580	4	4	4	1	0:00:02.098873
3600	4	2	2	0	0:00:02.072523
3620	0	0	0	1	0:00:02.119613
3640	6	2	2	0	0:00:02.076377
3660	0	0	8	1	0:00:02.111309
3680	0	-1	0	0	0:00:02.080073
3700	3	3	3	1	0:00:02.095393
3720	2	2	2	1	0:00:02.089037
3740	0	0	0	1	0:00:02.092296
3760	7	7	7	1	0:00:02.086200
3780	4	4	2	1	0:00:02.109211
3800	9	9	9	1	0:00:02.094567
3820	0	0	2	1	0:00:02.097201
3840	6	3	3	0	0:00:02.097812
3860	7	7	7	1	0:00:02.081854
3880	6	6	5	1	0:00:02.100708
3900	3	6	6	0	0:00:02.084133
3920	7	7	7	1	0:00:02.114701
3940	6	2	2	0	0:00:02.079875
3960	2	2	2	1	0:00:02.069529
3980	9	9	9	1	0:00:02.129863
4000	8	4	8	0	0:00:02.069688
4020	8	8	8	1	0:00:02.094945
4040	0	0	0	1	0:00:02.090365
4060	6	6	6	1	0:00:02.098138
4080	1	1	1	1	0:00:02.078049
4100	7	7	7	1	0:00:02.074245
4120	4	4	4	1	0:00:02.109407
4140	5	5	5	1	0:00:02.122925
4160	5	3	2	0	0:00:02.095652
4180	0	8	8	0	0:00:02.088455
4200	4	4	2	1	0:00:02.077568
4220	4	0	0	0	0:00:02.131724
4240	7	0	0	0	0:00:02.107941
4260	8	8	8	1	0:00:02.155491
4280	8	0	0	0	0:00:02.079894
4300	8	8	8	1	0:00:02.141953
4320	1	9	8	0	0:00:02.083639
4340	0	0	0	1	0:00:02.091287
4360	6	6	6	1	0:00:02.095394
4380	9	9	9	1	0:00:02.110642
4400	3	-1	3	0	0:00:02.090533
4420	5	5	5	1	0:00:02.078407
4440	2	2	2	1	0:00:02.117590
4460	9	9	9	1	0:00:02.070327
4480	9	9	9	1	0:00:02.172780
4500	3	5	3	0	0:00:02.099122
4520	3	3	3	1	0:00:02.095661
4540	9	9	9	1	0:00:02.073537
4560	1	1	1	1	0:00:02.086668
4580	6	6	4	1	0:00:02.103299
4600	4	4	4	1	0:00:02.082712
4620	7	3	3	0	0:00:02.087430
4640	2	2	2	1	0:00:02.114156
4660	7	6	5	0	0:00:02.111432
4680	9	9	9	1	0:00:02.096802
4700	6	5	5	0	0:00:02.082469
4720	8	8	8	1	0:00:02.080925
4740	5	3	3	0	0:00:02.099400
4760	3	2	2	0	0:00:02.083979
4780	0	0	0	1	0:00:02.068774
4800	9	9	9	1	0:00:02.086132
4820	3	3	3	1	0:00:02.085788
4840	0	0	0	1	0:00:02.079249
4860	5	5	5	1	0:00:02.103722
4880	0	8	8	0	0:00:02.080732
4900	3	3	3	1	0:00:02.183918
4920	7	7	7	1	0:00:02.085925
4940	6	6	4	1	0:00:02.109596
4960	4	4	3	1	0:00:02.074722
4980	1	9	9	0	0:00:02.071550
5000	7	7	7	1	0:00:02.081995
5020	8	8	8	1	0:00:02.079153
5040	3	3	3	1	0:00:02.121842
5060	6	6	2	1	0:00:02.074077
5080	7	7	7	1	0:00:02.082802
5100	3	3	3	1	0:00:02.079410
5120	9	9	8	1	0:00:02.066025
5140	8	8	8	1	0:00:02.092505
5160	0	0	8	1	0:00:02.069776
5180	9	7	7	0	0:00:02.092947
5200	3	3	3	1	0:00:02.081212
5220	0	0	0	1	0:00:02.078722
5240	1	1	1	1	0:00:02.103473
5260	0	0	0	1	0:00:02.114930
5280	0	9	4	0	0:00:02.062297
5300	9	9	9	1	0:00:02.087121
5320	7	7	7	1	0:00:02.076447
5340	3	4	4	0	0:00:02.089573
5360	9	9	9	1	0:00:02.084633
5380	1	9	9	0	0:00:02.080486
5400	9	9	9	1	0:00:02.083466
5420	6	6	6	1	0:00:02.083236
5440	9	9	9	1	0:00:02.092907
5460	0	0	0	1	0:00:02.089738
5480	1	1	1	1	0:00:02.102749
5500	8	8	8	1	0:00:02.090556
5520	4	4	3	1	0:00:02.108966
5540	5	5	5	1	0:00:02.090604
5560	3	5	5	0	0:00:02.121376
5580	5	6	3	0	0:00:02.109797
5600	6	6	3	1	0:00:02.082146
5620	3	6	2	0	0:00:02.089002
5640	2	5	2	0	0:00:02.080124
5660	9	9	8	1	0:00:02.114925
5680	2	3	3	0	0:00:02.084031
5700	3	3	3	1	0:00:02.112913
5720	9	9	9	1	0:00:02.080539
5740	6	6	2	1	0:00:02.073407
5760	2	2	0	1	0:00:02.096678
5780	7	7	7	1	0:00:02.080126
5800	2	2	2	1	0:00:02.085220
5820	5	5	5	1	0:00:02.138865
5840	2	2	2	1	0:00:02.109419
5860	0	0	0	1	0:00:02.124057
5880	0	0	0	1	0:00:02.083210
5900	4	3	0	0	0:00:02.080086
5920	8	8	8	1	0:00:02.088491
5940	7	7	3	1	0:00:02.087992
5960	2	6	2	0	0:00:02.090667
5980	9	9	9	1	0:00:02.100154
6000	8	8	8	1	0:00:02.089249
6020	6	6	6	1	0:00:02.094223
6040	2	5	2	0	0:00:02.096345
6060	3	4	5	0	0:00:02.107494
6080	1	1	1	1	0:00:02.120264
6100	1	1	1	1	0:00:02.130250
6120	5	5	5	1	0:00:02.127683
6140	9	9	1	1	0:00:02.089164
6160	2	5	2	0	0:00:02.113095
6180	0	0	0	1	0:00:02.092802
6200	3	2	2	0	0:00:02.102708
6220	2	5	5	0	0:00:02.094793
6240	2	2	2	1	0:00:02.101622
6260	2	2	2	1	0:00:02.097397
6280	8	5	5	0	0:00:02.110780
6300	1	1	1	1	0:00:02.091906
6320	0	0	0	1	0:00:02.079572
6340	3	-1	3	0	0:00:02.111970
6360	2	2	2	1	0:00:02.100191
6380	3	6	3	0	0:00:02.103881
6400	0	0	0	1	0:00:02.093094
6420	7	7	7	1	0:00:02.091067
6440	3	6	2	0	0:00:02.096432
6460	3	3	3	1	0:00:02.090707
6480	0	0	0	1	0:00:02.095315
6500	7	6	8	0	0:00:02.116617
6520	6	6	2	1	0:00:02.085372
6540	8	8	8	1	0:00:02.074572
6560	6	-1	5	0	0:00:02.096820
6580	1	8	8	0	0:00:02.098277
6600	7	7	7	1	0:00:02.132059
6620	7	7	7	1	0:00:02.081169
6640	5	3	3	0	0:00:02.090648
6660	0	0	0	1	0:00:02.106241
6680	3	5	5	0	0:00:02.099538
6700	6	6	6	1	0:00:02.122847
6720	2	2	2	1	0:00:02.133658
6740	2	4	4	0	0:00:02.156463
6760	5	5	5	1	0:00:02.106912
6780	7	7	7	1	0:00:02.103473
6800	6	4	4	0	0:00:02.127927
6820	1	1	1	1	0:00:02.090224
6840	9	9	9	1	0:00:02.117666
6860	0	0	0	1	0:00:02.112346
6880	2	2	2	1	0:00:02.095505
6900	3	3	3	1	0:00:02.110864
6920	5	4	4	0	0:00:02.093280
6940	1	1	1	1	0:00:02.068828
6960	9	9	9	1	0:00:02.090506
6980	0	0	0	1	0:00:02.100553
7000	2	0	8	0	0:00:02.090842
7020	7	7	7	1	0:00:02.089480
7040	7	8	8	0	0:00:02.099745
7060	8	8	8	1	0:00:02.090904
7080	5	4	4	0	0:00:02.087116
7100	9	3	3	0	0:00:02.102010
7120	7	7	7	1	0:00:02.092735
7140	4	4	3	1	0:00:02.096271
7160	5	5	5	1	0:00:02.103535
7180	6	6	3	1	0:00:02.120009
7200	4	4	2	1	0:00:02.158531
7220	9	9	9	1	0:00:02.122320
7240	0	0	8	1	0:00:02.098484
7260	1	1	1	1	0:00:02.102247
7280	1	1	3	1	0:00:02.132217
7300	3	5	5	0	0:00:02.089064
7320	8	0	0	0	0:00:02.101095
7340	2	2	0	1	0:00:02.083613
7360	2	2	2	1	0:00:02.087353
7380	7	7	7	1	0:00:02.103450
7400	3	5	5	0	0:00:02.114530
7420	3	4	2	0	0:00:02.093533
7440	3	3	3	1	0:00:02.110306
7460	5	5	5	1	0:00:02.087419
7480	1	1	1	1	0:00:02.098826
7500	6	6	6	1	0:00:02.128540
7520	4	4	4	1	0:00:02.102366
7540	5	5	5	1	0:00:02.077081
7560	0	0	0	1	0:00:02.086550
7580	8	8	8	1	0:00:02.101557
7600	8	2	2	0	0:00:02.102926
7620	5	3	3	0	0:00:02.104128
7640	9	8	8	0	0:00:02.097025
7660	7	7	4	1	0:00:02.092616
7680	3	-1	5	0	0:00:02.087781
7700	6	6	6	1	0:00:02.094880
7720	5	2	2	0	0:00:02.083226
7740	4	4	2	1	0:00:02.089079
7760	2	0	8	0	0:00:02.164165
7780	3	8	8	0	0:00:02.108108
7800	0	0	0	1	0:00:02.084916
7820	5	5	0	1	0:00:02.089344
7840	1	1	1	1	0:00:02.088955
7860	8	8	8	1	0:00:02.092942
7880	0	0	0	1	0:00:02.084770
7900	0	4	8	0	0:00:02.071430
7920	9	9	9	1	0:00:02.074593
7940	2	-1	2	0	0:00:02.081555
7960	0	3	0	0	0:00:02.119389
7980	3	3	3	1	0:00:02.100741
8000	9	9	9	1	0:00:02.092100
8020	6	7	3	0	0:00:02.087605
8040	2	2	2	1	0:00:02.117625
8060	6	6	6	1	0:00:02.092223
8080	4	4	3	1	0:00:02.084886
8100	6	2	2	0	0:00:02.103655
8120	8	9	8	0	0:00:02.106482
8140	5	7	3	0	0:00:02.112222
8160	6	6	6	1	0:00:02.100542
8180	4	4	4	1	0:00:02.107301
8200	3	6	0	0	0:00:02.092273
8220	6	5	5	0	0:00:02.092248
8240	7	7	7	1	0:00:02.103978
8260	1	1	1	1	0:00:02.086036
8280	4	4	4	1	0:00:02.100164
8300	5	4	2	0	0:00:02.100862
8320	7	7	7	1	0:00:02.116393
8340	5	3	5	0	0:00:02.128394
8360	7	7	7	1	0:00:02.124912
8380	9	9	9	1	0:00:02.089928
8400	0	0	0	1	0:00:02.076583
8420	3	6	6	0	0:00:02.085713
8440	5	3	3	0	0:00:02.073223
8460	8	8	8	1	0:00:02.085282
8480	2	2	2	1	0:00:02.121362
8500	4	4	4	1	0:00:02.121245
8520	8	8	8	1	0:00:02.089927
8540	4	2	2	0	0:00:02.087630
8560	7	7	7	1	0:00:02.150246
8580	3	5	5	0	0:00:02.089177
8600	3	2	2	0	0:00:02.098317
8620	3	2	5	0	0:00:02.079972
8640	1	1	1	1	0:00:02.097245
8660	7	7	7	1	0:00:02.099467
8680	3	7	3	0	0:00:02.092414
8700	3	3	3	1	0:00:02.071716
8720	2	0	0	0	0:00:02.115527
8740	2	2	5	1	0:00:02.092757
8760	8	8	8	1	0:00:02.092119
8780	4	4	2	1	0:00:02.107368
8800	0	0	0	1	0:00:02.115241
8820	2	2	2	1	0:00:02.114769
8840	2	2	2	1	0:00:02.083394
8860	2	2	2	1	0:00:02.088542
8880	1	1	1	1	0:00:02.100973
8900	2	4	4	0	0:00:02.112818
8920	6	6	3	1	0:00:02.102381
8940	6	3	3	0	0:00:02.105668
8960	0	0	2	1	0:00:02.089909
8980	9	9	9	1	0:00:02.097333
9000	8	8	8	1	0:00:02.089605
9020	7	7	7	1	0:00:02.095259
9040	2	5	5	0	0:00:02.104786
9060	9	9	9	1	0:00:02.136642
9080	3	3	3	1	0:00:02.183501
9100	9	1	1	0	0:00:02.175095
9120	3	0	3	0	0:00:02.157896
9140	7	7	4	1	0:00:02.113486
9160	5	3	3	0	0:00:02.098418
9180	5	5	5	1	0:00:02.095971
9200	8	8	8	1	0:00:02.093548
9220	8	8	8	1	0:00:02.123627
9240	8	8	8	1	0:00:02.119433
9260	5	5	5	1	0:00:02.104047
9280	9	8	8	0	0:00:02.126284
9300	5	4	2	0	0:00:02.104454
9320	9	9	9	1	0:00:02.086047
9340	1	1	1	1	0:00:02.109950
9360	5	0	0	0	0:00:02.075921
9380	5	3	3	0	0:00:02.085248
9400	6	6	6	1	0:00:02.139210
9420	5	5	5	1	0:00:02.105360
9440	8	8	8	1	0:00:02.090961
9460	3	3	7	1	0:00:02.120255
9480	2	2	2	1	0:00:02.105073
9500	9	9	2	1	0:00:02.120924
9520	1	1	1	1	0:00:02.101185
9540	5	5	5	1	0:00:02.095342
9560	9	7	3	0	0:00:02.099581
9580	1	1	1	1	0:00:02.081174
9600	8	8	8	1	0:00:02.085745
9620	4	4	4	1	0:00:02.108778
9640	5	5	5	1	0:00:02.083770
9660	6	6	6	1	0:00:02.086024
9680	8	8	8	1	0:00:02.084807
9700	0	0	0	1	0:00:02.080113
9720	8	6	8	0	0:00:02.092518
9740	3	6	2	0	0:00:02.090961
9760	9	5	5	0	0:00:02.071207
9780	4	4	2	1	0:00:02.091398
9800	1	1	1	1	0:00:02.098294
9820	0	8	8	0	0:00:02.092829
9840	4	7	7	0	0:00:02.104254
9860	0	3	8	0	0:00:02.100851
9880	7	8	7	0	0:00:02.075386
9900	8	8	8	1	0:00:02.126601
9920	6	6	6	1	0:00:02.074301
9940	4	5	5	0	0:00:02.085397
9960	2	0	0	0	0:00:02.078370
9980	0	0	0	1	0:00:02.071553
