idx	label	predict	basePredict	correct	time
0	3	3	5	1	0:00:16.011653
20	7	9	9	0	0:00:15.717368
40	4	4	4	1	0:00:15.760560
60	7	7	7	1	0:00:15.716053
80	8	8	8	1	0:00:15.714457
100	4	5	5	0	0:00:15.780740
120	8	8	8	1	0:00:15.695403
140	6	2	2	0	0:00:15.725410
160	2	2	2	1	0:00:15.772681
180	0	0	0	1	0:00:15.690942
200	5	3	3	0	0:00:15.715439
220	7	7	7	1	0:00:15.721398
240	1	1	1	1	0:00:15.722482
260	8	5	5	0	0:00:15.766766
280	9	9	9	1	0:00:15.743401
300	6	6	6	1	0:00:15.708158
320	3	5	5	0	0:00:15.694948
340	2	6	4	0	0:00:15.783955
360	9	6	6	0	0:00:15.744540
380	6	6	4	1	0:00:15.783691
400	9	9	9	1	0:00:15.726282
420	4	6	6	0	0:00:15.700773
440	1	1	1	1	0:00:15.690547
460	5	5	5	1	0:00:15.715187
480	8	9	9	0	0:00:15.704175
500	4	6	6	0	0:00:15.723389
520	5	7	7	0	0:00:15.730978
540	1	1	1	1	0:00:15.694390
560	0	0	0	1	0:00:15.727917
580	4	6	6	0	0:00:15.750508
600	8	8	8	1	0:00:15.762414
620	7	4	4	0	0:00:15.696823
640	5	3	3	0	0:00:15.732418
660	9	9	9	1	0:00:15.799809
680	9	1	1	0	0:00:15.737320
700	7	7	7	1	0:00:15.697005
720	4	7	7	0	0:00:15.724696
740	2	5	5	0	0:00:15.725550
760	3	7	7	0	0:00:15.733725
780	9	1	1	0	0:00:15.700710
800	7	7	7	1	0:00:15.713049
820	6	1	1	0	0:00:15.716781
840	7	7	7	1	0:00:15.937054
860	4	4	4	1	0:00:15.738109
880	8	8	8	1	0:00:15.712561
900	2	6	6	0	0:00:15.708377
920	6	2	2	0	0:00:15.744032
940	9	9	9	1	0:00:15.766204
960	9	9	9	1	0:00:15.750398
980	2	6	6	0	0:00:15.703230
1000	5	5	5	1	0:00:15.032975
1020	1	1	1	1	0:00:15.077463
1040	7	5	5	0	0:00:15.169965
1060	9	9	9	1	0:00:15.077031
1080	6	6	6	1	0:00:14.978149
1100	7	8	8	0	0:00:15.032658
1120	5	2	2	0	0:00:15.062433
1140	6	6	4	1	0:00:15.002165
1160	8	8	8	1	0:00:15.026688
1180	3	9	1	0	0:00:15.030272
1200	8	8	8	1	0:00:15.010374
1220	9	7	6	0	0:00:15.006069
1240	2	6	6	0	0:00:14.988312
1260	1	9	9	0	0:00:15.013510
1280	3	7	7	0	0:00:15.003585
1300	4	6	6	0	0:00:15.046849
1320	7	7	2	1	0:00:15.064266
1340	1	1	1	1	0:00:15.040463
1360	7	7	7	1	0:00:15.043201
1380	4	5	5	0	0:00:15.071184
1400	5	5	5	1	0:00:15.073746
1420	4	7	7	0	0:00:15.060584
1440	0	8	8	0	0:00:15.165624
1460	6	6	6	1	0:00:15.167065
1480	1	1	1	1	0:00:15.092174
1500	1	9	1	0	0:00:15.121433
1520	7	7	7	1	0:00:15.111557
1540	8	8	8	1	0:00:15.007900
1560	7	7	7	1	0:00:15.074653
1580	6	1	1	0	0:00:15.049168
1600	8	1	1	0	0:00:15.108505
1620	5	8	8	0	0:00:15.060689
1640	7	3	3	0	0:00:15.055830
1660	3	5	5	0	0:00:15.077351
1680	6	6	6	1	0:00:15.095198
1700	5	2	2	0	0:00:15.085003
1720	4	2	0	0	0:00:15.111814
1740	1	9	9	0	0:00:15.131451
1760	0	8	8	0	0:00:15.117427
1780	7	7	7	1	0:00:15.067801
1800	4	8	8	0	0:00:15.035870
1820	8	8	8	1	0:00:15.059500
1840	8	7	7	0	0:00:15.011946
1860	8	8	8	1	0:00:14.981619
1880	1	1	1	1	0:00:14.967760
1900	8	8	8	1	0:00:14.979847
1920	2	2	2	1	0:00:15.082718
1940	5	2	2	0	0:00:15.116317
1960	2	5	5	0	0:00:15.013510
1980	9	9	9	1	0:00:15.046100
2000	1	1	1	1	0:00:14.966323
2020	9	9	9	1	0:00:15.008717
2040	0	8	8	0	0:00:15.050637
2060	5	5	5	1	0:00:15.060392
2080	1	1	1	1	0:00:15.295633
2100	2	4	4	0	0:00:15.063175
2120	4	8	8	0	0:00:15.061186
2140	9	9	9	1	0:00:15.159869
2160	0	8	8	0	0:00:15.053144
2180	4	6	6	0	0:00:15.012991
2200	0	0	0	1	0:00:15.077733
2220	1	1	1	1	0:00:15.074405
2240	9	9	9	1	0:00:15.155062
2260	4	4	4	1	0:00:15.086111
2280	4	8	8	0	0:00:15.040494
2300	3	6	6	0	0:00:15.040937
2320	5	2	2	0	0:00:15.016168
2340	7	7	7	1	0:00:15.046478
2360	7	7	7	1	0:00:15.090274
2380	8	8	8	1	0:00:15.078885
2400	0	0	0	1	0:00:15.166404
2420	8	5	5	0	0:00:15.021230
2440	7	7	7	1	0:00:15.079574
2460	9	9	3	1	0:00:15.099145
2480	8	8	8	1	0:00:15.058857
2500	4	6	2	0	0:00:15.088884
2520	1	8	8	0	0:00:15.048205
2540	2	3	3	0	0:00:15.070498
2560	7	7	5	1	0:00:15.002499
2580	6	6	6	1	0:00:15.043451
2600	8	8	8	1	0:00:15.050783
2620	1	1	1	1	0:00:14.978312
2640	7	7	7	1	0:00:15.017351
2660	3	2	0	0	0:00:15.037816
2680	0	0	0	1	0:00:15.089068
2700	9	1	1	0	0:00:15.006610
2720	3	8	8	0	0:00:15.031797
2740	1	1	1	1	0:00:15.007202
2760	2	6	4	0	0:00:14.987917
2780	7	7	7	1	0:00:15.097153
2800	4	6	6	0	0:00:15.122033
2820	6	6	6	1	0:00:15.063216
2840	3	3	3	1	0:00:15.104494
2860	5	7	7	0	0:00:15.115738
2880	4	4	4	1	0:00:15.066766
2900	3	5	5	0	0:00:15.026139
2920	2	3	0	0	0:00:15.045276
2940	3	0	0	0	0:00:15.113584
2960	9	9	9	1	0:00:15.113109
2980	8	1	1	0	0:00:15.098725
3000	5	5	5	1	0:00:15.023781
3020	1	1	1	1	0:00:15.074442
3040	7	7	7	1	0:00:15.011967
3060	7	7	7	1	0:00:15.123344
3080	1	1	1	1	0:00:15.023652
3100	0	0	0	1	0:00:15.006564
3120	4	6	6	0	0:00:15.080563
3140	8	8	8	1	0:00:15.035852
3160	6	4	4	0	0:00:15.064627
3180	3	9	9	0	0:00:15.090768
3200	5	7	7	0	0:00:15.151344
3220	3	9	9	0	0:00:15.063132
3240	4	1	4	0	0:00:15.034238
3260	7	7	7	1	0:00:15.087631
3280	3	5	5	0	0:00:15.021363
3300	4	4	4	1	0:00:14.983262
3320	2	7	7	0	0:00:15.045230
3340	6	6	4	1	0:00:14.981576
3360	4	6	6	0	0:00:15.022563
3380	8	8	8	1	0:00:14.965830
3400	6	7	1	0	0:00:14.997823
3420	5	6	6	0	0:00:14.983311
3440	2	9	9	0	0:00:14.971809
3460	1	1	1	1	0:00:15.081634
3480	2	2	2	1	0:00:14.998423
3500	1	1	1	1	0:00:15.088028
3520	1	1	1	1	0:00:15.066934
3540	6	6	8	1	0:00:15.049470
3560	1	9	9	0	0:00:15.111619
3580	4	1	1	0	0:00:15.112798
3600	4	2	2	0	0:00:15.084009
3620	0	7	7	0	0:00:15.068572
3640	6	2	2	0	0:00:15.072443
3660	0	8	8	0	0:00:15.063105
3680	0	2	2	0	0:00:15.061275
3700	3	5	5	0	0:00:15.104526
3720	2	2	2	1	0:00:15.057163
3740	0	0	0	1	0:00:15.057449
3760	7	7	7	1	0:00:15.087680
3780	4	2	2	0	0:00:15.074077
3800	9	9	9	1	0:00:15.140077
3820	0	0	0	1	0:00:15.086486
3840	6	8	3	0	0:00:15.132455
3860	7	7	7	1	0:00:15.082143
3880	6	4	4	0	0:00:15.069149
3900	3	1	1	0	0:00:15.097859
3920	7	9	9	0	0:00:15.011910
3940	6	7	7	0	0:00:15.045134
3960	2	5	5	0	0:00:15.109682
3980	9	7	7	0	0:00:15.088357
4000	8	7	0	0	0:00:15.088667
4020	8	8	8	1	0:00:15.093563
4040	0	0	0	1	0:00:15.101677
4060	6	6	6	1	0:00:15.085233
4080	1	1	1	1	0:00:14.999749
4100	7	7	7	1	0:00:15.046972
4120	4	0	0	0	0:00:14.991145
4140	5	2	2	0	0:00:15.039909
4160	5	3	3	0	0:00:15.032988
4180	0	8	8	0	0:00:15.028037
4200	4	2	2	0	0:00:15.061516
4220	4	0	0	0	0:00:14.985968
4240	7	8	8	0	0:00:15.027987
4260	8	8	8	1	0:00:15.013336
4280	8	9	9	0	0:00:14.997996
4300	8	8	8	1	0:00:15.095427
4320	1	8	8	0	0:00:15.082079
4340	0	0	0	1	0:00:15.087147
4360	6	9	9	0	0:00:15.054805
4380	9	9	9	1	0:00:15.100988
4400	3	6	8	0	0:00:15.045247
4420	5	8	8	0	0:00:15.048980
4440	2	6	6	0	0:00:15.033096
4460	9	9	1	1	0:00:15.123496
4480	9	9	9	1	0:00:15.004870
4500	3	5	5	0	0:00:15.058249
4520	3	6	6	0	0:00:15.004907
4540	9	9	9	1	0:00:15.083693
4560	1	1	1	1	0:00:15.087080
4580	6	6	4	1	0:00:15.019805
4600	4	7	7	0	0:00:15.149819
4620	7	3	3	0	0:00:15.066671
4640	2	4	4	0	0:00:15.057204
4660	7	6	2	0	0:00:15.117396
4680	9	9	9	1	0:00:15.007811
4700	6	1	1	0	0:00:15.016704
4720	8	0	0	0	0:00:15.066755
4740	5	6	6	0	0:00:15.049130
4760	3	2	2	0	0:00:15.115464
4780	0	0	0	1	0:00:15.076774
4800	9	9	9	1	0:00:15.138749
4820	3	5	5	0	0:00:14.998747
4840	0	0	0	1	0:00:14.998750
4860	5	5	5	1	0:00:15.104986
4880	0	8	8	0	0:00:15.062119
4900	3	1	1	0	0:00:15.034084
4920	7	7	7	1	0:00:15.114259
4940	6	6	2	1	0:00:15.076839
4960	4	6	6	0	0:00:15.052186
4980	1	9	9	0	0:00:15.026137
5000	7	7	7	1	0:00:15.051787
5020	8	8	8	1	0:00:15.067739
5040	3	1	1	0	0:00:15.003425
5060	6	6	6	1	0:00:14.995310
5080	7	7	7	1	0:00:15.077960
5100	3	3	3	1	0:00:15.130646
5120	9	9	8	1	0:00:15.059089
5140	8	8	8	1	0:00:14.991708
5160	0	8	8	0	0:00:15.008195
5180	9	7	7	0	0:00:15.070165
5200	3	3	3	1	0:00:15.079994
5220	0	0	0	1	0:00:15.047503
5240	1	1	1	1	0:00:15.088802
5260	0	0	0	1	0:00:15.127766
5280	0	2	2	0	0:00:15.031242
5300	9	9	1	1	0:00:15.107702
5320	7	7	7	1	0:00:15.053072
5340	3	4	4	0	0:00:15.074389
5360	9	9	9	1	0:00:15.024818
5380	1	9	9	0	0:00:15.137778
5400	9	9	9	1	0:00:15.142501
5420	6	6	6	1	0:00:15.143518
5440	9	9	9	1	0:00:15.125768
5460	0	0	0	1	0:00:15.100117
5480	1	1	1	1	0:00:15.085675
5500	8	1	8	0	0:00:15.112914
5520	4	5	5	0	0:00:15.085677
5540	5	6	2	0	0:00:15.010153
5560	3	6	6	0	0:00:15.008528
5580	5	6	6	0	0:00:14.999793
5600	6	9	8	0	0:00:15.044177
5620	3	2	2	0	0:00:14.972672
5640	2	3	3	0	0:00:15.032801
5660	9	9	9	1	0:00:15.035112
5680	2	8	8	0	0:00:14.999370
5700	3	5	5	0	0:00:15.038878
5720	9	9	9	1	0:00:15.024754
5740	6	4	4	0	0:00:14.978353
5760	2	2	8	1	0:00:14.990539
5780	7	7	7	1	0:00:14.995527
5800	2	4	2	0	0:00:15.014179
5820	5	6	6	0	0:00:15.073498
5840	2	6	6	0	0:00:15.143306
5860	0	0	0	1	0:00:15.119995
5880	0	0	0	1	0:00:15.032671
5900	4	4	4	1	0:00:15.113346
5920	8	8	8	1	0:00:15.108543
5940	7	4	4	0	0:00:15.053270
5960	2	4	4	0	0:00:15.063472
5980	9	9	9	1	0:00:15.088248
6000	8	9	8	0	0:00:15.057915
6020	6	6	6	1	0:00:15.146800
6040	2	7	7	0	0:00:15.077858
6060	3	-1	4	0	0:00:15.110074
6080	1	1	1	1	0:00:15.178069
6100	1	1	1	1	0:00:15.069501
6120	5	5	5	1	0:00:15.120141
6140	9	9	9	1	0:00:15.133350
6160	2	5	5	0	0:00:15.069005
6180	0	9	9	0	0:00:15.079082
6200	3	3	3	1	0:00:15.104589
6220	2	6	6	0	0:00:15.151558
6240	2	6	2	0	0:00:15.092271
6260	2	1	1	0	0:00:15.134438
6280	8	5	5	0	0:00:15.084935
6300	1	1	1	1	0:00:15.196235
6320	0	0	0	1	0:00:15.075219
6340	3	3	3	1	0:00:14.990172
6360	2	2	2	1	0:00:15.068153
6380	3	6	6	0	0:00:15.000546
6400	0	8	0	0	0:00:15.091843
6420	7	7	7	1	0:00:15.115552
6440	3	8	8	0	0:00:15.061924
6460	3	1	0	0	0:00:15.090304
6480	0	0	0	1	0:00:15.036348
6500	7	0	0	0	0:00:14.990714
6520	6	4	2	0	0:00:15.078594
6540	8	8	8	1	0:00:15.057749
6560	6	6	6	1	0:00:15.050905
6580	1	9	7	0	0:00:15.108513
6600	7	7	7	1	0:00:15.161959
6620	7	7	7	1	0:00:15.121241
6640	5	3	3	0	0:00:15.085765
6660	0	0	0	1	0:00:15.106702
6680	3	3	3	1	0:00:15.132310
6700	6	6	6	1	0:00:15.110562
6720	2	2	2	1	0:00:15.103807
6740	2	6	6	0	0:00:15.063361
6760	5	2	2	0	0:00:15.102100
6780	7	7	7	1	0:00:15.107559
6800	6	6	4	1	0:00:15.067064
6820	1	1	1	1	0:00:15.062711
6840	9	9	1	1	0:00:15.174149
6860	0	0	0	1	0:00:15.087471
6880	2	7	7	0	0:00:15.132530
6900	3	3	3	1	0:00:15.074997
6920	5	2	2	0	0:00:15.093817
6940	1	1	1	1	0:00:15.057148
6960	9	8	8	0	0:00:15.105449
6980	0	9	9	0	0:00:15.143814
7000	2	8	8	0	0:00:15.066294
7020	7	7	7	1	0:00:15.146122
7040	7	1	8	0	0:00:14.999642
7060	8	8	8	1	0:00:15.065012
7080	5	4	4	0	0:00:15.023939
7100	9	3	3	0	0:00:15.078398
7120	7	7	7	1	0:00:15.034840
7140	4	4	4	1	0:00:15.061598
7160	5	5	5	1	0:00:15.084556
7180	6	6	6	1	0:00:15.032569
7200	4	6	2	0	0:00:14.990186
7220	9	9	9	1	0:00:15.034788
7240	0	8	8	0	0:00:15.082790
7260	1	1	1	1	0:00:15.036567
7280	1	1	0	1	0:00:15.111146
7300	3	7	7	0	0:00:15.138158
7320	8	0	0	0	0:00:15.093005
7340	2	4	0	0	0:00:15.139046
7360	2	7	7	0	0:00:15.084720
7380	7	7	7	1	0:00:15.069135
7400	3	9	3	0	0:00:15.063725
7420	3	0	0	0	0:00:15.035748
7440	3	6	6	0	0:00:15.091694
7460	5	5	5	1	0:00:15.052809
7480	1	1	8	1	0:00:15.143509
7500	6	6	6	1	0:00:15.097612
7520	4	6	4	0	0:00:15.083874
7540	5	5	5	1	0:00:15.064141
7560	0	0	0	1	0:00:15.069901
7580	8	8	8	1	0:00:15.100231
7600	8	9	9	0	0:00:15.195641
7620	5	9	9	0	0:00:15.086041
7640	9	9	9	1	0:00:15.103039
7660	7	9	1	0	0:00:15.123570
7680	3	9	9	0	0:00:15.116359
7700	6	6	6	1	0:00:15.096000
7720	5	4	4	0	0:00:15.075286
7740	4	2	2	0	0:00:14.980710
7760	2	9	9	0	0:00:14.966276
7780	3	9	9	0	0:00:15.053197
7800	0	0	0	1	0:00:15.046603
7820	5	8	8	0	0:00:15.032051
7840	1	1	1	1	0:00:15.081193
7860	8	8	8	1	0:00:14.996939
7880	0	4	4	0	0:00:15.050792
7900	0	8	8	0	0:00:15.021874
7920	9	9	8	1	0:00:15.025684
7940	2	6	6	0	0:00:15.042281
7960	0	0	0	1	0:00:15.078590
7980	3	7	4	0	0:00:14.996174
8000	9	9	9	1	0:00:14.989602
8020	6	6	6	1	0:00:15.006088
8040	2	6	6	0	0:00:15.002213
8060	6	6	6	1	0:00:15.065005
8080	4	6	6	0	0:00:15.101998
8100	6	2	2	0	0:00:15.079287
8120	8	9	9	0	0:00:15.067201
8140	5	4	4	0	0:00:15.126750
8160	6	6	6	1	0:00:15.156184
8180	4	6	6	0	0:00:15.111857
8200	3	0	0	0	0:00:15.143828
8220	6	7	2	0	0:00:15.123363
8240	7	7	7	1	0:00:15.028980
8260	1	1	1	1	0:00:15.041536
8280	4	3	3	0	0:00:15.076268
8300	5	2	2	0	0:00:15.099715
8320	7	7	7	1	0:00:15.070407
8340	5	5	5	1	0:00:15.054000
8360	7	7	7	1	0:00:15.084222
8380	9	9	9	1	0:00:15.119381
8400	0	8	8	0	0:00:15.124090
8420	3	6	2	0	0:00:15.076236
8440	5	3	3	0	0:00:15.206963
8460	8	8	8	1	0:00:15.099454
8480	2	2	2	1	0:00:15.176565
8500	4	2	2	0	0:00:15.258141
8520	8	8	8	1	0:00:15.053484
8540	4	6	2	0	0:00:15.075426
8560	7	7	7	1	0:00:15.081774
8580	3	9	9	0	0:00:15.095886
8600	3	1	3	0	0:00:15.029511
8620	3	4	4	0	0:00:15.036847
8640	1	1	1	1	0:00:14.970106
8660	7	5	5	0	0:00:15.032408
8680	3	9	0	0	0:00:15.064227
8700	3	3	3	1	0:00:15.009182
8720	2	0	0	0	0:00:15.090146
8740	2	4	4	0	0:00:15.065701
8760	8	8	8	1	0:00:15.043659
8780	4	4	4	1	0:00:15.069720
8800	0	0	0	1	0:00:15.051541
8820	2	2	2	1	0:00:15.068254
8840	2	1	7	0	0:00:15.178650
8860	2	2	2	1	0:00:15.012352
8880	1	1	1	1	0:00:15.118041
8900	2	4	4	0	0:00:15.088101
8920	6	6	6	1	0:00:15.140249
8940	6	3	3	0	0:00:15.074577
8960	0	0	0	1	0:00:15.111761
8980	9	9	9	1	0:00:15.066690
9000	8	8	8	1	0:00:15.123382
9020	7	7	7	1	0:00:15.279705
9040	2	5	5	0	0:00:15.099499
9060	9	5	5	0	0:00:15.127337
9080	3	0	0	0	0:00:15.083260
9100	9	6	6	0	0:00:15.065410
9120	3	0	0	0	0:00:15.024272
9140	7	7	7	1	0:00:15.085513
9160	5	5	5	1	0:00:15.121294
9180	5	5	5	1	0:00:15.056355
9200	8	8	8	1	0:00:15.076858
9220	8	8	8	1	0:00:15.081840
9240	8	8	8	1	0:00:15.165280
9260	5	5	5	1	0:00:15.166740
9280	9	8	8	0	0:00:15.219068
9300	5	5	5	1	0:00:15.043150
9320	9	9	9	1	0:00:15.069127
9340	1	1	1	1	0:00:15.094086
9360	5	0	0	0	0:00:14.987930
9380	5	9	3	0	0:00:15.001152
9400	6	6	2	1	0:00:15.092784
9420	5	5	5	1	0:00:14.977868
9440	8	8	8	1	0:00:14.970683
9460	3	6	6	0	0:00:15.017728
9480	2	4	4	0	0:00:14.979864
9500	9	1	1	0	0:00:15.024807
9520	1	1	1	1	0:00:15.009881
9540	5	5	5	1	0:00:15.048294
9560	9	7	7	0	0:00:15.036033
9580	1	1	1	1	0:00:15.105387
9600	8	8	8	1	0:00:15.027816
9620	4	7	7	0	0:00:15.095825
9640	5	5	7	1	0:00:15.120533
9660	6	6	6	1	0:00:15.018337
9680	8	8	8	1	0:00:15.179091
9700	0	0	0	1	0:00:15.247438
9720	8	6	4	0	0:00:15.046803
9740	3	6	6	0	0:00:15.081732
9760	9	7	7	0	0:00:15.096536
9780	4	6	6	0	0:00:15.123083
9800	1	1	1	1	0:00:15.062216
9820	0	8	8	0	0:00:15.034646
9840	4	3	3	0	0:00:15.056555
9860	0	2	8	0	0:00:15.042842
9880	7	7	4	1	0:00:15.021634
9900	8	8	8	1	0:00:15.019041
9920	6	6	6	1	0:00:15.211204
9940	4	5	5	0	0:00:15.028210
9960	2	0	0	0	0:00:15.118840
9980	0	0	0	1	0:00:15.125137
