idx	label	predict	basePredict	correct	time
0	3	3	2	1	0:00:03.711705
20	7	7	7	1	0:00:03.673599
40	4	8	8	0	0:00:03.656736
60	7	7	4	1	0:00:03.677550
80	8	8	8	1	0:00:03.641465
100	4	4	4	1	0:00:03.648281
120	8	8	8	1	0:00:03.853503
140	6	2	2	0	0:00:03.683195
160	2	0	2	0	0:00:03.671177
180	0	0	0	1	0:00:03.638544
200	5	3	3	0	0:00:03.648024
220	7	7	7	1	0:00:03.641547
240	1	1	1	1	0:00:03.643841
260	8	3	3	0	0:00:03.638360
280	9	9	9	1	0:00:03.662363
300	6	6	4	1	0:00:03.716350
320	3	3	2	1	0:00:03.638797
340	2	4	4	0	0:00:03.655763
360	9	9	6	1	0:00:03.637387
380	6	6	4	1	0:00:03.650551
400	9	9	8	1	0:00:03.678787
420	4	4	4	1	0:00:03.646380
440	1	1	1	1	0:00:03.652614
460	5	5	5	1	0:00:03.652339
480	8	9	8	0	0:00:03.647225
500	4	6	4	0	0:00:03.669367
520	5	5	5	1	0:00:03.637417
540	1	9	8	0	0:00:03.650980
560	0	0	8	1	0:00:03.642137
580	4	4	4	1	0:00:03.695225
600	8	8	8	1	0:00:03.676796
620	7	7	4	1	0:00:03.652980
640	5	3	3	0	0:00:03.672418
660	9	9	9	1	0:00:03.646952
680	9	9	1	1	0:00:03.641739
700	7	7	4	1	0:00:03.665970
720	4	9	7	0	0:00:08.891762
740	2	5	2	0	0:01:03.878468
760	3	9	3	0	0:00:08.865427
780	9	9	8	1	0:00:03.640613
800	7	7	7	1	0:00:03.648224
820	6	-1	8	0	0:00:03.665214
840	7	7	7	1	0:00:03.647145
860	4	4	4	1	0:00:03.637547
880	8	8	8	1	0:00:03.768972
900	2	6	4	0	0:00:03.636122
920	6	6	2	1	0:00:03.641817
940	9	9	9	1	0:00:03.633456
960	9	9	9	1	0:00:03.655551
980	2	6	4	0	0:00:03.672663
1000	5	5	5	1	0:00:02.945201
1020	1	1	8	1	0:00:02.944930
1040	7	5	5	0	0:00:02.942042
1060	9	9	8	1	0:00:02.941305
1080	6	6	6	1	0:00:02.939872
1100	7	8	8	0	0:00:02.946466
1120	5	2	2	0	0:00:02.939855
1140	6	6	4	1	0:00:02.938994
1160	8	-1	8	0	0:00:02.941257
1180	3	3	3	1	0:00:02.945656
1200	8	8	0	1	0:00:02.945711
1220	9	6	6	0	0:00:02.947899
1240	2	6	6	0	0:00:02.952174
1260	1	9	9	0	0:00:02.938448
1280	3	7	7	0	0:00:02.941029
1300	4	3	3	0	0:00:02.944424
1320	7	2	2	0	0:00:02.948783
1340	1	1	1	1	0:00:02.940397
1360	7	7	4	1	0:00:02.940673
1380	4	5	5	0	0:00:02.945983
1400	5	6	2	0	0:00:02.940428
1420	4	7	4	0	0:00:02.941240
1440	0	-1	0	0	0:00:02.941030
1460	6	6	4	1	0:00:02.939337
1480	1	5	5	0	0:00:02.938572
1500	1	1	1	1	0:00:02.939928
1520	7	7	4	1	0:00:02.939519
1540	8	8	8	1	0:00:02.940598
1560	7	7	7	1	0:00:02.940663
1580	6	1	1	0	0:00:02.939809
1600	8	9	6	0	0:00:02.939186
1620	5	8	8	0	0:00:02.938523
1640	7	5	3	0	0:00:02.940365
1660	3	3	3	1	0:00:02.940080
1680	6	6	6	1	0:00:02.937583
1700	5	2	2	0	0:00:02.947276
1720	4	2	2	0	0:00:02.951114
1740	1	9	1	0	0:00:02.946074
1760	0	8	8	0	0:00:02.942535
1780	7	7	8	1	0:00:02.939928
1800	4	8	8	0	0:00:02.947477
1820	8	8	8	1	0:00:02.940877
1840	8	9	4	0	0:00:02.950945
1860	8	8	8	1	0:00:02.941087
1880	1	1	8	1	0:00:02.937877
1900	8	8	8	1	0:00:02.938940
1920	2	2	2	1	0:00:02.951707
1940	5	3	3	0	0:00:02.950951
1960	2	5	5	0	0:00:02.938507
1980	9	9	9	1	0:00:02.943148
2000	1	6	6	0	0:00:02.939964
2020	9	9	9	1	0:00:02.938539
2040	0	8	8	0	0:00:02.941550
2060	5	5	5	1	0:00:02.948366
2080	1	1	6	1	0:00:02.946172
2100	2	4	4	0	0:00:02.939589
2120	4	8	8	0	0:00:02.939061
2140	9	9	9	1	0:00:02.938588
2160	0	8	8	0	0:00:02.940601
2180	4	4	4	1	0:00:02.945916
2200	0	0	2	1	0:00:02.943422
2220	1	1	1	1	0:00:02.947187
2240	9	9	9	1	0:00:02.951181
2260	4	7	4	0	0:00:02.948726
2280	4	8	8	0	0:00:02.947702
2300	3	6	4	0	0:00:02.939838
2320	5	2	8	0	0:00:02.938567
2340	7	7	7	1	0:00:02.942485
2360	7	7	7	1	0:00:02.940062
2380	8	8	8	1	0:00:02.946359
2400	0	0	0	1	0:00:02.946609
2420	8	1	5	0	0:00:02.939154
2440	7	7	7	1	0:00:02.946982
2460	9	9	3	1	0:00:02.946136
2480	8	8	8	1	0:00:02.947914
2500	4	2	2	0	0:00:02.940289
2520	1	1	8	1	0:00:02.939467
2540	2	3	3	0	0:00:02.940320
2560	7	7	4	1	0:00:02.939373
2580	6	4	4	0	0:00:02.939268
2600	8	8	8	1	0:00:02.939736
2620	1	1	4	1	0:00:02.950731
2640	7	7	4	1	0:00:02.947741
2660	3	4	2	0	0:00:02.940454
2680	0	0	0	1	0:00:02.947390
2700	9	9	0	1	0:00:02.939138
2720	3	2	2	0	0:00:02.938877
2740	1	1	1	1	0:00:02.944633
2760	2	2	4	1	0:00:02.939472
2780	7	7	7	1	0:00:02.939713
2800	4	6	4	0	0:00:02.940448
2820	6	6	6	1	0:00:02.947733
2840	3	3	3	1	0:00:02.947216
2860	5	6	6	0	0:00:02.940663
2880	4	4	4	1	0:00:02.940256
2900	3	2	5	0	0:00:02.939375
2920	2	5	2	0	0:00:02.940269
2940	3	0	0	0	0:00:02.940481
2960	9	9	8	1	0:00:02.939078
2980	8	-1	8	0	0:00:02.946565
3000	5	5	5	1	0:00:02.940730
3020	1	1	8	1	0:00:02.939956
3040	7	7	7	1	0:00:02.946871
3060	7	7	7	1	0:00:02.950893
3080	1	7	4	0	0:00:02.945068
3100	0	0	0	1	0:00:02.947435
3120	4	6	2	0	0:00:02.943196
3140	8	8	8	1	0:00:02.947076
3160	6	4	4	0	0:00:02.948709
3180	3	-1	8	0	0:00:02.942457
3200	5	7	7	0	0:00:02.940218
3220	3	3	3	1	0:00:02.946767
3240	4	-1	8	0	0:00:02.946554
3260	7	0	0	0	0:00:02.942784
3280	3	5	0	0	0:00:02.947839
3300	4	-1	4	0	0:00:02.947910
3320	2	7	7	0	0:00:02.948133
3340	6	6	4	1	0:00:02.945755
3360	4	6	4	0	0:00:02.939659
3380	8	8	8	1	0:00:02.939216
3400	6	4	4	0	0:00:02.938958
3420	5	-1	4	0	0:00:02.939730
3440	2	9	3	0	0:00:02.938015
3460	1	1	1	1	0:00:02.942013
3480	2	2	2	1	0:00:02.948034
3500	1	1	1	1	0:00:02.950259
3520	1	1	1	1	0:00:02.948429
3540	6	6	6	1	0:00:02.951664
3560	1	9	0	0	0:00:02.946880
3580	4	1	4	0	0:00:02.940823
3600	4	2	2	0	0:00:02.947173
3620	0	7	6	0	0:00:02.946265
3640	6	2	2	0	0:00:02.941773
3660	0	8	8	0	0:00:02.945449
3680	0	2	2	0	0:00:02.948258
3700	3	3	4	1	0:00:02.947104
3720	2	2	2	1	0:00:02.947129
3740	0	0	0	1	0:00:02.950952
3760	7	7	7	1	0:00:02.944863
3780	4	4	2	1	0:00:02.946782
3800	9	9	8	1	0:00:02.948303
3820	0	0	0	1	0:00:02.947246
3840	6	3	3	0	0:00:02.941746
3860	7	7	7	1	0:00:02.941929
3880	6	4	4	0	0:00:02.947540
3900	3	3	6	1	0:00:02.940086
3920	7	9	8	0	0:00:02.939237
3940	6	6	4	1	0:00:02.940886
3960	2	2	2	1	0:00:02.948230
3980	9	7	7	0	0:00:02.948296
4000	8	7	0	0	0:00:02.947147
4020	8	1	8	0	0:00:02.940544
4040	0	0	0	1	0:00:02.939083
4060	6	3	3	0	0:00:02.939581
4080	1	8	8	0	0:00:02.940052
4100	7	7	7	1	0:00:02.939824
4120	4	0	4	0	0:00:02.941637
4140	5	3	3	0	0:00:02.940280
4160	5	2	2	0	0:00:02.940665
4180	0	0	8	1	0:00:02.941761
4200	4	4	2	1	0:00:02.939332
4220	4	0	0	0	0:00:02.941971
4240	7	0	0	0	0:00:02.948662
4260	8	8	8	1	0:00:02.946228
4280	8	8	8	1	0:00:02.946550
4300	8	8	8	1	0:00:02.944880
4320	1	8	8	0	0:00:02.939779
4340	0	0	8	1	0:00:02.942512
4360	6	9	6	0	0:00:02.940012
4380	9	9	8	1	0:00:02.940411
4400	3	4	4	0	0:00:02.942415
4420	5	8	8	0	0:00:02.940515
4440	2	2	2	1	0:00:02.940925
4460	9	1	8	0	0:00:02.947570
4480	9	9	3	1	0:00:02.949286
4500	3	3	6	1	0:00:02.947941
4520	3	6	6	0	0:00:02.947618
4540	9	9	9	1	0:00:02.941653
4560	1	1	4	1	0:00:02.941356
4580	6	4	4	0	0:00:02.940205
4600	4	7	4	0	0:00:02.938263
4620	7	3	3	0	0:00:02.939757
4640	2	4	4	0	0:00:02.942725
4660	7	4	2	0	0:00:02.943137
4680	9	1	1	0	0:00:02.949529
4700	6	1	4	0	0:00:02.941528
4720	8	0	0	0	0:00:02.948500
4740	5	3	3	0	0:00:02.941459
4760	3	3	4	1	0:00:02.939621
4780	0	0	0	1	0:00:02.942668
4800	9	9	9	1	0:00:02.947821
4820	3	5	5	0	0:00:02.940352
4840	0	0	0	1	0:00:02.941817
4860	5	5	5	1	0:00:02.941378
4880	0	2	2	0	0:00:02.941143
4900	3	6	6	0	0:00:02.941129
4920	7	7	7	1	0:00:02.941870
4940	6	6	2	1	0:00:02.946074
4960	4	6	4	0	0:00:02.945757
4980	1	9	8	0	0:00:02.946158
5000	7	7	7	1	0:00:02.946005
5020	8	8	8	1	0:00:02.947864
5040	3	3	4	1	0:00:02.941767
5060	6	6	4	1	0:00:02.940307
5080	7	7	7	1	0:00:02.939247
5100	3	3	3	1	0:00:02.943322
5120	9	9	8	1	0:00:02.943034
5140	8	8	8	1	0:00:02.939410
5160	0	0	8	1	0:00:02.941606
5180	9	7	4	0	0:00:02.940485
5200	3	3	3	1	0:00:02.948402
5220	0	0	0	1	0:00:02.948439
5240	1	9	2	0	0:00:02.947041
5260	0	0	0	1	0:00:02.946892
5280	0	8	8	0	0:00:02.948399
5300	9	9	9	1	0:00:02.946998
5320	7	7	7	1	0:00:02.940941
5340	3	4	4	0	0:00:02.941623
5360	9	9	9	1	0:00:02.947556
5380	1	9	9	0	0:00:02.947878
5400	9	9	8	1	0:00:02.949382
5420	6	6	6	1	0:00:02.947126
5440	9	9	9	1	0:00:02.945864
5460	0	7	7	0	0:00:02.941381
5480	1	1	8	1	0:00:02.947386
5500	8	1	8	0	0:00:02.941590
5520	4	3	3	0	0:00:02.950821
5540	5	6	2	0	0:00:02.949112
5560	3	6	6	0	0:00:02.948098
5580	5	6	6	0	0:00:02.948158
5600	6	0	0	0	0:00:02.942312
5620	3	2	2	0	0:00:02.941908
5640	2	3	3	0	0:00:02.949343
5660	9	9	8	1	0:00:02.941384
5680	2	3	8	0	0:00:02.944081
5700	3	3	2	1	0:00:02.941000
5720	9	9	9	1	0:00:02.939947
5740	6	4	4	0	0:00:02.940364
5760	2	2	2	1	0:00:02.939973
5780	7	7	7	1	0:00:02.947053
5800	2	-1	2	0	0:00:02.945292
5820	5	6	3	0	0:00:02.952747
5840	2	2	6	1	0:00:02.944852
5860	0	8	8	0	0:00:02.945820
5880	0	0	0	1	0:00:02.940383
5900	4	4	4	1	0:00:02.942108
5920	8	8	8	1	0:00:02.945774
5940	7	4	4	0	0:00:02.941595
5960	2	4	4	0	0:00:02.940548
5980	9	9	9	1	0:00:02.948715
6000	8	9	8	0	0:00:02.947486
6020	6	6	6	1	0:00:02.949883
6040	2	7	7	0	0:00:02.939544
6060	3	4	4	0	0:00:02.940720
6080	1	9	6	0	0:00:02.947334
6100	1	1	8	1	0:00:02.947637
6120	5	5	5	1	0:00:02.941754
6140	9	9	9	1	0:00:02.942472
6160	2	5	5	0	0:00:02.941206
6180	0	9	8	0	0:00:02.947487
6200	3	3	3	1	0:00:02.946773
6220	2	6	4	0	0:00:02.946273
6240	2	2	4	1	0:00:02.941667
6260	2	9	4	0	0:00:02.946440
6280	8	5	4	0	0:00:02.948085
6300	1	7	4	0	0:00:02.940425
6320	0	0	0	1	0:00:02.949608
6340	3	3	3	1	0:00:02.947502
6360	2	2	2	1	0:00:02.939561
6380	3	6	6	0	0:00:02.939664
6400	0	1	4	0	0:00:02.941399
6420	7	7	8	1	0:00:02.940425
6440	3	9	8	0	0:00:02.940488
6460	3	1	4	0	0:00:02.940959
6480	0	0	0	1	0:00:02.943124
6500	7	0	8	0	0:00:02.940333
6520	6	4	4	0	0:00:02.948422
6540	8	8	8	1	0:00:02.947047
6560	6	6	4	1	0:00:02.941583
6580	1	-1	2	0	0:00:02.940281
6600	7	7	7	1	0:00:02.946766
6620	7	7	7	1	0:00:02.945969
6640	5	3	8	0	0:00:02.939882
6660	0	0	0	1	0:00:02.946523
6680	3	5	3	0	0:00:02.947949
6700	6	6	2	1	0:00:02.946514
6720	2	2	2	1	0:00:02.943566
6740	2	4	4	0	0:00:02.947953
6760	5	5	3	1	0:00:02.939558
6780	7	7	7	1	0:00:02.941508
6800	6	6	4	1	0:00:02.940545
6820	1	1	1	1	0:00:02.941411
6840	9	9	9	1	0:00:02.940538
6860	0	0	2	1	0:00:02.941308
6880	2	7	4	0	0:00:02.938391
6900	3	7	4	0	0:00:02.939045
6920	5	2	2	0	0:00:02.939885
6940	1	1	1	1	0:00:02.941746
6960	9	8	8	0	0:00:02.943649
6980	0	9	8	0	0:00:02.941608
7000	2	8	8	0	0:00:02.938845
7020	7	7	7	1	0:00:02.940590
7040	7	8	8	0	0:00:02.939680
7060	8	8	8	1	0:00:02.941452
7080	5	4	4	0	0:00:02.941649
7100	9	3	8	0	0:00:02.940423
7120	7	7	6	1	0:00:02.941512
7140	4	4	4	1	0:00:02.941015
7160	5	4	4	0	0:00:02.940524
7180	6	6	6	1	0:00:02.939818
7200	4	6	2	0	0:00:02.939986
7220	9	9	8	1	0:00:02.940900
7240	0	8	8	0	0:00:02.943175
7260	1	8	8	0	0:00:02.939867
7280	1	1	6	1	0:00:02.941173
7300	3	7	4	0	0:00:02.940102
7320	8	0	8	0	0:00:02.938970
7340	2	4	4	0	0:00:02.940188
7360	2	4	4	0	0:00:02.942091
7380	7	7	7	1	0:00:02.942344
7400	3	3	3	1	0:00:02.939903
7420	3	0	2	0	0:00:02.940496
7440	3	3	2	1	0:00:02.939623
7460	5	5	5	1	0:00:02.939864
7480	1	8	8	0	0:00:02.940498
7500	6	6	6	1	0:00:02.939885
7520	4	4	4	1	0:00:02.940832
7540	5	5	5	1	0:00:02.941641
7560	0	9	4	0	0:00:02.942414
7580	8	8	8	1	0:00:02.940292
7600	8	9	8	0	0:00:02.940321
7620	5	3	3	0	0:00:02.944251
7640	9	9	6	1	0:00:02.938225
7660	7	7	4	1	0:00:02.940293
7680	3	9	3	0	0:00:02.939435
7700	6	6	6	1	0:00:02.938891
7720	5	5	2	1	0:00:02.939289
7740	4	4	2	1	0:00:02.940955
7760	2	9	6	0	0:00:02.940047
7780	3	1	8	0	0:00:02.940440
7800	0	0	0	1	0:00:02.943937
7820	5	8	8	0	0:00:02.939451
7840	1	1	1	1	0:00:02.941504
7860	8	1	4	0	0:00:02.940758
7880	0	0	0	1	0:00:02.941739
7900	0	8	8	0	0:00:02.940696
7920	9	8	8	0	0:00:02.940437
7940	2	6	4	0	0:00:02.941439
7960	0	0	0	1	0:00:02.944271
7980	3	3	4	1	0:00:02.943437
8000	9	9	9	1	0:00:02.939841
8020	6	3	3	0	0:00:02.940482
8040	2	2	2	1	0:00:02.941078
8060	6	6	4	1	0:00:02.940120
8080	4	6	2	0	0:00:02.942593
8100	6	2	2	0	0:00:02.939594
8120	8	9	8	0	0:00:02.940777
8140	5	4	4	0	0:00:02.941583
8160	6	6	6	1	0:00:02.940372
8180	4	4	4	1	0:00:02.941155
8200	3	6	2	0	0:00:02.940266
8220	6	6	2	1	0:00:02.940181
8240	7	7	7	1	0:00:02.942688
8260	1	1	3	1	0:00:02.940936
8280	4	5	3	0	0:00:02.939182
8300	5	2	2	0	0:00:02.939442
8320	7	4	4	0	0:00:02.945673
8340	5	3	3	0	0:00:02.940329
8360	7	7	4	1	0:00:02.945131
8380	9	9	8	1	0:00:02.943911
8400	0	-1	8	0	0:00:02.939460
8420	3	6	4	0	0:00:02.940156
8440	5	3	4	0	0:00:02.940702
8460	8	8	8	1	0:00:02.939833
8480	2	2	4	1	0:00:02.941411
8500	4	4	4	1	0:00:02.945045
8520	8	1	4	0	0:00:02.941956
8540	4	4	2	1	0:00:02.941538
8560	7	7	4	1	0:00:02.940888
8580	3	0	2	0	0:00:02.940279
8600	3	3	4	1	0:00:02.940660
8620	3	-1	4	0	0:00:02.940565
8640	1	1	1	1	0:00:02.939861
8660	7	7	7	1	0:00:02.940309
8680	3	9	8	0	0:00:02.941845
8700	3	3	3	1	0:00:02.942085
8720	2	0	0	0	0:00:02.942155
8740	2	2	4	1	0:00:02.941264
8760	8	8	8	1	0:00:02.942779
8780	4	4	4	1	0:00:02.941581
8800	0	0	0	1	0:00:02.943404
8820	2	2	2	1	0:00:02.941630
8840	2	1	7	0	0:00:02.940183
8860	2	2	2	1	0:00:02.942556
8880	1	1	1	1	0:00:02.941097
8900	2	4	4	0	0:00:02.940808
8920	6	6	6	1	0:00:02.941603
8940	6	3	3	0	0:00:02.940301
8960	0	0	0	1	0:00:02.939214
8980	9	9	9	1	0:00:02.940285
9000	8	8	8	1	0:00:02.940449
9020	7	9	8	0	0:00:02.942385
9040	2	5	5	0	0:00:02.940788
9060	9	5	5	0	0:00:02.940356
9080	3	3	3	1	0:00:02.939982
9100	9	6	6	0	0:00:02.939092
9120	3	3	3	1	0:00:02.940821
9140	7	-1	4	0	0:00:02.939063
9160	5	5	5	1	0:00:02.940540
9180	5	5	5	1	0:00:02.942442
9200	8	8	8	1	0:00:02.942559
9220	8	8	8	1	0:00:02.943478
9240	8	8	8	1	0:00:02.939254
9260	5	5	5	1	0:00:02.941054
9280	9	1	8	0	0:00:02.941237
9300	5	3	2	0	0:00:02.939743
9320	9	9	8	1	0:00:02.949023
9340	1	1	1	1	0:00:02.939328
9360	5	6	6	0	0:00:02.940857
9380	5	3	3	0	0:00:02.939933
9400	6	6	4	1	0:00:02.940357
9420	5	5	6	1	0:00:02.939788
9440	8	8	8	1	0:00:02.939899
9460	3	7	6	0	0:00:02.939435
9480	2	4	4	0	0:00:02.939831
9500	9	-1	6	0	0:00:02.940262
9520	1	1	1	1	0:00:02.941068
9540	5	5	4	1	0:00:02.940872
9560	9	7	7	0	0:00:02.939759
9580	1	4	4	0	0:00:02.941117
9600	8	8	8	1	0:00:02.942549
9620	4	7	4	0	0:00:02.940323
9640	5	0	6	0	0:00:02.940546
9660	6	6	6	1	0:00:02.939690
9680	8	8	8	1	0:00:02.941024
9700	0	0	0	1	0:00:02.939729
9720	8	-1	8	0	0:00:02.939797
9740	3	6	4	0	0:00:02.939156
9760	9	9	4	1	0:00:02.939977
9780	4	6	4	0	0:00:02.939368
9800	1	1	1	1	0:00:02.939549
9820	0	8	8	0	0:00:02.939889
9840	4	5	5	0	0:00:02.940086
9860	0	5	8	0	0:00:02.939400
9880	7	7	4	1	0:00:02.939337
9900	8	0	8	0	0:00:02.939387
9920	6	6	2	1	0:00:02.940392
9940	4	7	6	0	0:00:02.943580
9960	2	0	0	0	0:00:02.942504
9980	0	0	0	1	0:00:02.946880
