idx	label	predict	basePredict	correct	time
0	3	-1	4	0	0:00:01.203220
20	7	9	9	0	0:00:01.085238
40	4	8	8	0	0:00:01.118027
60	7	2	2	0	0:00:01.116163
80	8	8	8	1	0:00:01.114290
100	4	5	5	0	0:00:01.099428
120	8	8	8	1	0:00:01.099183
140	6	2	2	0	0:00:01.115434
160	2	0	0	0	0:00:01.107151
180	0	0	0	1	0:00:01.105147
200	5	3	3	0	0:00:01.112722
220	7	7	7	1	0:00:01.104752
240	1	1	6	1	0:00:01.117097
260	8	5	5	0	0:00:01.121080
280	9	9	8	1	0:00:01.103755
300	6	-1	4	0	0:00:01.104707
320	3	-1	2	0	0:00:01.130358
340	2	-1	4	0	0:00:01.110041
360	9	6	6	0	0:00:01.113302
380	6	-1	8	0	0:00:01.126175
400	9	9	9	1	0:00:01.105816
420	4	6	6	0	0:00:01.108475
440	1	-1	2	0	0:00:01.107957
460	5	-1	4	0	0:00:01.118354
480	8	9	9	0	0:00:01.090201
500	4	-1	2	0	0:00:01.121785
520	5	-1	8	0	0:00:01.123514
540	1	8	8	0	0:00:01.105459
560	0	-1	8	0	0:00:01.120827
580	4	6	6	0	0:00:01.114675
600	8	-1	0	0	0:00:01.125575
620	7	-1	2	0	0:00:01.089556
640	5	6	6	0	0:00:01.098221
660	9	9	9	1	0:00:01.092251
680	9	-1	9	0	0:00:01.105171
700	7	7	2	1	0:00:01.119574
720	4	9	9	0	0:00:01.111543
740	2	5	5	0	0:00:01.099338
760	3	9	9	0	0:00:01.077120
780	9	-1	0	0	0:00:01.033544
800	7	7	7	1	0:00:01.043710
820	6	9	9	0	0:00:01.052165
840	7	7	7	1	0:00:01.051011
860	4	-1	6	0	0:00:01.044457
880	8	8	8	1	0:00:01.062748
900	2	6	6	0	0:00:01.064322
920	6	2	2	0	0:00:01.014322
940	9	6	4	0	0:00:01.032820
960	9	-1	4	0	0:00:01.037371
980	2	6	6	0	0:00:01.021688
1000	5	5	5	1	0:00:00.944625
1020	1	8	8	0	0:00:00.961754
1040	7	5	5	0	0:00:00.949768
1060	9	-1	8	0	0:00:00.972777
1080	6	6	6	1	0:00:00.972183
1100	7	8	8	0	0:00:00.989103
1120	5	8	8	0	0:00:01.009945
1140	6	4	4	0	0:00:00.994854
1160	8	0	0	0	0:00:00.986074
1180	3	9	9	0	0:00:00.999300
1200	8	0	0	0	0:00:01.005659
1220	9	-1	2	0	0:00:01.011044
1240	2	6	6	0	0:00:01.007214
1260	1	9	9	0	0:00:01.000129
1280	3	7	7	0	0:00:01.010449
1300	4	6	6	0	0:00:01.007857
1320	7	-1	0	0	0:00:01.018077
1340	1	1	1	1	0:00:00.990501
1360	7	-1	2	0	0:00:00.988827
1380	4	5	8	0	0:00:00.994183
1400	5	-1	2	0	0:00:00.999912
1420	4	7	7	0	0:00:01.000455
1440	0	-1	8	0	0:00:00.989000
1460	6	-1	4	0	0:00:01.037971
1480	1	5	5	0	0:00:01.004031
1500	1	9	8	0	0:00:00.992263
1520	7	6	4	0	0:00:01.003907
1540	8	8	8	1	0:00:01.039356
1560	7	7	7	1	0:00:01.005358
1580	6	-1	9	0	0:00:01.002038
1600	8	-1	4	0	0:00:01.003826
1620	5	8	8	0	0:00:00.994436
1640	7	5	5	0	0:00:01.009311
1660	3	-1	4	0	0:00:01.007021
1680	6	6	6	1	0:00:01.015600
1700	5	-1	0	0	0:00:01.009829
1720	4	0	0	0	0:00:01.016952
1740	1	-1	0	0	0:00:01.003754
1760	0	8	8	0	0:00:00.949825
1780	7	8	8	0	0:00:00.968491
1800	4	8	8	0	0:00:00.941296
1820	8	9	9	0	0:00:00.969453
1840	8	7	7	0	0:00:00.987366
1860	8	-1	8	0	0:00:00.978068
1880	1	-1	4	0	0:00:00.994446
1900	8	8	8	1	0:00:00.975271
1920	2	7	2	0	0:00:00.994150
1940	5	2	2	0	0:00:00.972692
1960	2	5	5	0	0:00:01.007424
1980	9	9	2	1	0:00:00.969217
2000	1	6	6	0	0:00:00.968817
2020	9	9	9	1	0:00:00.978835
2040	0	8	8	0	0:00:00.991512
2060	5	5	5	1	0:00:00.993813
2080	1	-1	2	0	0:00:00.993426
2100	2	4	4	0	0:00:01.005409
2120	4	8	8	0	0:00:01.008336
2140	9	9	1	1	0:00:01.007658
2160	0	8	8	0	0:00:00.995637
2180	4	6	6	0	0:00:01.015083
2200	0	0	0	1	0:00:00.986772
2220	1	-1	4	0	0:00:01.014025
2240	9	9	9	1	0:00:01.007056
2260	4	-1	4	0	0:00:01.016967
2280	4	8	8	0	0:00:00.988389
2300	3	6	4	0	0:00:01.006217
2320	5	8	8	0	0:00:01.011024
2340	7	7	7	1	0:00:01.007885
2360	7	-1	0	0	0:00:00.992140
2380	8	8	8	1	0:00:01.006850
2400	0	0	0	1	0:00:01.018998
2420	8	5	5	0	0:00:00.990246
2440	7	-1	8	0	0:00:00.997543
2460	9	-1	6	0	0:00:00.996002
2480	8	8	8	1	0:00:01.004337
2500	4	-1	2	0	0:00:00.994957
2520	1	8	8	0	0:00:00.997527
2540	2	3	3	0	0:00:00.997710
2560	7	-1	0	0	0:00:01.001442
2580	6	4	4	0	0:00:01.004598
2600	8	8	8	1	0:00:01.033013
2620	1	-1	4	0	0:00:01.002117
2640	7	7	2	1	0:00:01.001557
2660	3	0	0	0	0:00:01.024255
2680	0	0	0	1	0:00:00.976656
2700	9	0	0	0	0:00:00.977226
2720	3	8	8	0	0:00:00.990058
2740	1	1	6	1	0:00:01.005506
2760	2	6	6	0	0:00:01.002039
2780	7	-1	6	0	0:00:01.009449
2800	4	6	6	0	0:00:01.008133
2820	6	6	6	1	0:00:00.990809
2840	3	3	3	1	0:00:00.994415
2860	5	7	7	0	0:00:01.006011
2880	4	4	4	1	0:00:01.008728
2900	3	5	4	0	0:00:00.997747
2920	2	8	8	0	0:00:00.999339
2940	3	8	8	0	0:00:01.000078
2960	9	7	7	0	0:00:00.991697
2980	8	1	4	0	0:00:01.011015
3000	5	5	5	1	0:00:01.002172
3020	1	1	4	1	0:00:01.015431
3040	7	7	7	1	0:00:01.014006
3060	7	7	7	1	0:00:00.999224
3080	1	2	2	0	0:00:01.015704
3100	0	0	0	1	0:00:00.984138
3120	4	6	4	0	0:00:00.993869
3140	8	-1	8	0	0:00:01.012299
3160	6	4	4	0	0:00:00.996556
3180	3	8	8	0	0:00:01.012479
3200	5	-1	6	0	0:00:00.993652
3220	3	-1	7	0	0:00:01.015534
3240	4	-1	0	0	0:00:00.995970
3260	7	0	0	0	0:00:00.985242
3280	3	0	0	0	0:00:01.009288
3300	4	-1	2	0	0:00:00.968068
3320	2	-1	7	0	0:00:01.000589
3340	6	4	4	0	0:00:01.007279
3360	4	6	6	0	0:00:01.000319
3380	8	-1	8	0	0:00:01.024040
3400	6	4	4	0	0:00:01.029732
3420	5	6	6	0	0:00:01.022316
3440	2	9	9	0	0:00:01.037462
3460	1	-1	4	0	0:00:01.024743
3480	2	2	2	1	0:00:01.029469
3500	1	4	4	0	0:00:00.989877
3520	1	1	1	1	0:00:00.993875
3540	6	8	8	0	0:00:01.032497
3560	1	-1	8	0	0:00:00.994434
3580	4	1	8	0	0:00:00.990337
3600	4	2	2	0	0:00:00.996802
3620	0	7	7	0	0:00:01.015774
3640	6	-1	0	0	0:00:01.007327
3660	0	8	8	0	0:00:00.991831
3680	0	-1	2	0	0:00:01.024774
3700	3	-1	4	0	0:00:01.017975
3720	2	-1	0	0	0:00:00.985806
3740	0	-1	8	0	0:00:00.996439
3760	7	7	7	1	0:00:01.019337
3780	4	2	2	0	0:00:01.011756
3800	9	-1	0	0	0:00:01.011631
3820	0	-1	0	0	0:00:00.997740
3840	6	-1	5	0	0:00:01.007647
3860	7	7	7	1	0:00:01.028846
3880	6	-1	4	0	0:00:01.036838
3900	3	0	0	0	0:00:01.017021
3920	7	-1	8	0	0:00:00.970261
3940	6	-1	4	0	0:00:00.997775
3960	2	5	5	0	0:00:00.991527
3980	9	7	7	0	0:00:00.995984
4000	8	7	4	0	0:00:01.022707
4020	8	-1	8	0	0:00:00.988008
4040	0	-1	0	0	0:00:01.003151
4060	6	0	0	0	0:00:01.005117
4080	1	8	8	0	0:00:00.986122
4100	7	7	7	1	0:00:00.980262
4120	4	0	0	0	0:00:01.014568
4140	5	2	2	0	0:00:00.990007
4160	5	2	2	0	0:00:00.995375
4180	0	-1	8	0	0:00:00.998204
4200	4	2	2	0	0:00:01.011298
4220	4	0	0	0	0:00:01.027129
4240	7	8	8	0	0:00:01.020188
4260	8	-1	9	0	0:00:01.011678
4280	8	8	8	1	0:00:01.008399
4300	8	-1	8	0	0:00:00.993140
4320	1	8	8	0	0:00:01.009308
4340	0	-1	0	0	0:00:00.998775
4360	6	9	9	0	0:00:00.960001
4380	9	9	8	1	0:00:00.977277
4400	3	8	8	0	0:00:00.983886
4420	5	8	8	0	0:00:00.994370
4440	2	6	6	0	0:00:00.989429
4460	9	8	8	0	0:00:00.987236
4480	9	6	6	0	0:00:01.003721
4500	3	7	7	0	0:00:00.982563
4520	3	6	6	0	0:00:00.992225
4540	9	9	9	1	0:00:01.005166
4560	1	-1	4	0	0:00:00.992162
4580	6	-1	4	0	0:00:01.012173
4600	4	7	7	0	0:00:01.004158
4620	7	3	3	0	0:00:01.013939
4640	2	5	5	0	0:00:01.018336
4660	7	2	2	0	0:00:01.009515
4680	9	1	1	0	0:00:01.004837
4700	6	1	4	0	0:00:01.002704
4720	8	0	0	0	0:00:00.991361
4740	5	6	6	0	0:00:01.018907
4760	3	-1	8	0	0:00:01.020338
4780	0	-1	8	0	0:00:01.005538
4800	9	9	9	1	0:00:01.005668
4820	3	5	6	0	0:00:01.018278
4840	0	0	0	1	0:00:01.013533
4860	5	5	5	1	0:00:01.009624
4880	0	2	2	0	0:00:00.995441
4900	3	6	6	0	0:00:01.008069
4920	7	0	0	0	0:00:00.992888
4940	6	2	2	0	0:00:00.986675
4960	4	6	6	0	0:00:00.988513
4980	1	9	8	0	0:00:00.996918
5000	7	7	7	1	0:00:00.997800
5020	8	8	8	1	0:00:01.012986
5040	3	7	4	0	0:00:01.010080
5060	6	6	4	1	0:00:01.016598
5080	7	7	7	1	0:00:01.010282
5100	3	4	4	0	0:00:01.024248
5120	9	8	8	0	0:00:01.007692
5140	8	-1	8	0	0:00:00.994005
5160	0	8	8	0	0:00:00.996565
5180	9	6	4	0	0:00:00.998180
5200	3	3	3	1	0:00:01.006815
5220	0	0	0	1	0:00:01.007027
5240	1	-1	2	0	0:00:01.006298
5260	0	0	0	1	0:00:01.012362
5280	0	-1	8	0	0:00:01.010164
5300	9	-1	6	0	0:00:01.007820
5320	7	7	7	1	0:00:01.028674
5340	3	-1	8	0	0:00:00.997358
5360	9	9	9	1	0:00:01.002806
5380	1	9	9	0	0:00:01.000392
5400	9	0	0	0	0:00:01.009643
5420	6	7	7	0	0:00:01.008340
5440	9	9	8	1	0:00:01.007811
5460	0	6	6	0	0:00:01.022940
5480	1	8	8	0	0:00:01.008969
5500	8	1	8	0	0:00:01.005594
5520	4	5	5	0	0:00:01.005642
5540	5	2	2	0	0:00:01.023584
5560	3	6	4	0	0:00:01.000370
5580	5	6	6	0	0:00:01.001880
5600	6	8	8	0	0:00:00.998549
5620	3	-1	2	0	0:00:01.000998
5640	2	3	3	0	0:00:00.992394
5660	9	-1	8	0	0:00:01.004860
5680	2	-1	8	0	0:00:00.996191
5700	3	-1	2	0	0:00:01.000973
5720	9	9	9	1	0:00:01.000845
5740	6	4	4	0	0:00:01.015420
5760	2	-1	8	0	0:00:01.005534
5780	7	-1	7	0	0:00:01.016443
5800	2	6	4	0	0:00:01.034367
5820	5	6	6	0	0:00:01.010882
5840	2	6	6	0	0:00:01.002642
5860	0	8	8	0	0:00:01.001632
5880	0	-1	8	0	0:00:01.002032
5900	4	-1	0	0	0:00:01.000791
5920	8	8	8	1	0:00:01.002310
5940	7	4	4	0	0:00:01.010576
5960	2	7	7	0	0:00:01.008770
5980	9	9	8	1	0:00:00.999632
6000	8	9	8	0	0:00:01.003970
6020	6	-1	4	0	0:00:00.993812
6040	2	7	7	0	0:00:00.994075
6060	3	4	4	0	0:00:01.005053
6080	1	-1	2	0	0:00:01.005374
6100	1	-1	8	0	0:00:01.011455
6120	5	5	5	1	0:00:01.008155
6140	9	-1	7	0	0:00:01.003103
6160	2	5	5	0	0:00:01.022540
6180	0	-1	8	0	0:00:00.998562
6200	3	-1	0	0	0:00:01.007741
6220	2	6	6	0	0:00:00.999534
6240	2	-1	4	0	0:00:00.999610
6260	2	9	7	0	0:00:01.049884
6280	8	5	4	0	0:00:00.997090
6300	1	-1	2	0	0:00:00.998589
6320	0	0	0	1	0:00:00.987774
6340	3	8	8	0	0:00:00.984549
6360	2	2	2	1	0:00:00.994668
6380	3	1	6	0	0:00:00.988929
6400	0	1	4	0	0:00:01.007421
6420	7	-1	8	0	0:00:01.000978
6440	3	8	8	0	0:00:00.993396
6460	3	1	1	0	0:00:00.996961
6480	0	-1	0	0	0:00:00.995967
6500	7	0	0	0	0:00:00.982288
6520	6	-1	2	0	0:00:00.991893
6540	8	8	8	1	0:00:00.977661
6560	6	6	4	1	0:00:00.984311
6580	1	-1	2	0	0:00:01.003384
6600	7	7	7	1	0:00:00.967530
6620	7	-1	4	0	0:00:00.972752
6640	5	3	8	0	0:00:00.968478
6660	0	8	8	0	0:00:00.961112
6680	3	5	3	0	0:00:00.972714
6700	6	6	4	1	0:00:00.956734
6720	2	2	2	1	0:00:00.962599
6740	2	6	6	0	0:00:00.969058
6760	5	-1	0	0	0:00:00.985544
6780	7	7	7	1	0:00:00.994847
6800	6	6	6	1	0:00:00.997060
6820	1	1	8	1	0:00:00.991157
6840	9	-1	6	0	0:00:00.997658
6860	0	0	0	1	0:00:00.980490
6880	2	-1	6	0	0:00:00.995662
6900	3	7	7	0	0:00:00.992032
6920	5	2	2	0	0:00:00.965077
6940	1	1	1	1	0:00:00.978934
6960	9	8	8	0	0:00:00.978163
6980	0	9	9	0	0:00:00.983003
7000	2	8	8	0	0:00:01.000308
7020	7	1	4	0	0:00:01.001695
7040	7	8	8	0	0:00:00.994199
7060	8	-1	8	0	0:00:01.009261
7080	5	0	0	0	0:00:00.994712
7100	9	8	8	0	0:00:00.997951
7120	7	-1	5	0	0:00:00.992999
7140	4	4	4	1	0:00:00.997020
7160	5	-1	2	0	0:00:00.991147
7180	6	6	6	1	0:00:01.008907
7200	4	-1	2	0	0:00:01.006981
7220	9	-1	8	0	0:00:00.997065
7240	0	8	8	0	0:00:01.004916
7260	1	8	8	0	0:00:00.988233
7280	1	6	4	0	0:00:00.984305
7300	3	-1	8	0	0:00:00.981493
7320	8	0	0	0	0:00:00.991509
7340	2	-1	0	0	0:00:00.989746
7360	2	-1	4	0	0:00:00.976940
7380	7	-1	7	0	0:00:00.990618
7400	3	9	3	0	0:00:00.987098
7420	3	0	0	0	0:00:00.990572
7440	3	6	4	0	0:00:00.966425
7460	5	5	5	1	0:00:00.944689
7480	1	5	5	0	0:00:00.929232
7500	6	6	6	1	0:00:00.964250
7520	4	6	4	0	0:00:00.933439
7540	5	5	5	1	0:00:00.948223
7560	0	2	2	0	0:00:00.955201
7580	8	-1	8	0	0:00:00.974687
7600	8	9	7	0	0:00:00.976081
7620	5	-1	4	0	0:00:00.974612
7640	9	-1	8	0	0:00:00.977592
7660	7	9	4	0	0:00:00.992153
7680	3	9	9	0	0:00:00.999233
7700	6	6	6	1	0:00:00.989105
7720	5	6	4	0	0:00:00.996678
7740	4	-1	2	0	0:00:00.989853
7760	2	9	8	0	0:00:00.996443
7780	3	8	8	0	0:00:00.985098
7800	0	0	0	1	0:00:00.985811
7820	5	8	8	0	0:00:00.993810
7840	1	1	1	1	0:00:00.990516
7860	8	4	4	0	0:00:01.001690
7880	0	8	8	0	0:00:00.961924
7900	0	-1	8	0	0:00:00.994532
7920	9	-1	8	0	0:00:00.992920
7940	2	6	6	0	0:00:00.965410
7960	0	0	0	1	0:00:00.986560
7980	3	7	4	0	0:00:00.990908
8000	9	0	0	0	0:00:00.986939
8020	6	6	4	1	0:00:00.965838
8040	2	6	6	0	0:00:00.981575
8060	6	4	4	0	0:00:01.003670
8080	4	-1	4	0	0:00:00.996857
8100	6	2	2	0	0:00:00.992614
8120	8	9	8	0	0:00:01.006661
8140	5	-1	6	0	0:00:00.992584
8160	6	9	8	0	0:00:00.965206
8180	4	6	4	0	0:00:00.983817
8200	3	-1	4	0	0:00:00.995583
8220	6	-1	2	0	0:00:00.949722
8240	7	7	7	1	0:00:00.972461
8260	1	-1	3	0	0:00:00.992397
8280	4	-1	2	0	0:00:00.986419
8300	5	2	2	0	0:00:00.975031
8320	7	-1	4	0	0:00:00.995370
8340	5	-1	4	0	0:00:00.966537
8360	7	-1	4	0	0:00:01.011398
8380	9	8	8	0	0:00:00.977381
8400	0	8	8	0	0:00:00.984373
8420	3	-1	2	0	0:00:00.984466
8440	5	9	4	0	0:00:00.980540
8460	8	8	8	1	0:00:00.988943
8480	2	-1	8	0	0:00:00.982869
8500	4	2	2	0	0:00:00.997749
8520	8	-1	4	0	0:00:01.001386
8540	4	-1	2	0	0:00:00.972984
8560	7	7	6	1	0:00:00.968974
8580	3	0	0	0	0:00:01.002197
8600	3	7	7	0	0:00:00.984434
8620	3	-1	4	0	0:00:01.002130
8640	1	1	4	1	0:00:01.001258
8660	7	5	5	0	0:00:00.979511
8680	3	-1	0	0	0:00:00.988715
8700	3	-1	3	0	0:00:01.013015
8720	2	0	0	0	0:00:00.999277
8740	2	-1	4	0	0:00:01.004310
8760	8	-1	5	0	0:00:00.992867
8780	4	-1	4	0	0:00:01.011570
8800	0	0	0	1	0:00:00.988914
8820	2	-1	2	0	0:00:00.993750
8840	2	1	1	0	0:00:01.007609
8860	2	0	8	0	0:00:00.982410
8880	1	6	4	0	0:00:00.998950
8900	2	-1	4	0	0:00:00.986382
8920	6	6	4	1	0:00:00.988281
8940	6	3	3	0	0:00:01.020148
8960	0	0	0	1	0:00:01.017195
8980	9	9	8	1	0:00:01.016054
9000	8	8	8	1	0:00:01.012494
9020	7	9	8	0	0:00:01.007101
9040	2	5	5	0	0:00:01.001661
9060	9	5	5	0	0:00:01.006014
9080	3	0	0	0	0:00:00.998137
9100	9	6	6	0	0:00:01.013126
9120	3	0	0	0	0:00:01.001928
9140	7	8	8	0	0:00:01.006984
9160	5	5	4	1	0:00:01.012120
9180	5	5	5	1	0:00:01.012099
9200	8	8	8	1	0:00:01.008159
9220	8	8	8	1	0:00:01.008456
9240	8	8	8	1	0:00:01.007185
9260	5	-1	4	0	0:00:00.990931
9280	9	0	8	0	0:00:01.003744
9300	5	-1	2	0	0:00:01.008028
9320	9	-1	8	0	0:00:01.001369
9340	1	1	1	1	0:00:01.013955
9360	5	0	0	0	0:00:01.020566
9380	5	-1	5	0	0:00:01.007867
9400	6	2	2	0	0:00:01.008771
9420	5	-1	6	0	0:00:01.011656
9440	8	8	8	1	0:00:00.998716
9460	3	-1	4	0	0:00:01.000119
9480	2	4	4	0	0:00:01.015085
9500	9	-1	6	0	0:00:01.015252
9520	1	9	9	0	0:00:01.015416
9540	5	5	4	1	0:00:01.000645
9560	9	7	7	0	0:00:01.024736
9580	1	4	4	0	0:00:01.012539
9600	8	8	8	1	0:00:01.016127
9620	4	-1	0	0	0:00:01.010152
9640	5	-1	6	0	0:00:01.005779
9660	6	6	6	1	0:00:01.016992
9680	8	9	8	0	0:00:01.010421
9700	0	0	0	1	0:00:00.989965
9720	8	6	2	0	0:00:00.999563
9740	3	-1	4	0	0:00:01.002590
9760	9	9	4	1	0:00:01.035977
9780	4	6	6	0	0:00:01.004052
9800	1	1	9	1	0:00:00.994955
9820	0	9	8	0	0:00:01.001049
9840	4	-1	3	0	0:00:00.996534
9860	0	2	2	0	0:00:00.998175
9880	7	-1	4	0	0:00:01.025091
9900	8	0	0	0	0:00:01.002877
9920	6	6	2	1	0:00:01.002780
9940	4	-1	7	0	0:00:01.003934
9960	2	0	0	0	0:00:01.004235
9980	0	0	0	1	0:00:01.022571
