idx	label	predict	basePredict	correct	time
0	3	-1	4	0	0:00:03.213605
20	7	9	9	0	0:00:03.036075
40	4	8	8	0	0:00:03.032900
60	7	7	4	1	0:00:03.031951
80	8	8	8	1	0:00:03.030865
100	4	5	5	0	0:00:03.027752
120	8	8	8	1	0:00:03.042481
140	6	2	2	0	0:00:03.023756
160	2	2	2	1	0:00:03.031578
180	0	0	0	1	0:00:03.020253
200	5	3	3	0	0:00:03.020134
220	7	7	7	1	0:00:03.029406
240	1	1	1	1	0:00:03.023760
260	8	5	5	0	0:00:03.030832
280	9	9	9	1	0:00:03.052666
300	6	6	4	1	0:00:03.038702
320	3	5	2	0	0:00:03.027280
340	2	4	4	0	0:00:03.017503
360	9	6	6	0	0:00:03.020134
380	6	6	4	1	0:00:03.031537
400	9	1	1	0	0:00:03.053389
420	4	6	6	0	0:00:03.032117
440	1	1	1	1	0:00:03.036401
460	5	5	5	1	0:00:03.050592
480	8	9	9	0	0:00:03.034250
500	4	6	6	0	0:00:03.018537
520	5	7	7	0	0:00:03.026077
540	1	8	8	0	0:00:03.027015
560	0	0	0	1	0:00:03.025496
580	4	6	6	0	0:00:03.081406
600	8	8	8	1	0:00:03.018578
620	7	6	6	0	0:00:03.029610
640	5	3	3	0	0:00:03.022488
660	9	9	9	1	0:00:03.019801
680	9	-1	1	0	0:00:03.023389
700	7	7	7	1	0:00:03.033104
720	4	9	9	0	0:00:03.035202
740	2	5	5	0	0:00:03.057936
760	3	9	9	0	0:00:03.023115
780	9	9	8	1	0:00:03.027675
800	7	7	7	1	0:00:03.031820
820	6	9	9	0	0:00:03.038166
840	7	7	7	1	0:00:03.027531
860	4	6	6	0	0:00:03.039569
880	8	8	8	1	0:00:03.035288
900	2	6	6	0	0:00:03.029720
920	6	2	2	0	0:00:03.055188
940	9	1	1	0	0:00:03.037998
960	9	9	8	1	0:00:03.066944
980	2	6	6	0	0:00:03.045344
1000	5	5	5	1	0:00:02.950605
1020	1	1	1	1	0:00:02.947646
1040	7	5	5	0	0:00:02.948189
1060	9	9	9	1	0:00:02.943158
1080	6	6	6	1	0:00:02.953532
1100	7	8	8	0	0:00:02.952061
1120	5	2	2	0	0:00:02.946230
1140	6	6	6	1	0:00:02.943547
1160	8	0	0	0	0:00:02.951157
1180	3	9	9	0	0:00:02.940708
1200	8	0	0	0	0:00:02.948199
1220	9	7	2	0	0:00:02.944145
1240	2	6	6	0	0:00:02.947228
1260	1	9	9	0	0:00:02.946359
1280	3	7	7	0	0:00:02.946530
1300	4	6	6	0	0:00:02.945408
1320	7	7	2	1	0:00:02.957484
1340	1	1	1	1	0:00:02.947013
1360	7	5	2	0	0:00:02.944894
1380	4	5	5	0	0:00:02.950600
1400	5	6	2	0	0:00:02.946331
1420	4	7	7	0	0:00:02.946911
1440	0	8	0	0	0:00:02.954265
1460	6	6	6	1	0:00:02.947208
1480	1	5	5	0	0:00:02.948330
1500	1	9	9	0	0:00:02.947177
1520	7	6	6	0	0:00:02.967928
1540	8	8	8	1	0:00:02.941760
1560	7	7	7	1	0:00:02.945927
1580	6	1	1	0	0:00:02.948045
1600	8	-1	6	0	0:00:02.939135
1620	5	8	8	0	0:00:02.932928
1640	7	5	5	0	0:00:02.938840
1660	3	5	5	0	0:00:02.947302
1680	6	6	6	1	0:00:02.938435
1700	5	2	2	0	0:00:02.940562
1720	4	0	0	0	0:00:02.947318
1740	1	9	9	0	0:00:02.941148
1760	0	8	8	0	0:00:02.944651
1780	7	8	8	0	0:00:02.937204
1800	4	8	8	0	0:00:02.943590
1820	8	1	1	0	0:00:02.943885
1840	8	7	7	0	0:00:02.948305
1860	8	8	8	1	0:00:02.940932
1880	1	1	1	1	0:00:02.937541
1900	8	8	8	1	0:00:02.937374
1920	2	2	2	1	0:00:02.930127
1940	5	2	2	0	0:00:02.937814
1960	2	5	5	0	0:00:02.935336
1980	9	9	9	1	0:00:02.933857
2000	1	6	6	0	0:00:02.935017
2020	9	9	9	1	0:00:02.936728
2040	0	8	8	0	0:00:02.935750
2060	5	5	5	1	0:00:02.931810
2080	1	1	1	1	0:00:02.946667
2100	2	4	4	0	0:00:02.940485
2120	4	8	8	0	0:00:02.939339
2140	9	-1	1	0	0:00:02.948072
2160	0	8	8	0	0:00:02.938979
2180	4	6	6	0	0:00:02.945223
2200	0	0	0	1	0:00:02.937784
2220	1	1	1	1	0:00:02.938853
2240	9	9	9	1	0:00:02.943723
2260	4	6	4	0	0:00:02.936947
2280	4	8	8	0	0:00:02.936871
2300	3	6	6	0	0:00:02.942532
2320	5	-1	0	0	0:00:02.950610
2340	7	7	7	1	0:00:02.935769
2360	7	7	7	1	0:00:02.945343
2380	8	8	8	1	0:00:02.951662
2400	0	4	4	0	0:00:02.945556
2420	8	5	5	0	0:00:02.943756
2440	7	1	8	0	0:00:02.941788
2460	9	9	6	1	0:00:02.948097
2480	8	8	8	1	0:00:02.941259
2500	4	6	4	0	0:00:02.945620
2520	1	8	8	0	0:00:02.943880
2540	2	3	3	0	0:00:02.946688
2560	7	6	2	0	0:00:02.944216
2580	6	-1	4	0	0:00:02.948596
2600	8	8	8	1	0:00:02.949179
2620	1	6	4	0	0:00:02.941046
2640	7	7	7	1	0:00:02.943500
2660	3	0	0	0	0:00:02.939030
2680	0	0	0	1	0:00:02.946292
2700	9	3	3	0	0:00:02.940292
2720	3	8	8	0	0:00:02.946074
2740	1	1	1	1	0:00:02.947257
2760	2	6	6	0	0:00:02.928778
2780	7	7	7	1	0:00:02.933766
2800	4	6	6	0	0:00:02.939241
2820	6	6	6	1	0:00:02.944269
2840	3	7	7	0	0:00:02.948159
2860	5	7	7	0	0:00:02.944030
2880	4	4	4	1	0:00:02.947194
2900	3	5	5	0	0:00:02.943154
2920	2	3	8	0	0:00:02.952420
2940	3	0	0	0	0:00:02.948835
2960	9	-1	9	0	0:00:02.954358
2980	8	1	1	0	0:00:02.948383
3000	5	5	5	1	0:00:02.940269
3020	1	1	8	1	0:00:02.948491
3040	7	7	7	1	0:00:02.950019
3060	7	7	7	1	0:00:02.950958
3080	1	6	2	0	0:00:02.951205
3100	0	0	0	1	0:00:02.946517
3120	4	6	6	0	0:00:02.943830
3140	8	8	8	1	0:00:02.939601
3160	6	4	4	0	0:00:02.945643
3180	3	9	8	0	0:00:02.947718
3200	5	7	7	0	0:00:02.946845
3220	3	9	9	0	0:00:02.948472
3240	4	1	8	0	0:00:02.941141
3260	7	7	7	1	0:00:02.955390
3280	3	5	0	0	0:00:02.972924
3300	4	6	6	0	0:00:02.972281
3320	2	7	7	0	0:00:02.957201
3340	6	6	6	1	0:00:02.943866
3360	4	6	6	0	0:00:02.943568
3380	8	8	8	1	0:00:02.939716
3400	6	1	1	0	0:00:02.945777
3420	5	6	6	0	0:00:02.939918
3440	2	9	9	0	0:00:02.941339
3460	1	1	1	1	0:00:02.935921
3480	2	2	2	1	0:00:02.937043
3500	1	1	1	1	0:00:02.937612
3520	1	1	1	1	0:00:02.959685
3540	6	-1	8	0	0:00:02.964986
3560	1	9	9	0	0:00:02.952516
3580	4	1	1	0	0:00:02.946555
3600	4	2	2	0	0:00:02.950794
3620	0	7	6	0	0:00:02.948647
3640	6	2	0	0	0:00:02.953115
3660	0	8	8	0	0:00:02.960712
3680	0	2	2	0	0:00:02.960599
3700	3	5	5	0	0:00:02.953135
3720	2	2	2	1	0:00:02.962061
3740	0	0	0	1	0:00:02.947355
3760	7	7	7	1	0:00:02.959791
3780	4	2	2	0	0:00:02.958765
3800	9	3	3	0	0:00:02.964852
3820	0	0	0	1	0:00:02.973358
3840	6	8	8	0	0:00:02.950946
3860	7	7	7	1	0:00:02.966809
3880	6	4	4	0	0:00:02.949565
3900	3	0	0	0	0:00:02.954319
3920	7	-1	8	0	0:00:02.965605
3940	6	-1	7	0	0:00:02.959114
3960	2	5	5	0	0:00:02.959386
3980	9	7	7	0	0:00:02.946568
4000	8	7	0	0	0:00:02.945875
4020	8	8	8	1	0:00:02.940947
4040	0	0	0	1	0:00:02.955298
4060	6	6	0	1	0:00:02.942128
4080	1	1	8	1	0:00:02.942718
4100	7	7	7	1	0:00:02.948351
4120	4	0	0	0	0:00:02.945104
4140	5	-1	3	0	0:00:02.948105
4160	5	2	2	0	0:00:02.948238
4180	0	-1	8	0	0:00:02.958387
4200	4	2	2	0	0:00:02.947357
4220	4	0	0	0	0:00:02.945276
4240	7	8	8	0	0:00:02.946721
4260	8	8	8	1	0:00:02.959375
4280	8	8	8	1	0:00:02.953972
4300	8	8	8	1	0:00:02.954533
4320	1	8	8	0	0:00:02.947561
4340	0	0	0	1	0:00:02.951254
4360	6	9	9	0	0:00:02.950934
4380	9	9	9	1	0:00:02.955729
4400	3	6	8	0	0:00:02.959508
4420	5	8	8	0	0:00:02.955443
4440	2	6	6	0	0:00:02.952586
4460	9	1	8	0	0:00:02.953827
4480	9	9	6	1	0:00:02.956520
4500	3	7	7	0	0:00:02.952795
4520	3	6	6	0	0:00:02.952972
4540	9	9	9	1	0:00:02.956674
4560	1	1	1	1	0:00:02.952869
4580	6	6	6	1	0:00:02.950907
4600	4	7	7	0	0:00:02.951301
4620	7	3	3	0	0:00:02.951065
4640	2	5	5	0	0:00:02.950676
4660	7	6	2	0	0:00:02.943021
4680	9	1	1	0	0:00:02.948954
4700	6	1	1	0	0:00:02.940959
4720	8	0	0	0	0:00:02.943070
4740	5	6	6	0	0:00:02.947114
4760	3	2	2	0	0:00:02.949145
4780	0	0	0	1	0:00:02.943342
4800	9	9	9	1	0:00:02.948334
4820	3	5	5	0	0:00:02.944824
4840	0	0	0	1	0:00:02.946159
4860	5	5	5	1	0:00:02.944679
4880	0	2	2	0	0:00:02.951418
4900	3	1	1	0	0:00:02.969869
4920	7	7	0	1	0:00:02.958842
4940	6	6	2	1	0:00:02.959403
4960	4	6	6	0	0:00:02.957961
4980	1	9	9	0	0:00:02.957499
5000	7	7	7	1	0:00:02.948345
5020	8	8	8	1	0:00:02.956372
5040	3	4	4	0	0:00:02.954683
5060	6	6	6	1	0:00:02.959707
5080	7	7	7	1	0:00:02.954186
5100	3	4	4	0	0:00:02.949917
5120	9	8	8	0	0:00:02.959312
5140	8	8	8	1	0:00:02.950201
5160	0	8	8	0	0:00:02.954541
5180	9	6	6	0	0:00:02.954524
5200	3	3	3	1	0:00:02.955970
5220	0	0	0	1	0:00:02.960725
5240	1	9	3	0	0:00:02.955387
5260	0	0	0	1	0:00:02.955388
5280	0	8	8	0	0:00:02.955414
5300	9	1	1	0	0:00:02.956116
5320	7	7	7	1	0:00:02.958298
5340	3	2	2	0	0:00:02.957505
5360	9	9	9	1	0:00:02.954896
5380	1	9	9	0	0:00:02.957422
5400	9	0	0	0	0:00:02.964183
5420	6	6	6	1	0:00:02.954009
5440	9	9	9	1	0:00:02.957036
5460	0	0	2	1	0:00:02.957031
5480	1	-1	8	0	0:00:02.958486
5500	8	1	8	0	0:00:02.955817
5520	4	5	5	0	0:00:02.959268
5540	5	6	6	0	0:00:02.960413
5560	3	6	6	0	0:00:02.954672
5580	5	6	6	0	0:00:02.956491
5600	6	8	8	0	0:00:02.954049
5620	3	4	4	0	0:00:02.960129
5640	2	3	3	0	0:00:02.954740
5660	9	9	8	1	0:00:02.951696
5680	2	1	8	0	0:00:02.954967
5700	3	6	6	0	0:00:02.947066
5720	9	9	9	1	0:00:02.947183
5740	6	6	6	1	0:00:02.945477
5760	2	2	8	1	0:00:02.955744
5780	7	7	7	1	0:00:02.946188
5800	2	6	6	0	0:00:02.951129
5820	5	6	6	0	0:00:02.947519
5840	2	6	6	0	0:00:02.948977
5860	0	8	8	0	0:00:02.944841
5880	0	8	0	0	0:00:02.948026
5900	4	5	4	0	0:00:02.949270
5920	8	8	8	1	0:00:02.948039
5940	7	4	4	0	0:00:02.943785
5960	2	7	7	0	0:00:02.946642
5980	9	9	9	1	0:00:02.951329
6000	8	9	8	0	0:00:02.955712
6020	6	6	6	1	0:00:02.948676
6040	2	7	7	0	0:00:02.953567
6060	3	4	4	0	0:00:02.951103
6080	1	1	1	1	0:00:02.947752
6100	1	1	8	1	0:00:02.951559
6120	5	5	5	1	0:00:02.959323
6140	9	9	9	1	0:00:02.946884
6160	2	5	5	0	0:00:02.947915
6180	0	8	8	0	0:00:02.947520
6200	3	3	3	1	0:00:02.961966
6220	2	6	6	0	0:00:02.944425
6240	2	-1	6	0	0:00:02.951061
6260	2	9	9	0	0:00:02.954801
6280	8	5	5	0	0:00:02.949114
6300	1	-1	4	0	0:00:02.941952
6320	0	0	0	1	0:00:02.949284
6340	3	3	3	1	0:00:02.945328
6360	2	-1	2	0	0:00:02.940912
6380	3	1	6	0	0:00:02.941237
6400	0	1	1	0	0:00:02.945893
6420	7	7	7	1	0:00:02.947258
6440	3	8	8	0	0:00:02.946604
6460	3	1	1	0	0:00:02.943959
6480	0	0	0	1	0:00:02.947891
6500	7	0	0	0	0:00:02.941252
6520	6	-1	4	0	0:00:02.945900
6540	8	8	8	1	0:00:02.943749
6560	6	6	6	1	0:00:02.944697
6580	1	8	8	0	0:00:02.950328
6600	7	7	7	1	0:00:02.952916
6620	7	7	7	1	0:00:02.955339
6640	5	3	3	0	0:00:02.946868
6660	0	0	8	1	0:00:02.951511
6680	3	3	3	1	0:00:02.946116
6700	6	6	6	1	0:00:02.950933
6720	2	2	2	1	0:00:02.943011
6740	2	6	6	0	0:00:02.942550
6760	5	2	2	0	0:00:02.947926
6780	7	7	7	1	0:00:02.942858
6800	6	6	6	1	0:00:02.945659
6820	1	1	1	1	0:00:02.941720
6840	9	1	1	0	0:00:02.952658
6860	0	0	0	1	0:00:02.946082
6880	2	7	7	0	0:00:02.946407
6900	3	7	7	0	0:00:02.945146
6920	5	2	2	0	0:00:02.951920
6940	1	1	1	1	0:00:02.949667
6960	9	8	8	0	0:00:02.950737
6980	0	9	9	0	0:00:02.957422
7000	2	8	8	0	0:00:02.947891
7020	7	7	7	1	0:00:02.956223
7040	7	8	8	0	0:00:02.956839
7060	8	-1	8	0	0:00:02.953610
7080	5	4	4	0	0:00:02.952469
7100	9	3	3	0	0:00:02.956428
7120	7	7	7	1	0:00:02.958158
7140	4	4	4	1	0:00:02.957667
7160	5	4	4	0	0:00:02.951267
7180	6	6	6	1	0:00:02.962047
7200	4	6	6	0	0:00:02.954960
7220	9	8	8	0	0:00:02.953554
7240	0	8	8	0	0:00:02.950608
7260	1	8	8	0	0:00:02.958233
7280	1	1	6	1	0:00:02.953435
7300	3	0	0	0	0:00:02.958574
7320	8	0	0	0	0:00:02.950790
7340	2	4	4	0	0:00:02.952232
7360	2	7	5	0	0:00:02.955635
7380	7	7	7	1	0:00:02.951732
7400	3	9	9	0	0:00:02.957159
7420	3	0	0	0	0:00:02.960318
7440	3	6	6	0	0:00:02.951150
7460	5	5	5	1	0:00:02.952433
7480	1	5	5	0	0:00:02.958347
7500	6	6	6	1	0:00:02.958197
7520	4	6	6	0	0:00:02.953354
7540	5	5	5	1	0:00:02.956757
7560	0	6	2	0	0:00:02.953034
7580	8	8	8	1	0:00:02.949355
7600	8	9	9	0	0:00:02.951769
7620	5	3	3	0	0:00:02.959593
7640	9	-1	8	0	0:00:02.958318
7660	7	1	1	0	0:00:02.955340
7680	3	9	9	0	0:00:02.951983
7700	6	6	6	1	0:00:02.953485
7720	5	6	6	0	0:00:02.948338
7740	4	6	2	0	0:00:02.946136
7760	2	9	9	0	0:00:02.943862
7780	3	1	1	0	0:00:02.939666
7800	0	0	0	1	0:00:02.932417
7820	5	8	8	0	0:00:02.941653
7840	1	1	1	1	0:00:02.949973
7860	8	-1	4	0	0:00:02.942556
7880	0	2	2	0	0:00:02.946626
7900	0	8	8	0	0:00:02.944068
7920	9	8	8	0	0:00:02.947774
7940	2	6	6	0	0:00:02.940872
7960	0	0	0	1	0:00:02.941715
7980	3	7	4	0	0:00:02.942558
8000	9	9	9	1	0:00:02.940906
8020	6	6	6	1	0:00:02.935521
8040	2	6	6	0	0:00:02.936561
8060	6	6	6	1	0:00:02.941848
8080	4	6	6	0	0:00:02.939095
8100	6	2	2	0	0:00:02.940124
8120	8	9	8	0	0:00:02.938687
8140	5	6	6	0	0:00:02.940542
8160	6	9	6	0	0:00:02.936146
8180	4	6	6	0	0:00:02.938571
8200	3	6	6	0	0:00:02.947341
8220	6	6	6	1	0:00:02.941740
8240	7	7	7	1	0:00:02.957509
8260	1	1	1	1	0:00:02.949718
8280	4	5	5	0	0:00:02.945697
8300	5	2	2	0	0:00:02.943398
8320	7	4	4	0	0:00:02.938790
8340	5	5	5	1	0:00:02.938972
8360	7	7	7	1	0:00:02.930990
8380	9	8	8	0	0:00:02.938313
8400	0	8	8	0	0:00:02.938706
8420	3	6	4	0	0:00:02.950281
8440	5	9	4	0	0:00:02.946057
8460	8	8	8	1	0:00:02.947014
8480	2	1	8	0	0:00:02.947990
8500	4	2	2	0	0:00:02.941070
8520	8	6	6	0	0:00:02.945444
8540	4	6	4	0	0:00:02.943068
8560	7	7	7	1	0:00:02.951728
8580	3	1	1	0	0:00:02.944144
8600	3	7	7	0	0:00:02.963842
8620	3	4	4	0	0:00:02.962339
8640	1	1	1	1	0:00:02.946612
8660	7	5	5	0	0:00:02.945629
8680	3	9	0	0	0:00:02.954664
8700	3	5	5	0	0:00:02.959831
8720	2	0	0	0	0:00:02.958116
8740	2	6	6	0	0:00:02.955016
8760	8	8	8	1	0:00:02.959497
8780	4	4	4	1	0:00:02.960684
8800	0	0	0	1	0:00:02.963207
8820	2	2	2	1	0:00:02.962420
8840	2	1	1	0	0:00:02.955455
8860	2	2	2	1	0:00:02.966591
8880	1	1	6	1	0:00:02.961310
8900	2	6	4	0	0:00:02.964590
8920	6	6	6	1	0:00:02.960440
8940	6	3	3	0	0:00:02.958597
8960	0	0	0	1	0:00:02.966167
8980	9	9	9	1	0:00:02.968912
9000	8	8	8	1	0:00:02.960780
9020	7	7	7	1	0:00:02.964920
9040	2	5	5	0	0:00:02.966284
9060	9	5	5	0	0:00:02.965219
9080	3	0	0	0	0:00:02.980015
9100	9	6	6	0	0:00:02.965525
9120	3	0	0	0	0:00:02.968838
9140	7	8	8	0	0:00:02.970240
9160	5	5	5	1	0:00:02.961954
9180	5	5	5	1	0:00:02.964463
9200	8	8	8	1	0:00:02.966288
9220	8	8	8	1	0:00:02.956488
9240	8	8	8	1	0:00:02.964069
9260	5	5	5	1	0:00:02.955637
9280	9	0	8	0	0:00:02.965845
9300	5	5	2	1	0:00:02.966115
9320	9	9	8	1	0:00:02.959431
9340	1	1	1	1	0:00:02.958858
9360	5	0	6	0	0:00:02.966817
9380	5	9	9	0	0:00:02.961039
9400	6	6	6	1	0:00:02.969636
9420	5	6	6	0	0:00:02.963339
9440	8	8	8	1	0:00:02.956721
9460	3	6	6	0	0:00:02.964302
9480	2	-1	4	0	0:00:02.964227
9500	9	1	1	0	0:00:02.958495
9520	1	1	1	1	0:00:02.956968
9540	5	5	5	1	0:00:02.961290
9560	9	7	7	0	0:00:02.973067
9580	1	4	4	0	0:00:02.962518
9600	8	8	8	1	0:00:02.959413
9620	4	7	2	0	0:00:02.962723
9640	5	0	0	0	0:00:02.962054
9660	6	6	6	1	0:00:02.964504
9680	8	8	8	1	0:00:02.963595
9700	0	0	0	1	0:00:02.958456
9720	8	6	6	0	0:00:02.962965
9740	3	6	6	0	0:00:02.973784
9760	9	9	7	1	0:00:02.965609
9780	4	6	6	0	0:00:02.969085
9800	1	1	1	1	0:00:02.952170
9820	0	8	8	0	0:00:02.957777
9840	4	7	7	0	0:00:02.964075
9860	0	2	8	0	0:00:02.963841
9880	7	4	4	0	0:00:02.960993
9900	8	0	0	0	0:00:02.958962
9920	6	6	6	1	0:00:02.963803
9940	4	5	5	0	0:00:02.961622
9960	2	0	0	0	0:00:02.960040
9980	0	0	0	1	0:00:02.960282
