idx	label	predict	basePredict	correct	time
0	3	-1	2	0	0:00:01.260173
20	7	-1	4	0	0:00:01.129057
40	4	-1	8	0	0:00:01.125770
60	7	-1	4	0	0:00:01.142285
80	8	8	8	1	0:00:01.183497
100	4	-1	3	0	0:00:01.156615
120	8	-1	8	0	0:00:01.169544
140	6	2	2	0	0:00:01.125342
160	2	0	2	0	0:00:01.134669
180	0	-1	8	0	0:00:01.136551
200	5	-1	3	0	0:00:01.138790
220	7	7	7	1	0:00:01.125146
240	1	1	8	1	0:00:01.145186
260	8	-1	3	0	0:00:01.150423
280	9	9	8	1	0:00:01.163247
300	6	-1	4	0	0:00:01.129081
320	3	-1	4	0	0:00:01.153140
340	2	4	4	0	0:00:01.153396
360	9	-1	6	0	0:00:01.185999
380	6	-1	4	0	0:00:01.134076
400	9	9	8	1	0:00:01.107918
420	4	-1	6	0	0:00:01.133071
440	1	-1	4	0	0:00:01.119196
460	5	-1	3	0	0:00:01.130329
480	8	9	8	0	0:00:01.145594
500	4	-1	6	0	0:00:01.131670
520	5	7	7	0	0:00:01.141412
540	1	-1	8	0	0:00:01.126362
560	0	0	8	1	0:00:01.130719
580	4	-1	4	0	0:00:01.126555
600	8	-1	8	0	0:00:01.105101
620	7	-1	4	0	0:00:01.100100
640	5	3	3	0	0:00:01.131187
660	9	9	9	1	0:00:01.107954
680	9	-1	4	0	0:00:01.094088
700	7	-1	4	0	0:00:01.108351
720	4	9	9	0	0:00:01.109463
740	2	5	3	0	0:00:01.108607
760	3	9	9	0	0:00:01.110345
780	9	-1	0	0	0:00:01.142931
800	7	7	7	1	0:00:01.102503
820	6	-1	8	0	0:00:01.140584
840	7	7	7	1	0:00:01.114178
860	4	4	4	1	0:00:01.090856
880	8	8	8	1	0:00:01.105122
900	2	-1	4	0	0:00:01.087678
920	6	-1	2	0	0:00:01.119564
940	9	9	9	1	0:00:01.100348
960	9	9	4	1	0:00:01.138796
980	2	6	6	0	0:00:01.106483
1000	5	5	5	1	0:00:01.015323
1020	1	-1	8	0	0:00:01.035722
1040	7	5	5	0	0:00:01.023376
1060	9	9	8	1	0:00:01.021763
1080	6	6	6	1	0:00:01.013556
1100	7	8	8	0	0:00:01.024302
1120	5	-1	2	0	0:00:01.014769
1140	6	-1	4	0	0:00:01.020281
1160	8	0	0	0	0:00:01.027488
1180	3	-1	8	0	0:00:01.027214
1200	8	0	0	0	0:00:01.011004
1220	9	6	4	0	0:00:01.047927
1240	2	6	6	0	0:00:01.025749
1260	1	9	9	0	0:00:01.020849
1280	3	7	7	0	0:00:00.988925
1300	4	3	3	0	0:00:00.967678
1320	7	-1	2	0	0:00:00.964449
1340	1	-1	8	0	0:00:00.974526
1360	7	-1	4	0	0:00:00.971519
1380	4	5	5	0	0:00:00.967462
1400	5	-1	2	0	0:00:00.965482
1420	4	7	7	0	0:00:01.023249
1440	0	8	8	0	0:00:01.050934
1460	6	-1	4	0	0:00:01.028729
1480	1	-1	5	0	0:00:01.025573
1500	1	9	8	0	0:00:01.010476
1520	7	-1	4	0	0:00:01.016129
1540	8	8	8	1	0:00:01.025822
1560	7	7	7	1	0:00:01.002397
1580	6	1	1	0	0:00:01.026646
1600	8	-1	6	0	0:00:01.016028
1620	5	8	8	0	0:00:01.026997
1640	7	5	3	0	0:00:01.031343
1660	3	-1	4	0	0:00:01.013615
1680	6	6	6	1	0:00:01.030920
1700	5	2	2	0	0:00:01.022282
1720	4	-1	2	0	0:00:01.011384
1740	1	9	9	0	0:00:01.011470
1760	0	8	8	0	0:00:01.018897
1780	7	-1	8	0	0:00:01.026454
1800	4	8	8	0	0:00:01.014832
1820	8	-1	8	0	0:00:01.032710
1840	8	-1	4	0	0:00:01.034119
1860	8	8	8	1	0:00:01.021724
1880	1	-1	8	0	0:00:01.025213
1900	8	8	8	1	0:00:01.026793
1920	2	-1	2	0	0:00:01.017433
1940	5	3	3	0	0:00:01.018188
1960	2	5	5	0	0:00:01.017829
1980	9	9	4	1	0:00:01.014209
2000	1	6	4	0	0:00:01.013846
2020	9	9	9	1	0:00:01.015071
2040	0	8	8	0	0:00:01.045998
2060	5	-1	3	0	0:00:01.019990
2080	1	-1	4	0	0:00:01.020048
2100	2	4	4	0	0:00:01.011231
2120	4	8	8	0	0:00:01.019470
2140	9	-1	1	0	0:00:01.013921
2160	0	8	8	0	0:00:00.973313
2180	4	-1	4	0	0:00:00.953232
2200	0	-1	2	0	0:00:00.953967
2220	1	1	4	1	0:00:00.968362
2240	9	-1	8	0	0:00:01.001426
2260	4	-1	4	0	0:00:00.954697
2280	4	-1	8	0	0:00:00.960716
2300	3	-1	4	0	0:00:00.952948
2320	5	-1	8	0	0:00:00.982751
2340	7	7	7	1	0:00:00.979249
2360	7	-1	3	0	0:00:00.970332
2380	8	-1	8	0	0:00:00.978503
2400	0	-1	0	0	0:00:00.970840
2420	8	-1	5	0	0:00:00.949928
2440	7	-1	8	0	0:00:00.953010
2460	9	-1	3	0	0:00:00.997044
2480	8	-1	8	0	0:00:00.953155
2500	4	2	2	0	0:00:00.961332
2520	1	9	8	0	0:00:00.984313
2540	2	3	3	0	0:00:00.984178
2560	7	-1	4	0	0:00:00.989127
2580	6	-1	4	0	0:00:00.980451
2600	8	8	8	1	0:00:01.021497
2620	1	-1	4	0	0:00:01.026419
2640	7	-1	6	0	0:00:01.028351
2660	3	-1	2	0	0:00:01.055645
2680	0	0	0	1	0:00:01.012777
2700	9	-1	0	0	0:00:01.037546
2720	3	-1	2	0	0:00:01.022079
2740	1	-1	1	0	0:00:01.035366
2760	2	-1	4	0	0:00:01.022597
2780	7	7	7	1	0:00:01.012110
2800	4	-1	4	0	0:00:01.030931
2820	6	6	4	1	0:00:01.005860
2840	3	3	3	1	0:00:01.020391
2860	5	-1	4	0	0:00:01.016111
2880	4	4	4	1	0:00:01.025857
2900	3	-1	2	0	0:00:01.016066
2920	2	5	5	0	0:00:01.019080
2940	3	0	0	0	0:00:01.035158
2960	9	-1	8	0	0:00:01.027200
2980	8	1	8	0	0:00:01.016890
3000	5	5	5	1	0:00:01.028001
3020	1	-1	8	0	0:00:01.017941
3040	7	7	7	1	0:00:01.014405
3060	7	-1	7	0	0:00:00.972004
3080	1	-1	2	0	0:00:01.030354
3100	0	0	0	1	0:00:01.025386
3120	4	6	2	0	0:00:01.020306
3140	8	-1	8	0	0:00:00.960963
3160	6	4	4	0	0:00:00.961334
3180	3	-1	8	0	0:00:00.968980
3200	5	7	7	0	0:00:00.967418
3220	3	9	9	0	0:00:00.956466
3240	4	-1	8	0	0:00:00.963432
3260	7	0	0	0	0:00:00.972093
3280	3	-1	0	0	0:00:00.998267
3300	4	6	4	0	0:00:00.958276
3320	2	7	7	0	0:00:00.958536
3340	6	-1	4	0	0:00:00.962518
3360	4	6	6	0	0:00:00.988847
3380	8	-1	8	0	0:00:00.982052
3400	6	4	4	0	0:00:00.984757
3420	5	-1	4	0	0:00:00.969337
3440	2	9	3	0	0:00:00.968001
3460	1	1	4	1	0:00:00.962679
3480	2	2	2	1	0:00:00.963602
3500	1	1	4	1	0:00:01.036489
3520	1	1	1	1	0:00:01.024372
3540	6	-1	6	0	0:00:01.019178
3560	1	9	0	0	0:00:01.017371
3580	4	1	4	0	0:00:01.016690
3600	4	2	2	0	0:00:01.018389
3620	0	6	6	0	0:00:01.016417
3640	6	2	2	0	0:00:01.011405
3660	0	8	8	0	0:00:01.014462
3680	0	-1	2	0	0:00:00.961081
3700	3	-1	4	0	0:00:00.997061
3720	2	2	2	1	0:00:00.961290
3740	0	-1	8	0	0:00:00.969007
3760	7	7	7	1	0:00:00.957895
3780	4	-1	2	0	0:00:00.951124
3800	9	-1	3	0	0:00:00.961454
3820	0	2	2	0	0:00:00.955586
3840	6	-1	3	0	0:00:01.008045
3860	7	7	7	1	0:00:00.957560
3880	6	4	4	0	0:00:00.955139
3900	3	-1	1	0	0:00:00.969218
3920	7	-1	8	0	0:00:01.033935
3940	6	-1	4	0	0:00:01.033452
3960	2	-1	5	0	0:00:01.016800
3980	9	7	7	0	0:00:01.015654
4000	8	7	0	0	0:00:01.018931
4020	8	-1	8	0	0:00:01.013668
4040	0	-1	0	0	0:00:01.015340
4060	6	3	3	0	0:00:01.018651
4080	1	8	8	0	0:00:01.015871
4100	7	7	7	1	0:00:01.020049
4120	4	0	0	0	0:00:01.033492
4140	5	3	3	0	0:00:00.983681
4160	5	2	2	0	0:00:00.951305
4180	0	-1	8	0	0:00:00.951526
4200	4	-1	2	0	0:00:00.955895
4220	4	0	0	0	0:00:00.967471
4240	7	0	0	0	0:00:00.968966
4260	8	-1	8	0	0:00:00.958913
4280	8	-1	8	0	0:00:00.967952
4300	8	-1	8	0	0:00:00.989018
4320	1	8	8	0	0:00:00.992142
4340	0	-1	8	0	0:00:01.025943
4360	6	9	9	0	0:00:01.027011
4380	9	-1	8	0	0:00:01.014006
4400	3	4	4	0	0:00:01.018287
4420	5	8	8	0	0:00:01.026070
4440	2	-1	2	0	0:00:01.012598
4460	9	-1	8	0	0:00:01.014736
4480	9	-1	6	0	0:00:01.032074
4500	3	6	6	0	0:00:01.024179
4520	3	6	6	0	0:00:01.006859
4540	9	9	9	1	0:00:01.042588
4560	1	-1	4	0	0:00:01.022654
4580	6	4	4	0	0:00:01.024489
4600	4	7	4	0	0:00:01.028965
4620	7	3	3	0	0:00:01.015130
4640	2	-1	4	0	0:00:01.023422
4660	7	-1	2	0	0:00:01.056508
4680	9	1	1	0	0:00:01.027199
4700	6	1	4	0	0:00:01.029513
4720	8	0	0	0	0:00:00.992820
4740	5	-1	4	0	0:00:01.059683
4760	3	-1	4	0	0:00:01.029976
4780	0	0	8	1	0:00:01.004808
4800	9	9	9	1	0:00:01.004513
4820	3	5	5	0	0:00:00.997397
4840	0	0	0	1	0:00:01.013612
4860	5	3	3	0	0:00:01.010379
4880	0	2	2	0	0:00:01.002036
4900	3	-1	6	0	0:00:01.019539
4920	7	7	2	1	0:00:01.020573
4940	6	4	4	0	0:00:01.033353
4960	4	3	3	0	0:00:01.004773
4980	1	9	8	0	0:00:00.999372
5000	7	7	7	1	0:00:01.021081
5020	8	-1	8	0	0:00:01.041336
5040	3	-1	4	0	0:00:01.050964
5060	6	2	4	0	0:00:01.032178
5080	7	7	7	1	0:00:01.012286
5100	3	3	3	1	0:00:00.986774
5120	9	-1	8	0	0:00:01.034059
5140	8	8	8	1	0:00:01.037443
5160	0	8	8	0	0:00:01.027192
5180	9	-1	4	0	0:00:01.012577
5200	3	3	3	1	0:00:01.011649
5220	0	0	0	1	0:00:01.007618
5240	1	-1	2	0	0:00:01.023966
5260	0	0	0	1	0:00:01.002831
5280	0	8	8	0	0:00:01.002221
5300	9	-1	9	0	0:00:01.029579
5320	7	-1	3	0	0:00:01.034718
5340	3	4	4	0	0:00:01.008619
5360	9	9	3	1	0:00:01.014372
5380	1	9	9	0	0:00:01.012823
5400	9	-1	8	0	0:00:01.018644
5420	6	-1	6	0	0:00:01.019337
5440	9	9	9	1	0:00:01.013728
5460	0	-1	7	0	0:00:01.019011
5480	1	-1	8	0	0:00:01.034924
5500	8	1	8	0	0:00:01.036743
5520	4	-1	3	0	0:00:01.051059
5540	5	6	2	0	0:00:01.044000
5560	3	6	6	0	0:00:01.056911
5580	5	6	6	0	0:00:01.020210
5600	6	-1	0	0	0:00:01.001128
5620	3	2	2	0	0:00:01.016886
5640	2	-1	3	0	0:00:01.038779
5660	9	-1	8	0	0:00:01.008784
5680	2	-1	8	0	0:00:01.033628
5700	3	-1	6	0	0:00:01.041003
5720	9	9	9	1	0:00:01.024643
5740	6	-1	4	0	0:00:01.018689
5760	2	-1	2	0	0:00:01.034337
5780	7	7	4	1	0:00:01.004896
5800	2	-1	4	0	0:00:01.029676
5820	5	6	6	0	0:00:01.028435
5840	2	6	6	0	0:00:01.000190
5860	0	-1	8	0	0:00:01.011323
5880	0	8	0	0	0:00:01.006380
5900	4	3	4	0	0:00:01.018698
5920	8	8	8	1	0:00:00.993233
5940	7	4	4	0	0:00:01.028723
5960	2	-1	4	0	0:00:01.055816
5980	9	9	6	1	0:00:01.000224
6000	8	9	8	0	0:00:01.013818
6020	6	-1	6	0	0:00:01.018284
6040	2	7	7	0	0:00:01.013284
6060	3	4	4	0	0:00:01.012439
6080	1	-1	6	0	0:00:01.023277
6100	1	-1	8	0	0:00:01.010771
6120	5	-1	5	0	0:00:01.104584
6140	9	9	7	1	0:00:00.984185
6160	2	5	5	0	0:00:01.017833
6180	0	-1	8	0	0:00:00.972195
6200	3	-1	3	0	0:00:00.995543
6220	2	6	6	0	0:00:01.010867
6240	2	-1	4	0	0:00:00.984749
6260	2	9	8	0	0:00:00.983937
6280	8	-1	4	0	0:00:00.985204
6300	1	7	4	0	0:00:00.992020
6320	0	0	0	1	0:00:00.948659
6340	3	3	3	1	0:00:00.949768
6360	2	6	2	0	0:00:00.966714
6380	3	-1	6	0	0:00:00.945964
6400	0	1	4	0	0:00:00.932914
6420	7	-1	8	0	0:00:00.935945
6440	3	-1	8	0	0:00:00.976466
6460	3	1	4	0	0:00:00.974644
6480	0	-1	2	0	0:00:00.980871
6500	7	-1	8	0	0:00:00.983988
6520	6	4	4	0	0:00:00.987591
6540	8	-1	8	0	0:00:00.969576
6560	6	-1	4	0	0:00:00.964065
6580	1	-1	2	0	0:00:00.989376
6600	7	7	7	1	0:00:00.968917
6620	7	7	7	1	0:00:00.969374
6640	5	-1	8	0	0:00:00.963717
6660	0	-1	8	0	0:00:00.967564
6680	3	5	5	0	0:00:00.967266
6700	6	-1	2	0	0:00:00.966323
6720	2	4	2	0	0:00:00.964846
6740	2	-1	4	0	0:00:00.958988
6760	5	3	2	0	0:00:00.955157
6780	7	7	7	1	0:00:00.968606
6800	6	2	4	0	0:00:00.995651
6820	1	1	1	1	0:00:00.965282
6840	9	-1	9	0	0:00:00.975300
6860	0	-1	2	0	0:00:00.964132
6880	2	7	7	0	0:00:00.970280
6900	3	7	4	0	0:00:00.971326
6920	5	2	2	0	0:00:00.964464
6940	1	1	1	1	0:00:00.960906
6960	9	8	8	0	0:00:00.966974
6980	0	-1	8	0	0:00:00.959849
7000	2	8	8	0	0:00:00.972822
7020	7	-1	8	0	0:00:00.986222
7040	7	8	8	0	0:00:00.960705
7060	8	0	8	0	0:00:00.969462
7080	5	4	4	0	0:00:00.962691
7100	9	3	3	0	0:00:00.958508
7120	7	-1	6	0	0:00:00.960162
7140	4	-1	4	0	0:00:00.965230
7160	5	-1	4	0	0:00:00.975843
7180	6	6	6	1	0:00:00.968327
7200	4	6	2	0	0:00:00.964097
7220	9	-1	8	0	0:00:01.001523
7240	0	8	8	0	0:00:00.964642
7260	1	-1	8	0	0:00:00.974381
7280	1	-1	6	0	0:00:00.961251
7300	3	-1	4	0	0:00:00.965462
7320	8	0	8	0	0:00:00.966002
7340	2	4	4	0	0:00:00.968068
7360	2	-1	4	0	0:00:00.990992
7380	7	-1	7	0	0:00:00.962023
7400	3	-1	3	0	0:00:00.964041
7420	3	0	0	0	0:00:00.966358
7440	3	-1	2	0	0:00:01.023067
7460	5	5	5	1	0:00:00.981260
7480	1	-1	5	0	0:00:00.961761
7500	6	6	6	1	0:00:00.963910
7520	4	-1	4	0	0:00:00.965245
7540	5	5	5	1	0:00:00.965291
7560	0	-1	2	0	0:00:00.965425
7580	8	-1	8	0	0:00:00.962312
7600	8	9	8	0	0:00:00.973380
7620	5	-1	3	0	0:00:00.983131
7640	9	-1	6	0	0:00:00.972410
7660	7	-1	4	0	0:00:00.976298
7680	3	9	3	0	0:00:00.959829
7700	6	6	4	1	0:00:00.956780
7720	5	-1	4	0	0:00:00.958237
7740	4	6	2	0	0:00:00.961761
7760	2	9	6	0	0:00:00.956181
7780	3	1	8	0	0:00:00.956828
7800	0	0	8	1	0:00:00.947991
7820	5	8	8	0	0:00:00.947057
7840	1	1	1	1	0:00:00.953915
7860	8	-1	4	0	0:00:00.963735
7880	0	0	2	1	0:00:00.942224
7900	0	-1	8	0	0:00:00.932065
7920	9	8	8	0	0:00:00.940332
7940	2	6	6	0	0:00:00.951889
7960	0	-1	2	0	0:00:00.955606
7980	3	7	4	0	0:00:00.944925
8000	9	9	8	1	0:00:00.938518
8020	6	3	3	0	0:00:00.944006
8040	2	-1	2	0	0:00:00.950946
8060	6	-1	4	0	0:00:00.938316
8080	4	6	2	0	0:00:00.965387
8100	6	-1	2	0	0:00:00.930749
8120	8	9	8	0	0:00:00.929846
8140	5	4	4	0	0:00:00.936979
8160	6	9	6	0	0:00:00.945751
8180	4	4	4	1	0:00:00.937678
8200	3	-1	2	0	0:00:00.937174
8220	6	-1	2	0	0:00:00.933712
8240	7	7	7	1	0:00:00.937917
8260	1	3	3	0	0:00:00.941850
8280	4	-1	3	0	0:00:00.941344
8300	5	2	2	0	0:00:00.972888
8320	7	-1	4	0	0:00:00.975800
8340	5	3	4	0	0:00:00.978710
8360	7	7	4	1	0:00:00.978291
8380	9	-1	8	0	0:00:00.972294
8400	0	8	8	0	0:00:00.963380
8420	3	-1	4	0	0:00:00.977144
8440	5	-1	4	0	0:00:00.945166
8460	8	8	8	1	0:00:00.936190
8480	2	-1	8	0	0:00:00.934909
8500	4	2	2	0	0:00:00.941413
8520	8	-1	4	0	0:00:00.974715
8540	4	-1	2	0	0:00:00.936190
8560	7	-1	4	0	0:00:00.921002
8580	3	0	2	0	0:00:00.928440
8600	3	7	4	0	0:00:00.948159
8620	3	-1	4	0	0:00:00.938336
8640	1	1	1	1	0:00:00.935552
8660	7	-1	5	0	0:00:00.955467
8680	3	9	8	0	0:00:00.947176
8700	3	3	3	1	0:00:01.001122
8720	2	0	0	0	0:00:00.932510
8740	2	-1	4	0	0:00:00.961285
8760	8	-1	8	0	0:00:00.927717
8780	4	-1	2	0	0:00:00.923898
8800	0	0	0	1	0:00:00.924471
8820	2	-1	3	0	0:00:00.929655
8840	2	-1	7	0	0:00:00.921569
8860	2	-1	6	0	0:00:00.927817
8880	1	9	6	0	0:00:00.928601
8900	2	-1	4	0	0:00:00.928523
8920	6	6	6	1	0:00:00.920399
8940	6	3	3	0	0:00:00.939958
8960	0	0	0	1	0:00:00.955391
8980	9	9	8	1	0:00:00.930933
9000	8	8	8	1	0:00:00.927813
9020	7	9	8	0	0:00:00.933129
9040	2	5	5	0	0:00:00.936162
9060	9	5	5	0	0:00:00.926884
9080	3	0	0	0	0:00:00.927990
9100	9	-1	6	0	0:00:00.925241
9120	3	-1	0	0	0:00:00.929019
9140	7	-1	8	0	0:00:00.929730
9160	5	-1	4	0	0:00:00.919616
9180	5	5	5	1	0:00:00.954191
9200	8	8	8	1	0:00:00.936684
9220	8	8	8	1	0:00:00.926186
9240	8	-1	8	0	0:00:00.930479
9260	5	-1	5	0	0:00:00.939567
9280	9	-1	8	0	0:00:00.933487
9300	5	-1	2	0	0:00:00.932805
9320	9	9	8	1	0:00:00.936824
9340	1	1	1	1	0:00:00.929677
9360	5	-1	4	0	0:00:00.936962
9380	5	9	3	0	0:00:00.934813
9400	6	-1	4	0	0:00:00.956145
9420	5	-1	6	0	0:00:00.924326
9440	8	8	8	1	0:00:00.936694
9460	3	-1	4	0	0:00:00.923008
9480	2	4	4	0	0:00:00.920147
9500	9	-1	4	0	0:00:00.921941
9520	1	-1	1	0	0:00:00.935233
9540	5	3	4	0	0:00:00.927642
9560	9	7	7	0	0:00:00.934173
9580	1	4	4	0	0:00:00.928792
9600	8	-1	8	0	0:00:00.935387
9620	4	7	4	0	0:00:00.950188
9640	5	0	6	0	0:00:00.951522
9660	6	6	6	1	0:00:00.947340
9680	8	8	8	1	0:00:00.951510
9700	0	0	0	1	0:00:00.946442
9720	8	-1	6	0	0:00:00.939682
9740	3	-1	4	0	0:00:00.950030
9760	9	7	4	0	0:00:00.937794
9780	4	6	4	0	0:00:00.935090
9800	1	1	1	1	0:00:00.939765
9820	0	8	8	0	0:00:00.945550
9840	4	-1	5	0	0:00:00.961985
9860	0	5	8	0	0:00:00.946334
9880	7	-1	4	0	0:00:00.938440
9900	8	0	8	0	0:00:00.945049
9920	6	4	2	0	0:00:00.945487
9940	4	-1	5	0	0:00:00.948472
9960	2	0	0	0	0:00:00.950890
9980	0	0	0	1	0:00:01.007613
