idx	label	predict	basePredict	correct	time
0	3	2	2	0	0:00:03.064734
20	7	-1	9	0	0:00:03.058930
40	4	0	8	0	0:00:02.975750
60	7	7	4	1	0:00:02.844455
80	8	8	8	1	0:00:02.833230
100	4	5	3	0	0:00:02.863672
120	8	8	8	1	0:00:02.856901
140	6	2	2	0	0:00:02.838149
160	2	0	2	0	0:00:02.897564
180	0	0	8	1	0:00:02.892425
200	5	3	3	0	0:00:02.860626
220	7	7	7	1	0:00:02.855540
240	1	1	8	1	0:00:02.852120
260	8	3	3	0	0:00:02.921078
280	9	9	8	1	0:00:02.842962
300	6	-1	4	0	0:00:02.839775
320	3	2	2	0	0:00:02.911675
340	2	4	4	0	0:00:02.873258
360	9	7	6	0	0:00:02.882988
380	6	-1	4	0	0:00:02.862811
400	9	1	1	0	0:00:02.843631
420	4	6	6	0	0:00:02.898612
440	1	1	6	1	0:00:02.890281
460	5	5	3	1	0:00:02.913955
480	8	9	8	0	0:00:02.838474
500	4	6	6	0	0:00:02.874054
520	5	7	7	0	0:00:02.883914
540	1	9	8	0	0:00:02.925964
560	0	0	8	1	0:00:02.835185
580	4	6	4	0	0:00:02.815202
600	8	8	8	1	0:00:02.937408
620	7	6	4	0	0:00:02.849533
640	5	3	3	0	0:00:02.836157
660	9	9	9	1	0:00:02.859097
680	9	7	4	0	0:00:02.893546
700	7	0	4	0	0:00:02.877561
720	4	9	9	0	0:00:02.885314
740	2	5	3	0	0:00:02.840576
760	3	9	9	0	0:00:02.853828
780	9	1	8	0	0:00:02.822594
800	7	7	7	1	0:00:02.855798
820	6	1	8	0	0:00:02.847699
840	7	7	7	1	0:00:02.923354
860	4	4	4	1	0:00:02.850219
880	8	8	8	1	0:00:02.852260
900	2	6	4	0	0:00:02.852344
920	6	4	2	0	0:00:02.832386
940	9	9	9	1	0:00:02.865038
960	9	9	4	1	0:00:02.860002
980	2	6	6	0	0:00:02.844818
1000	5	5	5	1	0:00:02.176027
1020	1	1	8	1	0:00:02.116945
1040	7	5	5	0	0:00:02.125461
1060	9	9	8	1	0:00:02.141885
1080	6	6	6	1	0:00:02.196729
1100	7	8	8	0	0:00:02.147686
1120	5	2	2	0	0:00:02.192065
1140	6	4	4	0	0:00:02.130981
1160	8	0	0	0	0:00:02.146042
1180	3	3	8	1	0:00:02.161867
1200	8	0	0	0	0:00:02.214978
1220	9	6	6	0	0:00:02.148826
1240	2	6	6	0	0:00:02.139774
1260	1	9	9	0	0:00:02.134520
1280	3	7	7	0	0:00:02.150781
1300	4	3	3	0	0:00:02.143165
1320	7	2	2	0	0:00:02.133181
1340	1	1	8	1	0:00:02.122445
1360	7	7	4	1	0:00:02.164842
1380	4	5	5	0	0:00:02.134271
1400	5	6	2	0	0:00:02.145276
1420	4	7	4	0	0:00:02.121701
1440	0	8	8	0	0:00:02.128299
1460	6	6	4	1	0:00:02.136702
1480	1	5	5	0	0:00:02.136990
1500	1	9	1	0	0:00:02.131162
1520	7	7	4	1	0:00:02.176519
1540	8	8	8	1	0:00:02.184642
1560	7	7	7	1	0:00:02.178673
1580	6	1	1	0	0:00:02.158285
1600	8	9	6	0	0:00:02.160725
1620	5	8	8	0	0:00:02.132837
1640	7	5	3	0	0:00:02.165401
1660	3	5	4	0	0:00:02.148182
1680	6	6	6	1	0:00:02.157678
1700	5	2	2	0	0:00:02.149901
1720	4	2	2	0	0:00:02.134037
1740	1	9	9	0	0:00:02.153962
1760	0	8	8	0	0:00:02.267282
1780	7	9	8	0	0:00:02.176413
1800	4	8	8	0	0:00:02.146162
1820	8	1	8	0	0:00:02.183563
1840	8	9	4	0	0:00:02.143049
1860	8	8	8	1	0:00:02.146764
1880	1	-1	8	0	0:00:02.385023
1900	8	8	8	1	0:00:02.132856
1920	2	2	2	1	0:00:02.112835
1940	5	3	3	0	0:00:02.134369
1960	2	5	5	0	0:00:02.128453
1980	9	9	4	1	0:00:02.170433
2000	1	6	6	0	0:00:02.150041
2020	9	9	9	1	0:00:02.179066
2040	0	8	8	0	0:00:02.237022
2060	5	5	3	1	0:00:02.133777
2080	1	6	4	0	0:00:02.174189
2100	2	4	4	0	0:00:02.177390
2120	4	8	8	0	0:00:02.181486
2140	9	9	1	1	0:00:02.154166
2160	0	8	8	0	0:00:02.148133
2180	4	4	4	1	0:00:02.198012
2200	0	2	2	0	0:00:02.183712
2220	1	1	4	1	0:00:02.125608
2240	9	9	8	1	0:00:02.168108
2260	4	7	4	0	0:00:02.183080
2280	4	8	8	0	0:00:02.152952
2300	3	2	4	0	0:00:02.195859
2320	5	8	8	0	0:00:02.175953
2340	7	7	7	1	0:00:02.165394
2360	7	5	3	0	0:00:02.139655
2380	8	0	8	0	0:00:02.156156
2400	0	0	0	1	0:00:02.265957
2420	8	5	5	0	0:00:02.211067
2440	7	7	8	1	0:00:02.235580
2460	9	3	3	0	0:00:02.196966
2480	8	8	8	1	0:00:02.166395
2500	4	2	2	0	0:00:02.152632
2520	1	9	8	0	0:00:02.142314
2540	2	3	3	0	0:00:02.202661
2560	7	6	4	0	0:00:02.189942
2580	6	4	4	0	0:00:02.160098
2600	8	8	8	1	0:00:02.138898
2620	1	4	4	0	0:00:02.159538
2640	7	7	6	1	0:00:02.240937
2660	3	2	2	0	0:00:02.135343
2680	0	0	0	1	0:00:02.127156
2700	9	7	0	0	0:00:02.175327
2720	3	2	2	0	0:00:02.155369
2740	1	1	4	1	0:00:02.190510
2760	2	4	4	0	0:00:02.183598
2780	7	7	7	1	0:00:02.114305
2800	4	6	6	0	0:00:02.187420
2820	6	6	6	1	0:00:02.147478
2840	3	3	3	1	0:00:02.184596
2860	5	-1	6	0	0:00:02.144891
2880	4	4	4	1	0:00:02.189751
2900	3	2	2	0	0:00:02.141274
2920	2	5	5	0	0:00:02.173215
2940	3	0	0	0	0:00:02.128909
2960	9	9	8	1	0:00:02.132932
2980	8	1	8	0	0:00:02.173489
3000	5	5	5	1	0:00:02.135428
3020	1	1	8	1	0:00:02.132717
3040	7	7	7	1	0:00:02.203815
3060	7	7	7	1	0:00:02.157652
3080	1	-1	2	0	0:00:02.124813
3100	0	0	0	1	0:00:02.193172
3120	4	6	2	0	0:00:02.208515
3140	8	8	8	1	0:00:02.139714
3160	6	4	4	0	0:00:02.161709
3180	3	7	8	0	0:00:02.173050
3200	5	7	7	0	0:00:02.155975
3220	3	9	9	0	0:00:02.169471
3240	4	1	8	0	0:00:02.168907
3260	7	0	0	0	0:00:02.142403
3280	3	5	0	0	0:00:02.135027
3300	4	6	4	0	0:00:02.175228
3320	2	7	7	0	0:00:02.145424
3340	6	4	4	0	0:00:02.214329
3360	4	6	6	0	0:00:02.135943
3380	8	1	8	0	0:00:02.151340
3400	6	4	4	0	0:00:02.152874
3420	5	4	4	0	0:00:02.141144
3440	2	9	3	0	0:00:02.160505
3460	1	1	4	1	0:00:02.121189
3480	2	2	2	1	0:00:02.124607
3500	1	1	4	1	0:00:02.125155
3520	1	1	1	1	0:00:02.154443
3540	6	6	4	1	0:00:02.136020
3560	1	9	0	0	0:00:02.131536
3580	4	1	4	0	0:00:02.142726
3600	4	2	2	0	0:00:02.141280
3620	0	6	6	0	0:00:02.129606
3640	6	2	2	0	0:00:02.142198
3660	0	8	8	0	0:00:02.161098
3680	0	2	2	0	0:00:02.141203
3700	3	-1	4	0	0:00:02.140198
3720	2	2	2	1	0:00:02.134309
3740	0	0	8	1	0:00:02.108123
3760	7	7	7	1	0:00:02.122231
3780	4	-1	2	0	0:00:02.123642
3800	9	3	3	0	0:00:02.114412
3820	0	2	2	0	0:00:02.126804
3840	6	3	3	0	0:00:02.160942
3860	7	7	7	1	0:00:02.155703
3880	6	4	4	0	0:00:02.194314
3900	3	1	1	0	0:00:02.186016
3920	7	9	8	0	0:00:02.134842
3940	6	7	4	0	0:00:02.113512
3960	2	5	5	0	0:00:02.277586
3980	9	7	7	0	0:00:02.133660
4000	8	7	0	0	0:00:02.152043
4020	8	1	8	0	0:00:02.134063
4040	0	0	0	1	0:00:02.146916
4060	6	3	3	0	0:00:02.162226
4080	1	8	8	0	0:00:02.132993
4100	7	7	7	1	0:00:02.137811
4120	4	0	0	0	0:00:02.119315
4140	5	3	3	0	0:00:02.149014
4160	5	2	2	0	0:00:02.195466
4180	0	8	8	0	0:00:02.145801
4200	4	2	2	0	0:00:02.114705
4220	4	0	0	0	0:00:02.138324
4240	7	0	0	0	0:00:02.162032
4260	8	1	8	0	0:00:02.124164
4280	8	9	8	0	0:00:02.142685
4300	8	8	8	1	0:00:02.140515
4320	1	8	8	0	0:00:02.120034
4340	0	8	8	0	0:00:02.135675
4360	6	9	6	0	0:00:02.151651
4380	9	-1	8	0	0:00:02.150916
4400	3	4	4	0	0:00:02.157231
4420	5	8	8	0	0:00:02.238522
4440	2	6	2	0	0:00:02.175278
4460	9	-1	8	0	0:00:02.157795
4480	9	6	6	0	0:00:02.329555
4500	3	6	6	0	0:00:02.163908
4520	3	6	6	0	0:00:02.156076
4540	9	9	9	1	0:00:02.139485
4560	1	1	4	1	0:00:02.137679
4580	6	4	4	0	0:00:02.182360
4600	4	7	4	0	0:00:02.172657
4620	7	3	3	0	0:00:02.152287
4640	2	3	4	0	0:00:02.142190
4660	7	4	2	0	0:00:02.211808
4680	9	1	1	0	0:00:02.158835
4700	6	1	4	0	0:00:02.120066
4720	8	0	0	0	0:00:02.152365
4740	5	3	4	0	0:00:02.176039
4760	3	3	4	1	0:00:02.139138
4780	0	0	8	1	0:00:02.180130
4800	9	9	9	1	0:00:02.116168
4820	3	5	5	0	0:00:02.169237
4840	0	0	0	1	0:00:02.138010
4860	5	3	3	0	0:00:02.157367
4880	0	2	2	0	0:00:02.306836
4900	3	6	6	0	0:00:02.122879
4920	7	7	2	1	0:00:02.129895
4940	6	4	2	0	0:00:02.157360
4960	4	3	3	0	0:00:02.180407
4980	1	9	0	0	0:00:02.159987
5000	7	7	7	1	0:00:02.176687
5020	8	1	8	0	0:00:02.161152
5040	3	-1	4	0	0:00:02.176762
5060	6	2	4	0	0:00:02.239620
5080	7	7	7	1	0:00:02.149941
5100	3	3	4	1	0:00:02.142524
5120	9	9	8	1	0:00:02.199769
5140	8	8	8	1	0:00:02.184172
5160	0	8	8	0	0:00:02.156164
5180	9	6	4	0	0:00:02.133469
5200	3	3	3	1	0:00:02.137434
5220	0	0	0	1	0:00:02.154650
5240	1	9	2	0	0:00:02.158402
5260	0	0	0	1	0:00:02.149125
5280	0	8	8	0	0:00:02.180469
5300	9	1	9	0	0:00:02.160225
5320	7	-1	3	0	0:00:02.161154
5340	3	4	4	0	0:00:02.147640
5360	9	9	3	1	0:00:02.169619
5380	1	9	9	0	0:00:02.153206
5400	9	-1	8	0	0:00:02.124289
5420	6	6	6	1	0:00:02.153735
5440	9	9	9	1	0:00:02.139745
5460	0	7	7	0	0:00:02.175615
5480	1	1	8	1	0:00:02.219573
5500	8	1	8	0	0:00:02.136226
5520	4	-1	3	0	0:00:02.157905
5540	5	6	2	0	0:00:02.140263
5560	3	6	4	0	0:00:02.138185
5580	5	6	6	0	0:00:02.260510
5600	6	-1	0	0	0:00:02.171074
5620	3	2	2	0	0:00:02.174470
5640	2	5	3	0	0:00:02.138807
5660	9	8	8	0	0:00:02.136924
5680	2	1	8	0	0:00:02.150435
5700	3	6	6	0	0:00:02.211861
5720	9	9	9	1	0:00:02.138052
5740	6	4	4	0	0:00:02.160059
5760	2	0	2	0	0:00:02.135751
5780	7	7	4	1	0:00:02.177745
5800	2	4	4	0	0:00:02.156144
5820	5	6	6	0	0:00:02.122129
5840	2	6	6	0	0:00:02.142911
5860	0	8	8	0	0:00:02.210787
5880	0	8	0	0	0:00:02.187718
5900	4	3	4	0	0:00:02.195312
5920	8	8	8	1	0:00:02.171956
5940	7	4	4	0	0:00:02.135159
5960	2	-1	4	0	0:00:02.178703
5980	9	9	6	1	0:00:02.196479
6000	8	9	8	0	0:00:02.159926
6020	6	7	6	0	0:00:02.140098
6040	2	7	7	0	0:00:02.147546
6060	3	4	4	0	0:00:02.165087
6080	1	9	6	0	0:00:02.158096
6100	1	1	8	1	0:00:02.174536
6120	5	-1	5	0	0:00:02.152287
6140	9	9	7	1	0:00:02.161261
6160	2	5	5	0	0:00:02.131164
6180	0	9	8	0	0:00:02.134576
6200	3	9	3	0	0:00:02.133514
6220	2	6	5	0	0:00:02.187068
6240	2	1	4	0	0:00:02.149817
6260	2	9	8	0	0:00:02.131864
6280	8	5	4	0	0:00:02.120277
6300	1	7	4	0	0:00:02.141694
6320	0	0	0	1	0:00:02.140835
6340	3	3	3	1	0:00:02.155364
6360	2	6	2	0	0:00:02.116923
6380	3	-1	6	0	0:00:02.134682
6400	0	1	4	0	0:00:02.147512
6420	7	-1	8	0	0:00:02.148967
6440	3	9	8	0	0:00:02.204403
6460	3	1	4	0	0:00:02.131406
6480	0	-1	2	0	0:00:02.150923
6500	7	0	8	0	0:00:02.118705
6520	6	4	4	0	0:00:02.140289
6540	8	8	8	1	0:00:02.159087
6560	6	6	4	1	0:00:02.127051
6580	1	2	2	0	0:00:02.173367
6600	7	7	7	1	0:00:02.152141
6620	7	7	7	1	0:00:02.151772
6640	5	8	8	0	0:00:02.161342
6660	0	0	8	1	0:00:02.160851
6680	3	5	5	0	0:00:02.147795
6700	6	-1	2	0	0:00:02.140951
6720	2	2	2	1	0:00:02.147889
6740	2	6	4	0	0:00:02.230543
6760	5	3	2	0	0:00:02.136704
6780	7	7	7	1	0:00:02.150624
6800	6	2	4	0	0:00:02.144534
6820	1	1	8	1	0:00:02.188458
6840	9	1	9	0	0:00:02.154344
6860	0	2	2	0	0:00:02.147139
6880	2	7	6	0	0:00:02.197066
6900	3	7	4	0	0:00:02.132425
6920	5	2	2	0	0:00:02.146133
6940	1	1	1	1	0:00:02.148003
6960	9	8	8	0	0:00:02.167261
6980	0	9	8	0	0:00:02.141671
7000	2	8	8	0	0:00:02.140835
7020	7	1	8	0	0:00:02.221816
7040	7	8	8	0	0:00:02.192960
7060	8	0	8	0	0:00:02.120926
7080	5	4	4	0	0:00:02.158683
7100	9	3	3	0	0:00:02.137985
7120	7	5	6	0	0:00:02.147243
7140	4	3	4	0	0:00:02.244804
7160	5	-1	4	0	0:00:02.171089
7180	6	6	6	1	0:00:02.157145
7200	4	6	2	0	0:00:02.155350
7220	9	9	8	1	0:00:02.140968
7240	0	8	8	0	0:00:02.191443
7260	1	8	8	0	0:00:02.206496
7280	1	9	4	0	0:00:02.158724
7300	3	7	4	0	0:00:02.122034
7320	8	0	0	0	0:00:02.172930
7340	2	4	4	0	0:00:02.129962
7360	2	-1	4	0	0:00:02.153718
7380	7	7	7	1	0:00:02.153917
7400	3	3	3	1	0:00:02.141992
7420	3	0	0	0	0:00:02.122057
7440	3	-1	2	0	0:00:02.135785
7460	5	5	5	1	0:00:02.134158
7480	1	8	5	0	0:00:02.126227
7500	6	6	6	1	0:00:02.139525
7520	4	6	4	0	0:00:02.152709
7540	5	5	5	1	0:00:02.123783
7560	0	9	4	0	0:00:02.128425
7580	8	0	8	0	0:00:02.131531
7600	8	9	8	0	0:00:02.173377
7620	5	9	3	0	0:00:02.132745
7640	9	9	6	1	0:00:02.137474
7660	7	9	4	0	0:00:02.133872
7680	3	9	3	0	0:00:02.141059
7700	6	6	6	1	0:00:02.150682
7720	5	-1	4	0	0:00:02.137124
7740	4	6	2	0	0:00:02.154164
7760	2	9	6	0	0:00:02.175792
7780	3	1	8	0	0:00:02.186686
7800	0	0	8	1	0:00:02.144457
7820	5	8	8	0	0:00:02.134922
7840	1	1	1	1	0:00:02.116964
7860	8	-1	4	0	0:00:02.115190
7880	0	0	0	1	0:00:02.173041
7900	0	-1	8	0	0:00:02.278214
7920	9	8	8	0	0:00:02.187808
7940	2	6	6	0	0:00:02.151596
7960	0	0	2	1	0:00:02.165805
7980	3	7	4	0	0:00:02.152868
8000	9	9	9	1	0:00:02.154037
8020	6	3	3	0	0:00:02.159952
8040	2	6	4	0	0:00:02.131286
8060	6	4	4	0	0:00:02.211951
8080	4	6	6	0	0:00:02.159448
8100	6	2	2	0	0:00:02.149460
8120	8	9	8	0	0:00:02.129790
8140	5	4	4	0	0:00:02.127585
8160	6	9	6	0	0:00:02.128450
8180	4	4	4	1	0:00:02.140329
8200	3	-1	2	0	0:00:02.148926
8220	6	2	2	0	0:00:02.174099
8240	7	7	4	1	0:00:02.153544
8260	1	3	3	0	0:00:02.126325
8280	4	5	3	0	0:00:02.175453
8300	5	2	2	0	0:00:02.121802
8320	7	3	4	0	0:00:02.144978
8340	5	3	4	0	0:00:02.177011
8360	7	7	4	1	0:00:02.179425
8380	9	-1	8	0	0:00:02.134545
8400	0	8	8	0	0:00:02.130095
8420	3	4	4	0	0:00:02.141872
8440	5	3	4	0	0:00:02.131496
8460	8	8	8	1	0:00:02.159960
8480	2	1	8	0	0:00:02.136583
8500	4	-1	2	0	0:00:02.171806
8520	8	1	4	0	0:00:02.285209
8540	4	6	2	0	0:00:02.297095
8560	7	-1	4	0	0:00:02.285349
8580	3	0	2	0	0:00:02.155104
8600	3	7	4	0	0:00:02.127497
8620	3	1	4	0	0:00:02.134016
8640	1	1	1	1	0:00:02.138950
8660	7	5	5	0	0:00:02.118361
8680	3	9	8	0	0:00:02.154948
8700	3	3	3	1	0:00:02.111544
8720	2	0	0	0	0:00:02.188781
8740	2	4	4	0	0:00:02.147834
8760	8	8	5	1	0:00:02.125242
8780	4	7	4	0	0:00:02.133502
8800	0	0	0	1	0:00:02.126070
8820	2	3	3	0	0:00:02.227969
8840	2	1	4	0	0:00:02.131563
8860	2	6	6	0	0:00:02.178655
8880	1	9	6	0	0:00:02.187708
8900	2	6	4	0	0:00:02.145411
8920	6	6	6	1	0:00:02.155164
8940	6	3	3	0	0:00:02.182448
8960	0	0	0	1	0:00:02.140341
8980	9	9	8	1	0:00:02.135885
9000	8	8	8	1	0:00:02.290530
9020	7	9	8	0	0:00:02.148444
9040	2	5	5	0	0:00:02.126828
9060	9	5	5	0	0:00:02.144015
9080	3	0	0	0	0:00:02.117078
9100	9	6	6	0	0:00:02.139465
9120	3	0	0	0	0:00:02.159987
9140	7	9	8	0	0:00:02.195451
9160	5	7	4	0	0:00:02.136417
9180	5	5	5	1	0:00:02.121229
9200	8	8	8	1	0:00:02.130649
9220	8	8	8	1	0:00:02.114500
9240	8	8	8	1	0:00:02.138992
9260	5	6	5	0	0:00:02.140053
9280	9	1	8	0	0:00:02.139742
9300	5	3	2	0	0:00:02.106212
9320	9	9	8	1	0:00:02.138059
9340	1	1	1	1	0:00:02.143532
9360	5	4	4	0	0:00:02.127275
9380	5	9	3	0	0:00:02.139902
9400	6	4	4	0	0:00:02.133294
9420	5	6	6	0	0:00:02.163599
9440	8	8	8	1	0:00:02.163750
9460	3	7	6	0	0:00:02.187459
9480	2	4	4	0	0:00:02.161697
9500	9	1	4	0	0:00:02.133210
9520	1	1	1	1	0:00:02.149757
9540	5	3	4	0	0:00:02.137247
9560	9	7	7	0	0:00:02.136922
9580	1	4	4	0	0:00:02.138852
9600	8	8	8	1	0:00:02.153441
9620	4	7	4	0	0:00:02.218716
9640	5	0	6	0	0:00:02.137818
9660	6	6	6	1	0:00:02.154192
9680	8	8	8	1	0:00:02.145237
9700	0	0	2	1	0:00:02.173492
9720	8	6	6	0	0:00:02.129224
9740	3	6	4	0	0:00:02.140836
9760	9	7	4	0	0:00:02.134336
9780	4	6	4	0	0:00:02.166516
9800	1	1	1	1	0:00:02.167804
9820	0	8	8	0	0:00:02.158798
9840	4	5	5	0	0:00:02.168602
9860	0	5	8	0	0:00:02.173729
9880	7	4	4	0	0:00:02.251476
9900	8	0	6	0	0:00:02.228410
9920	6	4	2	0	0:00:02.137180
9940	4	-1	5	0	0:00:02.139303
9960	2	0	0	0	0:00:02.181719
9980	0	0	0	1	0:00:02.180188
