idx	label	predict	basePredict	correct	time
0	3	3	3	1	0:00:02.067877
20	7	7	9	1	0:00:01.981716
40	4	-1	8	0	0:00:01.989471
60	7	7	7	1	0:00:01.984260
80	8	8	8	1	0:00:01.968321
100	4	5	5	0	0:00:02.097507
120	8	0	8	0	0:00:01.989398
140	6	6	2	1	0:00:02.001489
160	2	0	2	0	0:00:01.967880
180	0	0	0	1	0:00:01.977791
200	5	7	5	0	0:00:01.967983
220	7	7	7	1	0:00:01.978801
240	1	1	1	1	0:00:01.957791
260	8	3	3	0	0:00:01.978123
280	9	9	9	1	0:00:01.963615
300	6	6	6	1	0:00:01.964409
320	3	3	2	1	0:00:01.968362
340	2	4	4	0	0:00:01.930960
360	9	-1	5	0	0:00:01.984839
380	6	6	2	1	0:00:01.994062
400	9	9	9	1	0:00:01.931081
420	4	4	4	1	0:00:01.939125
440	1	-1	1	0	0:00:01.978241
460	5	5	5	1	0:00:01.946745
480	8	9	9	0	0:00:01.963195
500	4	6	2	0	0:00:01.939552
520	5	-1	7	0	0:00:01.973464
540	1	1	8	1	0:00:01.956359
560	0	0	0	1	0:00:01.955570
580	4	4	4	1	0:00:01.958963
600	8	8	8	1	0:00:02.036573
620	7	7	5	1	0:00:01.943714
640	5	3	3	0	0:00:01.996013
660	9	9	9	1	0:00:01.948318
680	9	7	7	0	0:00:01.929479
700	7	7	3	1	0:00:01.981073
720	4	9	4	0	0:00:01.975227
740	2	5	3	0	0:00:01.958224
760	3	-1	3	0	0:00:01.949313
780	9	1	9	0	0:00:01.954259
800	7	7	7	1	0:00:01.917615
820	6	5	6	0	0:00:02.008776
840	7	7	7	1	0:00:01.924192
860	4	4	4	1	0:00:01.944660
880	8	8	8	1	0:00:01.993551
900	2	6	2	0	0:00:01.930494
920	6	6	3	1	0:00:01.965723
940	9	9	9	1	0:00:01.959147
960	9	9	9	1	0:00:01.957823
980	2	6	2	0	0:00:01.981927
1000	5	5	5	1	0:00:01.910854
1020	1	1	1	1	0:00:01.870089
1040	7	5	5	0	0:00:01.876315
1060	9	9	9	1	0:00:01.877372
1080	6	6	6	1	0:00:01.870923
1100	7	0	0	0	0:00:01.855388
1120	5	2	2	0	0:00:01.903365
1140	6	-1	4	0	0:00:01.909902
1160	8	0	0	0	0:00:01.886269
1180	3	3	3	1	0:00:01.861903
1200	8	0	0	0	0:00:01.848078
1220	9	6	6	0	0:00:01.798796
1240	2	6	6	0	0:00:01.882437
1260	1	9	9	0	0:00:01.869713
1280	3	7	5	0	0:00:01.870747
1300	4	3	3	0	0:00:01.895287
1320	7	2	2	0	0:00:01.890501
1340	1	1	1	1	0:00:01.923113
1360	7	7	2	1	0:00:01.890764
1380	4	5	5	0	0:00:01.921123
1400	5	3	3	0	0:00:01.903196
1420	4	7	7	0	0:00:01.894112
1440	0	8	8	0	0:00:01.871599
1460	6	6	2	1	0:00:01.864901
1480	1	5	5	0	0:00:01.822070
1500	1	1	1	1	0:00:01.850722
1520	7	7	4	1	0:00:01.856800
1540	8	8	8	1	0:00:01.859838
1560	7	7	7	1	0:00:01.887948
1580	6	1	3	0	0:00:01.920798
1600	8	-1	6	0	0:00:01.872579
1620	5	4	4	0	0:00:01.899491
1640	7	3	3	0	0:00:01.920671
1660	3	5	5	0	0:00:01.901621
1680	6	6	6	1	0:00:01.893945
1700	5	2	2	0	0:00:01.905468
1720	4	-1	2	0	0:00:01.922689
1740	1	-1	9	0	0:00:01.872957
1760	0	0	8	1	0:00:01.895708
1780	7	7	2	1	0:00:01.922982
1800	4	0	8	0	0:00:01.895917
1820	8	-1	8	0	0:00:01.891916
1840	8	-1	4	0	0:00:01.883689
1860	8	8	8	1	0:00:01.836209
1880	1	1	8	1	0:00:01.890595
1900	8	8	8	1	0:00:01.902940
1920	2	2	2	1	0:00:01.892796
1940	5	2	2	0	0:00:01.947080
1960	2	5	5	0	0:00:01.906946
1980	9	9	9	1	0:00:01.897949
2000	1	6	6	0	0:00:01.947624
2020	9	9	9	1	0:00:01.887384
2040	0	0	0	1	0:00:01.900161
2060	5	3	3	0	0:00:01.875796
2080	1	9	9	0	0:00:01.889986
2100	2	2	2	1	0:00:01.877472
2120	4	8	8	0	0:00:01.885828
2140	9	9	9	1	0:00:01.889448
2160	0	8	8	0	0:00:01.887019
2180	4	4	4	1	0:00:01.898283
2200	0	2	2	0	0:00:01.870142
2220	1	1	1	1	0:00:01.873042
2240	9	1	8	0	0:00:01.880087
2260	4	4	4	1	0:00:01.876013
2280	4	-1	2	0	0:00:01.949430
2300	3	-1	2	0	0:00:01.911958
2320	5	2	2	0	0:00:01.892537
2340	7	7	7	1	0:00:01.873364
2360	7	5	5	0	0:00:01.887312
2380	8	8	8	1	0:00:01.903903
2400	0	0	0	1	0:00:01.899140
2420	8	5	5	0	0:00:01.883856
2440	7	7	7	1	0:00:01.887093
2460	9	7	7	0	0:00:01.891663
2480	8	8	8	1	0:00:01.921759
2500	4	-1	2	0	0:00:01.903860
2520	1	1	8	1	0:00:01.898118
2540	2	5	5	0	0:00:01.898783
2560	7	-1	4	0	0:00:01.894991
2580	6	5	5	0	0:00:01.920400
2600	8	8	8	1	0:00:01.878794
2620	1	1	8	1	0:00:01.879081
2640	7	7	4	1	0:00:01.885440
2660	3	5	2	0	0:00:01.906542
2680	0	0	0	1	0:00:01.884007
2700	9	-1	1	0	0:00:01.873930
2720	3	3	3	1	0:00:01.867791
2740	1	1	7	1	0:00:01.878213
2760	2	2	2	1	0:00:01.890207
2780	7	7	7	1	0:00:01.882517
2800	4	6	4	0	0:00:01.886661
2820	6	6	2	1	0:00:01.870572
2840	3	3	3	1	0:00:01.883006
2860	5	7	6	0	0:00:01.886818
2880	4	4	4	1	0:00:01.879364
2900	3	5	5	0	0:00:01.869431
2920	2	3	3	0	0:00:01.869377
2940	3	0	0	0	0:00:01.865762
2960	9	9	9	1	0:00:01.880717
2980	8	-1	8	0	0:00:01.880358
3000	5	5	5	1	0:00:01.879143
3020	1	1	1	1	0:00:01.864553
3040	7	7	7	1	0:00:01.895324
3060	7	7	7	1	0:00:01.874191
3080	1	1	0	1	0:00:01.866781
3100	0	0	0	1	0:00:01.867980
3120	4	6	2	0	0:00:01.886407
3140	8	8	8	1	0:00:01.877941
3160	6	2	2	0	0:00:01.879263
3180	3	3	3	1	0:00:01.875762
3200	5	7	7	0	0:00:01.878359
3220	3	9	3	0	0:00:01.887066
3240	4	1	8	0	0:00:01.876297
3260	7	7	7	1	0:00:01.884017
3280	3	5	5	0	0:00:01.882578
3300	4	4	2	1	0:00:01.883705
3320	2	7	7	0	0:00:01.880642
3340	6	6	2	1	0:00:01.877521
3360	4	6	6	0	0:00:01.872294
3380	8	8	8	1	0:00:01.873124
3400	6	4	4	0	0:00:01.861530
3420	5	3	3	0	0:00:01.867533
3440	2	3	3	0	0:00:01.865782
3460	1	1	1	1	0:00:01.876668
3480	2	2	2	1	0:00:01.878000
3500	1	-1	9	0	0:00:01.879007
3520	1	1	1	1	0:00:01.888386
3540	6	6	3	1	0:00:01.877992
3560	1	9	7	0	0:00:01.890023
3580	4	2	2	0	0:00:01.882212
3600	4	2	2	0	0:00:01.884330
3620	0	6	6	0	0:00:01.873880
3640	6	2	2	0	0:00:01.874653
3660	0	0	8	1	0:00:01.873731
3680	0	4	6	0	0:00:01.879445
3700	3	3	3	1	0:00:01.887450
3720	2	2	2	1	0:00:01.850337
3740	0	0	0	1	0:00:01.863179
3760	7	7	4	1	0:00:01.858454
3780	4	4	2	1	0:00:01.858216
3800	9	9	3	1	0:00:01.875861
3820	0	2	2	0	0:00:01.878971
3840	6	3	3	0	0:00:01.894565
3860	7	7	7	1	0:00:01.922447
3880	6	4	4	0	0:00:01.899623
3900	3	6	6	0	0:00:01.876662
3920	7	9	7	0	0:00:01.861382
3940	6	5	4	0	0:00:01.884996
3960	2	2	2	1	0:00:01.876585
3980	9	7	7	0	0:00:01.898067
4000	8	7	0	0	0:00:01.893009
4020	8	-1	8	0	0:00:01.864995
4040	0	0	0	1	0:00:01.860809
4060	6	-1	3	0	0:00:01.875000
4080	1	1	8	1	0:00:01.865488
4100	7	7	7	1	0:00:01.891783
4120	4	4	8	1	0:00:01.866847
4140	5	5	3	1	0:00:01.892491
4160	5	2	2	0	0:00:01.887994
4180	0	8	8	0	0:00:01.863296
4200	4	2	2	0	0:00:01.859064
4220	4	0	0	0	0:00:01.889080
4240	7	0	8	0	0:00:01.873184
4260	8	8	8	1	0:00:01.846370
4280	8	1	1	0	0:00:01.872399
4300	8	8	8	1	0:00:01.893873
4320	1	8	8	0	0:00:01.868696
4340	0	0	0	1	0:00:01.897843
4360	6	9	9	0	0:00:01.893058
4380	9	9	8	1	0:00:01.853167
4400	3	-1	4	0	0:00:01.877782
4420	5	5	7	1	0:00:01.878694
4440	2	2	2	1	0:00:01.860796
4460	9	9	8	1	0:00:01.872781
4480	9	9	3	1	0:00:01.879346
4500	3	5	5	0	0:00:01.893629
4520	3	6	6	0	0:00:01.881499
4540	9	9	9	1	0:00:01.879254
4560	1	1	1	1	0:00:01.857790
4580	6	4	4	0	0:00:01.862094
4600	4	7	7	0	0:00:01.866512
4620	7	3	3	0	0:00:01.869359
4640	2	-1	2	0	0:00:01.872365
4660	7	4	4	0	0:00:01.874794
4680	9	1	1	0	0:00:01.877472
4700	6	1	5	0	0:00:01.894834
4720	8	0	8	0	0:00:01.904325
4740	5	3	3	0	0:00:01.880102
4760	3	2	2	0	0:00:01.899999
4780	0	0	8	1	0:00:01.865106
4800	9	9	9	1	0:00:01.878780
4820	3	3	3	1	0:00:01.921868
4840	0	0	0	1	0:00:01.903694
4860	5	5	5	1	0:00:01.908206
4880	0	-1	2	0	0:00:01.881475
4900	3	6	6	0	0:00:01.867661
4920	7	7	7	1	0:00:01.880141
4940	6	4	2	0	0:00:01.863201
4960	4	3	3	0	0:00:01.855489
4980	1	9	9	0	0:00:01.897981
5000	7	7	7	1	0:00:01.891001
5020	8	8	8	1	0:00:01.883056
5040	3	1	2	0	0:00:01.853740
5060	6	6	2	1	0:00:01.879961
5080	7	7	7	1	0:00:01.901510
5100	3	3	3	1	0:00:01.865015
5120	9	9	8	1	0:00:01.900246
5140	8	8	8	1	0:00:01.873309
5160	0	0	8	1	0:00:01.878021
5180	9	7	4	0	0:00:01.881404
5200	3	3	3	1	0:00:01.853349
5220	0	0	0	1	0:00:01.852330
5240	1	9	9	0	0:00:01.880998
5260	0	0	0	1	0:00:01.850457
5280	0	9	8	0	0:00:01.862913
5300	9	9	9	1	0:00:01.867318
5320	7	7	7	1	0:00:01.866106
5340	3	4	4	0	0:00:01.890981
5360	9	9	3	1	0:00:01.902164
5380	1	9	9	0	0:00:01.880328
5400	9	9	9	1	0:00:01.883643
5420	6	6	6	1	0:00:01.881089
5440	9	9	9	1	0:00:01.875686
5460	0	0	0	1	0:00:01.876537
5480	1	1	4	1	0:00:01.877426
5500	8	-1	8	0	0:00:01.875159
5520	4	3	3	0	0:00:01.866113
5540	5	6	4	0	0:00:01.888392
5560	3	5	5	0	0:00:01.861822
5580	5	-1	3	0	0:00:01.866734
5600	6	-1	4	0	0:00:01.904510
5620	3	-1	6	0	0:00:01.873830
5640	2	2	2	1	0:00:01.878142
5660	9	9	8	1	0:00:01.888696
5680	2	3	3	0	0:00:01.884610
5700	3	5	3	0	0:00:01.873081
5720	9	9	9	1	0:00:01.870146
5740	6	-1	6	0	0:00:01.867108
5760	2	-1	2	0	0:00:01.871621
5780	7	7	7	1	0:00:01.870361
5800	2	4	4	0	0:00:01.875815
5820	5	-1	3	0	0:00:01.875882
5840	2	2	2	1	0:00:01.867582
5860	0	1	8	0	0:00:01.876282
5880	0	0	0	1	0:00:01.888088
5900	4	3	0	0	0:00:01.871054
5920	8	8	8	1	0:00:01.872475
5940	7	4	4	0	0:00:01.876493
5960	2	6	6	0	0:00:01.869928
5980	9	9	2	1	0:00:01.871980
6000	8	9	8	0	0:00:01.878560
6020	6	6	6	1	0:00:01.878587
6040	2	5	5	0	0:00:01.882592
6060	3	4	2	0	0:00:01.870381
6080	1	1	9	1	0:00:01.867296
6100	1	1	8	1	0:00:01.868522
6120	5	5	5	1	0:00:01.867528
6140	9	9	9	1	0:00:01.874210
6160	2	5	5	0	0:00:01.872325
6180	0	0	0	1	0:00:01.882731
6200	3	3	3	1	0:00:01.877524
6220	2	5	5	0	0:00:01.874722
6240	2	1	2	0	0:00:01.896131
6260	2	9	6	0	0:00:01.868541
6280	8	5	5	0	0:00:01.866608
6300	1	1	2	1	0:00:01.873474
6320	0	0	0	1	0:00:01.861622
6340	3	3	3	1	0:00:01.866824
6360	2	-1	2	0	0:00:01.863554
6380	3	-1	3	0	0:00:01.872750
6400	0	1	8	0	0:00:01.875296
6420	7	7	7	1	0:00:01.874013
6440	3	-1	4	0	0:00:01.866236
6460	3	-1	3	0	0:00:01.875878
6480	0	0	0	1	0:00:01.874643
6500	7	6	6	0	0:00:01.872107
6520	6	2	2	0	0:00:01.873149
6540	8	8	8	1	0:00:01.876089
6560	6	6	2	1	0:00:01.885716
6580	1	-1	4	0	0:00:01.881515
6600	7	7	7	1	0:00:01.883565
6620	7	7	7	1	0:00:01.873690
6640	5	3	3	0	0:00:01.879890
6660	0	0	0	1	0:00:01.876811
6680	3	5	3	0	0:00:01.869702
6700	6	0	0	0	0:00:01.872950
6720	2	2	2	1	0:00:01.881292
6740	2	-1	4	0	0:00:01.881037
6760	5	5	5	1	0:00:01.866055
6780	7	7	7	1	0:00:01.878390
6800	6	4	2	0	0:00:01.876153
6820	1	1	1	1	0:00:01.870716
6840	9	9	1	1	0:00:01.870387
6860	0	2	2	0	0:00:01.898346
6880	2	2	2	1	0:00:01.933224
6900	3	7	7	0	0:00:01.875326
6920	5	-1	2	0	0:00:01.860225
6940	1	1	1	1	0:00:01.896725
6960	9	8	8	0	0:00:01.852820
6980	0	9	8	0	0:00:01.879434
7000	2	0	8	0	0:00:01.890905
7020	7	7	7	1	0:00:01.879949
7040	7	1	8	0	0:00:01.868721
7060	8	8	8	1	0:00:01.860985
7080	5	4	4	0	0:00:01.880905
7100	9	-1	3	0	0:00:01.881535
7120	7	5	5	0	0:00:01.897530
7140	4	-1	3	0	0:00:01.899366
7160	5	5	5	1	0:00:01.894981
7180	6	6	3	1	0:00:01.914143
7200	4	-1	2	0	0:00:01.887743
7220	9	9	8	1	0:00:01.879701
7240	0	8	8	0	0:00:01.883972
7260	1	1	8	1	0:00:01.872623
7280	1	9	9	0	0:00:01.870831
7300	3	4	4	0	0:00:01.878739
7320	8	0	8	0	0:00:01.892619
7340	2	4	4	0	0:00:01.874770
7360	2	7	4	0	0:00:01.903260
7380	7	7	7	1	0:00:01.884131
7400	3	3	3	1	0:00:01.906937
7420	3	4	2	0	0:00:01.882938
7440	3	3	3	1	0:00:01.873631
7460	5	5	5	1	0:00:01.879691
7480	1	8	8	0	0:00:01.882368
7500	6	6	6	1	0:00:01.905296
7520	4	2	2	0	0:00:01.930342
7540	5	5	5	1	0:00:01.911676
7560	0	0	0	1	0:00:01.880632
7580	8	8	8	1	0:00:01.922606
7600	8	9	2	0	0:00:01.867239
7620	5	3	3	0	0:00:01.865192
7640	9	8	8	0	0:00:01.902017
7660	7	9	4	0	0:00:01.883872
7680	3	9	3	0	0:00:01.872567
7700	6	6	6	1	0:00:01.864839
7720	5	2	2	0	0:00:01.879261
7740	4	4	2	1	0:00:01.875675
7760	2	9	2	0	0:00:01.884307
7780	3	-1	8	0	0:00:01.892653
7800	0	0	0	1	0:00:01.870291
7820	5	5	5	1	0:00:01.884182
7840	1	1	1	1	0:00:01.904963
7860	8	8	2	1	0:00:01.900532
7880	0	4	2	0	0:00:01.879843
7900	0	8	8	0	0:00:01.876516
7920	9	9	2	1	0:00:01.872934
7940	2	6	4	0	0:00:01.864024
7960	0	0	0	1	0:00:01.859097
7980	3	3	3	1	0:00:01.872687
8000	9	9	9	1	0:00:01.873613
8020	6	3	3	0	0:00:01.893345
8040	2	2	2	1	0:00:01.861547
8060	6	6	6	1	0:00:01.829984
8080	4	6	2	0	0:00:01.879234
8100	6	2	4	0	0:00:01.900072
8120	8	9	9	0	0:00:01.895083
8140	5	4	4	0	0:00:01.878754
8160	6	6	6	1	0:00:01.880777
8180	4	4	4	1	0:00:01.887600
8200	3	4	4	0	0:00:01.894721
8220	6	7	3	0	0:00:01.879662
8240	7	7	7	1	0:00:01.855738
8260	1	1	1	1	0:00:01.880453
8280	4	5	5	0	0:00:01.878748
8300	5	2	2	0	0:00:01.878508
8320	7	4	3	0	0:00:01.890847
8340	5	3	3	0	0:00:01.872748
8360	7	7	7	1	0:00:01.862795
8380	9	9	9	1	0:00:01.893525
8400	0	8	8	0	0:00:01.914929
8420	3	6	6	0	0:00:01.876489
8440	5	3	3	0	0:00:01.886162
8460	8	8	8	1	0:00:01.887112
8480	2	2	2	1	0:00:01.885754
8500	4	4	4	1	0:00:01.921399
8520	8	1	8	0	0:00:01.907041
8540	4	2	2	0	0:00:01.881510
8560	7	7	7	1	0:00:01.891613
8580	3	2	2	0	0:00:01.899232
8600	3	-1	3	0	0:00:01.889455
8620	3	4	4	0	0:00:01.868704
8640	1	1	8	1	0:00:01.874938
8660	7	7	7	1	0:00:01.889179
8680	3	7	8	0	0:00:01.899142
8700	3	-1	3	0	0:00:01.891750
8720	2	0	0	0	0:00:01.879734
8740	2	2	5	1	0:00:01.875616
8760	8	8	8	1	0:00:01.883829
8780	4	4	2	1	0:00:01.868294
8800	0	0	0	1	0:00:01.908116
8820	2	2	2	1	0:00:01.874900
8840	2	7	7	0	0:00:01.873352
8860	2	2	2	1	0:00:01.878501
8880	1	1	1	1	0:00:01.882862
8900	2	4	4	0	0:00:01.892805
8920	6	6	2	1	0:00:01.878745
8940	6	3	3	0	0:00:01.878072
8960	0	0	0	1	0:00:01.872039
8980	9	9	9	1	0:00:01.885386
9000	8	8	8	1	0:00:01.881919
9020	7	7	7	1	0:00:01.883859
9040	2	5	5	0	0:00:01.875839
9060	9	9	3	1	0:00:01.872622
9080	3	2	2	0	0:00:01.876943
9100	9	1	3	0	0:00:01.878551
9120	3	0	3	0	0:00:01.869627
9140	7	6	5	0	0:00:01.870729
9160	5	3	3	0	0:00:01.869159
9180	5	5	5	1	0:00:01.879961
9200	8	8	8	1	0:00:01.858635
9220	8	8	8	1	0:00:01.871025
9240	8	8	8	1	0:00:01.910911
9260	5	5	5	1	0:00:01.867976
9280	9	8	8	0	0:00:01.865520
9300	5	2	2	0	0:00:01.864287
9320	9	9	9	1	0:00:01.896010
9340	1	1	1	1	0:00:01.876827
9360	5	0	5	0	0:00:01.875641
9380	5	3	3	0	0:00:01.873298
9400	6	6	2	1	0:00:01.864521
9420	5	5	5	1	0:00:01.882718
9440	8	8	8	1	0:00:01.873548
9460	3	7	7	0	0:00:01.872012
9480	2	-1	2	0	0:00:01.882445
9500	9	9	5	1	0:00:01.866816
9520	1	1	1	1	0:00:01.864388
9540	5	3	3	0	0:00:01.875988
9560	9	7	5	0	0:00:01.886531
9580	1	1	4	1	0:00:01.868313
9600	8	8	8	1	0:00:01.867598
9620	4	-1	4	0	0:00:01.862779
9640	5	0	2	0	0:00:01.873076
9660	6	6	6	1	0:00:01.884425
9680	8	8	8	1	0:00:01.872345
9700	0	0	0	1	0:00:01.877288
9720	8	1	8	0	0:00:01.878260
9740	3	6	2	0	0:00:01.873692
9760	9	3	3	0	0:00:01.866720
9780	4	6	2	0	0:00:01.867011
9800	1	1	1	1	0:00:01.877399
9820	0	8	8	0	0:00:01.869545
9840	4	-1	5	0	0:00:01.872016
9860	0	5	5	0	0:00:01.876422
9880	7	8	8	0	0:00:01.876912
9900	8	8	8	1	0:00:01.879103
9920	6	6	4	1	0:00:01.890058
9940	4	5	5	0	0:00:01.863103
9960	2	0	0	0	0:00:01.871794
9980	0	0	0	1	0:00:01.868055
