idx	label	predict	basePredict	correct	time
0	3	-1	4	0	0:00:13.281089
20	7	9	9	0	0:00:13.198008
40	4	8	8	0	0:00:13.234362
60	7	7	4	1	0:00:13.193691
80	8	8	8	1	0:00:13.201529
100	4	5	5	0	0:00:13.194609
120	8	8	8	1	0:00:13.191430
140	6	2	2	0	0:00:13.204114
160	2	2	2	1	0:00:13.191370
180	0	0	0	1	0:00:13.208947
200	5	3	3	0	0:00:13.192997
220	7	7	7	1	0:00:13.218681
240	1	1	1	1	0:00:13.193305
260	8	5	5	0	0:00:13.197445
280	9	9	9	1	0:00:13.200443
300	6	6	4	1	0:00:13.200213
320	3	5	2	0	0:00:13.199796
340	2	4	4	0	0:00:13.198071
360	9	6	6	0	0:00:13.204205
380	6	6	4	1	0:00:13.213302
400	9	1	1	0	0:00:13.201032
420	4	6	6	0	0:00:13.195940
440	1	1	1	1	0:00:13.187283
460	5	5	5	1	0:00:13.213394
480	8	9	9	0	0:00:13.209650
500	4	6	6	0	0:00:13.199393
520	5	7	7	0	0:00:13.207629
540	1	8	8	0	0:00:13.219902
560	0	0	0	1	0:00:13.205262
580	4	6	6	0	0:00:13.224956
600	8	8	8	1	0:00:13.199344
620	7	6	6	0	0:00:13.203813
640	5	3	3	0	0:00:13.196473
660	9	9	9	1	0:00:13.201918
680	9	-1	1	0	0:00:13.196685
700	7	7	7	1	0:00:13.200369
720	4	9	9	0	0:00:13.220508
740	2	5	5	0	0:00:13.212376
760	3	9	9	0	0:00:13.213777
780	9	9	8	1	0:00:13.208624
800	7	7	7	1	0:00:13.202330
820	6	9	9	0	0:00:13.207024
840	7	7	7	1	0:00:13.196698
860	4	6	6	0	0:00:13.197331
880	8	8	8	1	0:00:13.184554
900	2	6	6	0	0:00:13.193480
920	6	2	2	0	0:00:13.215844
940	9	1	1	0	0:00:13.208225
960	9	9	8	1	0:00:13.199577
980	2	6	6	0	0:00:13.189247
1000	5	5	5	1	0:00:13.108446
1020	1	1	1	1	0:00:13.100672
1040	7	5	5	0	0:00:13.112613
1060	9	9	9	1	0:00:13.108757
1080	6	6	6	1	0:00:13.107651
1100	7	8	8	0	0:00:13.100730
1120	5	2	2	0	0:00:13.103861
1140	6	6	6	1	0:00:13.102469
1160	8	0	0	0	0:00:13.104941
1180	3	9	9	0	0:00:13.105719
1200	8	0	0	0	0:00:13.112832
1220	9	7	2	0	0:00:13.099513
1240	2	6	6	0	0:00:13.104516
1260	1	9	9	0	0:00:13.117704
1280	3	7	7	0	0:00:13.115929
1300	4	6	6	0	0:00:13.113536
1320	7	7	2	1	0:00:13.121927
1340	1	1	1	1	0:00:13.100280
1360	7	5	2	0	0:00:13.109886
1380	4	5	5	0	0:00:13.104880
1400	5	6	4	0	0:00:13.116824
1420	4	7	7	0	0:00:13.104184
1440	0	8	0	0	0:00:13.107659
1460	6	6	6	1	0:00:13.117935
1480	1	5	5	0	0:00:13.119322
1500	1	9	9	0	0:00:13.115419
1520	7	6	6	0	0:00:13.108342
1540	8	8	8	1	0:00:13.099781
1560	7	7	7	1	0:00:13.106611
1580	6	1	1	0	0:00:13.105045
1600	8	9	6	0	0:00:13.105704
1620	5	8	8	0	0:00:13.104153
1640	7	5	5	0	0:00:13.106744
1660	3	5	5	0	0:00:13.112692
1680	6	6	6	1	0:00:13.102879
1700	5	2	2	0	0:00:13.117469
1720	4	0	0	0	0:00:13.113167
1740	1	9	9	0	0:00:13.115879
1760	0	8	8	0	0:00:13.116312
1780	7	8	8	0	0:00:13.116402
1800	4	8	8	0	0:00:13.113227
1820	8	1	1	0	0:00:13.109543
1840	8	7	7	0	0:00:13.118153
1860	8	8	8	1	0:00:13.115115
1880	1	1	1	1	0:00:13.119199
1900	8	8	8	1	0:00:13.108683
1920	2	2	2	1	0:00:13.116207
1940	5	2	2	0	0:00:13.118314
1960	2	5	5	0	0:00:13.114308
1980	9	9	9	1	0:00:13.111897
2000	1	6	6	0	0:00:13.108224
2020	9	9	9	1	0:00:13.110563
2040	0	8	8	0	0:00:13.111479
2060	5	5	5	1	0:00:13.110574
2080	1	1	1	1	0:00:13.114234
2100	2	4	4	0	0:00:13.114330
2120	4	8	8	0	0:00:13.114243
2140	9	1	1	0	0:00:13.122108
2160	0	8	8	0	0:00:13.111210
2180	4	6	6	0	0:00:13.113898
2200	0	0	0	1	0:00:13.119723
2220	1	1	1	1	0:00:13.109742
2240	9	9	9	1	0:00:13.112741
2260	4	6	4	0	0:00:13.121513
2280	4	8	8	0	0:00:13.119220
2300	3	6	6	0	0:00:13.118935
2320	5	8	0	0	0:00:13.123992
2340	7	7	7	1	0:00:13.115835
2360	7	7	7	1	0:00:13.101357
2380	8	8	8	1	0:00:13.110528
2400	0	4	4	0	0:00:13.108416
2420	8	5	5	0	0:00:13.125443
2440	7	1	8	0	0:00:13.110656
2460	9	9	6	1	0:00:13.110510
2480	8	8	8	1	0:00:13.115643
2500	4	6	4	0	0:00:13.111207
2520	1	8	8	0	0:00:13.104746
2540	2	3	3	0	0:00:13.110718
2560	7	6	2	0	0:00:13.120742
2580	6	6	4	1	0:00:13.117100
2600	8	8	8	1	0:00:13.111368
2620	1	6	4	0	0:00:13.112275
2640	7	7	7	1	0:00:13.118562
2660	3	0	0	0	0:00:13.112950
2680	0	0	0	1	0:00:13.117821
2700	9	3	3	0	0:00:13.117748
2720	3	8	8	0	0:00:13.109682
2740	1	1	1	1	0:00:13.117420
2760	2	6	6	0	0:00:13.117846
2780	7	7	7	1	0:00:13.123627
2800	4	6	6	0	0:00:13.121726
2820	6	6	6	1	0:00:13.107442
2840	3	7	7	0	0:00:13.123294
2860	5	7	7	0	0:00:13.118701
2880	4	4	4	1	0:00:13.118829
2900	3	5	5	0	0:00:13.113359
2920	2	3	8	0	0:00:13.107786
2940	3	0	0	0	0:00:13.114562
2960	9	7	9	0	0:00:13.108760
2980	8	1	1	0	0:00:13.107994
3000	5	5	5	1	0:00:13.114757
3020	1	1	8	1	0:00:13.120965
3040	7	7	7	1	0:00:13.093347
3060	7	7	7	1	0:00:13.116658
3080	1	6	2	0	0:00:13.122065
3100	0	0	0	1	0:00:13.117463
3120	4	6	6	0	0:00:13.112791
3140	8	8	8	1	0:00:13.110550
3160	6	4	4	0	0:00:13.111740
3180	3	9	8	0	0:00:13.112647
3200	5	7	7	0	0:00:13.110938
3220	3	9	9	0	0:00:13.112927
3240	4	1	8	0	0:00:13.117361
3260	7	7	7	1	0:00:13.119084
3280	3	5	0	0	0:00:13.115340
3300	4	6	6	0	0:00:13.121271
3320	2	7	7	0	0:00:13.117801
3340	6	6	6	1	0:00:13.116851
3360	4	6	6	0	0:00:13.114246
3380	8	8	8	1	0:00:13.116790
3400	6	1	1	0	0:00:13.111700
3420	5	6	6	0	0:00:13.109465
3440	2	9	9	0	0:00:13.109529
3460	1	1	1	1	0:00:13.116644
3480	2	2	2	1	0:00:13.120614
3500	1	1	1	1	0:00:13.118760
3520	1	1	1	1	0:00:13.115260
3540	6	8	8	0	0:00:13.121687
3560	1	9	9	0	0:00:13.111898
3580	4	1	1	0	0:00:13.118708
3600	4	2	2	0	0:00:13.117282
3620	0	7	6	0	0:00:13.114144
3640	6	2	0	0	0:00:13.097268
3660	0	8	8	0	0:00:13.110497
3680	0	2	2	0	0:00:13.113489
3700	3	5	5	0	0:00:13.122547
3720	2	2	2	1	0:00:13.121518
3740	0	0	0	1	0:00:13.120026
3760	7	7	7	1	0:00:13.120017
3780	4	2	2	0	0:00:13.121601
3800	9	3	3	0	0:00:13.123514
3820	0	0	0	1	0:00:13.106475
3840	6	8	8	0	0:00:13.110293
3860	7	7	7	1	0:00:13.110411
3880	6	4	4	0	0:00:13.106169
3900	3	0	0	0	0:00:13.101685
3920	7	9	8	0	0:00:13.111910
3940	6	7	7	0	0:00:13.122643
3960	2	5	5	0	0:00:13.121813
3980	9	7	7	0	0:00:13.109326
4000	8	7	0	0	0:00:13.116426
4020	8	8	8	1	0:00:13.117802
4040	0	0	0	1	0:00:13.113944
4060	6	6	0	1	0:00:13.111409
4080	1	1	8	1	0:00:13.120960
4100	7	7	7	1	0:00:13.120580
4120	4	0	0	0	0:00:13.118381
4140	5	-1	3	0	0:00:13.119987
4160	5	2	2	0	0:00:13.119585
4180	0	-1	8	0	0:00:13.113416
4200	4	2	2	0	0:00:13.110889
4220	4	0	0	0	0:00:13.105265
4240	7	8	8	0	0:00:13.117517
4260	8	8	8	1	0:00:13.122661
4280	8	8	8	1	0:00:13.113707
4300	8	8	8	1	0:00:13.112352
4320	1	8	8	0	0:00:13.110326
4340	0	0	0	1	0:00:13.113608
4360	6	9	9	0	0:00:13.114007
4380	9	9	9	1	0:00:13.115009
4400	3	6	8	0	0:00:13.112275
4420	5	8	8	0	0:00:13.117034
4440	2	6	6	0	0:00:13.117746
4460	9	1	8	0	0:00:13.118270
4480	9	9	6	1	0:00:13.109676
4500	3	7	7	0	0:00:13.120172
4520	3	6	6	0	0:00:13.117965
4540	9	9	9	1	0:00:13.120375
4560	1	1	1	1	0:00:13.120228
4580	6	6	6	1	0:00:13.123045
4600	4	7	7	0	0:00:13.121798
4620	7	3	3	0	0:00:13.121480
4640	2	5	5	0	0:00:13.116349
4660	7	6	2	0	0:00:13.113687
4680	9	1	1	0	0:00:13.120809
4700	6	1	1	0	0:00:13.112638
4720	8	0	0	0	0:00:13.113196
4740	5	6	6	0	0:00:13.111281
4760	3	2	2	0	0:00:13.111951
4780	0	0	0	1	0:00:13.109119
4800	9	9	9	1	0:00:13.112502
4820	3	5	5	0	0:00:13.111430
4840	0	0	0	1	0:00:13.115746
4860	5	5	5	1	0:00:13.113199
4880	0	2	2	0	0:00:13.111649
4900	3	1	1	0	0:00:13.108663
4920	7	7	0	1	0:00:13.114753
4940	6	6	2	1	0:00:13.121829
4960	4	6	6	0	0:00:13.117296
4980	1	9	9	0	0:00:13.120777
5000	7	7	7	1	0:00:13.121115
5020	8	8	8	1	0:00:13.119282
5040	3	4	4	0	0:00:13.121291
5060	6	6	6	1	0:00:13.119956
5080	7	7	7	1	0:00:13.106791
5100	3	4	4	0	0:00:13.112938
5120	9	8	8	0	0:00:13.122917
5140	8	8	8	1	0:00:13.117913
5160	0	8	8	0	0:00:13.110903
5180	9	6	6	0	0:00:13.114690
5200	3	3	3	1	0:00:13.110733
5220	0	0	0	1	0:00:13.111079
5240	1	9	3	0	0:00:13.114892
5260	0	0	0	1	0:00:13.110034
5280	0	8	8	0	0:00:13.111344
5300	9	1	1	0	0:00:13.113674
5320	7	7	7	1	0:00:13.113629
5340	3	2	2	0	0:00:13.112206
5360	9	9	9	1	0:00:13.113473
5380	1	9	9	0	0:00:13.108695
5400	9	0	0	0	0:00:13.110972
5420	6	6	6	1	0:00:13.104131
5440	9	9	9	1	0:00:13.095418
5460	0	0	2	1	0:00:13.118552
5480	1	1	8	1	0:00:13.116874
5500	8	1	8	0	0:00:13.108609
5520	4	5	5	0	0:00:13.113110
5540	5	6	6	0	0:00:13.106307
5560	3	6	6	0	0:00:13.119664
5580	5	6	6	0	0:00:13.120425
5600	6	8	8	0	0:00:13.118560
5620	3	4	4	0	0:00:13.117611
5640	2	3	3	0	0:00:13.123105
5660	9	9	8	1	0:00:13.119172
5680	2	1	8	0	0:00:13.120959
5700	3	6	6	0	0:00:13.117250
5720	9	9	9	1	0:00:13.112283
5740	6	6	6	1	0:00:13.108153
5760	2	2	8	1	0:00:13.112194
5780	7	7	7	1	0:00:13.112412
5800	2	6	6	0	0:00:13.118756
5820	5	6	6	0	0:00:13.122053
5840	2	6	6	0	0:00:13.119736
5860	0	8	8	0	0:00:13.124237
5880	0	8	0	0	0:00:13.111937
5900	4	5	4	0	0:00:13.110307
5920	8	8	8	1	0:00:13.120054
5940	7	4	4	0	0:00:13.118097
5960	2	7	7	0	0:00:13.115550
5980	9	9	9	1	0:00:13.118015
6000	8	9	8	0	0:00:13.115338
6020	6	6	6	1	0:00:13.120449
6040	2	7	7	0	0:00:13.112095
6060	3	4	4	0	0:00:13.108593
6080	1	1	1	1	0:00:13.122930
6100	1	1	8	1	0:00:13.111936
6120	5	5	5	1	0:00:13.109122
6140	9	9	9	1	0:00:13.113569
6160	2	5	5	0	0:00:13.114135
6180	0	8	8	0	0:00:13.111410
6200	3	3	3	1	0:00:13.106129
6220	2	6	6	0	0:00:13.123843
6240	2	1	6	0	0:00:13.121344
6260	2	9	9	0	0:00:13.119515
6280	8	5	5	0	0:00:13.110893
6300	1	-1	4	0	0:00:13.112475
6320	0	0	0	1	0:00:13.122328
6340	3	3	3	1	0:00:13.116531
6360	2	6	2	0	0:00:13.115815
6380	3	1	6	0	0:00:13.118960
6400	0	1	1	0	0:00:13.119960
6420	7	7	7	1	0:00:13.115501
6440	3	8	8	0	0:00:13.111361
6460	3	1	1	0	0:00:13.122026
6480	0	0	0	1	0:00:13.120991
6500	7	0	0	0	0:00:13.120948
6520	6	4	4	0	0:00:13.117074
6540	8	8	8	1	0:00:13.114628
6560	6	6	6	1	0:00:13.104689
6580	1	8	8	0	0:00:13.107052
6600	7	7	7	1	0:00:13.116413
6620	7	7	7	1	0:00:13.114840
6640	5	3	3	0	0:00:13.111583
6660	0	0	8	1	0:00:13.105472
6680	3	3	3	1	0:00:13.122997
6700	6	6	6	1	0:00:13.119149
6720	2	2	2	1	0:00:13.114002
6740	2	6	6	0	0:00:13.097148
6760	5	2	2	0	0:00:13.114797
6780	7	7	7	1	0:00:13.115718
6800	6	6	6	1	0:00:13.117944
6820	1	1	1	1	0:00:13.114364
6840	9	1	1	0	0:00:13.116149
6860	0	0	0	1	0:00:13.119618
6880	2	7	7	0	0:00:13.115728
6900	3	7	7	0	0:00:13.117820
6920	5	2	2	0	0:00:13.112960
6940	1	1	1	1	0:00:13.113945
6960	9	8	8	0	0:00:13.114719
6980	0	9	9	0	0:00:13.100123
7000	2	8	8	0	0:00:13.116522
7020	7	7	7	1	0:00:13.118667
7040	7	8	8	0	0:00:13.111981
7060	8	-1	8	0	0:00:13.115096
7080	5	4	4	0	0:00:13.111428
7100	9	3	3	0	0:00:13.114074
7120	7	7	7	1	0:00:13.109857
7140	4	4	4	1	0:00:13.102680
7160	5	4	4	0	0:00:13.117550
7180	6	6	6	1	0:00:13.119506
7200	4	6	6	0	0:00:13.117243
7220	9	8	8	0	0:00:13.119315
7240	0	8	8	0	0:00:13.117845
7260	1	8	8	0	0:00:13.115152
7280	1	1	6	1	0:00:13.118057
7300	3	0	0	0	0:00:13.117732
7320	8	0	0	0	0:00:13.120672
7340	2	4	4	0	0:00:13.115651
7360	2	-1	5	0	0:00:13.122202
7380	7	7	7	1	0:00:13.115900
7400	3	9	9	0	0:00:13.122596
7420	3	0	0	0	0:00:13.114508
7440	3	6	6	0	0:00:13.119763
7460	5	5	5	1	0:00:13.105568
7480	1	5	5	0	0:00:13.109843
7500	6	6	6	1	0:00:13.109160
7520	4	6	6	0	0:00:13.113423
7540	5	5	5	1	0:00:13.118008
7560	0	6	2	0	0:00:13.110009
7580	8	8	8	1	0:00:13.110697
7600	8	9	9	0	0:00:13.113178
7620	5	3	3	0	0:00:13.120139
7640	9	8	8	0	0:00:13.118236
7660	7	1	1	0	0:00:13.113060
7680	3	9	9	0	0:00:13.117920
7700	6	6	6	1	0:00:13.120174
7720	5	6	6	0	0:00:13.112332
7740	4	6	2	0	0:00:13.109991
7760	2	9	9	0	0:00:13.114433
7780	3	1	1	0	0:00:13.113557
7800	0	0	0	1	0:00:13.108643
7820	5	8	8	0	0:00:13.101750
7840	1	1	1	1	0:00:13.122277
7860	8	-1	4	0	0:00:13.116821
7880	0	-1	2	0	0:00:13.117793
7900	0	8	8	0	0:00:13.112955
7920	9	8	8	0	0:00:13.112826
7940	2	6	6	0	0:00:13.109535
7960	0	0	0	1	0:00:13.111667
7980	3	7	4	0	0:00:13.114310
8000	9	9	9	1	0:00:13.113695
8020	6	6	6	1	0:00:13.114494
8040	2	6	6	0	0:00:13.117152
8060	6	6	6	1	0:00:13.110855
8080	4	6	6	0	0:00:13.122585
8100	6	2	2	0	0:00:13.118624
8120	8	9	8	0	0:00:13.111443
8140	5	6	6	0	0:00:13.108752
8160	6	9	6	0	0:00:13.111389
8180	4	6	6	0	0:00:13.114837
8200	3	6	6	0	0:00:13.110052
8220	6	6	6	1	0:00:13.121433
8240	7	7	7	1	0:00:13.120865
8260	1	1	1	1	0:00:13.118149
8280	4	5	5	0	0:00:13.126077
8300	5	2	2	0	0:00:13.115677
8320	7	4	4	0	0:00:13.116961
8340	5	5	5	1	0:00:13.119570
8360	7	7	7	1	0:00:13.116772
8380	9	8	8	0	0:00:13.116667
8400	0	8	8	0	0:00:13.117615
8420	3	6	4	0	0:00:13.117475
8440	5	9	4	0	0:00:13.115583
8460	8	8	8	1	0:00:13.113914
8480	2	1	8	0	0:00:13.117464
8500	4	2	2	0	0:00:13.116169
8520	8	6	6	0	0:00:13.117219
8540	4	6	4	0	0:00:13.119997
8560	7	7	7	1	0:00:13.128078
8580	3	1	1	0	0:00:13.119039
8600	3	7	7	0	0:00:13.118932
8620	3	4	4	0	0:00:13.120793
8640	1	1	1	1	0:00:13.118785
8660	7	5	5	0	0:00:13.118029
8680	3	9	0	0	0:00:13.116214
8700	3	5	5	0	0:00:13.117184
8720	2	0	0	0	0:00:13.117885
8740	2	6	6	0	0:00:13.116635
8760	8	8	8	1	0:00:13.120279
8780	4	4	4	1	0:00:13.115182
8800	0	0	0	1	0:00:13.102680
8820	2	2	2	1	0:00:13.113033
8840	2	1	1	0	0:00:13.117180
8860	2	2	2	1	0:00:13.114708
8880	1	1	6	1	0:00:13.114007
8900	2	6	4	0	0:00:13.115500
8920	6	6	6	1	0:00:13.112850
8940	6	3	3	0	0:00:13.115704
8960	0	0	0	1	0:00:13.114121
8980	9	9	9	1	0:00:13.117259
9000	8	8	8	1	0:00:13.116835
9020	7	7	7	1	0:00:13.114975
9040	2	5	5	0	0:00:13.117946
9060	9	5	5	0	0:00:13.116999
9080	3	0	0	0	0:00:13.114788
9100	9	6	6	0	0:00:13.116984
9120	3	0	0	0	0:00:13.116042
9140	7	8	8	0	0:00:13.117772
9160	5	5	5	1	0:00:13.114512
9180	5	5	5	1	0:00:13.118248
9200	8	8	8	1	0:00:13.117332
9220	8	8	8	1	0:00:13.115127
9240	8	8	8	1	0:00:13.118466
9260	5	5	5	1	0:00:13.117859
9280	9	0	8	0	0:00:13.121880
9300	5	5	2	1	0:00:13.118549
9320	9	9	8	1	0:00:13.122898
9340	1	1	1	1	0:00:13.115205
9360	5	0	6	0	0:00:13.125325
9380	5	9	9	0	0:00:13.126176
9400	6	6	6	1	0:00:13.111324
9420	5	6	6	0	0:00:13.127151
9440	8	8	8	1	0:00:13.111337
9460	3	6	6	0	0:00:13.122390
9480	2	4	4	0	0:00:13.119978
9500	9	1	1	0	0:00:13.121219
9520	1	1	1	1	0:00:13.123466
9540	5	5	5	1	0:00:13.120299
9560	9	7	7	0	0:00:13.123589
9580	1	4	4	0	0:00:13.116625
9600	8	8	8	1	0:00:13.119010
9620	4	7	7	0	0:00:13.117091
9640	5	0	0	0	0:00:13.119259
9660	6	6	6	1	0:00:13.115251
9680	8	8	8	1	0:00:13.116340
9700	0	0	0	1	0:00:13.118528
9720	8	6	6	0	0:00:13.120204
9740	3	6	6	0	0:00:13.120859
9760	9	9	7	1	0:00:13.122659
9780	4	6	6	0	0:00:13.115617
9800	1	1	1	1	0:00:13.119912
9820	0	8	8	0	0:00:13.116470
9840	4	7	7	0	0:00:13.116904
9860	0	2	8	0	0:00:13.121923
9880	7	4	4	0	0:00:13.121259
9900	8	0	0	0	0:00:13.122008
9920	6	6	6	1	0:00:13.119516
9940	4	5	5	0	0:00:13.118426
9960	2	0	0	0	0:00:13.117362
9980	0	0	0	1	0:00:13.123294
