idx	label	predict	basePredict	correct	time
0	3	3	3	1	0:00:26.343988
20	7	7	7	1	0:00:02.706800
40	4	4	4	1	0:00:02.631915
60	7	7	7	1	0:00:02.535994
80	8	8	8	1	0:00:02.674007
100	4	-1	2	0	0:00:02.623564
120	8	8	8	1	0:00:03.093155
140	6	6	6	1	0:00:02.650717
160	2	2	2	1	0:00:04.137482
180	0	0	0	1	0:00:02.649412
200	5	5	5	1	0:00:02.576921
220	7	7	7	1	0:00:02.601009
240	1	1	1	1	0:00:02.529419
260	8	8	3	1	0:00:02.544155
280	9	9	9	1	0:00:02.637836
300	6	6	6	1	0:00:02.636194
320	3	3	3	1	0:00:02.544323
340	2	4	4	0	0:00:02.545839
360	9	9	5	1	0:00:02.549479
380	6	6	2	1	0:00:02.542823
400	9	9	9	1	0:00:02.540604
420	4	4	4	1	0:00:02.787465
440	1	1	1	1	0:00:02.547449
460	5	5	5	1	0:00:02.552883
480	8	9	9	0	0:00:08.289278
500	4	6	2	0	0:00:02.548275
520	5	5	5	1	0:00:02.532917
540	1	1	1	1	0:00:02.524786
560	0	0	0	1	0:00:02.555691
580	4	4	4	1	0:00:02.627203
600	8	8	8	1	0:00:02.557829
620	7	7	7	1	0:00:04.744034
640	5	3	3	0	0:00:02.534256
660	9	9	9	1	0:00:02.636871
680	9	9	2	1	0:00:03.795672
700	7	7	7	1	0:00:02.639680
720	4	9	4	0	0:00:02.578175
740	2	3	3	0	0:00:02.595902
760	3	3	3	1	0:00:02.537391
780	9	9	9	1	0:00:02.660113
800	7	7	7	1	0:00:02.673362
820	6	6	6	1	0:00:02.562457
840	7	7	7	1	0:00:02.572208
860	4	4	4	1	0:00:02.597315
880	8	8	8	1	0:00:02.558068
900	2	2	2	1	0:00:02.642888
920	6	6	6	1	0:00:04.493834
940	9	9	9	1	0:00:02.626846
960	9	9	9	1	0:00:02.618114
980	2	6	2	0	0:00:02.910303
1000	5	5	5	1	0:00:01.833175
1020	1	1	1	1	0:00:01.898784
1040	7	5	5	0	0:00:01.857953
1060	9	9	9	1	0:00:01.955335
1080	6	6	6	1	0:00:01.938594
1100	7	0	0	0	0:00:01.904953
1120	5	5	2	1	0:00:01.943811
1140	6	6	4	1	0:00:01.850000
1160	8	8	0	1	0:00:01.861150
1180	3	3	3	1	0:00:01.844227
1200	8	8	8	1	0:00:01.898646
1220	9	6	6	0	0:00:01.842936
1240	2	6	6	0	0:00:01.841078
1260	1	9	9	0	0:00:01.845636
1280	3	3	3	1	0:00:01.862104
1300	4	3	3	0	0:00:01.840460
1320	7	2	2	0	0:00:01.847261
1340	1	1	1	1	0:00:01.836540
1360	7	7	7	1	0:00:01.833687
1380	4	5	5	0	0:00:01.872894
1400	5	3	3	0	0:00:01.848557
1420	4	7	4	0	0:00:01.871614
1440	0	0	8	1	0:00:01.849465
1460	6	6	2	1	0:00:01.840138
1480	1	1	5	1	0:00:01.836694
1500	1	1	1	1	0:00:01.845200
1520	7	7	7	1	0:00:01.848302
1540	8	8	8	1	0:00:01.836300
1560	7	7	7	1	0:00:01.827333
1580	6	1	3	0	0:00:01.826190
1600	8	9	6	0	0:00:01.848992
1620	5	4	4	0	0:00:01.867151
1640	7	3	3	0	0:00:01.835911
1660	3	3	3	1	0:00:01.839010
1680	6	6	6	1	0:00:01.946081
1700	5	5	3	1	0:00:01.937015
1720	4	4	2	1	0:00:01.932735
1740	1	1	1	1	0:00:01.941846
1760	0	0	0	1	0:00:01.850046
1780	7	7	7	1	0:00:01.885862
1800	4	4	8	1	0:00:01.874295
1820	8	8	8	1	0:00:01.832713
1840	8	9	4	0	0:00:01.922147
1860	8	8	8	1	0:00:01.875215
1880	1	1	1	1	0:00:01.930520
1900	8	8	8	1	0:00:01.847349
1920	2	2	2	1	0:00:01.838234
1940	5	5	2	1	0:00:01.839404
1960	2	5	5	0	0:00:01.825810
1980	9	9	9	1	0:00:01.836242
2000	1	1	2	1	0:00:01.838249
2020	9	9	9	1	0:00:01.863634
2040	0	0	0	1	0:00:01.856840
2060	5	3	3	0	0:00:01.852584
2080	1	1	9	1	0:00:01.845060
2100	2	2	2	1	0:00:01.834984
2120	4	8	8	0	0:00:01.883190
2140	9	9	9	1	0:00:01.842798
2160	0	0	8	1	0:00:01.843318
2180	4	4	4	1	0:00:01.845672
2200	0	2	2	0	0:00:01.837040
2220	1	1	1	1	0:00:01.822465
2240	9	9	8	1	0:00:01.830930
2260	4	4	4	1	0:00:01.838028
2280	4	-1	2	0	0:00:01.837158
2300	3	3	2	1	0:00:01.836490
2320	5	2	2	0	0:00:01.842429
2340	7	7	7	1	0:00:01.834348
2360	7	7	5	1	0:00:01.823453
2380	8	8	8	1	0:00:01.845738
2400	0	0	0	1	0:00:01.837975
2420	8	1	5	0	0:00:01.845340
2440	7	7	7	1	0:00:01.824688
2460	9	7	3	0	0:00:01.840959
2480	8	8	8	1	0:00:01.846350
2500	4	4	4	1	0:00:01.941389
2520	1	1	7	1	0:00:01.844349
2540	2	5	5	0	0:00:01.844871
2560	7	7	4	1	0:00:01.855051
2580	6	6	6	1	0:00:01.932912
2600	8	8	8	1	0:00:01.831822
2620	1	1	8	1	0:00:01.840176
2640	7	7	7	1	0:00:01.854519
2660	3	5	2	0	0:00:01.861069
2680	0	0	0	1	0:00:01.859323
2700	9	9	1	1	0:00:01.861831
2720	3	3	3	1	0:00:01.843842
2740	1	1	1	1	0:00:01.828699
2760	2	2	2	1	0:00:01.921033
2780	7	7	7	1	0:00:01.940210
2800	4	4	4	1	0:00:01.830610
2820	6	6	6	1	0:00:01.941873
2840	3	3	3	1	0:00:01.948676
2860	5	7	6	0	0:00:01.928113
2880	4	4	4	1	0:00:01.866295
2900	3	5	2	0	0:00:01.937253
2920	2	3	3	0	0:00:01.835603
2940	3	0	0	0	0:00:01.852968
2960	9	9	9	1	0:00:01.839687
2980	8	8	8	1	0:00:01.902901
3000	5	5	5	1	0:00:01.843692
3020	1	1	1	1	0:00:01.847511
3040	7	7	7	1	0:00:01.837866
3060	7	7	7	1	0:00:01.843147
3080	1	1	1	1	0:00:01.849235
3100	0	0	0	1	0:00:01.934010
3120	4	6	2	0	0:00:01.833617
3140	8	8	8	1	0:00:01.848127
3160	6	2	2	0	0:00:01.845107
3180	3	3	3	1	0:00:01.838622
3200	5	7	7	0	0:00:01.853485
3220	3	9	3	0	0:00:01.838127
3240	4	1	8	0	0:00:01.830732
3260	7	7	7	1	0:00:01.933818
3280	3	5	5	0	0:00:01.916669
3300	4	4	4	1	0:00:01.940972
3320	2	7	7	0	0:00:01.838031
3340	6	6	2	1	0:00:01.857441
3360	4	4	4	1	0:00:01.937941
3380	8	8	8	1	0:00:01.941671
3400	6	4	4	0	0:00:01.837109
3420	5	3	3	0	0:00:01.837021
3440	2	3	3	0	0:00:01.855722
3460	1	1	1	1	0:00:01.923584
3480	2	2	2	1	0:00:01.844683
3500	1	1	1	1	0:00:01.845910
3520	1	1	1	1	0:00:01.821453
3540	6	6	6	1	0:00:01.931095
3560	1	9	8	0	0:00:01.847348
3580	4	4	4	1	0:00:01.846611
3600	4	2	2	0	0:00:01.931908
3620	0	0	6	1	0:00:01.814832
3640	6	2	2	0	0:00:01.821816
3660	0	0	8	1	0:00:01.823798
3680	0	-1	2	0	0:00:01.858184
3700	3	3	3	1	0:00:01.853292
3720	2	2	2	1	0:00:01.839202
3740	0	0	0	1	0:00:01.829369
3760	7	7	7	1	0:00:01.845381
3780	4	4	2	1	0:00:01.858887
3800	9	9	9	1	0:00:01.833740
3820	0	0	2	1	0:00:01.838566
3840	6	3	3	0	0:00:01.861249
3860	7	7	7	1	0:00:01.838505
3880	6	4	3	0	0:00:01.841132
3900	3	6	6	0	0:00:01.864911
3920	7	7	7	1	0:00:01.843714
3940	6	5	4	0	0:00:01.851635
3960	2	2	2	1	0:00:01.856116
3980	9	9	9	1	0:00:01.839210
4000	8	0	8	0	0:00:01.831067
4020	8	8	8	1	0:00:01.858953
4040	0	0	0	1	0:00:01.837874
4060	6	6	3	1	0:00:01.837510
4080	1	1	8	1	0:00:01.836090
4100	7	7	7	1	0:00:01.948856
4120	4	4	4	1	0:00:01.844026
4140	5	5	5	1	0:00:01.835138
4160	5	5	2	1	0:00:01.836466
4180	0	0	8	1	0:00:01.843392
4200	4	2	2	0	0:00:01.851967
4220	4	0	0	0	0:00:01.853218
4240	7	0	8	0	0:00:01.833546
4260	8	8	8	1	0:00:01.849021
4280	8	1	8	0	0:00:01.847911
4300	8	8	8	1	0:00:01.832946
4320	1	8	8	0	0:00:01.848679
4340	0	0	0	1	0:00:01.929851
4360	6	9	6	0	0:00:01.851130
4380	9	9	8	1	0:00:01.831317
4400	3	-1	4	0	0:00:01.839877
4420	5	5	7	1	0:00:01.827799
4440	2	2	2	1	0:00:01.825135
4460	9	9	8	1	0:00:01.835546
4480	9	9	9	1	0:00:01.854309
4500	3	5	5	0	0:00:01.836503
4520	3	6	6	0	0:00:01.841239
4540	9	9	9	1	0:00:01.839793
4560	1	1	1	1	0:00:01.846764
4580	6	6	4	1	0:00:01.860889
4600	4	7	4	0	0:00:01.844515
4620	7	3	3	0	0:00:01.846532
4640	2	2	2	1	0:00:01.852623
4660	7	7	4	1	0:00:01.852028
4680	9	-1	1	0	0:00:01.841058
4700	6	1	5	0	0:00:01.845250
4720	8	8	8	1	0:00:01.835161
4740	5	3	3	0	0:00:01.844629
4760	3	-1	2	0	0:00:01.837986
4780	0	0	8	1	0:00:01.850890
4800	9	9	9	1	0:00:01.829831
4820	3	3	3	1	0:00:01.831281
4840	0	0	0	1	0:00:01.822612
4860	5	5	5	1	0:00:01.822215
4880	0	0	8	1	0:00:01.826346
4900	3	3	6	1	0:00:01.843789
4920	7	7	7	1	0:00:01.848354
4940	6	6	2	1	0:00:01.826193
4960	4	3	3	0	0:00:01.822246
4980	1	9	9	0	0:00:01.875304
5000	7	7	7	1	0:00:01.853893
5020	8	8	8	1	0:00:01.933284
5040	3	3	3	1	0:00:01.836001
5060	6	6	2	1	0:00:01.945662
5080	7	7	7	1	0:00:01.946156
5100	3	3	3	1	0:00:01.945674
5120	9	9	9	1	0:00:01.837188
5140	8	8	8	1	0:00:01.839127
5160	0	0	0	1	0:00:01.892105
5180	9	7	4	0	0:00:01.940353
5200	3	3	3	1	0:00:01.865558
5220	0	0	0	1	0:00:01.837007
5240	1	9	9	0	0:00:01.834575
5260	0	0	0	1	0:00:01.844032
5280	0	8	8	0	0:00:01.832350
5300	9	9	9	1	0:00:01.843092
5320	7	7	7	1	0:00:01.833783
5340	3	4	4	0	0:00:01.830821
5360	9	9	3	1	0:00:01.849386
5380	1	9	9	0	0:00:01.833338
5400	9	9	9	1	0:00:01.850179
5420	6	6	6	1	0:00:01.834060
5440	9	9	9	1	0:00:01.833798
5460	0	0	0	1	0:00:01.852045
5480	1	1	8	1	0:00:01.854663
5500	8	8	8	1	0:00:01.840841
5520	4	4	3	1	0:00:01.839844
5540	5	6	3	0	0:00:01.832643
5560	3	5	5	0	0:00:01.825798
5580	5	3	3	0	0:00:01.826943
5600	6	6	4	1	0:00:01.837491
5620	3	4	6	0	0:00:01.837520
5640	2	2	2	1	0:00:01.905592
5660	9	9	9	1	0:00:01.939291
5680	2	3	3	0	0:00:01.933731
5700	3	5	3	0	0:00:01.839700
5720	9	9	9	1	0:00:01.850140
5740	6	6	6	1	0:00:01.838573
5760	2	2	2	1	0:00:01.826416
5780	7	7	7	1	0:00:01.844906
5800	2	2	2	1	0:00:01.833354
5820	5	5	5	1	0:00:05.772677
5840	2	2	2	1	0:00:01.941164
5860	0	0	0	1	0:00:01.941393
5880	0	0	0	1	0:00:01.860920
5900	4	3	0	0	0:00:01.873624
5920	8	8	8	1	0:00:01.843061
5940	7	4	4	0	0:00:01.841876
5960	2	6	6	0	0:00:01.841264
5980	9	9	9	1	0:00:01.839440
6000	8	8	8	1	0:00:01.852661
6020	6	6	6	1	0:00:01.828115
6040	2	-1	5	0	0:00:01.824151
6060	3	3	2	1	0:00:01.847411
6080	1	1	1	1	0:00:01.847080
6100	1	1	1	1	0:00:01.840649
6120	5	5	5	1	0:00:01.834270
6140	9	9	9	1	0:00:01.841697
6160	2	2	5	1	0:00:01.853547
6180	0	0	0	1	0:00:01.820442
6200	3	3	3	1	0:00:01.822967
6220	2	5	5	0	0:00:01.832837
6240	2	2	2	1	0:00:01.831179
6260	2	6	2	0	0:00:01.837592
6280	8	5	5	0	0:00:01.841188
6300	1	1	1	1	0:00:01.830306
6320	0	0	0	1	0:00:01.899033
6340	3	3	3	1	0:00:01.852568
6360	2	2	2	1	0:00:01.838820
6380	3	3	3	1	0:00:01.822890
6400	0	1	8	0	0:00:01.861229
6420	7	7	7	1	0:00:01.939266
6440	3	9	4	0	0:00:01.835050
6460	3	3	3	1	0:00:01.840759
6480	0	0	0	1	0:00:01.855535
6500	7	-1	6	0	0:00:01.859965
6520	6	2	2	0	0:00:01.877920
6540	8	8	8	1	0:00:01.932606
6560	6	6	2	1	0:00:01.939481
6580	1	1	7	1	0:00:01.850927
6600	7	7	7	1	0:00:01.865891
6620	7	7	7	1	0:00:01.839078
6640	5	3	3	0	0:00:01.845370
6660	0	0	0	1	0:00:01.932793
6680	3	3	3	1	0:00:01.927094
6700	6	6	0	1	0:00:01.841480
6720	2	2	2	1	0:00:01.855031
6740	2	2	4	1	0:00:01.928072
6760	5	5	5	1	0:00:01.948020
6780	7	7	7	1	0:00:01.949414
6800	6	6	2	1	0:00:01.937734
6820	1	1	1	1	0:00:01.933146
6840	9	9	9	1	0:00:01.829426
6860	0	0	0	1	0:00:01.824238
6880	2	2	2	1	0:00:01.851756
6900	3	5	5	0	0:00:01.851072
6920	5	4	2	0	0:00:01.835731
6940	1	1	1	1	0:00:01.858187
6960	9	9	9	1	0:00:01.848499
6980	0	0	8	1	0:00:01.843152
7000	2	0	8	0	0:00:01.862586
7020	7	7	7	1	0:00:01.851465
7040	7	8	8	0	0:00:01.830861
7060	8	8	8	1	0:00:01.837140
7080	5	4	4	0	0:00:01.838074
7100	9	-1	3	0	0:00:01.820115
7120	7	5	5	0	0:00:01.824101
7140	4	4	4	1	0:00:01.862302
7160	5	5	5	1	0:00:01.851251
7180	6	6	3	1	0:00:01.830946
7200	4	4	2	1	0:00:01.834470
7220	9	9	9	1	0:00:01.860770
7240	0	0	8	1	0:00:01.831365
7260	1	1	8	1	0:00:01.838366
7280	1	9	9	0	0:00:01.848872
7300	3	4	5	0	0:00:01.832771
7320	8	8	8	1	0:00:01.832255
7340	2	4	4	0	0:00:01.839476
7360	2	-1	4	0	0:00:01.847447
7380	7	7	7	1	0:00:01.839475
7400	3	3	3	1	0:00:01.837280
7420	3	4	2	0	0:00:01.840836
7440	3	3	3	1	0:00:01.854401
7460	5	5	5	1	0:00:01.830479
7480	1	8	8	0	0:00:01.866125
7500	6	6	6	1	0:00:01.844644
7520	4	4	2	1	0:00:01.845377
7540	5	5	5	1	0:00:01.839052
7560	0	0	0	1	0:00:01.845622
7580	8	8	8	1	0:00:01.839243
7600	8	9	2	0	0:00:01.828908
7620	5	3	3	0	0:00:01.830375
7640	9	9	8	1	0:00:01.849039
7660	7	7	4	1	0:00:01.826645
7680	3	9	3	0	0:00:01.835552
7700	6	6	6	1	0:00:01.848346
7720	5	-1	2	0	0:00:01.833255
7740	4	4	2	1	0:00:01.828159
7760	2	9	2	0	0:00:01.848823
7780	3	8	8	0	0:00:01.846482
7800	0	0	0	1	0:00:01.841010
7820	5	5	5	1	0:00:01.848353
7840	1	1	1	1	0:00:01.863182
7860	8	8	8	1	0:00:01.844700
7880	0	0	0	1	0:00:01.837975
7900	0	8	8	0	0:00:01.834921
7920	9	9	2	1	0:00:01.837320
7940	2	6	2	0	0:00:01.844469
7960	0	0	0	1	0:00:01.834977
7980	3	3	3	1	0:00:01.848324
8000	9	9	9	1	0:00:01.844273
8020	6	3	3	0	0:00:01.842387
8040	2	2	2	1	0:00:01.834613
8060	6	6	6	1	0:00:01.837728
8080	4	4	2	1	0:00:01.844477
8100	6	2	6	0	0:00:01.845458
8120	8	9	9	0	0:00:01.837104
8140	5	4	5	0	0:00:01.849643
8160	6	6	6	1	0:00:01.828377
8180	4	4	4	1	0:00:01.892049
8200	3	4	4	0	0:00:01.842987
8220	6	7	3	0	0:00:01.841715
8240	7	7	7	1	0:00:01.835302
8260	1	1	1	1	0:00:01.911956
8280	4	5	3	0	0:00:01.835716
8300	5	2	2	0	0:00:01.840823
8320	7	4	4	0	0:00:01.946612
8340	5	3	3	0	0:00:01.929156
8360	7	7	7	1	0:00:01.844682
8380	9	9	9	1	0:00:01.853312
8400	0	0	0	1	0:00:01.927313
8420	3	6	4	0	0:00:01.843937
8440	5	5	3	1	0:00:01.847007
8460	8	8	8	1	0:00:01.848092
8480	2	2	4	1	0:00:01.946580
8500	4	4	4	1	0:00:01.831092
8520	8	8	8	1	0:00:01.842333
8540	4	2	2	0	0:00:01.840368
8560	7	7	7	1	0:00:01.931653
8580	3	5	5	0	0:00:01.915822
8600	3	3	3	1	0:00:01.834253
8620	3	4	4	0	0:00:01.899288
8640	1	1	8	1	0:00:01.839356
8660	7	7	7	1	0:00:01.937800
8680	3	7	8	0	0:00:01.933761
8700	3	3	3	1	0:00:01.948390
8720	2	0	0	0	0:00:01.937156
8740	2	2	2	1	0:00:01.933176
8760	8	8	8	1	0:00:01.854592
8780	4	4	4	1	0:00:01.936895
8800	0	0	0	1	0:00:01.845125
8820	2	2	2	1	0:00:01.850608
8840	2	7	7	0	0:00:01.850125
8860	2	2	2	1	0:00:01.834293
8880	1	1	1	1	0:00:01.825480
8900	2	4	4	0	0:00:01.825361
8920	6	6	2	1	0:00:01.844827
8940	6	3	3	0	0:00:01.842592
8960	0	0	0	1	0:00:01.837271
8980	9	9	9	1	0:00:01.839144
9000	8	8	8	1	0:00:01.861732
9020	7	7	7	1	0:00:01.848156
9040	2	5	5	0	0:00:01.842083
9060	9	9	9	1	0:00:01.848639
9080	3	3	2	1	0:00:01.849175
9100	9	1	3	0	0:00:01.848634
9120	3	3	3	1	0:00:01.847474
9140	7	7	5	1	0:00:01.863946
9160	5	3	3	0	0:00:01.832029
9180	5	5	5	1	0:00:01.828328
9200	8	8	8	1	0:00:01.842021
9220	8	8	8	1	0:00:01.838507
9240	8	8	8	1	0:00:01.846206
9260	5	5	5	1	0:00:01.846716
9280	9	8	8	0	0:00:01.837600
9300	5	-1	2	0	0:00:01.838484
9320	9	9	9	1	0:00:01.845795
9340	1	1	1	1	0:00:01.839429
9360	5	0	5	0	0:00:01.832030
9380	5	3	3	0	0:00:01.838650
9400	6	6	2	1	0:00:01.853533
9420	5	5	5	1	0:00:01.839145
9440	8	8	8	1	0:00:01.834072
9460	3	7	7	0	0:00:01.855216
9480	2	2	2	1	0:00:01.838392
9500	9	9	9	1	0:00:01.835950
9520	1	1	1	1	0:00:01.854491
9540	5	5	5	1	0:00:01.835543
9560	9	7	5	0	0:00:01.849541
9580	1	1	8	1	0:00:01.842614
9600	8	8	8	1	0:00:01.834630
9620	4	4	4	1	0:00:01.830381
9640	5	5	5	1	0:00:01.854654
9660	6	6	6	1	0:00:01.842662
9680	8	8	8	1	0:00:01.841595
9700	0	0	0	1	0:00:01.842105
9720	8	1	8	0	0:00:01.852297
9740	3	6	2	0	0:00:01.850422
9760	9	9	3	1	0:00:01.849430
9780	4	6	2	0	0:00:01.823016
9800	1	1	1	1	0:00:01.846154
9820	0	8	8	0	0:00:01.833836
9840	4	5	5	0	0:00:01.830487
9860	0	5	8	0	0:00:01.843415
9880	7	7	3	1	0:00:01.838096
9900	8	8	8	1	0:00:01.833899
9920	6	6	4	1	0:00:01.838300
9940	4	5	5	0	0:00:01.839779
9960	2	0	0	0	0:00:01.826361
9980	0	0	0	1	0:00:01.828159
