idx	label	predict	basePredict	correct	time
0	3	3	2	1	0:00:06.338666
20	7	5	5	0	0:00:01.103459
40	4	-1	0	0	0:00:01.101860
60	7	7	7	1	0:00:01.178806
80	8	8	8	1	0:00:01.151882
100	4	5	5	0	0:00:01.124683
120	8	-1	8	0	0:00:01.144088
140	6	-1	2	0	0:00:01.188356
160	2	2	2	1	0:00:01.125629
180	0	0	8	1	0:00:01.098055
200	5	-1	3	0	0:00:01.103388
220	7	5	5	0	0:00:01.102953
240	1	1	1	1	0:00:01.119546
260	8	8	5	1	0:00:01.119167
280	9	-1	0	0	0:00:01.108440
300	6	6	3	1	0:00:01.113719
320	3	-1	5	0	0:00:01.109331
340	2	4	4	0	0:00:01.128010
360	9	9	7	1	0:00:01.098819
380	6	6	2	1	0:00:01.098445
400	9	9	5	1	0:00:01.109943
420	4	4	2	1	0:00:01.094837
440	1	1	9	1	0:00:01.103575
460	5	5	5	1	0:00:01.133824
480	8	9	9	0	0:00:01.106163
500	4	-1	3	0	0:00:01.117466
520	5	5	5	1	0:00:01.130381
540	1	1	1	1	0:00:01.124602
560	0	0	0	1	0:00:01.123127
580	4	-1	2	0	0:00:01.109210
600	8	8	2	1	0:00:01.114092
620	7	7	7	1	0:00:01.112490
640	5	3	3	0	0:00:01.111433
660	9	9	8	1	0:00:01.121019
680	9	9	2	1	0:00:01.119059
700	7	7	7	1	0:00:01.114482
720	4	-1	8	0	0:00:01.119751
740	2	5	5	0	0:00:01.105702
760	3	-1	4	0	0:00:01.106483
780	9	9	9	1	0:00:01.137091
800	7	7	7	1	0:00:01.152238
820	6	-1	3	0	0:00:01.105070
840	7	7	7	1	0:00:01.139644
860	4	-1	2	0	0:00:01.126408
880	8	8	8	1	0:00:01.100746
900	2	6	6	0	0:00:01.110488
920	6	6	4	1	0:00:01.115700
940	9	9	9	1	0:00:01.107430
960	9	-1	3	0	0:00:01.115435
980	2	4	4	0	0:00:01.109452
1000	5	5	5	1	0:00:01.029839
1020	1	1	1	1	0:00:01.023726
1040	7	5	3	0	0:00:01.019990
1060	9	9	9	1	0:00:01.014557
1080	6	6	2	1	0:00:01.035728
1100	7	8	8	0	0:00:01.017464
1120	5	2	2	0	0:00:01.021108
1140	6	6	3	1	0:00:01.018034
1160	8	8	8	1	0:00:01.026091
1180	3	3	3	1	0:00:01.026036
1200	8	8	0	1	0:00:01.038169
1220	9	-1	3	0	0:00:01.031327
1240	2	6	6	0	0:00:01.016268
1260	1	9	9	0	0:00:01.014998
1280	3	-1	5	0	0:00:01.029281
1300	4	3	3	0	0:00:01.032297
1320	7	7	2	1	0:00:01.023325
1340	1	1	1	1	0:00:01.022056
1360	7	-1	4	0	0:00:01.039623
1380	4	5	5	0	0:00:01.033445
1400	5	3	5	0	0:00:01.022653
1420	4	7	7	0	0:00:01.018587
1440	0	-1	8	0	0:00:01.016387
1460	6	6	2	1	0:00:01.020487
1480	1	5	5	0	0:00:01.029165
1500	1	1	1	1	0:00:01.016021
1520	7	7	2	1	0:00:01.029815
1540	8	8	8	1	0:00:01.018549
1560	7	7	7	1	0:00:01.028663
1580	6	3	3	0	0:00:01.026964
1600	8	-1	2	0	0:00:01.025661
1620	5	-1	8	0	0:00:01.022407
1640	7	3	3	0	0:00:01.020957
1660	3	3	3	1	0:00:01.011905
1680	6	6	3	1	0:00:01.033182
1700	5	3	3	0	0:00:01.015389
1720	4	4	3	1	0:00:01.017955
1740	1	1	8	1	0:00:01.018680
1760	0	0	8	1	0:00:01.016237
1780	7	7	4	1	0:00:01.022665
1800	4	4	2	1	0:00:01.021658
1820	8	8	8	1	0:00:01.021361
1840	8	-1	4	0	0:00:01.021411
1860	8	8	8	1	0:00:01.020979
1880	1	1	1	1	0:00:01.030931
1900	8	8	8	1	0:00:01.023377
1920	2	2	2	1	0:00:01.020036
1940	5	-1	2	0	0:00:01.018608
1960	2	5	5	0	0:00:01.024100
1980	9	9	9	1	0:00:01.016966
2000	1	1	1	1	0:00:01.020492
2020	9	9	9	1	0:00:01.040046
2040	0	0	0	1	0:00:01.022285
2060	5	3	3	0	0:00:01.028569
2080	1	9	9	0	0:00:01.029757
2100	2	2	2	1	0:00:01.022103
2120	4	8	8	0	0:00:01.021186
2140	9	9	9	1	0:00:01.018112
2160	0	-1	8	0	0:00:01.007367
2180	4	4	4	1	0:00:01.034010
2200	0	-1	4	0	0:00:01.019271
2220	1	1	1	1	0:00:01.016603
2240	9	-1	1	0	0:00:01.026952
2260	4	4	5	1	0:00:01.021407
2280	4	-1	8	0	0:00:01.026984
2300	3	-1	4	0	0:00:01.036568
2320	5	2	2	0	0:00:01.032934
2340	7	7	7	1	0:00:01.017542
2360	7	5	5	0	0:00:01.018832
2380	8	8	8	1	0:00:01.026313
2400	0	0	0	1	0:00:01.016858
2420	8	-1	5	0	0:00:01.015056
2440	7	7	7	1	0:00:01.024138
2460	9	-1	4	0	0:00:01.019602
2480	8	8	8	1	0:00:01.028513
2500	4	-1	2	0	0:00:01.023760
2520	1	-1	8	0	0:00:01.012774
2540	2	6	3	0	0:00:01.019734
2560	7	-1	5	0	0:00:01.019065
2580	6	5	5	0	0:00:01.015752
2600	8	8	8	1	0:00:01.034924
2620	1	1	8	1	0:00:01.018748
2640	7	7	7	1	0:00:01.013433
2660	3	2	2	0	0:00:01.023219
2680	0	0	0	1	0:00:01.025172
2700	9	1	1	0	0:00:01.032294
2720	3	3	3	1	0:00:01.020459
2740	1	-1	2	0	0:00:01.015724
2760	2	-1	2	0	0:00:01.024436
2780	7	7	7	1	0:00:01.033708
2800	4	4	3	1	0:00:01.015934
2820	6	6	4	1	0:00:01.032897
2840	3	3	3	1	0:00:01.032074
2860	5	4	4	0	0:00:01.025118
2880	4	4	4	1	0:00:01.030313
2900	3	7	2	0	0:00:01.026604
2920	2	3	3	0	0:00:01.016896
2940	3	0	0	0	0:00:01.018214
2960	9	0	0	0	0:00:01.017670
2980	8	8	8	1	0:00:01.017416
3000	5	5	3	1	0:00:01.016008
3020	1	1	8	1	0:00:01.030161
3040	7	7	7	1	0:00:01.026303
3060	7	7	7	1	0:00:01.021021
3080	1	9	9	0	0:00:01.012431
3100	0	0	0	1	0:00:01.009448
3120	4	-1	3	0	0:00:01.010787
3140	8	8	8	1	0:00:01.028344
3160	6	2	2	0	0:00:01.029182
3180	3	-1	5	0	0:00:01.016124
3200	5	5	5	1	0:00:01.005575
3220	3	9	9	0	0:00:01.015488
3240	4	0	0	0	0:00:01.032050
3260	7	7	7	1	0:00:01.022087
3280	3	5	5	0	0:00:01.020815
3300	4	-1	2	0	0:00:01.023107
3320	2	7	7	0	0:00:01.022472
3340	6	6	0	1	0:00:01.029248
3360	4	4	3	1	0:00:01.017329
3380	8	8	8	1	0:00:01.021249
3400	6	4	4	0	0:00:01.018401
3420	5	7	7	0	0:00:01.028736
3440	2	3	3	0	0:00:01.011708
3460	1	1	1	1	0:00:01.016254
3480	2	2	2	1	0:00:01.014037
3500	1	9	9	0	0:00:01.033120
3520	1	1	1	1	0:00:01.025442
3540	6	6	3	1	0:00:01.013799
3560	1	9	9	0	0:00:01.019069
3580	4	-1	2	0	0:00:01.015077
3600	4	2	2	0	0:00:01.018893
3620	0	-1	5	0	0:00:01.024505
3640	6	2	2	0	0:00:01.035083
3660	0	0	8	1	0:00:01.041860
3680	0	-1	3	0	0:00:01.031720
3700	3	3	3	1	0:00:01.041377
3720	2	2	2	1	0:00:01.038079
3740	0	0	0	1	0:00:01.034226
3760	7	7	7	1	0:00:01.028963
3780	4	4	2	1	0:00:01.029969
3800	9	9	9	1	0:00:01.022145
3820	0	-1	2	0	0:00:01.031245
3840	6	3	3	0	0:00:01.048628
3860	7	7	7	1	0:00:01.027145
3880	6	-1	5	0	0:00:01.034127
3900	3	6	6	0	0:00:01.047388
3920	7	-1	7	0	0:00:01.026950
3940	6	2	2	0	0:00:01.031397
3960	2	2	2	1	0:00:01.031078
3980	9	-1	4	0	0:00:01.036929
4000	8	-1	2	0	0:00:01.032377
4020	8	8	8	1	0:00:01.025064
4040	0	0	0	1	0:00:01.027041
4060	6	6	0	1	0:00:01.041706
4080	1	1	1	1	0:00:01.029731
4100	7	7	7	1	0:00:01.037057
4120	4	4	4	1	0:00:01.028473
4140	5	5	3	1	0:00:01.041540
4160	5	-1	2	0	0:00:01.042369
4180	0	8	8	0	0:00:01.033473
4200	4	-1	2	0	0:00:01.029016
4220	4	0	0	0	0:00:01.015955
4240	7	0	0	0	0:00:01.018910
4260	8	8	8	1	0:00:01.034893
4280	8	0	0	0	0:00:01.014963
4300	8	8	8	1	0:00:01.037377
4320	1	8	8	0	0:00:01.028123
4340	0	0	0	1	0:00:01.022670
4360	6	6	2	1	0:00:01.026776
4380	9	9	7	1	0:00:01.006325
4400	3	-1	5	0	0:00:01.023694
4420	5	5	5	1	0:00:01.028015
4440	2	-1	4	0	0:00:01.019172
4460	9	9	9	1	0:00:01.020468
4480	9	9	9	1	0:00:01.023298
4500	3	5	5	0	0:00:01.032137
4520	3	3	3	1	0:00:01.030508
4540	9	9	9	1	0:00:01.023901
4560	1	1	1	1	0:00:01.027012
4580	6	-1	4	0	0:00:01.034135
4600	4	4	4	1	0:00:01.025888
4620	7	-1	3	0	0:00:01.016711
4640	2	2	5	1	0:00:01.036760
4660	7	-1	5	0	0:00:01.023819
4680	9	9	1	1	0:00:01.021623
4700	6	5	5	0	0:00:01.016972
4720	8	-1	8	0	0:00:01.011217
4740	5	3	3	0	0:00:01.031997
4760	3	2	2	0	0:00:01.020789
4780	0	0	8	1	0:00:01.018397
4800	9	9	9	1	0:00:01.014453
4820	3	3	7	1	0:00:01.016732
4840	0	0	0	1	0:00:01.027926
4860	5	5	5	1	0:00:01.015491
4880	0	8	8	0	0:00:01.024420
4900	3	3	3	1	0:00:01.031015
4920	7	7	7	1	0:00:01.029245
4940	6	6	4	1	0:00:01.027130
4960	4	-1	3	0	0:00:01.021067
4980	1	9	9	0	0:00:01.015573
5000	7	7	7	1	0:00:01.023542
5020	8	8	8	1	0:00:01.019021
5040	3	3	2	1	0:00:01.014852
5060	6	-1	2	0	0:00:01.028223
5080	7	7	5	1	0:00:01.019387
5100	3	3	3	1	0:00:01.026940
5120	9	-1	8	0	0:00:01.032936
5140	8	8	8	1	0:00:01.022751
5160	0	0	8	1	0:00:01.028014
5180	9	7	7	0	0:00:01.026321
5200	3	3	3	1	0:00:01.009545
5220	0	0	8	1	0:00:01.006488
5240	1	1	9	1	0:00:01.019728
5260	0	0	0	1	0:00:01.018560
5280	0	4	4	0	0:00:01.026019
5300	9	9	1	1	0:00:01.024430
5320	7	-1	7	0	0:00:01.028908
5340	3	4	4	0	0:00:01.015435
5360	9	9	5	1	0:00:01.010305
5380	1	9	9	0	0:00:01.012849
5400	9	9	1	1	0:00:01.021843
5420	6	6	6	1	0:00:01.000707
5440	9	9	9	1	0:00:01.026854
5460	0	0	0	1	0:00:01.022523
5480	1	1	1	1	0:00:01.025699
5500	8	8	8	1	0:00:01.018535
5520	4	-1	3	0	0:00:01.019924
5540	5	-1	2	0	0:00:01.008637
5560	3	5	5	0	0:00:01.011401
5580	5	3	3	0	0:00:01.022757
5600	6	-1	3	0	0:00:01.014103
5620	3	-1	2	0	0:00:01.024858
5640	2	-1	3	0	0:00:01.014404
5660	9	-1	8	0	0:00:01.023764
5680	2	3	3	0	0:00:01.019533
5700	3	3	3	1	0:00:01.025499
5720	9	9	9	1	0:00:01.019439
5740	6	-1	4	0	0:00:01.015543
5760	2	-1	0	0	0:00:01.017987
5780	7	7	7	1	0:00:01.018739
5800	2	2	2	1	0:00:01.025510
5820	5	5	3	1	0:00:01.028687
5840	2	2	3	1	0:00:01.000744
5860	0	0	8	1	0:00:01.019192
5880	0	0	0	1	0:00:01.017098
5900	4	-1	0	0	0:00:01.030469
5920	8	8	8	1	0:00:01.025143
5940	7	-1	0	0	0:00:01.024464
5960	2	6	6	0	0:00:01.012254
5980	9	9	9	1	0:00:01.017380
6000	8	8	3	1	0:00:01.026292
6020	6	6	2	1	0:00:01.036727
6040	2	-1	7	0	0:00:01.021359
6060	3	4	5	0	0:00:01.043919
6080	1	1	1	1	0:00:01.026183
6100	1	1	1	1	0:00:01.017166
6120	5	5	5	1	0:00:01.019951
6140	9	9	1	1	0:00:01.019451
6160	2	5	5	0	0:00:01.022620
6180	0	-1	8	0	0:00:01.026506
6200	3	2	2	0	0:00:01.025090
6220	2	5	5	0	0:00:01.015025
6240	2	-1	0	0	0:00:01.012183
6260	2	-1	8	0	0:00:01.019386
6280	8	5	5	0	0:00:01.024739
6300	1	1	1	1	0:00:01.020264
6320	0	0	0	1	0:00:01.018341
6340	3	-1	7	0	0:00:01.006217
6360	2	-1	3	0	0:00:01.024158
6380	3	-1	0	0	0:00:01.022090
6400	0	0	0	1	0:00:01.024868
6420	7	7	7	1	0:00:01.020063
6440	3	-1	2	0	0:00:01.024022
6460	3	3	3	1	0:00:01.027718
6480	0	0	0	1	0:00:01.024270
6500	7	-1	8	0	0:00:01.019199
6520	6	-1	2	0	0:00:01.028585
6540	8	8	4	1	0:00:01.019530
6560	6	-1	5	0	0:00:01.021112
6580	1	8	8	0	0:00:01.025476
6600	7	7	7	1	0:00:01.013088
6620	7	7	7	1	0:00:01.019813
6640	5	3	3	0	0:00:01.018067
6660	0	0	1	1	0:00:01.013469
6680	3	5	5	0	0:00:01.031341
6700	6	6	6	1	0:00:01.015279
6720	2	-1	2	0	0:00:01.015060
6740	2	4	4	0	0:00:01.018101
6760	5	5	5	1	0:00:01.025616
6780	7	7	7	1	0:00:01.020188
6800	6	4	4	0	0:00:01.029565
6820	1	1	1	1	0:00:01.034780
6840	9	9	1	1	0:00:01.033634
6860	0	0	2	1	0:00:01.023671
6880	2	2	2	1	0:00:01.024080
6900	3	3	3	1	0:00:01.041912
6920	5	4	2	0	0:00:01.019089
6940	1	1	1	1	0:00:01.019314
6960	9	9	8	1	0:00:01.016575
6980	0	-1	8	0	0:00:01.012085
7000	2	-1	8	0	0:00:01.025949
7020	7	7	7	1	0:00:01.022757
7040	7	8	8	0	0:00:01.017520
7060	8	8	8	1	0:00:01.019512
7080	5	4	4	0	0:00:01.028388
7100	9	3	3	0	0:00:01.028045
7120	7	-1	5	0	0:00:01.029595
7140	4	3	3	0	0:00:01.011974
7160	5	5	7	1	0:00:01.019909
7180	6	6	3	1	0:00:01.004847
7200	4	-1	2	0	0:00:01.015118
7220	9	9	0	1	0:00:01.035205
7240	0	0	8	1	0:00:01.016576
7260	1	1	1	1	0:00:01.021538
7280	1	-1	3	0	0:00:01.011770
7300	3	-1	5	0	0:00:01.027888
7320	8	-1	0	0	0:00:01.011511
7340	2	-1	0	0	0:00:01.023818
7360	2	-1	2	0	0:00:01.017841
7380	7	7	7	1	0:00:01.020825
7400	3	5	5	0	0:00:01.028370
7420	3	4	4	0	0:00:01.024651
7440	3	3	3	1	0:00:01.036180
7460	5	5	5	1	0:00:01.021250
7480	1	-1	8	0	0:00:01.011828
7500	6	6	6	1	0:00:01.027049
7520	4	4	2	1	0:00:01.016609
7540	5	5	5	1	0:00:01.015817
7560	0	0	8	1	0:00:01.022162
7580	8	8	8	1	0:00:01.017081
7600	8	2	2	0	0:00:01.019751
7620	5	3	3	0	0:00:01.008584
7640	9	8	8	0	0:00:01.022233
7660	7	-1	4	0	0:00:01.008646
7680	3	5	5	0	0:00:01.006631
7700	6	6	3	1	0:00:01.024237
7720	5	2	2	0	0:00:01.017921
7740	4	-1	2	0	0:00:01.014281
7760	2	-1	8	0	0:00:01.024533
7780	3	8	8	0	0:00:01.021656
7800	0	0	2	1	0:00:01.030481
7820	5	-1	0	0	0:00:01.027569
7840	1	1	1	1	0:00:01.025119
7860	8	8	8	1	0:00:01.013534
7880	0	0	2	1	0:00:01.011687
7900	0	-1	8	0	0:00:01.029628
7920	9	9	9	1	0:00:01.028113
7940	2	-1	6	0	0:00:01.025046
7960	0	3	3	0	0:00:01.034281
7980	3	-1	5	0	0:00:01.026512
8000	9	9	8	1	0:00:01.022443
8020	6	-1	3	0	0:00:01.018731
8040	2	2	2	1	0:00:01.013256
8060	6	6	5	1	0:00:01.022825
8080	4	4	3	1	0:00:01.019366
8100	6	2	2	0	0:00:01.015338
8120	8	9	8	0	0:00:01.023530
8140	5	-1	3	0	0:00:01.026881
8160	6	6	6	1	0:00:01.016708
8180	4	-1	2	0	0:00:01.015820
8200	3	6	0	0	0:00:01.016945
8220	6	-1	7	0	0:00:01.018985
8240	7	7	4	1	0:00:01.007925
8260	1	1	1	1	0:00:01.024530
8280	4	4	3	1	0:00:01.026997
8300	5	-1	2	0	0:00:01.023078
8320	7	-1	3	0	0:00:01.013523
8340	5	3	3	0	0:00:01.017726
8360	7	7	7	1	0:00:01.023889
8380	9	9	9	1	0:00:01.018399
8400	0	-1	9	0	0:00:01.022305
8420	3	6	6	0	0:00:01.023504
8440	5	-1	3	0	0:00:01.009602
8460	8	8	8	1	0:00:01.014671
8480	2	2	2	1	0:00:01.014517
8500	4	4	4	1	0:00:01.019833
8520	8	8	8	1	0:00:01.031749
8540	4	-1	2	0	0:00:01.016117
8560	7	7	7	1	0:00:01.006381
8580	3	5	5	0	0:00:01.016789
8600	3	2	2	0	0:00:01.017387
8620	3	-1	5	0	0:00:01.024076
8640	1	1	1	1	0:00:01.026909
8660	7	7	7	1	0:00:01.027475
8680	3	-1	2	0	0:00:01.013803
8700	3	3	3	1	0:00:01.015196
8720	2	0	0	0	0:00:01.032890
8740	2	-1	5	0	0:00:01.030308
8760	8	8	8	1	0:00:01.021997
8780	4	4	2	1	0:00:01.023445
8800	0	0	0	1	0:00:01.026649
8820	2	2	2	1	0:00:01.020114
8840	2	-1	7	0	0:00:01.028342
8860	2	2	2	1	0:00:01.024398
8880	1	1	1	1	0:00:01.011707
8900	2	4	4	0	0:00:01.008793
8920	6	6	3	1	0:00:01.029387
8940	6	3	3	0	0:00:01.013262
8960	0	-1	2	0	0:00:01.025293
8980	9	9	9	1	0:00:01.024650
9000	8	8	8	1	0:00:01.022458
9020	7	7	7	1	0:00:01.021112
9040	2	5	5	0	0:00:01.020282
9060	9	-1	5	0	0:00:01.027279
9080	3	5	5	0	0:00:01.017787
9100	9	1	1	0	0:00:01.018419
9120	3	-1	2	0	0:00:01.034190
9140	7	7	8	1	0:00:01.024670
9160	5	3	3	0	0:00:01.026740
9180	5	5	5	1	0:00:01.018119
9200	8	8	8	1	0:00:01.032165
9220	8	8	8	1	0:00:01.021319
9240	8	-1	8	0	0:00:01.024048
9260	5	-1	3	0	0:00:01.028005
9280	9	8	8	0	0:00:01.025782
9300	5	2	2	0	0:00:01.026755
9320	9	9	9	1	0:00:01.032798
9340	1	1	1	1	0:00:01.022776
9360	5	0	0	0	0:00:01.036994
9380	5	3	3	0	0:00:01.026980
9400	6	6	2	1	0:00:01.024215
9420	5	5	5	1	0:00:01.027909
9440	8	8	8	1	0:00:01.024279
9460	3	-1	7	0	0:00:01.029545
9480	2	6	6	0	0:00:01.030319
9500	9	9	2	1	0:00:01.028324
9520	1	1	1	1	0:00:01.043944
9540	5	5	5	1	0:00:01.026798
9560	9	7	3	0	0:00:01.038821
9580	1	1	1	1	0:00:01.029664
9600	8	-1	8	0	0:00:01.036924
9620	4	4	4	1	0:00:01.035545
9640	5	-1	7	0	0:00:01.034253
9660	6	6	3	1	0:00:01.040471
9680	8	8	8	1	0:00:01.029897
9700	0	0	2	1	0:00:01.043876
9720	8	-1	3	0	0:00:01.025616
9740	3	6	2	0	0:00:01.050129
9760	9	5	5	0	0:00:01.034530
9780	4	-1	2	0	0:00:01.023740
9800	1	1	1	1	0:00:01.029647
9820	0	8	8	0	0:00:01.038215
9840	4	7	7	0	0:00:01.042071
9860	0	-1	8	0	0:00:01.035589
9880	7	8	8	0	0:00:01.033142
9900	8	8	8	1	0:00:01.034913
9920	6	6	6	1	0:00:01.032700
9940	4	5	5	0	0:00:01.033132
9960	2	0	0	0	0:00:01.033796
9980	0	0	0	1	0:00:01.025171
