idx	label	predict	basePredict	correct	time
0	3	3	3	1	0:00:01.444799
20	7	-1	9	0	0:00:01.171831
40	4	-1	8	0	0:00:01.171292
60	7	7	7	1	0:00:01.171956
80	8	8	8	1	0:00:01.202168
100	4	5	5	0	0:00:01.203548
120	8	0	8	0	0:00:01.191743
140	6	6	2	1	0:00:01.203602
160	2	0	2	0	0:00:01.185467
180	0	0	0	1	0:00:01.201349
200	5	-1	5	0	0:00:01.169687
220	7	7	7	1	0:00:01.188840
240	1	1	1	1	0:00:01.154676
260	8	-1	3	0	0:00:01.179799
280	9	9	9	1	0:00:01.177366
300	6	6	6	1	0:00:01.173919
320	3	3	2	1	0:00:01.195024
340	2	4	4	0	0:00:01.182036
360	9	-1	5	0	0:00:01.170933
380	6	6	4	1	0:00:01.179463
400	9	9	9	1	0:00:01.229587
420	4	4	4	1	0:00:01.193846
440	1	-1	9	0	0:00:01.179945
460	5	5	5	1	0:00:01.167237
480	8	9	9	0	0:00:01.174544
500	4	6	2	0	0:00:01.166131
520	5	-1	7	0	0:00:01.188377
540	1	-1	8	0	0:00:01.170104
560	0	0	0	1	0:00:01.150108
580	4	-1	4	0	0:00:01.178423
600	8	8	8	1	0:00:01.193691
620	7	-1	5	0	0:00:01.172254
640	5	3	3	0	0:00:01.198504
660	9	9	9	1	0:00:01.148047
680	9	-1	7	0	0:00:01.177095
700	7	7	3	1	0:00:01.164924
720	4	9	4	0	0:00:01.151230
740	2	-1	3	0	0:00:01.141249
760	3	-1	3	0	0:00:01.173117
780	9	-1	9	0	0:00:01.153050
800	7	7	7	1	0:00:01.158638
820	6	-1	8	0	0:00:01.173146
840	7	7	7	1	0:00:01.172248
860	4	-1	4	0	0:00:01.183568
880	8	8	8	1	0:00:02.728844
900	2	-1	4	0	0:00:01.151716
920	6	-1	2	0	0:00:01.189867
940	9	9	9	1	0:00:01.176232
960	9	9	9	1	0:00:01.190156
980	2	6	2	0	0:00:01.189999
1000	5	5	5	1	0:00:01.077056
1020	1	1	1	1	0:00:01.094694
1040	7	5	5	0	0:00:01.052107
1060	9	9	9	1	0:00:01.068140
1080	6	-1	6	0	0:00:01.073611
1100	7	-1	0	0	0:00:01.062614
1120	5	2	2	0	0:00:01.061636
1140	6	-1	4	0	0:00:01.076031
1160	8	0	0	0	0:00:01.059771
1180	3	3	3	1	0:00:01.046930
1200	8	-1	0	0	0:00:01.086362
1220	9	-1	3	0	0:00:01.054119
1240	2	6	6	0	0:00:01.075492
1260	1	9	9	0	0:00:01.094470
1280	3	7	5	0	0:00:01.083129
1300	4	3	3	0	0:00:01.073428
1320	7	2	2	0	0:00:01.072665
1340	1	1	1	1	0:00:01.077481
1360	7	7	2	1	0:00:01.041833
1380	4	5	5	0	0:00:01.030853
1400	5	3	3	0	0:00:01.080552
1420	4	7	4	0	0:00:01.084545
1440	0	-1	8	0	0:00:01.066842
1460	6	6	2	1	0:00:01.062824
1480	1	-1	5	0	0:00:01.083935
1500	1	1	1	1	0:00:01.068414
1520	7	7	4	1	0:00:01.070138
1540	8	8	8	1	0:00:01.071474
1560	7	7	7	1	0:00:01.061094
1580	6	1	3	0	0:00:01.045548
1600	8	-1	6	0	0:00:01.051739
1620	5	-1	4	0	0:00:01.049698
1640	7	3	3	0	0:00:01.075515
1660	3	-1	5	0	0:00:01.073231
1680	6	6	6	1	0:00:01.069637
1700	5	-1	2	0	0:00:01.099490
1720	4	-1	2	0	0:00:01.075309
1740	1	-1	9	0	0:00:01.091883
1760	0	-1	8	0	0:00:01.101568
1780	7	7	2	1	0:00:01.081793
1800	4	-1	8	0	0:00:01.098198
1820	8	-1	8	0	0:00:01.085683
1840	8	-1	4	0	0:00:01.098471
1860	8	8	3	1	0:00:01.084018
1880	1	1	8	1	0:00:01.085061
1900	8	8	8	1	0:00:01.084360
1920	2	2	2	1	0:00:01.066805
1940	5	2	2	0	0:00:01.073782
1960	2	5	5	0	0:00:01.074791
1980	9	9	9	1	0:00:01.098073
2000	1	6	6	0	0:00:01.086920
2020	9	9	9	1	0:00:01.101170
2040	0	0	0	1	0:00:01.086991
2060	5	3	3	0	0:00:01.092523
2080	1	-1	9	0	0:00:01.078823
2100	2	2	2	1	0:00:01.077759
2120	4	8	8	0	0:00:01.086581
2140	9	9	9	1	0:00:01.090781
2160	0	8	8	0	0:00:01.071462
2180	4	4	4	1	0:00:01.085201
2200	0	2	2	0	0:00:01.083701
2220	1	1	1	1	0:00:01.072602
2240	9	1	8	0	0:00:01.064643
2260	4	4	4	1	0:00:01.062216
2280	4	-1	2	0	0:00:01.075288
2300	3	-1	2	0	0:00:01.072592
2320	5	2	2	0	0:00:01.063358
2340	7	7	7	1	0:00:01.077092
2360	7	5	5	0	0:00:01.081782
2380	8	8	8	1	0:00:01.082731
2400	0	-1	0	0	0:00:01.089756
2420	8	-1	5	0	0:00:01.097907
2440	7	7	0	1	0:00:01.075379
2460	9	-1	3	0	0:00:01.073388
2480	8	8	8	1	0:00:01.078213
2500	4	-1	2	0	0:00:01.089381
2520	1	1	7	1	0:00:01.083877
2540	2	-1	5	0	0:00:01.055529
2560	7	-1	4	0	0:00:01.067814
2580	6	5	5	0	0:00:01.084087
2600	8	8	8	1	0:00:01.063882
2620	1	-1	8	0	0:00:01.075400
2640	7	7	4	1	0:00:01.068889
2660	3	-1	2	0	0:00:01.075890
2680	0	0	0	1	0:00:01.081613
2700	9	-1	1	0	0:00:01.072452
2720	3	3	2	1	0:00:01.067257
2740	1	1	2	1	0:00:01.082804
2760	2	-1	2	0	0:00:01.079592
2780	7	7	7	1	0:00:01.069306
2800	4	-1	3	0	0:00:01.061056
2820	6	6	2	1	0:00:01.074676
2840	3	3	3	1	0:00:01.085394
2860	5	7	6	0	0:00:01.098145
2880	4	4	4	1	0:00:01.070605
2900	3	5	5	0	0:00:01.070245
2920	2	3	3	0	0:00:01.070205
2940	3	0	0	0	0:00:01.063664
2960	9	9	9	1	0:00:01.089839
2980	8	-1	8	0	0:00:01.065121
3000	5	5	5	1	0:00:01.080338
3020	1	1	8	1	0:00:01.072047
3040	7	7	7	1	0:00:01.077035
3060	7	7	7	1	0:00:01.061859
3080	1	-1	9	0	0:00:01.074060
3100	0	0	0	1	0:00:01.076958
3120	4	6	2	0	0:00:01.067255
3140	8	8	8	1	0:00:01.061360
3160	6	-1	2	0	0:00:01.090470
3180	3	-1	3	0	0:00:01.061815
3200	5	7	7	0	0:00:01.072980
3220	3	9	6	0	0:00:01.076874
3240	4	1	8	0	0:00:01.077346
3260	7	7	7	1	0:00:01.068181
3280	3	5	5	0	0:00:01.078235
3300	4	-1	2	0	0:00:01.082418
3320	2	7	7	0	0:00:01.076907
3340	6	-1	2	0	0:00:01.085993
3360	4	-1	2	0	0:00:01.092817
3380	8	8	8	1	0:00:01.096500
3400	6	4	4	0	0:00:01.080304
3420	5	3	3	0	0:00:01.082707
3440	2	3	3	0	0:00:01.087775
3460	1	-1	1	0	0:00:01.106704
3480	2	2	2	1	0:00:01.097405
3500	1	-1	9	0	0:00:01.100066
3520	1	1	1	1	0:00:01.092328
3540	6	6	3	1	0:00:01.107416
3560	1	9	7	0	0:00:01.100011
3580	4	2	2	0	0:00:01.099133
3600	4	2	2	0	0:00:01.104967
3620	0	6	6	0	0:00:01.095071
3640	6	2	2	0	0:00:01.101553
3660	0	-1	8	0	0:00:01.097002
3680	0	-1	2	0	0:00:01.102358
3700	3	-1	3	0	0:00:01.088003
3720	2	2	2	1	0:00:01.078144
3740	0	0	0	1	0:00:01.107406
3760	7	7	4	1	0:00:01.094748
3780	4	-1	2	0	0:00:01.093900
3800	9	-1	3	0	0:00:01.095201
3820	0	2	2	0	0:00:01.101380
3840	6	3	3	0	0:00:01.103053
3860	7	7	7	1	0:00:01.080064
3880	6	4	4	0	0:00:01.067884
3900	3	6	6	0	0:00:01.086315
3920	7	9	5	0	0:00:01.098490
3940	6	-1	4	0	0:00:01.086652
3960	2	2	2	1	0:00:01.098332
3980	9	-1	4	0	0:00:01.078354
4000	8	-1	0	0	0:00:01.090268
4020	8	-1	8	0	0:00:01.092684
4040	0	0	0	1	0:00:01.084976
4060	6	-1	3	0	0:00:01.079650
4080	1	1	8	1	0:00:01.092284
4100	7	7	7	1	0:00:01.076702
4120	4	4	8	1	0:00:01.098405
4140	5	5	3	1	0:00:01.092382
4160	5	2	2	0	0:00:01.081463
4180	0	8	8	0	0:00:01.082476
4200	4	2	2	0	0:00:01.091734
4220	4	0	0	0	0:00:01.081882
4240	7	0	8	0	0:00:01.078071
4260	8	8	8	1	0:00:01.096833
4280	8	-1	1	0	0:00:01.071225
4300	8	8	8	1	0:00:01.085579
4320	1	8	8	0	0:00:01.080681
4340	0	0	0	1	0:00:01.088549
4360	6	9	9	0	0:00:01.074281
4380	9	-1	8	0	0:00:01.073633
4400	3	-1	4	0	0:00:01.094815
4420	5	-1	7	0	0:00:01.090176
4440	2	2	2	1	0:00:01.077977
4460	9	-1	8	0	0:00:01.083786
4480	9	9	3	1	0:00:01.084768
4500	3	5	5	0	0:00:01.085093
4520	3	6	6	0	0:00:01.089955
4540	9	9	9	1	0:00:01.079971
4560	1	1	8	1	0:00:01.093276
4580	6	4	4	0	0:00:01.081793
4600	4	7	7	0	0:00:01.073694
4620	7	3	3	0	0:00:01.068107
4640	2	-1	2	0	0:00:01.084550
4660	7	-1	4	0	0:00:01.078390
4680	9	1	1	0	0:00:01.081787
4700	6	1	5	0	0:00:01.089075
4720	8	0	0	0	0:00:01.074985
4740	5	3	3	0	0:00:01.080872
4760	3	2	2	0	0:00:01.078883
4780	0	0	8	1	0:00:01.088135
4800	9	9	9	1	0:00:01.090953
4820	3	3	3	1	0:00:01.080662
4840	0	0	0	1	0:00:01.075639
4860	5	5	5	1	0:00:01.070923
4880	0	8	8	0	0:00:01.077118
4900	3	-1	6	0	0:00:01.093996
4920	7	7	7	1	0:00:01.079260
4940	6	4	2	0	0:00:01.075210
4960	4	3	3	0	0:00:01.095775
4980	1	9	9	0	0:00:01.089362
5000	7	7	7	1	0:00:01.088474
5020	8	8	8	1	0:00:01.081477
5040	3	1	2	0	0:00:01.091582
5060	6	-1	2	0	0:00:01.085474
5080	7	7	7	1	0:00:01.106838
5100	3	3	3	1	0:00:01.096757
5120	9	-1	8	0	0:00:01.092280
5140	8	8	8	1	0:00:01.085984
5160	0	0	8	1	0:00:01.086728
5180	9	7	4	0	0:00:01.091494
5200	3	3	3	1	0:00:01.106889
5220	0	0	0	1	0:00:01.098587
5240	1	9	9	0	0:00:01.104473
5260	0	0	0	1	0:00:01.108292
5280	0	9	8	0	0:00:01.089996
5300	9	-1	9	0	0:00:01.100883
5320	7	7	7	1	0:00:01.093245
5340	3	4	4	0	0:00:01.092026
5360	9	9	3	1	0:00:01.104152
5380	1	9	9	0	0:00:01.094576
5400	9	9	9	1	0:00:01.066058
5420	6	6	6	1	0:00:01.089772
5440	9	9	9	1	0:00:01.099615
5460	0	0	0	1	0:00:01.098642
5480	1	1	4	1	0:00:01.109063
5500	8	-1	8	0	0:00:01.114379
5520	4	3	3	0	0:00:01.097083
5540	5	6	4	0	0:00:01.095579
5560	3	5	5	0	0:00:01.094054
5580	5	-1	3	0	0:00:01.061723
5600	6	-1	4	0	0:00:01.063042
5620	3	-1	6	0	0:00:01.084799
5640	2	-1	2	0	0:00:01.083326
5660	9	-1	8	0	0:00:01.067497
5680	2	3	3	0	0:00:01.089784
5700	3	5	3	0	0:00:01.076507
5720	9	9	9	1	0:00:01.056112
5740	6	-1	6	0	0:00:01.079937
5760	2	-1	0	0	0:00:01.079553
5780	7	7	7	1	0:00:01.078989
5800	2	4	4	0	0:00:01.082344
5820	5	-1	3	0	0:00:01.084732
5840	2	-1	2	0	0:00:01.070752
5860	0	-1	8	0	0:00:01.091032
5880	0	0	0	1	0:00:01.082339
5900	4	-1	0	0	0:00:01.080770
5920	8	8	8	1	0:00:01.066727
5940	7	4	4	0	0:00:01.072165
5960	2	6	6	0	0:00:01.074956
5980	9	9	9	1	0:00:01.079629
6000	8	-1	8	0	0:00:01.065847
6020	6	6	6	1	0:00:01.056049
6040	2	-1	7	0	0:00:01.069369
6060	3	4	2	0	0:00:01.074515
6080	1	-1	9	0	0:00:01.062373
6100	1	1	8	1	0:00:01.080416
6120	5	5	5	1	0:00:01.072438
6140	9	9	9	1	0:00:01.074774
6160	2	5	5	0	0:00:01.087969
6180	0	0	0	1	0:00:01.082524
6200	3	-1	3	0	0:00:01.095778
6220	2	5	5	0	0:00:01.070934
6240	2	1	2	0	0:00:01.084908
6260	2	-1	6	0	0:00:01.082753
6280	8	5	5	0	0:00:01.062069
6300	1	1	2	1	0:00:01.076503
6320	0	-1	0	0	0:00:01.079961
6340	3	3	3	1	0:00:01.070706
6360	2	-1	2	0	0:00:01.089782
6380	3	-1	3	0	0:00:01.076711
6400	0	1	8	0	0:00:01.108005
6420	7	7	7	1	0:00:01.079483
6440	3	-1	2	0	0:00:01.073607
6460	3	-1	3	0	0:00:01.093587
6480	0	0	0	1	0:00:01.067594
6500	7	6	6	0	0:00:01.076285
6520	6	-1	4	0	0:00:01.080208
6540	8	8	8	1	0:00:01.081175
6560	6	6	2	1	0:00:01.068113
6580	1	-1	4	0	0:00:01.052277
6600	7	7	7	1	0:00:01.073010
6620	7	7	7	1	0:00:01.085034
6640	5	3	3	0	0:00:01.096673
6660	0	0	0	1	0:00:01.091736
6680	3	5	3	0	0:00:01.075481
6700	6	0	0	0	0:00:01.087790
6720	2	-1	2	0	0:00:01.093908
6740	2	-1	4	0	0:00:01.060827
6760	5	5	5	1	0:00:01.074094
6780	7	7	7	1	0:00:01.081388
6800	6	-1	2	0	0:00:01.088456
6820	1	1	1	1	0:00:01.084955
6840	9	-1	1	0	0:00:01.094436
6860	0	-1	2	0	0:00:01.095280
6880	2	-1	2	0	0:00:01.073865
6900	3	-1	7	0	0:00:01.090050
6920	5	-1	2	0	0:00:01.072542
6940	1	1	1	1	0:00:01.074057
6960	9	8	8	0	0:00:01.084868
6980	0	-1	8	0	0:00:01.093071
7000	2	-1	8	0	0:00:01.110040
7020	7	7	7	1	0:00:01.098798
7040	7	-1	8	0	0:00:01.103830
7060	8	-1	8	0	0:00:01.098771
7080	5	4	4	0	0:00:01.080690
7100	9	-1	3	0	0:00:01.087095
7120	7	5	5	0	0:00:01.094750
7140	4	-1	3	0	0:00:01.093087
7160	5	5	5	1	0:00:01.078706
7180	6	-1	3	0	0:00:01.093333
7200	4	-1	2	0	0:00:01.093407
7220	9	9	8	1	0:00:01.107506
7240	0	-1	8	0	0:00:01.091389
7260	1	-1	8	0	0:00:01.087470
7280	1	9	9	0	0:00:01.113772
7300	3	4	4	0	0:00:01.077515
7320	8	-1	8	0	0:00:01.091315
7340	2	4	4	0	0:00:01.067324
7360	2	-1	4	0	0:00:01.085262
7380	7	7	7	1	0:00:01.084031
7400	3	-1	3	0	0:00:01.083103
7420	3	4	2	0	0:00:01.085950
7440	3	3	3	1	0:00:01.079299
7460	5	5	5	1	0:00:01.078186
7480	1	8	8	0	0:00:01.069365
7500	6	6	6	1	0:00:01.064016
7520	4	-1	2	0	0:00:01.060889
7540	5	5	5	1	0:00:01.078051
7560	0	0	0	1	0:00:01.066329
7580	8	8	8	1	0:00:01.055319
7600	8	9	2	0	0:00:01.073849
7620	5	3	3	0	0:00:01.065850
7640	9	8	8	0	0:00:01.033138
7660	7	-1	4	0	0:00:01.029915
7680	3	9	3	0	0:00:01.066441
7700	6	6	6	1	0:00:01.071437
7720	5	-1	2	0	0:00:01.059692
7740	4	-1	2	0	0:00:01.090238
7760	2	9	6	0	0:00:01.069741
7780	3	-1	8	0	0:00:01.058891
7800	0	0	0	1	0:00:01.066348
7820	5	-1	5	0	0:00:01.077596
7840	1	1	1	1	0:00:01.067615
7860	8	-1	8	0	0:00:01.078308
7880	0	4	2	0	0:00:01.079705
7900	0	-1	8	0	0:00:01.087207
7920	9	9	2	1	0:00:01.088260
7940	2	6	4	0	0:00:01.088619
7960	0	0	0	1	0:00:01.096150
7980	3	3	3	1	0:00:01.084932
8000	9	9	9	1	0:00:01.081301
8020	6	3	3	0	0:00:01.085848
8040	2	2	2	1	0:00:01.075990
8060	6	6	6	1	0:00:01.075933
8080	4	6	2	0	0:00:01.056670
8100	6	2	4	0	0:00:01.062038
8120	8	9	9	0	0:00:01.064417
8140	5	4	4	0	0:00:01.062827
8160	6	6	6	1	0:00:01.071087
8180	4	-1	2	0	0:00:01.066940
8200	3	4	4	0	0:00:01.060632
8220	6	7	3	0	0:00:01.077566
8240	7	7	7	1	0:00:01.083269
8260	1	1	1	1	0:00:01.062681
8280	4	5	5	0	0:00:01.050880
8300	5	2	2	0	0:00:01.098646
8320	7	-1	4	0	0:00:01.075859
8340	5	3	3	0	0:00:01.067821
8360	7	7	7	1	0:00:01.064822
8380	9	9	9	1	0:00:01.088794
8400	0	-1	8	0	0:00:01.083694
8420	3	6	6	0	0:00:01.091896
8440	5	3	3	0	0:00:01.068403
8460	8	8	8	1	0:00:01.086584
8480	2	2	4	1	0:00:01.090629
8500	4	4	4	1	0:00:01.085285
8520	8	1	8	0	0:00:01.083000
8540	4	-1	2	0	0:00:01.069087
8560	7	7	7	1	0:00:01.072807
8580	3	2	2	0	0:00:01.089255
8600	3	-1	3	0	0:00:01.080364
8620	3	4	4	0	0:00:01.073259
8640	1	1	8	1	0:00:01.096178
8660	7	7	7	1	0:00:01.097981
8680	3	7	8	0	0:00:01.077564
8700	3	-1	3	0	0:00:01.094541
8720	2	0	0	0	0:00:01.100524
8740	2	-1	5	0	0:00:01.096501
8760	8	8	8	1	0:00:01.073923
8780	4	-1	2	0	0:00:01.107157
8800	0	0	0	1	0:00:01.096167
8820	2	2	2	1	0:00:01.066179
8840	2	-1	7	0	0:00:01.101210
8860	2	2	2	1	0:00:01.114458
8880	1	1	1	1	0:00:01.099944
8900	2	4	4	0	0:00:01.111061
8920	6	6	2	1	0:00:01.107740
8940	6	3	3	0	0:00:01.101231
8960	0	0	0	1	0:00:01.104228
8980	9	9	9	1	0:00:01.094150
9000	8	8	8	1	0:00:01.094094
9020	7	-1	7	0	0:00:01.101923
9040	2	-1	5	0	0:00:01.098673
9060	9	9	3	1	0:00:01.088487
9080	3	-1	2	0	0:00:01.083770
9100	9	-1	3	0	0:00:01.072087
9120	3	0	3	0	0:00:01.088555
9140	7	-1	2	0	0:00:01.087561
9160	5	3	3	0	0:00:01.093602
9180	5	5	5	1	0:00:01.099584
9200	8	8	8	1	0:00:01.095311
9220	8	8	8	1	0:00:01.088310
9240	8	8	8	1	0:00:01.096068
9260	5	5	5	1	0:00:01.102026
9280	9	8	8	0	0:00:01.098442
9300	5	-1	2	0	0:00:01.085645
9320	9	9	9	1	0:00:01.082657
9340	1	1	1	1	0:00:01.111165
9360	5	0	5	0	0:00:01.093576
9380	5	3	3	0	0:00:01.086698
9400	6	6	4	1	0:00:01.102497
9420	5	5	5	1	0:00:01.086976
9440	8	8	8	1	0:00:01.090392
9460	3	7	7	0	0:00:01.080051
9480	2	-1	2	0	0:00:01.091570
9500	9	9	2	1	0:00:01.091712
9520	1	1	1	1	0:00:01.102235
9540	5	3	3	0	0:00:01.086855
9560	9	7	5	0	0:00:01.089363
9580	1	1	4	1	0:00:01.081660
9600	8	-1	8	0	0:00:01.091913
9620	4	-1	4	0	0:00:01.089554
9640	5	-1	2	0	0:00:01.088382
9660	6	6	6	1	0:00:01.081958
9680	8	8	8	1	0:00:01.089202
9700	0	0	0	1	0:00:01.094813
9720	8	1	8	0	0:00:01.077625
9740	3	6	2	0	0:00:01.081353
9760	9	-1	3	0	0:00:01.096908
9780	4	6	2	0	0:00:01.089236
9800	1	1	1	1	0:00:01.077885
9820	0	8	8	0	0:00:01.082542
9840	4	-1	5	0	0:00:01.084233
9860	0	5	5	0	0:00:01.081403
9880	7	-1	8	0	0:00:01.085521
9900	8	8	8	1	0:00:01.079342
9920	6	6	2	1	0:00:01.093732
9940	4	5	5	0	0:00:01.088061
9960	2	0	0	0	0:00:01.092246
9980	0	0	0	1	0:00:01.091743
