idx	label	predict	basePredict	correct	time
0	3	3	3	1	0:00:02.855792
20	7	5	5	0	0:00:02.805114
40	4	4	4	1	0:00:02.778758
60	7	7	7	1	0:00:02.814645
80	8	8	8	1	0:00:02.820997
100	4	5	5	0	0:00:02.801311
120	8	-1	8	0	0:00:02.803158
140	6	6	2	1	0:00:02.780008
160	2	2	2	1	0:00:02.795287
180	0	0	0	1	0:00:02.781168
200	5	5	5	1	0:00:02.786468
220	7	5	5	0	0:00:02.793405
240	1	1	1	1	0:00:02.787922
260	8	8	8	1	0:00:02.809724
280	9	9	0	1	0:00:02.785109
300	6	6	6	1	0:00:02.787491
320	3	3	5	1	0:00:02.791898
340	2	4	4	0	0:00:02.777606
360	9	9	3	1	0:00:02.799925
380	6	6	2	1	0:00:02.779284
400	9	9	9	1	0:00:02.788248
420	4	4	4	1	0:00:02.782945
440	1	1	1	1	0:00:02.782310
460	5	5	5	1	0:00:02.796549
480	8	9	8	0	0:00:02.778368
500	4	3	3	0	0:00:02.805680
520	5	5	5	1	0:00:02.790242
540	1	1	1	1	0:00:02.783010
560	0	0	0	1	0:00:02.788720
580	4	4	4	1	0:00:02.776145
600	8	8	8	1	0:00:02.784329
620	7	7	7	1	0:00:02.790580
640	5	3	3	0	0:00:02.781063
660	9	9	8	1	0:00:02.795380
680	9	9	2	1	0:00:02.795106
700	7	7	7	1	0:00:02.797748
720	4	4	4	1	0:00:02.824070
740	2	5	5	0	0:00:02.783400
760	3	3	3	1	0:00:02.806659
780	9	9	9	1	0:00:02.787251
800	7	7	7	1	0:00:02.782143
820	6	6	6	1	0:00:02.778132
840	7	7	7	1	0:00:02.774771
860	4	7	2	0	0:00:02.802756
880	8	8	8	1	0:00:02.793254
900	2	6	6	0	0:00:02.821054
920	6	6	4	1	0:00:02.817526
940	9	9	9	1	0:00:02.786501
960	9	3	3	0	0:00:02.798250
980	2	4	2	0	0:00:02.803177
1000	5	5	5	1	0:00:02.084772
1020	1	1	1	1	0:00:02.087182
1040	7	5	5	0	0:00:02.070206
1060	9	9	9	1	0:00:02.079152
1080	6	6	6	1	0:00:02.071402
1100	7	8	8	0	0:00:02.071249
1120	5	2	2	0	0:00:02.079861
1140	6	6	5	1	0:00:02.071787
1160	8	8	8	1	0:00:02.071926
1180	3	3	3	1	0:00:02.081797
1200	8	8	8	1	0:00:02.089249
1220	9	6	3	0	0:00:02.083735
1240	2	6	6	0	0:00:02.078972
1260	1	9	9	0	0:00:02.075798
1280	3	3	3	1	0:00:02.082237
1300	4	3	3	0	0:00:02.077228
1320	7	7	7	1	0:00:02.075019
1340	1	1	1	1	0:00:02.061896
1360	7	7	4	1	0:00:02.077693
1380	4	5	5	0	0:00:02.063656
1400	5	3	5	0	0:00:02.065180
1420	4	7	7	0	0:00:02.084829
1440	0	0	8	1	0:00:02.074989
1460	6	6	6	1	0:00:02.071918
1480	1	-1	5	0	0:00:02.068478
1500	1	1	1	1	0:00:02.065079
1520	7	7	4	1	0:00:02.071279
1540	8	8	8	1	0:00:02.070054
1560	7	7	7	1	0:00:02.075884
1580	6	1	3	0	0:00:02.073426
1600	8	9	8	0	0:00:02.065982
1620	5	8	8	0	0:00:02.071603
1640	7	3	3	0	0:00:02.069776
1660	3	3	3	1	0:00:02.073076
1680	6	6	3	1	0:00:02.075498
1700	5	3	3	0	0:00:02.068439
1720	4	4	3	1	0:00:02.068178
1740	1	1	1	1	0:00:02.070526
1760	0	0	0	1	0:00:02.073763
1780	7	7	4	1	0:00:02.071431
1800	4	4	4	1	0:00:02.070435
1820	8	8	8	1	0:00:02.068251
1840	8	7	2	0	0:00:02.077297
1860	8	8	8	1	0:00:02.073183
1880	1	1	1	1	0:00:02.077366
1900	8	8	8	1	0:00:02.073324
1920	2	2	2	1	0:00:02.077055
1940	5	-1	2	0	0:00:02.074630
1960	2	5	2	0	0:00:02.071986
1980	9	9	9	1	0:00:02.070860
2000	1	1	1	1	0:00:02.097339
2020	9	9	9	1	0:00:02.088365
2040	0	0	0	1	0:00:02.089482
2060	5	3	3	0	0:00:02.076694
2080	1	9	9	0	0:00:02.080515
2100	2	2	2	1	0:00:02.077614
2120	4	8	8	0	0:00:02.071262
2140	9	9	9	1	0:00:02.075573
2160	0	0	8	1	0:00:02.103333
2180	4	4	4	1	0:00:02.075784
2200	0	0	0	1	0:00:02.076961
2220	1	1	1	1	0:00:02.072002
2240	9	9	1	1	0:00:02.068284
2260	4	4	4	1	0:00:02.067543
2280	4	4	8	1	0:00:02.069526
2300	3	4	4	0	0:00:02.068731
2320	5	2	2	0	0:00:02.067444
2340	7	7	7	1	0:00:02.065674
2360	7	5	5	0	0:00:02.075829
2380	8	8	8	1	0:00:02.071601
2400	0	0	0	1	0:00:02.068294
2420	8	1	3	0	0:00:02.067393
2440	7	7	7	1	0:00:02.066662
2460	9	-1	4	0	0:00:02.072015
2480	8	8	8	1	0:00:02.073000
2500	4	6	4	0	0:00:02.074386
2520	1	8	8	0	0:00:02.065677
2540	2	6	2	0	0:00:02.071045
2560	7	7	5	1	0:00:02.072567
2580	6	5	5	0	0:00:02.072947
2600	8	8	8	1	0:00:02.080982
2620	1	1	1	1	0:00:02.094802
2640	7	7	7	1	0:00:02.072550
2660	3	2	2	0	0:00:02.073601
2680	0	0	0	1	0:00:02.067766
2700	9	1	1	0	0:00:02.071168
2720	3	3	3	1	0:00:02.071317
2740	1	7	2	0	0:00:02.063306
2760	2	2	2	1	0:00:02.069623
2780	7	7	7	1	0:00:02.060499
2800	4	4	3	1	0:00:02.062131
2820	6	6	6	1	0:00:02.062768
2840	3	3	3	1	0:00:02.070251
2860	5	4	4	0	0:00:02.068629
2880	4	4	4	1	0:00:02.073136
2900	3	7	2	0	0:00:02.070344
2920	2	3	2	0	0:00:02.074331
2940	3	0	0	0	0:00:02.076112
2960	9	0	0	0	0:00:02.067647
2980	8	8	8	1	0:00:02.073109
3000	5	5	5	1	0:00:02.079268
3020	1	1	1	1	0:00:02.075343
3040	7	7	7	1	0:00:02.073869
3060	7	7	7	1	0:00:02.071048
3080	1	9	9	0	0:00:02.078439
3100	0	0	0	1	0:00:02.070758
3120	4	4	3	1	0:00:02.069031
3140	8	8	8	1	0:00:02.077133
3160	6	2	2	0	0:00:02.080618
3180	3	6	3	0	0:00:02.084193
3200	5	5	5	1	0:00:02.073456
3220	3	9	3	0	0:00:02.059304
3240	4	0	0	0	0:00:02.073424
3260	7	7	7	1	0:00:02.066962
3280	3	5	5	0	0:00:02.067064
3300	4	4	2	1	0:00:02.068000
3320	2	7	7	0	0:00:02.066205
3340	6	6	0	1	0:00:02.064053
3360	4	4	3	1	0:00:02.066197
3380	8	8	8	1	0:00:02.063825
3400	6	4	4	0	0:00:02.064122
3420	5	7	3	0	0:00:02.067542
3440	2	3	3	0	0:00:02.071482
3460	1	1	1	1	0:00:02.059083
3480	2	2	2	1	0:00:02.057249
3500	1	9	9	0	0:00:02.066445
3520	1	1	1	1	0:00:02.064560
3540	6	6	3	1	0:00:02.074027
3560	1	9	9	0	0:00:02.065357
3580	4	4	4	1	0:00:02.072966
3600	4	2	2	0	0:00:02.068464
3620	0	0	5	1	0:00:02.068408
3640	6	2	2	0	0:00:02.069406
3660	0	0	8	1	0:00:02.067700
3680	0	4	0	0	0:00:02.074091
3700	3	3	3	1	0:00:02.072749
3720	2	2	2	1	0:00:02.076633
3740	0	0	0	1	0:00:02.075593
3760	7	7	7	1	0:00:02.078618
3780	4	4	2	1	0:00:02.081530
3800	9	9	9	1	0:00:02.079076
3820	0	8	8	0	0:00:02.084700
3840	6	3	3	0	0:00:02.087155
3860	7	7	7	1	0:00:02.077493
3880	6	6	5	1	0:00:02.080159
3900	3	6	6	0	0:00:02.074740
3920	7	7	7	1	0:00:02.076348
3940	6	2	2	0	0:00:02.072513
3960	2	2	2	1	0:00:02.078955
3980	9	9	9	1	0:00:02.071676
4000	8	4	8	0	0:00:02.072441
4020	8	8	8	1	0:00:02.074043
4040	0	0	0	1	0:00:02.071913
4060	6	6	6	1	0:00:02.071142
4080	1	1	1	1	0:00:02.074599
4100	7	7	7	1	0:00:02.079956
4120	4	4	4	1	0:00:02.077430
4140	5	5	3	1	0:00:02.072977
4160	5	3	2	0	0:00:02.075147
4180	0	8	8	0	0:00:02.073611
4200	4	-1	2	0	0:00:02.075394
4220	4	0	0	0	0:00:02.074363
4240	7	0	0	0	0:00:02.077733
4260	8	8	8	1	0:00:02.078781
4280	8	0	0	0	0:00:02.075768
4300	8	8	8	1	0:00:02.088383
4320	1	9	8	0	0:00:02.091386
4340	0	0	0	1	0:00:02.093881
4360	6	6	6	1	0:00:02.085280
4380	9	9	9	1	0:00:02.072212
4400	3	5	5	0	0:00:02.070861
4420	5	5	5	1	0:00:02.070854
4440	2	-1	2	0	0:00:02.071297
4460	9	9	9	1	0:00:02.070801
4480	9	9	9	1	0:00:02.091294
4500	3	5	5	0	0:00:02.073272
4520	3	6	3	0	0:00:02.072623
4540	9	9	9	1	0:00:02.077305
4560	1	1	1	1	0:00:02.069140
4580	6	6	4	1	0:00:02.071442
4600	4	4	4	1	0:00:02.075903
4620	7	3	3	0	0:00:02.075672
4640	2	2	2	1	0:00:02.070881
4660	7	4	4	0	0:00:02.079904
4680	9	9	9	1	0:00:02.076853
4700	6	5	5	0	0:00:02.075965
4720	8	8	8	1	0:00:02.073116
4740	5	3	3	0	0:00:02.079622
4760	3	2	2	0	0:00:02.072124
4780	0	0	0	1	0:00:02.070599
4800	9	9	9	1	0:00:02.074617
4820	3	3	3	1	0:00:02.064763
4840	0	0	0	1	0:00:02.078319
4860	5	5	5	1	0:00:02.076054
4880	0	8	8	0	0:00:02.091413
4900	3	3	3	1	0:00:02.074174
4920	7	7	7	1	0:00:02.071908
4940	6	6	4	1	0:00:02.072618
4960	4	4	3	1	0:00:02.067824
4980	1	9	9	0	0:00:02.072078
5000	7	7	7	1	0:00:02.071711
5020	8	8	8	1	0:00:02.083919
5040	3	3	3	1	0:00:02.071163
5060	6	6	2	1	0:00:02.066798
5080	7	7	7	1	0:00:02.072043
5100	3	3	3	1	0:00:02.067847
5120	9	9	8	1	0:00:02.066129
5140	8	8	8	1	0:00:02.070477
5160	0	0	8	1	0:00:02.068683
5180	9	7	7	0	0:00:02.075453
5200	3	3	3	1	0:00:02.075096
5220	0	0	0	1	0:00:02.074507
5240	1	1	1	1	0:00:02.069256
5260	0	0	0	1	0:00:02.072068
5280	0	8	8	0	0:00:02.065101
5300	9	9	9	1	0:00:02.063715
5320	7	7	7	1	0:00:02.071339
5340	3	4	4	0	0:00:02.071663
5360	9	9	9	1	0:00:02.069370
5380	1	9	9	0	0:00:02.069935
5400	9	9	9	1	0:00:02.062415
5420	6	6	6	1	0:00:02.068944
5440	9	9	9	1	0:00:02.062120
5460	0	0	0	1	0:00:02.068646
5480	1	1	1	1	0:00:02.073196
5500	8	8	8	1	0:00:02.068695
5520	4	4	3	1	0:00:02.073267
5540	5	5	5	1	0:00:02.073626
5560	3	5	5	0	0:00:02.070422
5580	5	6	3	0	0:00:02.068918
5600	6	6	3	1	0:00:02.072689
5620	3	6	2	0	0:00:02.074605
5640	2	5	2	0	0:00:02.073577
5660	9	1	8	0	0:00:02.078351
5680	2	3	3	0	0:00:02.074839
5700	3	3	3	1	0:00:02.073582
5720	9	9	9	1	0:00:02.070968
5740	6	6	4	1	0:00:02.071230
5760	2	2	0	1	0:00:02.076931
5780	7	7	7	1	0:00:02.075210
5800	2	2	2	1	0:00:02.074311
5820	5	5	5	1	0:00:02.070998
5840	2	2	3	1	0:00:02.080332
5860	0	0	0	1	0:00:02.070316
5880	0	0	0	1	0:00:02.062681
5900	4	3	0	0	0:00:02.067324
5920	8	8	8	1	0:00:02.061268
5940	7	-1	3	0	0:00:02.058941
5960	2	6	2	0	0:00:02.064771
5980	9	9	9	1	0:00:02.074739
6000	8	8	8	1	0:00:02.068445
6020	6	6	6	1	0:00:02.069865
6040	2	5	7	0	0:00:02.076909
6060	3	4	5	0	0:00:02.068838
6080	1	1	1	1	0:00:02.072303
6100	1	1	1	1	0:00:02.076818
6120	5	5	5	1	0:00:02.070417
6140	9	9	1	1	0:00:02.080905
6160	2	5	2	0	0:00:02.074308
6180	0	0	0	1	0:00:02.069981
6200	3	2	2	0	0:00:02.075342
6220	2	5	5	0	0:00:02.068533
6240	2	2	2	1	0:00:02.071481
6260	2	2	2	1	0:00:02.071831
6280	8	5	5	0	0:00:02.071521
6300	1	1	1	1	0:00:02.069041
6320	0	0	0	1	0:00:02.069106
6340	3	7	3	0	0:00:02.070477
6360	2	2	2	1	0:00:02.071033
6380	3	6	3	0	0:00:02.076614
6400	0	0	0	1	0:00:02.070795
6420	7	7	7	1	0:00:02.069864
6440	3	6	2	0	0:00:02.071214
6460	3	3	3	1	0:00:02.070904
6480	0	0	0	1	0:00:02.098216
6500	7	6	8	0	0:00:02.067855
6520	6	-1	2	0	0:00:02.066448
6540	8	8	8	1	0:00:02.068701
6560	6	4	5	0	0:00:02.075105
6580	1	8	8	0	0:00:02.075205
6600	7	7	7	1	0:00:02.074865
6620	7	7	7	1	0:00:02.086893
6640	5	3	3	0	0:00:02.084559
6660	0	0	0	1	0:00:02.082784
6680	3	5	5	0	0:00:02.080045
6700	6	6	6	1	0:00:02.069803
6720	2	2	2	1	0:00:02.078632
6740	2	4	4	0	0:00:02.068851
6760	5	5	5	1	0:00:02.069391
6780	7	7	7	1	0:00:02.062958
6800	6	4	4	0	0:00:02.063111
6820	1	1	1	1	0:00:02.065977
6840	9	9	9	1	0:00:02.069031
6860	0	0	0	1	0:00:02.070513
6880	2	2	2	1	0:00:02.071799
6900	3	3	3	1	0:00:02.063515
6920	5	4	2	0	0:00:02.067011
6940	1	1	1	1	0:00:02.066165
6960	9	9	8	1	0:00:02.071743
6980	0	0	0	1	0:00:02.066483
7000	2	0	8	0	0:00:02.068460
7020	7	7	7	1	0:00:02.069473
7040	7	8	8	0	0:00:02.066981
7060	8	8	8	1	0:00:02.072271
7080	5	4	4	0	0:00:02.069701
7100	9	3	3	0	0:00:02.071200
7120	7	7	5	1	0:00:02.067020
7140	4	3	3	0	0:00:02.066226
7160	5	5	5	1	0:00:02.072906
7180	6	6	3	1	0:00:02.060929
7200	4	4	2	1	0:00:02.068267
7220	9	9	9	1	0:00:02.071834
7240	0	0	8	1	0:00:02.071293
7260	1	1	1	1	0:00:02.084510
7280	1	1	3	1	0:00:02.063945
7300	3	4	5	0	0:00:02.073774
7320	8	0	0	0	0:00:02.074963
7340	2	2	0	1	0:00:02.066693
7360	2	2	2	1	0:00:02.069592
7380	7	7	7	1	0:00:02.062105
7400	3	5	5	0	0:00:02.065818
7420	3	4	4	0	0:00:02.069334
7440	3	3	3	1	0:00:02.070486
7460	5	5	5	1	0:00:02.067998
7480	1	1	1	1	0:00:02.063679
7500	6	6	6	1	0:00:02.064445
7520	4	4	4	1	0:00:02.062219
7540	5	5	5	1	0:00:02.063226
7560	0	0	0	1	0:00:02.065102
7580	8	8	8	1	0:00:02.069453
7600	8	2	2	0	0:00:02.064243
7620	5	3	3	0	0:00:02.062168
7640	9	8	8	0	0:00:02.064418
7660	7	7	4	1	0:00:02.063743
7680	3	5	5	0	0:00:02.063891
7700	6	6	6	1	0:00:02.070906
7720	5	2	2	0	0:00:02.072659
7740	4	4	2	1	0:00:02.067108
7760	2	0	8	0	0:00:02.060702
7780	3	8	8	0	0:00:02.077911
7800	0	0	0	1	0:00:02.072291
7820	5	5	0	1	0:00:02.076028
7840	1	1	1	1	0:00:02.081808
7860	8	8	8	1	0:00:02.068847
7880	0	0	0	1	0:00:02.072453
7900	0	4	8	0	0:00:02.070202
7920	9	9	9	1	0:00:02.077604
7940	2	6	2	0	0:00:02.079541
7960	0	3	0	0	0:00:02.072237
7980	3	3	3	1	0:00:02.073831
8000	9	9	9	1	0:00:02.071357
8020	6	7	3	0	0:00:02.067474
8040	2	2	2	1	0:00:02.074453
8060	6	6	5	1	0:00:02.080225
8080	4	4	3	1	0:00:02.074240
8100	6	2	2	0	0:00:02.072262
8120	8	9	8	0	0:00:02.080312
8140	5	7	3	0	0:00:02.068125
8160	6	6	6	1	0:00:02.069526
8180	4	4	4	1	0:00:02.075863
8200	3	6	3	0	0:00:02.076564
8220	6	5	5	0	0:00:02.076344
8240	7	7	7	1	0:00:02.073959
8260	1	1	1	1	0:00:02.075327
8280	4	4	4	1	0:00:02.071140
8300	5	4	2	0	0:00:02.074713
8320	7	7	7	1	0:00:02.075887
8340	5	3	5	0	0:00:02.072733
8360	7	7	7	1	0:00:02.089025
8380	9	9	9	1	0:00:02.083544
8400	0	9	9	0	0:00:02.076481
8420	3	6	6	0	0:00:02.084211
8440	5	3	3	0	0:00:02.116493
8460	8	8	8	1	0:00:02.132663
8480	2	2	2	1	0:00:02.070738
8500	4	4	4	1	0:00:02.072479
8520	8	8	8	1	0:00:02.073214
8540	4	2	2	0	0:00:02.072022
8560	7	7	7	1	0:00:02.070221
8580	3	5	5	0	0:00:02.079827
8600	3	2	2	0	0:00:02.070725
8620	3	2	5	0	0:00:02.077132
8640	1	1	1	1	0:00:02.075808
8660	7	7	7	1	0:00:02.071692
8680	3	7	3	0	0:00:02.070951
8700	3	3	3	1	0:00:02.069049
8720	2	0	0	0	0:00:02.077083
8740	2	2	5	1	0:00:02.075269
8760	8	8	8	1	0:00:02.074311
8780	4	4	4	1	0:00:02.073619
8800	0	0	0	1	0:00:02.074305
8820	2	2	2	1	0:00:02.066968
8840	2	-1	2	0	0:00:02.082744
8860	2	2	2	1	0:00:02.070864
8880	1	1	1	1	0:00:02.083425
8900	2	4	4	0	0:00:02.074885
8920	6	6	3	1	0:00:02.071561
8940	6	3	3	0	0:00:02.091904
8960	0	4	2	0	0:00:02.077335
8980	9	9	9	1	0:00:02.075470
9000	8	8	8	1	0:00:02.074835
9020	7	7	7	1	0:00:02.074285
9040	2	5	5	0	0:00:02.068808
9060	9	9	5	1	0:00:02.072287
9080	3	5	3	0	0:00:02.069873
9100	9	1	1	0	0:00:02.070427
9120	3	0	3	0	0:00:02.071661
9140	7	7	4	1	0:00:02.066101
9160	5	3	3	0	0:00:02.077677
9180	5	5	5	1	0:00:02.075716
9200	8	8	8	1	0:00:02.073200
9220	8	8	8	1	0:00:02.079858
9240	8	8	8	1	0:00:02.084374
9260	5	5	5	1	0:00:02.070445
9280	9	8	8	0	0:00:02.079224
9300	5	2	2	0	0:00:02.074525
9320	9	9	9	1	0:00:02.072503
9340	1	1	1	1	0:00:02.073423
9360	5	0	0	0	0:00:02.092366
9380	5	3	3	0	0:00:02.084171
9400	6	6	6	1	0:00:02.073223
9420	5	5	5	1	0:00:02.089892
9440	8	8	8	1	0:00:02.098184
9460	3	7	7	0	0:00:02.086543
9480	2	2	2	1	0:00:02.079494
9500	9	9	2	1	0:00:02.087847
9520	1	1	1	1	0:00:02.080335
9540	5	5	5	1	0:00:02.068987
9560	9	7	3	0	0:00:02.107828
9580	1	1	1	1	0:00:02.070164
9600	8	8	8	1	0:00:02.069456
9620	4	4	4	1	0:00:02.062152
9640	5	5	5	1	0:00:02.066438
9660	6	6	6	1	0:00:02.070328
9680	8	8	8	1	0:00:02.071619
9700	0	0	0	1	0:00:02.062193
9720	8	6	8	0	0:00:02.072392
9740	3	6	2	0	0:00:02.065879
9760	9	5	5	0	0:00:02.063653
9780	4	4	2	1	0:00:02.070417
9800	1	1	1	1	0:00:02.072910
9820	0	8	8	0	0:00:02.071485
9840	4	7	7	0	0:00:02.064895
9860	0	3	8	0	0:00:02.063624
9880	7	8	7	0	0:00:02.059293
9900	8	8	8	1	0:00:02.056921
9920	6	6	6	1	0:00:02.062433
9940	4	5	5	0	0:00:02.062187
9960	2	0	0	0	0:00:02.090273
9980	0	0	0	1	0:00:02.063350
