idx	label	predict	basePredict	correct	time
0	3	4	4	0	0:00:16.894760
20	7	9	9	0	0:00:15.814089
40	4	8	8	0	0:00:15.736398
60	7	2	2	0	0:00:15.737287
80	8	8	8	1	0:00:15.741661
100	4	5	5	0	0:00:15.758996
120	8	8	8	1	0:00:15.730714
140	6	2	2	0	0:00:15.775948
160	2	0	2	0	0:00:15.725057
180	0	0	0	1	0:00:15.722222
200	5	3	3	0	0:00:15.761374
220	7	7	7	1	0:00:15.764647
240	1	1	6	1	0:00:15.751998
260	8	5	5	0	0:00:15.769868
280	9	9	8	1	0:00:15.905238
300	6	4	4	0	0:00:15.850101
320	3	2	2	0	0:00:15.727524
340	2	5	4	0	0:00:15.703337
360	9	6	6	0	0:00:15.740192
380	6	8	4	0	0:00:15.742725
400	9	9	9	1	0:00:15.744667
420	4	6	6	0	0:00:15.704591
440	1	1	2	1	0:00:15.756085
460	5	5	4	1	0:00:15.740818
480	8	9	9	0	0:00:15.773375
500	4	6	2	0	0:00:15.752880
520	5	7	8	0	0:00:15.726908
540	1	8	8	0	0:00:15.778890
560	0	0	8	1	0:00:15.737398
580	4	6	4	0	0:00:15.773669
600	8	5	4	0	0:00:15.768769
620	7	6	4	0	0:00:15.724958
640	5	6	6	0	0:00:15.760241
660	9	9	9	1	0:00:15.785956
680	9	9	9	1	0:00:15.743790
700	7	7	2	1	0:00:15.718155
720	4	9	7	0	0:00:15.732587
740	2	5	5	0	0:00:15.765249
760	3	9	9	0	0:00:15.767066
780	9	0	0	0	0:00:15.806087
800	7	7	7	1	0:00:15.810223
820	6	9	9	0	0:00:15.796359
840	7	7	7	1	0:00:15.721893
860	4	6	6	0	0:00:15.727220
880	8	8	8	1	0:00:15.777023
900	2	6	6	0	0:00:15.737039
920	6	2	2	0	0:00:15.767051
940	9	6	6	0	0:00:15.735946
960	9	9	4	1	0:00:15.751316
980	2	6	6	0	0:00:15.712806
1000	5	5	5	1	0:00:14.982751
1020	1	8	8	0	0:00:15.005303
1040	7	5	5	0	0:00:15.000733
1060	9	8	8	0	0:00:15.000413
1080	6	6	6	1	0:00:14.983987
1100	7	8	8	0	0:00:14.989042
1120	5	8	8	0	0:00:14.992459
1140	6	4	4	0	0:00:15.022344
1160	8	0	0	0	0:00:14.993028
1180	3	9	9	0	0:00:14.985388
1200	8	0	0	0	0:00:14.990218
1220	9	7	2	0	0:00:15.009666
1240	2	6	6	0	0:00:14.999300
1260	1	9	9	0	0:00:14.989479
1280	3	7	7	0	0:00:14.988946
1300	4	6	6	0	0:00:14.997094
1320	7	0	0	0	0:00:14.982627
1340	1	1	1	1	0:00:14.983976
1360	7	9	2	0	0:00:14.991660
1380	4	5	8	0	0:00:15.000571
1400	5	2	2	0	0:00:14.975883
1420	4	7	7	0	0:00:14.972483
1440	0	8	8	0	0:00:14.998774
1460	6	6	4	1	0:00:15.006493
1480	1	5	5	0	0:00:14.975448
1500	1	9	9	0	0:00:14.998096
1520	7	6	4	0	0:00:14.992809
1540	8	8	8	1	0:00:15.007916
1560	7	7	7	1	0:00:14.995797
1580	6	1	1	0	0:00:15.000671
1600	8	9	4	0	0:00:14.982089
1620	5	8	8	0	0:00:15.003124
1640	7	5	5	0	0:00:15.064849
1660	3	5	4	0	0:00:15.006270
1680	6	6	6	1	0:00:15.005036
1700	5	2	2	0	0:00:15.109037
1720	4	0	0	0	0:00:15.031172
1740	1	9	9	0	0:00:15.002353
1760	0	8	8	0	0:00:14.989768
1780	7	8	8	0	0:00:15.001217
1800	4	8	8	0	0:00:15.031524
1820	8	9	9	0	0:00:14.999280
1840	8	7	7	0	0:00:15.009057
1860	8	8	8	1	0:00:15.014989
1880	1	1	4	1	0:00:14.997426
1900	8	8	8	1	0:00:14.997874
1920	2	7	2	0	0:00:15.010688
1940	5	2	2	0	0:00:15.034720
1960	2	5	5	0	0:00:15.005872
1980	9	9	2	1	0:00:15.000205
2000	1	6	6	0	0:00:14.982622
2020	9	9	9	1	0:00:15.000178
2040	0	8	8	0	0:00:15.001473
2060	5	5	5	1	0:00:15.016904
2080	1	2	2	0	0:00:14.997712
2100	2	4	4	0	0:00:14.996194
2120	4	8	8	0	0:00:14.993022
2140	9	9	1	1	0:00:14.985596
2160	0	8	8	0	0:00:14.997472
2180	4	6	6	0	0:00:15.038471
2200	0	0	0	1	0:00:15.007166
2220	1	1	4	1	0:00:14.989901
2240	9	9	9	1	0:00:15.009928
2260	4	1	4	0	0:00:15.019374
2280	4	8	8	0	0:00:14.998576
2300	3	6	4	0	0:00:14.990673
2320	5	8	8	0	0:00:14.996232
2340	7	9	7	0	0:00:15.009491
2360	7	7	0	1	0:00:14.997539
2380	8	8	8	1	0:00:15.000383
2400	0	0	0	1	0:00:14.977243
2420	8	5	5	0	0:00:14.996667
2440	7	1	8	0	0:00:15.015088
2460	9	6	6	0	0:00:15.003375
2480	8	8	8	1	0:00:15.012258
2500	4	6	2	0	0:00:14.985745
2520	1	8	8	0	0:00:15.000697
2540	2	3	4	0	0:00:15.014757
2560	7	2	2	0	0:00:15.007318
2580	6	4	4	0	0:00:14.996186
2600	8	8	8	1	0:00:15.013457
2620	1	6	6	0	0:00:14.995503
2640	7	7	2	1	0:00:14.998931
2660	3	0	0	0	0:00:15.029042
2680	0	0	0	1	0:00:15.021118
2700	9	0	0	0	0:00:15.017395
2720	3	8	8	0	0:00:15.004375
2740	1	1	1	1	0:00:14.994443
2760	2	6	6	0	0:00:15.003843
2780	7	7	6	1	0:00:14.989181
2800	4	6	6	0	0:00:15.044752
2820	6	6	6	1	0:00:15.020820
2840	3	3	3	1	0:00:15.001280
2860	5	7	7	0	0:00:14.992611
2880	4	4	4	1	0:00:15.013507
2900	3	5	4	0	0:00:15.023534
2920	2	8	8	0	0:00:15.000674
2940	3	8	8	0	0:00:15.008116
2960	9	7	7	0	0:00:15.012186
2980	8	1	4	0	0:00:14.986375
3000	5	5	5	1	0:00:15.015023
3020	1	1	8	1	0:00:15.025718
3040	7	7	7	1	0:00:15.023822
3060	7	7	7	1	0:00:14.993829
3080	1	2	2	0	0:00:14.996309
3100	0	0	0	1	0:00:14.991066
3120	4	6	4	0	0:00:15.010926
3140	8	8	8	1	0:00:15.009300
3160	6	4	4	0	0:00:15.010339
3180	3	8	8	0	0:00:14.974239
3200	5	1	7	0	0:00:15.006506
3220	3	9	7	0	0:00:15.009645
3240	4	8	8	0	0:00:14.994645
3260	7	0	0	0	0:00:14.991123
3280	3	0	0	0	0:00:14.994254
3300	4	4	4	1	0:00:15.008370
3320	2	7	7	0	0:00:15.001465
3340	6	4	4	0	0:00:14.999695
3360	4	6	6	0	0:00:15.008219
3380	8	9	8	0	0:00:14.999425
3400	6	4	4	0	0:00:14.998481
3420	5	6	6	0	0:00:15.000848
3440	2	9	9	0	0:00:15.011657
3460	1	1	4	1	0:00:15.005873
3480	2	2	2	1	0:00:14.996208
3500	1	4	4	0	0:00:14.989406
3520	1	1	1	1	0:00:15.099073
3540	6	8	8	0	0:00:15.007344
3560	1	9	8	0	0:00:14.995310
3580	4	1	8	0	0:00:15.001804
3600	4	2	2	0	0:00:15.015800
3620	0	7	7	0	0:00:15.016870
3640	6	2	2	0	0:00:14.990823
3660	0	8	8	0	0:00:14.999967
3680	0	7	2	0	0:00:14.999990
3700	3	5	4	0	0:00:15.019545
3720	2	2	0	1	0:00:15.006067
3740	0	0	0	1	0:00:14.993950
3760	7	7	7	1	0:00:14.996520
3780	4	2	2	0	0:00:15.020012
3800	9	3	2	0	0:00:14.998472
3820	0	0	0	1	0:00:14.977203
3840	6	8	5	0	0:00:15.008768
3860	7	7	7	1	0:00:15.007909
3880	6	4	4	0	0:00:14.990444
3900	3	0	0	0	0:00:14.991888
3920	7	8	8	0	0:00:15.005828
3940	6	7	4	0	0:00:15.013352
3960	2	5	4	0	0:00:14.990104
3980	9	7	7	0	0:00:14.991340
4000	8	7	4	0	0:00:15.028260
4020	8	9	8	0	0:00:15.021677
4040	0	8	0	0	0:00:15.027952
4060	6	0	0	0	0:00:14.999301
4080	1	8	8	0	0:00:15.013157
4100	7	7	7	1	0:00:15.023253
4120	4	0	0	0	0:00:15.018187
4140	5	2	2	0	0:00:15.016907
4160	5	2	2	0	0:00:15.000094
4180	0	0	8	1	0:00:14.984169
4200	4	2	2	0	0:00:15.002344
4220	4	0	0	0	0:00:14.994535
4240	7	8	8	0	0:00:15.018031
4260	8	9	9	0	0:00:14.993400
4280	8	8	8	1	0:00:14.985614
4300	8	8	8	1	0:00:15.075156
4320	1	8	8	0	0:00:14.995651
4340	0	8	0	0	0:00:15.011269
4360	6	9	9	0	0:00:15.003824
4380	9	9	8	1	0:00:15.000991
4400	3	8	8	0	0:00:15.035473
4420	5	8	8	0	0:00:15.013685
4440	2	6	6	0	0:00:15.012225
4460	9	8	8	0	0:00:15.008498
4480	9	6	6	0	0:00:15.002844
4500	3	7	7	0	0:00:15.006169
4520	3	6	6	0	0:00:15.017930
4540	9	9	9	1	0:00:15.030331
4560	1	6	4	0	0:00:14.976081
4580	6	6	4	1	0:00:14.997694
4600	4	7	7	0	0:00:15.001332
4620	7	3	3	0	0:00:14.996668
4640	2	5	5	0	0:00:15.001570
4660	7	2	2	0	0:00:15.000036
4680	9	1	1	0	0:00:15.011271
4700	6	1	4	0	0:00:14.994846
4720	8	0	0	0	0:00:15.007992
4740	5	6	6	0	0:00:15.016902
4760	3	8	2	0	0:00:15.007150
4780	0	8	0	0	0:00:14.991609
4800	9	9	9	1	0:00:15.003270
4820	3	8	6	0	0:00:15.027763
4840	0	0	0	1	0:00:14.998013
4860	5	5	5	1	0:00:14.991558
4880	0	2	2	0	0:00:15.000361
4900	3	6	6	0	0:00:15.016684
4920	7	0	0	0	0:00:14.995774
4940	6	2	2	0	0:00:14.984899
4960	4	6	6	0	0:00:15.040711
4980	1	9	9	0	0:00:14.998936
5000	7	7	7	1	0:00:15.004432
5020	8	8	8	1	0:00:15.006682
5040	3	7	4	0	0:00:14.995736
5060	6	6	6	1	0:00:15.003103
5080	7	7	7	1	0:00:14.988414
5100	3	4	4	0	0:00:14.984563
5120	9	8	8	0	0:00:14.997726
5140	8	0	8	0	0:00:15.051088
5160	0	8	8	0	0:00:14.983102
5180	9	6	4	0	0:00:15.008749
5200	3	3	3	1	0:00:15.003001
5220	0	0	0	1	0:00:14.992891
5240	1	3	2	0	0:00:14.986398
5260	0	0	0	1	0:00:15.001451
5280	0	-1	8	0	0:00:15.004279
5300	9	1	6	0	0:00:14.995970
5320	7	7	7	1	0:00:14.998372
5340	3	2	8	0	0:00:14.986755
5360	9	9	9	1	0:00:15.010258
5380	1	9	9	0	0:00:15.007679
5400	9	0	0	0	0:00:14.992505
5420	6	7	7	0	0:00:14.998769
5440	9	9	9	1	0:00:15.015486
5460	0	6	6	0	0:00:15.023714
5480	1	8	8	0	0:00:15.002102
5500	8	1	8	0	0:00:14.994466
5520	4	5	5	0	0:00:14.990057
5540	5	2	2	0	0:00:14.985236
5560	3	6	4	0	0:00:15.021776
5580	5	6	6	0	0:00:14.983353
5600	6	8	8	0	0:00:15.000593
5620	3	2	2	0	0:00:15.001710
5640	2	3	3	0	0:00:14.996704
5660	9	7	8	0	0:00:14.991395
5680	2	8	8	0	0:00:14.995721
5700	3	9	6	0	0:00:14.998281
5720	9	9	9	1	0:00:15.002361
5740	6	4	4	0	0:00:15.001544
5760	2	8	8	0	0:00:14.986464
5780	7	7	7	1	0:00:15.001730
5800	2	6	4	0	0:00:14.982101
5820	5	6	6	0	0:00:15.014438
5840	2	6	6	0	0:00:14.997676
5860	0	8	8	0	0:00:15.011807
5880	0	8	8	0	0:00:14.987330
5900	4	5	4	0	0:00:14.996617
5920	8	8	8	1	0:00:15.008124
5940	7	4	4	0	0:00:15.003160
5960	2	7	7	0	0:00:15.005480
5980	9	9	8	1	0:00:15.005128
6000	8	9	8	0	0:00:15.078128
6020	6	7	6	0	0:00:15.031755
6040	2	7	7	0	0:00:15.000528
6060	3	4	4	0	0:00:15.010755
6080	1	9	6	0	0:00:14.991110
6100	1	8	8	0	0:00:14.984730
6120	5	5	5	1	0:00:14.992573
6140	9	9	7	1	0:00:14.994058
6160	2	5	5	0	0:00:14.997607
6180	0	8	8	0	0:00:14.996758
6200	3	0	0	0	0:00:15.009545
6220	2	6	6	0	0:00:15.003945
6240	2	1	4	0	0:00:14.997969
6260	2	9	7	0	0:00:15.012277
6280	8	5	4	0	0:00:15.007384
6300	1	7	2	0	0:00:14.995984
6320	0	0	0	1	0:00:14.985628
6340	3	8	8	0	0:00:15.012399
6360	2	2	2	1	0:00:15.051335
6380	3	1	6	0	0:00:14.999403
6400	0	1	4	0	0:00:15.059189
6420	7	5	8	0	0:00:15.015927
6440	3	8	8	0	0:00:14.979452
6460	3	1	1	0	0:00:15.003394
6480	0	5	0	0	0:00:15.001423
6500	7	0	0	0	0:00:15.008750
6520	6	4	4	0	0:00:15.020732
6540	8	8	8	1	0:00:14.992573
6560	6	6	6	1	0:00:15.008133
6580	1	3	4	0	0:00:15.017965
6600	7	7	7	1	0:00:15.018845
6620	7	7	4	1	0:00:15.064419
6640	5	3	8	0	0:00:15.037822
6660	0	8	8	0	0:00:15.063245
6680	3	5	3	0	0:00:15.020202
6700	6	-1	4	0	0:00:14.987905
6720	2	2	2	1	0:00:14.984207
6740	2	6	4	0	0:00:15.015603
6760	5	0	0	0	0:00:14.965637
6780	7	7	7	1	0:00:14.978392
6800	6	6	6	1	0:00:14.991637
6820	1	1	1	1	0:00:15.030183
6840	9	9	6	1	0:00:14.969824
6860	0	0	0	1	0:00:14.967471
6880	2	7	4	0	0:00:14.987213
6900	3	7	7	0	0:00:15.015956
6920	5	2	2	0	0:00:14.980555
6940	1	1	1	1	0:00:14.999787
6960	9	8	8	0	0:00:15.000003
6980	0	9	9	0	0:00:15.003653
7000	2	8	8	0	0:00:15.065203
7020	7	1	1	0	0:00:14.990355
7040	7	8	8	0	0:00:14.986687
7060	8	0	8	0	0:00:14.990418
7080	5	0	0	0	0:00:14.974668
7100	9	8	8	0	0:00:14.986603
7120	7	5	5	0	0:00:15.012872
7140	4	4	4	1	0:00:15.031089
7160	5	4	4	0	0:00:14.966952
7180	6	6	6	1	0:00:14.997482
7200	4	6	2	0	0:00:14.975906
7220	9	8	8	0	0:00:14.969538
7240	0	8	8	0	0:00:15.031111
7260	1	8	8	0	0:00:15.039065
7280	1	6	4	0	0:00:14.979599
7300	3	7	8	0	0:00:14.988812
7320	8	0	0	0	0:00:14.966844
7340	2	4	4	0	0:00:15.010048
7360	2	7	4	0	0:00:14.972972
7380	7	-1	7	0	0:00:14.984174
7400	3	9	3	0	0:00:14.970455
7420	3	0	0	0	0:00:15.021876
7440	3	6	4	0	0:00:15.059103
7460	5	5	5	1	0:00:15.085390
7480	1	5	5	0	0:00:14.969534
7500	6	6	6	1	0:00:14.966807
7520	4	6	4	0	0:00:14.979264
7540	5	5	5	1	0:00:14.989671
7560	0	2	2	0	0:00:15.015176
7580	8	8	8	1	0:00:14.995329
7600	8	9	9	0	0:00:14.983210
7620	5	1	4	0	0:00:14.963157
7640	9	8	8	0	0:00:14.973659
7660	7	9	4	0	0:00:14.980264
7680	3	9	9	0	0:00:14.999375
7700	6	6	6	1	0:00:15.019479
7720	5	6	4	0	0:00:15.036175
7740	4	2	2	0	0:00:14.985311
7760	2	9	9	0	0:00:14.985774
7780	3	8	8	0	0:00:14.989008
7800	0	0	0	1	0:00:14.971262
7820	5	8	8	0	0:00:15.018569
7840	1	1	1	1	0:00:14.991021
7860	8	4	4	0	0:00:14.987350
7880	0	8	8	0	0:00:15.040871
7900	0	8	8	0	0:00:15.054304
7920	9	8	8	0	0:00:14.997174
7940	2	6	6	0	0:00:15.049942
7960	0	0	0	1	0:00:15.004599
7980	3	7	4	0	0:00:14.970597
8000	9	0	0	0	0:00:14.990992
8020	6	6	6	1	0:00:15.001375
8040	2	6	6	0	0:00:14.977546
8060	6	4	4	0	0:00:14.967776
8080	4	6	4	0	0:00:15.034586
8100	6	2	2	0	0:00:14.986801
8120	8	9	8	0	0:00:14.976458
8140	5	-1	6	0	0:00:14.977570
8160	6	9	8	0	0:00:14.975917
8180	4	6	4	0	0:00:14.975823
8200	3	6	4	0	0:00:14.965103
8220	6	7	2	0	0:00:14.963403
8240	7	7	7	1	0:00:14.984511
8260	1	3	3	0	0:00:15.000606
8280	4	5	2	0	0:00:14.960338
8300	5	2	2	0	0:00:14.962255
8320	7	9	4	0	0:00:14.997576
8340	5	5	4	1	0:00:15.027913
8360	7	4	4	0	0:00:14.969760
8380	9	8	8	0	0:00:14.996491
8400	0	8	8	0	0:00:15.037128
8420	3	6	2	0	0:00:14.999256
8440	5	9	4	0	0:00:14.969722
8460	8	8	8	1	0:00:15.017448
8480	2	1	8	0	0:00:14.988307
8500	4	2	2	0	0:00:15.040111
8520	8	4	4	0	0:00:14.968616
8540	4	2	4	0	0:00:14.965522
8560	7	7	6	1	0:00:14.979788
8580	3	9	0	0	0:00:14.992646
8600	3	7	7	0	0:00:14.972495
8620	3	1	4	0	0:00:14.969543
8640	1	1	1	1	0:00:15.075604
8660	7	5	5	0	0:00:15.039835
8680	3	9	0	0	0:00:15.025060
8700	3	5	3	0	0:00:14.968532
8720	2	0	0	0	0:00:14.942613
8740	2	6	4	0	0:00:14.982466
8760	8	-1	5	0	0:00:15.059602
8780	4	4	4	1	0:00:14.961120
8800	0	0	0	1	0:00:14.976275
8820	2	2	2	1	0:00:14.968364
8840	2	1	1	0	0:00:14.981560
8860	2	0	8	0	0:00:15.008524
8880	1	6	4	0	0:00:14.950839
8900	2	1	4	0	0:00:14.965415
8920	6	6	4	1	0:00:14.958746
8940	6	3	3	0	0:00:14.952443
8960	0	0	0	1	0:00:14.956980
8980	9	9	8	1	0:00:14.957668
9000	8	8	8	1	0:00:14.978119
9020	7	9	8	0	0:00:14.986827
9040	2	5	5	0	0:00:14.987470
9060	9	5	5	0	0:00:14.969283
9080	3	0	0	0	0:00:14.950180
9100	9	6	6	0	0:00:14.949419
9120	3	0	0	0	0:00:15.004411
9140	7	8	8	0	0:00:15.003832
9160	5	5	4	1	0:00:14.994157
9180	5	5	5	1	0:00:15.034684
9200	8	8	8	1	0:00:14.951974
9220	8	8	8	1	0:00:14.962713
9240	8	8	8	1	0:00:14.983477
9260	5	5	4	1	0:00:14.958074
9280	9	0	0	0	0:00:14.975261
9300	5	2	2	0	0:00:15.024273
9320	9	8	8	0	0:00:14.974546
9340	1	1	1	1	0:00:14.968894
9360	5	0	2	0	0:00:14.958057
9380	5	9	5	0	0:00:14.975073
9400	6	2	2	0	0:00:14.971220
9420	5	6	6	0	0:00:15.011931
9440	8	8	8	1	0:00:15.000690
9460	3	9	4	0	0:00:14.966674
9480	2	4	4	0	0:00:14.947100
9500	9	6	6	0	0:00:14.946489
9520	1	9	9	0	0:00:14.956878
9540	5	5	4	1	0:00:14.956107
9560	9	7	7	0	0:00:14.946726
9580	1	4	4	0	0:00:14.944366
9600	8	8	8	1	0:00:14.947469
9620	4	7	0	0	0:00:14.976283
9640	5	6	6	0	0:00:14.951241
9660	6	6	6	1	0:00:14.966846
9680	8	9	8	0	0:00:14.974552
9700	0	0	0	1	0:00:14.954642
9720	8	6	2	0	0:00:14.947865
9740	3	6	4	0	0:00:14.941348
9760	9	9	4	1	0:00:14.991652
9780	4	6	6	0	0:00:15.010682
9800	1	1	9	1	0:00:15.003546
9820	0	9	8	0	0:00:14.957246
9840	4	5	3	0	0:00:14.959968
9860	0	2	8	0	0:00:14.967562
9880	7	8	4	0	0:00:14.942200
9900	8	0	0	0	0:00:14.979935
9920	6	6	4	1	0:00:15.000769
9940	4	5	7	0	0:00:14.975204
9960	2	0	0	0	0:00:14.994769
9980	0	0	0	1	0:00:15.038618
