idx	label	predict	basePredict	correct	time
0	3	-1	4	0	0:00:01.108235
20	7	9	9	0	0:00:01.068964
40	4	-1	8	0	0:00:01.058486
60	7	2	2	0	0:00:01.094187
80	8	8	8	1	0:00:01.045827
100	4	5	4	0	0:00:01.021149
120	8	8	8	1	0:00:01.018603
140	6	2	2	0	0:00:01.081252
160	2	0	2	0	0:00:01.057922
180	0	0	0	1	0:00:01.076459
200	5	3	3	0	0:00:01.048155
220	7	7	7	1	0:00:01.075656
240	1	1	6	1	0:00:01.072338
260	8	5	5	0	0:00:01.037062
280	9	9	8	1	0:00:01.058415
300	6	-1	4	0	0:00:01.050731
320	3	-1	2	0	0:00:01.054950
340	2	-1	4	0	0:00:01.084929
360	9	6	6	0	0:00:01.035990
380	6	-1	4	0	0:00:01.042212
400	9	9	9	1	0:00:01.048424
420	4	6	6	0	0:00:01.035929
440	1	1	2	1	0:00:01.052887
460	5	5	4	1	0:00:01.031004
480	8	9	9	0	0:00:01.023631
500	4	-1	2	0	0:00:01.000300
520	5	-1	8	0	0:00:01.066189
540	1	8	8	0	0:00:01.041313
560	0	0	8	1	0:00:01.029349
580	4	6	4	0	0:00:01.020659
600	8	-1	8	0	0:00:01.036017
620	7	-1	2	0	0:00:01.039730
640	5	-1	6	0	0:00:01.034085
660	9	9	9	1	0:00:01.024198
680	9	-1	9	0	0:00:01.046759
700	7	7	4	1	0:00:01.015268
720	4	9	7	0	0:00:01.024413
740	2	5	5	0	0:00:01.103312
760	3	9	7	0	0:00:01.002336
780	9	-1	0	0	0:00:01.020505
800	7	7	7	1	0:00:01.062343
820	6	9	8	0	0:00:01.053776
840	7	7	7	1	0:00:01.059094
860	4	-1	4	0	0:00:01.049296
880	8	8	8	1	0:00:01.055690
900	2	6	6	0	0:00:01.056498
920	6	2	2	0	0:00:01.056033
940	9	6	6	0	0:00:01.079815
960	9	-1	4	0	0:00:01.069101
980	2	6	6	0	0:00:01.063667
1000	5	5	5	1	0:00:00.982226
1020	1	8	8	0	0:00:00.979956
1040	7	5	5	0	0:00:00.979188
1060	9	-1	8	0	0:00:00.976762
1080	6	6	6	1	0:00:00.975291
1100	7	8	8	0	0:00:00.943050
1120	5	-1	8	0	0:00:00.923675
1140	6	-1	4	0	0:00:00.958752
1160	8	0	0	0	0:00:00.920861
1180	3	9	9	0	0:00:00.930328
1200	8	0	0	0	0:00:00.920732
1220	9	-1	2	0	0:00:00.923043
1240	2	6	6	0	0:00:00.933073
1260	1	9	9	0	0:00:00.924681
1280	3	7	7	0	0:00:00.921915
1300	4	6	6	0	0:00:00.912046
1320	7	-1	0	0	0:00:00.926513
1340	1	1	1	1	0:00:00.925566
1360	7	-1	2	0	0:00:00.927385
1380	4	5	8	0	0:00:00.956522
1400	5	-1	2	0	0:00:00.921607
1420	4	7	7	0	0:00:00.927133
1440	0	8	0	0	0:00:00.906113
1460	6	6	4	1	0:00:00.903189
1480	1	-1	7	0	0:00:00.910297
1500	1	9	9	0	0:00:00.918773
1520	7	6	4	0	0:00:00.922004
1540	8	8	8	1	0:00:00.937840
1560	7	7	7	1	0:00:00.937318
1580	6	-1	9	0	0:00:00.923518
1600	8	9	4	0	0:00:00.970531
1620	5	8	8	0	0:00:00.909261
1640	7	5	5	0	0:00:00.902459
1660	3	-1	4	0	0:00:00.925068
1680	6	6	6	1	0:00:00.928560
1700	5	2	2	0	0:00:00.948638
1720	4	0	0	0	0:00:00.964890
1740	1	-1	0	0	0:00:01.004206
1760	0	8	8	0	0:00:00.977746
1780	7	8	8	0	0:00:00.969104
1800	4	8	8	0	0:00:00.944364
1820	8	9	8	0	0:00:00.977618
1840	8	7	7	0	0:00:00.958458
1860	8	8	8	1	0:00:00.964410
1880	1	1	4	1	0:00:00.952491
1900	8	8	8	1	0:00:00.965133
1920	2	-1	2	0	0:00:00.999135
1940	5	2	2	0	0:00:00.974762
1960	2	5	5	0	0:00:00.983894
1980	9	9	2	1	0:00:00.961377
2000	1	6	6	0	0:00:00.989877
2020	9	9	9	1	0:00:00.998480
2040	0	8	8	0	0:00:01.007560
2060	5	5	5	1	0:00:00.987007
2080	1	-1	2	0	0:00:00.970601
2100	2	-1	4	0	0:00:00.964113
2120	4	8	8	0	0:00:00.966578
2140	9	9	1	1	0:00:00.988775
2160	0	8	8	0	0:00:00.989274
2180	4	6	6	0	0:00:00.986695
2200	0	0	0	1	0:00:00.983319
2220	1	-1	4	0	0:00:00.951786
2240	9	9	9	1	0:00:00.986876
2260	4	-1	4	0	0:00:00.979789
2280	4	-1	8	0	0:00:00.945846
2300	3	6	6	0	0:00:00.982952
2320	5	8	8	0	0:00:00.993386
2340	7	-1	7	0	0:00:00.957933
2360	7	7	7	1	0:00:00.954865
2380	8	8	8	1	0:00:00.975114
2400	0	0	0	1	0:00:01.000429
2420	8	5	5	0	0:00:00.989243
2440	7	1	8	0	0:00:00.984639
2460	9	9	6	1	0:00:01.017379
2480	8	8	8	1	0:00:00.978033
2500	4	-1	2	0	0:00:00.989396
2520	1	8	8	0	0:00:00.968204
2540	2	3	3	0	0:00:00.998635
2560	7	-1	2	0	0:00:00.975350
2580	6	4	4	0	0:00:00.968790
2600	8	8	8	1	0:00:00.934807
2620	1	-1	4	0	0:00:00.977077
2640	7	7	7	1	0:00:01.001626
2660	3	0	0	0	0:00:00.995537
2680	0	0	0	1	0:00:00.998930
2700	9	-1	0	0	0:00:00.998923
2720	3	8	8	0	0:00:00.970999
2740	1	1	1	1	0:00:00.959114
2760	2	6	6	0	0:00:01.001066
2780	7	7	7	1	0:00:00.977535
2800	4	6	6	0	0:00:00.980128
2820	6	6	6	1	0:00:00.959588
2840	3	3	3	1	0:00:00.994488
2860	5	7	7	0	0:00:00.955668
2880	4	4	4	1	0:00:00.960805
2900	3	5	5	0	0:00:01.007383
2920	2	-1	8	0	0:00:01.004211
2940	3	8	8	0	0:00:00.962025
2960	9	7	8	0	0:00:01.008806
2980	8	1	1	0	0:00:00.968683
3000	5	5	5	1	0:00:00.981159
3020	1	-1	8	0	0:00:00.950691
3040	7	7	7	1	0:00:00.953828
3060	7	7	7	1	0:00:00.999229
3080	1	2	2	0	0:00:00.985201
3100	0	0	0	1	0:00:00.995483
3120	4	6	4	0	0:00:01.005826
3140	8	8	8	1	0:00:00.986061
3160	6	4	4	0	0:00:00.980311
3180	3	-1	8	0	0:00:00.984192
3200	5	-1	7	0	0:00:00.978009
3220	3	-1	7	0	0:00:00.987552
3240	4	-1	0	0	0:00:00.994503
3260	7	0	0	0	0:00:01.000062
3280	3	0	0	0	0:00:00.966891
3300	4	4	4	1	0:00:00.988885
3320	2	-1	7	0	0:00:00.991202
3340	6	4	4	0	0:00:00.971647
3360	4	6	6	0	0:00:00.980532
3380	8	-1	8	0	0:00:00.952981
3400	6	4	4	0	0:00:00.987341
3420	5	6	6	0	0:00:00.956939
3440	2	9	9	0	0:00:00.942593
3460	1	1	4	1	0:00:00.959183
3480	2	2	2	1	0:00:00.995450
3500	1	4	4	0	0:00:00.958197
3520	1	1	1	1	0:00:00.966728
3540	6	8	8	0	0:00:00.978686
3560	1	-1	8	0	0:00:01.001755
3580	4	1	4	0	0:00:00.988285
3600	4	-1	2	0	0:00:00.980526
3620	0	-1	6	0	0:00:00.969552
3640	6	-1	0	0	0:00:00.987674
3660	0	8	8	0	0:00:01.000963
3680	0	-1	2	0	0:00:00.982864
3700	3	5	4	0	0:00:00.995853
3720	2	2	2	1	0:00:00.986035
3740	0	0	0	1	0:00:00.983431
3760	7	7	7	1	0:00:00.999210
3780	4	2	2	0	0:00:00.957688
3800	9	-1	8	0	0:00:01.010132
3820	0	0	0	1	0:00:01.006184
3840	6	5	5	0	0:00:00.992121
3860	7	7	7	1	0:00:01.019176
3880	6	-1	4	0	0:00:01.006699
3900	3	0	0	0	0:00:00.978750
3920	7	8	8	0	0:00:01.018171
3940	6	-1	4	0	0:00:01.043333
3960	2	5	5	0	0:00:01.043293
3980	9	7	7	0	0:00:00.985884
4000	8	7	4	0	0:00:00.992105
4020	8	-1	8	0	0:00:01.000920
4040	0	-1	0	0	0:00:00.999865
4060	6	0	0	0	0:00:00.983360
4080	1	8	8	0	0:00:00.985252
4100	7	7	7	1	0:00:01.022169
4120	4	0	0	0	0:00:00.966212
4140	5	2	2	0	0:00:01.007292
4160	5	2	2	0	0:00:01.016456
4180	0	0	8	1	0:00:01.010290
4200	4	2	2	0	0:00:01.005725
4220	4	0	0	0	0:00:00.993080
4240	7	8	8	0	0:00:00.974518
4260	8	-1	8	0	0:00:00.969157
4280	8	-1	8	0	0:00:00.997329
4300	8	-1	8	0	0:00:00.975239
4320	1	8	8	0	0:00:00.981242
4340	0	0	0	1	0:00:00.981828
4360	6	9	6	0	0:00:00.969926
4380	9	9	8	1	0:00:01.018536
4400	3	8	8	0	0:00:00.992637
4420	5	8	8	0	0:00:00.991969
4440	2	6	6	0	0:00:00.979292
4460	9	8	8	0	0:00:00.985449
4480	9	6	6	0	0:00:00.976616
4500	3	7	4	0	0:00:00.984213
4520	3	6	6	0	0:00:00.983664
4540	9	9	9	1	0:00:00.987456
4560	1	-1	4	0	0:00:00.982103
4580	6	-1	4	0	0:00:00.995748
4600	4	7	7	0	0:00:01.027737
4620	7	3	3	0	0:00:00.981336
4640	2	5	5	0	0:00:00.992971
4660	7	2	2	0	0:00:01.000423
4680	9	1	1	0	0:00:00.981515
4700	6	1	4	0	0:00:00.989398
4720	8	-1	0	0	0:00:01.005946
4740	5	6	6	0	0:00:01.010753
4760	3	-1	2	0	0:00:01.027661
4780	0	-1	0	0	0:00:01.029932
4800	9	9	9	1	0:00:01.025425
4820	3	5	6	0	0:00:00.965747
4840	0	0	0	1	0:00:00.959961
4860	5	5	5	1	0:00:00.956232
4880	0	-1	2	0	0:00:01.115296
4900	3	-1	6	0	0:00:01.064582
4920	7	0	0	0	0:00:01.048369
4940	6	4	2	0	0:00:01.025217
4960	4	6	6	0	0:00:01.034780
4980	1	9	9	0	0:00:01.025649
5000	7	7	7	1	0:00:01.031576
5020	8	8	8	1	0:00:01.030349
5040	3	7	4	0	0:00:01.008328
5060	6	6	6	1	0:00:01.036949
5080	7	7	7	1	0:00:01.026463
5100	3	-1	4	0	0:00:01.016099
5120	9	8	8	0	0:00:01.005326
5140	8	-1	8	0	0:00:01.023587
5160	0	8	8	0	0:00:01.004878
5180	9	6	4	0	0:00:01.012761
5200	3	3	3	1	0:00:01.012417
5220	0	0	0	1	0:00:00.983194
5240	1	-1	2	0	0:00:00.938057
5260	0	0	0	1	0:00:00.969260
5280	0	8	8	0	0:00:00.956773
5300	9	1	6	0	0:00:00.956131
5320	7	7	7	1	0:00:00.988733
5340	3	-1	8	0	0:00:00.967429
5360	9	9	9	1	0:00:00.951821
5380	1	9	9	0	0:00:00.936894
5400	9	0	0	0	0:00:00.934966
5420	6	7	7	0	0:00:00.928634
5440	9	9	9	1	0:00:00.951947
5460	0	6	6	0	0:00:00.930558
5480	1	8	8	0	0:00:00.933563
5500	8	1	8	0	0:00:00.920345
5520	4	-1	6	0	0:00:00.929501
5540	5	-1	2	0	0:00:00.928087
5560	3	6	4	0	0:00:00.953882
5580	5	6	6	0	0:00:00.959210
5600	6	-1	8	0	0:00:00.972908
5620	3	-1	2	0	0:00:00.979723
5640	2	3	3	0	0:00:00.985135
5660	9	-1	8	0	0:00:00.999257
5680	2	-1	8	0	0:00:00.994044
5700	3	-1	2	0	0:00:01.020277
5720	9	9	9	1	0:00:01.009359
5740	6	4	4	0	0:00:01.006103
5760	2	-1	8	0	0:00:00.949358
5780	7	7	7	1	0:00:00.941029
5800	2	6	4	0	0:00:00.973746
5820	5	6	6	0	0:00:00.967401
5840	2	6	6	0	0:00:00.970005
5860	0	8	8	0	0:00:00.982903
5880	0	-1	0	0	0:00:00.989931
5900	4	5	4	0	0:00:00.967382
5920	8	8	8	1	0:00:00.974647
5940	7	4	4	0	0:00:00.989445
5960	2	7	7	0	0:00:00.999655
5980	9	9	8	1	0:00:00.998942
6000	8	9	8	0	0:00:01.012080
6020	6	-1	6	0	0:00:01.002943
6040	2	7	7	0	0:00:00.990491
6060	3	4	4	0	0:00:00.992005
6080	1	-1	6	0	0:00:01.024242
6100	1	-1	8	0	0:00:00.961183
6120	5	5	5	1	0:00:00.963234
6140	9	9	7	1	0:00:00.966743
6160	2	5	5	0	0:00:00.979302
6180	0	-1	8	0	0:00:00.985853
6200	3	0	0	0	0:00:00.982865
6220	2	6	6	0	0:00:00.984195
6240	2	-1	4	0	0:00:01.010832
6260	2	9	7	0	0:00:01.019355
6280	8	5	4	0	0:00:00.994058
6300	1	7	2	0	0:00:00.982387
6320	0	0	0	1	0:00:00.949063
6340	3	-1	2	0	0:00:00.957237
6360	2	2	2	1	0:00:00.947097
6380	3	1	6	0	0:00:00.946850
6400	0	1	4	0	0:00:00.962516
6420	7	-1	8	0	0:00:01.005604
6440	3	8	8	0	0:00:01.022303
6460	3	1	6	0	0:00:00.989964
6480	0	-1	0	0	0:00:00.963620
6500	7	0	0	0	0:00:00.959360
6520	6	4	4	0	0:00:00.994632
6540	8	8	8	1	0:00:00.969204
6560	6	6	6	1	0:00:00.962478
6580	1	-1	4	0	0:00:00.961347
6600	7	7	7	1	0:00:01.034082
6620	7	7	4	1	0:00:00.965303
6640	5	3	3	0	0:00:00.977205
6660	0	-1	0	0	0:00:01.005036
6680	3	5	3	0	0:00:01.009068
6700	6	-1	4	0	0:00:01.001065
6720	2	2	2	1	0:00:01.011877
6740	2	6	4	0	0:00:01.020315
6760	5	-1	0	0	0:00:01.001196
6780	7	7	7	1	0:00:01.007945
6800	6	6	6	1	0:00:01.019742
6820	1	1	1	1	0:00:01.000535
6840	9	9	6	1	0:00:01.002679
6860	0	0	0	1	0:00:01.007763
6880	2	-1	4	0	0:00:00.979200
6900	3	7	7	0	0:00:00.976954
6920	5	2	2	0	0:00:01.000084
6940	1	1	1	1	0:00:01.030452
6960	9	8	8	0	0:00:00.993903
6980	0	9	9	0	0:00:00.999186
7000	2	8	8	0	0:00:00.987181
7020	7	1	7	0	0:00:00.992516
7040	7	8	8	0	0:00:00.992815
7060	8	-1	8	0	0:00:00.994303
7080	5	4	4	0	0:00:00.982363
7100	9	-1	8	0	0:00:00.971322
7120	7	-1	5	0	0:00:00.959221
7140	4	4	4	1	0:00:00.965775
7160	5	-1	2	0	0:00:00.982860
7180	6	6	6	1	0:00:00.974967
7200	4	-1	2	0	0:00:00.977435
7220	9	-1	8	0	0:00:00.992249
7240	0	8	8	0	0:00:00.985038
7260	1	8	8	0	0:00:00.983232
7280	1	-1	4	0	0:00:00.992508
7300	3	7	8	0	0:00:01.002442
7320	8	0	0	0	0:00:00.992208
7340	2	4	4	0	0:00:01.002604
7360	2	-1	4	0	0:00:01.046682
7380	7	-1	7	0	0:00:01.015312
7400	3	9	3	0	0:00:01.010391
7420	3	0	0	0	0:00:01.004983
7440	3	6	6	0	0:00:00.999861
7460	5	5	5	1	0:00:01.009029
7480	1	5	5	0	0:00:01.002540
7500	6	6	6	1	0:00:00.982261
7520	4	6	4	0	0:00:01.012830
7540	5	5	5	1	0:00:01.010434
7560	0	2	2	0	0:00:00.943038
7580	8	-1	8	0	0:00:00.969292
7600	8	9	2	0	0:00:00.938625
7620	5	-1	4	0	0:00:00.938834
7640	9	-1	8	0	0:00:00.941641
7660	7	9	4	0	0:00:00.980107
7680	3	9	9	0	0:00:00.993543
7700	6	6	6	1	0:00:00.989522
7720	5	-1	4	0	0:00:00.995648
7740	4	-1	2	0	0:00:00.995911
7760	2	9	8	0	0:00:00.992653
7780	3	-1	8	0	0:00:01.021008
7800	0	0	0	1	0:00:01.004855
7820	5	8	8	0	0:00:00.947854
7840	1	1	1	1	0:00:00.946054
7860	8	-1	4	0	0:00:00.962731
7880	0	-1	0	0	0:00:01.013494
7900	0	-1	8	0	0:00:01.009084
7920	9	8	8	0	0:00:01.016151
7940	2	6	6	0	0:00:01.011481
7960	0	0	0	1	0:00:01.012607
7980	3	7	4	0	0:00:00.996951
8000	9	-1	0	0	0:00:01.034202
8020	6	6	6	1	0:00:01.011422
8040	2	6	6	0	0:00:01.007760
8060	6	-1	4	0	0:00:00.973517
8080	4	6	4	0	0:00:00.999959
8100	6	2	2	0	0:00:00.979926
8120	8	9	8	0	0:00:00.989522
8140	5	-1	6	0	0:00:01.004272
8160	6	-1	8	0	0:00:01.014800
8180	4	6	4	0	0:00:01.007769
8200	3	-1	4	0	0:00:01.004082
8220	6	-1	2	0	0:00:00.999771
8240	7	7	7	1	0:00:00.999297
8260	1	-1	3	0	0:00:01.020275
8280	4	-1	2	0	0:00:01.002710
8300	5	2	2	0	0:00:01.020177
8320	7	-1	4	0	0:00:00.986050
8340	5	-1	4	0	0:00:00.976131
8360	7	-1	4	0	0:00:00.978602
8380	9	8	8	0	0:00:01.034532
8400	0	8	8	0	0:00:01.011527
8420	3	-1	2	0	0:00:01.034162
8440	5	9	4	0	0:00:01.002202
8460	8	8	8	1	0:00:01.005348
8480	2	-1	8	0	0:00:01.004453
8500	4	2	2	0	0:00:00.999608
8520	8	-1	4	0	0:00:00.993644
8540	4	-1	4	0	0:00:00.988216
8560	7	7	7	1	0:00:01.016066
8580	3	-1	0	0	0:00:01.003723
8600	3	7	7	0	0:00:00.992258
8620	3	-1	4	0	0:00:01.017824
8640	1	1	1	1	0:00:01.008556
8660	7	5	5	0	0:00:01.010684
8680	3	-1	0	0	0:00:00.989146
8700	3	-1	3	0	0:00:01.010179
8720	2	0	0	0	0:00:01.017642
8740	2	-1	4	0	0:00:01.029727
8760	8	-1	5	0	0:00:00.997945
8780	4	-1	4	0	0:00:01.025744
8800	0	0	0	1	0:00:01.019699
8820	2	-1	2	0	0:00:00.999360
8840	2	1	1	0	0:00:01.037605
8860	2	0	0	0	0:00:01.004261
8880	1	6	4	0	0:00:01.006696
8900	2	-1	4	0	0:00:01.009533
8920	6	6	6	1	0:00:00.985466
8940	6	3	6	0	0:00:00.978296
8960	0	0	0	1	0:00:01.030691
8980	9	9	9	1	0:00:01.009318
9000	8	8	8	1	0:00:01.022609
9020	7	9	8	0	0:00:01.033958
9040	2	5	5	0	0:00:01.048624
9060	9	5	5	0	0:00:00.993642
9080	3	0	0	0	0:00:01.009227
9100	9	-1	6	0	0:00:01.027609
9120	3	0	0	0	0:00:01.006296
9140	7	8	8	0	0:00:00.999748
9160	5	5	4	1	0:00:01.006190
9180	5	5	5	1	0:00:01.012454
9200	8	8	8	1	0:00:00.985608
9220	8	8	8	1	0:00:00.996791
9240	8	8	8	1	0:00:01.016932
9260	5	5	5	1	0:00:01.018292
9280	9	0	0	0	0:00:00.989967
9300	5	-1	2	0	0:00:01.003326
9320	9	-1	8	0	0:00:00.973675
9340	1	1	1	1	0:00:01.009303
9360	5	-1	6	0	0:00:00.991060
9380	5	-1	5	0	0:00:01.013332
9400	6	-1	2	0	0:00:01.009838
9420	5	-1	6	0	0:00:01.002779
9440	8	8	8	1	0:00:01.002773
9460	3	-1	4	0	0:00:01.034447
9480	2	-1	6	0	0:00:00.988111
9500	9	-1	6	0	0:00:01.003604
9520	1	9	9	0	0:00:00.989747
9540	5	5	4	1	0:00:01.016986
9560	9	7	7	0	0:00:01.016466
9580	1	4	4	0	0:00:00.970278
9600	8	8	8	1	0:00:00.985958
9620	4	7	7	0	0:00:01.007473
9640	5	-1	6	0	0:00:00.993240
9660	6	6	6	1	0:00:01.000664
9680	8	-1	8	0	0:00:01.009889
9700	0	0	0	1	0:00:01.004068
9720	8	-1	2	0	0:00:01.013985
9740	3	6	4	0	0:00:00.999883
9760	9	9	4	1	0:00:00.994793
9780	4	6	6	0	0:00:00.989845
9800	1	1	1	1	0:00:01.012774
9820	0	-1	8	0	0:00:00.991786
9840	4	-1	3	0	0:00:00.976157
9860	0	-1	8	0	0:00:01.014190
9880	7	-1	4	0	0:00:01.013264
9900	8	0	0	0	0:00:00.988595
9920	6	6	4	1	0:00:01.018994
9940	4	5	5	0	0:00:00.997907
9960	2	0	0	0	0:00:00.997747
9980	0	0	0	1	0:00:01.020883
