idx	label	predict	basePredict	correct	time
0	3	3	3	1	0:00:04.994682
20	7	7	9	1	0:00:04.848060
40	4	-1	0	0	0:00:04.866584
60	7	7	7	1	0:00:04.833414
80	8	8	8	1	0:00:04.830150
100	4	5	5	0	0:00:04.836915
120	8	0	8	0	0:00:04.857111
140	6	6	2	1	0:00:04.847581
160	2	0	2	0	0:00:04.833528
180	0	0	0	1	0:00:04.848934
200	5	7	5	0	0:00:04.950613
220	7	7	7	1	0:00:04.840210
240	1	1	1	1	0:00:04.975859
260	8	-1	3	0	0:00:04.847802
280	9	9	9	1	0:00:04.832842
300	6	6	6	1	0:00:04.869033
320	3	3	2	1	0:00:04.844040
340	2	4	4	0	0:00:04.885169
360	9	-1	5	0	0:00:04.844231
380	6	6	4	1	0:00:04.837503
400	9	9	9	1	0:00:05.032675
420	4	4	4	1	0:00:04.831631
440	1	-1	9	0	0:00:04.844194
460	5	5	5	1	0:00:04.865102
480	8	9	9	0	0:00:04.843348
500	4	6	2	0	0:00:04.855350
520	5	7	7	0	0:00:04.838401
540	1	1	8	1	0:00:04.835325
560	0	0	0	1	0:00:04.829703
580	4	4	4	1	0:00:04.827960
600	8	8	8	1	0:00:04.833325
620	7	7	2	1	0:00:04.823240
640	5	3	3	0	0:00:04.850752
660	9	9	9	1	0:00:04.832043
680	9	7	7	0	0:00:04.832427
700	7	7	3	1	0:00:04.836111
720	4	9	4	0	0:00:04.827758
740	2	5	3	0	0:00:04.830681
760	3	-1	3	0	0:00:04.835156
780	9	1	9	0	0:00:04.867778
800	7	7	7	1	0:00:04.829033
820	6	-1	8	0	0:00:04.835877
840	7	7	7	1	0:00:04.830413
860	4	4	4	1	0:00:04.856747
880	8	8	8	1	0:00:04.840170
900	2	6	2	0	0:00:04.873121
920	6	6	2	1	0:00:04.837769
940	9	9	9	1	0:00:04.835656
960	9	9	9	1	0:00:04.834947
980	2	6	2	0	0:00:04.833832
1000	5	5	5	1	0:00:04.736486
1020	1	1	1	1	0:00:04.742318
1040	7	5	5	0	0:00:04.743310
1060	9	9	9	1	0:00:04.739312
1080	6	6	6	1	0:00:04.742319
1100	7	0	0	0	0:00:04.738512
1120	5	2	2	0	0:00:04.736600
1140	6	-1	4	0	0:00:04.745205
1160	8	0	0	0	0:00:04.738433
1180	3	3	3	1	0:00:04.741621
1200	8	-1	0	0	0:00:04.743169
1220	9	6	6	0	0:00:04.743719
1240	2	6	6	0	0:00:04.745009
1260	1	9	9	0	0:00:04.746992
1280	3	7	5	0	0:00:04.743046
1300	4	3	3	0	0:00:04.744693
1320	7	2	2	0	0:00:04.738447
1340	1	1	1	1	0:00:04.746341
1360	7	7	7	1	0:00:04.745518
1380	4	5	5	0	0:00:04.744422
1400	5	3	3	0	0:00:04.741876
1420	4	7	7	0	0:00:04.745255
1440	0	8	8	0	0:00:04.741524
1460	6	6	2	1	0:00:04.744312
1480	1	-1	5	0	0:00:04.746927
1500	1	1	1	1	0:00:04.744374
1520	7	7	4	1	0:00:04.746783
1540	8	8	8	1	0:00:04.741625
1560	7	7	7	1	0:00:04.741439
1580	6	1	3	0	0:00:04.737546
1600	8	9	6	0	0:00:04.736003
1620	5	-1	8	0	0:00:04.737344
1640	7	3	3	0	0:00:04.733032
1660	3	5	5	0	0:00:04.739665
1680	6	6	6	1	0:00:04.738521
1700	5	-1	2	0	0:00:04.739977
1720	4	-1	2	0	0:00:04.736860
1740	1	-1	9	0	0:00:04.736380
1760	0	0	8	1	0:00:04.742672
1780	7	7	2	1	0:00:04.742420
1800	4	0	8	0	0:00:04.734084
1820	8	-1	8	0	0:00:04.738896
1840	8	-1	4	0	0:00:04.734387
1860	8	8	8	1	0:00:04.739965
1880	1	1	8	1	0:00:04.741269
1900	8	8	8	1	0:00:04.736376
1920	2	2	2	1	0:00:04.738268
1940	5	2	2	0	0:00:04.745643
1960	2	5	5	0	0:00:04.736890
1980	9	9	9	1	0:00:04.731659
2000	1	6	6	0	0:00:04.733967
2020	9	9	9	1	0:00:04.735158
2040	0	0	0	1	0:00:04.741742
2060	5	3	3	0	0:00:04.739331
2080	1	9	9	0	0:00:04.732546
2100	2	2	2	1	0:00:04.731449
2120	4	8	8	0	0:00:04.742621
2140	9	9	9	1	0:00:04.739802
2160	0	8	8	0	0:00:04.734269
2180	4	4	4	1	0:00:04.737573
2200	0	2	2	0	0:00:04.734289
2220	1	1	1	1	0:00:04.736573
2240	9	1	8	0	0:00:04.734315
2260	4	4	4	1	0:00:04.740975
2280	4	8	8	0	0:00:04.740085
2300	3	-1	2	0	0:00:04.735412
2320	5	2	2	0	0:00:04.736602
2340	7	7	7	1	0:00:04.733965
2360	7	5	5	0	0:00:04.739171
2380	8	8	8	1	0:00:04.734921
2400	0	0	0	1	0:00:04.733847
2420	8	5	5	0	0:00:04.739643
2440	7	7	7	1	0:00:04.736915
2460	9	7	7	0	0:00:04.746181
2480	8	8	8	1	0:00:04.742446
2500	4	6	2	0	0:00:04.742064
2520	1	1	7	1	0:00:04.747106
2540	2	5	5	0	0:00:04.745715
2560	7	7	4	1	0:00:04.744259
2580	6	5	6	0	0:00:04.743968
2600	8	8	8	1	0:00:04.741530
2620	1	1	8	1	0:00:04.743086
2640	7	7	7	1	0:00:04.746445
2660	3	-1	2	0	0:00:04.743768
2680	0	0	0	1	0:00:04.741851
2700	9	-1	1	0	0:00:04.745274
2720	3	3	3	1	0:00:04.742273
2740	1	1	7	1	0:00:04.746845
2760	2	2	2	1	0:00:04.745077
2780	7	7	7	1	0:00:04.746199
2800	4	6	4	0	0:00:04.744354
2820	6	6	2	1	0:00:04.743863
2840	3	3	3	1	0:00:04.745138
2860	5	7	6	0	0:00:04.741439
2880	4	4	4	1	0:00:04.745502
2900	3	5	5	0	0:00:04.746571
2920	2	3	3	0	0:00:04.746927
2940	3	0	0	0	0:00:04.741450
2960	9	9	9	1	0:00:04.740407
2980	8	8	8	1	0:00:04.744511
3000	5	5	5	1	0:00:04.745823
3020	1	1	8	1	0:00:04.748491
3040	7	7	7	1	0:00:04.745988
3060	7	7	7	1	0:00:04.749717
3080	1	1	0	1	0:00:04.746292
3100	0	0	0	1	0:00:04.740188
3120	4	6	2	0	0:00:04.745192
3140	8	8	8	1	0:00:04.740449
3160	6	2	2	0	0:00:04.741182
3180	3	9	3	0	0:00:04.739819
3200	5	7	7	0	0:00:04.736120
3220	3	9	3	0	0:00:04.736312
3240	4	1	8	0	0:00:04.742661
3260	7	7	7	1	0:00:04.740635
3280	3	5	5	0	0:00:04.734982
3300	4	4	2	1	0:00:04.742478
3320	2	7	7	0	0:00:04.743833
3340	6	6	2	1	0:00:04.742240
3360	4	6	2	0	0:00:04.739763
3380	8	8	8	1	0:00:04.743470
3400	6	4	4	0	0:00:04.741974
3420	5	3	3	0	0:00:04.739888
3440	2	3	3	0	0:00:04.742493
3460	1	1	1	1	0:00:04.733986
3480	2	2	2	1	0:00:04.739039
3500	1	-1	9	0	0:00:04.739837
3520	1	1	1	1	0:00:04.739258
3540	6	6	3	1	0:00:04.742204
3560	1	9	7	0	0:00:04.740129
3580	4	2	2	0	0:00:04.742283
3600	4	2	2	0	0:00:04.740708
3620	0	6	6	0	0:00:04.743192
3640	6	2	2	0	0:00:04.740580
3660	0	0	8	1	0:00:04.741759
3680	0	-1	2	0	0:00:04.737142
3700	3	3	3	1	0:00:04.735926
3720	2	2	2	1	0:00:04.741212
3740	0	0	0	1	0:00:04.737039
3760	7	7	4	1	0:00:04.747432
3780	4	4	2	1	0:00:04.746890
3800	9	9	3	1	0:00:04.747402
3820	0	2	2	0	0:00:04.744755
3840	6	3	3	0	0:00:04.744415
3860	7	7	7	1	0:00:04.742948
3880	6	4	4	0	0:00:04.745376
3900	3	6	6	0	0:00:04.742979
3920	7	9	7	0	0:00:04.745285
3940	6	5	4	0	0:00:04.746698
3960	2	2	2	1	0:00:04.748313
3980	9	7	7	0	0:00:04.746275
4000	8	7	0	0	0:00:04.743958
4020	8	8	8	1	0:00:04.741806
4040	0	0	0	1	0:00:04.745423
4060	6	-1	3	0	0:00:04.745536
4080	1	1	8	1	0:00:04.744441
4100	7	7	7	1	0:00:04.746234
4120	4	4	8	1	0:00:04.738842
4140	5	5	3	1	0:00:04.743469
4160	5	2	2	0	0:00:04.746154
4180	0	8	8	0	0:00:04.739452
4200	4	2	2	0	0:00:04.743822
4220	4	0	0	0	0:00:04.738666
4240	7	0	8	0	0:00:04.749653
4260	8	8	8	1	0:00:04.741211
4280	8	1	1	0	0:00:04.746084
4300	8	8	8	1	0:00:04.743662
4320	1	8	8	0	0:00:04.741765
4340	0	0	0	1	0:00:04.743677
4360	6	9	9	0	0:00:04.744147
4380	9	-1	8	0	0:00:04.734900
4400	3	4	4	0	0:00:04.736102
4420	5	5	7	1	0:00:04.737056
4440	2	2	2	1	0:00:04.740239
4460	9	9	8	1	0:00:04.740475
4480	9	9	3	1	0:00:04.741347
4500	3	5	5	0	0:00:04.745888
4520	3	6	6	0	0:00:04.740273
4540	9	9	9	1	0:00:04.733963
4560	1	1	8	1	0:00:04.737479
4580	6	4	4	0	0:00:04.736066
4600	4	7	7	0	0:00:04.734848
4620	7	3	3	0	0:00:04.736422
4640	2	-1	2	0	0:00:04.736898
4660	7	4	4	0	0:00:04.736276
4680	9	1	1	0	0:00:04.731844
4700	6	1	5	0	0:00:04.738868
4720	8	0	0	0	0:00:04.733738
4740	5	3	3	0	0:00:04.736375
4760	3	2	2	0	0:00:04.730582
4780	0	0	8	1	0:00:04.735291
4800	9	9	9	1	0:00:04.734597
4820	3	3	3	1	0:00:04.739918
4840	0	0	0	1	0:00:04.734196
4860	5	5	5	1	0:00:04.736626
4880	0	8	2	0	0:00:04.735114
4900	3	6	6	0	0:00:04.736532
4920	7	7	7	1	0:00:04.735688
4940	6	4	2	0	0:00:04.735299
4960	4	3	3	0	0:00:04.732373
4980	1	9	9	0	0:00:04.734476
5000	7	7	7	1	0:00:04.734738
5020	8	8	8	1	0:00:04.736956
5040	3	1	2	0	0:00:04.734024
5060	6	-1	2	0	0:00:04.737711
5080	7	7	7	1	0:00:04.740456
5100	3	3	3	1	0:00:04.733119
5120	9	9	8	1	0:00:04.735495
5140	8	8	8	1	0:00:04.733940
5160	0	0	8	1	0:00:04.732684
5180	9	7	4	0	0:00:04.736788
5200	3	3	3	1	0:00:04.732141
5220	0	0	0	1	0:00:04.731001
5240	1	9	9	0	0:00:04.733124
5260	0	0	0	1	0:00:04.731970
5280	0	-1	8	0	0:00:04.735234
5300	9	9	9	1	0:00:04.736245
5320	7	7	7	1	0:00:04.731410
5340	3	4	4	0	0:00:04.739012
5360	9	9	3	1	0:00:04.736948
5380	1	9	9	0	0:00:04.731718
5400	9	9	9	1	0:00:04.733451
5420	6	6	6	1	0:00:04.736430
5440	9	9	9	1	0:00:04.736046
5460	0	0	0	1	0:00:04.738317
5480	1	1	4	1	0:00:04.738342
5500	8	8	8	1	0:00:04.735418
5520	4	3	3	0	0:00:04.735408
5540	5	6	4	0	0:00:04.739560
5560	3	5	5	0	0:00:04.735373
5580	5	6	3	0	0:00:04.738415
5600	6	-1	4	0	0:00:04.736296
5620	3	6	6	0	0:00:04.735964
5640	2	2	2	1	0:00:04.733082
5660	9	9	8	1	0:00:04.728939
5680	2	3	3	0	0:00:04.735456
5700	3	5	3	0	0:00:04.732613
5720	9	9	9	1	0:00:04.734324
5740	6	-1	6	0	0:00:04.735629
5760	2	-1	0	0	0:00:04.737686
5780	7	7	7	1	0:00:04.735733
5800	2	4	4	0	0:00:04.729927
5820	5	3	3	0	0:00:04.736628
5840	2	2	2	1	0:00:04.735644
5860	0	1	8	0	0:00:04.738116
5880	0	0	0	1	0:00:04.730276
5900	4	3	0	0	0:00:04.734877
5920	8	8	8	1	0:00:04.739100
5940	7	4	4	0	0:00:04.737976
5960	2	6	6	0	0:00:04.739928
5980	9	9	2	1	0:00:04.735320
6000	8	9	8	0	0:00:04.734789
6020	6	6	6	1	0:00:04.739274
6040	2	7	7	0	0:00:04.739185
6060	3	4	2	0	0:00:04.736026
6080	1	1	9	1	0:00:04.737558
6100	1	1	8	1	0:00:04.739461
6120	5	5	5	1	0:00:04.733574
6140	9	9	9	1	0:00:04.737962
6160	2	5	5	0	0:00:04.734934
6180	0	0	0	1	0:00:04.732802
6200	3	3	3	1	0:00:04.736098
6220	2	5	5	0	0:00:04.734287
6240	2	1	2	0	0:00:04.738325
6260	2	9	6	0	0:00:04.736334
6280	8	5	5	0	0:00:04.743287
6300	1	1	2	1	0:00:04.740869
6320	0	0	0	1	0:00:04.738274
6340	3	3	3	1	0:00:04.741611
6360	2	-1	2	0	0:00:04.736310
6380	3	-1	3	0	0:00:04.747973
6400	0	1	8	0	0:00:04.744653
6420	7	7	7	1	0:00:04.745133
6440	3	9	4	0	0:00:04.742622
6460	3	1	3	0	0:00:04.746355
6480	0	0	0	1	0:00:04.745231
6500	7	6	6	0	0:00:04.744077
6520	6	2	2	0	0:00:04.745068
6540	8	8	8	1	0:00:04.743682
6560	6	6	2	1	0:00:04.745704
6580	1	-1	4	0	0:00:04.742800
6600	7	7	7	1	0:00:04.747504
6620	7	7	7	1	0:00:04.744756
6640	5	3	3	0	0:00:04.740294
6660	0	0	0	1	0:00:04.744730
6680	3	5	3	0	0:00:04.746650
6700	6	0	0	0	0:00:04.746765
6720	2	-1	2	0	0:00:04.744805
6740	2	-1	6	0	0:00:04.746479
6760	5	5	5	1	0:00:04.744817
6780	7	7	7	1	0:00:04.745387
6800	6	4	2	0	0:00:04.745738
6820	1	1	1	1	0:00:04.743006
6840	9	9	1	1	0:00:04.749866
6860	0	2	2	0	0:00:04.742476
6880	2	2	2	1	0:00:04.745481
6900	3	-1	7	0	0:00:04.745198
6920	5	2	2	0	0:00:04.741168
6940	1	1	1	1	0:00:04.739114
6960	9	8	8	0	0:00:04.744900
6980	0	-1	8	0	0:00:04.744695
7000	2	0	8	0	0:00:04.742164
7020	7	7	7	1	0:00:04.737355
7040	7	1	8	0	0:00:04.739140
7060	8	8	8	1	0:00:04.740872
7080	5	4	4	0	0:00:04.744379
7100	9	-1	3	0	0:00:04.736276
7120	7	5	5	0	0:00:04.743785
7140	4	-1	3	0	0:00:04.742515
7160	5	5	5	1	0:00:04.742598
7180	6	6	3	1	0:00:04.742514
7200	4	6	2	0	0:00:04.743154
7220	9	9	8	1	0:00:04.745709
7240	0	8	8	0	0:00:04.736533
7260	1	1	8	1	0:00:04.743068
7280	1	9	9	0	0:00:04.739866
7300	3	4	4	0	0:00:04.742294
7320	8	-1	8	0	0:00:04.740038
7340	2	4	4	0	0:00:04.735537
7360	2	7	4	0	0:00:04.738545
7380	7	7	7	1	0:00:04.738089
7400	3	3	3	1	0:00:04.741081
7420	3	4	2	0	0:00:04.744020
7440	3	3	3	1	0:00:04.747033
7460	5	5	5	1	0:00:04.743813
7480	1	8	8	0	0:00:04.739457
7500	6	6	6	1	0:00:04.741906
7520	4	2	2	0	0:00:04.746790
7540	5	5	5	1	0:00:04.755238
7560	0	0	0	1	0:00:04.741673
7580	8	8	8	1	0:00:04.740064
7600	8	9	2	0	0:00:04.744884
7620	5	3	3	0	0:00:04.743783
7640	9	8	8	0	0:00:04.742544
7660	7	9	4	0	0:00:04.740598
7680	3	9	3	0	0:00:04.744169
7700	6	6	6	1	0:00:04.740252
7720	5	2	2	0	0:00:04.743357
7740	4	-1	2	0	0:00:04.743427
7760	2	9	6	0	0:00:04.744469
7780	3	-1	8	0	0:00:04.743999
7800	0	0	0	1	0:00:04.740316
7820	5	5	5	1	0:00:04.743572
7840	1	1	1	1	0:00:04.739912
7860	8	8	2	1	0:00:04.743316
7880	0	4	2	0	0:00:04.738465
7900	0	8	8	0	0:00:04.739885
7920	9	9	2	1	0:00:04.740228
7940	2	6	4	0	0:00:04.746503
7960	0	0	0	1	0:00:04.738195
7980	3	3	3	1	0:00:04.743749
8000	9	9	9	1	0:00:04.738936
8020	6	3	3	0	0:00:04.741979
8040	2	2	2	1	0:00:04.740962
8060	6	6	6	1	0:00:04.741921
8080	4	6	2	0	0:00:04.742357
8100	6	2	2	0	0:00:04.745511
8120	8	9	9	0	0:00:04.741568
8140	5	4	4	0	0:00:04.744787
8160	6	6	6	1	0:00:04.743969
8180	4	-1	2	0	0:00:04.743016
8200	3	4	4	0	0:00:04.743641
8220	6	7	3	0	0:00:04.741790
8240	7	7	7	1	0:00:04.748730
8260	1	1	1	1	0:00:04.745746
8280	4	5	5	0	0:00:04.747256
8300	5	2	2	0	0:00:04.749808
8320	7	4	4	0	0:00:04.744277
8340	5	3	3	0	0:00:04.745695
8360	7	7	7	1	0:00:04.748085
8380	9	9	9	1	0:00:04.744076
8400	0	8	8	0	0:00:04.743032
8420	3	6	6	0	0:00:04.744144
8440	5	3	3	0	0:00:04.743253
8460	8	8	8	1	0:00:04.745375
8480	2	2	4	1	0:00:04.743925
8500	4	4	4	1	0:00:04.740448
8520	8	1	8	0	0:00:04.743807
8540	4	2	2	0	0:00:04.741668
8560	7	7	7	1	0:00:04.742362
8580	3	2	2	0	0:00:04.745697
8600	3	-1	3	0	0:00:04.742505
8620	3	4	4	0	0:00:04.743549
8640	1	1	8	1	0:00:04.744122
8660	7	7	7	1	0:00:04.743284
8680	3	7	8	0	0:00:04.741536
8700	3	-1	3	0	0:00:04.748469
8720	2	0	0	0	0:00:04.740355
8740	2	2	5	1	0:00:04.744094
8760	8	8	8	1	0:00:04.743955
8780	4	4	2	1	0:00:04.743622
8800	0	0	0	1	0:00:04.743708
8820	2	2	2	1	0:00:04.740757
8840	2	7	7	0	0:00:04.739179
8860	2	2	2	1	0:00:04.741449
8880	1	1	1	1	0:00:04.740347
8900	2	4	4	0	0:00:04.739305
8920	6	6	2	1	0:00:04.739391
8940	6	3	3	0	0:00:04.741323
8960	0	0	0	1	0:00:04.736730
8980	9	9	9	1	0:00:04.742793
9000	8	8	8	1	0:00:04.738862
9020	7	7	7	1	0:00:04.742618
9040	2	5	5	0	0:00:04.742736
9060	9	9	3	1	0:00:04.741612
9080	3	-1	2	0	0:00:04.737146
9100	9	1	3	0	0:00:04.744420
9120	3	0	3	0	0:00:04.743307
9140	7	-1	2	0	0:00:04.740703
9160	5	3	3	0	0:00:04.737848
9180	5	5	5	1	0:00:04.746298
9200	8	8	8	1	0:00:04.738667
9220	8	8	8	1	0:00:04.740846
9240	8	8	8	1	0:00:04.741249
9260	5	5	5	1	0:00:04.739892
9280	9	8	8	0	0:00:04.738843
9300	5	-1	2	0	0:00:04.739245
9320	9	9	9	1	0:00:04.741307
9340	1	1	1	1	0:00:04.739551
9360	5	0	5	0	0:00:04.741413
9380	5	3	3	0	0:00:04.746813
9400	6	6	2	1	0:00:04.744068
9420	5	5	5	1	0:00:04.748951
9440	8	8	8	1	0:00:04.741915
9460	3	7	7	0	0:00:04.743215
9480	2	6	2	0	0:00:04.744948
9500	9	9	2	1	0:00:04.749528
9520	1	1	1	1	0:00:04.743103
9540	5	3	3	0	0:00:04.749136
9560	9	7	5	0	0:00:04.746547
9580	1	1	4	1	0:00:04.742025
9600	8	8	8	1	0:00:04.748393
9620	4	-1	4	0	0:00:04.744280
9640	5	0	2	0	0:00:04.745935
9660	6	6	6	1	0:00:04.744095
9680	8	8	8	1	0:00:04.744765
9700	0	0	0	1	0:00:04.742374
9720	8	1	8	0	0:00:04.749051
9740	3	6	2	0	0:00:04.742435
9760	9	3	3	0	0:00:04.744614
9780	4	6	2	0	0:00:04.746593
9800	1	1	1	1	0:00:04.745024
9820	0	8	8	0	0:00:04.746255
9840	4	-1	3	0	0:00:04.750715
9860	0	5	5	0	0:00:04.746066
9880	7	8	3	0	0:00:04.751261
9900	8	8	8	1	0:00:04.747218
9920	6	6	2	1	0:00:04.745060
9940	4	5	5	0	0:00:04.747495
9960	2	0	0	0	0:00:04.741264
9980	0	0	0	1	0:00:04.741592
