idx	label	predict	basePredict	correct	time
0	3	6	4	0	0:00:15.753781
20	7	9	9	0	0:00:15.670219
40	4	8	8	0	0:00:15.705005
60	7	7	4	1	0:00:15.697637
80	8	8	8	1	0:00:15.656885
100	4	5	5	0	0:00:15.680140
120	8	8	8	1	0:00:15.656554
140	6	2	2	0	0:00:15.676822
160	2	2	2	1	0:00:15.689580
180	0	0	0	1	0:00:15.667197
200	5	3	3	0	0:00:15.693905
220	7	7	7	1	0:00:15.778306
240	1	1	1	1	0:00:15.669853
260	8	5	5	0	0:00:15.673404
280	9	9	9	1	0:00:15.671498
300	6	6	4	1	0:00:15.672014
320	3	5	2	0	0:00:15.664210
340	2	4	4	0	0:00:15.700996
360	9	6	6	0	0:00:15.669365
380	6	6	8	1	0:00:15.675996
400	9	1	1	0	0:00:15.736870
420	4	6	6	0	0:00:15.736811
440	1	1	1	1	0:00:15.679592
460	5	5	5	1	0:00:15.648733
480	8	9	9	0	0:00:15.673942
500	4	6	6	0	0:00:15.713676
520	5	7	7	0	0:00:15.707726
540	1	8	8	0	0:00:15.672742
560	0	0	0	1	0:00:15.676062
580	4	6	6	0	0:00:15.673479
600	8	8	8	1	0:00:15.674270
620	7	6	6	0	0:00:15.718158
640	5	3	3	0	0:00:15.675490
660	9	9	9	1	0:00:15.712521
680	9	1	1	0	0:00:15.690939
700	7	7	7	1	0:00:15.665943
720	4	9	9	0	0:00:15.673805
740	2	5	5	0	0:00:15.703103
760	3	9	9	0	0:00:15.664056
780	9	9	8	1	0:00:15.786681
800	7	7	7	1	0:00:15.663785
820	6	9	9	0	0:00:15.683231
840	7	7	7	1	0:00:15.668397
860	4	6	6	0	0:00:15.784474
880	8	8	8	1	0:00:15.700020
900	2	6	6	0	0:00:15.661828
920	6	2	2	0	0:00:15.711084
940	9	1	1	0	0:00:15.695152
960	9	9	8	1	0:00:15.686370
980	2	6	6	0	0:00:15.684788
1000	5	5	5	1	0:00:14.954843
1020	1	1	1	1	0:00:14.990939
1040	7	5	5	0	0:00:14.987939
1060	9	9	8	1	0:00:14.980815
1080	6	6	6	1	0:00:14.970933
1100	7	8	8	0	0:00:14.983320
1120	5	2	2	0	0:00:14.971223
1140	6	6	6	1	0:00:14.983242
1160	8	0	0	0	0:00:14.991963
1180	3	9	9	0	0:00:14.965941
1200	8	0	0	0	0:00:14.990070
1220	9	7	2	0	0:00:14.954739
1240	2	6	6	0	0:00:14.964672
1260	1	9	9	0	0:00:14.963739
1280	3	7	7	0	0:00:14.990223
1300	4	6	6	0	0:00:14.972811
1320	7	7	2	1	0:00:14.967372
1340	1	1	1	1	0:00:14.958334
1360	7	5	2	0	0:00:14.957414
1380	4	5	5	0	0:00:14.971167
1400	5	6	4	0	0:00:14.961932
1420	4	7	7	0	0:00:14.972191
1440	0	8	0	0	0:00:14.983221
1460	6	6	6	1	0:00:14.988440
1480	1	5	5	0	0:00:15.012459
1500	1	9	9	0	0:00:15.021554
1520	7	6	6	0	0:00:14.985981
1540	8	8	8	1	0:00:15.042370
1560	7	7	7	1	0:00:15.080568
1580	6	1	1	0	0:00:14.987839
1600	8	9	6	0	0:00:15.012504
1620	5	8	8	0	0:00:14.977883
1640	7	5	5	0	0:00:14.975242
1660	3	5	5	0	0:00:14.964582
1680	6	6	6	1	0:00:14.970947
1700	5	2	2	0	0:00:14.962115
1720	4	0	0	0	0:00:14.981372
1740	1	9	9	0	0:00:14.956183
1760	0	8	8	0	0:00:14.955544
1780	7	8	8	0	0:00:14.968145
1800	4	8	8	0	0:00:14.950203
1820	8	1	1	0	0:00:14.983456
1840	8	7	7	0	0:00:14.983062
1860	8	8	8	1	0:00:14.971527
1880	1	1	1	1	0:00:14.945724
1900	8	8	8	1	0:00:14.971877
1920	2	2	2	1	0:00:14.976025
1940	5	2	2	0	0:00:14.969595
1960	2	5	5	0	0:00:14.981006
1980	9	9	9	1	0:00:14.973802
2000	1	6	6	0	0:00:14.985580
2020	9	9	9	1	0:00:14.986078
2040	0	8	8	0	0:00:14.968515
2060	5	5	5	1	0:00:14.987298
2080	1	1	1	1	0:00:14.978259
2100	2	4	4	0	0:00:14.960413
2120	4	8	8	0	0:00:14.976089
2140	9	1	1	0	0:00:14.971241
2160	0	8	8	0	0:00:14.984248
2180	4	6	6	0	0:00:14.979199
2200	0	0	0	1	0:00:14.981947
2220	1	1	1	1	0:00:14.973233
2240	9	9	9	1	0:00:14.985813
2260	4	6	4	0	0:00:14.965223
2280	4	8	8	0	0:00:14.964385
2300	3	6	6	0	0:00:14.999575
2320	5	8	0	0	0:00:14.992634
2340	7	7	7	1	0:00:14.968379
2360	7	7	7	1	0:00:14.975453
2380	8	8	8	1	0:00:15.024128
2400	0	4	4	0	0:00:14.988196
2420	8	5	5	0	0:00:14.972129
2440	7	1	8	0	0:00:14.961653
2460	9	9	6	1	0:00:14.963737
2480	8	8	8	1	0:00:14.962602
2500	4	6	4	0	0:00:14.963515
2520	1	8	8	0	0:00:14.957547
2540	2	3	3	0	0:00:14.971224
2560	7	6	2	0	0:00:14.969210
2580	6	-1	4	0	0:00:14.976101
2600	8	8	8	1	0:00:14.965007
2620	1	6	6	0	0:00:14.959904
2640	7	7	7	1	0:00:14.971893
2660	3	0	0	0	0:00:14.980110
2680	0	0	0	1	0:00:14.970813
2700	9	3	3	0	0:00:14.966947
2720	3	8	8	0	0:00:14.993656
2740	1	1	1	1	0:00:14.983173
2760	2	6	6	0	0:00:14.980105
2780	7	7	7	1	0:00:14.973037
2800	4	6	6	0	0:00:14.990259
2820	6	6	6	1	0:00:14.988420
2840	3	7	7	0	0:00:15.003552
2860	5	7	7	0	0:00:15.018287
2880	4	4	4	1	0:00:15.028976
2900	3	5	5	0	0:00:14.994100
2920	2	3	8	0	0:00:14.966623
2940	3	0	0	0	0:00:14.990202
2960	9	7	9	0	0:00:14.987982
2980	8	1	1	0	0:00:14.992216
3000	5	5	5	1	0:00:15.004095
3020	1	1	1	1	0:00:14.997769
3040	7	7	7	1	0:00:15.005042
3060	7	7	7	1	0:00:14.981343
3080	1	6	2	0	0:00:14.977052
3100	0	0	0	1	0:00:14.993622
3120	4	6	6	0	0:00:14.981681
3140	8	8	8	1	0:00:14.997054
3160	6	4	4	0	0:00:14.944279
3180	3	9	8	0	0:00:14.975171
3200	5	7	7	0	0:00:14.978113
3220	3	9	9	0	0:00:14.985359
3240	4	1	8	0	0:00:14.992982
3260	7	7	7	1	0:00:14.970184
3280	3	0	0	0	0:00:15.006709
3300	4	6	6	0	0:00:14.963641
3320	2	7	7	0	0:00:14.983738
3340	6	6	6	1	0:00:14.972753
3360	4	6	6	0	0:00:14.976262
3380	8	8	8	1	0:00:14.978460
3400	6	1	1	0	0:00:14.967560
3420	5	6	6	0	0:00:14.973938
3440	2	9	9	0	0:00:14.982225
3460	1	1	1	1	0:00:14.977645
3480	2	2	2	1	0:00:14.988759
3500	1	1	1	1	0:00:14.969433
3520	1	1	1	1	0:00:14.979554
3540	6	8	8	0	0:00:14.970955
3560	1	9	9	0	0:00:14.968322
3580	4	1	1	0	0:00:14.981881
3600	4	2	2	0	0:00:14.983966
3620	0	7	6	0	0:00:14.974664
3640	6	2	0	0	0:00:14.990636
3660	0	8	8	0	0:00:14.992956
3680	0	2	2	0	0:00:14.999353
3700	3	5	5	0	0:00:14.962935
3720	2	2	2	1	0:00:14.980118
3740	0	0	0	1	0:00:14.964438
3760	7	7	7	1	0:00:14.973754
3780	4	2	2	0	0:00:14.956628
3800	9	3	3	0	0:00:14.989708
3820	0	0	0	1	0:00:14.983952
3840	6	8	8	0	0:00:14.968766
3860	7	7	7	1	0:00:14.995131
3880	6	4	4	0	0:00:14.979866
3900	3	0	0	0	0:00:14.982917
3920	7	-1	8	0	0:00:15.021709
3940	6	7	7	0	0:00:14.976809
3960	2	5	5	0	0:00:14.961977
3980	9	7	7	0	0:00:15.005419
4000	8	7	0	0	0:00:15.007758
4020	8	8	8	1	0:00:14.989005
4040	0	0	0	1	0:00:14.998452
4060	6	6	0	1	0:00:14.993478
4080	1	1	8	1	0:00:15.022829
4100	7	7	7	1	0:00:14.991596
4120	4	0	0	0	0:00:14.992974
4140	5	-1	3	0	0:00:14.999999
4160	5	2	2	0	0:00:15.022483
4180	0	8	8	0	0:00:15.008334
4200	4	2	2	0	0:00:14.956306
4220	4	0	0	0	0:00:15.068311
4240	7	8	8	0	0:00:14.997091
4260	8	8	8	1	0:00:15.109755
4280	8	8	8	1	0:00:15.039531
4300	8	8	8	1	0:00:14.982838
4320	1	8	8	0	0:00:14.981330
4340	0	0	0	1	0:00:14.972514
4360	6	9	9	0	0:00:14.971752
4380	9	9	9	1	0:00:14.961564
4400	3	6	8	0	0:00:14.974879
4420	5	8	8	0	0:00:14.997398
4440	2	6	6	0	0:00:14.970954
4460	9	1	8	0	0:00:14.975150
4480	9	9	6	1	0:00:14.978852
4500	3	7	7	0	0:00:14.993481
4520	3	6	6	0	0:00:14.971713
4540	9	9	9	1	0:00:14.974905
4560	1	1	1	1	0:00:14.973551
4580	6	6	6	1	0:00:14.979650
4600	4	7	7	0	0:00:14.956504
4620	7	3	3	0	0:00:14.970584
4640	2	5	5	0	0:00:14.990437
4660	7	6	2	0	0:00:14.979099
4680	9	1	1	0	0:00:14.981906
4700	6	1	1	0	0:00:14.973309
4720	8	0	0	0	0:00:14.984666
4740	5	6	6	0	0:00:14.960034
4760	3	2	2	0	0:00:14.961487
4780	0	0	0	1	0:00:14.953711
4800	9	9	9	1	0:00:14.965232
4820	3	5	5	0	0:00:14.966218
4840	0	0	0	1	0:00:14.987309
4860	5	5	5	1	0:00:14.983781
4880	0	2	2	0	0:00:14.977513
4900	3	1	1	0	0:00:14.983332
4920	7	7	0	1	0:00:14.985002
4940	6	6	2	1	0:00:14.956992
4960	4	6	6	0	0:00:14.961207
4980	1	9	9	0	0:00:14.958810
5000	7	7	7	1	0:00:14.984428
5020	8	8	8	1	0:00:14.970944
5040	3	4	4	0	0:00:14.968328
5060	6	6	6	1	0:00:14.949705
5080	7	7	7	1	0:00:15.033504
5100	3	4	4	0	0:00:14.968739
5120	9	8	8	0	0:00:14.979468
5140	8	8	8	1	0:00:14.983846
5160	0	8	8	0	0:00:14.973965
5180	9	6	6	0	0:00:14.994751
5200	3	3	3	1	0:00:14.985232
5220	0	0	0	1	0:00:14.984793
5240	1	9	3	0	0:00:14.950217
5260	0	0	0	1	0:00:14.951141
5280	0	8	8	0	0:00:14.963457
5300	9	1	1	0	0:00:14.970382
5320	7	7	7	1	0:00:15.008077
5340	3	2	2	0	0:00:14.988658
5360	9	9	9	1	0:00:14.982196
5380	1	9	9	0	0:00:14.992137
5400	9	0	0	0	0:00:14.985483
5420	6	6	6	1	0:00:14.986276
5440	9	9	9	1	0:00:15.023520
5460	0	0	2	1	0:00:14.959911
5480	1	-1	8	0	0:00:14.969197
5500	8	1	8	0	0:00:14.974811
5520	4	5	5	0	0:00:14.985544
5540	5	6	6	0	0:00:14.945997
5560	3	6	6	0	0:00:14.949166
5580	5	6	6	0	0:00:14.994330
5600	6	8	8	0	0:00:15.004070
5620	3	4	4	0	0:00:14.944318
5640	2	3	3	0	0:00:14.954315
5660	9	9	8	1	0:00:15.019284
5680	2	1	8	0	0:00:14.986634
5700	3	6	6	0	0:00:14.932108
5720	9	9	9	1	0:00:14.997666
5740	6	6	6	1	0:00:14.981133
5760	2	2	8	1	0:00:14.950659
5780	7	7	7	1	0:00:14.938806
5800	2	6	6	0	0:00:14.941524
5820	5	6	6	0	0:00:14.941447
5840	2	6	6	0	0:00:14.958986
5860	0	8	8	0	0:00:14.947491
5880	0	8	0	0	0:00:14.938935
5900	4	5	4	0	0:00:14.939610
5920	8	8	8	1	0:00:14.966995
5940	7	4	4	0	0:00:14.970329
5960	2	7	7	0	0:00:14.965148
5980	9	9	9	1	0:00:14.953320
6000	8	9	8	0	0:00:14.999123
6020	6	6	6	1	0:00:15.019426
6040	2	7	7	0	0:00:14.954604
6060	3	4	4	0	0:00:14.973518
6080	1	1	1	1	0:00:14.984124
6100	1	1	8	1	0:00:14.960809
6120	5	5	5	1	0:00:14.942875
6140	9	9	9	1	0:00:14.958544
6160	2	5	5	0	0:00:14.990803
6180	0	8	8	0	0:00:14.955848
6200	3	3	3	1	0:00:14.940254
6220	2	6	6	0	0:00:14.944583
6240	2	1	6	0	0:00:14.959153
6260	2	9	9	0	0:00:14.990205
6280	8	5	5	0	0:00:14.956347
6300	1	7	4	0	0:00:14.943239
6320	0	0	0	1	0:00:14.945508
6340	3	3	3	1	0:00:14.942530
6360	2	6	2	0	0:00:14.952254
6380	3	1	6	0	0:00:14.973252
6400	0	1	1	0	0:00:14.954715
6420	7	7	7	1	0:00:14.959730
6440	3	8	8	0	0:00:14.951972
6460	3	1	1	0	0:00:15.000758
6480	0	0	0	1	0:00:14.969831
6500	7	0	0	0	0:00:14.965167
6520	6	4	4	0	0:00:14.973577
6540	8	8	8	1	0:00:14.948287
6560	6	6	6	1	0:00:15.022659
6580	1	8	8	0	0:00:14.949567
6600	7	7	7	1	0:00:14.974903
6620	7	7	7	1	0:00:14.963367
6640	5	3	3	0	0:00:14.949551
6660	0	0	8	1	0:00:14.966654
6680	3	3	3	1	0:00:14.982960
6700	6	6	6	1	0:00:14.964993
6720	2	2	2	1	0:00:14.964476
6740	2	6	6	0	0:00:14.958003
6760	5	2	2	0	0:00:14.968912
6780	7	7	7	1	0:00:14.998533
6800	6	6	6	1	0:00:14.987241
6820	1	1	1	1	0:00:14.971295
6840	9	1	1	0	0:00:14.984038
6860	0	0	0	1	0:00:14.931801
6880	2	7	7	0	0:00:14.955609
6900	3	7	7	0	0:00:14.954086
6920	5	2	2	0	0:00:15.024644
6940	1	1	1	1	0:00:14.944360
6960	9	8	8	0	0:00:15.047793
6980	0	9	9	0	0:00:15.019014
7000	2	8	8	0	0:00:14.947400
7020	7	7	7	1	0:00:15.041621
7040	7	8	8	0	0:00:15.036874
7060	8	0	8	0	0:00:14.971359
7080	5	4	0	0	0:00:14.943401
7100	9	3	3	0	0:00:14.950409
7120	7	7	7	1	0:00:14.972851
7140	4	4	4	1	0:00:15.010776
7160	5	4	4	0	0:00:15.093117
7180	6	6	6	1	0:00:15.020405
7200	4	6	6	0	0:00:14.968702
7220	9	8	8	0	0:00:14.959366
7240	0	8	8	0	0:00:14.959767
7260	1	8	8	0	0:00:15.063836
7280	1	1	6	1	0:00:14.989935
7300	3	0	0	0	0:00:14.969862
7320	8	0	0	0	0:00:14.940454
7340	2	4	4	0	0:00:14.942341
7360	2	7	5	0	0:00:15.006441
7380	7	7	7	1	0:00:15.029138
7400	3	9	9	0	0:00:15.033384
7420	3	0	0	0	0:00:14.971597
7440	3	6	6	0	0:00:14.986158
7460	5	5	5	1	0:00:14.986591
7480	1	5	5	0	0:00:14.959729
7500	6	6	6	1	0:00:14.942143
7520	4	6	6	0	0:00:15.025929
7540	5	5	5	1	0:00:14.954851
7560	0	6	2	0	0:00:14.939439
7580	8	8	8	1	0:00:14.963112
7600	8	9	9	0	0:00:14.979459
7620	5	3	3	0	0:00:14.999464
7640	9	8	8	0	0:00:14.971908
7660	7	1	1	0	0:00:15.014838
7680	3	9	9	0	0:00:14.979761
7700	6	6	6	1	0:00:14.945348
7720	5	6	6	0	0:00:14.982208
7740	4	6	2	0	0:00:14.939265
7760	2	9	9	0	0:00:14.960755
7780	3	1	1	0	0:00:14.934013
7800	0	0	0	1	0:00:14.976564
7820	5	8	8	0	0:00:14.941166
7840	1	1	1	1	0:00:14.952390
7860	8	-1	4	0	0:00:14.964291
7880	0	4	2	0	0:00:14.949377
7900	0	8	8	0	0:00:14.938281
7920	9	8	8	0	0:00:14.959919
7940	2	6	6	0	0:00:14.961093
7960	0	0	0	1	0:00:14.933256
7980	3	7	4	0	0:00:14.944520
8000	9	9	8	1	0:00:14.960047
8020	6	6	6	1	0:00:15.006563
8040	2	6	6	0	0:00:14.953394
8060	6	6	6	1	0:00:14.980819
8080	4	6	6	0	0:00:14.965865
8100	6	2	2	0	0:00:14.998780
8120	8	9	8	0	0:00:15.009894
8140	5	6	6	0	0:00:14.946917
8160	6	9	6	0	0:00:14.954721
8180	4	6	6	0	0:00:14.931727
8200	3	6	6	0	0:00:14.944279
8220	6	6	6	1	0:00:15.001243
8240	7	7	7	1	0:00:14.967839
8260	1	1	1	1	0:00:14.959975
8280	4	5	5	0	0:00:14.947146
8300	5	2	2	0	0:00:14.961570
8320	7	4	4	0	0:00:14.974446
8340	5	5	5	1	0:00:14.958877
8360	7	7	7	1	0:00:14.965649
8380	9	8	8	0	0:00:14.958651
8400	0	8	8	0	0:00:15.005614
8420	3	6	4	0	0:00:14.959777
8440	5	9	4	0	0:00:14.936162
8460	8	8	8	1	0:00:14.989905
8480	2	1	8	0	0:00:14.982520
8500	4	2	2	0	0:00:15.002994
8520	8	6	6	0	0:00:15.002443
8540	4	6	4	0	0:00:14.970709
8560	7	7	7	1	0:00:14.953270
8580	3	1	1	0	0:00:14.981735
8600	3	7	7	0	0:00:14.948594
8620	3	1	4	0	0:00:14.950099
8640	1	1	1	1	0:00:14.978986
8660	7	5	5	0	0:00:14.949825
8680	3	9	9	0	0:00:14.950598
8700	3	5	5	0	0:00:14.948615
8720	2	0	0	0	0:00:14.976349
8740	2	6	6	0	0:00:14.938882
8760	8	8	8	1	0:00:14.953781
8780	4	4	4	1	0:00:14.935553
8800	0	0	0	1	0:00:14.968876
8820	2	2	2	1	0:00:14.933634
8840	2	1	1	0	0:00:14.937804
8860	2	2	2	1	0:00:14.973907
8880	1	1	6	1	0:00:14.955639
8900	2	6	4	0	0:00:14.969002
8920	6	6	6	1	0:00:14.960663
8940	6	3	3	0	0:00:14.979721
8960	0	0	0	1	0:00:14.973323
8980	9	9	9	1	0:00:14.972127
9000	8	8	8	1	0:00:14.937329
9020	7	7	9	1	0:00:14.933506
9040	2	5	5	0	0:00:14.967791
9060	9	5	5	0	0:00:14.981159
9080	3	0	0	0	0:00:14.970519
9100	9	6	6	0	0:00:14.968629
9120	3	0	0	0	0:00:14.966219
9140	7	8	8	0	0:00:14.940021
9160	5	5	5	1	0:00:14.948127
9180	5	5	5	1	0:00:14.955622
9200	8	8	8	1	0:00:14.991279
9220	8	8	8	1	0:00:14.947248
9240	8	8	8	1	0:00:14.968414
9260	5	5	5	1	0:00:14.975682
9280	9	0	8	0	0:00:14.951331
9300	5	5	2	1	0:00:14.952403
9320	9	9	8	1	0:00:14.966377
9340	1	1	1	1	0:00:14.949107
9360	5	0	6	0	0:00:14.967813
9380	5	9	9	0	0:00:14.958904
9400	6	6	6	1	0:00:14.985680
9420	5	6	6	0	0:00:15.038711
9440	8	8	8	1	0:00:15.072118
9460	3	6	6	0	0:00:14.965004
9480	2	4	4	0	0:00:14.946184
9500	9	1	1	0	0:00:14.975140
9520	1	1	1	1	0:00:14.963342
9540	5	5	5	1	0:00:15.020046
9560	9	7	7	0	0:00:15.028944
9580	1	4	4	0	0:00:14.951640
9600	8	8	8	1	0:00:15.047049
9620	4	7	7	0	0:00:14.957710
9640	5	0	0	0	0:00:14.944040
9660	6	6	6	1	0:00:14.972646
9680	8	8	8	1	0:00:14.953371
9700	0	0	0	1	0:00:14.970768
9720	8	6	6	0	0:00:14.984081
9740	3	6	6	0	0:00:14.937868
9760	9	9	7	1	0:00:14.976489
9780	4	6	6	0	0:00:15.011921
9800	1	1	1	1	0:00:14.973539
9820	0	8	8	0	0:00:14.945611
9840	4	7	7	0	0:00:14.941996
9860	0	2	2	0	0:00:14.930486
9880	7	4	4	0	0:00:14.937923
9900	8	0	0	0	0:00:14.943419
9920	6	6	6	1	0:00:14.963237
9940	4	5	5	0	0:00:14.992019
9960	2	0	0	0	0:00:15.012530
9980	0	0	0	1	0:00:15.044490
