idx	label	predict	basePredict	correct	time
0	3	1	4	0	0:00:04.495721
20	7	9	9	0	0:00:04.327135
40	4	8	8	0	0:00:04.311762
60	7	2	2	0	0:00:04.326620
80	8	8	8	1	0:00:04.314102
100	4	5	4	0	0:00:04.346153
120	8	8	8	1	0:00:04.321138
140	6	2	2	0	0:00:04.315543
160	2	0	0	0	0:00:04.325382
180	0	0	0	1	0:00:04.338324
200	5	7	3	0	0:00:04.311499
220	7	7	7	1	0:00:04.356632
240	1	1	1	1	0:00:04.321631
260	8	5	5	0	0:00:04.335111
280	9	9	8	1	0:00:04.311703
300	6	-1	4	0	0:00:04.330574
320	3	5	2	0	0:00:04.327045
340	2	-1	4	0	0:00:04.323909
360	9	6	6	0	0:00:04.341933
380	6	8	8	0	0:00:04.350693
400	9	9	9	1	0:00:04.322755
420	4	6	6	0	0:00:04.324811
440	1	-1	2	0	0:00:04.348531
460	5	7	4	0	0:00:04.328431
480	8	9	9	0	0:00:04.325379
500	4	-1	6	0	0:00:04.327539
520	5	7	8	0	0:00:04.338552
540	1	8	8	0	0:00:04.325049
560	0	0	0	1	0:00:04.357503
580	4	6	6	0	0:00:04.323952
600	8	9	0	0	0:00:04.328891
620	7	6	4	0	0:00:04.350732
640	5	6	6	0	0:00:04.325518
660	9	9	9	1	0:00:04.333848
680	9	9	9	1	0:00:04.337878
700	7	7	7	1	0:00:04.341994
720	4	9	9	0	0:00:04.330658
740	2	5	5	0	0:00:04.327160
760	3	9	9	0	0:00:04.327459
780	9	9	8	1	0:00:04.337836
800	7	7	7	1	0:00:04.322279
820	6	9	9	0	0:00:04.338283
840	7	7	7	1	0:00:04.333306
860	4	6	6	0	0:00:04.327577
880	8	8	8	1	0:00:04.332958
900	2	6	6	0	0:00:04.336480
920	6	2	2	0	0:00:04.504224
940	9	6	6	0	0:00:04.339359
960	9	9	9	1	0:00:04.334040
980	2	6	6	0	0:00:04.327995
1000	5	5	8	1	0:00:04.229166
1020	1	8	8	0	0:00:04.234555
1040	7	5	5	0	0:00:04.229700
1060	9	8	8	0	0:00:04.232975
1080	6	6	6	1	0:00:04.239746
1100	7	8	8	0	0:00:04.243433
1120	5	8	8	0	0:00:04.237600
1140	6	-1	6	0	0:00:04.235946
1160	8	0	0	0	0:00:04.236044
1180	3	9	9	0	0:00:04.246625
1200	8	0	0	0	0:00:04.241407
1220	9	7	2	0	0:00:04.241333
1240	2	6	6	0	0:00:04.229612
1260	1	9	9	0	0:00:04.237585
1280	3	7	7	0	0:00:04.240061
1300	4	6	6	0	0:00:04.236531
1320	7	0	0	0	0:00:04.243482
1340	1	1	1	1	0:00:04.239189
1360	7	9	2	0	0:00:04.233268
1380	4	8	8	0	0:00:04.239646
1400	5	2	2	0	0:00:04.239957
1420	4	7	7	0	0:00:04.238399
1440	0	-1	0	0	0:00:04.242283
1460	6	9	4	0	0:00:04.241199
1480	1	7	7	0	0:00:04.240171
1500	1	9	9	0	0:00:04.241942
1520	7	6	6	0	0:00:04.241385
1540	8	8	8	1	0:00:04.244701
1560	7	7	7	1	0:00:04.232008
1580	6	9	9	0	0:00:04.236944
1600	8	9	6	0	0:00:04.240545
1620	5	8	8	0	0:00:04.241769
1640	7	5	5	0	0:00:04.240580
1660	3	-1	4	0	0:00:04.239762
1680	6	6	6	1	0:00:04.244823
1700	5	0	0	0	0:00:04.247533
1720	4	0	0	0	0:00:04.242346
1740	1	9	9	0	0:00:04.246840
1760	0	8	8	0	0:00:04.240656
1780	7	8	8	0	0:00:04.245855
1800	4	8	8	0	0:00:04.245069
1820	8	9	8	0	0:00:04.245055
1840	8	7	7	0	0:00:04.242397
1860	8	8	8	1	0:00:04.243255
1880	1	4	4	0	0:00:04.245879
1900	8	8	8	1	0:00:04.252779
1920	2	7	6	0	0:00:04.245781
1940	5	2	2	0	0:00:04.249315
1960	2	7	7	0	0:00:04.246037
1980	9	9	8	1	0:00:04.243430
2000	1	6	6	0	0:00:04.250850
2020	9	9	9	1	0:00:04.243589
2040	0	8	8	0	0:00:04.242597
2060	5	5	0	1	0:00:04.248953
2080	1	2	2	0	0:00:04.247055
2100	2	4	4	0	0:00:04.240719
2120	4	8	8	0	0:00:04.237212
2140	9	9	1	1	0:00:04.242841
2160	0	8	8	0	0:00:04.244211
2180	4	6	6	0	0:00:04.240438
2200	0	0	0	1	0:00:04.245463
2220	1	1	4	1	0:00:04.245821
2240	9	9	9	1	0:00:04.244676
2260	4	1	4	0	0:00:04.252491
2280	4	8	8	0	0:00:04.244836
2300	3	6	6	0	0:00:04.244099
2320	5	8	8	0	0:00:04.239568
2340	7	9	9	0	0:00:04.242749
2360	7	9	9	0	0:00:04.242082
2380	8	8	8	1	0:00:04.238989
2400	0	0	0	1	0:00:04.241435
2420	8	1	5	0	0:00:04.242872
2440	7	1	8	0	0:00:04.236920
2460	9	9	6	1	0:00:04.242125
2480	8	8	8	1	0:00:04.238045
2500	4	6	4	0	0:00:04.239280
2520	1	8	8	0	0:00:04.242082
2540	2	4	4	0	0:00:04.238575
2560	7	-1	2	0	0:00:04.242891
2580	6	4	4	0	0:00:04.239687
2600	8	8	8	1	0:00:04.238388
2620	1	6	6	0	0:00:04.247316
2640	7	7	2	1	0:00:04.239478
2660	3	0	0	0	0:00:04.240750
2680	0	0	0	1	0:00:04.241656
2700	9	0	0	0	0:00:04.242833
2720	3	8	8	0	0:00:04.240456
2740	1	1	1	1	0:00:04.238958
2760	2	6	6	0	0:00:04.238531
2780	7	7	6	1	0:00:04.242172
2800	4	6	6	0	0:00:04.237241
2820	6	6	6	1	0:00:04.242301
2840	3	3	3	1	0:00:04.238971
2860	5	7	7	0	0:00:04.241701
2880	4	4	4	1	0:00:04.245840
2900	3	5	6	0	0:00:04.242003
2920	2	-1	0	0	0:00:04.242366
2940	3	0	8	0	0:00:04.238615
2960	9	7	9	0	0:00:04.240511
2980	8	1	4	0	0:00:04.246994
3000	5	5	5	1	0:00:04.236725
3020	1	1	8	1	0:00:04.241796
3040	7	7	7	1	0:00:04.244774
3060	7	7	7	1	0:00:04.239565
3080	1	2	2	0	0:00:04.242882
3100	0	0	0	1	0:00:04.242439
3120	4	6	6	0	0:00:04.241919
3140	8	8	8	1	0:00:04.247412
3160	6	4	4	0	0:00:04.236446
3180	3	8	8	0	0:00:04.245029
3200	5	1	7	0	0:00:04.241092
3220	3	9	7	0	0:00:04.240892
3240	4	8	8	0	0:00:04.249761
3260	7	0	0	0	0:00:04.245938
3280	3	0	0	0	0:00:04.245618
3300	4	9	4	0	0:00:04.248599
3320	2	9	7	0	0:00:04.247236
3340	6	-1	4	0	0:00:04.250823
3360	4	6	6	0	0:00:04.243885
3380	8	9	8	0	0:00:04.245042
3400	6	4	4	0	0:00:04.243919
3420	5	6	6	0	0:00:04.249093
3440	2	9	9	0	0:00:04.243511
3460	1	1	4	1	0:00:04.243893
3480	2	2	2	1	0:00:04.247336
3500	1	4	4	0	0:00:04.249224
3520	1	1	1	1	0:00:04.243499
3540	6	8	8	0	0:00:04.251604
3560	1	9	8	0	0:00:04.247388
3580	4	1	1	0	0:00:04.246916
3600	4	2	2	0	0:00:04.253998
3620	0	7	7	0	0:00:04.245829
3640	6	0	0	0	0:00:04.252420
3660	0	8	8	0	0:00:04.246221
3680	0	2	2	0	0:00:04.242421
3700	3	5	4	0	0:00:04.239137
3720	2	2	0	1	0:00:04.242308
3740	0	0	0	1	0:00:04.241984
3760	7	7	7	1	0:00:04.248606
3780	4	2	2	0	0:00:04.241999
3800	9	9	8	1	0:00:04.246658
3820	0	0	0	1	0:00:04.243694
3840	6	8	8	0	0:00:04.242770
3860	7	7	7	1	0:00:04.247593
3880	6	4	4	0	0:00:04.240792
3900	3	0	1	0	0:00:04.246951
3920	7	8	8	0	0:00:04.242041
3940	6	7	7	0	0:00:04.243502
3960	2	5	6	0	0:00:04.246252
3980	9	7	7	0	0:00:04.244136
4000	8	7	4	0	0:00:04.243123
4020	8	9	8	0	0:00:04.242165
4040	0	0	0	1	0:00:04.244148
4060	6	0	0	0	0:00:04.246979
4080	1	8	8	0	0:00:04.241321
4100	7	7	7	1	0:00:04.242826
4120	4	0	0	0	0:00:04.247972
4140	5	2	2	0	0:00:04.245172
4160	5	2	2	0	0:00:04.248568
4180	0	8	8	0	0:00:04.248924
4200	4	2	2	0	0:00:04.242590
4220	4	0	0	0	0:00:04.249698
4240	7	8	8	0	0:00:04.238335
4260	8	1	8	0	0:00:04.239043
4280	8	9	8	0	0:00:04.235988
4300	8	9	8	0	0:00:04.236100
4320	1	8	8	0	0:00:04.245471
4340	0	8	8	0	0:00:04.242146
4360	6	9	9	0	0:00:04.233205
4380	9	9	8	1	0:00:04.245596
4400	3	8	8	0	0:00:04.241212
4420	5	8	8	0	0:00:04.243490
4440	2	6	6	0	0:00:04.241153
4460	9	8	8	0	0:00:04.247361
4480	9	6	6	0	0:00:04.245529
4500	3	7	7	0	0:00:04.241879
4520	3	6	6	0	0:00:04.242912
4540	9	9	9	1	0:00:04.239887
4560	1	1	4	1	0:00:04.240871
4580	6	6	4	1	0:00:04.253777
4600	4	1	1	0	0:00:04.244797
4620	7	3	3	0	0:00:04.250377
4640	2	5	4	0	0:00:04.246798
4660	7	-1	2	0	0:00:04.246047
4680	9	1	1	0	0:00:04.252005
4700	6	1	4	0	0:00:04.253444
4720	8	0	0	0	0:00:04.255299
4740	5	6	6	0	0:00:04.251622
4760	3	8	8	0	0:00:04.246393
4780	0	8	0	0	0:00:04.251205
4800	9	9	9	1	0:00:04.245784
4820	3	-1	6	0	0:00:04.245352
4840	0	0	0	1	0:00:04.250537
4860	5	5	5	1	0:00:04.249309
4880	0	2	2	0	0:00:04.250388
4900	3	6	6	0	0:00:04.247302
4920	7	0	0	0	0:00:04.247449
4940	6	4	2	0	0:00:04.252075
4960	4	6	6	0	0:00:04.246804
4980	1	9	9	0	0:00:04.247577
5000	7	7	7	1	0:00:04.248033
5020	8	8	8	1	0:00:04.250007
5040	3	7	4	0	0:00:04.248545
5060	6	6	6	1	0:00:04.243069
5080	7	7	7	1	0:00:04.244875
5100	3	4	4	0	0:00:04.247638
5120	9	8	8	0	0:00:04.238824
5140	8	8	8	1	0:00:04.244512
5160	0	8	8	0	0:00:04.239539
5180	9	6	4	0	0:00:04.245277
5200	3	3	3	1	0:00:04.243516
5220	0	0	0	1	0:00:04.243460
5240	1	9	2	0	0:00:04.244411
5260	0	0	0	1	0:00:04.242109
5280	0	8	8	0	0:00:04.243453
5300	9	1	6	0	0:00:04.250011
5320	7	7	7	1	0:00:04.243366
5340	3	8	8	0	0:00:04.245667
5360	9	9	9	1	0:00:04.241659
5380	1	9	9	0	0:00:04.241235
5400	9	0	8	0	0:00:04.244681
5420	6	7	6	0	0:00:04.245021
5440	9	9	9	1	0:00:04.244533
5460	0	7	6	0	0:00:04.247711
5480	1	8	8	0	0:00:04.244252
5500	8	9	8	0	0:00:04.247797
5520	4	-1	6	0	0:00:04.242887
5540	5	6	2	0	0:00:04.242731
5560	3	6	6	0	0:00:04.244928
5580	5	6	6	0	0:00:04.242549
5600	6	9	8	0	0:00:04.243068
5620	3	2	2	0	0:00:04.237354
5640	2	3	3	0	0:00:04.236723
5660	9	9	8	1	0:00:04.242643
5680	2	9	8	0	0:00:04.235123
5700	3	9	6	0	0:00:04.239146
5720	9	9	9	1	0:00:04.244705
5740	6	6	4	1	0:00:04.245900
5760	2	8	8	0	0:00:04.248569
5780	7	9	7	0	0:00:04.245543
5800	2	6	4	0	0:00:04.243753
5820	5	6	6	0	0:00:04.251341
5840	2	6	6	0	0:00:04.247657
5860	0	8	8	0	0:00:04.249156
5880	0	8	8	0	0:00:04.246040
5900	4	5	0	0	0:00:04.247339
5920	8	8	8	1	0:00:04.254087
5940	7	4	4	0	0:00:04.248145
5960	2	7	7	0	0:00:04.246967
5980	9	9	8	1	0:00:04.244316
6000	8	9	8	0	0:00:04.246431
6020	6	9	6	0	0:00:04.256175
6040	2	7	7	0	0:00:04.241126
6060	3	4	4	0	0:00:04.251331
6080	1	9	6	0	0:00:04.249331
6100	1	-1	8	0	0:00:04.252005
6120	5	5	5	1	0:00:04.249673
6140	9	9	9	1	0:00:04.251428
6160	2	9	8	0	0:00:04.247245
6180	0	-1	8	0	0:00:04.252278
6200	3	0	0	0	0:00:04.246008
6220	2	6	6	0	0:00:04.247168
6240	2	1	6	0	0:00:04.245024
6260	2	9	9	0	0:00:04.248442
6280	8	5	5	0	0:00:04.253254
6300	1	7	4	0	0:00:04.253879
6320	0	0	0	1	0:00:04.250825
6340	3	8	8	0	0:00:04.251007
6360	2	6	2	0	0:00:04.246893
6380	3	1	6	0	0:00:04.256473
6400	0	1	4	0	0:00:04.246926
6420	7	8	8	0	0:00:04.249992
6440	3	8	8	0	0:00:04.246438
6460	3	1	1	0	0:00:04.254226
6480	0	0	0	1	0:00:04.247308
6500	7	0	0	0	0:00:04.248983
6520	6	4	2	0	0:00:04.237482
6540	8	8	8	1	0:00:04.243491
6560	6	6	6	1	0:00:04.237504
6580	1	8	8	0	0:00:04.240288
6600	7	7	7	1	0:00:04.238256
6620	7	7	7	1	0:00:04.237724
6640	5	8	8	0	0:00:04.244200
6660	0	8	8	0	0:00:04.240313
6680	3	3	3	1	0:00:04.245231
6700	6	-1	6	0	0:00:04.242771
6720	2	2	2	1	0:00:04.237528
6740	2	6	6	0	0:00:04.245620
6760	5	0	0	0	0:00:04.239621
6780	7	7	7	1	0:00:04.242780
6800	6	6	6	1	0:00:04.241824
6820	1	1	1	1	0:00:04.241632
6840	9	9	6	1	0:00:04.240895
6860	0	0	0	1	0:00:04.243042
6880	2	6	6	0	0:00:04.238350
6900	3	7	7	0	0:00:04.249475
6920	5	2	2	0	0:00:04.243058
6940	1	1	1	1	0:00:04.244638
6960	9	8	8	0	0:00:04.241776
6980	0	9	9	0	0:00:04.242818
7000	2	8	8	0	0:00:04.251008
7020	7	1	1	0	0:00:04.245411
7040	7	8	8	0	0:00:04.249618
7060	8	-1	8	0	0:00:04.246233
7080	5	0	0	0	0:00:04.243586
7100	9	8	8	0	0:00:04.247609
7120	7	7	6	1	0:00:04.241807
7140	4	4	4	1	0:00:04.242772
7160	5	7	2	0	0:00:04.248745
7180	6	6	6	1	0:00:04.245729
7200	4	6	2	0	0:00:04.246948
7220	9	8	8	0	0:00:04.248087
7240	0	8	8	0	0:00:04.243607
7260	1	8	8	0	0:00:04.251894
7280	1	9	6	0	0:00:04.243998
7300	3	7	8	0	0:00:04.250503
7320	8	0	0	0	0:00:04.242858
7340	2	4	0	0	0:00:04.249928
7360	2	7	7	0	0:00:04.248834
7380	7	1	7	0	0:00:04.243140
7400	3	9	9	0	0:00:04.243409
7420	3	0	0	0	0:00:04.245902
7440	3	6	6	0	0:00:04.242563
7460	5	5	5	1	0:00:04.247599
7480	1	5	5	0	0:00:04.246530
7500	6	6	6	1	0:00:04.247022
7520	4	6	6	0	0:00:04.252499
7540	5	5	5	1	0:00:04.251102
7560	0	9	2	0	0:00:04.253032
7580	8	-1	8	0	0:00:04.248908
7600	8	9	9	0	0:00:04.249063
7620	5	9	1	0	0:00:04.254772
7640	9	8	8	0	0:00:04.248104
7660	7	9	9	0	0:00:04.253254
7680	3	9	9	0	0:00:04.247072
7700	6	6	6	1	0:00:04.245453
7720	5	6	6	0	0:00:04.249092
7740	4	2	2	0	0:00:04.249465
7760	2	9	9	0	0:00:04.247509
7780	3	8	8	0	0:00:04.247121
7800	0	0	0	1	0:00:04.244603
7820	5	8	8	0	0:00:04.248657
7840	1	1	1	1	0:00:04.247180
7860	8	-1	4	0	0:00:04.245242
7880	0	8	8	0	0:00:04.247653
7900	0	8	8	0	0:00:04.245819
7920	9	8	8	0	0:00:04.243326
7940	2	6	6	0	0:00:04.234196
7960	0	0	0	1	0:00:04.238575
7980	3	7	4	0	0:00:04.250507
8000	9	0	0	0	0:00:04.242871
8020	6	6	6	1	0:00:04.244941
8040	2	6	6	0	0:00:04.243990
8060	6	6	6	1	0:00:04.243218
8080	4	6	4	0	0:00:04.237746
8100	6	2	2	0	0:00:04.232300
8120	8	9	9	0	0:00:04.231697
8140	5	6	6	0	0:00:04.234044
8160	6	9	8	0	0:00:04.231762
8180	4	6	6	0	0:00:04.234820
8200	3	9	6	0	0:00:04.234413
8220	6	9	2	0	0:00:04.234419
8240	7	7	7	1	0:00:04.238963
8260	1	1	3	1	0:00:04.239021
8280	4	-1	3	0	0:00:04.239130
8300	5	2	2	0	0:00:04.237117
8320	7	9	6	0	0:00:04.235126
8340	5	4	4	0	0:00:04.241591
8360	7	6	6	0	0:00:04.237564
8380	9	8	8	0	0:00:04.239765
8400	0	8	8	0	0:00:04.237291
8420	3	6	4	0	0:00:04.236781
8440	5	9	9	0	0:00:04.242604
8460	8	8	8	1	0:00:04.242902
8480	2	1	8	0	0:00:04.245662
8500	4	2	2	0	0:00:04.247755
8520	8	6	6	0	0:00:04.244471
8540	4	6	4	0	0:00:04.249256
8560	7	7	6	1	0:00:04.245783
8580	3	0	0	0	0:00:04.273381
8600	3	7	7	0	0:00:04.308943
8620	3	1	4	0	0:00:04.308673
8640	1	1	1	1	0:00:04.310573
8660	7	5	5	0	0:00:04.310691
8680	3	9	8	0	0:00:04.380877
8700	3	5	3	0	0:00:04.361717
8720	2	0	0	0	0:00:04.402221
8740	2	6	6	0	0:00:04.405051
8760	8	8	5	1	0:00:04.394166
8780	4	7	4	0	0:00:04.354095
8800	0	0	0	1	0:00:04.334528
8820	2	2	2	1	0:00:04.355404
8840	2	1	1	0	0:00:04.360852
8860	2	0	8	0	0:00:04.426197
8880	1	6	6	0	0:00:04.405157
8900	2	1	4	0	0:00:04.419615
8920	6	6	6	1	0:00:04.352433
8940	6	3	3	0	0:00:04.283070
8960	0	0	0	1	0:00:04.246071
8980	9	9	9	1	0:00:04.245029
9000	8	8	8	1	0:00:04.248553
9020	7	9	9	0	0:00:04.245313
9040	2	5	5	0	0:00:04.243952
9060	9	5	5	0	0:00:04.251012
9080	3	0	0	0	0:00:04.243802
9100	9	6	6	0	0:00:04.247828
9120	3	0	0	0	0:00:04.245019
9140	7	8	8	0	0:00:04.243123
9160	5	0	0	0	0:00:04.239791
9180	5	5	5	1	0:00:04.246727
9200	8	8	8	1	0:00:04.243852
9220	8	8	8	1	0:00:04.242232
9240	8	9	8	0	0:00:04.238381
9260	5	5	4	1	0:00:04.242396
9280	9	0	8	0	0:00:04.238698
9300	5	8	8	0	0:00:04.242303
9320	9	-1	8	0	0:00:04.237166
9340	1	1	1	1	0:00:04.236449
9360	5	0	0	0	0:00:04.235849
9380	5	9	9	0	0:00:04.237997
9400	6	4	4	0	0:00:04.238723
9420	5	6	6	0	0:00:04.241561
9440	8	8	8	1	0:00:04.240782
9460	3	9	7	0	0:00:04.246268
9480	2	6	6	0	0:00:04.243109
9500	9	6	6	0	0:00:04.247959
9520	1	9	9	0	0:00:04.243045
9540	5	5	4	1	0:00:04.240624
9560	9	7	7	0	0:00:04.241179
9580	1	4	4	0	0:00:04.241802
9600	8	8	8	1	0:00:04.238263
9620	4	7	7	0	0:00:04.242030
9640	5	1	6	0	0:00:04.239534
9660	6	6	6	1	0:00:04.245425
9680	8	9	8	0	0:00:04.258868
9700	0	0	0	1	0:00:04.306314
9720	8	6	4	0	0:00:04.305773
9740	3	6	4	0	0:00:04.338989
9760	9	9	7	1	0:00:04.401438
9780	4	6	6	0	0:00:04.379108
9800	1	1	1	1	0:00:04.379564
9820	0	9	8	0	0:00:04.374069
9840	4	3	3	0	0:00:04.295022
9860	0	8	8	0	0:00:04.363399
9880	7	4	4	0	0:00:04.396315
9900	8	0	0	0	0:00:04.398458
9920	6	6	6	1	0:00:04.368826
9940	4	7	7	0	0:00:04.349169
9960	2	0	0	0	0:00:04.392565
9980	0	0	0	1	0:00:04.396247
