idx	label	predict	basePredict	correct	time
0	3	3	3	1	0:00:02.905596
20	7	9	9	0	0:00:02.812485
40	4	8	8	0	0:00:02.775695
60	7	7	4	1	0:00:02.784608
80	8	8	8	1	0:00:02.773147
100	4	5	5	0	0:00:02.759778
120	8	0	0	0	0:00:02.782950
140	6	3	2	0	0:00:02.781319
160	2	0	2	0	0:00:02.795843
180	0	0	0	1	0:00:02.789799
200	5	3	3	0	0:00:02.771862
220	7	7	7	1	0:00:02.782782
240	1	1	1	1	0:00:02.832943
260	8	3	3	0	0:00:02.837644
280	9	9	9	1	0:00:02.797937
300	6	6	4	1	0:00:02.891503
320	3	3	2	1	0:00:02.805807
340	2	4	4	0	0:00:02.790984
360	9	7	5	0	0:00:02.836393
380	6	6	4	1	0:00:02.870433
400	9	9	9	1	0:00:02.819275
420	4	4	4	1	0:00:02.883273
440	1	9	6	0	0:00:02.909970
460	5	5	2	1	0:00:02.870013
480	8	9	9	0	0:00:02.797957
500	4	6	2	0	0:00:02.884499
520	5	7	7	0	0:00:02.795998
540	1	1	8	1	0:00:02.810551
560	0	0	0	1	0:00:02.812442
580	4	4	2	1	0:00:02.826223
600	8	8	3	1	0:00:02.795803
620	7	7	2	1	0:00:02.785631
640	5	3	3	0	0:00:02.823200
660	9	9	3	1	0:00:02.793031
680	9	7	7	0	0:00:02.789192
700	7	7	3	1	0:00:02.781839
720	4	3	3	0	0:00:02.793000
740	2	3	3	0	0:00:02.785318
760	3	4	4	0	0:00:02.806865
780	9	1	1	0	0:00:02.805425
800	7	7	7	1	0:00:02.794047
820	6	8	8	0	0:00:02.874634
840	7	7	7	1	0:00:02.797130
860	4	2	2	0	0:00:02.810605
880	8	8	8	1	0:00:02.784587
900	2	6	4	0	0:00:02.784462
920	6	6	3	1	0:00:02.877612
940	9	9	9	1	0:00:02.865730
960	9	9	8	1	0:00:02.833428
980	2	6	4	0	0:00:02.797308
1000	5	5	5	1	0:00:02.133064
1020	1	1	8	1	0:00:02.082474
1040	7	5	5	0	0:00:02.095665
1060	9	9	4	1	0:00:02.070237
1080	6	6	2	1	0:00:02.068741
1100	7	0	8	0	0:00:02.070094
1120	5	2	2	0	0:00:02.073459
1140	6	4	4	0	0:00:02.065470
1160	8	0	0	0	0:00:02.062628
1180	3	3	3	1	0:00:02.104925
1200	8	0	0	0	0:00:02.123197
1220	9	6	6	0	0:00:02.115153
1240	2	6	6	0	0:00:02.076252
1260	1	9	9	0	0:00:02.073440
1280	3	5	5	0	0:00:02.070954
1300	4	3	3	0	0:00:02.064808
1320	7	2	2	0	0:00:02.077293
1340	1	1	1	1	0:00:02.065768
1360	7	7	2	1	0:00:02.088366
1380	4	5	5	0	0:00:02.096438
1400	5	3	3	0	0:00:02.084259
1420	4	7	7	0	0:00:02.064353
1440	0	8	8	0	0:00:02.076354
1460	6	6	2	1	0:00:02.063338
1480	1	5	5	0	0:00:02.073462
1500	1	1	1	1	0:00:02.063345
1520	7	7	2	1	0:00:02.062913
1540	8	8	8	1	0:00:02.078042
1560	7	7	7	1	0:00:02.073175
1580	6	1	3	0	0:00:02.073324
1600	8	6	6	0	0:00:02.072815
1620	5	8	8	0	0:00:02.058598
1640	7	3	3	0	0:00:02.064090
1660	3	5	5	0	0:00:02.076220
1680	6	6	3	1	0:00:02.077308
1700	5	2	2	0	0:00:02.064412
1720	4	2	2	0	0:00:02.067650
1740	1	9	9	0	0:00:02.067653
1760	0	8	8	0	0:00:02.061148
1780	7	7	2	1	0:00:02.063929
1800	4	0	8	0	0:00:02.070522
1820	8	9	9	0	0:00:02.079772
1840	8	4	4	0	0:00:02.072249
1860	8	8	3	1	0:00:02.077834
1880	1	1	8	1	0:00:02.067858
1900	8	8	8	1	0:00:02.075498
1920	2	2	2	1	0:00:02.065520
1940	5	2	2	0	0:00:02.093113
1960	2	5	5	0	0:00:02.069530
1980	9	9	9	1	0:00:02.080272
2000	1	6	2	0	0:00:02.064202
2020	9	9	9	1	0:00:02.063670
2040	0	0	8	1	0:00:02.070837
2060	5	3	3	0	0:00:02.075005
2080	1	9	9	0	0:00:02.066574
2100	2	-1	2	0	0:00:02.065468
2120	4	8	8	0	0:00:02.065089
2140	9	9	9	1	0:00:02.068890
2160	0	8	8	0	0:00:02.068985
2180	4	4	4	1	0:00:02.065797
2200	0	2	2	0	0:00:02.062644
2220	1	1	8	1	0:00:02.068371
2240	9	1	8	0	0:00:02.070217
2260	4	4	3	1	0:00:02.072457
2280	4	3	3	0	0:00:02.080573
2300	3	-1	2	0	0:00:02.069160
2320	5	2	2	0	0:00:02.067150
2340	7	7	7	1	0:00:02.077986
2360	7	5	5	0	0:00:02.067085
2380	8	8	8	1	0:00:02.084551
2400	0	-1	4	0	0:00:02.072296
2420	8	5	5	0	0:00:02.108464
2440	7	7	0	1	0:00:02.070964
2460	9	7	7	0	0:00:02.068347
2480	8	8	8	1	0:00:02.079509
2500	4	2	2	0	0:00:02.058275
2520	1	1	7	1	0:00:02.072940
2540	2	5	5	0	0:00:02.075142
2560	7	-1	4	0	0:00:02.069425
2580	6	5	5	0	0:00:02.075544
2600	8	8	8	1	0:00:02.062893
2620	1	1	8	1	0:00:02.060786
2640	7	7	4	1	0:00:02.068438
2660	3	2	2	0	0:00:02.073269
2680	0	0	0	1	0:00:02.079815
2700	9	1	1	0	0:00:02.072457
2720	3	3	2	1	0:00:02.075617
2740	1	1	7	1	0:00:02.082132
2760	2	2	2	1	0:00:02.079309
2780	7	7	5	1	0:00:02.084652
2800	4	6	6	0	0:00:02.074822
2820	6	6	2	1	0:00:02.079370
2840	3	3	3	1	0:00:02.083926
2860	5	6	6	0	0:00:02.081671
2880	4	4	4	1	0:00:02.101552
2900	3	5	2	0	0:00:02.143797
2920	2	3	3	0	0:00:02.162549
2940	3	0	0	0	0:00:02.138489
2960	9	9	8	1	0:00:02.120546
2980	8	1	1	0	0:00:02.140068
3000	5	5	5	1	0:00:02.159549
3020	1	1	8	1	0:00:02.161037
3040	7	7	7	1	0:00:02.087701
3060	7	7	5	1	0:00:02.111746
3080	1	1	2	1	0:00:02.078901
3100	0	0	8	1	0:00:02.075047
3120	4	2	2	0	0:00:02.077564
3140	8	8	8	1	0:00:02.069502
3160	6	2	2	0	0:00:02.073479
3180	3	3	5	1	0:00:02.075035
3200	5	7	7	0	0:00:02.073376
3220	3	-1	6	0	0:00:02.069724
3240	4	1	8	0	0:00:02.076138
3260	7	7	6	1	0:00:02.064794
3280	3	5	0	0	0:00:02.067943
3300	4	4	2	1	0:00:02.067811
3320	2	7	7	0	0:00:02.067058
3340	6	6	2	1	0:00:02.072658
3360	4	6	6	0	0:00:02.071086
3380	8	8	8	1	0:00:02.065398
3400	6	4	4	0	0:00:02.069550
3420	5	3	3	0	0:00:02.084863
3440	2	3	3	0	0:00:02.071257
3460	1	1	9	1	0:00:02.068975
3480	2	2	2	1	0:00:02.068266
3500	1	9	9	0	0:00:02.084482
3520	1	1	1	1	0:00:02.067931
3540	6	6	3	1	0:00:02.073411
3560	1	9	7	0	0:00:02.077648
3580	4	2	2	0	0:00:02.070330
3600	4	2	2	0	0:00:02.071704
3620	0	6	6	0	0:00:02.065891
3640	6	2	2	0	0:00:02.075181
3660	0	0	8	1	0:00:02.083839
3680	0	4	6	0	0:00:02.083451
3700	3	3	5	1	0:00:02.108328
3720	2	2	2	1	0:00:02.072032
3740	0	0	8	1	0:00:02.067501
3760	7	7	4	1	0:00:02.063647
3780	4	2	2	0	0:00:02.066396
3800	9	9	3	1	0:00:02.068016
3820	0	2	2	0	0:00:02.068423
3840	6	3	3	0	0:00:02.071953
3860	7	7	7	1	0:00:02.083131
3880	6	4	4	0	0:00:02.063419
3900	3	6	6	0	0:00:02.066678
3920	7	5	5	0	0:00:02.079024
3940	6	5	4	0	0:00:02.086033
3960	2	2	2	1	0:00:02.068481
3980	9	7	7	0	0:00:02.065002
4000	8	7	0	0	0:00:02.068738
4020	8	9	8	0	0:00:02.070708
4040	0	0	0	1	0:00:02.067476
4060	6	-1	3	0	0:00:02.074032
4080	1	1	8	1	0:00:02.070062
4100	7	7	7	1	0:00:02.057049
4120	4	4	8	1	0:00:02.070117
4140	5	5	2	1	0:00:02.058123
4160	5	2	2	0	0:00:02.063085
4180	0	8	8	0	0:00:02.072012
4200	4	2	2	0	0:00:02.067528
4220	4	0	0	0	0:00:02.061726
4240	7	0	8	0	0:00:02.079592
4260	8	8	8	1	0:00:02.081507
4280	8	1	1	0	0:00:02.071778
4300	8	8	8	1	0:00:02.062587
4320	1	8	8	0	0:00:02.068200
4340	0	0	0	1	0:00:02.066651
4360	6	9	9	0	0:00:02.068983
4380	9	8	8	0	0:00:02.066107
4400	3	4	4	0	0:00:02.074002
4420	5	5	7	1	0:00:02.072121
4440	2	2	2	1	0:00:02.069309
4460	9	-1	8	0	0:00:02.069013
4480	9	9	3	1	0:00:02.072158
4500	3	5	5	0	0:00:02.095111
4520	3	6	6	0	0:00:02.160399
4540	9	9	9	1	0:00:02.171128
4560	1	1	8	1	0:00:02.146188
4580	6	4	4	0	0:00:02.074721
4600	4	7	7	0	0:00:02.087428
4620	7	3	3	0	0:00:02.067191
4640	2	2	2	1	0:00:02.074005
4660	7	4	6	0	0:00:02.087090
4680	9	1	1	0	0:00:02.073106
4700	6	5	5	0	0:00:02.081800
4720	8	0	0	0	0:00:02.075714
4740	5	3	3	0	0:00:02.079522
4760	3	2	2	0	0:00:02.067631
4780	0	0	8	1	0:00:02.071370
4800	9	9	9	1	0:00:02.085170
4820	3	3	7	1	0:00:02.086179
4840	0	0	0	1	0:00:02.071765
4860	5	5	3	1	0:00:02.079144
4880	0	8	2	0	0:00:02.063561
4900	3	6	6	0	0:00:02.067269
4920	7	7	7	1	0:00:02.058939
4940	6	4	2	0	0:00:02.065163
4960	4	3	3	0	0:00:02.065926
4980	1	9	0	0	0:00:02.084152
5000	7	7	7	1	0:00:02.075360
5020	8	8	8	1	0:00:02.078544
5040	3	1	2	0	0:00:02.084615
5060	6	2	2	0	0:00:02.064626
5080	7	7	7	1	0:00:02.075838
5100	3	3	3	1	0:00:02.064793
5120	9	-1	8	0	0:00:02.057312
5140	8	8	8	1	0:00:02.064609
5160	0	0	8	1	0:00:02.056376
5180	9	7	4	0	0:00:02.070136
5200	3	3	3	1	0:00:02.110831
5220	0	0	8	1	0:00:02.084138
5240	1	9	4	0	0:00:02.092162
5260	0	0	0	1	0:00:02.073828
5280	0	8	8	0	0:00:02.067398
5300	9	9	5	1	0:00:02.061201
5320	7	7	7	1	0:00:02.071081
5340	3	4	4	0	0:00:02.065403
5360	9	9	3	1	0:00:02.064570
5380	1	9	9	0	0:00:02.063095
5400	9	9	8	1	0:00:02.092964
5420	6	6	3	1	0:00:02.117744
5440	9	9	9	1	0:00:02.106371
5460	0	0	0	1	0:00:02.069673
5480	1	1	4	1	0:00:02.067555
5500	8	8	8	1	0:00:02.065442
5520	4	3	3	0	0:00:02.058816
5540	5	6	4	0	0:00:02.069261
5560	3	5	5	0	0:00:02.068482
5580	5	3	3	0	0:00:02.081626
5600	6	-1	4	0	0:00:02.068473
5620	3	6	6	0	0:00:02.061275
5640	2	-1	2	0	0:00:02.063354
5660	9	8	8	0	0:00:02.060358
5680	2	3	3	0	0:00:02.066770
5700	3	5	5	0	0:00:02.065353
5720	9	9	9	1	0:00:02.067958
5740	6	6	5	1	0:00:02.061856
5760	2	2	8	1	0:00:02.085247
5780	7	7	7	1	0:00:02.062751
5800	2	4	4	0	0:00:02.067864
5820	5	-1	2	0	0:00:02.060936
5840	2	2	5	1	0:00:02.065138
5860	0	8	8	0	0:00:02.071541
5880	0	0	8	1	0:00:02.066613
5900	4	0	0	0	0:00:02.070480
5920	8	8	8	1	0:00:02.062189
5940	7	4	4	0	0:00:02.060507
5960	2	6	6	0	0:00:02.057926
5980	9	9	2	1	0:00:02.075528
6000	8	9	4	0	0:00:02.074601
6020	6	6	2	1	0:00:02.069828
6040	2	7	7	0	0:00:02.059504
6060	3	4	2	0	0:00:02.062185
6080	1	9	9	0	0:00:02.059043
6100	1	1	8	1	0:00:02.065834
6120	5	5	3	1	0:00:02.065330
6140	9	9	1	1	0:00:02.059693
6160	2	5	5	0	0:00:02.066907
6180	0	0	2	1	0:00:02.055908
6200	3	3	2	1	0:00:02.058675
6220	2	5	5	0	0:00:02.060726
6240	2	1	4	0	0:00:02.065001
6260	2	6	6	0	0:00:02.063838
6280	8	5	5	0	0:00:02.062383
6300	1	1	2	1	0:00:02.058157
6320	0	0	8	1	0:00:02.063534
6340	3	3	3	1	0:00:02.088604
6360	2	4	2	0	0:00:02.110842
6380	3	7	4	0	0:00:02.125505
6400	0	8	8	0	0:00:02.123684
6420	7	7	7	1	0:00:02.074536
6440	3	0	4	0	0:00:02.083827
6460	3	1	3	0	0:00:02.088039
6480	0	0	2	1	0:00:02.116004
6500	7	8	8	0	0:00:02.069562
6520	6	2	2	0	0:00:02.104294
6540	8	8	8	1	0:00:02.112118
6560	6	6	2	1	0:00:02.127995
6580	1	7	4	0	0:00:02.091112
6600	7	7	7	1	0:00:02.070534
6620	7	7	3	1	0:00:02.056546
6640	5	3	3	0	0:00:02.060610
6660	0	0	8	1	0:00:02.058200
6680	3	5	2	0	0:00:02.060289
6700	6	0	0	0	0:00:02.062365
6720	2	-1	4	0	0:00:02.080185
6740	2	2	6	1	0:00:02.066157
6760	5	5	3	1	0:00:02.069246
6780	7	7	7	1	0:00:02.065443
6800	6	4	2	0	0:00:02.070452
6820	1	1	1	1	0:00:02.071397
6840	9	9	1	1	0:00:02.061142
6860	0	2	2	0	0:00:02.064739
6880	2	7	7	0	0:00:02.067287
6900	3	7	7	0	0:00:02.082170
6920	5	2	2	0	0:00:02.078403
6940	1	1	1	1	0:00:02.117070
6960	9	8	8	0	0:00:02.106393
6980	0	8	8	0	0:00:02.113441
7000	2	8	8	0	0:00:02.124729
7020	7	7	7	1	0:00:02.129941
7040	7	8	8	0	0:00:02.120954
7060	8	8	8	1	0:00:02.124463
7080	5	4	4	0	0:00:02.123109
7100	9	5	3	0	0:00:02.069032
7120	7	5	5	0	0:00:02.072756
7140	4	3	3	0	0:00:02.116458
7160	5	5	5	1	0:00:02.084774
7180	6	6	3	1	0:00:02.076771
7200	4	2	2	0	0:00:02.068170
7220	9	9	8	1	0:00:02.064192
7240	0	8	8	0	0:00:02.055743
7260	1	1	8	1	0:00:02.061466
7280	1	9	5	0	0:00:02.057266
7300	3	4	4	0	0:00:02.059977
7320	8	0	0	0	0:00:02.061753
7340	2	4	4	0	0:00:02.058388
7360	2	4	4	0	0:00:02.067522
7380	7	7	2	1	0:00:02.063818
7400	3	-1	3	0	0:00:02.062498
7420	3	4	2	0	0:00:02.067893
7440	3	3	2	1	0:00:02.067329
7460	5	5	5	1	0:00:02.063999
7480	1	8	8	0	0:00:02.056922
7500	6	6	6	1	0:00:02.056013
7520	4	4	2	1	0:00:02.063658
7540	5	5	5	1	0:00:02.054719
7560	0	0	4	1	0:00:02.059247
7580	8	8	8	1	0:00:02.069637
7600	8	9	2	0	0:00:02.055979
7620	5	3	4	0	0:00:02.071083
7640	9	8	8	0	0:00:02.082339
7660	7	4	4	0	0:00:02.094841
7680	3	-1	5	0	0:00:02.097065
7700	6	6	4	1	0:00:02.079080
7720	5	2	2	0	0:00:02.108407
7740	4	2	2	0	0:00:02.096387
7760	2	9	6	0	0:00:02.065796
7780	3	8	8	0	0:00:02.077507
7800	0	0	8	1	0:00:02.076329
7820	5	8	8	0	0:00:02.072616
7840	1	1	1	1	0:00:02.070027
7860	8	8	2	1	0:00:02.060524
7880	0	4	2	0	0:00:02.061124
7900	0	8	8	0	0:00:02.058991
7920	9	9	2	1	0:00:02.065079
7940	2	-1	4	0	0:00:02.066396
7960	0	0	8	1	0:00:02.071054
7980	3	3	2	1	0:00:02.067367
8000	9	9	8	1	0:00:02.059240
8020	6	3	3	0	0:00:02.057543
8040	2	2	2	1	0:00:02.063663
8060	6	6	5	1	0:00:02.066121
8080	4	6	2	0	0:00:02.067560
8100	6	2	2	0	0:00:02.071254
8120	8	9	9	0	0:00:02.064618
8140	5	4	4	0	0:00:02.064765
8160	6	6	6	1	0:00:02.053076
8180	4	4	2	1	0:00:02.065399
8200	3	4	4	0	0:00:02.072817
8220	6	7	3	0	0:00:02.069394
8240	7	7	4	1	0:00:02.122198
8260	1	1	1	1	0:00:02.104679
8280	4	5	5	0	0:00:02.124273
8300	5	2	2	0	0:00:02.104568
8320	7	4	4	0	0:00:02.112184
8340	5	3	3	0	0:00:02.075540
8360	7	7	7	1	0:00:02.073567
8380	9	9	8	1	0:00:02.067078
8400	0	8	8	0	0:00:02.065290
8420	3	6	6	0	0:00:02.063818
8440	5	3	2	0	0:00:02.066775
8460	8	8	8	1	0:00:02.071560
8480	2	2	4	1	0:00:02.063276
8500	4	4	2	1	0:00:02.081146
8520	8	-1	8	0	0:00:02.075131
8540	4	2	2	0	0:00:02.068716
8560	7	7	4	1	0:00:02.078444
8580	3	2	2	0	0:00:02.070862
8600	3	2	4	0	0:00:02.079103
8620	3	4	4	0	0:00:02.071663
8640	1	1	8	1	0:00:02.068235
8660	7	7	7	1	0:00:02.069504
8680	3	8	8	0	0:00:02.067242
8700	3	7	7	0	0:00:02.070578
8720	2	0	0	0	0:00:02.078718
8740	2	2	5	1	0:00:02.082174
8760	8	8	8	1	0:00:02.072591
8780	4	4	2	1	0:00:02.074207
8800	0	0	2	1	0:00:02.067038
8820	2	2	2	1	0:00:02.064184
8840	2	7	7	0	0:00:02.068693
8860	2	2	6	1	0:00:02.068452
8880	1	1	4	1	0:00:02.076660
8900	2	4	4	0	0:00:02.080522
8920	6	6	2	1	0:00:02.076360
8940	6	3	3	0	0:00:02.068659
8960	0	0	2	1	0:00:02.060487
8980	9	9	9	1	0:00:02.073519
9000	8	8	8	1	0:00:02.064702
9020	7	7	7	1	0:00:02.064529
9040	2	5	3	0	0:00:02.096792
9060	9	9	3	1	0:00:02.069036
9080	3	2	2	0	0:00:02.066886
9100	9	-1	3	0	0:00:02.071526
9120	3	0	0	0	0:00:02.067659
9140	7	6	2	0	0:00:02.069974
9160	5	3	3	0	0:00:02.074573
9180	5	5	5	1	0:00:02.063359
9200	8	8	8	1	0:00:02.063352
9220	8	8	8	1	0:00:02.061146
9240	8	8	8	1	0:00:02.066090
9260	5	5	5	1	0:00:02.059181
9280	9	8	8	0	0:00:02.051390
9300	5	2	2	0	0:00:02.064049
9320	9	9	8	1	0:00:02.056571
9340	1	1	1	1	0:00:02.058453
9360	5	0	0	0	0:00:02.056208
9380	5	3	3	0	0:00:02.052201
9400	6	6	2	1	0:00:02.067211
9420	5	5	5	1	0:00:02.061539
9440	8	8	8	1	0:00:02.078108
9460	3	7	7	0	0:00:02.082473
9480	2	4	4	0	0:00:02.078463
9500	9	9	5	1	0:00:02.083071
9520	1	1	1	1	0:00:02.070266
9540	5	3	3	0	0:00:02.067564
9560	9	7	5	0	0:00:02.111449
9580	1	1	4	1	0:00:02.077126
9600	8	0	8	0	0:00:02.064305
9620	4	4	4	1	0:00:02.071145
9640	5	2	2	0	0:00:02.092296
9660	6	6	6	1	0:00:02.063782
9680	8	8	8	1	0:00:02.067057
9700	0	0	6	1	0:00:02.069397
9720	8	1	4	0	0:00:02.061943
9740	3	6	2	0	0:00:02.066130
9760	9	3	3	0	0:00:02.063442
9780	4	2	2	0	0:00:02.068056
9800	1	1	1	1	0:00:02.065420
9820	0	8	8	0	0:00:02.064875
9840	4	5	3	0	0:00:02.066785
9860	0	5	5	0	0:00:02.062286
9880	7	8	3	0	0:00:02.063138
9900	8	8	8	1	0:00:02.064789
9920	6	6	4	1	0:00:02.065867
9940	4	5	3	0	0:00:02.063968
9960	2	0	0	0	0:00:02.059953
9980	0	0	0	1	0:00:02.065038
