idx	label	predict	basePredict	correct	time
0	3	3	3	1	0:00:16.876919
20	7	9	9	0	0:00:16.256319
40	4	4	4	1	0:00:16.257159
60	7	7	7	1	0:00:16.268076
80	8	8	8	1	0:00:16.253380
100	4	5	5	0	0:00:16.268513
120	8	9	8	0	0:00:16.244866
140	6	6	6	1	0:00:16.259476
160	2	2	2	1	0:00:16.313075
180	0	0	0	1	0:00:16.260071
200	5	5	5	1	0:00:16.263175
220	7	7	7	1	0:00:16.277371
240	1	1	1	1	0:00:16.252006
260	8	-1	5	0	0:00:16.282676
280	9	9	9	1	0:00:16.251231
300	6	6	6	1	0:00:16.261402
320	3	5	5	0	0:00:16.247554
340	2	6	6	0	0:00:16.262860
360	9	7	7	0	0:00:16.264664
380	6	6	4	1	0:00:16.264480
400	9	9	9	1	0:00:16.255994
420	4	4	4	1	0:00:16.281479
440	1	1	1	1	0:00:16.253880
460	5	5	5	1	0:00:16.372585
480	8	9	9	0	0:00:16.279328
500	4	6	6	0	0:00:16.284508
520	5	5	5	1	0:00:16.256755
540	1	1	1	1	0:00:16.273867
560	0	0	0	1	0:00:16.272225
580	4	6	4	0	0:00:16.261250
600	8	8	8	1	0:00:16.259954
620	7	7	7	1	0:00:16.253604
640	5	3	3	0	0:00:16.284612
660	9	9	9	1	0:00:16.253006
680	9	9	1	1	0:00:16.266822
700	7	7	7	1	0:00:16.282642
720	4	7	9	0	0:00:16.250163
740	2	5	5	0	0:00:16.277482
760	3	7	3	0	0:00:16.250136
780	9	9	9	1	0:00:16.270909
800	7	7	7	1	0:00:16.263907
820	6	1	1	0	0:00:16.263215
840	7	7	7	1	0:00:16.258021
860	4	4	4	1	0:00:16.252223
880	8	8	8	1	0:00:16.250273
900	2	6	6	0	0:00:16.266849
920	6	6	6	1	0:00:16.247355
940	9	9	9	1	0:00:16.293697
960	9	3	3	0	0:00:16.248169
980	2	6	6	0	0:00:16.271053
1000	5	5	5	1	0:00:15.568362
1020	1	1	1	1	0:00:15.576983
1040	7	5	5	0	0:00:15.558903
1060	9	9	9	1	0:00:15.578763
1080	6	6	2	1	0:00:15.557518
1100	7	8	8	0	0:00:15.559763
1120	5	2	2	0	0:00:15.551567
1140	6	6	4	1	0:00:15.567515
1160	8	8	8	1	0:00:15.566665
1180	3	3	3	1	0:00:15.567373
1200	8	5	8	0	0:00:15.544159
1220	9	6	6	0	0:00:15.565002
1240	2	6	6	0	0:00:15.552229
1260	1	9	9	0	0:00:15.558849
1280	3	7	5	0	0:00:15.558922
1300	4	3	3	0	0:00:15.552947
1320	7	2	2	0	0:00:15.549637
1340	1	1	1	1	0:00:15.567239
1360	7	7	7	1	0:00:15.548823
1380	4	5	5	0	0:00:15.552163
1400	5	6	5	0	0:00:15.548503
1420	4	7	7	0	0:00:15.553451
1440	0	8	8	0	0:00:15.541540
1460	6	6	6	1	0:00:15.568746
1480	1	1	1	1	0:00:15.550692
1500	1	1	1	1	0:00:15.563149
1520	7	7	7	1	0:00:15.551663
1540	8	8	8	1	0:00:15.559134
1560	7	7	7	1	0:00:15.556291
1580	6	1	1	0	0:00:15.560745
1600	8	9	1	0	0:00:15.549531
1620	5	4	4	0	0:00:15.572598
1640	7	3	3	0	0:00:15.553101
1660	3	3	5	1	0:00:15.554570
1680	6	6	6	1	0:00:15.553794
1700	5	5	2	1	0:00:15.561916
1720	4	4	4	1	0:00:15.557616
1740	1	9	9	0	0:00:15.555202
1760	0	8	8	0	0:00:15.549131
1780	7	9	9	0	0:00:15.564071
1800	4	0	8	0	0:00:15.542130
1820	8	9	9	0	0:00:15.559407
1840	8	9	7	0	0:00:15.541856
1860	8	8	8	1	0:00:15.568956
1880	1	1	1	1	0:00:15.550133
1900	8	8	8	1	0:00:15.560372
1920	2	2	2	1	0:00:15.548701
1940	5	5	5	1	0:00:15.562818
1960	2	5	5	0	0:00:15.545184
1980	9	9	9	1	0:00:15.553785
2000	1	6	1	0	0:00:15.545812
2020	9	9	9	1	0:00:15.561611
2040	0	0	0	1	0:00:15.553473
2060	5	3	3	0	0:00:15.559582
2080	1	9	9	0	0:00:15.553320
2100	2	7	7	0	0:00:15.551523
2120	4	8	8	0	0:00:15.547711
2140	9	9	9	1	0:00:15.562022
2160	0	8	8	0	0:00:15.544029
2180	4	4	4	1	0:00:15.545838
2200	0	0	0	1	0:00:15.542484
2220	1	1	1	1	0:00:15.556028
2240	9	9	1	1	0:00:15.550110
2260	4	7	7	0	0:00:15.552811
2280	4	3	3	0	0:00:15.546334
2300	3	6	4	0	0:00:15.552616
2320	5	2	2	0	0:00:15.552945
2340	7	7	7	1	0:00:15.563637
2360	7	7	7	1	0:00:15.562511
2380	8	8	8	1	0:00:15.563805
2400	0	0	0	1	0:00:15.559191
2420	8	5	5	0	0:00:15.551892
2440	7	7	7	1	0:00:15.552492
2460	9	3	3	0	0:00:15.563989
2480	8	0	8	0	0:00:15.547916
2500	4	6	2	0	0:00:15.549097
2520	1	3	3	0	0:00:15.547373
2540	2	3	3	0	0:00:15.557068
2560	7	7	5	1	0:00:15.544316
2580	6	6	6	1	0:00:15.553311
2600	8	8	8	1	0:00:15.541085
2620	1	1	8	1	0:00:15.560398
2640	7	7	7	1	0:00:15.546997
2660	3	2	2	0	0:00:15.559533
2680	0	0	0	1	0:00:15.553721
2700	9	1	1	0	0:00:15.562785
2720	3	3	3	1	0:00:15.547459
2740	1	1	1	1	0:00:15.555184
2760	2	2	2	1	0:00:15.545954
2780	7	7	7	1	0:00:15.555832
2800	4	6	4	0	0:00:15.541461
2820	6	6	6	1	0:00:15.551449
2840	3	3	3	1	0:00:15.546415
2860	5	7	6	0	0:00:15.552529
2880	4	4	4	1	0:00:15.540385
2900	3	5	5	0	0:00:15.561739
2920	2	3	3	0	0:00:15.544258
2940	3	0	0	0	0:00:15.567997
2960	9	9	9	1	0:00:15.545132
2980	8	8	8	1	0:00:15.574161
3000	5	5	5	1	0:00:15.548525
3020	1	1	1	1	0:00:15.564666
3040	7	7	7	1	0:00:15.555325
3060	7	7	7	1	0:00:15.556580
3080	1	1	1	1	0:00:15.556369
3100	0	0	0	1	0:00:15.567476
3120	4	6	6	0	0:00:15.558328
3140	8	8	8	1	0:00:15.550193
3160	6	2	2	0	0:00:15.547010
3180	3	3	3	1	0:00:15.560349
3200	5	5	5	1	0:00:15.554396
3220	3	9	9	0	0:00:15.555821
3240	4	1	3	0	0:00:15.547924
3260	7	7	7	1	0:00:15.556606
3280	3	5	5	0	0:00:15.547869
3300	4	2	2	0	0:00:15.552442
3320	2	7	7	0	0:00:15.557634
3340	6	6	6	1	0:00:15.567434
3360	4	6	3	0	0:00:15.548260
3380	8	8	8	1	0:00:15.550726
3400	6	4	4	0	0:00:15.547636
3420	5	7	7	0	0:00:15.556164
3440	2	3	3	0	0:00:15.549453
3460	1	1	1	1	0:00:15.554263
3480	2	2	2	1	0:00:15.563670
3500	1	9	9	0	0:00:15.556755
3520	1	1	1	1	0:00:15.549139
3540	6	6	6	1	0:00:15.560318
3560	1	9	9	0	0:00:15.549486
3580	4	2	2	0	0:00:15.559146
3600	4	2	2	0	0:00:15.552035
3620	0	6	5	0	0:00:15.567426
3640	6	2	6	0	0:00:15.553069
3660	0	8	8	0	0:00:15.557742
3680	0	2	2	0	0:00:15.547690
3700	3	5	5	0	0:00:15.561006
3720	2	2	2	1	0:00:15.550944
3740	0	0	8	1	0:00:15.556377
3760	7	7	7	1	0:00:15.561234
3780	4	4	4	1	0:00:15.557554
3800	9	9	9	1	0:00:15.551077
3820	0	2	0	0	0:00:15.565183
3840	6	8	8	0	0:00:15.551072
3860	7	7	7	1	0:00:15.563748
3880	6	4	4	0	0:00:15.543564
3900	3	6	6	0	0:00:15.556525
3920	7	9	9	0	0:00:15.561716
3940	6	7	4	0	0:00:15.554190
3960	2	2	2	1	0:00:15.550300
3980	9	6	6	0	0:00:15.561243
4000	8	7	9	0	0:00:15.561550
4020	8	8	8	1	0:00:15.560980
4040	0	0	0	1	0:00:15.554146
4060	6	6	3	1	0:00:15.555768
4080	1	1	1	1	0:00:15.549409
4100	7	7	7	1	0:00:15.570348
4120	4	4	4	1	0:00:15.551909
4140	5	5	5	1	0:00:15.561944
4160	5	5	5	1	0:00:15.558727
4180	0	8	8	0	0:00:15.562339
4200	4	4	2	1	0:00:15.544182
4220	4	0	0	0	0:00:15.553840
4240	7	8	8	0	0:00:15.561455
4260	8	8	8	1	0:00:15.560386
4280	8	9	9	0	0:00:15.549705
4300	8	8	8	1	0:00:15.555278
4320	1	8	8	0	0:00:15.558734
4340	0	0	0	1	0:00:15.554929
4360	6	9	9	0	0:00:15.551538
4380	9	9	9	1	0:00:15.569086
4400	3	6	4	0	0:00:15.548917
4420	5	7	7	0	0:00:15.561021
4440	2	-1	3	0	0:00:15.547960
4460	9	9	9	1	0:00:15.568230
4480	9	9	9	1	0:00:15.563762
4500	3	5	5	0	0:00:15.565807
4520	3	6	6	0	0:00:15.544870
4540	9	9	9	1	0:00:15.554691
4560	1	1	1	1	0:00:15.554570
4580	6	6	4	1	0:00:15.552320
4600	4	2	2	0	0:00:15.551072
4620	7	3	3	0	0:00:15.566801
4640	2	2	2	1	0:00:15.552785
4660	7	6	7	0	0:00:15.568448
4680	9	9	9	1	0:00:15.559398
4700	6	5	5	0	0:00:15.565447
4720	8	0	0	0	0:00:15.548675
4740	5	3	3	0	0:00:15.571860
4760	3	2	2	0	0:00:15.546151
4780	0	0	0	1	0:00:15.558573
4800	9	9	9	1	0:00:15.561071
4820	3	5	5	0	0:00:15.562084
4840	0	0	0	1	0:00:15.545873
4860	5	5	5	1	0:00:15.568540
4880	0	7	7	0	0:00:15.547332
4900	3	6	6	0	0:00:15.557925
4920	7	7	7	1	0:00:15.548404
4940	6	6	4	1	0:00:15.558567
4960	4	3	3	0	0:00:15.553870
4980	1	9	9	0	0:00:15.558981
5000	7	7	7	1	0:00:15.550826
5020	8	8	8	1	0:00:15.567584
5040	3	3	3	1	0:00:15.554212
5060	6	6	2	1	0:00:15.558702
5080	7	7	4	1	0:00:15.557369
5100	3	3	3	1	0:00:15.574652
5120	9	9	9	1	0:00:15.566125
5140	8	8	8	1	0:00:15.565324
5160	0	0	0	1	0:00:15.551217
5180	9	7	7	0	0:00:15.560501
5200	3	3	3	1	0:00:15.551211
5220	0	0	0	1	0:00:15.561195
5240	1	9	9	0	0:00:15.552453
5260	0	0	0	1	0:00:15.553217
5280	0	8	8	0	0:00:15.558051
5300	9	9	9	1	0:00:15.557939
5320	7	7	7	1	0:00:15.552960
5340	3	5	5	0	0:00:15.555428
5360	9	9	9	1	0:00:15.566717
5380	1	9	9	0	0:00:15.565982
5400	9	9	9	1	0:00:15.548492
5420	6	6	6	1	0:00:15.554942
5440	9	9	9	1	0:00:15.549131
5460	0	6	6	0	0:00:15.561703
5480	1	1	1	1	0:00:15.560498
5500	8	1	8	0	0:00:15.555107
5520	4	3	3	0	0:00:15.550206
5540	5	6	6	0	0:00:15.550931
5560	3	6	6	0	0:00:15.546858
5580	5	6	6	0	0:00:15.562824
5600	6	9	4	0	0:00:15.539357
5620	3	2	2	0	0:00:15.557209
5640	2	3	3	0	0:00:15.560053
5660	9	9	9	1	0:00:15.551998
5680	2	3	3	0	0:00:15.540425
5700	3	5	5	0	0:00:15.562628
5720	9	9	9	1	0:00:15.548242
5740	6	4	4	0	0:00:15.545915
5760	2	2	2	1	0:00:15.534171
5780	7	7	7	1	0:00:15.594473
5800	2	2	2	1	0:00:15.547996
5820	5	6	6	0	0:00:15.558059
5840	2	5	5	0	0:00:15.542901
5860	0	0	8	1	0:00:15.559136
5880	0	0	0	1	0:00:15.547893
5900	4	0	5	0	0:00:15.549302
5920	8	8	8	1	0:00:15.547883
5940	7	6	6	0	0:00:15.574712
5960	2	6	6	0	0:00:15.555335
5980	9	9	9	1	0:00:15.560693
6000	8	9	8	0	0:00:15.552423
6020	6	6	6	1	0:00:15.553591
6040	2	7	7	0	0:00:15.549508
6060	3	6	4	0	0:00:15.552429
6080	1	1	1	1	0:00:15.546955
6100	1	1	1	1	0:00:15.557520
6120	5	5	5	1	0:00:15.545704
6140	9	9	9	1	0:00:15.566193
6160	2	5	5	0	0:00:15.544311
6180	0	9	9	0	0:00:15.563101
6200	3	3	3	1	0:00:15.546342
6220	2	5	5	0	0:00:15.560997
6240	2	0	0	0	0:00:15.549031
6260	2	1	1	0	0:00:15.552768
6280	8	5	5	0	0:00:15.545962
6300	1	1	1	1	0:00:15.558064
6320	0	0	0	1	0:00:15.550887
6340	3	7	3	0	0:00:15.558604
6360	2	6	2	0	0:00:15.537190
6380	3	6	4	0	0:00:15.555712
6400	0	8	0	0	0:00:15.548406
6420	7	7	7	1	0:00:15.554572
6440	3	6	8	0	0:00:15.540216
6460	3	5	5	0	0:00:15.563538
6480	0	2	2	0	0:00:15.553896
6500	7	6	6	0	0:00:15.562238
6520	6	6	2	1	0:00:15.547786
6540	8	8	8	1	0:00:15.556277
6560	6	6	6	1	0:00:15.552661
6580	1	7	3	0	0:00:15.550384
6600	7	7	7	1	0:00:15.555593
6620	7	7	7	1	0:00:15.567809
6640	5	3	3	0	0:00:15.546327
6660	0	0	0	1	0:00:15.555032
6680	3	3	5	1	0:00:15.547263
6700	6	6	6	1	0:00:15.550853
6720	2	4	4	0	0:00:15.552347
6740	2	6	4	0	0:00:15.551011
6760	5	5	3	1	0:00:15.544341
6780	7	7	7	1	0:00:15.556249
6800	6	4	4	0	0:00:15.548031
6820	1	1	1	1	0:00:15.559641
6840	9	9	9	1	0:00:15.544044
6860	0	0	0	1	0:00:15.553649
6880	2	2	2	1	0:00:15.548667
6900	3	3	3	1	0:00:15.552181
6920	5	2	4	0	0:00:15.540869
6940	1	1	1	1	0:00:15.558540
6960	9	8	8	0	0:00:15.542261
6980	0	1	1	0	0:00:15.548438
7000	2	0	8	0	0:00:15.541546
7020	7	7	7	1	0:00:15.554709
7040	7	1	8	0	0:00:15.539515
7060	8	8	8	1	0:00:15.551888
7080	5	4	4	0	0:00:15.536970
7100	9	2	2	0	0:00:15.562175
7120	7	7	7	1	0:00:15.543194
7140	4	7	7	0	0:00:15.547682
7160	5	5	5	1	0:00:15.536737
7180	6	6	6	1	0:00:15.555967
7200	4	6	6	0	0:00:15.536975
7220	9	0	0	0	0:00:15.550222
7240	0	8	8	0	0:00:15.535866
7260	1	1	1	1	0:00:15.557610
7280	1	0	0	0	0:00:15.536748
7300	3	4	4	0	0:00:15.544776
7320	8	0	0	0	0:00:15.540370
7340	2	4	4	0	0:00:15.571917
7360	2	7	7	0	0:00:15.537155
7380	7	7	7	1	0:00:15.544516
7400	3	9	9	0	0:00:15.563756
7420	3	2	2	0	0:00:15.549624
7440	3	3	3	1	0:00:15.547534
7460	5	5	5	1	0:00:15.544904
7480	1	9	8	0	0:00:15.542475
7500	6	6	6	1	0:00:15.554397
7520	4	4	4	1	0:00:15.536502
7540	5	5	5	1	0:00:15.559010
7560	0	6	0	0	0:00:15.548743
7580	8	9	8	0	0:00:15.545814
7600	8	9	9	0	0:00:15.539602
7620	5	3	3	0	0:00:15.557006
7640	9	9	9	1	0:00:15.543457
7660	7	7	7	1	0:00:15.551153
7680	3	9	3	0	0:00:15.546005
7700	6	6	6	1	0:00:15.542399
7720	5	2	2	0	0:00:15.539975
7740	4	6	2	0	0:00:15.544592
7760	2	9	9	0	0:00:15.543940
7780	3	9	9	0	0:00:15.546995
7800	0	0	0	1	0:00:15.535479
7820	5	5	5	1	0:00:15.545789
7840	1	1	1	1	0:00:15.545215
7860	8	8	8	1	0:00:15.557836
7880	0	0	0	1	0:00:15.547385
7900	0	2	2	0	0:00:15.552195
7920	9	1	1	0	0:00:15.539258
7940	2	6	6	0	0:00:15.548706
7960	0	0	0	1	0:00:15.539751
7980	3	3	3	1	0:00:15.547944
8000	9	9	9	1	0:00:15.537066
8020	6	7	7	0	0:00:15.545130
8040	2	2	2	1	0:00:15.538716
8060	6	6	6	1	0:00:15.547016
8080	4	6	6	0	0:00:15.535760
8100	6	2	2	0	0:00:15.559793
8120	8	9	8	0	0:00:15.549387
8140	5	4	4	0	0:00:15.551412
8160	6	6	6	1	0:00:15.540586
8180	4	6	4	0	0:00:15.545414
8200	3	0	0	0	0:00:15.543404
8220	6	7	5	0	0:00:15.544376
8240	7	7	7	1	0:00:15.540494
8260	1	1	1	1	0:00:15.550253
8280	4	5	5	0	0:00:15.539489
8300	5	2	2	0	0:00:15.546589
8320	7	7	7	1	0:00:15.534409
8340	5	3	5	0	0:00:15.548741
8360	7	7	7	1	0:00:15.534966
8380	9	9	9	1	0:00:15.552801
8400	0	8	8	0	0:00:15.537416
8420	3	6	6	0	0:00:15.553676
8440	5	3	3	0	0:00:15.546012
8460	8	8	8	1	0:00:15.544525
8480	2	2	2	1	0:00:15.549654
8500	4	4	4	1	0:00:15.552145
8520	8	8	8	1	0:00:15.537062
8540	4	6	2	0	0:00:15.541493
8560	7	7	7	1	0:00:15.570367
8580	3	9	9	0	0:00:15.560764
8600	3	5	5	0	0:00:15.536768
8620	3	2	2	0	0:00:15.548586
8640	1	1	1	1	0:00:15.542060
8660	7	5	5	0	0:00:15.559291
8680	3	6	6	0	0:00:15.539001
8700	3	3	3	1	0:00:15.551454
8720	2	0	0	0	0:00:15.539224
8740	2	4	4	0	0:00:15.549793
8760	8	8	8	1	0:00:15.540454
8780	4	7	4	0	0:00:15.543182
8800	0	0	0	1	0:00:15.540257
8820	2	2	2	1	0:00:15.561376
8840	2	6	2	0	0:00:15.541368
8860	2	2	2	1	0:00:15.548537
8880	1	1	1	1	0:00:15.538159
8900	2	4	4	0	0:00:15.554137
8920	6	6	6	1	0:00:15.544121
8940	6	3	3	0	0:00:15.548994
8960	0	0	0	1	0:00:15.537410
8980	9	9	9	1	0:00:15.550961
9000	8	8	8	1	0:00:15.536846
9020	7	7	7	1	0:00:15.554579
9040	2	5	5	0	0:00:15.541897
9060	9	9	5	1	0:00:15.549657
9080	3	3	6	1	0:00:15.539948
9100	9	1	1	0	0:00:15.557608
9120	3	5	5	0	0:00:15.540973
9140	7	7	7	1	0:00:15.552881
9160	5	5	5	1	0:00:15.535644
9180	5	5	5	1	0:00:15.560137
9200	8	8	8	1	0:00:15.532568
9220	8	8	8	1	0:00:15.551384
9240	8	0	8	0	0:00:15.538017
9260	5	5	5	1	0:00:15.547679
9280	9	8	8	0	0:00:15.542132
9300	5	4	4	0	0:00:15.550535
9320	9	9	9	1	0:00:15.546597
9340	1	1	1	1	0:00:15.557739
9360	5	0	0	0	0:00:15.538776
9380	5	3	3	0	0:00:15.552225
9400	6	6	6	1	0:00:15.552711
9420	5	5	5	1	0:00:15.556734
9440	8	8	8	1	0:00:15.541106
9460	3	7	7	0	0:00:15.556015
9480	2	4	4	0	0:00:15.538746
9500	9	9	9	1	0:00:15.553064
9520	1	1	1	1	0:00:15.541992
9540	5	5	5	1	0:00:15.559247
9560	9	7	7	0	0:00:15.552502
9580	1	1	1	1	0:00:15.555438
9600	8	8	8	1	0:00:15.541641
9620	4	4	4	1	0:00:15.551482
9640	5	5	5	1	0:00:15.544164
9660	6	6	6	1	0:00:15.567668
9680	8	8	8	1	0:00:15.546753
9700	0	0	0	1	0:00:15.549144
9720	8	1	8	0	0:00:15.542669
9740	3	6	6	0	0:00:15.546604
9760	9	7	7	0	0:00:15.538042
9780	4	6	6	0	0:00:15.543137
9800	1	1	1	1	0:00:15.556237
9820	0	8	8	0	0:00:15.550663
9840	4	3	3	0	0:00:15.537107
9860	0	5	5	0	0:00:15.546575
9880	7	8	3	0	0:00:15.546588
9900	8	8	8	1	0:00:15.550635
9920	6	6	6	1	0:00:15.552009
9940	4	4	4	1	0:00:15.558298
9960	2	0	0	0	0:00:15.551654
9980	0	0	0	1	0:00:15.550904
