idx	label	predict	basePredict	correct	time
0	3	6	6	0	0:00:01.233665
20	7	9	9	0	0:00:01.103973
40	4	-1	8	0	0:00:01.092270
60	7	2	2	0	0:00:01.073877
80	8	8	8	1	0:00:01.075747
100	4	5	5	0	0:00:01.064777
120	8	8	8	1	0:00:01.055810
140	6	2	2	0	0:00:01.081780
160	2	0	0	0	0:00:01.055098
180	0	0	0	1	0:00:01.073877
200	5	3	3	0	0:00:01.086692
220	7	7	7	1	0:00:01.065482
240	1	1	1	1	0:00:01.060636
260	8	5	5	0	0:00:01.063034
280	9	9	9	1	0:00:01.057412
300	6	-1	4	0	0:00:01.081965
320	3	-1	4	0	0:00:01.077441
340	2	4	4	0	0:00:01.083259
360	9	6	6	0	0:00:01.077924
380	6	6	6	1	0:00:01.089400
400	9	9	9	1	0:00:01.084740
420	4	6	6	0	0:00:01.070740
440	1	1	2	1	0:00:01.090053
460	5	5	5	1	0:00:01.125911
480	8	9	9	0	0:00:01.060721
500	4	6	6	0	0:00:01.093249
520	5	-1	7	0	0:00:01.066971
540	1	8	8	0	0:00:01.073083
560	0	-1	8	0	0:00:01.021603
580	4	6	6	0	0:00:01.074964
600	8	-1	8	0	0:00:01.053725
620	7	6	6	0	0:00:01.057553
640	5	6	6	0	0:00:01.068619
660	9	9	9	1	0:00:01.064984
680	9	9	9	1	0:00:01.131330
700	7	7	7	1	0:00:01.050411
720	4	9	9	0	0:00:01.008907
740	2	5	5	0	0:00:01.057066
760	3	9	9	0	0:00:01.056287
780	9	-1	0	0	0:00:00.992616
800	7	7	7	1	0:00:01.066269
820	6	9	9	0	0:00:01.004501
840	7	7	7	1	0:00:00.996874
860	4	6	6	0	0:00:01.125334
880	8	8	8	1	0:00:01.039910
900	2	6	6	0	0:00:01.016956
920	6	2	2	0	0:00:01.031255
940	9	-1	6	0	0:00:01.023487
960	9	9	9	1	0:00:01.099859
980	2	6	6	0	0:00:01.052809
1000	5	5	5	1	0:00:00.974513
1020	1	8	8	0	0:00:00.976759
1040	7	5	5	0	0:00:00.991171
1060	9	-1	8	0	0:00:00.983383
1080	6	6	6	1	0:00:00.977206
1100	7	8	8	0	0:00:00.984350
1120	5	2	2	0	0:00:00.966147
1140	6	-1	6	0	0:00:00.969711
1160	8	0	0	0	0:00:00.984895
1180	3	9	9	0	0:00:00.901537
1200	8	0	0	0	0:00:00.907318
1220	9	-1	2	0	0:00:00.941617
1240	2	6	6	0	0:00:00.974249
1260	1	9	9	0	0:00:00.965636
1280	3	7	7	0	0:00:00.970710
1300	4	6	6	0	0:00:00.980328
1320	7	0	0	0	0:00:00.970973
1340	1	1	1	1	0:00:00.948614
1360	7	9	5	0	0:00:00.957321
1380	4	5	5	0	0:00:00.993091
1400	5	4	2	0	0:00:00.931350
1420	4	7	7	0	0:00:00.930751
1440	0	8	8	0	0:00:00.885231
1460	6	-1	6	0	0:00:00.881771
1480	1	-1	7	0	0:00:00.931483
1500	1	9	9	0	0:00:00.926526
1520	7	6	6	0	0:00:00.926232
1540	8	8	8	1	0:00:00.945871
1560	7	7	7	1	0:00:00.947140
1580	6	1	1	0	0:00:00.944507
1600	8	9	6	0	0:00:00.982119
1620	5	8	8	0	0:00:00.961873
1640	7	5	5	0	0:00:00.951335
1660	3	5	5	0	0:00:00.963798
1680	6	6	6	1	0:00:00.981297
1700	5	2	2	0	0:00:00.913828
1720	4	0	0	0	0:00:00.924482
1740	1	9	9	0	0:00:00.934012
1760	0	8	8	0	0:00:00.980740
1780	7	8	8	0	0:00:01.015320
1800	4	8	8	0	0:00:00.986055
1820	8	9	9	0	0:00:01.010374
1840	8	7	7	0	0:00:01.178265
1860	8	8	8	1	0:00:01.022726
1880	1	-1	8	0	0:00:01.035758
1900	8	8	8	1	0:00:01.004613
1920	2	7	4	0	0:00:01.033811
1940	5	2	2	0	0:00:01.010311
1960	2	5	5	0	0:00:01.008371
1980	9	9	9	1	0:00:00.989236
2000	1	6	6	0	0:00:00.992907
2020	9	9	9	1	0:00:01.021272
2040	0	8	8	0	0:00:00.990437
2060	5	5	5	1	0:00:00.989323
2080	1	-1	4	0	0:00:00.982840
2100	2	4	4	0	0:00:00.992054
2120	4	8	8	0	0:00:00.974945
2140	9	-1	1	0	0:00:00.976893
2160	0	8	8	0	0:00:00.977066
2180	4	6	6	0	0:00:00.959186
2200	0	0	0	1	0:00:00.979620
2220	1	1	1	1	0:00:00.951059
2240	9	9	9	1	0:00:00.924870
2260	4	1	4	0	0:00:00.975031
2280	4	8	8	0	0:00:00.971633
2300	3	6	6	0	0:00:00.958213
2320	5	8	8	0	0:00:00.963634
2340	7	-1	7	0	0:00:00.982778
2360	7	7	7	1	0:00:00.991107
2380	8	8	8	1	0:00:00.984091
2400	0	0	0	1	0:00:00.978776
2420	8	5	5	0	0:00:00.992544
2440	7	1	1	0	0:00:00.984599
2460	9	-1	6	0	0:00:00.984259
2480	8	8	8	1	0:00:00.998806
2500	4	6	4	0	0:00:00.992905
2520	1	8	8	0	0:00:00.988621
2540	2	3	3	0	0:00:00.989668
2560	7	-1	4	0	0:00:00.986506
2580	6	4	4	0	0:00:00.956208
2600	8	8	8	1	0:00:00.943739
2620	1	6	6	0	0:00:00.959527
2640	7	7	7	1	0:00:00.999249
2660	3	-1	0	0	0:00:00.993263
2680	0	0	0	1	0:00:00.982780
2700	9	9	0	1	0:00:00.988385
2720	3	8	8	0	0:00:00.999019
2740	1	1	1	1	0:00:00.937495
2760	2	6	6	0	0:00:00.971976
2780	7	7	7	1	0:00:00.957008
2800	4	6	6	0	0:00:00.983875
2820	6	6	6	1	0:00:00.965059
2840	3	3	3	1	0:00:00.980075
2860	5	7	7	0	0:00:01.006959
2880	4	4	4	1	0:00:00.976045
2900	3	5	5	0	0:00:00.979426
2920	2	-1	8	0	0:00:00.983028
2940	3	8	8	0	0:00:01.003991
2960	9	7	7	0	0:00:00.981641
2980	8	1	1	0	0:00:00.981098
3000	5	5	5	1	0:00:00.993721
3020	1	1	1	1	0:00:00.975528
3040	7	7	7	1	0:00:00.989423
3060	7	7	7	1	0:00:00.993456
3080	1	2	2	0	0:00:00.996114
3100	0	0	0	1	0:00:00.987958
3120	4	6	6	0	0:00:01.000026
3140	8	8	8	1	0:00:00.985041
3160	6	4	4	0	0:00:00.993663
3180	3	9	8	0	0:00:00.978810
3200	5	-1	7	0	0:00:00.984154
3220	3	9	9	0	0:00:00.988799
3240	4	1	8	0	0:00:01.004035
3260	7	0	0	0	0:00:00.990360
3280	3	0	0	0	0:00:00.981083
3300	4	4	4	1	0:00:00.985396
3320	2	7	7	0	0:00:00.996057
3340	6	4	4	0	0:00:00.998865
3360	4	6	6	0	0:00:00.984876
3380	8	9	8	0	0:00:01.006321
3400	6	4	4	0	0:00:00.997673
3420	5	6	6	0	0:00:00.989081
3440	2	9	9	0	0:00:00.961060
3460	1	1	4	1	0:00:00.965092
3480	2	2	2	1	0:00:00.973664
3500	1	-1	4	0	0:00:00.976682
3520	1	1	1	1	0:00:00.976341
3540	6	8	8	0	0:00:00.997861
3560	1	9	9	0	0:00:00.985543
3580	4	1	1	0	0:00:00.958343
3600	4	2	2	0	0:00:00.964897
3620	0	-1	6	0	0:00:00.986961
3640	6	2	2	0	0:00:00.993880
3660	0	8	8	0	0:00:00.970498
3680	0	-1	2	0	0:00:00.997398
3700	3	-1	4	0	0:00:00.994251
3720	2	2	2	1	0:00:00.993954
3740	0	0	0	1	0:00:00.984223
3760	7	7	7	1	0:00:00.972338
3780	4	-1	2	0	0:00:00.972883
3800	9	-1	3	0	0:00:00.981674
3820	0	0	0	1	0:00:00.966969
3840	6	8	8	0	0:00:00.981574
3860	7	7	7	1	0:00:00.976144
3880	6	4	4	0	0:00:00.970824
3900	3	0	0	0	0:00:00.979213
3920	7	8	8	0	0:00:00.976316
3940	6	-1	6	0	0:00:01.003806
3960	2	5	5	0	0:00:01.006865
3980	9	7	7	0	0:00:00.999675
4000	8	7	7	0	0:00:00.988001
4020	8	9	8	0	0:00:00.959961
4040	0	-1	0	0	0:00:00.949140
4060	6	0	0	0	0:00:00.959108
4080	1	8	8	0	0:00:00.969028
4100	7	7	7	1	0:00:00.979995
4120	4	0	0	0	0:00:00.977360
4140	5	2	2	0	0:00:00.982207
4160	5	-1	2	0	0:00:00.977761
4180	0	-1	8	0	0:00:00.982703
4200	4	2	2	0	0:00:00.978614
4220	4	0	0	0	0:00:00.973310
4240	7	8	8	0	0:00:00.985426
4260	8	-1	8	0	0:00:00.983960
4280	8	-1	8	0	0:00:00.994226
4300	8	8	8	1	0:00:00.965844
4320	1	8	8	0	0:00:00.979056
4340	0	-1	0	0	0:00:00.974652
4360	6	9	9	0	0:00:00.985420
4380	9	9	9	1	0:00:00.988163
4400	3	8	8	0	0:00:00.985879
4420	5	8	8	0	0:00:00.977386
4440	2	6	6	0	0:00:00.985831
4460	9	8	8	0	0:00:00.974377
4480	9	6	6	0	0:00:00.984565
4500	3	7	7	0	0:00:00.973524
4520	3	6	6	0	0:00:01.002403
4540	9	9	9	1	0:00:00.985516
4560	1	-1	6	0	0:00:00.991275
4580	6	6	6	1	0:00:00.973469
4600	4	7	7	0	0:00:00.981719
4620	7	3	3	0	0:00:00.971630
4640	2	5	5	0	0:00:00.989956
4660	7	2	2	0	0:00:00.978168
4680	9	1	1	0	0:00:00.969918
4700	6	1	1	0	0:00:00.973958
4720	8	0	0	0	0:00:00.971617
4740	5	6	6	0	0:00:00.977761
4760	3	2	2	0	0:00:00.975092
4780	0	8	0	0	0:00:00.972140
4800	9	9	9	1	0:00:00.968779
4820	3	5	5	0	0:00:00.963975
4840	0	0	0	1	0:00:00.966528
4860	5	5	5	1	0:00:00.965769
4880	0	2	2	0	0:00:00.970475
4900	3	1	1	0	0:00:00.969376
4920	7	0	0	0	0:00:00.975451
4940	6	4	2	0	0:00:00.985113
4960	4	6	6	0	0:00:00.977695
4980	1	9	9	0	0:00:00.976079
5000	7	7	7	1	0:00:01.000843
5020	8	1	1	0	0:00:00.986798
5040	3	7	7	0	0:00:00.975121
5060	6	6	6	1	0:00:00.975277
5080	7	7	7	1	0:00:00.992186
5100	3	4	4	0	0:00:00.989785
5120	9	8	8	0	0:00:00.985687
5140	8	8	8	1	0:00:00.981400
5160	0	8	8	0	0:00:00.977226
5180	9	6	6	0	0:00:00.953068
5200	3	3	3	1	0:00:00.970735
5220	0	0	0	1	0:00:00.975995
5240	1	-1	3	0	0:00:00.972899
5260	0	0	0	1	0:00:00.968434
5280	0	8	8	0	0:00:00.976332
5300	9	1	1	0	0:00:00.967617
5320	7	7	7	1	0:00:00.966955
5340	3	4	4	0	0:00:00.974806
5360	9	9	9	1	0:00:00.998160
5380	1	9	9	0	0:00:00.980539
5400	9	0	8	0	0:00:00.961174
5420	6	-1	6	0	0:00:00.980902
5440	9	9	9	1	0:00:00.992272
5460	0	7	7	0	0:00:01.001737
5480	1	8	8	0	0:00:00.996593
5500	8	1	1	0	0:00:00.999048
5520	4	5	5	0	0:00:00.980818
5540	5	6	2	0	0:00:00.960914
5560	3	6	6	0	0:00:00.969007
5580	5	6	6	0	0:00:00.984283
5600	6	-1	8	0	0:00:00.988075
5620	3	2	2	0	0:00:00.973934
5640	2	3	3	0	0:00:00.982500
5660	9	9	8	1	0:00:00.992197
5680	2	8	8	0	0:00:00.950317
5700	3	-1	6	0	0:00:00.977444
5720	9	9	9	1	0:00:00.972291
5740	6	6	6	1	0:00:00.972060
5760	2	-1	2	0	0:00:00.963084
5780	7	7	7	1	0:00:00.976085
5800	2	6	6	0	0:00:00.975818
5820	5	6	6	0	0:00:00.979095
5840	2	6	6	0	0:00:00.968892
5860	0	8	8	0	0:00:00.964028
5880	0	8	8	0	0:00:00.964055
5900	4	5	5	0	0:00:00.968835
5920	8	8	8	1	0:00:00.968070
5940	7	4	4	0	0:00:00.976495
5960	2	7	7	0	0:00:00.980679
5980	9	9	9	1	0:00:00.970232
6000	8	9	9	0	0:00:00.993206
6020	6	-1	6	0	0:00:00.990107
6040	2	7	7	0	0:00:00.926394
6060	3	4	4	0	0:00:00.924654
6080	1	-1	6	0	0:00:00.965050
6100	1	-1	8	0	0:00:00.987892
6120	5	5	5	1	0:00:00.997042
6140	9	9	9	1	0:00:00.986702
6160	2	-1	5	0	0:00:00.995888
6180	0	-1	8	0	0:00:01.009291
6200	3	-1	0	0	0:00:00.996992
6220	2	6	6	0	0:00:00.978316
6240	2	1	1	0	0:00:00.958124
6260	2	9	9	0	0:00:00.990613
6280	8	5	5	0	0:00:00.980673
6300	1	7	7	0	0:00:00.988115
6320	0	0	0	1	0:00:00.941406
6340	3	-1	8	0	0:00:00.913515
6360	2	6	2	0	0:00:00.949819
6380	3	1	1	0	0:00:00.960767
6400	0	1	1	0	0:00:00.972621
6420	7	-1	8	0	0:00:00.987248
6440	3	8	8	0	0:00:00.982907
6460	3	1	1	0	0:00:00.975844
6480	0	-1	0	0	0:00:01.000427
6500	7	0	0	0	0:00:00.999621
6520	6	4	4	0	0:00:00.998557
6540	8	8	8	1	0:00:00.984615
6560	6	6	6	1	0:00:00.981736
6580	1	-1	2	0	0:00:00.966349
6600	7	7	7	1	0:00:00.961656
6620	7	7	4	1	0:00:00.989074
6640	5	8	8	0	0:00:00.981285
6660	0	8	8	0	0:00:00.976748
6680	3	5	5	0	0:00:00.980446
6700	6	6	6	1	0:00:00.966763
6720	2	2	2	1	0:00:00.980258
6740	2	6	6	0	0:00:00.973839
6760	5	2	2	0	0:00:00.985008
6780	7	7	7	1	0:00:00.979105
6800	6	6	6	1	0:00:00.977040
6820	1	1	1	1	0:00:01.013655
6840	9	1	1	0	0:00:00.988668
6860	0	0	0	1	0:00:00.970595
6880	2	7	4	0	0:00:00.972992
6900	3	7	7	0	0:00:00.991357
6920	5	2	2	0	0:00:00.979806
6940	1	1	1	1	0:00:00.973830
6960	9	8	8	0	0:00:00.925579
6980	0	9	9	0	0:00:00.966054
7000	2	8	8	0	0:00:00.974065
7020	7	1	1	0	0:00:00.974410
7040	7	8	8	0	0:00:00.983694
7060	8	-1	8	0	0:00:00.967466
7080	5	4	4	0	0:00:00.969286
7100	9	3	3	0	0:00:00.980357
7120	7	-1	6	0	0:00:00.974543
7140	4	4	4	1	0:00:00.960866
7160	5	4	4	0	0:00:00.951919
7180	6	6	6	1	0:00:00.967850
7200	4	6	6	0	0:00:00.981660
7220	9	8	8	0	0:00:00.988911
7240	0	8	8	0	0:00:00.987404
7260	1	8	8	0	0:00:00.992950
7280	1	6	6	0	0:00:00.992823
7300	3	7	7	0	0:00:00.997239
7320	8	0	0	0	0:00:00.976746
7340	2	4	4	0	0:00:00.975753
7360	2	7	7	0	0:00:00.978875
7380	7	-1	7	0	0:00:00.970496
7400	3	9	9	0	0:00:00.976423
7420	3	0	0	0	0:00:00.974155
7440	3	6	6	0	0:00:00.989116
7460	5	5	5	1	0:00:00.997653
7480	1	5	5	0	0:00:00.981936
7500	6	6	6	1	0:00:00.937157
7520	4	6	6	0	0:00:00.962879
7540	5	5	5	1	0:00:00.957033
7560	0	-1	2	0	0:00:00.975046
7580	8	8	8	1	0:00:00.979781
7600	8	9	9	0	0:00:00.967843
7620	5	-1	1	0	0:00:00.985863
7640	9	-1	8	0	0:00:00.987387
7660	7	9	9	0	0:00:01.024354
7680	3	9	9	0	0:00:01.001442
7700	6	6	6	1	0:00:01.002949
7720	5	6	6	0	0:00:00.995621
7740	4	6	2	0	0:00:00.999856
7760	2	9	9	0	0:00:00.980877
7780	3	8	8	0	0:00:00.988077
7800	0	0	0	1	0:00:00.993026
7820	5	8	8	0	0:00:00.976469
7840	1	1	1	1	0:00:00.971363
7860	8	4	4	0	0:00:00.986860
7880	0	8	8	0	0:00:01.007348
7900	0	8	8	0	0:00:00.976593
7920	9	8	8	0	0:00:00.994883
7940	2	6	6	0	0:00:00.983303
7960	0	0	0	1	0:00:00.987183
7980	3	7	4	0	0:00:00.991949
8000	9	9	8	1	0:00:00.981092
8020	6	6	6	1	0:00:00.976755
8040	2	6	6	0	0:00:00.993903
8060	6	-1	6	0	0:00:00.964188
8080	4	6	6	0	0:00:00.989275
8100	6	2	2	0	0:00:00.973429
8120	8	9	9	0	0:00:00.975940
8140	5	6	6	0	0:00:00.976570
8160	6	9	9	0	0:00:00.979685
8180	4	6	6	0	0:00:00.991266
8200	3	-1	6	0	0:00:01.000993
8220	6	7	2	0	0:00:00.986580
8240	7	7	7	1	0:00:00.968658
8260	1	1	1	1	0:00:00.982522
8280	4	1	1	0	0:00:00.976209
8300	5	2	2	0	0:00:00.985964
8320	7	4	4	0	0:00:00.987692
8340	5	4	4	0	0:00:00.980792
8360	7	4	6	0	0:00:00.981761
8380	9	8	8	0	0:00:00.976048
8400	0	8	8	0	0:00:00.981321
8420	3	6	4	0	0:00:00.991500
8440	5	9	9	0	0:00:00.998235
8460	8	8	8	1	0:00:00.999755
8480	2	1	1	0	0:00:00.992420
8500	4	2	2	0	0:00:00.996309
8520	8	6	6	0	0:00:00.995008
8540	4	6	4	0	0:00:00.989698
8560	7	7	7	1	0:00:00.995827
8580	3	0	0	0	0:00:00.981648
8600	3	7	7	0	0:00:00.976797
8620	3	1	4	0	0:00:00.991926
8640	1	1	1	1	0:00:00.977074
8660	7	5	5	0	0:00:00.971931
8680	3	9	9	0	0:00:00.960294
8700	3	-1	5	0	0:00:00.946837
8720	2	0	0	0	0:00:00.982323
8740	2	6	6	0	0:00:00.982278
8760	8	8	8	1	0:00:00.986455
8780	4	4	4	1	0:00:00.974302
8800	0	0	0	1	0:00:00.972390
8820	2	-1	2	0	0:00:00.978144
8840	2	1	1	0	0:00:00.988775
8860	2	0	0	0	0:00:00.963116
8880	1	6	6	0	0:00:00.951750
8900	2	1	6	0	0:00:00.962776
8920	6	6	6	1	0:00:00.965227
8940	6	3	3	0	0:00:00.975392
8960	0	0	0	1	0:00:00.990299
8980	9	9	9	1	0:00:00.998216
9000	8	8	8	1	0:00:00.989334
9020	7	9	9	0	0:00:00.990708
9040	2	5	5	0	0:00:00.994110
9060	9	5	5	0	0:00:00.999666
9080	3	0	0	0	0:00:00.970344
9100	9	6	6	0	0:00:00.980712
9120	3	0	0	0	0:00:00.984785
9140	7	8	8	0	0:00:00.999748
9160	5	-1	5	0	0:00:01.008442
9180	5	5	5	1	0:00:00.984213
9200	8	8	8	1	0:00:00.997993
9220	8	8	8	1	0:00:01.000233
9240	8	8	8	1	0:00:00.992165
9260	5	5	5	1	0:00:01.010401
9280	9	0	8	0	0:00:00.990803
9300	5	-1	6	0	0:00:00.985699
9320	9	-1	8	0	0:00:00.986521
9340	1	1	1	1	0:00:01.003131
9360	5	-1	0	0	0:00:01.008601
9380	5	-1	5	0	0:00:00.985098
9400	6	6	4	1	0:00:00.979642
9420	5	6	6	0	0:00:00.990988
9440	8	8	8	1	0:00:00.979007
9460	3	9	6	0	0:00:00.987602
9480	2	-1	6	0	0:00:01.000547
9500	9	-1	6	0	0:00:00.989130
9520	1	9	9	0	0:00:00.990697
9540	5	4	4	0	0:00:01.025669
9560	9	7	7	0	0:00:01.013754
9580	1	4	4	0	0:00:00.982465
9600	8	8	8	1	0:00:00.992138
9620	4	7	7	0	0:00:00.973737
9640	5	6	6	0	0:00:00.999466
9660	6	6	6	1	0:00:00.998265
9680	8	9	9	0	0:00:00.991091
9700	0	0	0	1	0:00:00.982986
9720	8	-1	6	0	0:00:00.976712
9740	3	6	6	0	0:00:00.967093
9760	9	9	9	1	0:00:00.980146
9780	4	6	6	0	0:00:00.984055
9800	1	1	1	1	0:00:00.990149
9820	0	9	8	0	0:00:00.993704
9840	4	3	3	0	0:00:00.977574
9860	0	2	2	0	0:00:00.922363
9880	7	-1	4	0	0:00:00.941485
9900	8	0	0	0	0:00:00.943611
9920	6	6	6	1	0:00:00.972561
9940	4	7	7	0	0:00:00.965415
9960	2	0	0	0	0:00:00.979430
9980	0	0	0	1	0:00:00.959419
