idx	label	predict	basePredict	correct	time
0	3	2	2	0	0:00:02.330431
20	7	1	1	0	0:00:01.968090
40	4	8	8	0	0:00:01.942993
60	7	2	2	0	0:00:01.933066
80	8	8	8	1	0:00:01.966521
100	4	3	3	0	0:00:01.931729
120	8	-1	0	0	0:00:01.956529
140	6	2	2	0	0:00:01.967249
160	2	0	0	0	0:00:01.972830
180	0	8	8	0	0:00:02.028937
200	5	3	3	0	0:00:01.945078
220	7	7	4	1	0:00:01.943835
240	1	1	8	1	0:00:01.951482
260	8	3	6	0	0:00:01.961782
280	9	9	8	1	0:00:01.976083
300	6	4	4	0	0:00:01.955653
320	3	2	4	0	0:00:01.962851
340	2	4	4	0	0:00:01.962279
360	9	6	4	0	0:00:01.973227
380	6	4	4	0	0:00:01.951279
400	9	9	8	1	0:00:02.000479
420	4	6	6	0	0:00:01.957310
440	1	1	4	1	0:00:01.970907
460	5	-1	4	0	0:00:01.940181
480	8	9	9	0	0:00:01.931099
500	4	6	6	0	0:00:01.972645
520	5	7	7	0	0:00:01.973060
540	1	8	8	0	0:00:01.945754
560	0	-1	8	0	0:00:01.951805
580	4	-1	4	0	0:00:01.907914
600	8	0	4	0	0:00:01.901483
620	7	2	2	0	0:00:01.931853
640	5	3	3	0	0:00:01.914930
660	9	9	8	1	0:00:01.914619
680	9	7	4	0	0:00:01.936912
700	7	-1	4	0	0:00:01.898385
720	4	-1	7	0	0:00:01.902761
740	2	5	3	0	0:00:01.921633
760	3	9	4	0	0:00:01.948735
780	9	0	0	0	0:00:01.940547
800	7	7	7	1	0:00:01.918510
820	6	1	8	0	0:00:01.929940
840	7	7	7	1	0:00:01.942223
860	4	4	4	1	0:00:01.912130
880	8	8	8	1	0:00:01.939454
900	2	4	4	0	0:00:01.953802
920	6	2	2	0	0:00:01.964444
940	9	9	6	1	0:00:01.954156
960	9	9	2	1	0:00:01.904351
980	2	6	6	0	0:00:02.000895
1000	5	5	8	1	0:00:01.840940
1020	1	-1	8	0	0:00:01.844151
1040	7	5	5	0	0:00:01.842594
1060	9	9	8	1	0:00:01.848807
1080	6	6	3	1	0:00:01.850806
1100	7	8	8	0	0:00:01.843231
1120	5	2	2	0	0:00:01.844603
1140	6	4	4	0	0:00:01.851635
1160	8	0	0	0	0:00:01.839603
1180	3	8	8	0	0:00:01.836919
1200	8	0	0	0	0:00:01.825988
1220	9	6	2	0	0:00:01.835827
1240	2	6	6	0	0:00:01.807818
1260	1	9	9	0	0:00:01.818618
1280	3	7	7	0	0:00:01.828005
1300	4	3	3	0	0:00:01.824490
1320	7	2	2	0	0:00:01.825386
1340	1	8	8	0	0:00:01.864817
1360	7	7	4	1	0:00:01.872734
1380	4	5	5	0	0:00:01.873674
1400	5	2	2	0	0:00:01.875161
1420	4	7	7	0	0:00:01.871940
1440	0	8	8	0	0:00:01.871355
1460	6	-1	4	0	0:00:01.866425
1480	1	5	5	0	0:00:01.879994
1500	1	9	8	0	0:00:01.867389
1520	7	6	2	0	0:00:01.869332
1540	8	8	2	1	0:00:01.875754
1560	7	7	7	1	0:00:01.852402
1580	6	1	1	0	0:00:01.865159
1600	8	6	6	0	0:00:01.863420
1620	5	8	8	0	0:00:01.859738
1640	7	5	3	0	0:00:01.875151
1660	3	4	4	0	0:00:01.856933
1680	6	6	6	1	0:00:01.880118
1700	5	2	2	0	0:00:01.877836
1720	4	2	2	0	0:00:01.872940
1740	1	9	9	0	0:00:01.878548
1760	0	8	8	0	0:00:01.876556
1780	7	8	8	0	0:00:01.879371
1800	4	8	8	0	0:00:01.883222
1820	8	9	9	0	0:00:01.864571
1840	8	-1	4	0	0:00:01.870318
1860	8	8	8	1	0:00:01.881507
1880	1	8	8	0	0:00:01.869641
1900	8	8	8	1	0:00:01.871510
1920	2	5	2	0	0:00:01.879920
1940	5	3	3	0	0:00:01.876084
1960	2	5	5	0	0:00:01.879688
1980	9	9	2	1	0:00:01.881050
2000	1	6	4	0	0:00:01.867654
2020	9	9	1	1	0:00:01.865843
2040	0	8	8	0	0:00:01.872379
2060	5	3	3	0	0:00:01.885465
2080	1	6	4	0	0:00:01.865487
2100	2	4	4	0	0:00:01.852770
2120	4	8	8	0	0:00:01.880706
2140	9	1	1	0	0:00:01.851117
2160	0	8	8	0	0:00:01.864909
2180	4	-1	0	0	0:00:01.853221
2200	0	2	2	0	0:00:01.861296
2220	1	1	4	1	0:00:01.874498
2240	9	9	8	1	0:00:01.868111
2260	4	7	2	0	0:00:01.870683
2280	4	8	8	0	0:00:01.859884
2300	3	-1	4	0	0:00:01.860070
2320	5	8	8	0	0:00:01.869823
2340	7	7	0	1	0:00:01.861205
2360	7	5	3	0	0:00:01.854522
2380	8	0	0	0	0:00:01.872156
2400	0	4	4	0	0:00:01.861635
2420	8	5	5	0	0:00:01.855990
2440	7	8	8	0	0:00:01.858847
2460	9	3	2	0	0:00:01.876021
2480	8	8	8	1	0:00:01.876380
2500	4	2	2	0	0:00:01.849155
2520	1	8	8	0	0:00:01.854224
2540	2	3	3	0	0:00:01.857034
2560	7	-1	2	0	0:00:01.861851
2580	6	4	4	0	0:00:01.865263
2600	8	8	8	1	0:00:01.865201
2620	1	4	4	0	0:00:01.860468
2640	7	6	6	0	0:00:01.858415
2660	3	2	2	0	0:00:01.859176
2680	0	0	8	1	0:00:01.867610
2700	9	0	0	0	0:00:01.847307
2720	3	2	2	0	0:00:01.859453
2740	1	1	4	1	0:00:01.883553
2760	2	4	4	0	0:00:01.856785
2780	7	7	6	1	0:00:01.838114
2800	4	6	6	0	0:00:01.849952
2820	6	6	4	1	0:00:01.817541
2840	3	3	3	1	0:00:01.826650
2860	5	6	4	0	0:00:01.831394
2880	4	4	4	1	0:00:01.825001
2900	3	2	2	0	0:00:01.822769
2920	2	5	8	0	0:00:01.824224
2940	3	0	0	0	0:00:01.823205
2960	9	-1	8	0	0:00:01.815077
2980	8	-1	5	0	0:00:01.817371
3000	5	5	5	1	0:00:01.825989
3020	1	8	8	0	0:00:01.821208
3040	7	7	7	1	0:00:01.812555
3060	7	7	4	1	0:00:01.811246
3080	1	-1	2	0	0:00:01.819110
3100	0	0	8	1	0:00:01.812461
3120	4	6	2	0	0:00:01.824646
3140	8	0	8	0	0:00:01.823016
3160	6	4	4	0	0:00:01.806433
3180	3	-1	8	0	0:00:01.815575
3200	5	7	7	0	0:00:01.811107
3220	3	9	9	0	0:00:01.811950
3240	4	8	8	0	0:00:01.836479
3260	7	0	2	0	0:00:01.843853
3280	3	0	0	0	0:00:01.820961
3300	4	-1	4	0	0:00:01.842687
3320	2	7	8	0	0:00:01.819893
3340	6	4	4	0	0:00:01.865265
3360	4	6	6	0	0:00:01.830676
3380	8	1	8	0	0:00:01.826422
3400	6	4	4	0	0:00:01.816684
3420	5	4	4	0	0:00:01.841887
3440	2	9	3	0	0:00:01.842443
3460	1	1	4	1	0:00:01.826068
3480	2	2	2	1	0:00:01.814995
3500	1	1	4	1	0:00:01.816470
3520	1	1	8	1	0:00:01.827652
3540	6	6	4	1	0:00:01.828965
3560	1	7	7	0	0:00:01.817919
3580	4	1	8	0	0:00:01.811783
3600	4	2	2	0	0:00:01.813504
3620	0	6	6	0	0:00:01.845781
3640	6	2	2	0	0:00:01.861475
3660	0	8	8	0	0:00:01.855698
3680	0	2	2	0	0:00:01.857345
3700	3	4	4	0	0:00:01.856196
3720	2	2	2	1	0:00:01.845323
3740	0	-1	8	0	0:00:01.800716
3760	7	7	7	1	0:00:01.798671
3780	4	2	2	0	0:00:01.805204
3800	9	3	4	0	0:00:01.799182
3820	0	2	2	0	0:00:01.801704
3840	6	8	8	0	0:00:01.801088
3860	7	7	7	1	0:00:01.813868
3880	6	4	4	0	0:00:01.828115
3900	3	1	1	0	0:00:01.840696
3920	7	8	8	0	0:00:01.837602
3940	6	7	4	0	0:00:01.834178
3960	2	5	5	0	0:00:01.840484
3980	9	7	7	0	0:00:01.840039
4000	8	7	4	0	0:00:01.799921
4020	8	1	1	0	0:00:01.788675
4040	0	-1	8	0	0:00:01.803720
4060	6	3	3	0	0:00:01.849272
4080	1	8	8	0	0:00:01.833402
4100	7	7	7	1	0:00:01.820558
4120	4	0	0	0	0:00:01.827313
4140	5	3	3	0	0:00:01.834734
4160	5	2	2	0	0:00:01.840481
4180	0	8	8	0	0:00:01.842248
4200	4	2	2	0	0:00:01.829146
4220	4	0	0	0	0:00:01.811287
4240	7	0	0	0	0:00:01.817878
4260	8	1	1	0	0:00:01.824082
4280	8	0	0	0	0:00:01.827242
4300	8	8	8	1	0:00:01.804053
4320	1	8	8	0	0:00:01.791921
4340	0	8	8	0	0:00:01.799025
4360	6	9	9	0	0:00:01.797737
4380	9	8	8	0	0:00:01.803485
4400	3	4	4	0	0:00:01.804111
4420	5	8	8	0	0:00:01.811019
4440	2	6	4	0	0:00:01.801145
4460	9	8	8	0	0:00:01.795721
4480	9	6	6	0	0:00:01.799872
4500	3	6	4	0	0:00:01.797717
4520	3	6	6	0	0:00:01.821373
4540	9	9	1	1	0:00:01.823202
4560	1	-1	4	0	0:00:01.802889
4580	6	4	4	0	0:00:01.806330
4600	4	7	7	0	0:00:01.794729
4620	7	3	3	0	0:00:01.796385
4640	2	4	4	0	0:00:01.831949
4660	7	-1	2	0	0:00:01.830606
4680	9	1	1	0	0:00:01.830461
4700	6	1	4	0	0:00:01.834067
4720	8	0	0	0	0:00:01.833212
4740	5	-1	4	0	0:00:01.818644
4760	3	-1	4	0	0:00:01.821984
4780	0	-1	8	0	0:00:01.836076
4800	9	9	9	1	0:00:01.835475
4820	3	5	5	0	0:00:01.849144
4840	0	0	0	1	0:00:01.857998
4860	5	-1	8	0	0:00:01.834978
4880	0	2	2	0	0:00:01.813607
4900	3	6	6	0	0:00:01.825504
4920	7	-1	2	0	0:00:01.851192
4940	6	4	4	0	0:00:01.830047
4960	4	3	3	0	0:00:01.847593
4980	1	9	8	0	0:00:01.825099
5000	7	7	7	1	0:00:01.843318
5020	8	1	1	0	0:00:01.830577
5040	3	4	4	0	0:00:01.859715
5060	6	-1	4	0	0:00:01.855212
5080	7	7	7	1	0:00:01.834599
5100	3	3	4	1	0:00:01.854207
5120	9	8	8	0	0:00:01.835328
5140	8	0	8	0	0:00:01.842589
5160	0	8	8	0	0:00:01.842959
5180	9	6	4	0	0:00:01.831312
5200	3	3	3	1	0:00:01.840504
5220	0	0	8	1	0:00:01.836298
5240	1	2	2	0	0:00:01.835283
5260	0	0	0	1	0:00:01.818912
5280	0	8	8	0	0:00:01.850839
5300	9	9	5	1	0:00:01.843620
5320	7	-1	3	0	0:00:01.853515
5340	3	4	4	0	0:00:01.854811
5360	9	9	6	1	0:00:01.837592
5380	1	9	9	0	0:00:01.836948
5400	9	0	2	0	0:00:01.819837
5420	6	-1	3	0	0:00:01.832669
5440	9	9	8	1	0:00:01.857312
5460	0	7	7	0	0:00:01.816873
5480	1	-1	8	0	0:00:01.830983
5500	8	1	0	0	0:00:01.824616
5520	4	3	3	0	0:00:01.852651
5540	5	-1	2	0	0:00:01.841292
5560	3	6	4	0	0:00:01.849006
5580	5	6	6	0	0:00:01.827092
5600	6	-1	0	0	0:00:01.824680
5620	3	2	2	0	0:00:01.837543
5640	2	5	3	0	0:00:01.849226
5660	9	8	8	0	0:00:01.836438
5680	2	8	8	0	0:00:01.826224
5700	3	2	2	0	0:00:01.829946
5720	9	9	7	1	0:00:01.817805
5740	6	4	4	0	0:00:01.804888
5760	2	0	8	0	0:00:01.827576
5780	7	7	4	1	0:00:01.826036
5800	2	-1	4	0	0:00:01.834135
5820	5	6	6	0	0:00:01.819828
5840	2	5	5	0	0:00:01.819292
5860	0	8	8	0	0:00:01.829002
5880	0	8	8	0	0:00:01.821588
5900	4	-1	0	0	0:00:01.844680
5920	8	8	6	1	0:00:01.830902
5940	7	4	4	0	0:00:01.828738
5960	2	7	4	0	0:00:01.824364
5980	9	9	6	1	0:00:01.819734
6000	8	9	8	0	0:00:01.839869
6020	6	-1	6	0	0:00:01.835172
6040	2	7	7	0	0:00:01.840815
6060	3	4	4	0	0:00:01.841919
6080	1	-1	2	0	0:00:01.814413
6100	1	1	4	1	0:00:01.835169
6120	5	3	3	0	0:00:01.803455
6140	9	-1	7	0	0:00:01.816284
6160	2	5	5	0	0:00:01.824303
6180	0	8	8	0	0:00:01.830669
6200	3	0	0	0	0:00:01.802773
6220	2	5	5	0	0:00:01.788478
6240	2	4	4	0	0:00:01.796822
6260	2	9	8	0	0:00:01.800957
6280	8	5	4	0	0:00:01.800634
6300	1	7	4	0	0:00:01.807458
6320	0	0	0	1	0:00:01.796717
6340	3	3	2	1	0:00:01.801002
6360	2	6	6	0	0:00:01.813465
6380	3	6	6	0	0:00:01.798319
6400	0	-1	4	0	0:00:01.796705
6420	7	8	8	0	0:00:01.796252
6440	3	8	8	0	0:00:01.783043
6460	3	-1	4	0	0:00:01.794492
6480	0	2	2	0	0:00:01.819871
6500	7	8	8	0	0:00:01.807711
6520	6	4	4	0	0:00:01.805479
6540	8	8	8	1	0:00:01.810589
6560	6	4	4	0	0:00:01.819092
6580	1	2	2	0	0:00:01.805818
6600	7	7	7	1	0:00:01.828357
6620	7	7	3	1	0:00:01.813536
6640	5	8	8	0	0:00:01.806006
6660	0	-1	8	0	0:00:01.796775
6680	3	5	5	0	0:00:01.815596
6700	6	-1	4	0	0:00:01.818354
6720	2	4	4	0	0:00:01.810071
6740	2	4	4	0	0:00:01.815692
6760	5	-1	2	0	0:00:01.817488
6780	7	7	4	1	0:00:01.824226
6800	6	4	4	0	0:00:01.818328
6820	1	1	8	1	0:00:01.834203
6840	9	9	6	1	0:00:01.837178
6860	0	2	2	0	0:00:01.814046
6880	2	6	6	0	0:00:01.817804
6900	3	7	4	0	0:00:01.825145
6920	5	2	2	0	0:00:01.824978
6940	1	1	4	1	0:00:01.828096
6960	9	8	8	0	0:00:01.837027
6980	0	1	1	0	0:00:01.839019
7000	2	8	8	0	0:00:01.833437
7020	7	1	8	0	0:00:01.850080
7040	7	8	8	0	0:00:01.842220
7060	8	0	0	0	0:00:01.841481
7080	5	4	4	0	0:00:01.846229
7100	9	3	3	0	0:00:01.844446
7120	7	6	6	0	0:00:01.842377
7140	4	3	3	0	0:00:01.844410
7160	5	4	4	0	0:00:01.854637
7180	6	6	3	1	0:00:01.852390
7200	4	6	6	0	0:00:01.838256
7220	9	-1	8	0	0:00:01.844369
7240	0	8	8	0	0:00:01.858312
7260	1	8	8	0	0:00:01.856058
7280	1	6	4	0	0:00:01.869991
7300	3	7	4	0	0:00:01.847183
7320	8	0	0	0	0:00:01.833188
7340	2	4	4	0	0:00:01.823860
7360	2	4	4	0	0:00:01.825703
7380	7	-1	5	0	0:00:01.809905
7400	3	-1	5	0	0:00:01.831759
7420	3	0	0	0	0:00:01.808300
7440	3	-1	2	0	0:00:01.809757
7460	5	5	5	1	0:00:01.811648
7480	1	-1	5	0	0:00:01.802542
7500	6	6	6	1	0:00:01.821322
7520	4	2	2	0	0:00:01.803576
7540	5	5	5	1	0:00:01.821271
7560	0	-1	2	0	0:00:01.834804
7580	8	-1	8	0	0:00:01.809566
7600	8	9	2	0	0:00:01.790241
7620	5	1	9	0	0:00:01.806511
7640	9	-1	6	0	0:00:01.798910
7660	7	4	4	0	0:00:01.806704
7680	3	9	3	0	0:00:01.806958
7700	6	6	4	1	0:00:01.801053
7720	5	-1	4	0	0:00:01.794289
7740	4	6	2	0	0:00:01.816658
7760	2	9	8	0	0:00:01.799883
7780	3	-1	8	0	0:00:01.817545
7800	0	-1	8	0	0:00:01.770499
7820	5	8	8	0	0:00:01.768064
7840	1	1	1	1	0:00:01.815330
7860	8	-1	4	0	0:00:01.837486
7880	0	-1	2	0	0:00:01.811180
7900	0	4	2	0	0:00:01.830684
7920	9	8	8	0	0:00:01.815794
7940	2	6	4	0	0:00:01.818775
7960	0	3	3	0	0:00:01.826120
7980	3	-1	4	0	0:00:01.839081
8000	9	0	0	0	0:00:01.834193
8020	6	3	3	0	0:00:01.841699
8040	2	6	4	0	0:00:01.833030
8060	6	4	4	0	0:00:01.821495
8080	4	6	6	0	0:00:01.816745
8100	6	2	2	0	0:00:01.816059
8120	8	9	9	0	0:00:01.815051
8140	5	4	4	0	0:00:01.818776
8160	6	9	6	0	0:00:01.817542
8180	4	4	2	1	0:00:01.840200
8200	3	6	2	0	0:00:01.843912
8220	6	2	2	0	0:00:01.815007
8240	7	7	4	1	0:00:01.818466
8260	1	3	3	0	0:00:01.829005
8280	4	3	3	0	0:00:01.814820
8300	5	2	2	0	0:00:01.804028
8320	7	4	4	0	0:00:01.831441
8340	5	3	4	0	0:00:01.843946
8360	7	-1	4	0	0:00:01.849411
8380	9	8	8	0	0:00:01.813743
8400	0	8	8	0	0:00:01.830557
8420	3	4	4	0	0:00:01.821435
8440	5	3	4	0	0:00:01.833096
8460	8	8	8	1	0:00:01.815257
8480	2	8	8	0	0:00:01.782847
8500	4	2	2	0	0:00:01.833563
8520	8	4	4	0	0:00:01.816968
8540	4	2	2	0	0:00:01.819902
8560	7	4	4	0	0:00:01.844505
8580	3	-1	2	0	0:00:01.851136
8600	3	-1	4	0	0:00:01.852505
8620	3	4	4	0	0:00:01.825906
8640	1	1	0	1	0:00:01.840370
8660	7	5	5	0	0:00:01.841372
8680	3	9	8	0	0:00:01.829545
8700	3	3	2	1	0:00:01.836883
8720	2	0	8	0	0:00:01.815399
8740	2	4	4	0	0:00:01.816433
8760	8	5	5	0	0:00:01.821861
8780	4	-1	2	0	0:00:01.848123
8800	0	0	0	1	0:00:01.840788
8820	2	3	3	0	0:00:01.822558
8840	2	7	7	0	0:00:01.820423
8860	2	6	8	0	0:00:01.840098
8880	1	-1	2	0	0:00:01.833133
8900	2	-1	4	0	0:00:01.834337
8920	6	6	4	1	0:00:01.829115
8940	6	3	3	0	0:00:01.841490
8960	0	0	0	1	0:00:01.820193
8980	9	9	8	1	0:00:01.820281
9000	8	8	8	1	0:00:01.818777
9020	7	9	8	0	0:00:01.817560
9040	2	5	5	0	0:00:01.829374
9060	9	5	5	0	0:00:01.841766
9080	3	0	0	0	0:00:01.834073
9100	9	6	6	0	0:00:01.837809
9120	3	0	0	0	0:00:01.833500
9140	7	-1	8	0	0:00:01.838348
9160	5	-1	4	0	0:00:01.835923
9180	5	5	5	1	0:00:01.832104
9200	8	8	8	1	0:00:01.841606
9220	8	8	8	1	0:00:01.833290
9240	8	8	2	1	0:00:01.834325
9260	5	6	4	0	0:00:01.842476
9280	9	8	8	0	0:00:01.839851
9300	5	2	2	0	0:00:01.839067
9320	9	8	8	0	0:00:01.837317
9340	1	1	1	1	0:00:01.817350
9360	5	-1	4	0	0:00:01.831676
9380	5	9	9	0	0:00:01.841811
9400	6	-1	2	0	0:00:01.858745
9420	5	6	6	0	0:00:01.850610
9440	8	8	8	1	0:00:01.843818
9460	3	6	4	0	0:00:01.809065
9480	2	4	4	0	0:00:01.810441
9500	9	1	4	0	0:00:01.803305
9520	1	1	8	1	0:00:01.817274
9540	5	4	4	0	0:00:01.821680
9560	9	7	7	0	0:00:01.823862
9580	1	4	4	0	0:00:01.831072
9600	8	-1	8	0	0:00:01.854631
9620	4	2	2	0	0:00:01.842818
9640	5	6	6	0	0:00:01.844023
9660	6	6	6	1	0:00:01.835281
9680	8	8	8	1	0:00:01.842937
9700	0	2	2	0	0:00:01.858339
9720	8	6	6	0	0:00:01.845950
9740	3	4	4	0	0:00:01.835653
9760	9	7	4	0	0:00:01.841391
9780	4	6	6	0	0:00:01.838374
9800	1	1	1	1	0:00:01.831968
9820	0	8	8	0	0:00:01.827469
9840	4	-1	3	0	0:00:01.829737
9860	0	-1	2	0	0:00:01.806626
9880	7	4	8	0	0:00:01.809791
9900	8	-1	6	0	0:00:01.820450
9920	6	4	2	0	0:00:01.846544
9940	4	6	6	0	0:00:01.838953
9960	2	0	0	0	0:00:01.830975
9980	0	0	0	1	0:00:01.842128
