idx	label	predict	basePredict	correct	time
0	3	2	2	0	0:00:02.852135
20	7	1	4	0	0:00:02.782755
40	4	8	8	0	0:00:02.813056
60	7	7	4	1	0:00:02.812713
80	8	8	8	1	0:00:02.814929
100	4	-1	3	0	0:00:02.848063
120	8	8	8	1	0:00:02.866843
140	6	2	2	0	0:00:02.864366
160	2	0	2	0	0:00:02.838165
180	0	0	8	1	0:00:02.784868
200	5	3	3	0	0:00:02.860049
220	7	7	7	1	0:00:02.776611
240	1	1	8	1	0:00:02.837753
260	8	3	3	0	0:00:02.853470
280	9	9	9	1	0:00:02.818416
300	6	7	4	0	0:00:02.849214
320	3	2	2	0	0:00:02.856348
340	2	4	4	0	0:00:02.810718
360	9	7	6	0	0:00:02.789738
380	6	-1	4	0	0:00:02.779144
400	9	9	8	1	0:00:02.777297
420	4	6	6	0	0:00:02.786596
440	1	1	6	1	0:00:02.783762
460	5	5	3	1	0:00:02.811145
480	8	9	8	0	0:00:02.896066
500	4	6	4	0	0:00:02.822551
520	5	7	7	0	0:00:02.776993
540	1	9	8	0	0:00:02.795599
560	0	0	8	1	0:00:02.871284
580	4	-1	4	0	0:00:02.792544
600	8	8	8	1	0:00:02.855743
620	7	6	4	0	0:00:02.895077
640	5	3	3	0	0:00:02.795079
660	9	9	9	1	0:00:02.801414
680	9	7	4	0	0:00:02.817434
700	7	0	4	0	0:00:02.826971
720	4	9	7	0	0:00:02.832499
740	2	5	3	0	0:00:02.793247
760	3	9	9	0	0:00:02.892897
780	9	1	0	0	0:00:02.771829
800	7	7	7	1	0:00:02.914539
820	6	1	8	0	0:00:02.810107
840	7	7	7	1	0:00:02.892803
860	4	4	4	1	0:00:02.788179
880	8	8	8	1	0:00:02.782936
900	2	6	4	0	0:00:02.789821
920	6	4	2	0	0:00:02.775244
940	9	9	9	1	0:00:02.791761
960	9	9	4	1	0:00:02.869113
980	2	6	6	0	0:00:02.860622
1000	5	5	5	1	0:00:02.120824
1020	1	1	8	1	0:00:02.079695
1040	7	5	5	0	0:00:02.077988
1060	9	9	8	1	0:00:02.079053
1080	6	6	6	1	0:00:02.081611
1100	7	8	8	0	0:00:02.058443
1120	5	2	2	0	0:00:02.061266
1140	6	4	4	0	0:00:02.072289
1160	8	0	0	0	0:00:02.085243
1180	3	3	8	1	0:00:02.091960
1200	8	0	0	0	0:00:02.098895
1220	9	6	6	0	0:00:02.079426
1240	2	6	6	0	0:00:02.079862
1260	1	9	9	0	0:00:02.076702
1280	3	7	7	0	0:00:02.071458
1300	4	3	3	0	0:00:02.064956
1320	7	2	2	0	0:00:02.070529
1340	1	1	1	1	0:00:02.073977
1360	7	7	4	1	0:00:02.074047
1380	4	5	5	0	0:00:02.079146
1400	5	6	2	0	0:00:02.092672
1420	4	7	4	0	0:00:02.071984
1440	0	8	8	0	0:00:02.069327
1460	6	6	4	1	0:00:02.070429
1480	1	5	5	0	0:00:02.074960
1500	1	9	1	0	0:00:02.082194
1520	7	7	2	1	0:00:02.084994
1540	8	8	8	1	0:00:02.076160
1560	7	7	7	1	0:00:02.076736
1580	6	1	1	0	0:00:02.070270
1600	8	9	6	0	0:00:02.074575
1620	5	8	8	0	0:00:02.076892
1640	7	5	3	0	0:00:02.085771
1660	3	5	4	0	0:00:02.072831
1680	6	6	6	1	0:00:02.078755
1700	5	2	2	0	0:00:02.074056
1720	4	2	2	0	0:00:02.083298
1740	1	9	9	0	0:00:02.081945
1760	0	8	8	0	0:00:02.085861
1780	7	9	8	0	0:00:02.100685
1800	4	8	8	0	0:00:02.130053
1820	8	-1	8	0	0:00:02.071710
1840	8	9	4	0	0:00:02.081901
1860	8	8	8	1	0:00:02.074381
1880	1	1	8	1	0:00:02.081549
1900	8	8	8	1	0:00:02.071333
1920	2	2	2	1	0:00:02.078895
1940	5	3	3	0	0:00:02.079620
1960	2	5	5	0	0:00:02.072593
1980	9	9	4	1	0:00:02.074921
2000	1	6	6	0	0:00:02.072930
2020	9	9	9	1	0:00:02.076730
2040	0	8	8	0	0:00:02.071492
2060	5	5	3	1	0:00:02.075362
2080	1	9	6	0	0:00:02.075683
2100	2	4	4	0	0:00:02.078383
2120	4	8	8	0	0:00:02.072675
2140	9	9	1	1	0:00:02.073207
2160	0	8	8	0	0:00:02.072765
2180	4	4	4	1	0:00:02.070964
2200	0	2	2	0	0:00:02.069357
2220	1	1	4	1	0:00:02.086032
2240	9	9	8	1	0:00:02.077938
2260	4	7	4	0	0:00:02.072969
2280	4	8	8	0	0:00:02.076843
2300	3	2	4	0	0:00:02.082357
2320	5	-1	8	0	0:00:02.099539
2340	7	7	7	1	0:00:02.096232
2360	7	-1	3	0	0:00:02.069197
2380	8	8	8	1	0:00:02.061677
2400	0	0	0	1	0:00:02.065600
2420	8	5	5	0	0:00:02.075471
2440	7	7	8	1	0:00:02.062199
2460	9	3	3	0	0:00:02.076583
2480	8	8	8	1	0:00:02.064375
2500	4	2	2	0	0:00:02.069057
2520	1	9	8	0	0:00:02.075326
2540	2	3	3	0	0:00:02.076587
2560	7	7	4	1	0:00:02.072046
2580	6	4	4	0	0:00:02.060750
2600	8	8	8	1	0:00:02.063745
2620	1	4	4	0	0:00:02.064561
2640	7	7	6	1	0:00:02.061908
2660	3	2	2	0	0:00:02.071959
2680	0	0	0	1	0:00:02.068003
2700	9	1	0	0	0:00:02.065197
2720	3	2	2	0	0:00:02.065566
2740	1	1	1	1	0:00:02.076583
2760	2	4	4	0	0:00:02.081052
2780	7	7	7	1	0:00:02.069917
2800	4	6	4	0	0:00:02.070983
2820	6	6	4	1	0:00:02.081046
2840	3	3	3	1	0:00:02.070613
2860	5	-1	6	0	0:00:02.070004
2880	4	4	4	1	0:00:02.076670
2900	3	2	2	0	0:00:02.076662
2920	2	5	5	0	0:00:02.068496
2940	3	0	0	0	0:00:02.096420
2960	9	9	8	1	0:00:02.081291
2980	8	1	8	0	0:00:02.097909
3000	5	5	5	1	0:00:02.127782
3020	1	1	8	1	0:00:02.063904
3040	7	7	7	1	0:00:02.072817
3060	7	7	7	1	0:00:02.070985
3080	1	7	4	0	0:00:02.076118
3100	0	0	0	1	0:00:02.081229
3120	4	6	2	0	0:00:02.076515
3140	8	8	8	1	0:00:02.072689
3160	6	4	4	0	0:00:02.073879
3180	3	7	8	0	0:00:02.076266
3200	5	7	7	0	0:00:02.073897
3220	3	9	3	0	0:00:02.074496
3240	4	1	8	0	0:00:02.080659
3260	7	0	0	0	0:00:02.072359
3280	3	5	0	0	0:00:02.074186
3300	4	6	4	0	0:00:02.075240
3320	2	7	7	0	0:00:02.072019
3340	6	6	4	1	0:00:02.072069
3360	4	6	6	0	0:00:02.074288
3380	8	1	8	0	0:00:02.082741
3400	6	4	4	0	0:00:02.078269
3420	5	4	4	0	0:00:02.071822
3440	2	9	3	0	0:00:02.076979
3460	1	1	4	1	0:00:02.100533
3480	2	2	2	1	0:00:02.090311
3500	1	1	4	1	0:00:02.070038
3520	1	1	1	1	0:00:02.058395
3540	6	6	4	1	0:00:02.061146
3560	1	9	0	0	0:00:02.063308
3580	4	1	4	0	0:00:02.060125
3600	4	2	2	0	0:00:02.071763
3620	0	6	6	0	0:00:02.069874
3640	6	2	2	0	0:00:02.061054
3660	0	8	8	0	0:00:02.077502
3680	0	2	2	0	0:00:02.060360
3700	3	-1	4	0	0:00:02.063791
3720	2	2	2	1	0:00:02.061908
3740	0	0	8	1	0:00:02.058177
3760	7	7	7	1	0:00:02.065839
3780	4	2	2	0	0:00:02.058578
3800	9	9	3	1	0:00:02.067659
3820	0	2	2	0	0:00:02.074019
3840	6	3	3	0	0:00:02.059741
3860	7	7	7	1	0:00:02.062439
3880	6	4	4	0	0:00:02.064119
3900	3	1	1	0	0:00:02.061022
3920	7	9	8	0	0:00:02.073935
3940	6	7	4	0	0:00:02.081786
3960	2	5	5	0	0:00:02.077892
3980	9	7	7	0	0:00:02.079247
4000	8	7	0	0	0:00:02.080756
4020	8	1	8	0	0:00:02.085748
4040	0	0	0	1	0:00:02.080229
4060	6	3	3	0	0:00:02.090491
4080	1	8	8	0	0:00:02.068503
4100	7	7	7	1	0:00:02.075821
4120	4	0	0	0	0:00:02.063181
4140	5	3	3	0	0:00:02.072927
4160	5	2	2	0	0:00:02.070777
4180	0	8	8	0	0:00:02.061109
4200	4	2	2	0	0:00:02.068442
4220	4	0	0	0	0:00:02.065019
4240	7	0	0	0	0:00:02.065243
4260	8	-1	8	0	0:00:02.057534
4280	8	-1	8	0	0:00:02.077787
4300	8	8	8	1	0:00:02.073842
4320	1	8	8	0	0:00:02.067911
4340	0	0	8	1	0:00:02.069072
4360	6	9	6	0	0:00:02.072677
4380	9	9	8	1	0:00:02.070737
4400	3	4	4	0	0:00:02.072395
4420	5	8	8	0	0:00:02.068496
4440	2	6	2	0	0:00:02.067134
4460	9	1	8	0	0:00:02.073427
4480	9	9	3	1	0:00:02.062755
4500	3	6	6	0	0:00:02.074984
4520	3	6	6	0	0:00:02.068247
4540	9	9	9	1	0:00:02.081931
4560	1	1	4	1	0:00:02.081897
4580	6	4	4	0	0:00:02.065965
4600	4	7	4	0	0:00:02.077108
4620	7	3	3	0	0:00:02.087000
4640	2	3	4	0	0:00:02.098357
4660	7	4	2	0	0:00:02.080768
4680	9	1	1	0	0:00:02.068997
4700	6	1	4	0	0:00:02.067477
4720	8	0	0	0	0:00:02.083862
4740	5	3	4	0	0:00:02.070032
4760	3	3	4	1	0:00:02.069848
4780	0	0	8	1	0:00:02.072256
4800	9	9	9	1	0:00:02.082972
4820	3	5	5	0	0:00:02.064296
4840	0	0	0	1	0:00:02.078160
4860	5	3	3	0	0:00:02.067990
4880	0	2	2	0	0:00:02.064279
4900	3	6	6	0	0:00:02.065370
4920	7	7	4	1	0:00:02.060296
4940	6	4	2	0	0:00:02.077712
4960	4	3	3	0	0:00:02.059766
4980	1	9	0	0	0:00:02.061456
5000	7	7	7	1	0:00:02.075242
5020	8	1	8	0	0:00:02.075867
5040	3	3	4	1	0:00:02.073720
5060	6	2	4	0	0:00:02.070472
5080	7	7	7	1	0:00:02.076930
5100	3	3	3	1	0:00:02.076928
5120	9	9	8	1	0:00:02.072694
5140	8	8	8	1	0:00:02.080394
5160	0	8	8	0	0:00:02.082546
5180	9	6	4	0	0:00:02.089268
5200	3	3	3	1	0:00:02.133021
5220	0	0	0	1	0:00:02.076638
5240	1	9	2	0	0:00:02.082812
5260	0	0	0	1	0:00:02.072277
5280	0	8	8	0	0:00:02.071207
5300	9	-1	9	0	0:00:02.077975
5320	7	7	7	1	0:00:02.074950
5340	3	4	4	0	0:00:02.079034
5360	9	9	9	1	0:00:02.077161
5380	1	9	9	0	0:00:02.089810
5400	9	0	8	0	0:00:02.078127
5420	6	6	6	1	0:00:02.073886
5440	9	9	9	1	0:00:02.071425
5460	0	7	7	0	0:00:02.076428
5480	1	1	8	1	0:00:02.069385
5500	8	1	8	0	0:00:02.060795
5520	4	3	3	0	0:00:02.067708
5540	5	6	2	0	0:00:02.074889
5560	3	6	6	0	0:00:02.067332
5580	5	6	6	0	0:00:02.070431
5600	6	-1	0	0	0:00:02.062862
5620	3	2	2	0	0:00:02.075297
5640	2	5	3	0	0:00:02.096929
5660	9	-1	8	0	0:00:02.173193
5680	2	1	8	0	0:00:02.100770
5700	3	6	6	0	0:00:02.167807
5720	9	9	9	1	0:00:02.167534
5740	6	4	4	0	0:00:02.132047
5760	2	2	2	1	0:00:02.169160
5780	7	7	4	1	0:00:02.075721
5800	2	6	4	0	0:00:02.076355
5820	5	6	6	0	0:00:02.092510
5840	2	6	6	0	0:00:02.079196
5860	0	8	8	0	0:00:02.081649
5880	0	8	0	0	0:00:02.079534
5900	4	3	4	0	0:00:02.075598
5920	8	8	8	1	0:00:02.070727
5940	7	4	4	0	0:00:02.072145
5960	2	-1	4	0	0:00:02.068214
5980	9	9	6	1	0:00:02.074800
6000	8	9	8	0	0:00:02.065607
6020	6	-1	6	0	0:00:02.081119
6040	2	7	7	0	0:00:02.069229
6060	3	4	4	0	0:00:02.065760
6080	1	9	6	0	0:00:02.069913
6100	1	1	8	1	0:00:02.068510
6120	5	5	5	1	0:00:02.073060
6140	9	9	7	1	0:00:02.070894
6160	2	5	5	0	0:00:02.072355
6180	0	9	8	0	0:00:02.080579
6200	3	9	3	0	0:00:02.081521
6220	2	6	5	0	0:00:02.074080
6240	2	1	4	0	0:00:02.076417
6260	2	9	4	0	0:00:02.073900
6280	8	5	4	0	0:00:02.082102
6300	1	7	4	0	0:00:02.069170
6320	0	0	0	1	0:00:02.071194
6340	3	3	3	1	0:00:02.077386
6360	2	6	2	0	0:00:02.129794
6380	3	6	6	0	0:00:02.082681
6400	0	1	4	0	0:00:02.076265
6420	7	7	8	1	0:00:02.097525
6440	3	9	8	0	0:00:02.117693
6460	3	1	4	0	0:00:02.083469
6480	0	0	2	1	0:00:02.082356
6500	7	0	8	0	0:00:02.130186
6520	6	4	4	0	0:00:02.139313
6540	8	8	8	1	0:00:02.137356
6560	6	6	4	1	0:00:02.078622
6580	1	2	2	0	0:00:02.115177
6600	7	7	7	1	0:00:02.099223
6620	7	7	7	1	0:00:02.134292
6640	5	3	8	0	0:00:02.101579
6660	0	0	8	1	0:00:02.075140
6680	3	5	5	0	0:00:02.130833
6700	6	6	2	1	0:00:02.134549
6720	2	-1	2	0	0:00:02.088875
6740	2	-1	4	0	0:00:02.074779
6760	5	3	6	0	0:00:02.070738
6780	7	7	7	1	0:00:02.070398
6800	6	2	4	0	0:00:02.077825
6820	1	1	1	1	0:00:02.075620
6840	9	9	9	1	0:00:02.074412
6860	0	0	2	1	0:00:02.072368
6880	2	7	6	0	0:00:02.072193
6900	3	7	4	0	0:00:02.070560
6920	5	2	2	0	0:00:02.078327
6940	1	1	1	1	0:00:02.092136
6960	9	8	8	0	0:00:02.078840
6980	0	9	8	0	0:00:02.073542
7000	2	8	8	0	0:00:02.067080
7020	7	7	7	1	0:00:02.062874
7040	7	8	8	0	0:00:02.065717
7060	8	0	8	0	0:00:02.070982
7080	5	4	4	0	0:00:02.071352
7100	9	3	3	0	0:00:02.078034
7120	7	5	6	0	0:00:02.071031
7140	4	1	4	0	0:00:02.068252
7160	5	4	4	0	0:00:02.067885
7180	6	6	6	1	0:00:02.069731
7200	4	6	2	0	0:00:02.064962
7220	9	9	8	1	0:00:02.068223
7240	0	8	8	0	0:00:02.063824
7260	1	8	8	0	0:00:02.073415
7280	1	9	6	0	0:00:02.069651
7300	3	7	4	0	0:00:02.067014
7320	8	0	8	0	0:00:02.079680
7340	2	4	4	0	0:00:02.071286
7360	2	4	4	0	0:00:02.107170
7380	7	7	7	1	0:00:02.076764
7400	3	3	3	1	0:00:02.114242
7420	3	0	0	0	0:00:02.131974
7440	3	3	2	1	0:00:02.116874
7460	5	5	5	1	0:00:02.133649
7480	1	8	8	0	0:00:02.109035
7500	6	6	6	1	0:00:02.084059
7520	4	6	4	0	0:00:02.066791
7540	5	5	5	1	0:00:02.138977
7560	0	9	4	0	0:00:02.119644
7580	8	8	8	1	0:00:02.111249
7600	8	9	8	0	0:00:02.074087
7620	5	9	3	0	0:00:02.168996
7640	9	9	6	1	0:00:02.148739
7660	7	9	4	0	0:00:02.104198
7680	3	9	3	0	0:00:02.162303
7700	6	6	6	1	0:00:02.102278
7720	5	5	4	1	0:00:02.144547
7740	4	6	2	0	0:00:02.154739
7760	2	9	6	0	0:00:02.106745
7780	3	1	8	0	0:00:02.077994
7800	0	0	8	1	0:00:02.073220
7820	5	8	8	0	0:00:02.076453
7840	1	1	1	1	0:00:02.079836
7860	8	7	4	0	0:00:02.077806
7880	0	0	0	1	0:00:02.075481
7900	0	8	8	0	0:00:02.083854
7920	9	8	8	0	0:00:02.071592
7940	2	6	6	0	0:00:02.077961
7960	0	0	2	1	0:00:02.071896
7980	3	7	4	0	0:00:02.083172
8000	9	9	9	1	0:00:02.078271
8020	6	3	3	0	0:00:02.074701
8040	2	-1	4	0	0:00:02.071181
8060	6	6	4	1	0:00:02.083963
8080	4	6	2	0	0:00:02.080748
8100	6	2	2	0	0:00:02.085565
8120	8	9	8	0	0:00:02.081013
8140	5	4	4	0	0:00:02.075910
8160	6	9	6	0	0:00:02.080517
8180	4	4	4	1	0:00:02.073388
8200	3	6	2	0	0:00:02.075881
8220	6	2	2	0	0:00:02.071782
8240	7	7	7	1	0:00:02.075766
8260	1	3	3	0	0:00:02.078330
8280	4	5	3	0	0:00:02.085232
8300	5	2	2	0	0:00:02.071480
8320	7	3	4	0	0:00:02.076385
8340	5	3	4	0	0:00:02.081187
8360	7	7	4	1	0:00:02.068238
8380	9	9	8	1	0:00:02.076049
8400	0	8	8	0	0:00:02.080378
8420	3	-1	4	0	0:00:02.079258
8440	5	3	4	0	0:00:02.070066
8460	8	8	8	1	0:00:02.074635
8480	2	1	8	0	0:00:02.078479
8500	4	-1	2	0	0:00:02.163009
8520	8	1	4	0	0:00:02.102714
8540	4	6	2	0	0:00:02.075495
8560	7	7	4	1	0:00:02.071961
8580	3	0	2	0	0:00:02.086825
8600	3	7	4	0	0:00:02.073683
8620	3	1	4	0	0:00:02.075141
8640	1	1	1	1	0:00:02.077130
8660	7	7	5	1	0:00:02.086730
8680	3	9	8	0	0:00:02.089627
8700	3	3	3	1	0:00:02.069825
8720	2	0	0	0	0:00:02.065726
8740	2	4	4	0	0:00:02.107942
8760	8	8	8	1	0:00:02.078938
8780	4	-1	4	0	0:00:02.078473
8800	0	0	0	1	0:00:02.064639
8820	2	-1	3	0	0:00:02.065833
8840	2	1	7	0	0:00:02.069739
8860	2	6	6	0	0:00:02.061834
8880	1	9	6	0	0:00:02.067735
8900	2	6	4	0	0:00:02.079613
8920	6	6	6	1	0:00:02.071714
8940	6	3	3	0	0:00:02.068601
8960	0	0	0	1	0:00:02.072206
8980	9	9	8	1	0:00:02.074310
9000	8	8	8	1	0:00:02.066290
9020	7	9	8	0	0:00:02.130865
9040	2	5	5	0	0:00:02.090328
9060	9	5	5	0	0:00:02.118292
9080	3	0	0	0	0:00:02.139389
9100	9	6	6	0	0:00:02.102419
9120	3	0	0	0	0:00:02.068231
9140	7	9	8	0	0:00:02.071867
9160	5	5	4	1	0:00:02.071823
9180	5	5	5	1	0:00:02.064944
9200	8	8	8	1	0:00:02.063571
9220	8	8	8	1	0:00:02.088192
9240	8	8	8	1	0:00:02.085925
9260	5	-1	5	0	0:00:02.072495
9280	9	-1	8	0	0:00:02.068146
9300	5	3	2	0	0:00:02.069115
9320	9	9	8	1	0:00:02.072180
9340	1	1	1	1	0:00:02.074531
9360	5	-1	4	0	0:00:02.072070
9380	5	9	3	0	0:00:02.073012
9400	6	4	4	0	0:00:02.074704
9420	5	-1	6	0	0:00:02.067534
9440	8	8	8	1	0:00:02.076913
9460	3	7	6	0	0:00:02.071692
9480	2	4	4	0	0:00:02.073065
9500	9	1	4	0	0:00:02.067983
9520	1	1	1	1	0:00:02.073480
9540	5	3	4	0	0:00:02.126678
9560	9	7	7	0	0:00:02.133174
9580	1	4	4	0	0:00:02.130062
9600	8	8	8	1	0:00:02.088381
9620	4	7	4	0	0:00:02.078622
9640	5	0	6	0	0:00:02.076877
9660	6	6	6	1	0:00:02.079013
9680	8	8	8	1	0:00:02.080729
9700	0	0	2	1	0:00:02.078647
9720	8	6	6	0	0:00:02.075120
9740	3	6	4	0	0:00:02.081866
9760	9	7	4	0	0:00:02.073026
9780	4	6	4	0	0:00:02.085480
9800	1	1	1	1	0:00:02.083440
9820	0	8	8	0	0:00:02.081073
9840	4	5	5	0	0:00:02.103328
9860	0	5	8	0	0:00:02.071128
9880	7	4	4	0	0:00:02.091550
9900	8	0	6	0	0:00:02.075692
9920	6	4	2	0	0:00:02.074547
9940	4	-1	6	0	0:00:02.091690
9960	2	0	0	0	0:00:02.072114
9980	0	0	0	1	0:00:02.070701
