idx	label	predict	basePredict	correct	time
0	3	2	2	0	0:00:02.910766
20	7	1	9	0	0:00:02.830612
40	4	1	8	0	0:00:02.819165
60	7	-1	4	0	0:00:02.807922
80	8	8	8	1	0:00:02.802140
100	4	3	3	0	0:00:02.792278
120	8	8	8	1	0:00:02.821307
140	6	2	2	0	0:00:02.785575
160	2	0	2	0	0:00:02.810342
180	0	0	8	1	0:00:02.812186
200	5	7	3	0	0:00:02.849529
220	7	7	7	1	0:00:02.850011
240	1	1	8	1	0:00:02.828817
260	8	3	6	0	0:00:02.848346
280	9	9	9	1	0:00:02.805072
300	6	6	4	1	0:00:02.790416
320	3	2	2	0	0:00:02.825984
340	2	4	4	0	0:00:02.783738
360	9	7	6	0	0:00:02.791809
380	6	6	4	1	0:00:02.809013
400	9	1	1	0	0:00:03.008874
420	4	6	6	0	0:00:02.810570
440	1	1	6	1	0:00:02.796680
460	5	5	4	1	0:00:02.798292
480	8	9	9	0	0:00:02.794907
500	4	6	6	0	0:00:02.803461
520	5	7	7	0	0:00:02.896288
540	1	9	8	0	0:00:02.829713
560	0	0	8	1	0:00:02.817827
580	4	6	4	0	0:00:02.860878
600	8	8	8	1	0:00:02.878127
620	7	6	4	0	0:00:02.796928
640	5	3	3	0	0:00:02.812280
660	9	9	9	1	0:00:02.825427
680	9	7	4	0	0:00:02.815167
700	7	0	4	0	0:00:02.877014
720	4	9	9	0	0:00:02.854142
740	2	5	3	0	0:00:02.806196
760	3	-1	7	0	0:00:02.813035
780	9	1	8	0	0:00:02.792161
800	7	7	7	1	0:00:02.831330
820	6	1	8	0	0:00:02.822238
840	7	7	7	1	0:00:02.803784
860	4	4	4	1	0:00:02.844191
880	8	8	8	1	0:00:02.817281
900	2	6	4	0	0:00:02.830896
920	6	4	2	0	0:00:02.793204
940	9	1	9	0	0:00:02.811492
960	9	9	4	1	0:00:02.807878
980	2	6	6	0	0:00:02.889189
1000	5	5	5	1	0:00:02.109553
1020	1	8	8	0	0:00:02.111299
1040	7	5	5	0	0:00:02.095962
1060	9	9	8	1	0:00:02.138413
1080	6	6	6	1	0:00:02.104594
1100	7	8	8	0	0:00:02.107804
1120	5	2	2	0	0:00:02.115924
1140	6	4	4	0	0:00:02.121546
1160	8	0	8	0	0:00:02.084526
1180	3	3	8	1	0:00:02.105303
1200	8	0	0	0	0:00:02.086187
1220	9	6	6	0	0:00:02.088463
1240	2	6	6	0	0:00:02.083467
1260	1	9	9	0	0:00:02.090447
1280	3	7	7	0	0:00:02.102972
1300	4	3	3	0	0:00:02.105279
1320	7	2	2	0	0:00:02.106814
1340	1	1	8	1	0:00:02.103901
1360	7	7	4	1	0:00:02.105266
1380	4	5	5	0	0:00:02.113983
1400	5	6	2	0	0:00:02.140001
1420	4	7	7	0	0:00:02.132096
1440	0	8	8	0	0:00:02.181156
1460	6	6	4	1	0:00:02.107414
1480	1	7	7	0	0:00:02.104968
1500	1	9	8	0	0:00:02.104862
1520	7	6	4	0	0:00:02.102725
1540	8	8	8	1	0:00:02.109572
1560	7	7	7	1	0:00:02.099060
1580	6	1	1	0	0:00:02.106413
1600	8	6	6	0	0:00:02.111160
1620	5	8	8	0	0:00:02.126086
1640	7	5	3	0	0:00:02.090431
1660	3	4	4	0	0:00:02.098959
1680	6	6	6	1	0:00:02.108216
1700	5	2	2	0	0:00:02.093642
1720	4	0	2	0	0:00:02.084136
1740	1	9	9	0	0:00:02.088593
1760	0	8	8	0	0:00:02.089383
1780	7	9	8	0	0:00:02.094402
1800	4	8	8	0	0:00:02.093716
1820	8	1	8	0	0:00:02.097661
1840	8	9	4	0	0:00:02.091207
1860	8	8	8	1	0:00:02.093013
1880	1	1	8	1	0:00:02.103325
1900	8	8	8	1	0:00:02.103578
1920	2	5	2	0	0:00:02.118938
1940	5	3	3	0	0:00:02.105225
1960	2	5	5	0	0:00:02.123539
1980	9	9	2	1	0:00:02.088784
2000	1	6	6	0	0:00:02.094590
2020	9	9	9	1	0:00:02.121682
2040	0	8	8	0	0:00:02.088555
2060	5	5	3	1	0:00:02.086558
2080	1	9	8	0	0:00:02.101102
2100	2	4	4	0	0:00:02.108053
2120	4	8	8	0	0:00:02.087411
2140	9	1	1	0	0:00:02.087718
2160	0	8	8	0	0:00:02.086692
2180	4	4	4	1	0:00:02.088607
2200	0	2	2	0	0:00:02.091980
2220	1	1	4	1	0:00:02.093760
2240	9	-1	8	0	0:00:02.094074
2260	4	7	4	0	0:00:02.090156
2280	4	-1	8	0	0:00:02.102101
2300	3	2	4	0	0:00:02.101107
2320	5	8	8	0	0:00:02.083042
2340	7	7	7	1	0:00:02.088438
2360	7	7	3	1	0:00:02.084972
2380	8	0	8	0	0:00:02.088836
2400	0	4	4	0	0:00:02.081221
2420	8	5	5	0	0:00:02.083021
2440	7	7	8	1	0:00:02.083798
2460	9	3	3	0	0:00:02.095693
2480	8	8	8	1	0:00:02.103739
2500	4	-1	4	0	0:00:02.104491
2520	1	9	8	0	0:00:02.103834
2540	2	3	3	0	0:00:02.087446
2560	7	7	4	1	0:00:02.088456
2580	6	7	4	0	0:00:02.090129
2600	8	8	8	1	0:00:02.090529
2620	1	4	4	0	0:00:02.083026
2640	7	7	4	1	0:00:02.103150
2660	3	2	2	0	0:00:02.100336
2680	0	0	0	1	0:00:02.089319
2700	9	7	0	0	0:00:02.089661
2720	3	-1	2	0	0:00:02.090099
2740	1	1	1	1	0:00:02.088239
2760	2	4	4	0	0:00:02.084498
2780	7	7	6	1	0:00:02.089009
2800	4	6	6	0	0:00:02.089019
2820	6	6	6	1	0:00:02.094817
2840	3	3	3	1	0:00:02.100929
2860	5	9	6	0	0:00:02.084039
2880	4	4	4	1	0:00:02.089135
2900	3	2	2	0	0:00:02.079496
2920	2	5	5	0	0:00:02.084236
2940	3	0	0	0	0:00:02.083411
2960	9	9	8	1	0:00:02.087723
2980	8	1	8	0	0:00:02.083208
3000	5	5	5	1	0:00:02.083342
3020	1	1	8	1	0:00:02.081540
3040	7	7	7	1	0:00:02.085901
3060	7	7	7	1	0:00:02.093778
3080	1	6	2	0	0:00:02.102207
3100	0	0	0	1	0:00:02.089916
3120	4	6	2	0	0:00:02.095715
3140	8	8	8	1	0:00:02.086216
3160	6	4	4	0	0:00:02.084493
3180	3	9	8	0	0:00:02.088178
3200	5	7	7	0	0:00:02.094233
3220	3	9	9	0	0:00:02.087185
3240	4	1	8	0	0:00:02.092957
3260	7	0	6	0	0:00:02.085378
3280	3	0	0	0	0:00:02.093145
3300	4	6	4	0	0:00:02.092974
3320	2	7	7	0	0:00:02.094400
3340	6	4	4	0	0:00:02.091958
3360	4	2	2	0	0:00:02.087875
3380	8	1	8	0	0:00:02.088665
3400	6	4	4	0	0:00:02.097893
3420	5	4	4	0	0:00:02.091116
3440	2	9	3	0	0:00:02.087603
3460	1	1	4	1	0:00:02.094515
3480	2	2	2	1	0:00:02.093498
3500	1	1	4	1	0:00:02.090263
3520	1	1	1	1	0:00:02.081960
3540	6	6	2	1	0:00:02.090137
3560	1	7	7	0	0:00:02.093417
3580	4	1	4	0	0:00:02.091368
3600	4	6	2	0	0:00:02.090843
3620	0	7	7	0	0:00:02.109481
3640	6	2	2	0	0:00:02.108323
3660	0	8	8	0	0:00:02.107037
3680	0	2	2	0	0:00:02.093295
3700	3	6	4	0	0:00:02.085326
3720	2	2	2	1	0:00:02.083631
3740	0	0	8	1	0:00:02.085285
3760	7	7	7	1	0:00:02.091223
3780	4	4	2	1	0:00:02.083297
3800	9	3	3	0	0:00:02.080961
3820	0	2	2	0	0:00:02.086592
3840	6	8	8	0	0:00:02.085653
3860	7	7	7	1	0:00:02.093668
3880	6	4	4	0	0:00:02.090481
3900	3	6	6	0	0:00:02.090858
3920	7	1	8	0	0:00:02.092970
3940	6	7	4	0	0:00:02.086480
3960	2	5	5	0	0:00:02.095937
3980	9	7	7	0	0:00:02.081360
4000	8	7	4	0	0:00:02.083232
4020	8	-1	8	0	0:00:02.090515
4040	0	0	0	1	0:00:02.080969
4060	6	3	3	0	0:00:02.081522
4080	1	8	8	0	0:00:02.086648
4100	7	7	7	1	0:00:02.082854
4120	4	0	0	0	0:00:02.080563
4140	5	3	3	0	0:00:02.086637
4160	5	2	2	0	0:00:02.080947
4180	0	8	8	0	0:00:02.088479
4200	4	4	2	1	0:00:02.099797
4220	4	0	0	0	0:00:02.104202
4240	7	0	0	0	0:00:02.107210
4260	8	1	1	0	0:00:02.095427
4280	8	9	8	0	0:00:02.084929
4300	8	8	8	1	0:00:02.087920
4320	1	8	8	0	0:00:02.100904
4340	0	-1	8	0	0:00:02.091137
4360	6	9	3	0	0:00:02.090226
4380	9	8	8	0	0:00:02.098300
4400	3	4	4	0	0:00:02.110881
4420	5	8	8	0	0:00:02.085761
4440	2	6	2	0	0:00:02.098722
4460	9	8	8	0	0:00:02.083072
4480	9	6	6	0	0:00:02.085273
4500	3	6	6	0	0:00:02.091419
4520	3	9	6	0	0:00:02.083787
4540	9	9	9	1	0:00:02.093078
4560	1	1	4	1	0:00:02.086164
4580	6	4	4	0	0:00:02.088391
4600	4	7	4	0	0:00:02.095143
4620	7	3	3	0	0:00:02.086866
4640	2	3	4	0	0:00:02.104882
4660	7	4	4	0	0:00:02.092274
4680	9	1	1	0	0:00:02.087839
4700	6	1	4	0	0:00:02.085244
4720	8	0	0	0	0:00:02.084517
4740	5	6	4	0	0:00:02.084034
4760	3	3	4	1	0:00:02.089719
4780	0	0	8	1	0:00:02.100991
4800	9	9	9	1	0:00:02.102613
4820	3	5	5	0	0:00:02.103005
4840	0	0	0	1	0:00:02.087829
4860	5	3	3	0	0:00:02.086905
4880	0	2	2	0	0:00:02.087600
4900	3	6	6	0	0:00:02.085765
4920	7	7	0	1	0:00:02.082456
4940	6	4	2	0	0:00:02.087227
4960	4	3	3	0	0:00:02.084438
4980	1	9	0	0	0:00:02.088598
5000	7	7	7	1	0:00:02.094571
5020	8	1	8	0	0:00:02.078421
5040	3	-1	4	0	0:00:02.093576
5060	6	2	4	0	0:00:02.078283
5080	7	7	7	1	0:00:02.081112
5100	3	3	4	1	0:00:02.086339
5120	9	8	8	0	0:00:02.082592
5140	8	8	8	1	0:00:02.078379
5160	0	8	8	0	0:00:02.074437
5180	9	6	4	0	0:00:02.076648
5200	3	3	3	1	0:00:02.080664
5220	0	0	0	1	0:00:02.079533
5240	1	-1	2	0	0:00:02.080021
5260	0	0	0	1	0:00:02.078891
5280	0	8	8	0	0:00:02.077758
5300	9	1	1	0	0:00:02.076142
5320	7	3	3	0	0:00:02.085589
5340	3	4	4	0	0:00:02.080600
5360	9	9	3	1	0:00:02.100277
5380	1	9	9	0	0:00:02.093683
5400	9	0	8	0	0:00:02.100286
5420	6	-1	6	0	0:00:02.098654
5440	9	9	8	1	0:00:02.081073
5460	0	7	7	0	0:00:02.085265
5480	1	1	4	1	0:00:02.097404
5500	8	1	8	0	0:00:02.087366
5520	4	3	3	0	0:00:02.082803
5540	5	-1	2	0	0:00:02.094491
5560	3	6	4	0	0:00:02.095619
5580	5	6	6	0	0:00:02.082530
5600	6	0	0	0	0:00:02.099942
5620	3	2	2	0	0:00:02.094029
5640	2	5	3	0	0:00:02.081960
5660	9	0	8	0	0:00:02.087421
5680	2	8	8	0	0:00:02.093773
5700	3	6	6	0	0:00:02.098092
5720	9	9	9	1	0:00:02.091206
5740	6	4	4	0	0:00:02.092346
5760	2	0	2	0	0:00:02.087081
5780	7	7	4	1	0:00:02.097003
5800	2	-1	4	0	0:00:02.093651
5820	5	6	6	0	0:00:02.094725
5840	2	6	6	0	0:00:02.092940
5860	0	9	8	0	0:00:02.086967
5880	0	8	0	0	0:00:02.088425
5900	4	3	4	0	0:00:02.089626
5920	8	8	8	1	0:00:02.104974
5940	7	4	4	0	0:00:02.107808
5960	2	6	4	0	0:00:02.101943
5980	9	9	8	1	0:00:02.090747
6000	8	9	8	0	0:00:02.085321
6020	6	6	6	1	0:00:02.088506
6040	2	7	7	0	0:00:02.076914
6060	3	4	4	0	0:00:02.077117
6080	1	9	6	0	0:00:02.077524
6100	1	1	8	1	0:00:02.074394
6120	5	5	5	1	0:00:02.086735
6140	9	9	9	1	0:00:02.092575
6160	2	5	5	0	0:00:02.079671
6180	0	9	8	0	0:00:02.090249
6200	3	0	2	0	0:00:02.090587
6220	2	-1	5	0	0:00:02.088548
6240	2	1	4	0	0:00:02.074396
6260	2	9	8	0	0:00:02.078386
6280	8	5	4	0	0:00:02.093588
6300	1	7	4	0	0:00:02.089055
6320	0	0	0	1	0:00:02.088091
6340	3	3	3	1	0:00:02.085606
6360	2	6	2	0	0:00:02.086564
6380	3	-1	6	0	0:00:02.089750
6400	0	1	4	0	0:00:02.092234
6420	7	8	8	0	0:00:02.092107
6440	3	0	0	0	0:00:02.087373
6460	3	1	4	0	0:00:02.085586
6480	0	0	0	1	0:00:02.084046
6500	7	6	6	0	0:00:02.096813
6520	6	4	4	0	0:00:02.100369
6540	8	-1	8	0	0:00:02.101466
6560	6	7	4	0	0:00:02.083022
6580	1	2	2	0	0:00:02.087221
6600	7	7	7	1	0:00:02.090321
6620	7	7	7	1	0:00:02.085457
6640	5	8	8	0	0:00:02.084410
6660	0	0	8	1	0:00:02.077923
6680	3	5	5	0	0:00:02.080049
6700	6	2	2	0	0:00:02.092394
6720	2	-1	2	0	0:00:02.082812
6740	2	6	4	0	0:00:02.087732
6760	5	3	2	0	0:00:02.093689
6780	7	7	7	1	0:00:02.089036
6800	6	2	4	0	0:00:02.100483
6820	1	1	8	1	0:00:02.089651
6840	9	1	1	0	0:00:02.092923
6860	0	2	2	0	0:00:02.086626
6880	2	7	7	0	0:00:02.089441
6900	3	7	4	0	0:00:02.079706
6920	5	2	2	0	0:00:02.079454
6940	1	1	1	1	0:00:02.091529
6960	9	8	8	0	0:00:02.088767
6980	0	1	8	0	0:00:02.088636
7000	2	8	8	0	0:00:02.077604
7020	7	1	8	0	0:00:02.090728
7040	7	8	8	0	0:00:02.085928
7060	8	0	8	0	0:00:02.087533
7080	5	4	4	0	0:00:02.099013
7100	9	3	3	0	0:00:02.100096
7120	7	5	6	0	0:00:02.099858
7140	4	1	4	0	0:00:02.082638
7160	5	4	4	0	0:00:02.085907
7180	6	6	6	1	0:00:02.090582
7200	4	6	2	0	0:00:02.083974
7220	9	9	8	1	0:00:02.086223
7240	0	8	8	0	0:00:02.099458
7260	1	8	8	0	0:00:02.088739
7280	1	6	4	0	0:00:02.090732
7300	3	7	7	0	0:00:02.083567
7320	8	0	8	0	0:00:02.081415
7340	2	4	4	0	0:00:02.089191
7360	2	4	4	0	0:00:02.091635
7380	7	7	7	1	0:00:02.086920
7400	3	9	3	0	0:00:02.089322
7420	3	0	0	0	0:00:02.090676
7440	3	6	2	0	0:00:02.088789
7460	5	5	5	1	0:00:02.083759
7480	1	8	4	0	0:00:02.081208
7500	6	6	6	1	0:00:02.090195
7520	4	6	4	0	0:00:02.081599
7540	5	5	5	1	0:00:02.091384
7560	0	9	4	0	0:00:02.080009
7580	8	-1	8	0	0:00:02.093214
7600	8	9	8	0	0:00:02.080814
7620	5	9	3	0	0:00:02.089390
7640	9	3	6	0	0:00:02.108714
7660	7	9	4	0	0:00:02.118138
7680	3	9	3	0	0:00:02.103428
7700	6	6	6	1	0:00:02.074710
7720	5	2	4	0	0:00:02.087445
7740	4	6	2	0	0:00:02.088518
7760	2	9	6	0	0:00:02.091046
7780	3	1	8	0	0:00:02.098506
7800	0	0	8	1	0:00:02.086208
7820	5	8	8	0	0:00:02.093293
7840	1	1	1	1	0:00:02.097473
7860	8	1	4	0	0:00:02.088282
7880	0	0	0	1	0:00:02.093281
7900	0	4	2	0	0:00:02.092875
7920	9	8	8	0	0:00:02.095572
7940	2	6	6	0	0:00:02.099643
7960	0	2	2	0	0:00:02.107415
7980	3	7	4	0	0:00:02.102325
8000	9	9	9	1	0:00:02.096513
8020	6	3	3	0	0:00:02.090989
8040	2	2	4	1	0:00:02.107384
8060	6	6	4	1	0:00:02.093298
8080	4	6	2	0	0:00:02.088554
8100	6	2	2	0	0:00:02.089464
8120	8	9	8	0	0:00:02.095377
8140	5	4	4	0	0:00:02.090929
8160	6	9	6	0	0:00:02.092303
8180	4	4	4	1	0:00:02.096300
8200	3	7	2	0	0:00:02.089074
8220	6	7	2	0	0:00:02.096530
8240	7	7	4	1	0:00:02.109069
8260	1	3	3	0	0:00:02.095211
8280	4	5	3	0	0:00:02.086599
8300	5	2	2	0	0:00:02.075009
8320	7	4	4	0	0:00:02.081451
8340	5	3	4	0	0:00:02.084221
8360	7	7	4	1	0:00:02.095283
8380	9	9	8	1	0:00:02.093328
8400	0	8	8	0	0:00:02.084250
8420	3	4	4	0	0:00:02.083113
8440	5	-1	4	0	0:00:02.081329
8460	8	8	8	1	0:00:02.080935
8480	2	1	8	0	0:00:02.082723
8500	4	4	2	1	0:00:02.078580
8520	8	1	4	0	0:00:02.087580
8540	4	2	2	0	0:00:02.094909
8560	7	7	4	1	0:00:02.085961
8580	3	0	2	0	0:00:02.078262
8600	3	6	4	0	0:00:02.090286
8620	3	1	4	0	0:00:02.077677
8640	1	1	8	1	0:00:02.089236
8660	7	5	5	0	0:00:02.081317
8680	3	9	8	0	0:00:02.088338
8700	3	3	3	1	0:00:02.088009
8720	2	0	0	0	0:00:02.086675
8740	2	-1	4	0	0:00:02.088844
8760	8	-1	5	0	0:00:02.086648
8780	4	7	4	0	0:00:02.079640
8800	0	0	0	1	0:00:02.097476
8820	2	3	3	0	0:00:02.093864
8840	2	1	7	0	0:00:02.104841
8860	2	2	2	1	0:00:02.099140
8880	1	9	6	0	0:00:02.094058
8900	2	6	4	0	0:00:02.090879
8920	6	6	6	1	0:00:02.093724
8940	6	3	3	0	0:00:02.089298
8960	0	0	0	1	0:00:02.089891
8980	9	9	8	1	0:00:02.085344
9000	8	8	8	1	0:00:02.098614
9020	7	9	8	0	0:00:02.082596
9040	2	5	5	0	0:00:02.086969
9060	9	5	5	0	0:00:02.094493
9080	3	0	0	0	0:00:02.090586
9100	9	6	6	0	0:00:02.136262
9120	3	0	0	0	0:00:02.093177
9140	7	1	8	0	0:00:02.174492
9160	5	7	4	0	0:00:02.125654
9180	5	5	5	1	0:00:02.096346
9200	8	8	8	1	0:00:02.094208
9220	8	8	8	1	0:00:02.092933
9240	8	8	8	1	0:00:02.099773
9260	5	6	5	0	0:00:02.115692
9280	9	8	8	0	0:00:02.153595
9300	5	3	2	0	0:00:02.108011
9320	9	9	8	1	0:00:02.128324
9340	1	1	1	1	0:00:02.114789
9360	5	6	2	0	0:00:02.100035
9380	5	9	3	0	0:00:02.119732
9400	6	6	2	1	0:00:02.153821
9420	5	6	6	0	0:00:02.129567
9440	8	8	8	1	0:00:02.110030
9460	3	-1	6	0	0:00:02.110193
9480	2	4	4	0	0:00:02.131855
9500	9	-1	4	0	0:00:02.107779
9520	1	1	1	1	0:00:02.125829
9540	5	3	4	0	0:00:02.103248
9560	9	7	7	0	0:00:02.136074
9580	1	4	4	0	0:00:02.095733
9600	8	8	8	1	0:00:02.114714
9620	4	7	7	0	0:00:02.111055
9640	5	6	6	0	0:00:02.096080
9660	6	6	6	1	0:00:02.101652
9680	8	8	8	1	0:00:02.106773
9700	0	0	2	1	0:00:02.105681
9720	8	6	6	0	0:00:02.082917
9740	3	4	4	0	0:00:02.076393
9760	9	7	4	0	0:00:02.083336
9780	4	6	4	0	0:00:02.087065
9800	1	1	1	1	0:00:02.086075
9820	0	8	2	0	0:00:02.081122
9840	4	3	3	0	0:00:02.081205
9860	0	5	8	0	0:00:02.088343
9880	7	4	4	0	0:00:02.122348
9900	8	0	8	0	0:00:02.101154
9920	6	4	2	0	0:00:02.130237
9940	4	7	7	0	0:00:02.157756
9960	2	0	0	0	0:00:02.124957
9980	0	0	0	1	0:00:02.112653
