idx	label	predict	basePredict	correct	time
0	3	-1	4	0	0:00:01.438722
20	7	9	9	0	0:00:01.300411
40	4	8	8	0	0:00:01.281327
60	7	2	2	0	0:00:01.265377
80	8	8	8	1	0:00:01.269539
100	4	-1	0	0	0:00:01.292583
120	8	8	8	1	0:00:01.277579
140	6	-1	0	0	0:00:01.282586
160	2	0	0	0	0:00:01.293746
180	0	0	0	1	0:00:01.301148
200	5	7	7	0	0:00:01.302701
220	7	7	7	1	0:00:01.274054
240	1	1	1	1	0:00:01.281217
260	8	5	5	0	0:00:01.266882
280	9	9	8	1	0:00:01.269801
300	6	4	4	0	0:00:01.287860
320	3	-1	2	0	0:00:01.269586
340	2	4	4	0	0:00:01.306538
360	9	6	6	0	0:00:01.312292
380	6	8	8	0	0:00:01.301869
400	9	9	8	1	0:00:01.276457
420	4	6	6	0	0:00:01.275681
440	1	1	2	1	0:00:01.254878
460	5	7	4	0	0:00:01.212932
480	8	9	9	0	0:00:01.198100
500	4	9	6	0	0:00:01.247439
520	5	7	8	0	0:00:01.201210
540	1	8	8	0	0:00:01.202968
560	0	8	8	0	0:00:01.253925
580	4	6	6	0	0:00:01.254845
600	8	9	9	0	0:00:01.277295
620	7	-1	4	0	0:00:01.257451
640	5	6	6	0	0:00:01.264185
660	9	9	9	1	0:00:01.260142
680	9	9	9	1	0:00:01.265513
700	7	7	7	1	0:00:01.267298
720	4	9	9	0	0:00:01.261846
740	2	5	5	0	0:00:01.290942
760	3	9	9	0	0:00:01.307632
780	9	9	8	1	0:00:01.288812
800	7	7	7	1	0:00:01.308532
820	6	9	9	0	0:00:01.297732
840	7	7	7	1	0:00:01.346780
860	4	6	6	0	0:00:01.282487
880	8	8	8	1	0:00:01.286146
900	2	6	6	0	0:00:01.317402
920	6	2	2	0	0:00:01.302102
940	9	6	6	0	0:00:01.281974
960	9	9	4	1	0:00:01.304523
980	2	6	6	0	0:00:01.301746
1000	5	5	8	1	0:00:01.198702
1020	1	8	8	0	0:00:01.179875
1040	7	5	5	0	0:00:01.206156
1060	9	8	8	0	0:00:01.182140
1080	6	6	6	1	0:00:01.179826
1100	7	8	8	0	0:00:01.179518
1120	5	8	8	0	0:00:01.191834
1140	6	4	4	0	0:00:01.173039
1160	8	0	0	0	0:00:01.189044
1180	3	9	9	0	0:00:01.196115
1200	8	0	0	0	0:00:01.181939
1220	9	-1	2	0	0:00:01.183247
1240	2	6	6	0	0:00:01.201062
1260	1	9	9	0	0:00:01.183023
1280	3	7	7	0	0:00:01.196409
1300	4	6	6	0	0:00:01.189726
1320	7	0	0	0	0:00:01.184726
1340	1	1	1	1	0:00:01.190399
1360	7	9	2	0	0:00:01.186406
1380	4	8	8	0	0:00:01.191841
1400	5	2	2	0	0:00:01.193379
1420	4	7	7	0	0:00:01.198063
1440	0	8	0	0	0:00:01.132181
1460	6	-1	8	0	0:00:01.132825
1480	1	-1	7	0	0:00:01.188881
1500	1	9	9	0	0:00:01.184102
1520	7	6	6	0	0:00:01.204969
1540	8	8	8	1	0:00:01.190464
1560	7	7	7	1	0:00:01.196208
1580	6	9	9	0	0:00:01.193656
1600	8	9	6	0	0:00:01.197147
1620	5	8	8	0	0:00:01.192101
1640	7	5	5	0	0:00:01.204072
1660	3	4	4	0	0:00:01.198239
1680	6	6	6	1	0:00:01.205038
1700	5	0	0	0	0:00:01.207412
1720	4	0	0	0	0:00:01.198261
1740	1	9	9	0	0:00:01.188983
1760	0	8	8	0	0:00:01.219509
1780	7	8	8	0	0:00:01.197652
1800	4	8	8	0	0:00:01.173691
1820	8	9	8	0	0:00:01.199323
1840	8	7	7	0	0:00:01.214027
1860	8	8	8	1	0:00:01.159159
1880	1	4	4	0	0:00:01.189979
1900	8	8	8	1	0:00:01.211400
1920	2	7	6	0	0:00:01.185381
1940	5	2	2	0	0:00:01.185859
1960	2	7	7	0	0:00:01.162127
1980	9	9	8	1	0:00:01.185107
2000	1	6	6	0	0:00:01.210461
2020	9	9	9	1	0:00:01.185508
2040	0	8	8	0	0:00:01.175924
2060	5	5	0	1	0:00:01.183707
2080	1	2	2	0	0:00:01.182080
2100	2	4	4	0	0:00:01.178931
2120	4	8	8	0	0:00:01.178810
2140	9	9	1	1	0:00:01.195537
2160	0	8	8	0	0:00:01.189390
2180	4	6	6	0	0:00:01.194124
2200	0	0	0	1	0:00:01.169679
2220	1	1	4	1	0:00:01.178535
2240	9	9	9	1	0:00:01.166774
2260	4	1	4	0	0:00:01.189553
2280	4	8	8	0	0:00:01.203252
2300	3	6	6	0	0:00:01.179937
2320	5	8	8	0	0:00:01.200221
2340	7	9	9	0	0:00:01.195705
2360	7	9	0	0	0:00:01.189931
2380	8	8	8	1	0:00:01.184279
2400	0	0	0	1	0:00:01.171520
2420	8	-1	5	0	0:00:01.189121
2440	7	8	8	0	0:00:01.182591
2460	9	6	6	0	0:00:01.192646
2480	8	8	8	1	0:00:01.184036
2500	4	6	4	0	0:00:01.202958
2520	1	8	8	0	0:00:01.212495
2540	2	-1	4	0	0:00:01.181144
2560	7	0	0	0	0:00:01.197116
2580	6	4	4	0	0:00:01.192465
2600	8	8	8	1	0:00:01.187926
2620	1	6	6	0	0:00:01.201202
2640	7	7	8	1	0:00:01.183859
2660	3	0	0	0	0:00:01.168676
2680	0	0	0	1	0:00:01.192612
2700	9	0	0	0	0:00:01.176320
2720	3	8	8	0	0:00:01.188755
2740	1	1	1	1	0:00:01.159821
2760	2	6	6	0	0:00:01.160734
2780	7	7	6	1	0:00:01.157171
2800	4	6	6	0	0:00:01.156785
2820	6	6	6	1	0:00:01.156072
2840	3	3	3	1	0:00:01.159101
2860	5	7	7	0	0:00:01.200010
2880	4	4	4	1	0:00:01.186963
2900	3	5	6	0	0:00:01.175883
2920	2	8	8	0	0:00:01.191167
2940	3	8	8	0	0:00:01.190671
2960	9	7	9	0	0:00:01.187125
2980	8	1	6	0	0:00:01.175874
3000	5	5	5	1	0:00:01.192494
3020	1	1	8	1	0:00:01.195114
3040	7	7	7	1	0:00:01.195111
3060	7	7	7	1	0:00:01.195951
3080	1	2	2	0	0:00:01.170612
3100	0	0	0	1	0:00:01.180987
3120	4	6	6	0	0:00:01.179730
3140	8	8	8	1	0:00:01.162243
3160	6	4	4	0	0:00:01.205676
3180	3	8	8	0	0:00:01.163286
3200	5	-1	7	0	0:00:01.191798
3220	3	9	7	0	0:00:01.192208
3240	4	0	0	0	0:00:01.182213
3260	7	0	0	0	0:00:01.169856
3280	3	0	0	0	0:00:01.195065
3300	4	9	4	0	0:00:01.186032
3320	2	9	7	0	0:00:01.142109
3340	6	4	4	0	0:00:01.183482
3360	4	6	6	0	0:00:01.156632
3380	8	9	8	0	0:00:01.172171
3400	6	4	4	0	0:00:01.192976
3420	5	6	6	0	0:00:01.195354
3440	2	9	9	0	0:00:01.157582
3460	1	1	4	1	0:00:01.196016
3480	2	2	2	1	0:00:01.188221
3500	1	4	4	0	0:00:01.198441
3520	1	1	1	1	0:00:01.198566
3540	6	8	8	0	0:00:01.182583
3560	1	9	8	0	0:00:01.191817
3580	4	1	8	0	0:00:01.200009
3600	4	2	2	0	0:00:01.187836
3620	0	7	6	0	0:00:01.159730
3640	6	0	0	0	0:00:01.180849
3660	0	8	8	0	0:00:01.189666
3680	0	-1	2	0	0:00:01.193847
3700	3	5	4	0	0:00:01.172370
3720	2	-1	0	0	0:00:01.196570
3740	0	-1	8	0	0:00:01.164153
3760	7	7	7	1	0:00:01.175993
3780	4	2	2	0	0:00:01.178046
3800	9	9	0	1	0:00:01.154170
3820	0	0	0	1	0:00:01.165316
3840	6	8	8	0	0:00:01.159555
3860	7	7	7	1	0:00:01.160404
3880	6	4	4	0	0:00:01.186001
3900	3	-1	1	0	0:00:01.186867
3920	7	8	8	0	0:00:01.193419
3940	6	7	7	0	0:00:01.182523
3960	2	5	5	0	0:00:01.186417
3980	9	7	7	0	0:00:01.185704
4000	8	7	4	0	0:00:01.185900
4020	8	9	8	0	0:00:01.207093
4040	0	0	0	1	0:00:01.185762
4060	6	0	0	0	0:00:01.187694
4080	1	8	8	0	0:00:01.190548
4100	7	7	7	1	0:00:01.174348
4120	4	0	0	0	0:00:01.171232
4140	5	2	2	0	0:00:01.175575
4160	5	2	2	0	0:00:01.188802
4180	0	-1	8	0	0:00:01.182520
4200	4	2	2	0	0:00:01.162794
4220	4	0	0	0	0:00:01.180823
4240	7	8	8	0	0:00:01.171830
4260	8	1	1	0	0:00:01.213395
4280	8	9	8	0	0:00:01.201447
4300	8	9	8	0	0:00:01.197303
4320	1	8	8	0	0:00:01.189043
4340	0	8	8	0	0:00:01.193842
4360	6	9	9	0	0:00:01.197431
4380	9	9	8	1	0:00:01.188162
4400	3	8	8	0	0:00:01.184956
4420	5	8	8	0	0:00:01.185050
4440	2	6	6	0	0:00:01.194149
4460	9	8	8	0	0:00:01.201807
4480	9	6	6	0	0:00:01.201171
4500	3	7	7	0	0:00:01.184407
4520	3	6	6	0	0:00:01.208891
4540	9	9	9	1	0:00:01.185656
4560	1	1	4	1	0:00:01.189066
4580	6	6	4	1	0:00:01.191507
4600	4	1	1	0	0:00:01.191134
4620	7	3	3	0	0:00:01.171393
4640	2	5	5	0	0:00:01.129461
4660	7	-1	8	0	0:00:01.119262
4680	9	1	1	0	0:00:01.128770
4700	6	1	4	0	0:00:01.129134
4720	8	0	0	0	0:00:01.121887
4740	5	6	6	0	0:00:01.136698
4760	3	8	8	0	0:00:01.149260
4780	0	8	0	0	0:00:01.145876
4800	9	9	9	1	0:00:01.125252
4820	3	1	6	0	0:00:01.117061
4840	0	0	0	1	0:00:01.122141
4860	5	5	5	1	0:00:01.123199
4880	0	2	2	0	0:00:01.135428
4900	3	6	6	0	0:00:01.119088
4920	7	0	0	0	0:00:01.120058
4940	6	2	2	0	0:00:01.124116
4960	4	6	6	0	0:00:01.137338
4980	1	9	9	0	0:00:01.117480
5000	7	7	7	1	0:00:01.145942
5020	8	8	8	1	0:00:01.187604
5040	3	7	4	0	0:00:01.191705
5060	6	6	6	1	0:00:01.183909
5080	7	7	7	1	0:00:01.181235
5100	3	4	4	0	0:00:01.178547
5120	9	8	8	0	0:00:01.189832
5140	8	8	8	1	0:00:01.198203
5160	0	8	8	0	0:00:01.190906
5180	9	6	4	0	0:00:01.198794
5200	3	3	3	1	0:00:01.191069
5220	0	0	0	1	0:00:01.193847
5240	1	9	4	0	0:00:01.188788
5260	0	0	0	1	0:00:01.189070
5280	0	8	8	0	0:00:01.192292
5300	9	1	6	0	0:00:01.194228
5320	7	7	7	1	0:00:01.198360
5340	3	8	8	0	0:00:01.175957
5360	9	9	9	1	0:00:01.192225
5380	1	9	9	0	0:00:01.193668
5400	9	0	8	0	0:00:01.172307
5420	6	7	6	0	0:00:01.190374
5440	9	9	9	1	0:00:01.197044
5460	0	-1	6	0	0:00:01.198018
5480	1	8	8	0	0:00:01.182595
5500	8	-1	8	0	0:00:01.115954
5520	4	5	5	0	0:00:01.140518
5540	5	-1	2	0	0:00:01.187143
5560	3	6	6	0	0:00:01.174234
5580	5	6	6	0	0:00:01.163478
5600	6	-1	8	0	0:00:01.178129
5620	3	2	2	0	0:00:01.179171
5640	2	3	3	0	0:00:01.184638
5660	9	9	8	1	0:00:01.170706
5680	2	8	8	0	0:00:01.187697
5700	3	9	6	0	0:00:01.172350
5720	9	9	9	1	0:00:01.191341
5740	6	-1	4	0	0:00:01.184335
5760	2	8	8	0	0:00:01.180863
5780	7	9	9	0	0:00:01.184361
5800	2	6	4	0	0:00:01.183509
5820	5	6	6	0	0:00:01.206953
5840	2	6	6	0	0:00:01.205394
5860	0	8	8	0	0:00:01.146955
5880	0	8	8	0	0:00:01.120991
5900	4	0	0	0	0:00:01.112388
5920	8	8	8	1	0:00:01.140232
5940	7	4	4	0	0:00:01.138227
5960	2	7	7	0	0:00:01.145085
5980	9	9	8	1	0:00:01.164782
6000	8	9	8	0	0:00:01.179753
6020	6	9	6	0	0:00:01.183750
6040	2	7	7	0	0:00:01.160282
6060	3	-1	4	0	0:00:01.170014
6080	1	9	0	0	0:00:01.128544
6100	1	8	8	0	0:00:01.134822
6120	5	5	5	1	0:00:01.152573
6140	9	9	7	1	0:00:01.131262
6160	2	9	8	0	0:00:01.169896
6180	0	-1	8	0	0:00:01.166907
6200	3	0	0	0	0:00:01.186250
6220	2	6	6	0	0:00:01.178042
6240	2	1	6	0	0:00:01.185081
6260	2	9	9	0	0:00:01.190835
6280	8	5	5	0	0:00:01.189226
6300	1	7	4	0	0:00:01.197825
6320	0	0	0	1	0:00:01.210107
6340	3	8	8	0	0:00:01.207555
6360	2	2	2	1	0:00:01.195611
6380	3	1	6	0	0:00:01.196138
6400	0	1	4	0	0:00:01.193975
6420	7	8	8	0	0:00:01.203028
6440	3	8	8	0	0:00:01.186302
6460	3	1	1	0	0:00:01.183017
6480	0	0	0	1	0:00:01.188566
6500	7	0	0	0	0:00:01.184228
6520	6	-1	2	0	0:00:01.178127
6540	8	-1	8	0	0:00:01.170730
6560	6	6	6	1	0:00:01.217276
6580	1	-1	2	0	0:00:01.192024
6600	7	7	7	1	0:00:01.181390
6620	7	7	4	1	0:00:01.173497
6640	5	8	8	0	0:00:01.187030
6660	0	8	8	0	0:00:01.188399
6680	3	-1	3	0	0:00:01.187169
6700	6	-1	4	0	0:00:01.172137
6720	2	2	2	1	0:00:01.180090
6740	2	6	6	0	0:00:01.184994
6760	5	0	0	0	0:00:01.171915
6780	7	7	7	1	0:00:01.198799
6800	6	6	6	1	0:00:01.195303
6820	1	1	1	1	0:00:01.185866
6840	9	9	6	1	0:00:01.178571
6860	0	0	0	1	0:00:01.200379
6880	2	6	6	0	0:00:01.181424
6900	3	7	7	0	0:00:01.196586
6920	5	2	2	0	0:00:01.195336
6940	1	1	1	1	0:00:01.189130
6960	9	8	8	0	0:00:01.148254
6980	0	9	9	0	0:00:01.180967
7000	2	8	8	0	0:00:01.177397
7020	7	1	1	0	0:00:01.156417
7040	7	8	8	0	0:00:01.159508
7060	8	1	8	0	0:00:01.191985
7080	5	0	0	0	0:00:01.211509
7100	9	8	8	0	0:00:01.182967
7120	7	7	6	1	0:00:01.181569
7140	4	4	4	1	0:00:01.203395
7160	5	7	2	0	0:00:01.162164
7180	6	6	6	1	0:00:01.200872
7200	4	-1	2	0	0:00:01.194441
7220	9	8	8	0	0:00:01.192526
7240	0	8	8	0	0:00:01.185429
7260	1	8	8	0	0:00:01.176570
7280	1	6	6	0	0:00:01.185600
7300	3	-1	8	0	0:00:01.188116
7320	8	0	0	0	0:00:01.177668
7340	2	0	0	0	0:00:01.148678
7360	2	7	7	0	0:00:01.171128
7380	7	1	7	0	0:00:01.183935
7400	3	9	9	0	0:00:01.175186
7420	3	0	0	0	0:00:01.211210
7440	3	6	6	0	0:00:01.185431
7460	5	5	5	1	0:00:01.188005
7480	1	5	5	0	0:00:01.199107
7500	6	6	6	1	0:00:01.189828
7520	4	6	6	0	0:00:01.172683
7540	5	5	5	1	0:00:01.216753
7560	0	-1	2	0	0:00:01.196730
7580	8	9	8	0	0:00:01.221759
7600	8	9	9	0	0:00:01.207854
7620	5	9	1	0	0:00:01.199691
7640	9	8	8	0	0:00:01.202761
7660	7	9	6	0	0:00:01.209968
7680	3	9	9	0	0:00:01.190879
7700	6	6	6	1	0:00:01.190728
7720	5	6	6	0	0:00:01.188603
7740	4	2	2	0	0:00:01.195960
7760	2	9	9	0	0:00:01.211021
7780	3	8	8	0	0:00:01.200687
7800	0	0	0	1	0:00:01.184089
7820	5	8	8	0	0:00:01.209912
7840	1	1	1	1	0:00:01.190339
7860	8	-1	4	0	0:00:01.176926
7880	0	-1	0	0	0:00:01.200718
7900	0	8	8	0	0:00:01.212943
7920	9	8	8	0	0:00:01.174089
7940	2	6	6	0	0:00:01.215457
7960	0	0	0	1	0:00:01.199809
7980	3	7	4	0	0:00:01.185856
8000	9	0	0	0	0:00:01.176505
8020	6	6	6	1	0:00:01.187041
8040	2	6	6	0	0:00:01.173050
8060	6	-1	6	0	0:00:01.190678
8080	4	6	4	0	0:00:01.186830
8100	6	2	2	0	0:00:01.164479
8120	8	9	9	0	0:00:01.199076
8140	5	6	6	0	0:00:01.190618
8160	6	9	8	0	0:00:01.171090
8180	4	6	6	0	0:00:01.169594
8200	3	9	4	0	0:00:01.168187
8220	6	9	8	0	0:00:01.188854
8240	7	7	7	1	0:00:01.200609
8260	1	-1	3	0	0:00:01.174440
8280	4	3	3	0	0:00:01.195740
8300	5	-1	8	0	0:00:01.196136
8320	7	-1	6	0	0:00:01.198572
8340	5	4	4	0	0:00:01.190363
8360	7	6	6	0	0:00:01.203178
8380	9	8	8	0	0:00:01.201076
8400	0	8	8	0	0:00:01.203117
8420	3	-1	4	0	0:00:01.200199
8440	5	9	9	0	0:00:01.161065
8460	8	8	8	1	0:00:01.188995
8480	2	1	8	0	0:00:01.199139
8500	4	2	2	0	0:00:01.184810
8520	8	6	6	0	0:00:01.217305
8540	4	-1	4	0	0:00:01.192336
8560	7	-1	6	0	0:00:01.180925
8580	3	0	0	0	0:00:01.210622
8600	3	7	7	0	0:00:01.220429
8620	3	1	4	0	0:00:01.148687
8640	1	1	1	1	0:00:01.177682
8660	7	5	5	0	0:00:01.178988
8680	3	9	8	0	0:00:01.173699
8700	3	5	3	0	0:00:01.218407
8720	2	0	0	0	0:00:01.171203
8740	2	6	4	0	0:00:01.138731
8760	8	-1	5	0	0:00:01.195550
8780	4	7	4	0	0:00:01.182077
8800	0	0	0	1	0:00:01.171558
8820	2	-1	2	0	0:00:01.200199
8840	2	1	1	0	0:00:01.206212
8860	2	0	8	0	0:00:01.175108
8880	1	6	6	0	0:00:01.192127
8900	2	1	4	0	0:00:01.174664
8920	6	6	6	1	0:00:01.172896
8940	6	3	3	0	0:00:01.190325
8960	0	0	0	1	0:00:01.190217
8980	9	9	8	1	0:00:01.211386
9000	8	8	8	1	0:00:01.202831
9020	7	9	9	0	0:00:01.199564
9040	2	5	5	0	0:00:01.244504
9060	9	5	5	0	0:00:01.241443
9080	3	0	0	0	0:00:01.225981
9100	9	6	6	0	0:00:01.191465
9120	3	0	0	0	0:00:01.178978
9140	7	8	8	0	0:00:01.201965
9160	5	0	0	0	0:00:01.186424
9180	5	5	5	1	0:00:01.193298
9200	8	8	8	1	0:00:01.203043
9220	8	8	8	1	0:00:01.199611
9240	8	-1	8	0	0:00:01.194985
9260	5	-1	4	0	0:00:01.199934
9280	9	0	8	0	0:00:01.186494
9300	5	8	8	0	0:00:01.191603
9320	9	-1	8	0	0:00:01.215882
9340	1	1	1	1	0:00:01.210530
9360	5	0	0	0	0:00:01.197390
9380	5	9	9	0	0:00:01.205833
9400	6	-1	2	0	0:00:01.199654
9420	5	6	6	0	0:00:01.195257
9440	8	8	8	1	0:00:01.211520
9460	3	9	7	0	0:00:01.206106
9480	2	-1	6	0	0:00:01.198648
9500	9	6	6	0	0:00:01.229356
9520	1	9	8	0	0:00:01.195964
9540	5	5	4	1	0:00:01.165080
9560	9	7	7	0	0:00:01.177450
9580	1	4	4	0	0:00:01.184398
9600	8	8	8	1	0:00:01.207760
9620	4	7	7	0	0:00:01.195736
9640	5	1	6	0	0:00:01.184835
9660	6	9	6	0	0:00:01.194299
9680	8	9	8	0	0:00:01.195595
9700	0	0	0	1	0:00:01.197477
9720	8	6	4	0	0:00:01.198135
9740	3	6	4	0	0:00:01.190135
9760	9	9	7	1	0:00:01.198104
9780	4	6	6	0	0:00:01.200560
9800	1	1	1	1	0:00:01.181633
9820	0	9	8	0	0:00:01.174540
9840	4	-1	3	0	0:00:01.194052
9860	0	-1	8	0	0:00:01.184547
9880	7	4	4	0	0:00:01.167715
9900	8	0	0	0	0:00:01.170153
9920	6	6	6	1	0:00:01.167661
9940	4	7	7	0	0:00:01.168358
9960	2	0	0	0	0:00:01.177480
9980	0	0	0	1	0:00:01.267116
