idx	label	predict	basePredict	correct	time
0	3	6	6	0	0:00:03.601555
20	7	9	9	0	0:00:03.478513
40	4	8	8	0	0:00:03.457049
60	7	2	2	0	0:00:03.465371
80	8	8	8	1	0:00:03.456338
100	4	5	5	0	0:00:03.463514
120	8	8	8	1	0:00:03.534936
140	6	2	2	0	0:00:03.580812
160	2	0	0	0	0:00:03.500912
180	0	0	0	1	0:00:03.797070
200	5	3	3	0	0:00:03.549745
220	7	7	7	1	0:00:03.553753
240	1	1	1	1	0:00:03.514818
260	8	5	5	0	0:00:03.528638
280	9	9	9	1	0:00:03.491654
300	6	4	4	0	0:00:03.537718
320	3	4	2	0	0:00:03.539974
340	2	4	4	0	0:00:03.459439
360	9	6	6	0	0:00:03.483822
380	6	6	6	1	0:00:03.514737
400	9	9	9	1	0:00:03.599614
420	4	6	6	0	0:00:03.523066
440	1	1	2	1	0:00:03.545241
460	5	5	5	1	0:00:03.537330
480	8	9	9	0	0:00:03.527752
500	4	6	6	0	0:00:03.539235
520	5	7	7	0	0:00:03.542919
540	1	8	8	0	0:00:03.516340
560	0	0	8	1	0:00:03.522880
580	4	6	6	0	0:00:03.517182
600	8	8	8	1	0:00:03.514156
620	7	6	6	0	0:00:03.529753
640	5	6	6	0	0:00:03.546426
660	9	9	9	1	0:00:03.538847
680	9	9	9	1	0:00:03.539692
700	7	7	7	1	0:00:03.473448
720	4	9	9	0	0:00:03.544018
740	2	5	5	0	0:00:03.540014
760	3	9	9	0	0:00:03.544109
780	9	9	0	1	0:00:03.533480
800	7	7	7	1	0:00:03.531710
820	6	9	9	0	0:00:03.564870
840	7	7	7	1	0:00:03.555598
860	4	6	6	0	0:00:03.528877
880	8	8	8	1	0:00:03.564281
900	2	6	6	0	0:00:03.541937
920	6	2	2	0	0:00:03.556581
940	9	1	6	0	0:00:03.601262
960	9	9	9	1	0:00:03.510600
980	2	6	6	0	0:00:03.565334
1000	5	5	5	1	0:00:03.459515
1020	1	8	8	0	0:00:03.429036
1040	7	5	5	0	0:00:03.392972
1060	9	8	8	0	0:00:03.429350
1080	6	6	6	1	0:00:03.459497
1100	7	8	8	0	0:00:03.447870
1120	5	2	8	0	0:00:03.427493
1140	6	4	4	0	0:00:03.454557
1160	8	0	0	0	0:00:03.436793
1180	3	9	9	0	0:00:03.422528
1200	8	0	0	0	0:00:03.455962
1220	9	2	2	0	0:00:03.453651
1240	2	6	6	0	0:00:03.423181
1260	1	9	9	0	0:00:03.444167
1280	3	7	7	0	0:00:03.461989
1300	4	6	6	0	0:00:03.466493
1320	7	0	0	0	0:00:03.461838
1340	1	1	1	1	0:00:03.448509
1360	7	9	5	0	0:00:03.452544
1380	4	5	5	0	0:00:03.456736
1400	5	4	2	0	0:00:03.443058
1420	4	7	7	0	0:00:03.448706
1440	0	8	8	0	0:00:03.443880
1460	6	6	6	1	0:00:03.441209
1480	1	5	5	0	0:00:03.458894
1500	1	9	9	0	0:00:03.379524
1520	7	6	6	0	0:00:03.387594
1540	8	8	8	1	0:00:03.451152
1560	7	7	7	1	0:00:03.461828
1580	6	1	1	0	0:00:03.386695
1600	8	9	6	0	0:00:03.413310
1620	5	8	8	0	0:00:03.448809
1640	7	5	5	0	0:00:03.432716
1660	3	5	4	0	0:00:03.428740
1680	6	6	6	1	0:00:03.356097
1700	5	2	2	0	0:00:03.464610
1720	4	0	0	0	0:00:03.454034
1740	1	9	9	0	0:00:03.464425
1760	0	8	8	0	0:00:03.461401
1780	7	8	8	0	0:00:03.406351
1800	4	8	8	0	0:00:03.381036
1820	8	9	9	0	0:00:03.387825
1840	8	7	7	0	0:00:03.368669
1860	8	8	8	1	0:00:03.403039
1880	1	-1	8	0	0:00:03.422278
1900	8	8	8	1	0:00:03.442782
1920	2	7	4	0	0:00:03.434220
1940	5	2	2	0	0:00:03.434732
1960	2	5	5	0	0:00:03.389132
1980	9	9	9	1	0:00:03.360062
2000	1	6	6	0	0:00:03.353334
2020	9	9	9	1	0:00:03.418682
2040	0	8	8	0	0:00:03.352999
2060	5	5	5	1	0:00:03.379700
2080	1	-1	4	0	0:00:03.456491
2100	2	4	4	0	0:00:03.450979
2120	4	8	8	0	0:00:03.448273
2140	9	9	1	1	0:00:03.449794
2160	0	8	8	0	0:00:03.428172
2180	4	6	6	0	0:00:03.426431
2200	0	0	0	1	0:00:03.437318
2220	1	1	1	1	0:00:03.368544
2240	9	9	9	1	0:00:03.364647
2260	4	1	4	0	0:00:03.364695
2280	4	8	8	0	0:00:03.439279
2300	3	6	6	0	0:00:03.408238
2320	5	8	8	0	0:00:03.427323
2340	7	-1	7	0	0:00:03.413986
2360	7	7	7	1	0:00:03.374185
2380	8	8	8	1	0:00:03.380146
2400	0	0	0	1	0:00:03.456979
2420	8	5	5	0	0:00:03.421726
2440	7	1	1	0	0:00:03.436214
2460	9	6	6	0	0:00:03.404020
2480	8	8	8	1	0:00:03.356905
2500	4	6	4	0	0:00:03.392655
2520	1	8	8	0	0:00:03.417698
2540	2	3	3	0	0:00:03.389724
2560	7	4	2	0	0:00:03.390142
2580	6	4	4	0	0:00:03.390326
2600	8	8	8	1	0:00:03.418166
2620	1	6	6	0	0:00:03.388929
2640	7	7	7	1	0:00:03.441782
2660	3	0	0	0	0:00:03.460370
2680	0	0	0	1	0:00:03.441160
2700	9	9	0	1	0:00:03.434538
2720	3	8	8	0	0:00:03.489848
2740	1	1	1	1	0:00:03.462902
2760	2	6	6	0	0:00:03.446439
2780	7	7	7	1	0:00:03.475797
2800	4	6	6	0	0:00:03.434883
2820	6	6	6	1	0:00:03.461314
2840	3	3	3	1	0:00:03.430239
2860	5	7	7	0	0:00:03.441966
2880	4	4	4	1	0:00:03.434878
2900	3	5	5	0	0:00:03.434782
2920	2	8	8	0	0:00:03.457484
2940	3	8	8	0	0:00:03.439707
2960	9	7	7	0	0:00:03.410957
2980	8	1	1	0	0:00:03.413408
3000	5	5	5	1	0:00:03.414479
3020	1	1	1	1	0:00:03.406208
3040	7	7	7	1	0:00:03.380220
3060	7	7	7	1	0:00:03.375481
3080	1	2	2	0	0:00:03.376562
3100	0	0	0	1	0:00:03.442226
3120	4	6	6	0	0:00:03.406244
3140	8	8	8	1	0:00:03.373705
3160	6	4	4	0	0:00:03.375463
3180	3	9	8	0	0:00:03.382359
3200	5	7	7	0	0:00:03.400809
3220	3	9	9	0	0:00:03.399624
3240	4	1	8	0	0:00:03.394768
3260	7	0	0	0	0:00:03.390868
3280	3	0	0	0	0:00:03.393065
3300	4	4	4	1	0:00:03.396787
3320	2	7	7	0	0:00:03.387661
3340	6	4	4	0	0:00:03.395385
3360	4	6	6	0	0:00:03.430605
3380	8	9	8	0	0:00:03.386582
3400	6	4	4	0	0:00:03.402730
3420	5	6	6	0	0:00:03.438446
3440	2	9	9	0	0:00:03.405447
3460	1	1	4	1	0:00:03.396268
3480	2	2	2	1	0:00:03.420503
3500	1	1	4	1	0:00:03.404238
3520	1	1	1	1	0:00:03.409398
3540	6	8	8	0	0:00:03.410649
3560	1	9	9	0	0:00:03.400934
3580	4	1	1	0	0:00:03.401878
3600	4	2	2	0	0:00:03.415239
3620	0	7	6	0	0:00:03.401082
3640	6	2	2	0	0:00:03.408260
3660	0	8	8	0	0:00:03.401459
3680	0	2	2	0	0:00:03.399497
3700	3	4	4	0	0:00:03.422112
3720	2	2	2	1	0:00:03.425155
3740	0	0	0	1	0:00:03.418686
3760	7	7	7	1	0:00:03.388893
3780	4	2	2	0	0:00:03.387895
3800	9	9	3	1	0:00:03.389073
3820	0	0	0	1	0:00:03.391319
3840	6	8	8	0	0:00:03.390366
3860	7	7	7	1	0:00:03.379471
3880	6	4	4	0	0:00:03.341980
3900	3	0	1	0	0:00:03.333357
3920	7	8	8	0	0:00:03.329144
3940	6	7	7	0	0:00:03.347688
3960	2	5	5	0	0:00:03.355353
3980	9	7	7	0	0:00:03.392849
4000	8	7	7	0	0:00:03.403090
4020	8	9	9	0	0:00:03.380166
4040	0	0	0	1	0:00:03.385461
4060	6	0	0	0	0:00:03.422976
4080	1	8	8	0	0:00:03.404353
4100	7	7	7	1	0:00:03.375937
4120	4	0	0	0	0:00:03.378863
4140	5	2	2	0	0:00:03.405987
4160	5	2	2	0	0:00:03.378433
4180	0	8	8	0	0:00:03.397861
4200	4	2	2	0	0:00:03.372788
4220	4	0	0	0	0:00:03.352898
4240	7	8	8	0	0:00:03.358446
4260	8	9	8	0	0:00:03.371765
4280	8	9	8	0	0:00:03.389673
4300	8	8	8	1	0:00:03.374679
4320	1	8	8	0	0:00:03.406461
4340	0	-1	0	0	0:00:03.383276
4360	6	9	9	0	0:00:03.405101
4380	9	9	9	1	0:00:03.413347
4400	3	8	8	0	0:00:03.415073
4420	5	8	8	0	0:00:03.446594
4440	2	6	6	0	0:00:03.414493
4460	9	8	8	0	0:00:03.424497
4480	9	6	6	0	0:00:03.408694
4500	3	7	7	0	0:00:03.421062
4520	3	6	6	0	0:00:03.423037
4540	9	9	9	1	0:00:03.413068
4560	1	1	6	1	0:00:03.416430
4580	6	6	6	1	0:00:03.417230
4600	4	7	7	0	0:00:03.429197
4620	7	3	3	0	0:00:03.419191
4640	2	5	5	0	0:00:03.429063
4660	7	2	2	0	0:00:03.421933
4680	9	1	1	0	0:00:03.402600
4700	6	1	1	0	0:00:03.457473
4720	8	0	0	0	0:00:03.399736
4740	5	6	6	0	0:00:03.395121
4760	3	2	2	0	0:00:03.403750
4780	0	8	8	0	0:00:03.398266
4800	9	9	9	1	0:00:03.393185
4820	3	5	5	0	0:00:03.396057
4840	0	0	0	1	0:00:03.398407
4860	5	5	5	1	0:00:03.400379
4880	0	2	2	0	0:00:03.392964
4900	3	1	1	0	0:00:03.389057
4920	7	0	0	0	0:00:03.404278
4940	6	4	2	0	0:00:03.388690
4960	4	6	6	0	0:00:03.411447
4980	1	9	9	0	0:00:03.418242
5000	7	7	7	1	0:00:03.404116
5020	8	1	1	0	0:00:03.433302
5040	3	7	7	0	0:00:03.325331
5060	6	6	6	1	0:00:03.361002
5080	7	7	7	1	0:00:03.324923
5100	3	4	4	0	0:00:03.331259
5120	9	8	8	0	0:00:03.337969
5140	8	8	8	1	0:00:03.354230
5160	0	8	8	0	0:00:03.358384
5180	9	6	6	0	0:00:03.370408
5200	3	3	3	1	0:00:03.356761
5220	0	0	0	1	0:00:03.386281
5240	1	9	2	0	0:00:03.380212
5260	0	0	0	1	0:00:03.379470
5280	0	8	8	0	0:00:03.403687
5300	9	1	1	0	0:00:03.382946
5320	7	7	7	1	0:00:03.378559
5340	3	4	4	0	0:00:03.400552
5360	9	9	9	1	0:00:03.381956
5380	1	9	9	0	0:00:03.373632
5400	9	0	0	0	0:00:03.386391
5420	6	5	5	0	0:00:03.389007
5440	9	9	9	1	0:00:03.393160
5460	0	7	7	0	0:00:03.376704
5480	1	8	8	0	0:00:03.409117
5500	8	1	1	0	0:00:03.387156
5520	4	5	5	0	0:00:03.375639
5540	5	6	2	0	0:00:03.385192
5560	3	6	6	0	0:00:03.374825
5580	5	6	6	0	0:00:03.374762
5600	6	8	8	0	0:00:03.398094
5620	3	2	2	0	0:00:03.393770
5640	2	3	3	0	0:00:03.340369
5660	9	9	8	1	0:00:03.334424
5680	2	8	8	0	0:00:03.334826
5700	3	6	6	0	0:00:03.337746
5720	9	9	9	1	0:00:03.334871
5740	6	6	6	1	0:00:03.344468
5760	2	2	8	1	0:00:03.364448
5780	7	7	7	1	0:00:03.346782
5800	2	6	6	0	0:00:03.351662
5820	5	6	6	0	0:00:03.340162
5840	2	6	6	0	0:00:03.390895
5860	0	8	8	0	0:00:03.371391
5880	0	8	8	0	0:00:03.337533
5900	4	5	4	0	0:00:03.354046
5920	8	8	8	1	0:00:03.348053
5940	7	4	4	0	0:00:03.383950
5960	2	7	7	0	0:00:03.389040
5980	9	9	9	1	0:00:03.396364
6000	8	9	9	0	0:00:03.415448
6020	6	7	7	0	0:00:03.410192
6040	2	7	7	0	0:00:03.394171
6060	3	4	4	0	0:00:03.421414
6080	1	9	6	0	0:00:03.399091
6100	1	1	8	1	0:00:03.408030
6120	5	5	5	1	0:00:03.430466
6140	9	9	9	1	0:00:03.396970
6160	2	5	5	0	0:00:03.411271
6180	0	9	8	0	0:00:03.435300
6200	3	0	0	0	0:00:03.409586
6220	2	6	6	0	0:00:03.409177
6240	2	1	1	0	0:00:03.420573
6260	2	9	9	0	0:00:03.412835
6280	8	5	5	0	0:00:03.395074
6300	1	7	6	0	0:00:03.419961
6320	0	0	0	1	0:00:03.432491
6340	3	8	8	0	0:00:03.414409
6360	2	6	2	0	0:00:03.427408
6380	3	1	1	0	0:00:03.410328
6400	0	1	1	0	0:00:03.421199
6420	7	8	8	0	0:00:03.408680
6440	3	8	8	0	0:00:03.422224
6460	3	1	1	0	0:00:03.400709
6480	0	5	0	0	0:00:03.407126
6500	7	0	0	0	0:00:03.391159
6520	6	4	4	0	0:00:03.345766
6540	8	8	8	1	0:00:03.396612
6560	6	6	6	1	0:00:03.375899
6580	1	2	2	0	0:00:03.336413
6600	7	7	7	1	0:00:03.318983
6620	7	7	4	1	0:00:03.334295
6640	5	8	8	0	0:00:03.337678
6660	0	8	8	0	0:00:03.341100
6680	3	5	5	0	0:00:03.340645
6700	6	6	6	1	0:00:03.371019
6720	2	2	2	1	0:00:03.364579
6740	2	6	6	0	0:00:03.363780
6760	5	2	2	0	0:00:03.407808
6780	7	7	7	1	0:00:03.347683
6800	6	6	6	1	0:00:03.367918
6820	1	1	1	1	0:00:03.380125
6840	9	1	1	0	0:00:03.357540
6860	0	0	0	1	0:00:03.353786
6880	2	-1	4	0	0:00:03.354887
6900	3	7	7	0	0:00:03.394969
6920	5	2	2	0	0:00:03.353341
6940	1	1	1	1	0:00:03.356733
6960	9	8	8	0	0:00:03.361098
6980	0	9	9	0	0:00:03.356588
7000	2	8	8	0	0:00:03.360830
7020	7	1	1	0	0:00:03.429673
7040	7	8	8	0	0:00:03.398437
7060	8	8	8	1	0:00:03.385632
7080	5	0	0	0	0:00:03.417841
7100	9	3	3	0	0:00:03.388509
7120	7	6	6	0	0:00:03.402025
7140	4	4	4	1	0:00:03.387359
7160	5	4	4	0	0:00:03.377471
7180	6	6	6	1	0:00:03.402824
7200	4	6	6	0	0:00:03.408688
7220	9	8	8	0	0:00:03.384005
7240	0	8	8	0	0:00:03.391648
7260	1	8	8	0	0:00:03.396694
7280	1	6	6	0	0:00:03.381922
7300	3	7	7	0	0:00:03.383028
7320	8	0	0	0	0:00:03.377387
7340	2	4	4	0	0:00:03.423981
7360	2	7	7	0	0:00:03.388930
7380	7	1	7	0	0:00:03.395022
7400	3	9	9	0	0:00:03.413671
7420	3	0	0	0	0:00:03.384546
7440	3	6	6	0	0:00:03.401592
7460	5	5	5	1	0:00:03.404292
7480	1	5	5	0	0:00:03.398062
7500	6	6	6	1	0:00:03.409827
7520	4	6	6	0	0:00:03.401638
7540	5	5	5	1	0:00:03.403120
7560	0	6	2	0	0:00:03.392522
7580	8	8	8	1	0:00:03.385889
7600	8	9	9	0	0:00:03.387743
7620	5	1	1	0	0:00:03.381942
7640	9	9	8	1	0:00:03.382975
7660	7	9	9	0	0:00:03.423867
7680	3	9	9	0	0:00:03.380833
7700	6	6	6	1	0:00:03.394601
7720	5	6	6	0	0:00:03.393233
7740	4	6	2	0	0:00:03.360656
7760	2	9	9	0	0:00:03.361744
7780	3	8	8	0	0:00:03.368624
7800	0	0	0	1	0:00:03.346150
7820	5	8	8	0	0:00:03.341906
7840	1	1	1	1	0:00:03.376486
7860	8	4	4	0	0:00:03.341021
7880	0	8	8	0	0:00:03.330312
7900	0	8	8	0	0:00:03.361288
7920	9	8	8	0	0:00:03.396148
7940	2	6	6	0	0:00:03.409630
7960	0	0	0	1	0:00:03.401101
7980	3	7	4	0	0:00:03.444699
8000	9	9	8	1	0:00:03.413739
8020	6	6	6	1	0:00:03.402497
8040	2	6	6	0	0:00:03.424903
8060	6	4	4	0	0:00:03.391890
8080	4	6	6	0	0:00:03.393519
8100	6	2	2	0	0:00:03.406725
8120	8	9	9	0	0:00:03.365705
8140	5	6	6	0	0:00:03.374955
8160	6	9	9	0	0:00:03.375064
8180	4	6	6	0	0:00:03.367580
8200	3	6	6	0	0:00:03.377489
8220	6	7	2	0	0:00:03.370174
8240	7	7	7	1	0:00:03.411840
8260	1	1	1	1	0:00:03.327101
8280	4	1	1	0	0:00:03.322495
8300	5	2	2	0	0:00:03.362538
8320	7	4	4	0	0:00:03.376945
8340	5	4	4	0	0:00:03.330539
8360	7	4	6	0	0:00:03.370768
8380	9	8	8	0	0:00:03.343522
8400	0	8	8	0	0:00:03.328348
8420	3	6	4	0	0:00:03.334042
8440	5	9	9	0	0:00:03.349426
8460	8	8	8	1	0:00:03.340256
8480	2	1	1	0	0:00:03.369871
8500	4	2	2	0	0:00:03.399179
8520	8	6	6	0	0:00:03.355959
8540	4	6	4	0	0:00:03.374771
8560	7	7	7	1	0:00:03.388801
8580	3	0	0	0	0:00:03.370385
8600	3	7	7	0	0:00:03.377395
8620	3	1	4	0	0:00:03.398078
8640	1	1	1	1	0:00:03.376871
8660	7	5	5	0	0:00:03.386342
8680	3	9	9	0	0:00:03.373006
8700	3	5	5	0	0:00:03.368968
8720	2	0	0	0	0:00:03.373457
8740	2	6	6	0	0:00:03.381180
8760	8	8	8	1	0:00:03.370741
8780	4	4	4	1	0:00:03.378473
8800	0	0	0	1	0:00:03.374686
8820	2	2	2	1	0:00:03.406412
8840	2	1	1	0	0:00:03.388367
8860	2	0	8	0	0:00:03.366769
8880	1	6	6	0	0:00:03.370898
8900	2	1	4	0	0:00:03.365566
8920	6	6	6	1	0:00:03.363993
8940	6	3	3	0	0:00:03.366600
8960	0	0	0	1	0:00:03.344373
8980	9	9	9	1	0:00:03.338613
9000	8	8	8	1	0:00:03.365585
9020	7	9	9	0	0:00:03.363194
9040	2	5	5	0	0:00:03.356808
9060	9	5	5	0	0:00:03.327631
9080	3	0	0	0	0:00:03.384943
9100	9	6	6	0	0:00:03.339981
9120	3	0	0	0	0:00:03.331321
9140	7	8	8	0	0:00:03.358958
9160	5	5	5	1	0:00:03.343015
9180	5	5	5	1	0:00:03.340853
9200	8	8	8	1	0:00:03.356572
9220	8	8	8	1	0:00:03.364230
9240	8	8	8	1	0:00:03.356229
9260	5	5	4	1	0:00:03.358793
9280	9	0	0	0	0:00:03.330741
9300	5	-1	6	0	0:00:03.336210
9320	9	8	8	0	0:00:03.330977
9340	1	1	1	1	0:00:03.382623
9360	5	-1	0	0	0:00:03.330848
9380	5	5	5	1	0:00:03.336500
9400	6	6	2	1	0:00:03.388876
9420	5	6	6	0	0:00:03.343558
9440	8	8	8	1	0:00:03.342622
9460	3	7	7	0	0:00:03.342755
9480	2	4	4	0	0:00:03.359558
9500	9	-1	6	0	0:00:03.339133
9520	1	9	9	0	0:00:03.339984
9540	5	4	4	0	0:00:03.341829
9560	9	7	7	0	0:00:03.345433
9580	1	4	4	0	0:00:03.334887
9600	8	8	8	1	0:00:03.384145
9620	4	7	7	0	0:00:03.340529
9640	5	-1	6	0	0:00:03.356492
9660	6	6	6	1	0:00:03.385879
9680	8	9	9	0	0:00:03.394515
9700	0	0	0	1	0:00:03.353188
9720	8	6	6	0	0:00:03.385540
9740	3	6	6	0	0:00:03.387698
9760	9	9	6	1	0:00:03.370702
9780	4	6	6	0	0:00:03.389871
9800	1	1	1	1	0:00:03.393012
9820	0	9	8	0	0:00:03.380112
9840	4	3	3	0	0:00:03.377219
9860	0	2	2	0	0:00:03.361671
9880	7	4	4	0	0:00:03.367465
9900	8	0	0	0	0:00:03.345752
9920	6	6	6	1	0:00:03.432747
9940	4	7	7	0	0:00:03.350893
9960	2	0	0	0	0:00:03.352261
9980	0	0	0	1	0:00:03.346066
