idx	label	predict	basePredict	correct	time
0	3	3	3	1	0:00:03.490904
20	7	9	9	0	0:00:03.360933
40	4	8	8	0	0:00:03.376041
60	7	7	7	1	0:00:03.387177
80	8	8	8	1	0:00:03.349382
100	4	5	5	0	0:00:03.423090
120	8	0	8	0	0:00:03.352633
140	6	3	2	0	0:00:03.379291
160	2	0	2	0	0:00:03.377565
180	0	0	0	1	0:00:03.346601
200	5	7	5	0	0:00:03.379514
220	7	7	7	1	0:00:03.356145
240	1	1	1	1	0:00:03.370566
260	8	6	3	0	0:00:03.386509
280	9	9	9	1	0:00:03.354649
300	6	6	4	1	0:00:03.383282
320	3	3	2	1	0:00:03.357019
340	2	4	4	0	0:00:03.363251
360	9	7	5	0	0:00:03.372755
380	6	6	4	1	0:00:03.373087
400	9	9	9	1	0:00:03.378751
420	4	4	4	1	0:00:03.358609
440	1	9	9	0	0:00:03.366046
460	5	5	2	1	0:00:03.377066
480	8	9	9	0	0:00:03.348521
500	4	6	2	0	0:00:03.429501
520	5	7	7	0	0:00:03.368564
540	1	1	8	1	0:00:03.360320
560	0	0	0	1	0:00:03.422525
580	4	4	4	1	0:00:03.354401
600	8	8	8	1	0:00:03.374309
620	7	7	2	1	0:00:03.357871
640	5	3	3	0	0:00:03.358309
660	9	9	9	1	0:00:03.368019
680	9	7	7	0	0:00:03.349159
700	7	7	3	1	0:00:03.367929
720	4	9	4	0	0:00:03.348668
740	2	5	3	0	0:00:03.376014
760	3	4	3	0	0:00:03.371793
780	9	1	9	0	0:00:03.353732
800	7	7	7	1	0:00:03.382571
820	6	8	8	0	0:00:03.357479
840	7	7	7	1	0:00:03.371399
860	4	2	2	0	0:00:03.374870
880	8	8	8	1	0:00:03.365753
900	2	6	4	0	0:00:03.373985
920	6	6	3	1	0:00:03.365115
940	9	9	9	1	0:00:03.360638
960	9	9	9	1	0:00:03.399549
980	2	6	2	0	0:00:03.409274
1000	5	5	5	1	0:00:02.664473
1020	1	1	1	1	0:00:02.659533
1040	7	5	5	0	0:00:02.659945
1060	9	9	9	1	0:00:02.658922
1080	6	1	6	0	0:00:02.658506
1100	7	0	0	0	0:00:02.666374
1120	5	2	2	0	0:00:02.665638
1140	6	4	4	0	0:00:02.658301
1160	8	0	0	0	0:00:02.665015
1180	3	3	3	1	0:00:02.661589
1200	8	0	0	0	0:00:02.659638
1220	9	6	6	0	0:00:02.658469
1240	2	6	6	0	0:00:02.684575
1260	1	9	9	0	0:00:02.658774
1280	3	7	5	0	0:00:02.659375
1300	4	3	3	0	0:00:02.662855
1320	7	2	2	0	0:00:02.673982
1340	1	1	1	1	0:00:02.661356
1360	7	7	2	1	0:00:02.665759
1380	4	5	5	0	0:00:02.662917
1400	5	3	3	0	0:00:02.664361
1420	4	7	7	0	0:00:02.663041
1440	0	8	8	0	0:00:02.665943
1460	6	6	2	1	0:00:02.668648
1480	1	5	5	0	0:00:02.658648
1500	1	1	1	1	0:00:02.659501
1520	7	7	4	1	0:00:02.668602
1540	8	8	8	1	0:00:02.663892
1560	7	7	7	1	0:00:02.660834
1580	6	1	3	0	0:00:02.662887
1600	8	9	6	0	0:00:02.662305
1620	5	8	8	0	0:00:02.669827
1640	7	3	3	0	0:00:02.670176
1660	3	5	5	0	0:00:02.663768
1680	6	6	3	1	0:00:02.663632
1700	5	2	2	0	0:00:02.671531
1720	4	-1	2	0	0:00:02.666527
1740	1	9	9	0	0:00:02.676796
1760	0	8	8	0	0:00:02.660455
1780	7	7	2	1	0:00:02.675993
1800	4	0	8	0	0:00:02.658964
1820	8	9	8	0	0:00:02.672270
1840	8	-1	4	0	0:00:02.673012
1860	8	8	3	1	0:00:02.662847
1880	1	1	8	1	0:00:02.661494
1900	8	8	8	1	0:00:02.677537
1920	2	2	2	1	0:00:02.660821
1940	5	2	2	0	0:00:02.663151
1960	2	5	5	0	0:00:02.665692
1980	9	9	9	1	0:00:02.662289
2000	1	6	6	0	0:00:02.661693
2020	9	9	9	1	0:00:02.664587
2040	0	0	0	1	0:00:02.658078
2060	5	3	3	0	0:00:02.662836
2080	1	9	9	0	0:00:02.658393
2100	2	-1	2	0	0:00:02.660532
2120	4	8	8	0	0:00:02.666873
2140	9	9	9	1	0:00:02.661260
2160	0	8	8	0	0:00:02.659232
2180	4	4	4	1	0:00:02.671403
2200	0	2	2	0	0:00:02.689176
2220	1	1	1	1	0:00:02.671787
2240	9	1	8	0	0:00:02.666833
2260	4	4	3	1	0:00:02.666837
2280	4	8	8	0	0:00:02.680896
2300	3	-1	2	0	0:00:02.686182
2320	5	2	2	0	0:00:02.665118
2340	7	7	7	1	0:00:02.660461
2360	7	5	5	0	0:00:02.657496
2380	8	8	8	1	0:00:02.657553
2400	0	0	0	1	0:00:02.662092
2420	8	5	5	0	0:00:02.659453
2440	7	7	0	1	0:00:02.673748
2460	9	7	7	0	0:00:02.661983
2480	8	8	8	1	0:00:02.666809
2500	4	6	2	0	0:00:02.662353
2520	1	1	7	1	0:00:02.667438
2540	2	5	5	0	0:00:02.665029
2560	7	4	4	0	0:00:02.662826
2580	6	5	5	0	0:00:02.668944
2600	8	8	8	1	0:00:02.658193
2620	1	1	8	1	0:00:02.662041
2640	7	7	4	1	0:00:02.665630
2660	3	2	2	0	0:00:02.671584
2680	0	0	0	1	0:00:02.659456
2700	9	1	1	0	0:00:02.660215
2720	3	3	2	1	0:00:02.677537
2740	1	1	7	1	0:00:02.663693
2760	2	2	2	1	0:00:02.662393
2780	7	7	7	1	0:00:02.667490
2800	4	6	6	0	0:00:02.659903
2820	6	6	2	1	0:00:02.676396
2840	3	3	3	1	0:00:02.665354
2860	5	7	6	0	0:00:02.665679
2880	4	4	4	1	0:00:02.662033
2900	3	5	5	0	0:00:02.665733
2920	2	3	3	0	0:00:02.661785
2940	3	0	0	0	0:00:02.663944
2960	9	9	9	1	0:00:02.659030
2980	8	1	8	0	0:00:02.661528
3000	5	5	5	1	0:00:02.665628
3020	1	1	8	1	0:00:02.669417
3040	7	7	7	1	0:00:02.665941
3060	7	7	5	1	0:00:02.661915
3080	1	1	0	1	0:00:02.662179
3100	0	0	0	1	0:00:02.660690
3120	4	6	2	0	0:00:02.661800
3140	8	8	8	1	0:00:02.658357
3160	6	2	2	0	0:00:02.662824
3180	3	9	3	0	0:00:02.658980
3200	5	7	7	0	0:00:02.662734
3220	3	9	3	0	0:00:02.664480
3240	4	1	8	0	0:00:02.660408
3260	7	7	7	1	0:00:02.690274
3280	3	5	5	0	0:00:02.658978
3300	4	3	2	0	0:00:02.658543
3320	2	7	7	0	0:00:02.662553
3340	6	6	2	1	0:00:02.658775
3360	4	6	6	0	0:00:02.658854
3380	8	8	8	1	0:00:02.662368
3400	6	4	4	0	0:00:02.665996
3420	5	3	3	0	0:00:02.659269
3440	2	3	3	0	0:00:02.663341
3460	1	1	9	1	0:00:02.660979
3480	2	2	2	1	0:00:02.662150
3500	1	9	9	0	0:00:02.667214
3520	1	1	1	1	0:00:02.659301
3540	6	6	3	1	0:00:02.661346
3560	1	9	7	0	0:00:02.662025
3580	4	2	2	0	0:00:02.659317
3600	4	2	2	0	0:00:02.661459
3620	0	6	6	0	0:00:02.662585
3640	6	2	2	0	0:00:02.659289
3660	0	0	8	1	0:00:02.659097
3680	0	4	2	0	0:00:02.670342
3700	3	3	3	1	0:00:02.661779
3720	2	2	2	1	0:00:02.659578
3740	0	0	0	1	0:00:02.675092
3760	7	7	4	1	0:00:02.659384
3780	4	-1	2	0	0:00:02.664735
3800	9	9	3	1	0:00:02.662816
3820	0	2	2	0	0:00:02.666288
3840	6	3	3	0	0:00:02.659066
3860	7	7	7	1	0:00:02.668232
3880	6	4	4	0	0:00:02.660072
3900	3	6	6	0	0:00:02.671899
3920	7	9	5	0	0:00:02.672759
3940	6	5	4	0	0:00:02.660980
3960	2	2	2	1	0:00:02.676318
3980	9	7	7	0	0:00:02.658377
4000	8	7	0	0	0:00:02.657687
4020	8	9	8	0	0:00:02.667027
4040	0	0	0	1	0:00:02.669771
4060	6	5	3	0	0:00:02.666358
4080	1	1	8	1	0:00:02.675048
4100	7	7	7	1	0:00:02.663563
4120	4	4	8	1	0:00:02.660084
4140	5	5	3	1	0:00:02.671275
4160	5	2	2	0	0:00:02.659279
4180	0	8	8	0	0:00:02.676942
4200	4	2	2	0	0:00:02.659729
4220	4	0	0	0	0:00:02.658300
4240	7	0	8	0	0:00:02.658495
4260	8	8	8	1	0:00:02.659363
4280	8	1	1	0	0:00:02.665804
4300	8	8	8	1	0:00:02.660861
4320	1	8	8	0	0:00:02.659904
4340	0	0	0	1	0:00:02.659511
4360	6	9	9	0	0:00:02.661757
4380	9	8	8	0	0:00:02.659428
4400	3	4	4	0	0:00:02.671562
4420	5	5	7	1	0:00:02.662971
4440	2	2	2	1	0:00:02.658958
4460	9	1	8	0	0:00:02.685164
4480	9	9	3	1	0:00:02.663990
4500	3	5	5	0	0:00:02.661263
4520	3	6	6	0	0:00:02.669582
4540	9	9	9	1	0:00:02.661472
4560	1	1	8	1	0:00:02.662347
4580	6	4	4	0	0:00:02.658493
4600	4	7	7	0	0:00:02.660000
4620	7	3	3	0	0:00:02.678119
4640	2	4	2	0	0:00:02.662595
4660	7	4	4	0	0:00:02.660622
4680	9	1	1	0	0:00:02.676417
4700	6	1	5	0	0:00:02.664976
4720	8	0	0	0	0:00:02.657047
4740	5	3	3	0	0:00:02.674497
4760	3	2	2	0	0:00:02.660507
4780	0	0	8	1	0:00:02.664298
4800	9	9	9	1	0:00:02.662557
4820	3	3	3	1	0:00:02.668969
4840	0	0	0	1	0:00:02.670489
4860	5	5	5	1	0:00:02.662285
4880	0	8	2	0	0:00:02.670663
4900	3	6	6	0	0:00:02.678684
4920	7	7	7	1	0:00:02.661741
4940	6	4	2	0	0:00:02.665463
4960	4	3	3	0	0:00:02.667067
4980	1	9	9	0	0:00:02.667546
5000	7	7	7	1	0:00:02.673509
5020	8	8	8	1	0:00:02.662308
5040	3	1	2	0	0:00:02.691105
5060	6	2	2	0	0:00:02.665120
5080	7	7	7	1	0:00:02.662313
5100	3	3	3	1	0:00:02.660648
5120	9	8	8	0	0:00:02.661246
5140	8	8	8	1	0:00:02.665023
5160	0	0	8	1	0:00:02.668907
5180	9	7	4	0	0:00:02.663322
5200	3	3	3	1	0:00:02.665413
5220	0	0	0	1	0:00:02.664061
5240	1	9	9	0	0:00:02.659891
5260	0	0	0	1	0:00:02.659535
5280	0	9	8	0	0:00:02.662318
5300	9	1	1	0	0:00:02.658280
5320	7	7	7	1	0:00:02.661171
5340	3	4	4	0	0:00:02.670912
5360	9	9	3	1	0:00:02.659603
5380	1	9	9	0	0:00:02.689423
5400	9	9	9	1	0:00:02.664708
5420	6	6	3	1	0:00:02.671512
5440	9	9	9	1	0:00:02.678923
5460	0	0	0	1	0:00:02.659359
5480	1	1	4	1	0:00:02.664740
5500	8	1	8	0	0:00:02.669179
5520	4	3	3	0	0:00:02.661091
5540	5	6	4	0	0:00:02.685877
5560	3	5	5	0	0:00:02.659410
5580	5	6	3	0	0:00:02.657994
5600	6	9	4	0	0:00:02.658268
5620	3	6	6	0	0:00:02.659148
5640	2	2	2	1	0:00:02.659443
5660	9	8	8	0	0:00:02.659670
5680	2	3	3	0	0:00:02.661798
5700	3	5	5	0	0:00:02.659432
5720	9	9	9	1	0:00:02.669813
5740	6	4	6	0	0:00:02.662199
5760	2	0	0	0	0:00:02.665616
5780	7	7	7	1	0:00:02.673531
5800	2	4	4	0	0:00:02.662473
5820	5	3	3	0	0:00:02.681153
5840	2	2	2	1	0:00:02.673234
5860	0	1	8	0	0:00:02.661287
5880	0	0	0	1	0:00:02.660496
5900	4	0	0	0	0:00:02.667506
5920	8	8	8	1	0:00:02.659378
5940	7	4	4	0	0:00:02.678616
5960	2	6	6	0	0:00:02.666679
5980	9	9	2	1	0:00:02.664337
6000	8	9	8	0	0:00:02.667298
6020	6	6	6	1	0:00:02.664507
6040	2	7	5	0	0:00:02.658638
6060	3	4	2	0	0:00:02.659073
6080	1	9	9	0	0:00:02.695655
6100	1	1	8	1	0:00:02.659112
6120	5	5	5	1	0:00:02.663456
6140	9	9	9	1	0:00:02.666199
6160	2	5	5	0	0:00:02.661779
6180	0	0	0	1	0:00:02.659797
6200	3	-1	3	0	0:00:02.660532
6220	2	5	5	0	0:00:02.659615
6240	2	1	2	0	0:00:02.665992
6260	2	9	6	0	0:00:02.660234
6280	8	5	5	0	0:00:02.699973
6300	1	1	2	1	0:00:02.660187
6320	0	4	0	0	0:00:02.658383
6340	3	3	3	1	0:00:02.663445
6360	2	4	2	0	0:00:02.670732
6380	3	-1	3	0	0:00:02.663630
6400	0	1	8	0	0:00:02.668588
6420	7	7	7	1	0:00:02.662512
6440	3	9	4	0	0:00:02.660715
6460	3	1	3	0	0:00:02.666519
6480	0	0	0	1	0:00:02.663175
6500	7	6	6	0	0:00:02.660787
6520	6	2	2	0	0:00:02.686519
6540	8	8	8	1	0:00:02.666377
6560	6	6	2	1	0:00:02.668093
6580	1	7	4	0	0:00:02.662675
6600	7	7	7	1	0:00:02.661312
6620	7	7	7	1	0:00:02.668723
6640	5	3	3	0	0:00:02.660790
6660	0	0	0	1	0:00:02.665291
6680	3	5	3	0	0:00:02.664339
6700	6	0	0	0	0:00:02.661376
6720	2	4	2	0	0:00:02.658381
6740	2	4	6	0	0:00:02.664801
6760	5	5	5	1	0:00:02.659643
6780	7	7	7	1	0:00:02.658778
6800	6	4	2	0	0:00:02.666466
6820	1	1	1	1	0:00:02.661453
6840	9	-1	1	0	0:00:02.667855
6860	0	2	2	0	0:00:02.660420
6880	2	7	2	0	0:00:02.660132
6900	3	7	7	0	0:00:02.660426
6920	5	2	2	0	0:00:02.661068
6940	1	1	1	1	0:00:02.659696
6960	9	8	8	0	0:00:02.664304
6980	0	1	8	0	0:00:02.658227
7000	2	0	8	0	0:00:02.658783
7020	7	7	7	1	0:00:02.663985
7040	7	1	8	0	0:00:02.658884
7060	8	-1	8	0	0:00:02.656457
7080	5	4	4	0	0:00:02.659552
7100	9	5	3	0	0:00:02.663749
7120	7	5	5	0	0:00:02.666528
7140	4	9	3	0	0:00:02.660870
7160	5	5	5	1	0:00:02.682784
7180	6	6	3	1	0:00:02.688519
7200	4	6	2	0	0:00:02.671776
7220	9	9	8	1	0:00:02.659803
7240	0	8	8	0	0:00:02.674230
7260	1	1	8	1	0:00:02.661158
7280	1	9	9	0	0:00:02.667673
7300	3	4	4	0	0:00:02.667373
7320	8	0	0	0	0:00:02.657687
7340	2	4	4	0	0:00:02.696040
7360	2	7	4	0	0:00:02.659498
7380	7	7	7	1	0:00:02.657428
7400	3	-1	3	0	0:00:02.664207
7420	3	4	2	0	0:00:02.659529
7440	3	3	3	1	0:00:02.659205
7460	5	5	5	1	0:00:02.660410
7480	1	8	8	0	0:00:02.663702
7500	6	6	6	1	0:00:02.662242
7520	4	2	2	0	0:00:02.667800
7540	5	5	5	1	0:00:02.663618
7560	0	0	0	1	0:00:02.670654
7580	8	8	8	1	0:00:02.662165
7600	8	9	2	0	0:00:02.661415
7620	5	3	3	0	0:00:02.659593
7640	9	8	8	0	0:00:02.661543
7660	7	9	4	0	0:00:02.661338
7680	3	9	3	0	0:00:02.670703
7700	6	6	4	1	0:00:02.666088
7720	5	2	2	0	0:00:02.662022
7740	4	2	2	0	0:00:02.664602
7760	2	9	9	0	0:00:02.665103
7780	3	-1	8	0	0:00:02.677107
7800	0	0	0	1	0:00:02.678842
7820	5	9	9	0	0:00:02.657522
7840	1	1	1	1	0:00:02.663748
7860	8	8	2	1	0:00:02.667701
7880	0	4	4	0	0:00:02.659911
7900	0	8	8	0	0:00:02.660841
7920	9	9	2	1	0:00:02.668681
7940	2	6	4	0	0:00:02.666955
7960	0	0	8	1	0:00:02.663074
7980	3	3	3	1	0:00:02.660240
8000	9	9	8	1	0:00:02.665708
8020	6	3	3	0	0:00:02.664891
8040	2	2	2	1	0:00:02.666538
8060	6	6	5	1	0:00:02.670859
8080	4	6	2	0	0:00:02.817150
8100	6	2	4	0	0:00:02.715008
8120	8	9	9	0	0:00:02.668133
8140	5	4	4	0	0:00:02.667171
8160	6	6	6	1	0:00:02.674518
8180	4	2	4	0	0:00:02.670367
8200	3	4	4	0	0:00:02.663468
8220	6	7	3	0	0:00:02.665185
8240	7	7	7	1	0:00:02.663254
8260	1	1	1	1	0:00:02.661507
8280	4	5	5	0	0:00:02.662472
8300	5	2	2	0	0:00:02.661521
8320	7	4	4	0	0:00:02.666727
8340	5	3	3	0	0:00:02.674464
8360	7	7	7	1	0:00:02.691186
8380	9	9	9	1	0:00:02.675297
8400	0	8	8	0	0:00:02.665974
8420	3	6	6	0	0:00:02.679511
8440	5	3	3	0	0:00:02.659113
8460	8	8	8	1	0:00:02.658335
8480	2	2	4	1	0:00:02.659365
8500	4	4	4	1	0:00:02.659636
8520	8	1	8	0	0:00:02.659739
8540	4	2	2	0	0:00:02.662162
8560	7	7	7	1	0:00:02.701918
8580	3	2	2	0	0:00:02.677958
8600	3	2	4	0	0:00:02.659150
8620	3	4	4	0	0:00:02.675276
8640	1	1	8	1	0:00:02.659605
8660	7	7	7	1	0:00:02.659132
8680	3	7	8	0	0:00:02.659968
8700	3	7	3	0	0:00:02.680595
8720	2	0	0	0	0:00:02.661792
8740	2	2	5	1	0:00:02.658691
8760	8	8	8	1	0:00:02.669139
8780	4	7	2	0	0:00:02.666456
8800	0	0	0	1	0:00:02.662164
8820	2	2	2	1	0:00:02.659114
8840	2	7	7	0	0:00:02.658805
8860	2	2	6	1	0:00:02.659458
8880	1	1	1	1	0:00:02.659044
8900	2	4	4	0	0:00:02.657345
8920	6	6	2	1	0:00:02.662091
8940	6	3	3	0	0:00:02.660030
8960	0	0	0	1	0:00:02.664398
8980	9	9	9	1	0:00:02.667282
9000	8	8	8	1	0:00:02.663007
9020	7	7	7	1	0:00:02.680744
9040	2	5	5	0	0:00:02.670714
9060	9	9	3	1	0:00:02.662557
9080	3	2	2	0	0:00:02.667633
9100	9	1	3	0	0:00:02.662503
9120	3	0	3	0	0:00:02.664399
9140	7	-1	2	0	0:00:02.673708
9160	5	3	3	0	0:00:02.658551
9180	5	5	5	1	0:00:02.666435
9200	8	8	8	1	0:00:02.678700
9220	8	8	8	1	0:00:02.662502
9240	8	8	8	1	0:00:02.679418
9260	5	5	5	1	0:00:02.659300
9280	9	8	8	0	0:00:02.662289
9300	5	2	2	0	0:00:02.663823
9320	9	9	9	1	0:00:02.662519
9340	1	1	1	1	0:00:02.658951
9360	5	0	0	0	0:00:02.661670
9380	5	3	3	0	0:00:02.661561
9400	6	6	2	1	0:00:02.667341
9420	5	5	5	1	0:00:02.663895
9440	8	8	8	1	0:00:02.665804
9460	3	7	7	0	0:00:02.673310
9480	2	6	2	0	0:00:02.682987
9500	9	9	5	1	0:00:02.686536
9520	1	1	1	1	0:00:02.657876
9540	5	3	3	0	0:00:02.661871
9560	9	7	5	0	0:00:02.660071
9580	1	1	4	1	0:00:02.660839
9600	8	0	8	0	0:00:02.655405
9620	4	7	4	0	0:00:02.656890
9640	5	0	2	0	0:00:02.659490
9660	6	6	6	1	0:00:02.657871
9680	8	8	8	1	0:00:02.656108
9700	0	0	0	1	0:00:02.655817
9720	8	1	8	0	0:00:02.658673
9740	3	6	2	0	0:00:02.677280
9760	9	3	3	0	0:00:02.659507
9780	4	6	2	0	0:00:02.664119
9800	1	1	1	1	0:00:02.656722
9820	0	8	8	0	0:00:02.658853
9840	4	5	5	0	0:00:02.657031
9860	0	5	5	0	0:00:02.655771
9880	7	8	8	0	0:00:02.656927
9900	8	-1	8	0	0:00:02.656852
9920	6	6	2	1	0:00:02.658957
9940	4	5	5	0	0:00:02.657738
9960	2	0	0	0	0:00:02.656392
9980	0	0	0	1	0:00:02.659470
