idx	label	predict	basePredict	correct	time
0	3	4	4	0	0:00:02.160828
20	7	9	9	0	0:00:02.015023
40	4	8	8	0	0:00:02.006714
60	7	2	2	0	0:00:02.012115
80	8	8	8	1	0:00:02.004175
100	4	5	5	0	0:00:02.011191
120	8	8	8	1	0:00:02.018962
140	6	2	2	0	0:00:02.015932
160	2	0	2	0	0:00:02.034906
180	0	0	0	1	0:00:02.009324
200	5	3	3	0	0:00:02.010218
220	7	7	7	1	0:00:02.007661
240	1	1	6	1	0:00:02.010185
260	8	5	5	0	0:00:02.059461
280	9	9	8	1	0:00:02.017860
300	6	4	4	0	0:00:02.014300
320	3	-1	2	0	0:00:02.063872
340	2	5	4	0	0:00:02.013568
360	9	6	6	0	0:00:02.013032
380	6	-1	4	0	0:00:02.020768
400	9	9	9	1	0:00:02.014863
420	4	6	6	0	0:00:02.015169
440	1	1	2	1	0:00:02.016979
460	5	5	4	1	0:00:02.015583
480	8	9	9	0	0:00:02.018100
500	4	6	2	0	0:00:02.019507
520	5	7	8	0	0:00:02.012243
540	1	8	8	0	0:00:02.016863
560	0	0	8	1	0:00:02.017682
580	4	6	4	0	0:00:02.016796
600	8	5	0	0	0:00:02.017426
620	7	-1	2	0	0:00:02.023146
640	5	6	6	0	0:00:02.018449
660	9	9	9	1	0:00:02.012199
680	9	9	9	1	0:00:02.009219
700	7	7	2	1	0:00:02.011973
720	4	9	7	0	0:00:02.031140
740	2	5	5	0	0:00:02.023406
760	3	9	9	0	0:00:02.016099
780	9	0	0	0	0:00:02.028411
800	7	7	7	1	0:00:02.012934
820	6	9	9	0	0:00:02.016589
840	7	7	7	1	0:00:02.055574
860	4	-1	6	0	0:00:02.020455
880	8	8	8	1	0:00:02.023578
900	2	6	6	0	0:00:02.018697
920	6	2	2	0	0:00:02.030673
940	9	6	6	0	0:00:02.026454
960	9	-1	4	0	0:00:02.046132
980	2	6	6	0	0:00:02.014674
1000	5	5	5	1	0:00:01.928404
1020	1	8	8	0	0:00:01.927477
1040	7	5	5	0	0:00:01.932854
1060	9	8	8	0	0:00:01.931639
1080	6	6	6	1	0:00:01.931675
1100	7	8	8	0	0:00:01.931705
1120	5	8	8	0	0:00:01.934065
1140	6	4	4	0	0:00:01.932505
1160	8	0	0	0	0:00:01.934358
1180	3	9	9	0	0:00:01.933985
1200	8	0	0	0	0:00:01.936633
1220	9	-1	2	0	0:00:01.937202
1240	2	6	6	0	0:00:01.934974
1260	1	9	9	0	0:00:01.934718
1280	3	7	7	0	0:00:01.930092
1300	4	6	6	0	0:00:01.929988
1320	7	-1	0	0	0:00:01.933162
1340	1	1	1	1	0:00:01.934437
1360	7	9	2	0	0:00:01.932874
1380	4	5	8	0	0:00:01.932983
1400	5	2	2	0	0:00:01.931280
1420	4	7	7	0	0:00:01.933738
1440	0	8	8	0	0:00:01.930805
1460	6	6	4	1	0:00:01.930643
1480	1	5	5	0	0:00:01.934763
1500	1	9	8	0	0:00:01.932861
1520	7	6	4	0	0:00:01.932009
1540	8	8	8	1	0:00:01.931050
1560	7	7	7	1	0:00:01.930737
1580	6	1	9	0	0:00:01.932732
1600	8	9	4	0	0:00:01.929482
1620	5	8	8	0	0:00:01.934987
1640	7	5	5	0	0:00:01.931525
1660	3	5	4	0	0:00:01.931185
1680	6	6	6	1	0:00:01.930888
1700	5	2	2	0	0:00:01.931668
1720	4	0	0	0	0:00:01.930725
1740	1	-1	9	0	0:00:01.932260
1760	0	8	8	0	0:00:01.930292
1780	7	8	8	0	0:00:01.930923
1800	4	8	8	0	0:00:01.928399
1820	8	9	9	0	0:00:01.929770
1840	8	7	7	0	0:00:01.931251
1860	8	8	8	1	0:00:01.930833
1880	1	1	4	1	0:00:01.932732
1900	8	8	8	1	0:00:01.933971
1920	2	7	2	0	0:00:01.930744
1940	5	2	2	0	0:00:01.933658
1960	2	5	5	0	0:00:01.931815
1980	9	9	2	1	0:00:01.932527
2000	1	6	6	0	0:00:01.930791
2020	9	9	9	1	0:00:01.932697
2040	0	8	8	0	0:00:01.930317
2060	5	5	5	1	0:00:01.931211
2080	1	2	2	0	0:00:01.931096
2100	2	4	4	0	0:00:01.925810
2120	4	8	8	0	0:00:01.929572
2140	9	9	1	1	0:00:01.929928
2160	0	8	8	0	0:00:01.929994
2180	4	6	6	0	0:00:01.929328
2200	0	0	0	1	0:00:01.928005
2220	1	-1	4	0	0:00:01.932250
2240	9	9	9	1	0:00:01.929813
2260	4	1	4	0	0:00:01.933201
2280	4	8	8	0	0:00:01.930890
2300	3	6	4	0	0:00:01.929093
2320	5	8	8	0	0:00:01.928684
2340	7	9	7	0	0:00:01.933331
2360	7	7	0	1	0:00:01.930170
2380	8	8	8	1	0:00:01.934053
2400	0	0	0	1	0:00:01.931430
2420	8	5	5	0	0:00:01.933283
2440	7	1	8	0	0:00:01.928462
2460	9	-1	6	0	0:00:01.930371
2480	8	8	8	1	0:00:01.931305
2500	4	-1	2	0	0:00:01.932514
2520	1	8	8	0	0:00:01.929751
2540	2	3	4	0	0:00:01.931837
2560	7	2	2	0	0:00:01.932454
2580	6	4	4	0	0:00:01.933165
2600	8	8	8	1	0:00:01.928891
2620	1	6	6	0	0:00:01.930232
2640	7	7	2	1	0:00:01.933164
2660	3	0	0	0	0:00:01.932578
2680	0	0	0	1	0:00:01.932052
2700	9	0	0	0	0:00:01.931161
2720	3	8	8	0	0:00:01.929374
2740	1	1	1	1	0:00:01.930564
2760	2	6	6	0	0:00:01.930301
2780	7	7	6	1	0:00:01.934354
2800	4	6	6	0	0:00:01.934383
2820	6	6	6	1	0:00:01.933859
2840	3	3	3	1	0:00:01.930775
2860	5	7	7	0	0:00:01.930634
2880	4	4	4	1	0:00:01.930146
2900	3	5	4	0	0:00:01.932696
2920	2	-1	8	0	0:00:01.934129
2940	3	8	8	0	0:00:01.935634
2960	9	7	7	0	0:00:01.936014
2980	8	1	4	0	0:00:01.935020
3000	5	5	5	1	0:00:01.932330
3020	1	-1	3	0	0:00:01.940118
3040	7	7	7	1	0:00:01.934303
3060	7	7	7	1	0:00:01.934939
3080	1	2	2	0	0:00:01.934638
3100	0	0	0	1	0:00:01.934009
3120	4	6	4	0	0:00:01.933900
3140	8	8	8	1	0:00:01.935013
3160	6	4	4	0	0:00:01.930360
3180	3	-1	8	0	0:00:01.930365
3200	5	1	7	0	0:00:01.927581
3220	3	-1	7	0	0:00:01.928180
3240	4	8	8	0	0:00:01.928161
3260	7	0	0	0	0:00:01.923777
3280	3	0	0	0	0:00:01.925625
3300	4	4	4	1	0:00:01.926144
3320	2	-1	7	0	0:00:01.926249
3340	6	-1	4	0	0:00:01.924520
3360	4	6	6	0	0:00:01.924227
3380	8	9	8	0	0:00:01.925808
3400	6	4	4	0	0:00:01.923605
3420	5	6	6	0	0:00:01.925424
3440	2	9	9	0	0:00:01.925177
3460	1	1	4	1	0:00:01.928050
3480	2	2	2	1	0:00:01.929633
3500	1	4	4	0	0:00:01.929359
3520	1	1	1	1	0:00:01.928060
3540	6	8	8	0	0:00:01.928006
3560	1	9	8	0	0:00:01.930524
3580	4	1	8	0	0:00:01.929682
3600	4	2	2	0	0:00:01.927929
3620	0	7	7	0	0:00:01.932380
3640	6	2	0	0	0:00:01.932081
3660	0	8	8	0	0:00:01.932214
3680	0	7	2	0	0:00:01.933358
3700	3	-1	4	0	0:00:01.931038
3720	2	2	0	1	0:00:01.928591
3740	0	0	0	1	0:00:01.930413
3760	7	7	7	1	0:00:01.929308
3780	4	2	2	0	0:00:01.928234
3800	9	3	2	0	0:00:01.934520
3820	0	0	0	1	0:00:01.934342
3840	6	8	5	0	0:00:01.933741
3860	7	7	7	1	0:00:01.933191
3880	6	4	4	0	0:00:01.930416
3900	3	0	0	0	0:00:01.931538
3920	7	8	8	0	0:00:01.931059
3940	6	7	4	0	0:00:01.932759
3960	2	5	4	0	0:00:01.934111
3980	9	7	7	0	0:00:01.934849
4000	8	7	4	0	0:00:01.924420
4020	8	9	8	0	0:00:01.925564
4040	0	-1	0	0	0:00:01.928257
4060	6	0	0	0	0:00:01.931581
4080	1	8	8	0	0:00:01.932462
4100	7	7	7	1	0:00:01.932237
4120	4	0	0	0	0:00:01.926500
4140	5	2	2	0	0:00:01.929102
4160	5	2	2	0	0:00:01.928532
4180	0	0	8	1	0:00:01.932900
4200	4	2	2	0	0:00:01.933640
4220	4	0	0	0	0:00:01.934547
4240	7	8	8	0	0:00:01.934241
4260	8	9	9	0	0:00:01.938323
4280	8	8	8	1	0:00:01.935898
4300	8	8	8	1	0:00:01.936371
4320	1	8	8	0	0:00:01.937538
4340	0	8	0	0	0:00:01.935483
4360	6	9	9	0	0:00:01.935852
4380	9	9	8	1	0:00:01.935773
4400	3	8	8	0	0:00:01.933652
4420	5	8	8	0	0:00:01.939023
4440	2	6	6	0	0:00:01.930789
4460	9	8	8	0	0:00:01.932079
4480	9	6	6	0	0:00:01.933524
4500	3	7	7	0	0:00:01.931505
4520	3	6	6	0	0:00:01.933496
4540	9	9	9	1	0:00:01.934599
4560	1	6	4	0	0:00:01.933873
4580	6	-1	4	0	0:00:01.933552
4600	4	7	7	0	0:00:01.933226
4620	7	3	3	0	0:00:01.935726
4640	2	5	5	0	0:00:01.932060
4660	7	2	2	0	0:00:01.933210
4680	9	1	1	0	0:00:01.934698
4700	6	1	4	0	0:00:01.930534
4720	8	0	0	0	0:00:01.933927
4740	5	6	6	0	0:00:01.934821
4760	3	8	8	0	0:00:01.933843
4780	0	8	0	0	0:00:01.932583
4800	9	9	9	1	0:00:01.932474
4820	3	5	6	0	0:00:01.930615
4840	0	0	0	1	0:00:01.936249
4860	5	5	5	1	0:00:01.933811
4880	0	2	2	0	0:00:01.929035
4900	3	6	6	0	0:00:01.933835
4920	7	0	0	0	0:00:01.933431
4940	6	2	2	0	0:00:01.934302
4960	4	6	6	0	0:00:01.934500
4980	1	9	9	0	0:00:01.934814
5000	7	7	7	1	0:00:01.931856
5020	8	8	8	1	0:00:01.936255
5040	3	7	4	0	0:00:01.936289
5060	6	6	6	1	0:00:01.934893
5080	7	7	7	1	0:00:01.933175
5100	3	4	4	0	0:00:01.933003
5120	9	8	8	0	0:00:01.932691
5140	8	-1	8	0	0:00:01.933921
5160	0	8	8	0	0:00:01.934337
5180	9	6	4	0	0:00:01.934317
5200	3	3	3	1	0:00:01.931790
5220	0	0	0	1	0:00:01.933470
5240	1	3	2	0	0:00:01.934829
5260	0	0	0	1	0:00:01.935883
5280	0	-1	8	0	0:00:01.935852
5300	9	1	6	0	0:00:01.935953
5320	7	7	7	1	0:00:01.933996
5340	3	-1	8	0	0:00:01.936760
5360	9	9	9	1	0:00:01.935351
5380	1	9	9	0	0:00:01.934070
5400	9	0	0	0	0:00:01.934202
5420	6	7	7	0	0:00:01.930869
5440	9	9	9	1	0:00:01.934720
5460	0	6	6	0	0:00:01.936031
5480	1	8	8	0	0:00:01.932117
5500	8	1	8	0	0:00:01.935737
5520	4	5	5	0	0:00:01.934994
5540	5	-1	2	0	0:00:01.935102
5560	3	6	4	0	0:00:01.933522
5580	5	6	6	0	0:00:01.934319
5600	6	8	8	0	0:00:01.932141
5620	3	-1	2	0	0:00:01.933333
5640	2	3	3	0	0:00:01.936279
5660	9	-1	8	0	0:00:01.936691
5680	2	8	8	0	0:00:01.930527
5700	3	9	6	0	0:00:01.936594
5720	9	9	9	1	0:00:01.933485
5740	6	4	4	0	0:00:01.932492
5760	2	8	8	0	0:00:01.935197
5780	7	7	7	1	0:00:01.934296
5800	2	6	4	0	0:00:01.932934
5820	5	6	6	0	0:00:01.935932
5840	2	6	6	0	0:00:01.935500
5860	0	8	8	0	0:00:01.935934
5880	0	8	8	0	0:00:01.936931
5900	4	5	0	0	0:00:01.936925
5920	8	8	8	1	0:00:01.938142
5940	7	4	4	0	0:00:01.941632
5960	2	7	7	0	0:00:01.940106
5980	9	9	8	1	0:00:01.935998
6000	8	9	8	0	0:00:01.937647
6020	6	7	6	0	0:00:01.936927
6040	2	7	7	0	0:00:01.937306
6060	3	4	4	0	0:00:01.937568
6080	1	-1	6	0	0:00:01.937904
6100	1	8	8	0	0:00:01.936755
6120	5	5	5	1	0:00:01.939241
6140	9	9	7	1	0:00:01.935018
6160	2	5	5	0	0:00:01.934186
6180	0	-1	8	0	0:00:01.934982
6200	3	0	0	0	0:00:01.935317
6220	2	6	6	0	0:00:01.936251
6240	2	1	4	0	0:00:01.931486
6260	2	9	7	0	0:00:01.936103
6280	8	5	4	0	0:00:01.935974
6300	1	7	2	0	0:00:01.937204
6320	0	0	0	1	0:00:01.939066
6340	3	8	8	0	0:00:01.937902
6360	2	2	2	1	0:00:01.935389
6380	3	1	6	0	0:00:01.938946
6400	0	1	4	0	0:00:01.937525
6420	7	5	8	0	0:00:01.933723
6440	3	8	8	0	0:00:01.935063
6460	3	1	1	0	0:00:01.933930
6480	0	5	0	0	0:00:01.931822
6500	7	0	0	0	0:00:01.935077
6520	6	4	4	0	0:00:02.009857
6540	8	8	8	1	0:00:01.930026
6560	6	6	6	1	0:00:01.928599
6580	1	3	2	0	0:00:01.928642
6600	7	7	7	1	0:00:01.928331
6620	7	7	4	1	0:00:01.927038
6640	5	3	8	0	0:00:01.931892
6660	0	8	8	0	0:00:01.929694
6680	3	5	3	0	0:00:01.930466
6700	6	-1	6	0	0:00:01.930824
6720	2	2	2	1	0:00:01.927750
6740	2	6	4	0	0:00:01.930793
6760	5	0	0	0	0:00:01.933972
6780	7	7	7	1	0:00:01.963830
6800	6	6	6	1	0:00:01.945747
6820	1	1	1	1	0:00:01.929534
6840	9	9	6	1	0:00:01.927323
6860	0	0	0	1	0:00:01.960255
6880	2	-1	6	0	0:00:01.959958
6900	3	7	7	0	0:00:01.963964
6920	5	2	2	0	0:00:02.003989
6940	1	1	1	1	0:00:01.990794
6960	9	8	8	0	0:00:02.006976
6980	0	9	9	0	0:00:02.022374
7000	2	8	8	0	0:00:02.023748
7020	7	1	1	0	0:00:02.022588
7040	7	8	8	0	0:00:02.024467
7060	8	-1	8	0	0:00:02.025567
7080	5	-1	0	0	0:00:02.080065
7100	9	8	8	0	0:00:02.093252
7120	7	5	5	0	0:00:02.091018
7140	4	4	4	1	0:00:02.082487
7160	5	4	4	0	0:00:02.051385
7180	6	6	6	1	0:00:02.051120
7200	4	6	2	0	0:00:01.992458
7220	9	8	8	0	0:00:01.992724
7240	0	8	8	0	0:00:01.991739
7260	1	8	8	0	0:00:01.994304
7280	1	6	4	0	0:00:01.990392
7300	3	7	8	0	0:00:01.993529
7320	8	0	0	0	0:00:01.990601
7340	2	4	4	0	0:00:01.974484
7360	2	-1	4	0	0:00:01.981417
7380	7	-1	7	0	0:00:02.026580
7400	3	9	3	0	0:00:02.011663
7420	3	0	0	0	0:00:01.995713
7440	3	6	4	0	0:00:02.059493
7460	5	5	5	1	0:00:02.029658
7480	1	5	5	0	0:00:02.029660
7500	6	6	6	1	0:00:02.096243
7520	4	6	4	0	0:00:02.057178
7540	5	5	5	1	0:00:02.077483
7560	0	2	2	0	0:00:02.058404
7580	8	-1	8	0	0:00:02.062358
7600	8	9	2	0	0:00:02.059024
7620	5	-1	4	0	0:00:02.055184
7640	9	-1	8	0	0:00:02.026865
7660	7	9	4	0	0:00:02.026047
7680	3	9	9	0	0:00:02.012503
7700	6	6	6	1	0:00:01.966434
7720	5	6	4	0	0:00:02.013010
7740	4	2	2	0	0:00:01.962989
7760	2	9	8	0	0:00:01.991010
7780	3	8	8	0	0:00:01.965124
7800	0	0	0	1	0:00:01.962336
7820	5	8	8	0	0:00:01.959494
7840	1	1	1	1	0:00:01.950875
7860	8	4	4	0	0:00:01.974338
7880	0	8	8	0	0:00:01.937477
7900	0	8	8	0	0:00:01.960173
7920	9	8	8	0	0:00:01.930640
7940	2	6	6	0	0:00:01.933656
7960	0	0	0	1	0:00:01.929107
7980	3	7	4	0	0:00:01.933521
8000	9	0	0	0	0:00:01.931110
8020	6	6	6	1	0:00:01.933873
8040	2	6	6	0	0:00:01.934715
8060	6	4	4	0	0:00:01.930164
8080	4	6	4	0	0:00:01.929871
8100	6	2	2	0	0:00:01.932848
8120	8	9	8	0	0:00:01.928266
8140	5	-1	6	0	0:00:01.934127
8160	6	9	8	0	0:00:01.931694
8180	4	6	4	0	0:00:01.931467
8200	3	-1	4	0	0:00:01.931100
8220	6	-1	2	0	0:00:01.932627
8240	7	7	7	1	0:00:01.933033
8260	1	3	3	0	0:00:01.933728
8280	4	-1	2	0	0:00:01.930437
8300	5	2	2	0	0:00:01.931775
8320	7	9	4	0	0:00:01.960657
8340	5	5	4	1	0:00:01.934111
8360	7	-1	4	0	0:00:01.982308
8380	9	8	8	0	0:00:01.993653
8400	0	8	8	0	0:00:01.965242
8420	3	6	2	0	0:00:02.011950
8440	5	9	4	0	0:00:01.985401
8460	8	8	8	1	0:00:01.970340
8480	2	1	8	0	0:00:01.962680
8500	4	2	2	0	0:00:01.960444
8520	8	4	4	0	0:00:01.962882
8540	4	-1	4	0	0:00:01.954149
8560	7	7	6	1	0:00:01.933947
8580	3	-1	0	0	0:00:01.935250
8600	3	7	7	0	0:00:01.953765
8620	3	1	4	0	0:00:01.933201
8640	1	1	1	1	0:00:01.930601
8660	7	5	5	0	0:00:01.934535
8680	3	9	0	0	0:00:01.934953
8700	3	5	3	0	0:00:01.932286
8720	2	0	0	0	0:00:01.937249
8740	2	-1	4	0	0:00:01.932952
8760	8	-1	5	0	0:00:01.933074
8780	4	7	4	0	0:00:01.936560
8800	0	0	0	1	0:00:01.932014
8820	2	-1	2	0	0:00:01.937008
8840	2	1	1	0	0:00:01.933043
8860	2	0	8	0	0:00:01.932123
8880	1	6	4	0	0:00:01.929344
8900	2	1	4	0	0:00:01.929871
8920	6	6	4	1	0:00:01.931060
8940	6	3	3	0	0:00:01.930806
8960	0	0	0	1	0:00:01.924703
8980	9	9	8	1	0:00:01.930100
9000	8	8	8	1	0:00:01.928629
9020	7	9	8	0	0:00:01.956692
9040	2	5	5	0	0:00:02.002665
9060	9	5	5	0	0:00:01.984918
9080	3	0	0	0	0:00:01.987676
9100	9	6	6	0	0:00:02.020434
9120	3	0	0	0	0:00:02.021301
9140	7	8	8	0	0:00:02.020358
9160	5	5	4	1	0:00:01.998624
9180	5	5	5	1	0:00:01.958393
9200	8	8	8	1	0:00:01.959012
9220	8	8	8	1	0:00:01.981744
9240	8	8	8	1	0:00:01.957416
9260	5	5	4	1	0:00:01.958862
9280	9	0	0	0	0:00:01.970300
9300	5	2	2	0	0:00:01.961194
9320	9	8	8	0	0:00:01.958668
9340	1	1	1	1	0:00:01.959735
9360	5	-1	4	0	0:00:01.959394
9380	5	9	5	0	0:00:01.931866
9400	6	-1	2	0	0:00:01.930209
9420	5	6	6	0	0:00:01.972161
9440	8	8	8	1	0:00:01.938512
9460	3	-1	4	0	0:00:01.930531
9480	2	4	4	0	0:00:01.930826
9500	9	6	6	0	0:00:01.931313
9520	1	9	9	0	0:00:01.929765
9540	5	5	4	1	0:00:01.930293
9560	9	7	7	0	0:00:01.929281
9580	1	4	4	0	0:00:01.932375
9600	8	8	8	1	0:00:01.954744
9620	4	7	0	0	0:00:01.964415
9640	5	-1	6	0	0:00:01.990789
9660	6	6	6	1	0:00:01.992875
9680	8	9	8	0	0:00:01.992215
9700	0	0	0	1	0:00:01.989235
9720	8	6	2	0	0:00:01.962875
9740	3	6	4	0	0:00:02.024248
9760	9	9	4	1	0:00:02.022934
9780	4	6	6	0	0:00:02.023816
9800	1	1	9	1	0:00:02.030378
9820	0	9	8	0	0:00:02.025820
9840	4	-1	3	0	0:00:02.073655
9860	0	2	8	0	0:00:02.025201
9880	7	-1	4	0	0:00:02.024349
9900	8	0	0	0	0:00:02.022833
9920	6	6	4	1	0:00:02.024496
9940	4	-1	7	0	0:00:02.024076
9960	2	0	0	0	0:00:02.018412
9980	0	0	0	1	0:00:02.013379
