idx	label	predict	basePredict	correct	time
0	3	3	3	1	0:00:02.902384
20	7	7	9	1	0:00:02.825936
40	4	8	8	0	0:00:02.762098
60	7	7	7	1	0:00:02.728500
80	8	8	8	1	0:00:02.763495
100	4	5	5	0	0:00:02.839907
120	8	0	8	0	0:00:02.848918
140	6	-1	3	0	0:00:02.777682
160	2	0	2	0	0:00:02.780460
180	0	0	0	1	0:00:02.869453
200	5	5	5	1	0:00:02.819322
220	7	7	7	1	0:00:02.755170
240	1	1	1	1	0:00:02.785495
260	8	6	3	0	0:00:02.787147
280	9	9	9	1	0:00:02.812967
300	6	6	6	1	0:00:02.789569
320	3	3	3	1	0:00:02.768033
340	2	4	4	0	0:00:02.786292
360	9	7	5	0	0:00:02.779500
380	6	6	2	1	0:00:02.753439
400	9	9	9	1	0:00:02.747803
420	4	4	4	1	0:00:02.851584
440	1	9	9	0	0:00:02.801935
460	5	5	2	1	0:00:02.764164
480	8	9	9	0	0:00:02.839932
500	4	6	2	0	0:00:02.802981
520	5	7	7	0	0:00:02.774879
540	1	1	8	1	0:00:02.768785
560	0	0	0	1	0:00:02.783149
580	4	4	4	1	0:00:02.913240
600	8	8	8	1	0:00:02.811462
620	7	7	5	1	0:00:02.871676
640	5	3	3	0	0:00:02.769824
660	9	9	9	1	0:00:02.842028
680	9	7	7	0	0:00:02.857469
700	7	7	3	1	0:00:02.740436
720	4	9	3	0	0:00:02.736521
740	2	5	3	0	0:00:02.792364
760	3	4	3	0	0:00:02.857988
780	9	1	9	0	0:00:02.809581
800	7	7	7	1	0:00:02.791869
820	6	5	6	0	0:00:02.831910
840	7	7	7	1	0:00:02.821437
860	4	4	4	1	0:00:02.739266
880	8	8	8	1	0:00:02.773879
900	2	6	2	0	0:00:02.795432
920	6	6	4	1	0:00:02.843788
940	9	9	9	1	0:00:02.829902
960	9	9	9	1	0:00:02.825295
980	2	6	2	0	0:00:02.790291
1000	5	5	5	1	0:00:02.047277
1020	1	1	1	1	0:00:02.055671
1040	7	5	5	0	0:00:02.049979
1060	9	9	9	1	0:00:02.045002
1080	6	-1	6	0	0:00:02.037075
1100	7	0	8	0	0:00:02.034427
1120	5	2	2	0	0:00:02.036176
1140	6	6	4	1	0:00:02.045230
1160	8	0	0	0	0:00:02.034486
1180	3	3	3	1	0:00:02.048844
1200	8	0	0	0	0:00:02.048377
1220	9	6	6	0	0:00:02.036479
1240	2	6	6	0	0:00:02.032027
1260	1	9	9	0	0:00:02.040744
1280	3	7	5	0	0:00:02.052462
1300	4	3	3	0	0:00:02.051264
1320	7	2	2	0	0:00:02.042249
1340	1	1	1	1	0:00:02.046415
1360	7	7	7	1	0:00:02.053643
1380	4	5	5	0	0:00:02.059011
1400	5	3	3	0	0:00:02.055495
1420	4	7	7	0	0:00:02.066488
1440	0	8	8	0	0:00:02.065179
1460	6	6	2	1	0:00:02.074222
1480	1	5	5	0	0:00:02.052820
1500	1	1	1	1	0:00:02.045935
1520	7	7	4	1	0:00:02.051726
1540	8	8	8	1	0:00:02.051082
1560	7	7	7	1	0:00:02.057955
1580	6	1	3	0	0:00:02.129757
1600	8	9	6	0	0:00:02.141639
1620	5	4	4	0	0:00:02.056705
1640	7	3	3	0	0:00:02.052019
1660	3	-1	5	0	0:00:02.047791
1680	6	6	6	1	0:00:02.048965
1700	5	2	2	0	0:00:02.054811
1720	4	4	2	1	0:00:02.050643
1740	1	1	1	1	0:00:02.051257
1760	0	0	8	1	0:00:02.046365
1780	7	7	7	1	0:00:02.088721
1800	4	2	2	0	0:00:02.061731
1820	8	9	8	0	0:00:02.060051
1840	8	9	4	0	0:00:02.102181
1860	8	8	3	1	0:00:02.105213
1880	1	1	8	1	0:00:02.046544
1900	8	8	8	1	0:00:02.112455
1920	2	2	2	1	0:00:02.117367
1940	5	2	2	0	0:00:02.056603
1960	2	5	5	0	0:00:02.051149
1980	9	9	9	1	0:00:02.058402
2000	1	9	2	0	0:00:02.054438
2020	9	9	9	1	0:00:02.047344
2040	0	0	0	1	0:00:02.063887
2060	5	3	3	0	0:00:02.048312
2080	1	1	8	1	0:00:02.056859
2100	2	2	2	1	0:00:02.050972
2120	4	8	8	0	0:00:02.059816
2140	9	9	9	1	0:00:02.050435
2160	0	8	8	0	0:00:02.052217
2180	4	4	4	1	0:00:02.046075
2200	0	2	2	0	0:00:02.042781
2220	1	1	1	1	0:00:02.045389
2240	9	1	8	0	0:00:02.047403
2260	4	4	4	1	0:00:02.042931
2280	4	8	8	0	0:00:02.050849
2300	3	4	2	0	0:00:02.043337
2320	5	2	2	0	0:00:02.060846
2340	7	7	7	1	0:00:02.054944
2360	7	5	5	0	0:00:02.052536
2380	8	8	8	1	0:00:02.048299
2400	0	0	0	1	0:00:02.053698
2420	8	5	5	0	0:00:02.049391
2440	7	7	7	1	0:00:02.049106
2460	9	7	7	0	0:00:02.042490
2480	8	8	8	1	0:00:02.048675
2500	4	6	4	0	0:00:02.044889
2520	1	1	8	1	0:00:02.048518
2540	2	5	5	0	0:00:02.058052
2560	7	7	4	1	0:00:02.047543
2580	6	5	6	0	0:00:02.049739
2600	8	8	8	1	0:00:02.052078
2620	1	1	8	1	0:00:02.048545
2640	7	7	4	1	0:00:02.049599
2660	3	5	2	0	0:00:02.050231
2680	0	0	0	1	0:00:02.050154
2700	9	1	1	0	0:00:02.043102
2720	3	3	2	1	0:00:02.054265
2740	1	1	7	1	0:00:02.059406
2760	2	2	2	1	0:00:02.055969
2780	7	7	7	1	0:00:02.050223
2800	4	6	6	0	0:00:02.047962
2820	6	6	2	1	0:00:02.048798
2840	3	3	3	1	0:00:02.055162
2860	5	7	6	0	0:00:02.048053
2880	4	4	4	1	0:00:02.054274
2900	3	7	7	0	0:00:02.049141
2920	2	3	3	0	0:00:02.058065
2940	3	0	0	0	0:00:02.044661
2960	9	9	9	1	0:00:02.052245
2980	8	8	8	1	0:00:02.046842
3000	5	5	5	1	0:00:02.051961
3020	1	1	1	1	0:00:02.059778
3040	7	7	7	1	0:00:02.068639
3060	7	7	7	1	0:00:02.050073
3080	1	1	9	1	0:00:02.048758
3100	0	0	0	1	0:00:02.049573
3120	4	6	2	0	0:00:02.060330
3140	8	8	8	1	0:00:02.058884
3160	6	2	2	0	0:00:02.059387
3180	3	9	3	0	0:00:02.062885
3200	5	7	7	0	0:00:02.058610
3220	3	9	6	0	0:00:02.060434
3240	4	1	8	0	0:00:02.054769
3260	7	7	7	1	0:00:02.053058
3280	3	5	5	0	0:00:02.082955
3300	4	4	2	1	0:00:02.146278
3320	2	7	7	0	0:00:02.073944
3340	6	6	2	1	0:00:02.056461
3360	4	6	6	0	0:00:02.059851
3380	8	8	8	1	0:00:02.045012
3400	6	4	4	0	0:00:02.050400
3420	5	3	3	0	0:00:02.047562
3440	2	3	3	0	0:00:02.060598
3460	1	1	1	1	0:00:02.048392
3480	2	2	2	1	0:00:02.050349
3500	1	9	9	0	0:00:02.044307
3520	1	1	1	1	0:00:02.049171
3540	6	6	3	1	0:00:02.047074
3560	1	9	7	0	0:00:02.048472
3580	4	2	4	0	0:00:02.048064
3600	4	2	2	0	0:00:02.046460
3620	0	6	6	0	0:00:02.046902
3640	6	2	2	0	0:00:02.047626
3660	0	0	8	1	0:00:02.055175
3680	0	4	2	0	0:00:02.044695
3700	3	3	3	1	0:00:02.045645
3720	2	2	2	1	0:00:02.044245
3740	0	0	0	1	0:00:02.057770
3760	7	7	4	1	0:00:02.056842
3780	4	4	2	1	0:00:02.062989
3800	9	9	9	1	0:00:02.075638
3820	0	2	2	0	0:00:02.075583
3840	6	3	3	0	0:00:02.094973
3860	7	7	7	1	0:00:02.069988
3880	6	4	4	0	0:00:02.054708
3900	3	6	6	0	0:00:02.054695
3920	7	9	7	0	0:00:02.061795
3940	6	5	4	0	0:00:02.069981
3960	2	2	2	1	0:00:02.058145
3980	9	7	7	0	0:00:02.056890
4000	8	0	0	0	0:00:02.051007
4020	8	8	8	1	0:00:02.050899
4040	0	0	0	1	0:00:02.048764
4060	6	5	3	0	0:00:02.043757
4080	1	1	8	1	0:00:02.056271
4100	7	7	7	1	0:00:02.044146
4120	4	4	4	1	0:00:02.053397
4140	5	5	5	1	0:00:02.039176
4160	5	2	2	0	0:00:02.039073
4180	0	8	8	0	0:00:02.046719
4200	4	2	2	0	0:00:02.037029
4220	4	0	0	0	0:00:02.033858
4240	7	0	0	0	0:00:02.042243
4260	8	8	8	1	0:00:02.040529
4280	8	1	1	0	0:00:02.041526
4300	8	8	8	1	0:00:02.037118
4320	1	8	8	0	0:00:02.062033
4340	0	0	0	1	0:00:02.049126
4360	6	9	9	0	0:00:02.052223
4380	9	8	8	0	0:00:02.048690
4400	3	6	4	0	0:00:02.044318
4420	5	5	7	1	0:00:02.045460
4440	2	2	2	1	0:00:02.045809
4460	9	-1	8	0	0:00:02.050177
4480	9	9	3	1	0:00:02.055760
4500	3	5	5	0	0:00:02.054747
4520	3	6	6	0	0:00:02.075121
4540	9	9	9	1	0:00:02.051428
4560	1	1	1	1	0:00:02.045413
4580	6	4	6	0	0:00:02.050130
4600	4	7	7	0	0:00:02.050689
4620	7	3	3	0	0:00:02.044903
4640	2	2	2	1	0:00:02.049922
4660	7	4	4	0	0:00:02.053574
4680	9	1	1	0	0:00:02.049095
4700	6	5	5	0	0:00:02.055612
4720	8	0	8	0	0:00:02.062620
4740	5	3	3	0	0:00:02.054265
4760	3	2	2	0	0:00:02.052044
4780	0	0	8	1	0:00:02.045638
4800	9	9	9	1	0:00:02.046805
4820	3	3	3	1	0:00:02.045956
4840	0	0	0	1	0:00:02.042868
4860	5	5	5	1	0:00:02.043069
4880	0	2	2	0	0:00:02.050894
4900	3	6	6	0	0:00:02.053239
4920	7	7	7	1	0:00:02.118559
4940	6	-1	2	0	0:00:02.076190
4960	4	3	3	0	0:00:02.070642
4980	1	9	9	0	0:00:02.068226
5000	7	7	7	1	0:00:02.107231
5020	8	8	8	1	0:00:02.077091
5040	3	1	2	0	0:00:02.050066
5060	6	-1	2	0	0:00:02.057721
5080	7	7	7	1	0:00:02.061894
5100	3	3	3	1	0:00:02.051095
5120	9	9	8	1	0:00:02.048965
5140	8	8	8	1	0:00:02.051049
5160	0	0	0	1	0:00:02.040478
5180	9	7	4	0	0:00:02.049395
5200	3	3	3	1	0:00:02.041123
5220	0	0	0	1	0:00:02.045486
5240	1	9	9	0	0:00:02.051828
5260	0	0	0	1	0:00:02.042861
5280	0	9	8	0	0:00:02.039789
5300	9	9	9	1	0:00:02.037133
5320	7	7	7	1	0:00:02.039860
5340	3	4	4	0	0:00:02.037525
5360	9	9	3	1	0:00:02.040864
5380	1	9	9	0	0:00:02.050676
5400	9	9	9	1	0:00:02.046178
5420	6	6	6	1	0:00:02.041786
5440	9	9	9	1	0:00:02.069264
5460	0	0	0	1	0:00:02.040851
5480	1	1	4	1	0:00:02.037661
5500	8	8	8	1	0:00:02.051945
5520	4	3	3	0	0:00:02.059329
5540	5	6	3	0	0:00:02.061531
5560	3	5	5	0	0:00:02.052385
5580	5	3	3	0	0:00:02.107138
5600	6	9	4	0	0:00:02.105396
5620	3	4	6	0	0:00:02.085378
5640	2	2	2	1	0:00:02.121430
5660	9	9	6	1	0:00:02.166817
5680	2	3	3	0	0:00:02.110300
5700	3	5	3	0	0:00:02.155293
5720	9	9	9	1	0:00:02.176533
5740	6	6	6	1	0:00:02.158008
5760	2	2	0	1	0:00:02.163255
5780	7	7	7	1	0:00:02.079282
5800	2	4	4	0	0:00:02.087380
5820	5	3	3	0	0:00:02.099521
5840	2	2	2	1	0:00:02.094425
5860	0	0	8	1	0:00:02.082813
5880	0	0	0	1	0:00:02.124025
5900	4	3	0	0	0:00:02.104333
5920	8	8	8	1	0:00:02.062733
5940	7	4	4	0	0:00:02.104438
5960	2	6	6	0	0:00:02.085047
5980	9	9	9	1	0:00:02.067835
6000	8	9	8	0	0:00:02.075228
6020	6	6	6	1	0:00:02.090106
6040	2	5	5	0	0:00:02.045465
6060	3	-1	2	0	0:00:02.129177
6080	1	1	9	1	0:00:02.049665
6100	1	1	8	1	0:00:02.097059
6120	5	5	5	1	0:00:02.061938
6140	9	9	9	1	0:00:02.071742
6160	2	5	5	0	0:00:02.071574
6180	0	0	0	1	0:00:02.047644
6200	3	3	3	1	0:00:02.055312
6220	2	5	5	0	0:00:02.059315
6240	2	1	2	0	0:00:02.089712
6260	2	9	6	0	0:00:02.141674
6280	8	5	5	0	0:00:02.103798
6300	1	1	2	1	0:00:02.106448
6320	0	0	0	1	0:00:02.116868
6340	3	3	3	1	0:00:02.049230
6360	2	4	2	0	0:00:02.049246
6380	3	7	3	0	0:00:02.051998
6400	0	1	8	0	0:00:02.052790
6420	7	7	7	1	0:00:02.049050
6440	3	-1	4	0	0:00:02.054250
6460	3	3	3	1	0:00:02.049315
6480	0	0	0	1	0:00:02.047688
6500	7	6	6	0	0:00:02.054989
6520	6	4	2	0	0:00:02.048143
6540	8	8	8	1	0:00:02.055371
6560	6	6	2	1	0:00:02.055156
6580	1	7	4	0	0:00:02.045630
6600	7	7	7	1	0:00:02.072978
6620	7	7	7	1	0:00:02.047007
6640	5	3	3	0	0:00:02.071985
6660	0	0	0	1	0:00:02.073237
6680	3	5	3	0	0:00:02.079045
6700	6	0	0	0	0:00:02.040739
6720	2	2	2	1	0:00:02.043506
6740	2	-1	4	0	0:00:02.046751
6760	5	5	5	1	0:00:02.042151
6780	7	7	7	1	0:00:02.038370
6800	6	4	2	0	0:00:02.034469
6820	1	1	1	1	0:00:02.054468
6840	9	9	1	1	0:00:02.043504
6860	0	2	2	0	0:00:02.047574
6880	2	7	2	0	0:00:02.059996
6900	3	7	7	0	0:00:02.037648
6920	5	2	2	0	0:00:02.045947
6940	1	1	1	1	0:00:02.043381
6960	9	8	8	0	0:00:02.053907
6980	0	1	8	0	0:00:02.051918
7000	2	8	8	0	0:00:02.055985
7020	7	7	7	1	0:00:02.049519
7040	7	8	8	0	0:00:02.053169
7060	8	8	8	1	0:00:02.052612
7080	5	4	4	0	0:00:02.051215
7100	9	3	3	0	0:00:02.051982
7120	7	5	5	0	0:00:02.056764
7140	4	9	4	0	0:00:02.057096
7160	5	5	5	1	0:00:02.052689
7180	6	6	3	1	0:00:02.047952
7200	4	6	2	0	0:00:02.055683
7220	9	9	8	1	0:00:02.055589
7240	0	0	8	1	0:00:02.079352
7260	1	1	8	1	0:00:02.061787
7280	1	9	9	0	0:00:02.068204
7300	3	4	4	0	0:00:02.052655
7320	8	0	0	0	0:00:02.049276
7340	2	4	4	0	0:00:02.049637
7360	2	4	4	0	0:00:02.050163
7380	7	7	7	1	0:00:02.053923
7400	3	3	3	1	0:00:02.062639
7420	3	4	2	0	0:00:02.050606
7440	3	3	3	1	0:00:02.058342
7460	5	5	5	1	0:00:02.053013
7480	1	8	8	0	0:00:02.060774
7500	6	6	6	1	0:00:02.042346
7520	4	4	4	1	0:00:02.043809
7540	5	5	5	1	0:00:02.052539
7560	0	0	0	1	0:00:02.052755
7580	8	8	8	1	0:00:02.046193
7600	8	9	2	0	0:00:02.057122
7620	5	-1	3	0	0:00:02.048730
7640	9	8	8	0	0:00:02.054532
7660	7	4	4	0	0:00:02.045850
7680	3	9	3	0	0:00:02.048374
7700	6	6	6	1	0:00:02.053350
7720	5	2	2	0	0:00:02.045781
7740	4	4	2	1	0:00:02.043374
7760	2	9	9	0	0:00:02.051144
7780	3	-1	9	0	0:00:02.053509
7800	0	0	0	1	0:00:02.051985
7820	5	5	8	1	0:00:02.063748
7840	1	1	1	1	0:00:02.063060
7860	8	8	8	1	0:00:02.050141
7880	0	4	4	0	0:00:02.056077
7900	0	8	8	0	0:00:02.050930
7920	9	9	8	1	0:00:02.046465
7940	2	4	4	0	0:00:02.049928
7960	0	0	0	1	0:00:02.053152
7980	3	3	3	1	0:00:02.044218
8000	9	9	9	1	0:00:02.041232
8020	6	3	3	0	0:00:02.044291
8040	2	2	2	1	0:00:02.042166
8060	6	6	5	1	0:00:02.046781
8080	4	6	2	0	0:00:02.038806
8100	6	2	2	0	0:00:02.048914
8120	8	9	9	0	0:00:02.048485
8140	5	4	4	0	0:00:02.037124
8160	6	6	6	1	0:00:02.063864
8180	4	4	4	1	0:00:02.043007
8200	3	4	4	0	0:00:02.047021
8220	6	7	7	0	0:00:02.072604
8240	7	7	7	1	0:00:02.048444
8260	1	1	1	1	0:00:02.040540
8280	4	5	5	0	0:00:02.044604
8300	5	2	2	0	0:00:02.039160
8320	7	4	4	0	0:00:02.051834
8340	5	3	3	0	0:00:02.044492
8360	7	7	7	1	0:00:02.039026
8380	9	9	9	1	0:00:02.053058
8400	0	8	8	0	0:00:02.048464
8420	3	6	4	0	0:00:02.051075
8440	5	3	3	0	0:00:02.048172
8460	8	8	8	1	0:00:02.054163
8480	2	2	4	1	0:00:02.056600
8500	4	4	4	1	0:00:02.047698
8520	8	1	8	0	0:00:02.050714
8540	4	2	2	0	0:00:02.051441
8560	7	7	7	1	0:00:02.057268
8580	3	2	2	0	0:00:02.042981
8600	3	3	6	1	0:00:02.058720
8620	3	4	4	0	0:00:02.056235
8640	1	1	8	1	0:00:02.045760
8660	7	7	7	1	0:00:02.041421
8680	3	7	8	0	0:00:02.046691
8700	3	7	3	0	0:00:02.054501
8720	2	0	0	0	0:00:02.052145
8740	2	2	5	1	0:00:02.050858
8760	8	8	8	1	0:00:02.048820
8780	4	4	4	1	0:00:02.051756
8800	0	0	0	1	0:00:02.063387
8820	2	2	2	1	0:00:02.047536
8840	2	7	5	0	0:00:02.061885
8860	2	2	2	1	0:00:02.046639
8880	1	1	1	1	0:00:02.040226
8900	2	4	4	0	0:00:02.050840
8920	6	6	2	1	0:00:02.069096
8940	6	3	3	0	0:00:02.129808
8960	0	0	0	1	0:00:02.064916
8980	9	9	9	1	0:00:02.117171
9000	8	8	8	1	0:00:02.148623
9020	7	7	7	1	0:00:02.107591
9040	2	5	5	0	0:00:02.086876
9060	9	9	3	1	0:00:02.057377
9080	3	2	2	0	0:00:02.051413
9100	9	1	5	0	0:00:02.046975
9120	3	0	3	0	0:00:02.051699
9140	7	9	2	0	0:00:02.057605
9160	5	3	3	0	0:00:02.049207
9180	5	5	5	1	0:00:02.048078
9200	8	8	8	1	0:00:02.051339
9220	8	8	8	1	0:00:02.041921
9240	8	8	8	1	0:00:02.038733
9260	5	5	5	1	0:00:02.054410
9280	9	8	8	0	0:00:02.049073
9300	5	-1	2	0	0:00:02.040614
9320	9	9	9	1	0:00:02.043662
9340	1	1	1	1	0:00:02.046132
9360	5	0	5	0	0:00:02.051646
9380	5	3	3	0	0:00:02.052486
9400	6	6	2	1	0:00:02.045775
9420	5	5	5	1	0:00:02.048476
9440	8	8	8	1	0:00:02.043879
9460	3	7	7	0	0:00:02.047636
9480	2	6	2	0	0:00:02.045249
9500	9	9	5	1	0:00:02.045377
9520	1	1	1	1	0:00:02.051294
9540	5	3	3	0	0:00:02.049386
9560	9	7	5	0	0:00:02.068161
9580	1	1	4	1	0:00:02.074337
9600	8	8	8	1	0:00:02.050795
9620	4	4	4	1	0:00:02.052911
9640	5	0	2	0	0:00:02.051321
9660	6	6	6	1	0:00:02.049709
9680	8	8	8	1	0:00:02.072257
9700	0	0	0	1	0:00:02.106392
9720	8	1	8	0	0:00:02.049872
9740	3	6	2	0	0:00:02.053703
9760	9	3	3	0	0:00:02.048213
9780	4	6	2	0	0:00:02.048637
9800	1	1	1	1	0:00:02.047420
9820	0	8	8	0	0:00:02.043336
9840	4	5	3	0	0:00:02.044676
9860	0	5	5	0	0:00:02.041179
9880	7	8	8	0	0:00:02.053126
9900	8	8	8	1	0:00:02.050293
9920	6	6	4	1	0:00:02.049276
9940	4	5	5	0	0:00:02.052408
9960	2	0	0	0	0:00:02.051462
9980	0	0	0	1	0:00:02.049183
