idx	label	predict	basePredict	correct	time
0	3	5	3	0	0:00:01.263155
20	7	-1	9	0	0:00:01.156240
40	4	4	4	1	0:00:01.051615
60	7	7	7	1	0:00:01.059033
80	8	8	8	1	0:00:01.043519
100	4	5	5	0	0:00:01.053292
120	8	8	8	1	0:00:01.050652
140	6	6	2	1	0:00:01.042832
160	2	7	7	0	0:00:01.041747
180	0	0	0	1	0:00:01.052345
200	5	-1	5	0	0:00:01.044325
220	7	7	7	1	0:00:01.044769
240	1	1	1	1	0:00:01.048835
260	8	-1	5	0	0:00:01.058272
280	9	9	9	1	0:00:01.048267
300	6	6	6	1	0:00:01.047899
320	3	5	5	0	0:00:01.055909
340	2	-1	4	0	0:00:01.052672
360	9	9	7	1	0:00:01.039343
380	6	6	2	1	0:00:01.045007
400	9	9	9	1	0:00:01.044502
420	4	4	3	1	0:00:01.038231
440	1	1	1	1	0:00:01.034115
460	5	5	5	1	0:00:01.042801
480	8	9	9	0	0:00:01.045160
500	4	6	6	0	0:00:01.041615
520	5	5	5	1	0:00:01.058969
540	1	1	1	1	0:00:01.037386
560	0	0	0	1	0:00:01.042891
580	4	4	4	1	0:00:01.046569
600	8	8	8	1	0:00:01.036547
620	7	7	7	1	0:00:01.059442
640	5	3	3	0	0:00:01.050968
660	9	9	9	1	0:00:01.049803
680	9	1	1	0	0:00:01.051306
700	7	7	7	1	0:00:01.040181
720	4	4	4	1	0:00:01.039775
740	2	-1	5	0	0:00:01.045691
760	3	3	3	1	0:00:01.052028
780	9	9	9	1	0:00:01.040246
800	7	7	7	1	0:00:01.052862
820	6	1	1	0	0:00:01.043405
840	7	7	7	1	0:00:01.065023
860	4	-1	4	0	0:00:01.053791
880	8	8	8	1	0:00:01.042910
900	2	6	6	0	0:00:01.037645
920	6	-1	4	0	0:00:01.051933
940	9	9	9	1	0:00:01.037898
960	9	-1	8	0	0:00:01.044486
980	2	6	2	0	0:00:01.040573
1000	5	5	5	1	0:00:00.951555
1020	1	1	1	1	0:00:00.953614
1040	7	5	5	0	0:00:00.954579
1060	9	9	9	1	0:00:01.016873
1080	6	2	2	0	0:00:00.956146
1100	7	7	8	1	0:00:00.956339
1120	5	2	2	0	0:00:00.958117
1140	6	4	4	0	0:00:00.962409
1160	8	8	8	1	0:00:00.960336
1180	3	2	2	0	0:00:00.970618
1200	8	8	0	1	0:00:00.955503
1220	9	6	2	0	0:00:00.956488
1240	2	6	6	0	0:00:00.956141
1260	1	9	9	0	0:00:00.956953
1280	3	7	7	0	0:00:00.957882
1300	4	3	3	0	0:00:00.957484
1320	7	2	2	0	0:00:00.953648
1340	1	1	1	1	0:00:00.954876
1360	7	7	7	1	0:00:00.956233
1380	4	5	5	0	0:00:00.959265
1400	5	-1	2	0	0:00:00.956789
1420	4	7	7	0	0:00:00.957460
1440	0	0	0	1	0:00:00.957169
1460	6	6	6	1	0:00:00.953794
1480	1	1	1	1	0:00:00.955501
1500	1	1	1	1	0:00:00.954175
1520	7	7	7	1	0:00:00.955067
1540	8	8	8	1	0:00:00.956257
1560	7	7	7	1	0:00:00.956750
1580	6	1	1	0	0:00:00.957375
1600	8	9	2	0	0:00:00.958265
1620	5	4	4	0	0:00:00.949348
1640	7	3	3	0	0:00:00.951474
1660	3	3	2	1	0:00:00.948339
1680	6	6	6	1	0:00:00.945067
1700	5	2	2	0	0:00:00.947209
1720	4	3	3	0	0:00:00.949410
1740	1	9	9	0	0:00:00.949515
1760	0	8	8	0	0:00:00.947963
1780	7	7	7	1	0:00:00.949646
1800	4	0	8	0	0:00:00.947942
1820	8	9	9	0	0:00:00.954517
1840	8	9	4	0	0:00:00.955163
1860	8	8	8	1	0:00:00.955063
1880	1	1	1	1	0:00:00.954407
1900	8	8	8	1	0:00:00.954845
1920	2	2	2	1	0:00:00.954654
1940	5	5	5	1	0:00:00.955126
1960	2	5	5	0	0:00:00.955619
1980	9	9	9	1	0:00:00.956753
2000	1	1	1	1	0:00:00.953830
2020	9	9	9	1	0:00:00.951577
2040	0	0	0	1	0:00:00.950454
2060	5	3	3	0	0:00:00.946449
2080	1	1	1	1	0:00:00.946407
2100	2	2	2	1	0:00:00.945385
2120	4	8	8	0	0:00:00.946035
2140	9	9	9	1	0:00:00.947571
2160	0	8	8	0	0:00:00.943615
2180	4	4	4	1	0:00:00.947275
2200	0	0	0	1	0:00:00.948923
2220	1	1	1	1	0:00:00.955929
2240	9	9	1	1	0:00:00.957167
2260	4	9	9	0	0:00:00.958537
2280	4	3	3	0	0:00:00.953853
2300	3	4	8	0	0:00:00.948781
2320	5	2	2	0	0:00:00.957480
2340	7	7	7	1	0:00:00.954235
2360	7	7	7	1	0:00:00.953547
2380	8	8	8	1	0:00:00.952496
2400	0	0	0	1	0:00:00.953488
2420	8	-1	5	0	0:00:00.953273
2440	7	7	7	1	0:00:00.954804
2460	9	3	3	0	0:00:00.963266
2480	8	8	8	1	0:00:00.953747
2500	4	6	2	0	0:00:00.953729
2520	1	8	8	0	0:00:00.952974
2540	2	3	3	0	0:00:00.957195
2560	7	7	7	1	0:00:00.948869
2580	6	6	3	1	0:00:00.950249
2600	8	8	8	1	0:00:00.947001
2620	1	1	1	1	0:00:00.947344
2640	7	7	7	1	0:00:00.947456
2660	3	2	2	0	0:00:00.947346
2680	0	0	0	1	0:00:00.955199
2700	9	1	1	0	0:00:00.948745
2720	3	2	2	0	0:00:00.947894
2740	1	1	1	1	0:00:00.952601
2760	2	2	2	1	0:00:00.953689
2780	7	7	7	1	0:00:00.953665
2800	4	-1	6	0	0:00:00.955502
2820	6	6	6	1	0:00:00.954184
2840	3	3	3	1	0:00:00.955710
2860	5	7	7	0	0:00:00.953337
2880	4	4	4	1	0:00:00.952793
2900	3	5	5	0	0:00:00.959230
2920	2	2	2	1	0:00:00.952458
2940	3	0	0	0	0:00:00.953713
2960	9	9	9	1	0:00:00.951948
2980	8	8	8	1	0:00:00.956090
3000	5	5	5	1	0:00:00.953207
3020	1	1	1	1	0:00:00.954269
3040	7	7	7	1	0:00:00.956107
3060	7	7	7	1	0:00:00.960233
3080	1	1	1	1	0:00:00.958920
3100	0	0	0	1	0:00:00.956297
3120	4	-1	0	0	0:00:00.958838
3140	8	8	8	1	0:00:00.958743
3160	6	2	2	0	0:00:00.956415
3180	3	9	3	0	0:00:00.957655
3200	5	5	5	1	0:00:00.954487
3220	3	9	9	0	0:00:00.954263
3240	4	0	0	0	0:00:00.954570
3260	7	7	7	1	0:00:00.953153
3280	3	5	5	0	0:00:00.946419
3300	4	2	2	0	0:00:00.946920
3320	2	7	7	0	0:00:00.948559
3340	6	6	4	1	0:00:00.947821
3360	4	4	2	1	0:00:00.946306
3380	8	8	8	1	0:00:00.947686
3400	6	7	7	0	0:00:00.950395
3420	5	7	7	0	0:00:00.947856
3440	2	9	3	0	0:00:00.944015
3460	1	1	1	1	0:00:00.948507
3480	2	2	2	1	0:00:00.946676
3500	1	9	9	0	0:00:00.947917
3520	1	1	1	1	0:00:00.954390
3540	6	6	2	1	0:00:00.957294
3560	1	9	0	0	0:00:00.954207
3580	4	2	2	0	0:00:00.950369
3600	4	2	2	0	0:00:00.947491
3620	0	-1	2	0	0:00:00.950694
3640	6	2	2	0	0:00:00.947654
3660	0	8	8	0	0:00:00.947548
3680	0	2	2	0	0:00:00.948279
3700	3	3	3	1	0:00:00.955710
3720	2	2	2	1	0:00:00.948226
3740	0	0	0	1	0:00:00.946565
3760	7	7	7	1	0:00:00.953567
3780	4	4	2	1	0:00:00.948049
3800	9	9	9	1	0:00:00.947372
3820	0	2	2	0	0:00:00.949908
3840	6	3	3	0	0:00:00.947218
3860	7	7	7	1	0:00:00.953055
3880	6	4	4	0	0:00:00.957290
3900	3	6	6	0	0:00:00.957540
3920	7	9	9	0	0:00:00.956458
3940	6	7	7	0	0:00:00.958264
3960	2	2	2	1	0:00:00.965375
3980	9	2	2	0	0:00:01.005928
4000	8	7	0	0	0:00:00.952925
4020	8	8	8	1	0:00:00.954538
4040	0	0	0	1	0:00:00.954324
4060	6	3	3	0	0:00:00.956015
4080	1	1	1	1	0:00:00.956773
4100	7	7	7	1	0:00:00.955699
4120	4	4	4	1	0:00:00.992656
4140	5	5	5	1	0:00:00.965070
4160	5	5	5	1	0:00:00.961730
4180	0	8	8	0	0:00:00.964453
4200	4	2	2	0	0:00:00.960186
4220	4	0	0	0	0:00:00.963172
4240	7	0	0	0	0:00:00.962617
4260	8	8	8	1	0:00:00.963749
4280	8	9	9	0	0:00:00.961689
4300	8	8	8	1	0:00:00.964255
4320	1	8	8	0	0:00:00.960444
4340	0	0	0	1	0:00:00.959226
4360	6	9	9	0	0:00:00.965348
4380	9	9	9	1	0:00:00.963787
4400	3	4	4	0	0:00:00.967731
4420	5	7	4	0	0:00:00.961491
4440	2	2	2	1	0:00:00.958260
4460	9	9	9	1	0:00:00.952528
4480	9	9	9	1	0:00:00.954140
4500	3	5	5	0	0:00:00.959443
4520	3	6	6	0	0:00:00.955562
4540	9	9	9	1	0:00:00.954775
4560	1	1	1	1	0:00:00.954131
4580	6	4	4	0	0:00:00.956883
4600	4	4	4	1	0:00:00.953947
4620	7	7	7	1	0:00:00.964044
4640	2	2	2	1	0:00:00.967148
4660	7	6	5	0	0:00:00.965818
4680	9	9	9	1	0:00:00.966455
4700	6	2	2	0	0:00:00.962918
4720	8	8	0	1	0:00:00.956227
4740	5	3	3	0	0:00:00.960690
4760	3	2	2	0	0:00:00.959358
4780	0	0	0	1	0:00:00.952962
4800	9	9	9	1	0:00:00.961351
4820	3	5	5	0	0:00:00.965570
4840	0	0	0	1	0:00:00.964473
4860	5	5	5	1	0:00:00.961303
4880	0	7	7	0	0:00:00.958003
4900	3	6	0	0	0:00:00.960816
4920	7	7	7	1	0:00:00.959512
4940	6	6	2	1	0:00:00.958435
4960	4	4	3	1	0:00:00.961311
4980	1	9	9	0	0:00:00.961709
5000	7	7	7	1	0:00:00.964158
5020	8	8	8	1	0:00:00.964152
5040	3	3	3	1	0:00:00.964803
5060	6	2	2	0	0:00:00.956614
5080	7	7	7	1	0:00:00.953966
5100	3	3	3	1	0:00:00.965585
5120	9	9	8	1	0:00:01.011423
5140	8	8	8	1	0:00:00.959736
5160	0	0	0	1	0:00:00.962352
5180	9	7	7	0	0:00:00.965280
5200	3	3	3	1	0:00:00.966338
5220	0	0	0	1	0:00:00.965193
5240	1	9	9	0	0:00:00.968954
5260	0	0	0	1	0:00:00.971000
5280	0	8	8	0	0:00:00.957051
5300	9	9	9	1	0:00:00.955913
5320	7	7	7	1	0:00:00.957389
5340	3	4	4	0	0:00:00.959143
5360	9	9	9	1	0:00:00.966096
5380	1	9	9	0	0:00:00.977512
5400	9	9	9	1	0:00:00.968567
5420	6	6	6	1	0:00:00.955352
5440	9	9	9	1	0:00:00.967155
5460	0	-1	0	0	0:00:00.969153
5480	1	1	1	1	0:00:00.966554
5500	8	1	8	0	0:00:00.965226
5520	4	2	2	0	0:00:00.966218
5540	5	6	6	0	0:00:00.963998
5560	3	6	5	0	0:00:00.979130
5580	5	3	3	0	0:00:00.965516
5600	6	3	0	0	0:00:00.961958
5620	3	2	2	0	0:00:00.967606
5640	2	3	3	0	0:00:00.959503
5660	9	1	1	0	0:00:00.965187
5680	2	3	3	0	0:00:00.970619
5700	3	0	0	0	0:00:00.967969
5720	9	9	9	1	0:00:00.964765
5740	6	4	4	0	0:00:00.962881
5760	2	2	8	1	0:00:00.966844
5780	7	7	7	1	0:00:00.965471
5800	2	2	2	1	0:00:00.965632
5820	5	-1	3	0	0:00:00.966552
5840	2	2	2	1	0:00:01.026152
5860	0	0	0	1	0:00:00.963059
5880	0	0	0	1	0:00:00.962630
5900	4	0	0	0	0:00:00.967279
5920	8	8	8	1	0:00:00.960049
5940	7	-1	7	0	0:00:00.968629
5960	2	6	4	0	0:00:00.965420
5980	9	9	9	1	0:00:00.972824
6000	8	8	8	1	0:00:00.970515
6020	6	6	2	1	0:00:00.970368
6040	2	7	7	0	0:00:00.965224
6060	3	-1	4	0	0:00:00.968824
6080	1	1	1	1	0:00:00.966943
6100	1	1	1	1	0:00:00.967289
6120	5	5	5	1	0:00:00.961186
6140	9	9	9	1	0:00:00.962028
6160	2	2	2	1	0:00:00.957386
6180	0	0	0	1	0:00:00.957242
6200	3	3	3	1	0:00:00.958338
6220	2	5	5	0	0:00:00.958103
6240	2	-1	0	0	0:00:00.964282
6260	2	1	1	0	0:00:00.966704
6280	8	5	5	0	0:00:00.964749
6300	1	1	1	1	0:00:00.965975
6320	0	0	0	1	0:00:00.964264
6340	3	3	3	1	0:00:00.961175
6360	2	2	2	1	0:00:00.967025
6380	3	7	5	0	0:00:00.965638
6400	0	8	8	0	0:00:00.964140
6420	7	7	7	1	0:00:00.969409
6440	3	8	8	0	0:00:00.967455
6460	3	3	3	1	0:00:00.968736
6480	0	3	0	0	0:00:00.972610
6500	7	6	8	0	0:00:00.970864
6520	6	2	2	0	0:00:01.042131
6540	8	8	8	1	0:00:00.982467
6560	6	6	4	1	0:00:00.989141
6580	1	7	2	0	0:00:01.057893
6600	7	7	7	1	0:00:00.989346
6620	7	7	7	1	0:00:01.004273
6640	5	3	3	0	0:00:00.976060
6660	0	0	0	1	0:00:00.963834
6680	3	5	5	0	0:00:00.963159
6700	6	6	6	1	0:00:00.965539
6720	2	2	2	1	0:00:00.958498
6740	2	4	4	0	0:00:00.970695
6760	5	5	5	1	0:00:00.964831
6780	7	7	7	1	0:00:00.963448
6800	6	4	2	0	0:00:00.955392
6820	1	1	1	1	0:00:00.951183
6840	9	9	1	1	0:00:00.962552
6860	0	0	0	1	0:00:00.958634
6880	2	2	2	1	0:00:00.963068
6900	3	3	3	1	0:00:00.961230
6920	5	2	2	0	0:00:00.956629
6940	1	1	1	1	0:00:00.958211
6960	9	9	8	1	0:00:00.963644
6980	0	9	9	0	0:00:00.964611
7000	2	8	8	0	0:00:00.947965
7020	7	7	7	1	0:00:00.952714
7040	7	1	8	0	0:00:00.967707
7060	8	8	8	1	0:00:00.956264
7080	5	4	4	0	0:00:00.953746
7100	9	3	3	0	0:00:00.958740
7120	7	7	7	1	0:00:00.960865
7140	4	2	2	0	0:00:00.959507
7160	5	5	5	1	0:00:00.962455
7180	6	6	3	1	0:00:00.956212
7200	4	6	2	0	0:00:00.954552
7220	9	9	9	1	0:00:00.954084
7240	0	8	8	0	0:00:00.955817
7260	1	1	1	1	0:00:00.954983
7280	1	1	0	1	0:00:00.955175
7300	3	4	4	0	0:00:00.956311
7320	8	0	0	0	0:00:00.955992
7340	2	4	4	0	0:00:00.956343
7360	2	5	2	0	0:00:00.957549
7380	7	7	7	1	0:00:00.962715
7400	3	9	5	0	0:00:00.955121
7420	3	4	4	0	0:00:00.956454
7440	3	3	2	1	0:00:00.954704
7460	5	5	5	1	0:00:00.957345
7480	1	8	8	0	0:00:00.955134
7500	6	6	6	1	0:00:00.957158
7520	4	4	4	1	0:00:00.961760
7540	5	5	5	1	0:00:00.959682
7560	0	0	0	1	0:00:00.952324
7580	8	8	8	1	0:00:00.952038
7600	8	9	9	0	0:00:00.952576
7620	5	3	3	0	0:00:00.954371
7640	9	9	8	1	0:00:00.953029
7660	7	7	4	1	0:00:00.954294
7680	3	-1	5	0	0:00:00.954547
7700	6	6	6	1	0:00:00.955652
7720	5	8	8	0	0:00:00.953453
7740	4	2	2	0	0:00:00.954338
7760	2	8	8	0	0:00:00.952408
7780	3	8	8	0	0:00:00.954242
7800	0	0	0	1	0:00:00.949347
7820	5	0	0	0	0:00:00.953650
7840	1	1	1	1	0:00:00.955032
7860	8	8	8	1	0:00:00.957829
7880	0	0	0	1	0:00:00.955076
7900	0	8	8	0	0:00:00.955415
7920	9	9	9	1	0:00:00.956772
7940	2	6	2	0	0:00:00.952942
7960	0	0	0	1	0:00:00.955076
7980	3	3	3	1	0:00:00.956145
8000	9	9	9	1	0:00:00.955505
8020	6	7	7	0	0:00:00.959161
8040	2	2	2	1	0:00:00.953438
8060	6	6	6	1	0:00:00.955113
8080	4	4	2	1	0:00:00.954169
8100	6	6	6	1	0:00:00.956259
8120	8	9	9	0	0:00:00.953156
8140	5	4	4	0	0:00:00.954873
8160	6	6	6	1	0:00:00.954771
8180	4	0	4	0	0:00:00.955209
8200	3	0	0	0	0:00:00.955890
8220	6	7	5	0	0:00:00.958480
8240	7	7	7	1	0:00:00.959629
8260	1	1	1	1	0:00:00.954923
8280	4	3	3	0	0:00:00.955922
8300	5	2	2	0	0:00:00.953127
8320	7	7	3	1	0:00:00.955131
8340	5	5	5	1	0:00:00.954231
8360	7	7	7	1	0:00:00.955709
8380	9	9	9	1	0:00:00.957672
8400	0	8	8	0	0:00:00.954658
8420	3	6	4	0	0:00:00.957049
8440	5	3	3	0	0:00:00.953234
8460	8	8	8	1	0:00:00.959674
8480	2	8	2	0	0:00:00.955180
8500	4	4	4	1	0:00:00.953876
8520	8	1	8	0	0:00:00.953069
8540	4	-1	2	0	0:00:00.953805
8560	7	7	7	1	0:00:00.955979
8580	3	9	9	0	0:00:00.954334
8600	3	5	0	0	0:00:00.952902
8620	3	-1	4	0	0:00:00.954243
8640	1	1	1	1	0:00:00.953514
8660	7	7	7	1	0:00:00.955518
8680	3	2	2	0	0:00:00.958544
8700	3	3	3	1	0:00:00.957742
8720	2	0	0	0	0:00:00.955922
8740	2	4	4	0	0:00:00.958300
8760	8	8	8	1	0:00:00.957467
8780	4	7	4	0	0:00:00.956675
8800	0	0	0	1	0:00:00.956467
8820	2	2	2	1	0:00:00.957787
8840	2	5	5	0	0:00:00.957119
8860	2	2	2	1	0:00:00.958417
8880	1	1	1	1	0:00:00.960140
8900	2	4	4	0	0:00:00.948160
8920	6	6	6	1	0:00:00.946754
8940	6	3	3	0	0:00:00.948694
8960	0	0	0	1	0:00:00.946370
8980	9	9	9	1	0:00:00.948483
9000	8	8	8	1	0:00:00.948681
9020	7	7	7	1	0:00:00.947742
9040	2	5	5	0	0:00:00.946441
9060	9	9	5	1	0:00:00.949585
9080	3	2	2	0	0:00:00.947227
9100	9	1	1	0	0:00:00.953399
9120	3	0	0	0	0:00:00.946917
9140	7	7	7	1	0:00:00.947524
9160	5	5	5	1	0:00:00.952828
9180	5	5	5	1	0:00:00.953590
9200	8	8	8	1	0:00:00.954027
9220	8	8	8	1	0:00:00.954018
9240	8	8	8	1	0:00:00.953753
9260	5	5	5	1	0:00:00.954098
9280	9	8	8	0	0:00:00.954059
9300	5	2	2	0	0:00:00.951453
9320	9	9	9	1	0:00:00.954393
9340	1	1	1	1	0:00:00.949053
9360	5	0	0	0	0:00:00.947559
9380	5	3	3	0	0:00:00.947440
9400	6	6	4	1	0:00:00.947463
9420	5	5	5	1	0:00:00.949913
9440	8	8	8	1	0:00:00.951096
9460	3	7	7	0	0:00:00.947685
9480	2	4	4	0	0:00:00.951513
9500	9	9	9	1	0:00:00.955164
9520	1	1	1	1	0:00:00.954268
9540	5	5	5	1	0:00:00.955228
9560	9	7	7	0	0:00:00.949756
9580	1	1	1	1	0:00:00.950486
9600	8	8	8	1	0:00:00.951677
9620	4	4	4	1	0:00:00.955947
9640	5	5	5	1	0:00:00.955181
9660	6	6	6	1	0:00:00.958665
9680	8	8	8	1	0:00:00.956099
9700	0	0	0	1	0:00:00.957727
9720	8	1	8	0	0:00:00.956279
9740	3	6	2	0	0:00:00.959674
9760	9	7	7	0	0:00:00.949870
9780	4	6	6	0	0:00:00.950170
9800	1	1	1	1	0:00:00.948346
9820	0	8	8	0	0:00:00.951021
9840	4	5	3	0	0:00:00.952117
9860	0	0	0	1	0:00:00.947258
9880	7	3	3	0	0:00:00.947908
9900	8	8	8	1	0:00:00.948244
9920	6	6	6	1	0:00:00.948895
9940	4	-1	5	0	0:00:00.949099
9960	2	0	0	0	0:00:00.953877
9980	0	0	0	1	0:00:00.948213
