idx	label	predict	basePredict	correct	time
0	3	3	3	1	0:00:01.999192
20	7	5	5	0	0:00:01.814359
40	4	-1	4	0	0:00:01.811742
60	7	7	7	1	0:00:01.808480
80	8	8	8	1	0:00:01.813389
100	4	5	5	0	0:00:01.805405
120	8	-1	8	0	0:00:01.808319
140	6	-1	2	0	0:00:01.809093
160	2	2	2	1	0:00:01.913959
180	0	0	0	1	0:00:01.826924
200	5	-1	5	0	0:00:01.814530
220	7	5	5	0	0:00:01.810897
240	1	1	1	1	0:00:01.818299
260	8	8	8	1	0:00:01.844543
280	9	-1	0	0	0:00:01.813038
300	6	6	6	1	0:00:01.812084
320	3	-1	5	0	0:00:01.811561
340	2	4	4	0	0:00:01.827611
360	9	9	3	1	0:00:01.816031
380	6	6	2	1	0:00:01.821825
400	9	9	9	1	0:00:01.813994
420	4	4	4	1	0:00:01.799844
440	1	1	1	1	0:00:01.807467
460	5	5	5	1	0:00:01.802756
480	8	9	8	0	0:00:01.826963
500	4	-1	3	0	0:00:01.807305
520	5	5	5	1	0:00:01.811123
540	1	1	1	1	0:00:01.810928
560	0	0	0	1	0:00:01.810425
580	4	-1	4	0	0:00:01.818666
600	8	8	8	1	0:00:01.812182
620	7	7	7	1	0:00:01.826633
640	5	3	3	0	0:00:01.825822
660	9	9	8	1	0:00:01.807891
680	9	9	2	1	0:00:01.809580
700	7	7	7	1	0:00:01.811436
720	4	-1	4	0	0:00:01.820529
740	2	5	5	0	0:00:01.823212
760	3	-1	3	0	0:00:01.844634
780	9	9	9	1	0:00:01.845177
800	7	7	7	1	0:00:01.825721
820	6	-1	2	0	0:00:01.831889
840	7	7	7	1	0:00:01.812402
860	4	7	2	0	0:00:01.816780
880	8	8	8	1	0:00:01.856892
900	2	6	6	0	0:00:01.805445
920	6	6	4	1	0:00:01.813046
940	9	9	9	1	0:00:01.806067
960	9	-1	3	0	0:00:02.053072
980	2	4	2	0	0:00:01.838087
1000	5	5	5	1	0:00:01.724285
1020	1	1	1	1	0:00:01.721888
1040	7	5	5	0	0:00:01.726984
1060	9	9	9	1	0:00:01.720492
1080	6	6	6	1	0:00:01.724147
1100	7	-1	8	0	0:00:01.723552
1120	5	2	2	0	0:00:01.725312
1140	6	-1	5	0	0:00:01.721053
1160	8	8	8	1	0:00:01.725999
1180	3	3	3	1	0:00:01.722417
1200	8	8	8	1	0:00:01.725596
1220	9	6	3	0	0:00:01.721513
1240	2	6	6	0	0:00:01.724398
1260	1	9	9	0	0:00:01.722363
1280	3	-1	3	0	0:00:01.725222
1300	4	3	3	0	0:00:01.720706
1320	7	7	2	1	0:00:01.723963
1340	1	1	1	1	0:00:01.727666
1360	7	-1	4	0	0:00:01.726794
1380	4	5	5	0	0:00:01.720455
1400	5	3	5	0	0:00:01.723120
1420	4	7	7	0	0:00:01.722402
1440	0	-1	8	0	0:00:01.726769
1460	6	6	2	1	0:00:01.725466
1480	1	-1	5	0	0:00:01.725267
1500	1	1	1	1	0:00:01.721401
1520	7	7	4	1	0:00:01.722995
1540	8	8	8	1	0:00:01.722733
1560	7	7	7	1	0:00:01.724498
1580	6	-1	3	0	0:00:01.724044
1600	8	9	3	0	0:00:01.722836
1620	5	-1	8	0	0:00:01.721987
1640	7	3	3	0	0:00:01.727503
1660	3	3	3	1	0:00:01.724541
1680	6	6	3	1	0:00:01.722526
1700	5	3	3	0	0:00:01.722789
1720	4	4	3	1	0:00:01.727347
1740	1	1	1	1	0:00:01.720609
1760	0	0	0	1	0:00:01.720540
1780	7	7	4	1	0:00:01.724943
1800	4	4	2	1	0:00:01.724154
1820	8	8	8	1	0:00:01.727129
1840	8	-1	4	0	0:00:01.727838
1860	8	8	8	1	0:00:01.721170
1880	1	1	1	1	0:00:01.726650
1900	8	8	8	1	0:00:01.723941
1920	2	2	2	1	0:00:01.726391
1940	5	-1	2	0	0:00:01.724036
1960	2	5	5	0	0:00:01.727166
1980	9	9	9	1	0:00:01.725696
2000	1	1	1	1	0:00:01.725502
2020	9	9	9	1	0:00:01.728147
2040	0	0	0	1	0:00:01.723754
2060	5	3	3	0	0:00:01.725509
2080	1	9	9	0	0:00:01.725334
2100	2	2	2	1	0:00:01.722997
2120	4	8	8	0	0:00:01.724803
2140	9	9	9	1	0:00:01.723514
2160	0	-1	8	0	0:00:01.724198
2180	4	4	4	1	0:00:01.722419
2200	0	-1	0	0	0:00:01.721551
2220	1	1	1	1	0:00:01.722288
2240	9	-1	1	0	0:00:01.725131
2260	4	4	4	1	0:00:01.723609
2280	4	-1	8	0	0:00:01.722851
2300	3	4	4	0	0:00:01.723880
2320	5	2	2	0	0:00:01.728420
2340	7	7	7	1	0:00:01.727425
2360	7	5	5	0	0:00:01.729232
2380	8	8	8	1	0:00:01.723170
2400	0	0	0	1	0:00:01.723054
2420	8	-1	3	0	0:00:01.725100
2440	7	7	7	1	0:00:01.725286
2460	9	-1	4	0	0:00:01.724807
2480	8	8	8	1	0:00:01.725438
2500	4	-1	4	0	0:00:01.723029
2520	1	8	8	0	0:00:01.725042
2540	2	6	2	0	0:00:01.724758
2560	7	-1	5	0	0:00:01.723889
2580	6	5	5	0	0:00:01.722608
2600	8	8	8	1	0:00:01.724224
2620	1	1	1	1	0:00:01.721147
2640	7	7	7	1	0:00:01.723937
2660	3	-1	2	0	0:00:01.721180
2680	0	0	0	1	0:00:01.722687
2700	9	1	1	0	0:00:01.729051
2720	3	3	3	1	0:00:01.722818
2740	1	-1	2	0	0:00:01.717811
2760	2	2	2	1	0:00:01.723277
2780	7	7	7	1	0:00:01.718783
2800	4	-1	3	0	0:00:01.718949
2820	6	6	4	1	0:00:01.718169
2840	3	3	3	1	0:00:01.721179
2860	5	4	4	0	0:00:01.720961
2880	4	4	4	1	0:00:01.724330
2900	3	7	2	0	0:00:01.727926
2920	2	3	3	0	0:00:01.728106
2940	3	0	0	0	0:00:01.725796
2960	9	0	0	0	0:00:01.729193
2980	8	8	8	1	0:00:01.726948
3000	5	5	5	1	0:00:01.726200
3020	1	1	1	1	0:00:01.722866
3040	7	7	7	1	0:00:01.728215
3060	7	7	7	1	0:00:01.725079
3080	1	9	9	0	0:00:01.728388
3100	0	0	0	1	0:00:01.724440
3120	4	-1	3	0	0:00:01.718963
3140	8	8	8	1	0:00:01.723371
3160	6	2	2	0	0:00:01.728273
3180	3	6	3	0	0:00:01.729622
3200	5	5	5	1	0:00:01.727047
3220	3	9	9	0	0:00:01.725708
3240	4	-1	0	0	0:00:01.723849
3260	7	7	7	1	0:00:01.723958
3280	3	5	5	0	0:00:01.725587
3300	4	-1	2	0	0:00:01.726526
3320	2	7	7	0	0:00:01.728122
3340	6	6	0	1	0:00:01.724716
3360	4	4	3	1	0:00:01.724935
3380	8	8	8	1	0:00:01.723586
3400	6	4	4	0	0:00:01.726906
3420	5	7	7	0	0:00:01.727299
3440	2	3	3	0	0:00:01.725599
3460	1	1	1	1	0:00:01.722741
3480	2	2	2	1	0:00:01.728171
3500	1	9	9	0	0:00:01.725989
3520	1	1	1	1	0:00:01.726371
3540	6	6	3	1	0:00:01.728984
3560	1	9	9	0	0:00:01.729307
3580	4	-1	4	0	0:00:01.726169
3600	4	2	2	0	0:00:01.730419
3620	0	0	5	1	0:00:01.725919
3640	6	2	2	0	0:00:01.726662
3660	0	0	8	1	0:00:01.725182
3680	0	4	0	0	0:00:01.727628
3700	3	3	3	1	0:00:01.723896
3720	2	2	2	1	0:00:01.728900
3740	0	0	0	1	0:00:01.723591
3760	7	7	7	1	0:00:01.727808
3780	4	4	2	1	0:00:01.722063
3800	9	9	9	1	0:00:01.724266
3820	0	-1	8	0	0:00:01.725836
3840	6	3	3	0	0:00:01.727387
3860	7	7	7	1	0:00:01.722262
3880	6	6	5	1	0:00:01.719803
3900	3	6	6	0	0:00:01.716389
3920	7	-1	7	0	0:00:01.721357
3940	6	-1	2	0	0:00:01.722197
3960	2	2	2	1	0:00:01.724665
3980	9	-1	2	0	0:00:01.727409
4000	8	-1	2	0	0:00:01.726206
4020	8	8	8	1	0:00:01.723269
4040	0	0	0	1	0:00:01.722119
4060	6	6	0	1	0:00:01.724191
4080	1	1	1	1	0:00:01.724051
4100	7	7	7	1	0:00:01.726583
4120	4	4	4	1	0:00:01.728745
4140	5	5	3	1	0:00:01.727022
4160	5	3	2	0	0:00:01.726166
4180	0	8	8	0	0:00:01.726691
4200	4	-1	2	0	0:00:01.725864
4220	4	0	0	0	0:00:01.727212
4240	7	0	0	0	0:00:01.723380
4260	8	8	8	1	0:00:01.727509
4280	8	0	0	0	0:00:01.725502
4300	8	8	8	1	0:00:01.727495
4320	1	9	8	0	0:00:01.727723
4340	0	0	0	1	0:00:01.724990
4360	6	6	6	1	0:00:01.728287
4380	9	9	9	1	0:00:01.726853
4400	3	-1	5	0	0:00:01.728904
4420	5	5	5	1	0:00:01.726817
4440	2	-1	2	0	0:00:01.731931
4460	9	9	9	1	0:00:01.725414
4480	9	9	9	1	0:00:01.726025
4500	3	5	5	0	0:00:01.728017
4520	3	-1	3	0	0:00:01.726555
4540	9	9	9	1	0:00:01.724194
4560	1	1	1	1	0:00:01.724499
4580	6	6	4	1	0:00:01.721604
4600	4	4	4	1	0:00:01.726855
4620	7	3	3	0	0:00:01.727695
4640	2	2	5	1	0:00:01.723837
4660	7	-1	4	0	0:00:01.727028
4680	9	9	1	1	0:00:01.724976
4700	6	5	5	0	0:00:01.725932
4720	8	-1	8	0	0:00:01.727893
4740	5	3	3	0	0:00:01.726458
4760	3	2	2	0	0:00:01.726096
4780	0	0	0	1	0:00:01.723700
4800	9	9	9	1	0:00:01.730026
4820	3	3	3	1	0:00:01.727863
4840	0	0	0	1	0:00:01.731166
4860	5	5	5	1	0:00:01.728466
4880	0	8	8	0	0:00:01.726392
4900	3	3	3	1	0:00:01.728123
4920	7	7	7	1	0:00:01.728687
4940	6	-1	4	0	0:00:01.725541
4960	4	-1	3	0	0:00:01.726893
4980	1	9	9	0	0:00:01.728332
5000	7	7	7	1	0:00:01.732408
5020	8	8	8	1	0:00:01.728225
5040	3	3	3	1	0:00:01.730141
5060	6	-1	2	0	0:00:01.728828
5080	7	7	7	1	0:00:01.728042
5100	3	3	3	1	0:00:01.729112
5120	9	-1	8	0	0:00:01.725062
5140	8	8	8	1	0:00:01.724701
5160	0	0	8	1	0:00:01.726098
5180	9	7	7	0	0:00:01.726385
5200	3	3	3	1	0:00:01.727255
5220	0	0	0	1	0:00:01.727053
5240	1	-1	9	0	0:00:01.730070
5260	0	0	0	1	0:00:01.728048
5280	0	4	4	0	0:00:01.727820
5300	9	9	9	1	0:00:01.727030
5320	7	-1	7	0	0:00:01.728499
5340	3	4	4	0	0:00:01.728529
5360	9	9	9	1	0:00:01.732125
5380	1	9	9	0	0:00:01.727110
5400	9	9	9	1	0:00:01.728152
5420	6	6	6	1	0:00:01.728045
5440	9	9	9	1	0:00:01.730313
5460	0	0	0	1	0:00:01.730909
5480	1	1	1	1	0:00:01.787322
5500	8	-1	8	0	0:00:01.727924
5520	4	-1	3	0	0:00:01.728322
5540	5	-1	2	0	0:00:01.728803
5560	3	5	5	0	0:00:01.728213
5580	5	-1	3	0	0:00:01.726989
5600	6	-1	3	0	0:00:01.728978
5620	3	6	2	0	0:00:01.726578
5640	2	5	2	0	0:00:01.727944
5660	9	-1	8	0	0:00:01.741166
5680	2	3	3	0	0:00:01.727128
5700	3	3	3	1	0:00:01.726252
5720	9	9	9	1	0:00:01.725784
5740	6	-1	2	0	0:00:01.727392
5760	2	2	2	1	0:00:01.727326
5780	7	7	7	1	0:00:01.728233
5800	2	2	2	1	0:00:01.726928
5820	5	5	5	1	0:00:01.725111
5840	2	-1	3	0	0:00:01.725381
5860	0	0	0	1	0:00:01.726432
5880	0	0	0	1	0:00:01.724703
5900	4	3	0	0	0:00:01.724811
5920	8	8	8	1	0:00:01.725470
5940	7	-1	3	0	0:00:01.722472
5960	2	6	6	0	0:00:01.725808
5980	9	9	9	1	0:00:01.725989
6000	8	8	8	1	0:00:01.727395
6020	6	6	2	1	0:00:01.727119
6040	2	-1	7	0	0:00:01.728214
6060	3	4	5	0	0:00:01.726402
6080	1	1	1	1	0:00:01.726807
6100	1	1	1	1	0:00:01.726611
6120	5	5	5	1	0:00:01.731604
6140	9	9	1	1	0:00:01.722839
6160	2	5	2	0	0:00:01.727325
6180	0	-1	8	0	0:00:01.724443
6200	3	2	2	0	0:00:01.729420
6220	2	5	5	0	0:00:01.730058
6240	2	-1	0	0	0:00:01.732634
6260	2	-1	2	0	0:00:01.731854
6280	8	5	5	0	0:00:01.729636
6300	1	1	1	1	0:00:01.753252
6320	0	0	0	1	0:00:01.732977
6340	3	-1	3	0	0:00:01.725459
6360	2	-1	2	0	0:00:01.728686
6380	3	-1	3	0	0:00:01.730454
6400	0	0	0	1	0:00:01.723588
6420	7	7	7	1	0:00:01.728316
6440	3	6	2	0	0:00:01.728448
6460	3	3	3	1	0:00:01.726334
6480	0	0	0	1	0:00:01.726608
6500	7	6	8	0	0:00:01.727000
6520	6	-1	2	0	0:00:01.725128
6540	8	8	8	1	0:00:01.726063
6560	6	-1	5	0	0:00:01.729186
6580	1	8	8	0	0:00:01.729613
6600	7	7	7	1	0:00:01.729043
6620	7	7	7	1	0:00:01.724339
6640	5	3	3	0	0:00:01.725958
6660	0	0	1	1	0:00:01.721083
6680	3	5	5	0	0:00:01.729317
6700	6	6	6	1	0:00:01.725229
6720	2	-1	2	0	0:00:01.734630
6740	2	4	4	0	0:00:01.731456
6760	5	5	5	1	0:00:01.731900
6780	7	7	7	1	0:00:01.734317
6800	6	4	4	0	0:00:01.735920
6820	1	1	1	1	0:00:01.730448
6840	9	9	9	1	0:00:01.732165
6860	0	0	0	1	0:00:01.729735
6880	2	2	2	1	0:00:01.733968
6900	3	3	3	1	0:00:01.728399
6920	5	4	2	0	0:00:01.724457
6940	1	1	1	1	0:00:01.721276
6960	9	9	8	1	0:00:01.729272
6980	0	0	0	1	0:00:01.722459
7000	2	-1	8	0	0:00:01.727678
7020	7	7	7	1	0:00:01.726160
7040	7	-1	8	0	0:00:01.727468
7060	8	8	8	1	0:00:01.725358
7080	5	4	4	0	0:00:01.725257
7100	9	3	3	0	0:00:01.724443
7120	7	-1	5	0	0:00:01.727469
7140	4	-1	3	0	0:00:01.726265
7160	5	5	5	1	0:00:01.728319
7180	6	6	3	1	0:00:01.724606
7200	4	-1	2	0	0:00:01.727792
7220	9	9	9	1	0:00:01.724659
7240	0	0	8	1	0:00:01.728169
7260	1	1	1	1	0:00:01.725240
7280	1	-1	3	0	0:00:01.729668
7300	3	4	5	0	0:00:01.727940
7320	8	0	0	0	0:00:01.747283
7340	2	-1	0	0	0:00:01.730774
7360	2	-1	2	0	0:00:01.730999
7380	7	7	7	1	0:00:01.727553
7400	3	5	5	0	0:00:01.728797
7420	3	4	4	0	0:00:01.727461
7440	3	3	3	1	0:00:01.731664
7460	5	5	5	1	0:00:01.729220
7480	1	1	8	1	0:00:01.731312
7500	6	6	6	1	0:00:01.726654
7520	4	4	4	1	0:00:01.725149
7540	5	5	5	1	0:00:01.724729
7560	0	0	0	1	0:00:01.721441
7580	8	8	8	1	0:00:01.725422
7600	8	2	2	0	0:00:01.723614
7620	5	-1	3	0	0:00:01.722667
7640	9	8	8	0	0:00:01.726135
7660	7	-1	4	0	0:00:01.723181
7680	3	5	5	0	0:00:01.728700
7700	6	6	4	1	0:00:01.724502
7720	5	2	2	0	0:00:01.726249
7740	4	4	2	1	0:00:01.725840
7760	2	0	8	0	0:00:01.728256
7780	3	8	8	0	0:00:01.727404
7800	0	0	0	1	0:00:01.730756
7820	5	-1	0	0	0:00:01.727064
7840	1	1	1	1	0:00:01.730229
7860	8	8	8	1	0:00:01.729884
7880	0	0	0	1	0:00:01.729604
7900	0	-1	8	0	0:00:01.726945
7920	9	9	9	1	0:00:01.729404
7940	2	6	6	0	0:00:01.727925
7960	0	3	3	0	0:00:01.730601
7980	3	-1	3	0	0:00:01.727477
8000	9	9	9	1	0:00:01.730442
8020	6	-1	3	0	0:00:01.727647
8040	2	2	2	1	0:00:01.729076
8060	6	6	5	1	0:00:01.727905
8080	4	-1	3	0	0:00:01.726440
8100	6	2	2	0	0:00:01.726226
8120	8	9	8	0	0:00:01.733347
8140	5	7	3	0	0:00:01.726393
8160	6	6	6	1	0:00:01.731404
8180	4	-1	4	0	0:00:01.727520
8200	3	6	3	0	0:00:01.733330
8220	6	5	5	0	0:00:01.726515
8240	7	7	4	1	0:00:01.729536
8260	1	1	1	1	0:00:01.730547
8280	4	4	4	1	0:00:01.727457
8300	5	-1	2	0	0:00:01.728046
8320	7	-1	7	0	0:00:01.726456
8340	5	3	5	0	0:00:01.728916
8360	7	7	7	1	0:00:01.729936
8380	9	9	9	1	0:00:01.730102
8400	0	-1	9	0	0:00:01.729543
8420	3	6	6	0	0:00:01.728534
8440	5	3	3	0	0:00:01.729939
8460	8	8	8	1	0:00:01.726864
8480	2	2	2	1	0:00:01.729615
8500	4	4	4	1	0:00:01.728263
8520	8	8	8	1	0:00:01.729900
8540	4	2	2	0	0:00:01.727669
8560	7	7	7	1	0:00:01.733266
8580	3	5	5	0	0:00:01.731059
8600	3	2	2	0	0:00:01.729043
8620	3	-1	5	0	0:00:01.733442
8640	1	1	1	1	0:00:01.730133
8660	7	7	7	1	0:00:01.726347
8680	3	7	3	0	0:00:01.730040
8700	3	3	3	1	0:00:01.728205
8720	2	0	0	0	0:00:01.725794
8740	2	-1	5	0	0:00:01.725734
8760	8	8	8	1	0:00:01.729716
8780	4	-1	4	0	0:00:01.725641
8800	0	0	0	1	0:00:01.725145
8820	2	2	2	1	0:00:01.724852
8840	2	-1	2	0	0:00:01.729804
8860	2	2	2	1	0:00:01.729836
8880	1	1	1	1	0:00:01.729926
8900	2	4	4	0	0:00:01.727440
8920	6	6	3	1	0:00:01.729996
8940	6	3	3	0	0:00:01.731517
8960	0	-1	2	0	0:00:01.726116
8980	9	9	9	1	0:00:01.727133
9000	8	8	8	1	0:00:01.730252
9020	7	7	7	1	0:00:01.728594
9040	2	5	5	0	0:00:01.730553
9060	9	9	5	1	0:00:01.728005
9080	3	-1	3	0	0:00:01.732256
9100	9	1	1	0	0:00:01.729945
9120	3	0	2	0	0:00:01.732864
9140	7	7	4	1	0:00:01.729305
9160	5	3	3	0	0:00:01.729044
9180	5	5	5	1	0:00:01.730605
9200	8	8	8	1	0:00:01.726192
9220	8	8	8	1	0:00:01.728558
9240	8	8	8	1	0:00:01.730930
9260	5	-1	5	0	0:00:01.726825
9280	9	8	8	0	0:00:01.726545
9300	5	-1	2	0	0:00:01.726891
9320	9	9	9	1	0:00:01.727280
9340	1	1	1	1	0:00:01.730622
9360	5	0	0	0	0:00:01.730359
9380	5	3	3	0	0:00:01.730009
9400	6	6	6	1	0:00:01.728957
9420	5	5	5	1	0:00:01.728241
9440	8	8	8	1	0:00:01.730919
9460	3	-1	7	0	0:00:01.727185
9480	2	-1	6	0	0:00:01.727164
9500	9	9	2	1	0:00:01.728273
9520	1	1	1	1	0:00:01.730278
9540	5	5	5	1	0:00:01.725440
9560	9	7	3	0	0:00:01.724770
9580	1	1	1	1	0:00:01.722939
9600	8	-1	8	0	0:00:01.721585
9620	4	4	4	1	0:00:01.723822
9640	5	5	5	1	0:00:01.726051
9660	6	6	6	1	0:00:01.726289
9680	8	8	8	1	0:00:01.725086
9700	0	0	2	1	0:00:01.721920
9720	8	6	8	0	0:00:01.723170
9740	3	6	2	0	0:00:01.724301
9760	9	5	5	0	0:00:01.722357
9780	4	-1	2	0	0:00:01.721840
9800	1	1	1	1	0:00:01.725391
9820	0	8	8	0	0:00:01.724351
9840	4	7	7	0	0:00:01.731541
9860	0	-1	8	0	0:00:01.724918
9880	7	8	8	0	0:00:01.726597
9900	8	8	8	1	0:00:01.721418
9920	6	6	6	1	0:00:01.725555
9940	4	5	5	0	0:00:01.722655
9960	2	0	0	0	0:00:01.730555
9980	0	0	0	1	0:00:01.731212
