idx	label	predict	basePredict	correct	time
0	3	3	3	1	0:00:02.848304
20	7	5	5	0	0:00:02.771298
40	4	4	4	1	0:00:02.764171
60	7	7	7	1	0:00:02.765513
80	8	8	8	1	0:00:02.764937
100	4	5	5	0	0:00:02.776533
120	8	8	8	1	0:00:02.818198
140	6	6	2	1	0:00:02.781661
160	2	2	2	1	0:00:02.820315
180	0	0	8	1	0:00:02.789662
200	5	5	5	1	0:00:02.795584
220	7	5	5	0	0:00:02.773052
240	1	1	1	1	0:00:02.796653
260	8	8	8	1	0:00:02.801726
280	9	9	0	1	0:00:02.783806
300	6	6	6	1	0:00:02.786177
320	3	3	5	1	0:00:02.800748
340	2	4	4	0	0:00:02.781744
360	9	9	3	1	0:00:02.795343
380	6	6	2	1	0:00:02.778480
400	9	9	9	1	0:00:02.785773
420	4	4	2	1	0:00:02.849500
440	1	1	1	1	0:00:02.800638
460	5	5	5	1	0:00:02.806370
480	8	9	9	0	0:00:02.819104
500	4	3	3	0	0:00:02.788469
520	5	5	5	1	0:00:02.796828
540	1	1	1	1	0:00:02.783081
560	0	0	0	1	0:00:02.815395
580	4	4	4	1	0:00:02.785967
600	8	8	2	1	0:00:02.785051
620	7	7	7	1	0:00:02.785548
640	5	3	3	0	0:00:02.787566
660	9	9	8	1	0:00:02.803088
680	9	9	2	1	0:00:02.787207
700	7	7	7	1	0:00:02.783998
720	4	4	8	1	0:00:02.802793
740	2	5	5	0	0:00:02.787785
760	3	3	4	1	0:00:02.789685
780	9	9	9	1	0:00:02.791943
800	7	7	7	1	0:00:02.794302
820	6	6	3	1	0:00:02.822383
840	7	7	7	1	0:00:02.782863
860	4	4	2	1	0:00:02.811138
880	8	8	8	1	0:00:02.779948
900	2	6	6	0	0:00:02.799363
920	6	6	4	1	0:00:02.804926
940	9	9	9	1	0:00:02.806211
960	9	-1	3	0	0:00:02.828792
980	2	4	2	0	0:00:02.770649
1000	5	5	5	1	0:00:02.097190
1020	1	1	1	1	0:00:02.077552
1040	7	5	3	0	0:00:02.088531
1060	9	9	9	1	0:00:02.079507
1080	6	6	2	1	0:00:02.132767
1100	7	8	8	0	0:00:02.153666
1120	5	2	2	0	0:00:02.105545
1140	6	6	3	1	0:00:02.089876
1160	8	8	8	1	0:00:02.082204
1180	3	3	3	1	0:00:02.091756
1200	8	8	8	1	0:00:02.100112
1220	9	3	3	0	0:00:02.087568
1240	2	6	6	0	0:00:02.088103
1260	1	9	9	0	0:00:02.083791
1280	3	3	5	1	0:00:02.081889
1300	4	3	3	0	0:00:02.150489
1320	7	7	2	1	0:00:02.076137
1340	1	1	1	1	0:00:02.159486
1360	7	7	4	1	0:00:02.096671
1380	4	5	5	0	0:00:02.092070
1400	5	3	5	0	0:00:02.099652
1420	4	7	7	0	0:00:02.098449
1440	0	0	8	1	0:00:02.110045
1460	6	6	2	1	0:00:02.111583
1480	1	-1	5	0	0:00:02.097382
1500	1	1	1	1	0:00:02.088326
1520	7	7	4	1	0:00:02.088443
1540	8	8	8	1	0:00:02.080452
1560	7	7	7	1	0:00:02.092399
1580	6	3	3	0	0:00:02.164049
1600	8	9	2	0	0:00:02.146365
1620	5	8	8	0	0:00:02.122127
1640	7	3	3	0	0:00:02.090103
1660	3	3	3	1	0:00:02.078519
1680	6	6	3	1	0:00:02.138163
1700	5	3	3	0	0:00:02.177247
1720	4	4	3	1	0:00:02.125424
1740	1	1	1	1	0:00:02.137662
1760	0	0	8	1	0:00:02.179014
1780	7	7	4	1	0:00:02.129449
1800	4	4	2	1	0:00:02.087688
1820	8	8	8	1	0:00:02.089545
1840	8	4	2	0	0:00:02.126869
1860	8	8	8	1	0:00:02.165642
1880	1	1	1	1	0:00:02.139901
1900	8	8	8	1	0:00:02.117442
1920	2	2	2	1	0:00:02.142570
1940	5	-1	2	0	0:00:02.076900
1960	2	5	5	0	0:00:02.075270
1980	9	9	9	1	0:00:02.072310
2000	1	1	1	1	0:00:02.075419
2020	9	9	9	1	0:00:02.125761
2040	0	0	0	1	0:00:02.126042
2060	5	3	3	0	0:00:02.078815
2080	1	9	9	0	0:00:02.074741
2100	2	2	2	1	0:00:02.075001
2120	4	8	8	0	0:00:02.077300
2140	9	9	9	1	0:00:02.080671
2160	0	0	8	1	0:00:02.087961
2180	4	4	4	1	0:00:02.073622
2200	0	0	4	1	0:00:02.086185
2220	1	1	1	1	0:00:02.123727
2240	9	9	1	1	0:00:02.075370
2260	4	4	5	1	0:00:02.070554
2280	4	4	8	1	0:00:02.081885
2300	3	4	4	0	0:00:02.080683
2320	5	2	2	0	0:00:02.077204
2340	7	7	7	1	0:00:02.082594
2360	7	5	5	0	0:00:02.084552
2380	8	8	8	1	0:00:02.073620
2400	0	0	0	1	0:00:02.076807
2420	8	7	3	0	0:00:02.080236
2440	7	7	7	1	0:00:02.078452
2460	9	9	4	1	0:00:02.080268
2480	8	8	8	1	0:00:02.075509
2500	4	4	2	1	0:00:02.071676
2520	1	8	8	0	0:00:02.070374
2540	2	6	3	0	0:00:02.073691
2560	7	7	5	1	0:00:02.074168
2580	6	5	5	0	0:00:02.072631
2600	8	8	8	1	0:00:02.083487
2620	1	1	8	1	0:00:02.075715
2640	7	7	7	1	0:00:02.071006
2660	3	2	2	0	0:00:02.070641
2680	0	0	0	1	0:00:02.071944
2700	9	1	1	0	0:00:02.069661
2720	3	3	3	1	0:00:02.072972
2740	1	7	2	0	0:00:02.071394
2760	2	2	2	1	0:00:02.071207
2780	7	7	7	1	0:00:02.075414
2800	4	4	3	1	0:00:02.091412
2820	6	6	4	1	0:00:02.072951
2840	3	3	3	1	0:00:02.074403
2860	5	4	4	0	0:00:02.077615
2880	4	4	4	1	0:00:02.080469
2900	3	7	2	0	0:00:02.073687
2920	2	3	3	0	0:00:02.082720
2940	3	0	0	0	0:00:02.074823
2960	9	0	0	0	0:00:02.074048
2980	8	8	8	1	0:00:02.076989
3000	5	5	5	1	0:00:02.076300
3020	1	1	8	1	0:00:02.077635
3040	7	7	7	1	0:00:02.064856
3060	7	7	7	1	0:00:02.062594
3080	1	9	9	0	0:00:02.080721
3100	0	0	0	1	0:00:02.089675
3120	4	4	3	1	0:00:02.075415
3140	8	8	8	1	0:00:02.081184
3160	6	2	2	0	0:00:02.079763
3180	3	3	5	1	0:00:02.096906
3200	5	5	5	1	0:00:02.181741
3220	3	9	9	0	0:00:02.165324
3240	4	0	0	0	0:00:02.106273
3260	7	7	7	1	0:00:02.091606
3280	3	5	5	0	0:00:02.083921
3300	4	4	2	1	0:00:02.073243
3320	2	7	7	0	0:00:02.077846
3340	6	6	0	1	0:00:02.090014
3360	4	4	3	1	0:00:02.088628
3380	8	8	8	1	0:00:02.083477
3400	6	4	4	0	0:00:02.071158
3420	5	7	7	0	0:00:02.071079
3440	2	3	3	0	0:00:02.072076
3460	1	1	1	1	0:00:02.077726
3480	2	2	2	1	0:00:02.138689
3500	1	9	9	0	0:00:02.187467
3520	1	1	1	1	0:00:02.135644
3540	6	6	3	1	0:00:02.140428
3560	1	9	9	0	0:00:02.083512
3580	4	4	2	1	0:00:02.077183
3600	4	2	2	0	0:00:02.082274
3620	0	0	5	1	0:00:02.076484
3640	6	2	2	0	0:00:02.073445
3660	0	0	8	1	0:00:02.075349
3680	0	4	0	0	0:00:02.071783
3700	3	3	3	1	0:00:02.070478
3720	2	2	2	1	0:00:02.070737
3740	0	0	0	1	0:00:02.105126
3760	7	7	7	1	0:00:02.126634
3780	4	4	2	1	0:00:02.099132
3800	9	9	9	1	0:00:02.079147
3820	0	0	2	1	0:00:02.067443
3840	6	3	3	0	0:00:02.075948
3860	7	7	7	1	0:00:02.077802
3880	6	6	5	1	0:00:02.074237
3900	3	6	6	0	0:00:02.080121
3920	7	7	7	1	0:00:02.075557
3940	6	2	2	0	0:00:02.074309
3960	2	2	2	1	0:00:02.082666
3980	9	9	4	1	0:00:02.087722
4000	8	4	2	0	0:00:02.079113
4020	8	8	8	1	0:00:02.091161
4040	0	0	0	1	0:00:02.077111
4060	6	6	0	1	0:00:02.076816
4080	1	1	1	1	0:00:02.076994
4100	7	7	7	1	0:00:02.078790
4120	4	4	4	1	0:00:02.084171
4140	5	5	3	1	0:00:02.081204
4160	5	3	2	0	0:00:02.079674
4180	0	8	8	0	0:00:02.103110
4200	4	-1	2	0	0:00:02.136750
4220	4	0	0	0	0:00:02.096812
4240	7	0	0	0	0:00:02.127366
4260	8	8	8	1	0:00:02.134267
4280	8	0	0	0	0:00:02.114042
4300	8	8	8	1	0:00:02.075844
4320	1	8	8	0	0:00:02.089465
4340	0	0	0	1	0:00:02.092006
4360	6	6	2	1	0:00:02.086582
4380	9	9	7	1	0:00:02.085107
4400	3	5	5	0	0:00:02.127630
4420	5	5	5	1	0:00:02.144804
4440	2	2	2	1	0:00:02.107507
4460	9	9	9	1	0:00:02.111510
4480	9	9	9	1	0:00:02.071434
4500	3	5	5	0	0:00:02.072049
4520	3	3	3	1	0:00:02.073822
4540	9	9	9	1	0:00:02.078276
4560	1	1	1	1	0:00:02.069312
4580	6	6	4	1	0:00:02.069755
4600	4	4	4	1	0:00:02.075861
4620	7	3	3	0	0:00:02.073456
4640	2	2	5	1	0:00:02.074876
4660	7	4	5	0	0:00:02.070445
4680	9	9	1	1	0:00:02.072803
4700	6	5	5	0	0:00:02.069964
4720	8	8	8	1	0:00:02.071561
4740	5	3	3	0	0:00:02.075585
4760	3	2	2	0	0:00:02.078216
4780	0	0	0	1	0:00:02.067901
4800	9	9	9	1	0:00:02.075473
4820	3	3	3	1	0:00:02.077227
4840	0	0	0	1	0:00:02.070715
4860	5	5	5	1	0:00:02.075379
4880	0	8	8	0	0:00:02.078842
4900	3	3	3	1	0:00:02.087909
4920	7	7	7	1	0:00:02.089894
4940	6	6	4	1	0:00:02.088301
4960	4	4	3	1	0:00:02.077470
4980	1	9	9	0	0:00:02.067351
5000	7	7	7	1	0:00:02.073926
5020	8	8	8	1	0:00:02.065689
5040	3	3	3	1	0:00:02.085774
5060	6	6	2	1	0:00:02.091543
5080	7	7	7	1	0:00:02.081200
5100	3	3	3	1	0:00:02.077132
5120	9	9	8	1	0:00:02.074509
5140	8	8	8	1	0:00:02.075222
5160	0	0	8	1	0:00:02.076091
5180	9	7	7	0	0:00:02.075765
5200	3	3	3	1	0:00:02.078775
5220	0	0	8	1	0:00:02.082925
5240	1	1	9	1	0:00:02.075923
5260	0	0	0	1	0:00:02.075719
5280	0	4	4	0	0:00:02.070562
5300	9	9	9	1	0:00:02.072545
5320	7	7	7	1	0:00:02.073389
5340	3	4	4	0	0:00:02.078369
5360	9	9	5	1	0:00:02.074578
5380	1	9	9	0	0:00:02.073731
5400	9	9	9	1	0:00:02.075760
5420	6	6	6	1	0:00:02.079640
5440	9	9	9	1	0:00:02.083614
5460	0	0	0	1	0:00:02.078289
5480	1	1	1	1	0:00:02.095906
5500	8	8	8	1	0:00:02.100750
5520	4	4	3	1	0:00:02.121289
5540	5	5	2	1	0:00:02.095232
5560	3	5	5	0	0:00:02.107898
5580	5	3	3	0	0:00:02.076627
5600	6	6	3	1	0:00:02.081395
5620	3	6	2	0	0:00:02.070122
5640	2	5	3	0	0:00:02.068511
5660	9	9	8	1	0:00:02.070544
5680	2	3	3	0	0:00:02.077890
5700	3	3	3	1	0:00:02.079505
5720	9	9	9	1	0:00:02.073257
5740	6	6	4	1	0:00:02.071891
5760	2	2	0	1	0:00:02.073415
5780	7	7	7	1	0:00:02.072468
5800	2	2	2	1	0:00:02.090262
5820	5	5	5	1	0:00:02.070824
5840	2	2	3	1	0:00:02.064868
5860	0	0	8	1	0:00:02.079665
5880	0	0	0	1	0:00:02.071773
5900	4	3	0	0	0:00:02.069694
5920	8	8	8	1	0:00:02.071757
5940	7	7	3	1	0:00:02.068828
5960	2	6	6	0	0:00:02.082913
5980	9	9	9	1	0:00:02.077349
6000	8	8	8	1	0:00:02.082065
6020	6	6	2	1	0:00:02.075082
6040	2	7	7	0	0:00:02.087152
6060	3	4	5	0	0:00:02.079655
6080	1	1	1	1	0:00:02.082035
6100	1	1	1	1	0:00:02.070546
6120	5	5	5	1	0:00:02.070168
6140	9	9	1	1	0:00:02.078447
6160	2	5	5	0	0:00:02.086855
6180	0	0	8	1	0:00:02.074798
6200	3	2	2	0	0:00:02.072014
6220	2	5	5	0	0:00:02.067993
6240	2	2	0	1	0:00:02.081590
6260	2	2	8	1	0:00:02.074910
6280	8	5	5	0	0:00:02.075938
6300	1	1	1	1	0:00:02.075164
6320	0	0	0	1	0:00:02.072841
6340	3	-1	3	0	0:00:02.074295
6360	2	2	3	1	0:00:02.102669
6380	3	0	0	0	0:00:02.114828
6400	0	0	0	1	0:00:02.084531
6420	7	7	7	1	0:00:02.069149
6440	3	3	2	1	0:00:02.079382
6460	3	3	3	1	0:00:02.070323
6480	0	0	0	1	0:00:02.078675
6500	7	6	8	0	0:00:02.079732
6520	6	6	2	1	0:00:02.080112
6540	8	8	8	1	0:00:02.077280
6560	6	5	5	0	0:00:02.076952
6580	1	8	8	0	0:00:02.075098
6600	7	7	7	1	0:00:02.072025
6620	7	7	7	1	0:00:02.080585
6640	5	3	3	0	0:00:02.087707
6660	0	0	1	1	0:00:02.080404
6680	3	5	5	0	0:00:02.141152
6700	6	6	6	1	0:00:02.092549
6720	2	2	2	1	0:00:02.083798
6740	2	4	4	0	0:00:02.077673
6760	5	5	5	1	0:00:02.081140
6780	7	7	7	1	0:00:02.081650
6800	6	4	4	0	0:00:02.073231
6820	1	1	1	1	0:00:02.077421
6840	9	9	9	1	0:00:02.076540
6860	0	0	0	1	0:00:02.070688
6880	2	2	2	1	0:00:02.073419
6900	3	3	3	1	0:00:02.070867
6920	5	4	2	0	0:00:02.076323
6940	1	1	1	1	0:00:02.073537
6960	9	9	8	1	0:00:02.074622
6980	0	0	8	1	0:00:02.088203
7000	2	-1	8	0	0:00:02.080168
7020	7	7	7	1	0:00:02.079623
7040	7	8	8	0	0:00:02.078389
7060	8	8	8	1	0:00:02.075997
7080	5	4	4	0	0:00:02.077213
7100	9	3	3	0	0:00:02.080682
7120	7	7	5	1	0:00:02.092212
7140	4	3	3	0	0:00:02.077514
7160	5	5	5	1	0:00:02.078328
7180	6	6	3	1	0:00:02.075393
7200	4	4	2	1	0:00:02.085575
7220	9	9	9	1	0:00:02.088815
7240	0	0	8	1	0:00:02.081285
7260	1	1	1	1	0:00:02.074007
7280	1	1	3	1	0:00:02.074456
7300	3	5	5	0	0:00:02.075245
7320	8	0	0	0	0:00:02.085419
7340	2	2	0	1	0:00:02.074993
7360	2	2	2	1	0:00:02.065600
7380	7	7	7	1	0:00:02.071180
7400	3	5	5	0	0:00:02.079727
7420	3	4	2	0	0:00:02.068982
7440	3	3	3	1	0:00:02.069666
7460	5	5	5	1	0:00:02.080660
7480	1	1	8	1	0:00:02.072896
7500	6	6	6	1	0:00:02.073134
7520	4	4	2	1	0:00:02.122854
7540	5	5	5	1	0:00:02.088288
7560	0	0	8	1	0:00:02.076137
7580	8	8	8	1	0:00:02.080307
7600	8	2	2	0	0:00:02.075884
7620	5	3	3	0	0:00:02.083773
7640	9	8	8	0	0:00:02.072867
7660	7	7	4	1	0:00:02.076725
7680	3	5	5	0	0:00:02.078651
7700	6	6	3	1	0:00:02.074110
7720	5	2	2	0	0:00:02.073817
7740	4	4	2	1	0:00:02.073541
7760	2	0	8	0	0:00:02.072148
7780	3	8	8	0	0:00:02.088454
7800	0	0	0	1	0:00:02.091743
7820	5	5	0	1	0:00:02.075565
7840	1	1	1	1	0:00:02.073760
7860	8	8	8	1	0:00:02.073362
7880	0	0	0	1	0:00:02.077461
7900	0	4	8	0	0:00:02.079031
7920	9	9	9	1	0:00:02.073942
7940	2	6	6	0	0:00:02.083094
7960	0	3	3	0	0:00:02.106768
7980	3	3	3	1	0:00:02.168842
8000	9	9	8	1	0:00:02.152639
8020	6	3	3	0	0:00:02.160917
8040	2	2	2	1	0:00:02.108619
8060	6	6	5	1	0:00:02.076293
8080	4	4	3	1	0:00:02.079895
8100	6	2	2	0	0:00:02.076154
8120	8	9	8	0	0:00:02.080938
8140	5	7	3	0	0:00:02.076003
8160	6	6	6	1	0:00:02.085603
8180	4	4	2	1	0:00:02.076787
8200	3	6	0	0	0:00:02.073953
8220	6	5	7	0	0:00:02.074011
8240	7	7	4	1	0:00:02.075585
8260	1	1	1	1	0:00:02.087183
8280	4	4	4	1	0:00:02.073883
8300	5	4	2	0	0:00:02.071340
8320	7	7	7	1	0:00:02.075981
8340	5	3	5	0	0:00:02.074311
8360	7	7	7	1	0:00:02.091205
8380	9	9	9	1	0:00:02.093128
8400	0	0	9	1	0:00:02.073021
8420	3	6	6	0	0:00:02.076756
8440	5	3	3	0	0:00:02.076744
8460	8	8	8	1	0:00:02.078707
8480	2	2	2	1	0:00:02.075923
8500	4	4	4	1	0:00:02.085332
8520	8	8	8	1	0:00:02.076590
8540	4	2	2	0	0:00:02.083856
8560	7	7	7	1	0:00:02.070903
8580	3	5	5	0	0:00:02.072411
8600	3	2	2	0	0:00:02.070472
8620	3	5	5	0	0:00:02.067319
8640	1	1	1	1	0:00:02.067255
8660	7	7	7	1	0:00:02.071173
8680	3	3	2	1	0:00:02.067828
8700	3	3	3	1	0:00:02.076034
8720	2	0	0	0	0:00:02.064812
8740	2	2	5	1	0:00:02.068187
8760	8	8	8	1	0:00:02.074472
8780	4	4	2	1	0:00:02.080854
8800	0	0	0	1	0:00:02.071724
8820	2	2	2	1	0:00:02.072279
8840	2	2	2	1	0:00:02.070642
8860	2	2	2	1	0:00:02.063180
8880	1	1	1	1	0:00:02.077520
8900	2	4	4	0	0:00:02.079113
8920	6	6	3	1	0:00:02.091751
8940	6	3	3	0	0:00:02.100948
8960	0	2	2	0	0:00:02.086183
8980	9	9	9	1	0:00:02.089499
9000	8	8	8	1	0:00:02.070482
9020	7	7	7	1	0:00:02.068196
9040	2	5	5	0	0:00:02.080024
9060	9	9	5	1	0:00:02.064875
9080	3	5	3	0	0:00:02.071258
9100	9	1	1	0	0:00:02.082630
9120	3	0	2	0	0:00:02.075401
9140	7	7	8	1	0:00:02.068634
9160	5	3	3	0	0:00:02.068697
9180	5	5	5	1	0:00:02.064407
9200	8	8	8	1	0:00:02.063281
9220	8	8	8	1	0:00:02.073086
9240	8	8	8	1	0:00:02.075176
9260	5	5	3	1	0:00:02.102642
9280	9	8	8	0	0:00:02.131881
9300	5	2	2	0	0:00:02.097891
9320	9	9	9	1	0:00:02.110101
9340	1	1	1	1	0:00:02.088568
9360	5	0	0	0	0:00:02.130378
9380	5	3	3	0	0:00:02.118301
9400	6	6	6	1	0:00:02.075207
9420	5	5	5	1	0:00:02.078486
9440	8	8	8	1	0:00:02.078214
9460	3	7	7	0	0:00:02.077287
9480	2	6	6	0	0:00:02.087968
9500	9	9	2	1	0:00:02.078923
9520	1	1	1	1	0:00:02.098440
9540	5	5	5	1	0:00:02.088183
9560	9	7	3	0	0:00:02.074383
9580	1	1	1	1	0:00:02.067913
9600	8	8	8	1	0:00:02.074807
9620	4	4	4	1	0:00:02.081080
9640	5	5	5	1	0:00:02.077252
9660	6	6	6	1	0:00:02.074966
9680	8	8	8	1	0:00:02.072162
9700	0	0	2	1	0:00:02.079905
9720	8	6	8	0	0:00:02.070997
9740	3	6	2	0	0:00:02.166078
9760	9	5	5	0	0:00:02.113483
9780	4	4	2	1	0:00:02.075037
9800	1	1	1	1	0:00:02.073327
9820	0	8	8	0	0:00:02.075988
9840	4	7	7	0	0:00:02.088243
9860	0	0	8	1	0:00:02.089935
9880	7	8	4	0	0:00:02.075610
9900	8	8	8	1	0:00:02.072819
9920	6	6	6	1	0:00:02.074763
9940	4	5	5	0	0:00:02.074782
9960	2	0	0	0	0:00:02.075886
9980	0	0	0	1	0:00:02.168037
