idx	label	predict	basePredict	correct	time
0	3	6	6	0	0:00:00.814330
20	7	9	9	0	0:00:00.711613
40	4	8	8	0	0:00:00.704630
60	7	2	2	0	0:00:00.703660
80	8	8	8	1	0:00:00.717924
100	4	5	5	0	0:00:00.728387
120	8	8	8	1	0:00:00.710362
140	6	2	2	0	0:00:00.713745
160	2	0	0	0	0:00:00.878821
180	0	0	0	1	0:00:00.695328
200	5	3	3	0	0:00:00.687504
220	7	7	7	1	0:00:00.703418
240	1	1	1	1	0:00:00.715320
260	8	5	5	0	0:00:00.720108
280	9	9	9	1	0:00:00.793497
300	6	-1	4	0	0:00:00.710840
320	3	-1	4	0	0:00:00.720011
340	2	4	4	0	0:00:00.719296
360	9	6	6	0	0:00:00.749851
380	6	6	6	1	0:00:00.716026
400	9	9	9	1	0:00:00.708522
420	4	6	6	0	0:00:00.700987
440	1	1	1	1	0:00:00.701591
460	5	5	5	1	0:00:00.692788
480	8	9	9	0	0:00:00.710716
500	4	6	6	0	0:00:00.720819
520	5	-1	5	0	0:00:00.805540
540	1	8	8	0	0:00:00.702669
560	0	-1	0	0	0:00:00.727865
580	4	6	6	0	0:00:00.708521
600	8	-1	8	0	0:00:00.720534
620	7	6	6	0	0:00:00.728744
640	5	6	6	0	0:00:00.718616
660	9	9	9	1	0:00:00.706869
680	9	9	9	1	0:00:00.719775
700	7	7	7	1	0:00:00.705631
720	4	9	9	0	0:00:00.714798
740	2	5	5	0	0:00:00.709947
760	3	9	9	0	0:00:00.703623
780	9	-1	8	0	0:00:00.725152
800	7	7	7	1	0:00:00.716396
820	6	9	9	0	0:00:00.738452
840	7	7	7	1	0:00:00.722838
860	4	6	6	0	0:00:00.706320
880	8	8	8	1	0:00:00.716542
900	2	6	6	0	0:00:00.712132
920	6	2	2	0	0:00:00.714351
940	9	-1	6	0	0:00:00.710297
960	9	9	9	1	0:00:00.731744
980	2	6	6	0	0:00:00.718008
1000	5	5	5	1	0:00:00.610292
1020	1	-1	8	0	0:00:00.619640
1040	7	5	5	0	0:00:00.622184
1060	9	-1	8	0	0:00:00.623627
1080	6	6	6	1	0:00:00.624311
1100	7	8	8	0	0:00:00.625258
1120	5	2	8	0	0:00:00.622784
1140	6	-1	6	0	0:00:00.630423
1160	8	0	0	0	0:00:00.625821
1180	3	9	9	0	0:00:00.619902
1200	8	0	0	0	0:00:00.626286
1220	9	-1	2	0	0:00:00.631263
1240	2	6	6	0	0:00:00.628175
1260	1	9	9	0	0:00:00.616164
1280	3	7	7	0	0:00:00.626628
1300	4	6	6	0	0:00:00.631157
1320	7	-1	0	0	0:00:00.629813
1340	1	1	1	1	0:00:00.621593
1360	7	-1	5	0	0:00:00.623475
1380	4	5	5	0	0:00:00.629970
1400	5	4	2	0	0:00:00.624828
1420	4	7	7	0	0:00:00.622542
1440	0	8	8	0	0:00:00.619579
1460	6	6	6	1	0:00:00.683785
1480	1	5	5	0	0:00:00.635021
1500	1	9	9	0	0:00:00.617674
1520	7	6	6	0	0:00:00.615567
1540	8	8	8	1	0:00:00.620417
1560	7	7	7	1	0:00:00.612726
1580	6	-1	9	0	0:00:00.598678
1600	8	9	6	0	0:00:00.615028
1620	5	8	8	0	0:00:00.621654
1640	7	5	5	0	0:00:00.625293
1660	3	5	5	0	0:00:00.627043
1680	6	6	6	1	0:00:00.628653
1700	5	2	2	0	0:00:00.622858
1720	4	0	0	0	0:00:00.618124
1740	1	9	9	0	0:00:00.619926
1760	0	8	8	0	0:00:00.628673
1780	7	8	8	0	0:00:00.612710
1800	4	8	8	0	0:00:00.629548
1820	8	9	9	0	0:00:00.628034
1840	8	7	7	0	0:00:00.623622
1860	8	8	8	1	0:00:00.624728
1880	1	1	8	1	0:00:00.626985
1900	8	8	8	1	0:00:00.625487
1920	2	7	4	0	0:00:00.622827
1940	5	2	2	0	0:00:00.616707
1960	2	5	5	0	0:00:00.617143
1980	9	9	9	1	0:00:00.611674
2000	1	6	6	0	0:00:00.602241
2020	9	9	9	1	0:00:00.600188
2040	0	8	8	0	0:00:00.605098
2060	5	5	5	1	0:00:00.605115
2080	1	-1	4	0	0:00:00.595914
2100	2	4	4	0	0:00:00.596213
2120	4	8	8	0	0:00:00.602748
2140	9	-1	1	0	0:00:00.616019
2160	0	8	8	0	0:00:00.602774
2180	4	6	6	0	0:00:00.598315
2200	0	0	0	1	0:00:00.602719
2220	1	1	1	1	0:00:00.602547
2240	9	9	9	1	0:00:00.602176
2260	4	-1	4	0	0:00:00.606573
2280	4	8	8	0	0:00:00.606873
2300	3	6	6	0	0:00:00.601196
2320	5	8	8	0	0:00:00.602785
2340	7	7	7	1	0:00:00.610629
2360	7	7	7	1	0:00:00.603065
2380	8	8	8	1	0:00:00.608006
2400	0	0	0	1	0:00:00.605925
2420	8	-1	5	0	0:00:00.604749
2440	7	1	1	0	0:00:00.597088
2460	9	-1	6	0	0:00:00.605178
2480	8	8	8	1	0:00:00.603297
2500	4	6	4	0	0:00:00.607218
2520	1	8	8	0	0:00:00.600208
2540	2	3	3	0	0:00:00.603679
2560	7	4	4	0	0:00:00.608078
2580	6	4	4	0	0:00:00.605713
2600	8	8	8	1	0:00:00.597158
2620	1	-1	6	0	0:00:00.602270
2640	7	7	7	1	0:00:00.604431
2660	3	-1	0	0	0:00:00.602214
2680	0	0	0	1	0:00:00.607063
2700	9	9	0	1	0:00:00.604555
2720	3	8	8	0	0:00:00.607300
2740	1	1	1	1	0:00:00.603915
2760	2	6	6	0	0:00:00.604836
2780	7	7	7	1	0:00:00.602641
2800	4	6	6	0	0:00:00.603129
2820	6	6	6	1	0:00:00.608286
2840	3	3	3	1	0:00:00.601271
2860	5	7	7	0	0:00:00.598805
2880	4	4	4	1	0:00:00.597870
2900	3	5	5	0	0:00:00.604846
2920	2	-1	8	0	0:00:00.608250
2940	3	8	8	0	0:00:00.601280
2960	9	7	7	0	0:00:00.604619
2980	8	1	1	0	0:00:00.602201
3000	5	5	5	1	0:00:00.608330
3020	1	1	1	1	0:00:00.602869
3040	7	7	7	1	0:00:00.607142
3060	7	7	7	1	0:00:00.600901
3080	1	2	2	0	0:00:00.610145
3100	0	0	0	1	0:00:00.600457
3120	4	6	6	0	0:00:00.594473
3140	8	8	8	1	0:00:00.599002
3160	6	4	4	0	0:00:00.606279
3180	3	9	8	0	0:00:00.607416
3200	5	7	7	0	0:00:00.604525
3220	3	9	9	0	0:00:00.607863
3240	4	-1	8	0	0:00:00.610768
3260	7	0	0	0	0:00:00.604197
3280	3	0	0	0	0:00:00.707100
3300	4	-1	4	0	0:00:00.614490
3320	2	7	7	0	0:00:00.619255
3340	6	4	4	0	0:00:00.608367
3360	4	6	6	0	0:00:00.614582
3380	8	9	8	0	0:00:00.598526
3400	6	4	4	0	0:00:00.602215
3420	5	6	6	0	0:00:00.606732
3440	2	9	9	0	0:00:00.606012
3460	1	1	1	1	0:00:00.608461
3480	2	2	2	1	0:00:00.606769
3500	1	1	4	1	0:00:00.607571
3520	1	1	1	1	0:00:00.598291
3540	6	-1	8	0	0:00:00.607153
3560	1	9	9	0	0:00:00.598499
3580	4	1	1	0	0:00:00.600878
3600	4	2	2	0	0:00:00.605009
3620	0	-1	6	0	0:00:00.601414
3640	6	2	2	0	0:00:00.600106
3660	0	8	8	0	0:00:00.602574
3680	0	-1	2	0	0:00:00.603488
3700	3	-1	4	0	0:00:00.600088
3720	2	2	2	1	0:00:00.600692
3740	0	0	0	1	0:00:00.597329
3760	7	7	7	1	0:00:00.600410
3780	4	-1	2	0	0:00:00.603082
3800	9	9	3	1	0:00:00.605568
3820	0	0	0	1	0:00:00.609559
3840	6	8	8	0	0:00:00.621828
3860	7	7	7	1	0:00:00.606217
3880	6	4	4	0	0:00:00.603079
3900	3	0	0	0	0:00:00.600674
3920	7	8	8	0	0:00:00.604491
3940	6	-1	6	0	0:00:00.600606
3960	2	5	5	0	0:00:00.599129
3980	9	7	7	0	0:00:00.593200
4000	8	7	7	0	0:00:00.601734
4020	8	9	8	0	0:00:00.606683
4040	0	0	0	1	0:00:00.600133
4060	6	0	0	0	0:00:00.602417
4080	1	8	8	0	0:00:00.596440
4100	7	7	7	1	0:00:00.593517
4120	4	0	0	0	0:00:00.605451
4140	5	2	2	0	0:00:00.599998
4160	5	2	2	0	0:00:00.601551
4180	0	-1	8	0	0:00:00.606483
4200	4	2	2	0	0:00:00.598704
4220	4	0	0	0	0:00:00.597097
4240	7	8	8	0	0:00:00.596075
4260	8	8	8	1	0:00:00.599617
4280	8	8	8	1	0:00:00.603217
4300	8	8	8	1	0:00:00.601840
4320	1	8	8	0	0:00:00.600952
4340	0	0	0	1	0:00:00.602733
4360	6	9	9	0	0:00:00.598125
4380	9	9	9	1	0:00:00.595455
4400	3	-1	8	0	0:00:00.604917
4420	5	8	8	0	0:00:00.605964
4440	2	6	6	0	0:00:00.603314
4460	9	8	8	0	0:00:00.599213
4480	9	6	6	0	0:00:00.597680
4500	3	7	7	0	0:00:00.596227
4520	3	6	6	0	0:00:00.606682
4540	9	9	9	1	0:00:00.601979
4560	1	1	6	1	0:00:00.604488
4580	6	6	6	1	0:00:00.595190
4600	4	7	7	0	0:00:00.597776
4620	7	3	3	0	0:00:00.602957
4640	2	5	5	0	0:00:00.604419
4660	7	2	2	0	0:00:00.601583
4680	9	1	1	0	0:00:00.599561
4700	6	1	1	0	0:00:00.598422
4720	8	0	0	0	0:00:00.602231
4740	5	6	6	0	0:00:00.603328
4760	3	2	2	0	0:00:00.599761
4780	0	-1	0	0	0:00:00.601324
4800	9	9	9	1	0:00:00.600990
4820	3	5	5	0	0:00:00.597924
4840	0	0	0	1	0:00:00.600845
4860	5	5	5	1	0:00:00.598992
4880	0	2	2	0	0:00:00.593101
4900	3	1	1	0	0:00:00.595398
4920	7	0	0	0	0:00:00.593163
4940	6	-1	2	0	0:00:00.591362
4960	4	6	6	0	0:00:00.594496
4980	1	9	9	0	0:00:00.592617
5000	7	7	7	1	0:00:00.592946
5020	8	-1	8	0	0:00:00.592606
5040	3	7	7	0	0:00:00.595213
5060	6	6	6	1	0:00:00.589877
5080	7	7	7	1	0:00:00.592859
5100	3	4	4	0	0:00:00.589660
5120	9	8	8	0	0:00:00.591764
5140	8	8	8	1	0:00:00.592335
5160	0	8	8	0	0:00:00.595169
5180	9	6	6	0	0:00:00.594836
5200	3	3	3	1	0:00:00.599961
5220	0	0	0	1	0:00:00.601573
5240	1	9	2	0	0:00:00.605822
5260	0	0	0	1	0:00:00.602509
5280	0	8	8	0	0:00:00.598302
5300	9	1	1	0	0:00:00.596029
5320	7	7	7	1	0:00:00.598748
5340	3	4	4	0	0:00:00.598278
5360	9	9	9	1	0:00:00.685709
5380	1	9	9	0	0:00:00.595765
5400	9	0	8	0	0:00:00.597609
5420	6	-1	6	0	0:00:00.588702
5440	9	9	9	1	0:00:00.592077
5460	0	7	7	0	0:00:00.594639
5480	1	-1	8	0	0:00:00.599174
5500	8	1	1	0	0:00:00.596044
5520	4	5	5	0	0:00:00.595921
5540	5	6	2	0	0:00:00.601104
5560	3	6	6	0	0:00:00.602991
5580	5	6	6	0	0:00:00.601393
5600	6	-1	8	0	0:00:00.602034
5620	3	2	2	0	0:00:00.597247
5640	2	3	3	0	0:00:00.596567
5660	9	9	9	1	0:00:00.595676
5680	2	8	8	0	0:00:00.598031
5700	3	-1	6	0	0:00:00.595681
5720	9	9	9	1	0:00:00.597383
5740	6	6	6	1	0:00:00.597478
5760	2	2	2	1	0:00:00.597688
5780	7	7	7	1	0:00:00.597806
5800	2	6	6	0	0:00:00.598464
5820	5	6	6	0	0:00:00.601183
5840	2	6	6	0	0:00:00.600353
5860	0	8	8	0	0:00:00.598295
5880	0	-1	0	0	0:00:00.601996
5900	4	5	4	0	0:00:00.605111
5920	8	8	8	1	0:00:00.602147
5940	7	4	4	0	0:00:00.602671
5960	2	7	7	0	0:00:00.602231
5980	9	9	9	1	0:00:00.608129
6000	8	9	9	0	0:00:00.602973
6020	6	-1	7	0	0:00:00.602224
6040	2	7	7	0	0:00:00.603415
6060	3	4	4	0	0:00:00.596945
6080	1	-1	6	0	0:00:00.592211
6100	1	1	8	1	0:00:00.591841
6120	5	5	5	1	0:00:00.597798
6140	9	9	9	1	0:00:00.593421
6160	2	5	5	0	0:00:00.599745
6180	0	-1	8	0	0:00:00.597677
6200	3	-1	0	0	0:00:00.595858
6220	2	6	6	0	0:00:00.599433
6240	2	1	6	0	0:00:00.603297
6260	2	9	9	0	0:00:00.598921
6280	8	5	5	0	0:00:00.600814
6300	1	7	6	0	0:00:00.595383
6320	0	0	0	1	0:00:00.595994
6340	3	8	8	0	0:00:00.589441
6360	2	-1	2	0	0:00:00.589674
6380	3	1	6	0	0:00:00.589438
6400	0	1	1	0	0:00:00.592702
6420	7	-1	8	0	0:00:00.594200
6440	3	8	8	0	0:00:00.595325
6460	3	1	1	0	0:00:00.591489
6480	0	-1	0	0	0:00:00.592338
6500	7	0	0	0	0:00:00.594070
6520	6	4	4	0	0:00:00.595829
6540	8	8	8	1	0:00:00.595276
6560	6	6	6	1	0:00:00.595532
6580	1	-1	2	0	0:00:00.604138
6600	7	7	7	1	0:00:00.598333
6620	7	7	7	1	0:00:00.600890
6640	5	8	8	0	0:00:00.601116
6660	0	8	8	0	0:00:00.603305
6680	3	5	5	0	0:00:00.601057
6700	6	6	6	1	0:00:00.601353
6720	2	2	2	1	0:00:00.599906
6740	2	6	6	0	0:00:00.601569
6760	5	2	2	0	0:00:00.598472
6780	7	7	7	1	0:00:00.597269
6800	6	6	6	1	0:00:00.599322
6820	1	1	1	1	0:00:00.594625
6840	9	-1	1	0	0:00:00.598306
6860	0	0	0	1	0:00:00.597403
6880	2	-1	4	0	0:00:00.602578
6900	3	7	7	0	0:00:00.595351
6920	5	2	2	0	0:00:00.602842
6940	1	1	1	1	0:00:00.593863
6960	9	8	8	0	0:00:00.595864
6980	0	9	9	0	0:00:00.596158
7000	2	8	8	0	0:00:00.595999
7020	7	1	1	0	0:00:00.598021
7040	7	8	8	0	0:00:00.596969
7060	8	8	8	1	0:00:00.594765
7080	5	4	0	0	0:00:00.595815
7100	9	3	3	0	0:00:00.594905
7120	7	-1	6	0	0:00:00.596642
7140	4	4	4	1	0:00:00.595994
7160	5	4	4	0	0:00:00.599721
7180	6	6	6	1	0:00:00.601764
7200	4	6	4	0	0:00:00.602931
7220	9	8	8	0	0:00:00.601463
7240	0	8	8	0	0:00:00.593989
7260	1	8	8	0	0:00:00.597753
7280	1	6	6	0	0:00:00.592952
7300	3	7	7	0	0:00:00.598479
7320	8	0	0	0	0:00:00.599693
7340	2	4	4	0	0:00:00.602360
7360	2	7	7	0	0:00:00.595129
7380	7	-1	7	0	0:00:00.598461
7400	3	9	9	0	0:00:00.598003
7420	3	0	0	0	0:00:00.594354
7440	3	6	6	0	0:00:00.596981
7460	5	5	5	1	0:00:00.595917
7480	1	5	5	0	0:00:00.595823
7500	6	6	6	1	0:00:00.596901
7520	4	6	6	0	0:00:00.599165
7540	5	5	5	1	0:00:00.599834
7560	0	-1	2	0	0:00:00.597869
7580	8	8	8	1	0:00:00.595828
7600	8	9	9	0	0:00:00.601166
7620	5	-1	1	0	0:00:00.594199
7640	9	9	8	1	0:00:00.588360
7660	7	9	9	0	0:00:00.592314
7680	3	9	9	0	0:00:00.588867
7700	6	6	6	1	0:00:00.588537
7720	5	-1	6	0	0:00:00.589981
7740	4	6	2	0	0:00:00.586645
7760	2	9	9	0	0:00:00.590459
7780	3	8	8	0	0:00:00.588834
7800	0	0	0	1	0:00:00.587879
7820	5	8	8	0	0:00:00.586524
7840	1	1	1	1	0:00:00.589315
7860	8	4	4	0	0:00:00.591495
7880	0	8	8	0	0:00:00.591704
7900	0	8	8	0	0:00:00.592212
7920	9	8	8	0	0:00:00.593954
7940	2	6	6	0	0:00:00.594974
7960	0	0	0	1	0:00:00.599988
7980	3	7	4	0	0:00:00.598814
8000	9	9	9	1	0:00:00.596309
8020	6	6	6	1	0:00:00.593053
8040	2	6	6	0	0:00:00.592590
8060	6	-1	4	0	0:00:00.601504
8080	4	6	6	0	0:00:00.602831
8100	6	2	2	0	0:00:00.597224
8120	8	9	9	0	0:00:00.599854
8140	5	6	6	0	0:00:00.599481
8160	6	9	9	0	0:00:00.598086
8180	4	6	6	0	0:00:00.600293
8200	3	-1	6	0	0:00:00.597671
8220	6	-1	2	0	0:00:00.596068
8240	7	7	7	1	0:00:00.598842
8260	1	1	1	1	0:00:00.597931
8280	4	1	1	0	0:00:00.597081
8300	5	2	2	0	0:00:00.606788
8320	7	4	4	0	0:00:00.599957
8340	5	4	4	0	0:00:00.599752
8360	7	-1	4	0	0:00:00.603406
8380	9	8	8	0	0:00:00.602850
8400	0	8	8	0	0:00:00.605694
8420	3	6	4	0	0:00:00.602940
8440	5	9	9	0	0:00:00.604277
8460	8	8	8	1	0:00:00.601092
8480	2	1	1	0	0:00:00.599456
8500	4	2	2	0	0:00:00.597166
8520	8	6	6	0	0:00:00.596510
8540	4	6	4	0	0:00:00.592814
8560	7	7	7	1	0:00:00.594775
8580	3	0	0	0	0:00:00.589004
8600	3	7	7	0	0:00:00.590336
8620	3	-1	4	0	0:00:00.591990
8640	1	1	1	1	0:00:00.601782
8660	7	5	5	0	0:00:00.596660
8680	3	9	9	0	0:00:00.596758
8700	3	-1	5	0	0:00:00.597630
8720	2	0	0	0	0:00:00.598939
8740	2	6	6	0	0:00:00.601579
8760	8	8	8	1	0:00:00.596296
8780	4	4	4	1	0:00:00.593443
8800	0	0	0	1	0:00:00.594457
8820	2	2	2	1	0:00:00.594459
8840	2	1	1	0	0:00:00.598430
8860	2	0	0	0	0:00:00.598256
8880	1	6	6	0	0:00:00.599458
8900	2	1	4	0	0:00:00.598403
8920	6	6	6	1	0:00:00.602158
8940	6	3	3	0	0:00:00.601336
8960	0	0	0	1	0:00:00.601046
8980	9	9	9	1	0:00:00.603591
9000	8	8	8	1	0:00:00.600747
9020	7	9	9	0	0:00:00.601354
9040	2	5	5	0	0:00:00.596437
9060	9	5	5	0	0:00:00.590460
9080	3	0	0	0	0:00:00.595921
9100	9	6	6	0	0:00:00.593484
9120	3	0	0	0	0:00:00.591424
9140	7	8	8	0	0:00:00.595562
9160	5	5	5	1	0:00:00.603755
9180	5	5	5	1	0:00:00.602996
9200	8	8	8	1	0:00:00.602341
9220	8	8	8	1	0:00:00.602889
9240	8	8	8	1	0:00:00.600428
9260	5	5	5	1	0:00:00.601004
9280	9	0	8	0	0:00:00.601079
9300	5	-1	6	0	0:00:00.599888
9320	9	-1	8	0	0:00:00.605026
9340	1	1	1	1	0:00:00.599836
9360	5	-1	0	0	0:00:00.601526
9380	5	5	5	1	0:00:00.599589
9400	6	6	2	1	0:00:00.599168
9420	5	6	6	0	0:00:00.593008
9440	8	8	8	1	0:00:00.596853
9460	3	-1	7	0	0:00:00.595252
9480	2	-1	6	0	0:00:00.594113
9500	9	-1	6	0	0:00:00.590458
9520	1	9	9	0	0:00:00.593954
9540	5	-1	4	0	0:00:00.599482
9560	9	7	7	0	0:00:00.602570
9580	1	4	4	0	0:00:00.603125
9600	8	8	8	1	0:00:00.601966
9620	4	7	7	0	0:00:00.595338
9640	5	-1	6	0	0:00:00.596154
9660	6	6	6	1	0:00:00.597186
9680	8	9	9	0	0:00:00.600995
9700	0	0	0	1	0:00:00.597988
9720	8	6	6	0	0:00:00.600284
9740	3	6	6	0	0:00:00.601907
9760	9	9	9	1	0:00:00.602900
9780	4	6	6	0	0:00:00.596851
9800	1	1	1	1	0:00:00.592149
9820	0	9	8	0	0:00:00.593085
9840	4	3	3	0	0:00:00.596262
9860	0	2	2	0	0:00:00.595073
9880	7	-1	4	0	0:00:00.596372
9900	8	0	0	0	0:00:00.600411
9920	6	6	6	1	0:00:00.599776
9940	4	7	7	0	0:00:00.602031
9960	2	0	0	0	0:00:00.603385
9980	0	0	0	1	0:00:00.600734
