idx	label	predict	basePredict	correct	time
0	3	3	3	1	0:00:01.210500
20	7	7	7	1	0:00:01.092328
40	4	-1	4	0	0:00:01.092553
60	7	7	7	1	0:00:01.114250
80	8	8	8	1	0:00:01.096953
100	4	-1	5	0	0:00:01.099923
120	8	-1	8	0	0:00:01.083716
140	6	-1	2	0	0:00:01.105040
160	2	-1	2	0	0:00:01.095742
180	0	0	0	1	0:00:01.103888
200	5	-1	5	0	0:00:01.092450
220	7	7	7	1	0:00:01.124041
240	1	1	1	1	0:00:01.127367
260	8	-1	3	0	0:00:01.077867
280	9	9	9	1	0:00:01.088687
300	6	6	6	1	0:00:01.101013
320	3	3	3	1	0:00:01.167588
340	2	4	4	0	0:00:01.080900
360	9	-1	5	0	0:00:01.101491
380	6	6	2	1	0:00:01.102837
400	9	9	9	1	0:00:01.117996
420	4	4	4	1	0:00:01.097615
440	1	-1	1	0	0:00:01.093350
460	5	5	5	1	0:00:01.100003
480	8	9	9	0	0:00:01.090649
500	4	6	2	0	0:00:01.114110
520	5	-1	7	0	0:00:01.096231
540	1	1	8	1	0:00:01.100581
560	0	0	0	1	0:00:01.124993
580	4	4	4	1	0:00:01.096975
600	8	8	8	1	0:00:01.117936
620	7	7	5	1	0:00:01.104560
640	5	3	3	0	0:00:01.110687
660	9	9	9	1	0:00:01.119852
680	9	-1	2	0	0:00:01.113863
700	7	7	3	1	0:00:01.105138
720	4	9	4	0	0:00:01.107026
740	2	-1	3	0	0:00:01.121565
760	3	-1	3	0	0:00:01.107389
780	9	-1	9	0	0:00:01.089762
800	7	7	7	1	0:00:01.104075
820	6	-1	8	0	0:00:01.096947
840	7	7	7	1	0:00:01.114975
860	4	4	4	1	0:00:01.091148
880	8	8	8	1	0:00:01.084138
900	2	-1	2	0	0:00:01.102387
920	6	6	3	1	0:00:01.094362
940	9	9	9	1	0:00:01.120411
960	9	9	9	1	0:00:01.147962
980	2	6	2	0	0:00:01.099695
1000	5	5	5	1	0:00:01.010174
1020	1	1	1	1	0:00:01.001101
1040	7	5	5	0	0:00:01.029751
1060	9	9	9	1	0:00:01.004982
1080	6	-1	6	0	0:00:01.016740
1100	7	-1	8	0	0:00:01.009935
1120	5	-1	2	0	0:00:00.999020
1140	6	-1	4	0	0:00:01.011228
1160	8	-1	0	0	0:00:01.010834
1180	3	3	3	1	0:00:01.013216
1200	8	-1	0	0	0:00:01.004494
1220	9	-1	6	0	0:00:01.001918
1240	2	6	6	0	0:00:01.001793
1260	1	9	9	0	0:00:01.011281
1280	3	-1	5	0	0:00:00.993660
1300	4	3	3	0	0:00:01.002820
1320	7	2	2	0	0:00:00.998605
1340	1	1	1	1	0:00:00.979232
1360	7	7	7	1	0:00:01.005162
1380	4	5	5	0	0:00:01.007617
1400	5	3	3	0	0:00:01.009590
1420	4	7	4	0	0:00:01.003416
1440	0	-1	8	0	0:00:01.011858
1460	6	6	2	1	0:00:01.010053
1480	1	-1	5	0	0:00:01.014242
1500	1	1	1	1	0:00:01.000086
1520	7	7	4	1	0:00:01.000055
1540	8	8	8	1	0:00:01.006556
1560	7	7	7	1	0:00:01.014210
1580	6	1	3	0	0:00:00.991540
1600	8	-1	6	0	0:00:01.009739
1620	5	-1	8	0	0:00:00.981164
1640	7	3	3	0	0:00:00.998666
1660	3	-1	3	0	0:00:01.003681
1680	6	6	6	1	0:00:00.986193
1700	5	-1	3	0	0:00:01.004388
1720	4	-1	2	0	0:00:01.004895
1740	1	1	1	1	0:00:00.991808
1760	0	-1	8	0	0:00:01.005757
1780	7	7	7	1	0:00:01.002640
1800	4	-1	8	0	0:00:00.992321
1820	8	-1	8	0	0:00:01.002402
1840	8	9	4	0	0:00:00.988152
1860	8	8	8	1	0:00:01.011539
1880	1	1	8	1	0:00:00.978568
1900	8	8	8	1	0:00:01.004487
1920	2	2	2	1	0:00:00.986387
1940	5	-1	2	0	0:00:00.995667
1960	2	5	5	0	0:00:01.004592
1980	9	9	9	1	0:00:01.009248
2000	1	-1	6	0	0:00:00.988884
2020	9	9	9	1	0:00:01.005911
2040	0	0	0	1	0:00:01.004906
2060	5	3	3	0	0:00:01.019078
2080	1	-1	9	0	0:00:00.999033
2100	2	2	2	1	0:00:00.995479
2120	4	8	8	0	0:00:00.996633
2140	9	9	9	1	0:00:00.993627
2160	0	-1	8	0	0:00:00.998915
2180	4	4	4	1	0:00:00.974328
2200	0	2	2	0	0:00:01.007925
2220	1	1	1	1	0:00:01.000651
2240	9	-1	1	0	0:00:00.969467
2260	4	4	4	1	0:00:00.974420
2280	4	-1	2	0	0:00:00.975848
2300	3	-1	2	0	0:00:00.992441
2320	5	2	2	0	0:00:00.986955
2340	7	7	7	1	0:00:00.991339
2360	7	-1	5	0	0:00:01.000660
2380	8	8	8	1	0:00:01.001463
2400	0	0	0	1	0:00:00.999675
2420	8	-1	5	0	0:00:00.986377
2440	7	7	7	1	0:00:00.996695
2460	9	7	7	0	0:00:00.988745
2480	8	8	8	1	0:00:00.988028
2500	4	-1	4	0	0:00:00.993195
2520	1	1	8	1	0:00:01.008862
2540	2	-1	5	0	0:00:00.999940
2560	7	7	4	1	0:00:00.997226
2580	6	5	6	0	0:00:00.991469
2600	8	8	8	1	0:00:00.984876
2620	1	1	8	1	0:00:00.983344
2640	7	7	4	1	0:00:01.007939
2660	3	-1	2	0	0:00:00.990323
2680	0	0	0	1	0:00:00.965987
2700	9	-1	1	0	0:00:00.991965
2720	3	3	3	1	0:00:00.988476
2740	1	1	1	1	0:00:01.000970
2760	2	2	2	1	0:00:01.010527
2780	7	7	7	1	0:00:00.998501
2800	4	-1	4	0	0:00:00.996603
2820	6	6	2	1	0:00:00.972775
2840	3	3	3	1	0:00:00.969451
2860	5	7	6	0	0:00:00.995281
2880	4	4	4	1	0:00:00.997838
2900	3	-1	5	0	0:00:00.979210
2920	2	3	3	0	0:00:01.007296
2940	3	0	0	0	0:00:00.988898
2960	9	9	9	1	0:00:00.987193
2980	8	-1	8	0	0:00:00.976066
3000	5	5	5	1	0:00:01.001447
3020	1	1	1	1	0:00:00.981526
3040	7	7	7	1	0:00:00.966775
3060	7	7	7	1	0:00:00.966989
3080	1	1	9	1	0:00:00.981095
3100	0	0	0	1	0:00:00.997645
3120	4	-1	2	0	0:00:00.994213
3140	8	8	8	1	0:00:00.977009
3160	6	-1	2	0	0:00:00.995251
3180	3	-1	3	0	0:00:00.994182
3200	5	7	7	0	0:00:00.996794
3220	3	9	3	0	0:00:00.976984
3240	4	1	8	0	0:00:00.990415
3260	7	7	7	1	0:00:00.965456
3280	3	5	5	0	0:00:00.980260
3300	4	-1	2	0	0:00:00.965814
3320	2	7	7	0	0:00:00.989162
3340	6	6	2	1	0:00:00.974440
3360	4	-1	4	0	0:00:01.007817
3380	8	8	8	1	0:00:00.988059
3400	6	4	4	0	0:00:00.980876
3420	5	-1	3	0	0:00:00.984289
3440	2	3	3	0	0:00:00.995250
3460	1	-1	1	0	0:00:00.987803
3480	2	2	2	1	0:00:00.992467
3500	1	-1	9	0	0:00:00.984534
3520	1	1	1	1	0:00:00.994691
3540	6	6	6	1	0:00:00.994623
3560	1	9	7	0	0:00:00.987024
3580	4	-1	4	0	0:00:00.985057
3600	4	2	2	0	0:00:00.977596
3620	0	6	6	0	0:00:00.978585
3640	6	2	2	0	0:00:00.981400
3660	0	0	8	1	0:00:00.990807
3680	0	-1	2	0	0:00:00.980633
3700	3	3	3	1	0:00:00.986668
3720	2	2	2	1	0:00:01.012228
3740	0	0	0	1	0:00:00.997583
3760	7	7	4	1	0:00:00.990237
3780	4	4	2	1	0:00:00.981615
3800	9	9	9	1	0:00:00.975057
3820	0	2	2	0	0:00:00.988637
3840	6	3	3	0	0:00:00.997073
3860	7	7	7	1	0:00:00.990311
3880	6	4	4	0	0:00:01.003065
3900	3	6	6	0	0:00:00.970508
3920	7	9	7	0	0:00:00.970548
3940	6	-1	4	0	0:00:00.977490
3960	2	2	2	1	0:00:00.973391
3980	9	-1	4	0	0:00:00.984921
4000	8	-1	0	0	0:00:00.990088
4020	8	8	8	1	0:00:00.974648
4040	0	0	0	1	0:00:00.993801
4060	6	-1	3	0	0:00:01.007094
4080	1	1	8	1	0:00:00.996666
4100	7	7	7	1	0:00:01.007212
4120	4	4	8	1	0:00:00.994605
4140	5	5	3	1	0:00:00.989294
4160	5	-1	2	0	0:00:00.986001
4180	0	-1	8	0	0:00:01.001619
4200	4	-1	2	0	0:00:00.986634
4220	4	0	0	0	0:00:00.994585
4240	7	0	0	0	0:00:00.985056
4260	8	8	8	1	0:00:00.985994
4280	8	-1	1	0	0:00:00.986398
4300	8	8	8	1	0:00:00.998544
4320	1	8	8	0	0:00:00.993977
4340	0	0	0	1	0:00:00.979571
4360	6	9	9	0	0:00:00.983463
4380	9	-1	8	0	0:00:00.981699
4400	3	-1	4	0	0:00:00.982380
4420	5	-1	7	0	0:00:00.982338
4440	2	2	2	1	0:00:01.004224
4460	9	9	8	1	0:00:00.981823
4480	9	9	3	1	0:00:00.998017
4500	3	5	5	0	0:00:00.983409
4520	3	6	6	0	0:00:01.002608
4540	9	9	9	1	0:00:00.991848
4560	1	1	1	1	0:00:00.985924
4580	6	-1	4	0	0:00:00.992194
4600	4	7	4	0	0:00:00.975830
4620	7	3	3	0	0:00:00.988030
4640	2	-1	2	0	0:00:00.980850
4660	7	-1	4	0	0:00:00.999983
4680	9	1	1	0	0:00:00.967540
4700	6	1	5	0	0:00:00.975538
4720	8	-1	8	0	0:00:01.005041
4740	5	3	3	0	0:00:01.002837
4760	3	2	2	0	0:00:00.985178
4780	0	0	8	1	0:00:00.986919
4800	9	9	9	1	0:00:00.984448
4820	3	3	3	1	0:00:00.977787
4840	0	0	0	1	0:00:00.978632
4860	5	5	5	1	0:00:00.995013
4880	0	8	8	0	0:00:00.994568
4900	3	6	6	0	0:00:00.987805
4920	7	7	7	1	0:00:00.992972
4940	6	-1	2	0	0:00:00.990686
4960	4	3	3	0	0:00:00.975581
4980	1	9	9	0	0:00:01.002189
5000	7	7	7	1	0:00:00.991211
5020	8	8	8	1	0:00:00.997315
5040	3	-1	2	0	0:00:01.000787
5060	6	-1	2	0	0:00:00.993122
5080	7	7	7	1	0:00:00.978406
5100	3	3	3	1	0:00:00.988036
5120	9	-1	8	0	0:00:00.999509
5140	8	8	8	1	0:00:00.990110
5160	0	0	0	1	0:00:00.985599
5180	9	7	4	0	0:00:00.982039
5200	3	3	3	1	0:00:00.998605
5220	0	0	0	1	0:00:00.984977
5240	1	9	8	0	0:00:00.982644
5260	0	0	0	1	0:00:00.984101
5280	0	-1	8	0	0:00:00.965500
5300	9	9	9	1	0:00:00.978070
5320	7	7	7	1	0:00:00.984107
5340	3	4	4	0	0:00:00.997321
5360	9	9	3	1	0:00:01.027308
5380	1	9	9	0	0:00:00.991971
5400	9	9	9	1	0:00:00.994684
5420	6	6	6	1	0:00:00.996728
5440	9	9	9	1	0:00:00.984484
5460	0	0	0	1	0:00:00.979729
5480	1	1	4	1	0:00:00.982149
5500	8	-1	8	0	0:00:00.990126
5520	4	-1	3	0	0:00:00.983326
5540	5	6	3	0	0:00:00.984871
5560	3	5	5	0	0:00:00.956810
5580	5	-1	3	0	0:00:00.993678
5600	6	-1	4	0	0:00:00.991985
5620	3	6	6	0	0:00:01.007166
5640	2	2	2	1	0:00:01.011824
5660	9	-1	8	0	0:00:01.004041
5680	2	3	3	0	0:00:01.014406
5700	3	5	3	0	0:00:01.008071
5720	9	9	9	1	0:00:00.990666
5740	6	6	6	1	0:00:00.989487
5760	2	-1	2	0	0:00:01.008756
5780	7	7	7	1	0:00:01.006359
5800	2	-1	4	0	0:00:00.990142
5820	5	-1	2	0	0:00:00.989955
5840	2	2	2	1	0:00:00.995163
5860	0	-1	8	0	0:00:01.038023
5880	0	0	0	1	0:00:01.004191
5900	4	-1	0	0	0:00:01.000437
5920	8	8	8	1	0:00:00.997344
5940	7	4	4	0	0:00:01.006182
5960	2	6	6	0	0:00:01.006431
5980	9	9	9	1	0:00:01.003271
6000	8	-1	8	0	0:00:00.997756
6020	6	6	6	1	0:00:01.012202
6040	2	-1	7	0	0:00:00.994312
6060	3	-1	2	0	0:00:00.992663
6080	1	1	9	1	0:00:00.997181
6100	1	1	1	1	0:00:00.991493
6120	5	5	5	1	0:00:01.005624
6140	9	9	9	1	0:00:01.009250
6160	2	-1	5	0	0:00:00.987575
6180	0	0	0	1	0:00:01.008607
6200	3	3	3	1	0:00:01.002978
6220	2	5	5	0	0:00:00.997142
6240	2	-1	2	0	0:00:01.010916
6260	2	-1	6	0	0:00:01.006617
6280	8	5	5	0	0:00:00.997179
6300	1	1	2	1	0:00:00.996075
6320	0	0	0	1	0:00:01.005440
6340	3	3	3	1	0:00:00.989133
6360	2	-1	2	0	0:00:00.999228
6380	3	-1	3	0	0:00:00.999764
6400	0	1	8	0	0:00:00.994202
6420	7	7	7	1	0:00:00.994428
6440	3	-1	4	0	0:00:01.005154
6460	3	-1	3	0	0:00:01.006287
6480	0	0	0	1	0:00:00.992812
6500	7	-1	6	0	0:00:01.009067
6520	6	-1	2	0	0:00:01.003281
6540	8	8	8	1	0:00:01.016262
6560	6	6	2	1	0:00:01.000249
6580	1	-1	4	0	0:00:00.982380
6600	7	7	7	1	0:00:01.003079
6620	7	7	7	1	0:00:01.000602
6640	5	3	3	0	0:00:00.983258
6660	0	0	0	1	0:00:00.989786
6680	3	-1	3	0	0:00:01.000019
6700	6	-1	0	0	0:00:00.999187
6720	2	-1	2	0	0:00:00.996470
6740	2	-1	6	0	0:00:01.007860
6760	5	5	5	1	0:00:00.992897
6780	7	7	7	1	0:00:00.993030
6800	6	-1	2	0	0:00:01.003830
6820	1	1	1	1	0:00:00.986428
6840	9	9	1	1	0:00:01.008996
6860	0	-1	2	0	0:00:01.002177
6880	2	-1	2	0	0:00:00.974993
6900	3	-1	5	0	0:00:00.991570
6920	5	-1	2	0	0:00:00.999811
6940	1	1	1	1	0:00:00.968568
6960	9	-1	8	0	0:00:00.997531
6980	0	-1	8	0	0:00:00.978955
7000	2	-1	8	0	0:00:00.988028
7020	7	7	7	1	0:00:00.990726
7040	7	-1	8	0	0:00:01.012371
7060	8	8	8	1	0:00:00.992545
7080	5	4	4	0	0:00:01.000796
7100	9	-1	3	0	0:00:01.013644
7120	7	5	5	0	0:00:00.984119
7140	4	-1	3	0	0:00:01.003780
7160	5	5	5	1	0:00:00.991050
7180	6	6	3	1	0:00:01.007647
7200	4	-1	2	0	0:00:00.990299
7220	9	9	8	1	0:00:01.003678
7240	0	-1	8	0	0:00:01.012714
7260	1	1	8	1	0:00:00.991471
7280	1	9	5	0	0:00:01.017870
7300	3	4	4	0	0:00:01.008076
7320	8	-1	8	0	0:00:00.994216
7340	2	4	4	0	0:00:01.005345
7360	2	4	4	0	0:00:00.996299
7380	7	7	7	1	0:00:01.001609
7400	3	3	3	1	0:00:00.997171
7420	3	4	2	0	0:00:01.003628
7440	3	3	3	1	0:00:00.992005
7460	5	5	5	1	0:00:01.002259
7480	1	8	8	0	0:00:00.995663
7500	6	6	6	1	0:00:00.990713
7520	4	4	2	1	0:00:00.998529
7540	5	5	5	1	0:00:00.996408
7560	0	0	0	1	0:00:00.998106
7580	8	8	8	1	0:00:01.002094
7600	8	9	2	0	0:00:01.005116
7620	5	3	3	0	0:00:00.992435
7640	9	-1	8	0	0:00:00.996199
7660	7	-1	4	0	0:00:01.010466
7680	3	9	3	0	0:00:00.991595
7700	6	6	6	1	0:00:00.995849
7720	5	-1	2	0	0:00:01.008821
7740	4	-1	2	0	0:00:01.003303
7760	2	9	2	0	0:00:00.995293
7780	3	-1	8	0	0:00:00.995709
7800	0	0	0	1	0:00:01.005170
7820	5	-1	5	0	0:00:00.994108
7840	1	1	1	1	0:00:00.994704
7860	8	8	8	1	0:00:00.991783
7880	0	-1	2	0	0:00:01.015967
7900	0	8	8	0	0:00:00.998489
7920	9	9	8	1	0:00:00.999641
7940	2	6	4	0	0:00:01.000169
7960	0	0	0	1	0:00:00.996143
7980	3	3	3	1	0:00:01.032947
8000	9	9	9	1	0:00:00.989361
8020	6	3	3	0	0:00:01.003220
8040	2	2	2	1	0:00:00.988136
8060	6	6	6	1	0:00:00.990495
8080	4	6	2	0	0:00:01.007483
8100	6	-1	4	0	0:00:00.994463
8120	8	9	9	0	0:00:01.030127
8140	5	4	4	0	0:00:01.011651
8160	6	6	6	1	0:00:00.992959
8180	4	-1	2	0	0:00:00.989164
8200	3	4	4	0	0:00:00.991084
8220	6	7	3	0	0:00:00.996691
8240	7	7	7	1	0:00:00.993860
8260	1	1	1	1	0:00:00.974277
8280	4	5	5	0	0:00:00.962104
8300	5	2	2	0	0:00:01.013531
8320	7	-1	4	0	0:00:01.037235
8340	5	3	3	0	0:00:01.005793
8360	7	7	7	1	0:00:00.983653
8380	9	9	9	1	0:00:00.979519
8400	0	-1	8	0	0:00:00.963985
8420	3	6	6	0	0:00:00.980494
8440	5	-1	3	0	0:00:00.989588
8460	8	8	8	1	0:00:00.994713
8480	2	2	4	1	0:00:00.990949
8500	4	4	4	1	0:00:00.993042
8520	8	-1	8	0	0:00:00.986139
8540	4	-1	2	0	0:00:00.990564
8560	7	7	7	1	0:00:00.982340
8580	3	2	2	0	0:00:00.981129
8600	3	-1	3	0	0:00:00.989983
8620	3	4	4	0	0:00:01.015121
8640	1	1	8	1	0:00:00.995951
8660	7	7	7	1	0:00:00.981079
8680	3	-1	8	0	0:00:00.993810
8700	3	-1	3	0	0:00:00.996831
8720	2	0	0	0	0:00:01.015993
8740	2	2	2	1	0:00:00.975166
8760	8	8	8	1	0:00:00.996253
8780	4	-1	4	0	0:00:00.995725
8800	0	0	0	1	0:00:00.994555
8820	2	2	2	1	0:00:00.977000
8840	2	-1	7	0	0:00:00.991772
8860	2	2	2	1	0:00:00.992859
8880	1	1	1	1	0:00:00.987788
8900	2	4	4	0	0:00:00.983942
8920	6	6	2	1	0:00:00.994919
8940	6	3	3	0	0:00:00.976487
8960	0	0	0	1	0:00:00.985772
8980	9	9	9	1	0:00:00.988419
9000	8	8	8	1	0:00:00.986895
9020	7	7	7	1	0:00:00.987368
9040	2	-1	5	0	0:00:00.984809
9060	9	9	3	1	0:00:00.994272
9080	3	-1	2	0	0:00:00.989799
9100	9	1	3	0	0:00:00.998096
9120	3	-1	3	0	0:00:00.993640
9140	7	-1	5	0	0:00:01.008440
9160	5	3	3	0	0:00:00.982830
9180	5	5	5	1	0:00:00.996731
9200	8	8	8	1	0:00:00.973843
9220	8	8	8	1	0:00:01.003677
9240	8	8	8	1	0:00:01.029729
9260	5	5	5	1	0:00:01.001300
9280	9	8	8	0	0:00:00.994190
9300	5	-1	2	0	0:00:00.997542
9320	9	9	9	1	0:00:00.995245
9340	1	1	1	1	0:00:00.989466
9360	5	0	5	0	0:00:00.990722
9380	5	3	3	0	0:00:00.981144
9400	6	6	2	1	0:00:00.979604
9420	5	5	5	1	0:00:00.993412
9440	8	8	8	1	0:00:00.992598
9460	3	7	7	0	0:00:00.986904
9480	2	-1	2	0	0:00:00.965945
9500	9	9	1	1	0:00:01.001222
9520	1	1	1	1	0:00:01.013691
9540	5	-1	3	0	0:00:00.986657
9560	9	7	5	0	0:00:00.991511
9580	1	1	8	1	0:00:00.983830
9600	8	-1	8	0	0:00:00.996134
9620	4	-1	4	0	0:00:00.989522
9640	5	0	2	0	0:00:00.984010
9660	6	6	6	1	0:00:00.984916
9680	8	8	8	1	0:00:01.005359
9700	0	0	0	1	0:00:01.001865
9720	8	1	8	0	0:00:00.992183
9740	3	6	2	0	0:00:00.993972
9760	9	-1	3	0	0:00:00.991143
9780	4	6	2	0	0:00:00.990308
9800	1	1	1	1	0:00:00.994128
9820	0	8	8	0	0:00:00.997482
9840	4	-1	5	0	0:00:00.990909
9860	0	5	8	0	0:00:00.993155
9880	7	-1	3	0	0:00:00.983708
9900	8	8	8	1	0:00:00.983638
9920	6	6	2	1	0:00:00.974233
9940	4	5	5	0	0:00:00.992308
9960	2	0	0	0	0:00:00.992785
9980	0	0	0	1	0:00:01.003838
