idx	label	predict	basePredict	correct	time
0	3	-1	3	0	0:00:00.807856
20	7	-1	9	0	0:00:00.732716
40	4	-1	8	0	0:00:00.822745
60	7	7	7	1	0:00:00.733789
80	8	8	8	1	0:00:00.727198
100	4	5	5	0	0:00:00.712732
120	8	0	8	0	0:00:00.719411
140	6	-1	2	0	0:00:00.851102
160	2	0	2	0	0:00:00.716063
180	0	0	0	1	0:00:00.708910
200	5	7	5	0	0:00:00.716414
220	7	7	7	1	0:00:00.722927
240	1	1	1	1	0:00:00.709079
260	8	-1	3	0	0:00:00.764816
280	9	9	9	1	0:00:05.731630
300	6	-1	4	0	0:00:00.708697
320	3	3	2	1	0:00:00.713878
340	2	4	4	0	0:00:00.703192
360	9	-1	5	0	0:00:00.710857
380	6	-1	4	0	0:00:00.702666
400	9	9	9	1	0:00:00.696917
420	4	4	4	1	0:00:00.717439
440	1	9	9	0	0:00:00.693944
460	5	5	2	1	0:00:00.699319
480	8	9	9	0	0:00:00.693008
500	4	6	2	0	0:00:00.696349
520	5	-1	7	0	0:00:00.700832
540	1	-1	8	0	0:00:00.710629
560	0	0	0	1	0:00:00.704881
580	4	-1	4	0	0:00:00.710697
600	8	8	8	1	0:00:00.710913
620	7	-1	2	0	0:00:00.704987
640	5	3	3	0	0:00:00.700165
660	9	9	9	1	0:00:00.713827
680	9	7	7	0	0:00:00.705479
700	7	7	3	1	0:00:00.731748
720	4	9	4	0	0:00:00.695467
740	2	-1	3	0	0:00:00.710620
760	3	-1	3	0	0:00:00.699940
780	9	1	9	0	0:00:00.702784
800	7	7	7	1	0:00:00.714563
820	6	-1	8	0	0:00:00.706345
840	7	7	7	1	0:00:00.709202
860	4	-1	2	0	0:00:00.851680
880	8	8	8	1	0:00:00.693286
900	2	-1	4	0	0:00:00.698605
920	6	-1	2	0	0:00:00.705642
940	9	9	9	1	0:00:00.737858
960	9	9	9	1	0:00:00.697719
980	2	6	2	0	0:00:00.702401
1000	5	5	5	1	0:00:00.622676
1020	1	1	1	1	0:00:00.612850
1040	7	5	5	0	0:00:00.616176
1060	9	9	9	1	0:00:00.614149
1080	6	-1	6	0	0:00:00.609908
1100	7	0	0	0	0:00:00.609748
1120	5	2	2	0	0:00:00.609765
1140	6	-1	4	0	0:00:00.605516
1160	8	0	0	0	0:00:00.615536
1180	3	3	3	1	0:00:00.602963
1200	8	-1	0	0	0:00:00.605545
1220	9	-1	6	0	0:00:00.612080
1240	2	6	6	0	0:00:00.614654
1260	1	9	9	0	0:00:00.611068
1280	3	7	5	0	0:00:00.614688
1300	4	3	3	0	0:00:00.610863
1320	7	2	2	0	0:00:00.615494
1340	1	1	1	1	0:00:00.609351
1360	7	7	2	1	0:00:00.606753
1380	4	5	5	0	0:00:00.606348
1400	5	3	3	0	0:00:00.607270
1420	4	7	7	0	0:00:00.608043
1440	0	8	8	0	0:00:00.603079
1460	6	6	2	1	0:00:00.605122
1480	1	-1	5	0	0:00:00.606287
1500	1	1	1	1	0:00:00.620437
1520	7	7	4	1	0:00:00.611706
1540	8	8	8	1	0:00:00.606522
1560	7	7	7	1	0:00:00.606785
1580	6	1	3	0	0:00:00.611570
1600	8	-1	6	0	0:00:00.613300
1620	5	-1	8	0	0:00:00.613475
1640	7	3	3	0	0:00:00.610433
1660	3	-1	5	0	0:00:00.611575
1680	6	6	3	1	0:00:00.607513
1700	5	-1	2	0	0:00:00.612961
1720	4	-1	2	0	0:00:00.611348
1740	1	9	9	0	0:00:00.609206
1760	0	-1	8	0	0:00:00.615147
1780	7	7	2	1	0:00:00.614976
1800	4	-1	8	0	0:00:00.608535
1820	8	-1	8	0	0:00:00.609486
1840	8	-1	4	0	0:00:00.614914
1860	8	8	3	1	0:00:00.611999
1880	1	1	8	1	0:00:00.611627
1900	8	8	8	1	0:00:00.611666
1920	2	2	2	1	0:00:00.608514
1940	5	2	2	0	0:00:00.606609
1960	2	5	5	0	0:00:00.610492
1980	9	9	9	1	0:00:00.606205
2000	1	6	6	0	0:00:00.608865
2020	9	9	9	1	0:00:00.606301
2040	0	0	0	1	0:00:00.608913
2060	5	3	3	0	0:00:00.605262
2080	1	9	9	0	0:00:00.603576
2100	2	-1	2	0	0:00:00.604117
2120	4	8	8	0	0:00:00.608780
2140	9	9	9	1	0:00:00.612954
2160	0	8	8	0	0:00:00.608251
2180	4	4	4	1	0:00:00.616441
2200	0	2	2	0	0:00:00.616154
2220	1	1	1	1	0:00:00.609826
2240	9	1	8	0	0:00:00.603977
2260	4	4	3	1	0:00:00.611728
2280	4	-1	8	0	0:00:00.612303
2300	3	-1	2	0	0:00:00.612497
2320	5	2	2	0	0:00:00.608547
2340	7	7	7	1	0:00:00.610475
2360	7	5	5	0	0:00:00.615846
2380	8	8	8	1	0:00:00.619756
2400	0	-1	0	0	0:00:00.606469
2420	8	5	5	0	0:00:00.611102
2440	7	-1	0	0	0:00:00.612040
2460	9	7	7	0	0:00:00.618219
2480	8	8	8	1	0:00:00.608703
2500	4	-1	2	0	0:00:00.608564
2520	1	-1	7	0	0:00:00.609756
2540	2	5	5	0	0:00:00.609220
2560	7	-1	4	0	0:00:00.607533
2580	6	5	5	0	0:00:00.610229
2600	8	8	8	1	0:00:00.609896
2620	1	-1	8	0	0:00:00.610253
2640	7	7	4	1	0:00:00.609128
2660	3	-1	2	0	0:00:00.607188
2680	0	0	0	1	0:00:00.603569
2700	9	-1	1	0	0:00:00.611857
2720	3	3	2	1	0:00:00.613121
2740	1	1	7	1	0:00:00.611483
2760	2	-1	2	0	0:00:00.602237
2780	7	7	7	1	0:00:00.608426
2800	4	-1	6	0	0:00:00.604320
2820	6	6	2	1	0:00:00.602305
2840	3	3	3	1	0:00:00.616044
2860	5	-1	6	0	0:00:00.612086
2880	4	4	4	1	0:00:00.605164
2900	3	5	5	0	0:00:00.611252
2920	2	3	3	0	0:00:00.609525
2940	3	0	0	0	0:00:00.609838
2960	9	9	9	1	0:00:00.615277
2980	8	1	8	0	0:00:00.610446
3000	5	5	5	1	0:00:00.607687
3020	1	1	8	1	0:00:00.606747
3040	7	7	7	1	0:00:00.605177
3060	7	7	5	1	0:00:00.607319
3080	1	-1	0	0	0:00:00.606457
3100	0	0	8	1	0:00:00.612625
3120	4	-1	2	0	0:00:00.609185
3140	8	-1	8	0	0:00:00.607365
3160	6	-1	2	0	0:00:00.607531
3180	3	9	3	0	0:00:00.607823
3200	5	7	7	0	0:00:00.618760
3220	3	9	6	0	0:00:00.609935
3240	4	1	8	0	0:00:00.613694
3260	7	7	7	1	0:00:00.607213
3280	3	5	5	0	0:00:00.609666
3300	4	-1	2	0	0:00:00.606416
3320	2	7	7	0	0:00:00.607176
3340	6	-1	2	0	0:00:00.605012
3360	4	6	6	0	0:00:00.612198
3380	8	8	8	1	0:00:00.613364
3400	6	4	4	0	0:00:00.612761
3420	5	3	3	0	0:00:00.607498
3440	2	3	3	0	0:00:00.607208
3460	1	-1	9	0	0:00:00.614212
3480	2	2	2	1	0:00:00.604096
3500	1	-1	9	0	0:00:00.607740
3520	1	1	1	1	0:00:00.610518
3540	6	6	3	1	0:00:00.615832
3560	1	9	7	0	0:00:00.608106
3580	4	2	2	0	0:00:00.607404
3600	4	2	2	0	0:00:00.612013
3620	0	6	6	0	0:00:00.606443
3640	6	2	2	0	0:00:00.606417
3660	0	-1	8	0	0:00:00.609713
3680	0	-1	2	0	0:00:00.609321
3700	3	-1	3	0	0:00:00.610878
3720	2	2	2	1	0:00:00.608258
3740	0	0	0	1	0:00:00.607322
3760	7	7	4	1	0:00:00.609498
3780	4	-1	2	0	0:00:00.604431
3800	9	-1	3	0	0:00:00.603061
3820	0	2	2	0	0:00:00.606731
3840	6	3	3	0	0:00:00.605254
3860	7	7	7	1	0:00:00.617370
3880	6	4	4	0	0:00:00.616846
3900	3	6	6	0	0:00:00.607418
3920	7	9	5	0	0:00:00.607739
3940	6	-1	4	0	0:00:00.609464
3960	2	2	2	1	0:00:00.608711
3980	9	7	7	0	0:00:00.612516
4000	8	-1	0	0	0:00:00.609273
4020	8	-1	8	0	0:00:00.603802
4040	0	0	0	1	0:00:00.610566
4060	6	-1	3	0	0:00:00.614979
4080	1	-1	8	0	0:00:00.608525
4100	7	7	7	1	0:00:00.606897
4120	4	-1	8	0	0:00:00.603369
4140	5	5	3	1	0:00:00.602515
4160	5	2	2	0	0:00:00.608740
4180	0	8	8	0	0:00:00.608838
4200	4	2	2	0	0:00:00.610409
4220	4	0	0	0	0:00:00.608781
4240	7	0	0	0	0:00:00.607388
4260	8	8	8	1	0:00:00.607163
4280	8	-1	1	0	0:00:00.607549
4300	8	8	8	1	0:00:00.605885
4320	1	8	8	0	0:00:00.613931
4340	0	0	0	1	0:00:00.611614
4360	6	9	9	0	0:00:00.610308
4380	9	-1	8	0	0:00:00.608833
4400	3	-1	4	0	0:00:00.609892
4420	5	-1	7	0	0:00:00.608521
4440	2	-1	2	0	0:00:00.606705
4460	9	-1	8	0	0:00:00.603112
4480	9	9	3	1	0:00:00.609039
4500	3	5	5	0	0:00:00.611728
4520	3	6	6	0	0:00:00.612197
4540	9	9	9	1	0:00:00.613806
4560	1	1	8	1	0:00:00.609613
4580	6	4	4	0	0:00:00.605829
4600	4	7	7	0	0:00:00.607244
4620	7	3	3	0	0:00:00.605468
4640	2	-1	2	0	0:00:00.607100
4660	7	4	4	0	0:00:00.611305
4680	9	1	1	0	0:00:00.603059
4700	6	1	5	0	0:00:00.601307
4720	8	0	0	0	0:00:00.614474
4740	5	3	3	0	0:00:00.613690
4760	3	2	2	0	0:00:00.609249
4780	0	0	8	1	0:00:00.611642
4800	9	9	9	1	0:00:00.612589
4820	3	3	3	1	0:00:00.609921
4840	0	0	0	1	0:00:00.607748
4860	5	-1	5	0	0:00:00.608694
4880	0	-1	2	0	0:00:00.613092
4900	3	6	6	0	0:00:00.612338
4920	7	7	7	1	0:00:00.611786
4940	6	4	2	0	0:00:00.607442
4960	4	3	3	0	0:00:00.607477
4980	1	9	9	0	0:00:00.605242
5000	7	7	7	1	0:00:00.612032
5020	8	8	8	1	0:00:00.610465
5040	3	1	2	0	0:00:00.608870
5060	6	-1	2	0	0:00:00.609231
5080	7	7	7	1	0:00:00.612291
5100	3	3	3	1	0:00:00.608816
5120	9	-1	8	0	0:00:00.609796
5140	8	-1	8	0	0:00:00.611484
5160	0	-1	8	0	0:00:00.604451
5180	9	7	4	0	0:00:00.613048
5200	3	3	3	1	0:00:00.611769
5220	0	0	0	1	0:00:00.614575
5240	1	9	9	0	0:00:00.607296
5260	0	0	0	1	0:00:00.609525
5280	0	9	8	0	0:00:00.611323
5300	9	-1	1	0	0:00:00.605270
5320	7	7	7	1	0:00:00.605030
5340	3	4	4	0	0:00:00.612604
5360	9	9	3	1	0:00:00.608055
5380	1	9	9	0	0:00:00.605530
5400	9	9	9	1	0:00:00.610093
5420	6	-1	6	0	0:00:00.607957
5440	9	9	9	1	0:00:00.609982
5460	0	0	0	1	0:00:00.606629
5480	1	-1	4	0	0:00:00.607564
5500	8	-1	8	0	0:00:00.607942
5520	4	3	3	0	0:00:00.606418
5540	5	6	4	0	0:00:00.612293
5560	3	5	5	0	0:00:00.618633
5580	5	-1	3	0	0:00:00.607458
5600	6	-1	4	0	0:00:00.606209
5620	3	6	6	0	0:00:00.601365
5640	2	-1	2	0	0:00:00.612873
5660	9	-1	8	0	0:00:00.605696
5680	2	3	3	0	0:00:00.609272
5700	3	5	5	0	0:00:00.607917
5720	9	9	9	1	0:00:00.610342
5740	6	4	6	0	0:00:00.607430
5760	2	-1	0	0	0:00:00.610510
5780	7	7	7	1	0:00:00.613320
5800	2	4	4	0	0:00:00.612430
5820	5	-1	3	0	0:00:00.611019
5840	2	-1	2	0	0:00:00.608411
5860	0	1	8	0	0:00:00.600429
5880	0	0	0	1	0:00:00.607606
5900	4	-1	0	0	0:00:00.618978
5920	8	8	8	1	0:00:00.601866
5940	7	4	4	0	0:00:00.608227
5960	2	6	6	0	0:00:00.613882
5980	9	9	2	1	0:00:00.607480
6000	8	-1	8	0	0:00:00.608991
6020	6	6	6	1	0:00:00.604141
6040	2	-1	7	0	0:00:00.610079
6060	3	4	2	0	0:00:00.609068
6080	1	-1	9	0	0:00:00.608356
6100	1	1	8	1	0:00:00.611248
6120	5	-1	5	0	0:00:00.616780
6140	9	9	9	1	0:00:00.611149
6160	2	5	5	0	0:00:00.605756
6180	0	-1	0	0	0:00:00.610929
6200	3	-1	3	0	0:00:00.612663
6220	2	5	5	0	0:00:00.610230
6240	2	1	2	0	0:00:00.620257
6260	2	-1	6	0	0:00:00.609652
6280	8	5	5	0	0:00:00.618219
6300	1	-1	2	0	0:00:00.616656
6320	0	-1	0	0	0:00:00.607157
6340	3	3	3	1	0:00:00.608131
6360	2	-1	2	0	0:00:00.610113
6380	3	-1	3	0	0:00:00.612898
6400	0	1	8	0	0:00:00.612293
6420	7	7	7	1	0:00:00.613264
6440	3	-1	4	0	0:00:00.608894
6460	3	-1	3	0	0:00:00.611452
6480	0	0	0	1	0:00:00.612015
6500	7	6	6	0	0:00:00.617215
6520	6	-1	4	0	0:00:00.619339
6540	8	8	8	1	0:00:00.617710
6560	6	-1	2	0	0:00:00.626197
6580	1	-1	4	0	0:00:00.626035
6600	7	7	7	1	0:00:00.615361
6620	7	7	7	1	0:00:00.615534
6640	5	3	3	0	0:00:00.624012
6660	0	0	0	1	0:00:00.621583
6680	3	5	3	0	0:00:00.621104
6700	6	0	0	0	0:00:00.622619
6720	2	-1	2	0	0:00:00.618830
6740	2	-1	4	0	0:00:00.619069
6760	5	5	5	1	0:00:00.621321
6780	7	7	7	1	0:00:00.623708
6800	6	-1	2	0	0:00:00.619447
6820	1	1	1	1	0:00:00.619674
6840	9	-1	1	0	0:00:00.619486
6860	0	2	2	0	0:00:00.624956
6880	2	-1	2	0	0:00:00.624018
6900	3	-1	7	0	0:00:00.622614
6920	5	-1	2	0	0:00:00.621361
6940	1	1	1	1	0:00:00.620627
6960	9	8	8	0	0:00:00.625212
6980	0	-1	8	0	0:00:00.623403
7000	2	-1	8	0	0:00:00.618784
7020	7	7	7	1	0:00:00.621928
7040	7	-1	8	0	0:00:00.620312
7060	8	-1	8	0	0:00:00.620186
7080	5	4	4	0	0:00:00.624669
7100	9	-1	3	0	0:00:00.630592
7120	7	5	5	0	0:00:00.627838
7140	4	-1	3	0	0:00:00.622166
7160	5	5	5	1	0:00:00.618113
7180	6	-1	3	0	0:00:00.623797
7200	4	6	2	0	0:00:00.619591
7220	9	9	8	1	0:00:00.616548
7240	0	8	8	0	0:00:00.622744
7260	1	-1	8	0	0:00:00.620190
7280	1	9	9	0	0:00:00.620672
7300	3	4	4	0	0:00:00.623052
7320	8	0	0	0	0:00:00.619712
7340	2	4	4	0	0:00:00.623058
7360	2	-1	4	0	0:00:00.621539
7380	7	7	7	1	0:00:00.622736
7400	3	-1	3	0	0:00:00.619491
7420	3	4	2	0	0:00:00.621626
7440	3	-1	3	0	0:00:00.616371
7460	5	5	5	1	0:00:00.617834
7480	1	8	8	0	0:00:00.618498
7500	6	6	6	1	0:00:00.619312
7520	4	-1	2	0	0:00:00.616239
7540	5	5	5	1	0:00:00.623415
7560	0	-1	0	0	0:00:00.620079
7580	8	8	8	1	0:00:00.622470
7600	8	9	2	0	0:00:00.617845
7620	5	3	3	0	0:00:00.622754
7640	9	8	8	0	0:00:00.618029
7660	7	-1	4	0	0:00:00.619816
7680	3	9	3	0	0:00:00.619988
7700	6	6	6	1	0:00:00.619894
7720	5	-1	2	0	0:00:00.627850
7740	4	-1	2	0	0:00:00.621397
7760	2	9	9	0	0:00:00.619182
7780	3	-1	8	0	0:00:00.618538
7800	0	0	0	1	0:00:00.619393
7820	5	-1	9	0	0:00:00.616861
7840	1	1	1	1	0:00:00.619959
7860	8	-1	2	0	0:00:00.619141
7880	0	4	2	0	0:00:00.621099
7900	0	8	8	0	0:00:00.693821
7920	9	-1	2	0	0:00:00.646641
7940	2	6	4	0	0:00:00.654608
7960	0	-1	8	0	0:00:00.657721
7980	3	-1	3	0	0:00:00.628249
8000	9	9	8	1	0:00:00.619075
8020	6	3	3	0	0:00:00.627146
8040	2	2	2	1	0:00:00.639604
8060	6	6	6	1	0:00:00.639476
8080	4	6	2	0	0:00:00.635796
8100	6	2	4	0	0:00:00.623205
8120	8	9	9	0	0:00:00.625892
8140	5	4	4	0	0:00:00.629144
8160	6	6	6	1	0:00:00.619816
8180	4	-1	2	0	0:00:00.616913
8200	3	4	4	0	0:00:00.623441
8220	6	7	7	0	0:00:00.626472
8240	7	7	7	1	0:00:00.623776
8260	1	1	1	1	0:00:00.616838
8280	4	5	5	0	0:00:00.616803
8300	5	2	2	0	0:00:00.617653
8320	7	-1	3	0	0:00:00.619726
8340	5	3	3	0	0:00:00.620397
8360	7	7	7	1	0:00:00.614452
8380	9	9	9	1	0:00:00.617805
8400	0	8	8	0	0:00:00.618528
8420	3	6	6	0	0:00:00.622133
8440	5	3	3	0	0:00:00.622088
8460	8	8	8	1	0:00:00.621636
8480	2	2	4	1	0:00:00.615361
8500	4	4	4	1	0:00:00.620741
8520	8	1	8	0	0:00:00.618622
8540	4	-1	2	0	0:00:00.616891
8560	7	7	7	1	0:00:00.624399
8580	3	2	2	0	0:00:00.619827
8600	3	-1	2	0	0:00:00.620414
8620	3	4	4	0	0:00:00.617337
8640	1	1	8	1	0:00:00.615958
8660	7	7	7	1	0:00:00.617044
8680	3	-1	8	0	0:00:00.620507
8700	3	-1	3	0	0:00:00.619862
8720	2	0	0	0	0:00:00.619328
8740	2	-1	5	0	0:00:00.618263
8760	8	8	8	1	0:00:00.622291
8780	4	-1	2	0	0:00:00.617078
8800	0	0	0	1	0:00:00.626194
8820	2	2	2	1	0:00:00.618008
8840	2	-1	7	0	0:00:00.622014
8860	2	2	6	1	0:00:00.615874
8880	1	1	1	1	0:00:00.616575
8900	2	4	4	0	0:00:00.632310
8920	6	6	2	1	0:00:00.617598
8940	6	3	3	0	0:00:00.622467
8960	0	0	2	1	0:00:00.618648
8980	9	9	9	1	0:00:00.625788
9000	8	8	8	1	0:00:00.625212
9020	7	-1	7	0	0:00:00.624531
9040	2	-1	5	0	0:00:00.618582
9060	9	9	3	1	0:00:00.615012
9080	3	-1	2	0	0:00:00.625032
9100	9	-1	3	0	0:00:00.615813
9120	3	0	3	0	0:00:00.617830
9140	7	-1	2	0	0:00:00.621735
9160	5	3	3	0	0:00:00.612349
9180	5	5	5	1	0:00:00.614625
9200	8	8	8	1	0:00:00.622303
9220	8	8	8	1	0:00:00.620851
9240	8	8	8	1	0:00:00.621223
9260	5	5	5	1	0:00:00.624506
9280	9	8	8	0	0:00:00.619325
9300	5	-1	2	0	0:00:00.617039
9320	9	9	9	1	0:00:00.620911
9340	1	1	1	1	0:00:00.621670
9360	5	0	5	0	0:00:00.618779
9380	5	3	3	0	0:00:00.621308
9400	6	6	4	1	0:00:00.619122
9420	5	5	5	1	0:00:00.610596
9440	8	8	8	1	0:00:00.610195
9460	3	7	7	0	0:00:00.610147
9480	2	6	2	0	0:00:00.616993
9500	9	-1	2	0	0:00:00.609100
9520	1	1	1	1	0:00:00.611156
9540	5	3	3	0	0:00:00.611869
9560	9	7	5	0	0:00:00.617144
9580	1	-1	4	0	0:00:00.611937
9600	8	-1	8	0	0:00:00.608274
9620	4	7	4	0	0:00:00.605909
9640	5	-1	2	0	0:00:00.615850
9660	6	6	6	1	0:00:00.610840
9680	8	8	8	1	0:00:00.611779
9700	0	0	0	1	0:00:00.612558
9720	8	1	8	0	0:00:00.612800
9740	3	6	2	0	0:00:00.606403
9760	9	3	3	0	0:00:00.607043
9780	4	6	2	0	0:00:00.606083
9800	1	1	1	1	0:00:00.607526
9820	0	8	8	0	0:00:00.610856
9840	4	-1	7	0	0:00:00.609449
9860	0	5	5	0	0:00:00.613509
9880	7	8	8	0	0:00:00.605870
9900	8	-1	8	0	0:00:00.619779
9920	6	6	2	1	0:00:00.615862
9940	4	5	5	0	0:00:00.607587
9960	2	0	0	0	0:00:00.607103
9980	0	0	0	1	0:00:00.613439
