idx	label	predict	basePredict	correct	time
0	3	6	6	0	0:00:03.573721
20	7	9	9	0	0:00:03.538972
40	4	1	8	0	0:00:03.505874
60	7	2	2	0	0:00:03.441211
80	8	8	8	1	0:00:03.499007
100	4	5	5	0	0:00:03.483823
120	8	8	8	1	0:00:03.492823
140	6	2	2	0	0:00:03.487787
160	2	0	0	0	0:00:03.503235
180	0	0	0	1	0:00:03.505273
200	5	3	3	0	0:00:03.506323
220	7	7	7	1	0:00:03.492589
240	1	1	1	1	0:00:03.516673
260	8	5	5	0	0:00:03.498425
280	9	9	9	1	0:00:03.486635
300	6	-1	4	0	0:00:03.532945
320	3	-1	4	0	0:00:03.482108
340	2	4	4	0	0:00:03.483765
360	9	6	6	0	0:00:03.514056
380	6	6	6	1	0:00:03.485492
400	9	9	9	1	0:00:03.499117
420	4	6	6	0	0:00:03.512151
440	1	1	1	1	0:00:03.476745
460	5	5	5	1	0:00:03.423538
480	8	9	9	0	0:00:03.456230
500	4	6	6	0	0:00:03.432538
520	5	5	5	1	0:00:03.412064
540	1	8	8	0	0:00:03.446181
560	0	0	8	1	0:00:03.441405
580	4	6	6	0	0:00:03.424232
600	8	8	8	1	0:00:03.466116
620	7	6	6	0	0:00:03.421953
640	5	6	6	0	0:00:03.439162
660	9	9	9	1	0:00:03.450007
680	9	9	9	1	0:00:03.473332
700	7	7	7	1	0:00:03.504854
720	4	9	9	0	0:00:03.490154
740	2	5	5	0	0:00:03.494715
760	3	9	9	0	0:00:03.520667
780	9	1	8	0	0:00:03.547313
800	7	7	7	1	0:00:03.521028
820	6	9	9	0	0:00:03.475413
840	7	7	7	1	0:00:03.522669
860	4	6	6	0	0:00:03.465027
880	8	8	8	1	0:00:03.494846
900	2	6	6	0	0:00:03.502300
920	6	2	2	0	0:00:03.472607
940	9	1	6	0	0:00:03.485788
960	9	9	9	1	0:00:03.483759
980	2	6	6	0	0:00:03.515581
1000	5	5	5	1	0:00:03.402592
1020	1	8	8	0	0:00:03.407057
1040	7	5	5	0	0:00:03.402289
1060	9	9	8	1	0:00:03.374224
1080	6	6	6	1	0:00:03.370905
1100	7	8	8	0	0:00:03.403838
1120	5	2	8	0	0:00:03.415715
1140	6	6	6	1	0:00:03.398326
1160	8	0	0	0	0:00:03.401831
1180	3	9	9	0	0:00:03.429677
1200	8	0	0	0	0:00:03.381252
1220	9	-1	2	0	0:00:03.440352
1240	2	6	6	0	0:00:03.399714
1260	1	9	9	0	0:00:03.425777
1280	3	7	7	0	0:00:03.426842
1300	4	6	6	0	0:00:03.436762
1320	7	0	0	0	0:00:03.403507
1340	1	1	1	1	0:00:03.408645
1360	7	9	5	0	0:00:03.386902
1380	4	5	5	0	0:00:03.377964
1400	5	4	4	0	0:00:03.447408
1420	4	7	7	0	0:00:03.405870
1440	0	8	8	0	0:00:03.365191
1460	6	6	6	1	0:00:03.398444
1480	1	-1	5	0	0:00:03.358604
1500	1	9	9	0	0:00:03.377510
1520	7	6	6	0	0:00:03.378079
1540	8	8	8	1	0:00:03.398973
1560	7	7	7	1	0:00:03.397635
1580	6	1	1	0	0:00:03.355415
1600	8	9	6	0	0:00:03.393099
1620	5	8	8	0	0:00:03.414374
1640	7	5	5	0	0:00:03.415295
1660	3	5	5	0	0:00:03.452790
1680	6	6	6	1	0:00:03.337222
1700	5	2	2	0	0:00:03.321825
1720	4	0	0	0	0:00:03.333959
1740	1	9	9	0	0:00:03.319914
1760	0	8	8	0	0:00:03.324359
1780	7	8	8	0	0:00:03.319787
1800	4	8	8	0	0:00:03.393210
1820	8	9	9	0	0:00:03.359022
1840	8	7	7	0	0:00:03.327778
1860	8	8	8	1	0:00:03.352948
1880	1	1	8	1	0:00:03.369088
1900	8	8	8	1	0:00:03.390892
1920	2	7	4	0	0:00:03.342535
1940	5	2	2	0	0:00:03.375731
1960	2	5	5	0	0:00:03.393821
1980	9	9	9	1	0:00:03.388128
2000	1	6	6	0	0:00:03.377108
2020	9	9	9	1	0:00:03.394997
2040	0	8	8	0	0:00:03.415910
2060	5	5	5	1	0:00:03.387921
2080	1	1	6	1	0:00:03.383528
2100	2	4	4	0	0:00:03.384220
2120	4	8	8	0	0:00:03.333709
2140	9	9	1	1	0:00:03.327653
2160	0	8	8	0	0:00:03.338620
2180	4	6	6	0	0:00:03.401995
2200	0	0	0	1	0:00:03.383655
2220	1	1	1	1	0:00:03.350743
2240	9	9	9	1	0:00:03.354403
2260	4	-1	4	0	0:00:03.391707
2280	4	8	8	0	0:00:03.398635
2300	3	6	6	0	0:00:03.358150
2320	5	8	8	0	0:00:03.348139
2340	7	7	7	1	0:00:03.344441
2360	7	7	7	1	0:00:03.364368
2380	8	8	8	1	0:00:03.387707
2400	0	0	0	1	0:00:03.378035
2420	8	5	5	0	0:00:03.353058
2440	7	1	1	0	0:00:03.384554
2460	9	6	6	0	0:00:03.402111
2480	8	8	8	1	0:00:03.408861
2500	4	6	4	0	0:00:03.374227
2520	1	8	8	0	0:00:03.386790
2540	2	3	3	0	0:00:03.396022
2560	7	4	4	0	0:00:03.372358
2580	6	4	4	0	0:00:03.381017
2600	8	8	8	1	0:00:03.432530
2620	1	6	6	0	0:00:03.378747
2640	7	7	7	1	0:00:03.403746
2660	3	0	0	0	0:00:03.369410
2680	0	0	0	1	0:00:03.375886
2700	9	9	9	1	0:00:03.407458
2720	3	8	8	0	0:00:03.372805
2740	1	1	1	1	0:00:03.366393
2760	2	6	6	0	0:00:03.363008
2780	7	7	7	1	0:00:03.365148
2800	4	6	6	0	0:00:03.368756
2820	6	6	6	1	0:00:03.395902
2840	3	3	3	1	0:00:03.378237
2860	5	7	7	0	0:00:03.367502
2880	4	4	4	1	0:00:03.388872
2900	3	5	5	0	0:00:03.383562
2920	2	8	8	0	0:00:03.406732
2940	3	-1	8	0	0:00:03.380207
2960	9	7	7	0	0:00:03.381267
2980	8	1	1	0	0:00:03.399186
3000	5	5	5	1	0:00:03.379851
3020	1	1	1	1	0:00:03.370149
3040	7	7	7	1	0:00:03.386264
3060	7	7	7	1	0:00:03.363847
3080	1	2	2	0	0:00:03.376870
3100	0	0	0	1	0:00:03.383225
3120	4	6	6	0	0:00:03.371185
3140	8	8	8	1	0:00:03.382526
3160	6	4	4	0	0:00:03.376401
3180	3	9	8	0	0:00:03.416965
3200	5	7	7	0	0:00:03.382251
3220	3	9	9	0	0:00:03.391986
3240	4	1	8	0	0:00:03.386490
3260	7	0	0	0	0:00:03.380862
3280	3	0	0	0	0:00:03.379079
3300	4	4	4	1	0:00:03.379628
3320	2	7	7	0	0:00:03.383583
3340	6	4	4	0	0:00:03.376947
3360	4	6	6	0	0:00:03.385997
3380	8	9	8	0	0:00:03.369654
3400	6	4	4	0	0:00:03.401204
3420	5	6	6	0	0:00:03.379458
3440	2	9	9	0	0:00:03.365844
3460	1	1	1	1	0:00:03.364375
3480	2	2	2	1	0:00:03.370237
3500	1	1	4	1	0:00:03.363137
3520	1	1	1	1	0:00:03.368016
3540	6	8	8	0	0:00:03.365977
3560	1	9	9	0	0:00:03.363842
3580	4	1	1	0	0:00:03.357787
3600	4	2	2	0	0:00:03.330570
3620	0	7	7	0	0:00:03.320471
3640	6	2	2	0	0:00:03.328619
3660	0	8	8	0	0:00:03.320138
3680	0	4	2	0	0:00:03.327818
3700	3	4	4	0	0:00:03.328100
3720	2	2	2	1	0:00:03.321829
3740	0	0	0	1	0:00:03.322474
3760	7	7	7	1	0:00:03.316756
3780	4	2	2	0	0:00:03.327541
3800	9	9	3	1	0:00:03.344179
3820	0	0	0	1	0:00:03.323104
3840	6	8	8	0	0:00:03.321568
3860	7	7	7	1	0:00:03.331265
3880	6	4	4	0	0:00:03.319703
3900	3	0	1	0	0:00:03.318658
3920	7	8	8	0	0:00:03.321478
3940	6	6	6	1	0:00:03.365019
3960	2	5	5	0	0:00:03.358693
3980	9	7	7	0	0:00:03.350414
4000	8	7	7	0	0:00:03.373972
4020	8	9	8	0	0:00:03.363922
4040	0	0	0	1	0:00:03.370090
4060	6	0	0	0	0:00:03.384130
4080	1	8	8	0	0:00:03.366984
4100	7	7	7	1	0:00:03.367041
4120	4	0	0	0	0:00:03.333845
4140	5	2	2	0	0:00:03.320473
4160	5	2	2	0	0:00:03.339579
4180	0	8	8	0	0:00:03.358637
4200	4	2	2	0	0:00:03.328236
4220	4	0	0	0	0:00:03.319078
4240	7	8	8	0	0:00:03.352350
4260	8	8	8	1	0:00:03.334140
4280	8	8	8	1	0:00:03.378615
4300	8	8	8	1	0:00:03.381461
4320	1	8	8	0	0:00:03.375046
4340	0	0	0	1	0:00:03.375099
4360	6	9	9	0	0:00:03.381200
4380	9	9	9	1	0:00:03.392103
4400	3	8	8	0	0:00:03.398317
4420	5	8	8	0	0:00:03.389588
4440	2	6	6	0	0:00:03.401994
4460	9	8	8	0	0:00:03.385952
4480	9	6	6	0	0:00:03.390978
4500	3	7	7	0	0:00:03.384828
4520	3	6	6	0	0:00:03.367789
4540	9	9	9	1	0:00:03.385014
4560	1	1	6	1	0:00:03.382552
4580	6	6	6	1	0:00:03.385621
4600	4	7	7	0	0:00:03.382736
4620	7	3	3	0	0:00:03.402278
4640	2	5	5	0	0:00:03.380465
4660	7	2	2	0	0:00:03.377551
4680	9	1	1	0	0:00:03.400909
4700	6	1	1	0	0:00:03.389370
4720	8	0	0	0	0:00:03.401140
4740	5	6	6	0	0:00:03.398937
4760	3	2	2	0	0:00:03.375275
4780	0	8	0	0	0:00:03.364922
4800	9	9	9	1	0:00:03.384896
4820	3	5	5	0	0:00:03.382785
4840	0	0	0	1	0:00:03.380539
4860	5	5	5	1	0:00:03.380029
4880	0	2	2	0	0:00:03.385870
4900	3	1	1	0	0:00:03.347113
4920	7	0	0	0	0:00:03.388710
4940	6	4	2	0	0:00:03.383206
4960	4	6	6	0	0:00:03.379713
4980	1	9	9	0	0:00:03.368354
5000	7	7	7	1	0:00:03.359756
5020	8	9	8	0	0:00:03.369880
5040	3	7	7	0	0:00:03.369145
5060	6	6	6	1	0:00:03.394738
5080	7	7	7	1	0:00:03.384727
5100	3	4	4	0	0:00:03.378581
5120	9	8	8	0	0:00:03.415176
5140	8	8	8	1	0:00:03.386585
5160	0	8	8	0	0:00:03.379479
5180	9	6	6	0	0:00:03.372677
5200	3	3	3	1	0:00:03.365002
5220	0	0	0	1	0:00:03.359970
5240	1	9	3	0	0:00:03.366939
5260	0	0	0	1	0:00:03.357781
5280	0	8	8	0	0:00:03.360884
5300	9	1	1	0	0:00:03.364525
5320	7	7	7	1	0:00:03.376492
5340	3	4	4	0	0:00:03.362366
5360	9	9	9	1	0:00:03.370173
5380	1	9	9	0	0:00:03.364506
5400	9	0	0	0	0:00:03.379910
5420	6	5	6	0	0:00:03.359697
5440	9	9	9	1	0:00:03.363752
5460	0	7	7	0	0:00:03.365808
5480	1	8	8	0	0:00:03.369091
5500	8	1	1	0	0:00:03.373708
5520	4	5	5	0	0:00:03.357504
5540	5	6	2	0	0:00:03.359385
5560	3	6	6	0	0:00:03.401843
5580	5	6	6	0	0:00:03.356405
5600	6	8	8	0	0:00:03.367420
5620	3	2	2	0	0:00:03.377444
5640	2	3	3	0	0:00:03.374715
5660	9	9	8	1	0:00:03.372615
5680	2	8	8	0	0:00:03.366909
5700	3	6	6	0	0:00:03.375587
5720	9	9	9	1	0:00:03.365385
5740	6	6	6	1	0:00:03.370099
5760	2	2	2	1	0:00:03.346791
5780	7	7	7	1	0:00:03.336591
5800	2	6	6	0	0:00:03.366076
5820	5	6	6	0	0:00:03.360809
5840	2	6	6	0	0:00:03.342539
5860	0	8	8	0	0:00:03.362221
5880	0	8	0	0	0:00:03.370193
5900	4	5	5	0	0:00:03.352753
5920	8	8	8	1	0:00:03.353325
5940	7	4	4	0	0:00:03.363306
5960	2	7	7	0	0:00:03.355089
5980	9	9	9	1	0:00:03.352232
6000	8	9	9	0	0:00:03.370320
6020	6	7	7	0	0:00:03.354078
6040	2	7	7	0	0:00:03.351396
6060	3	4	4	0	0:00:03.371388
6080	1	9	6	0	0:00:03.376637
6100	1	1	8	1	0:00:03.373486
6120	5	5	5	1	0:00:03.377714
6140	9	9	9	1	0:00:03.376835
6160	2	5	5	0	0:00:03.393541
6180	0	9	8	0	0:00:03.377927
6200	3	0	0	0	0:00:03.374453
6220	2	6	6	0	0:00:03.382516
6240	2	1	6	0	0:00:03.380450
6260	2	9	9	0	0:00:03.380028
6280	8	5	5	0	0:00:03.376488
6300	1	7	7	0	0:00:03.378290
6320	0	0	0	1	0:00:03.366469
6340	3	8	8	0	0:00:03.373442
6360	2	6	2	0	0:00:03.372383
6380	3	1	6	0	0:00:03.369447
6400	0	1	1	0	0:00:03.399570
6420	7	8	8	0	0:00:03.378590
6440	3	8	8	0	0:00:03.416379
6460	3	1	1	0	0:00:03.377685
6480	0	5	0	0	0:00:03.393877
6500	7	0	0	0	0:00:03.412072
6520	6	4	4	0	0:00:03.375350
6540	8	8	8	1	0:00:03.373469
6560	6	6	6	1	0:00:03.384046
6580	1	9	2	0	0:00:03.380688
6600	7	7	7	1	0:00:03.368911
6620	7	7	7	1	0:00:03.378109
6640	5	8	8	0	0:00:03.371973
6660	0	8	8	0	0:00:03.375586
6680	3	5	5	0	0:00:03.401383
6700	6	6	6	1	0:00:03.391692
6720	2	2	2	1	0:00:03.378330
6740	2	6	6	0	0:00:03.375748
6760	5	2	2	0	0:00:03.366164
6780	7	7	7	1	0:00:03.378827
6800	6	6	6	1	0:00:03.385161
6820	1	1	1	1	0:00:03.385324
6840	9	1	1	0	0:00:03.386133
6860	0	0	0	1	0:00:03.385380
6880	2	7	4	0	0:00:03.374076
6900	3	7	7	0	0:00:03.388478
6920	5	2	2	0	0:00:03.393768
6940	1	1	1	1	0:00:03.404324
6960	9	8	8	0	0:00:03.370146
6980	0	9	9	0	0:00:03.370939
7000	2	8	8	0	0:00:03.375852
7020	7	1	1	0	0:00:03.368374
7040	7	8	8	0	0:00:03.371755
7060	8	8	8	1	0:00:03.366118
7080	5	4	4	0	0:00:03.369840
7100	9	3	3	0	0:00:03.384309
7120	7	7	6	1	0:00:03.365920
7140	4	4	4	1	0:00:03.330786
7160	5	4	4	0	0:00:03.346289
7180	6	6	6	1	0:00:03.332266
7200	4	6	6	0	0:00:03.325681
7220	9	8	8	0	0:00:03.354117
7240	0	8	8	0	0:00:03.351427
7260	1	8	8	0	0:00:03.374470
7280	1	6	6	0	0:00:03.363626
7300	3	7	7	0	0:00:03.359951
7320	8	0	0	0	0:00:03.346354
7340	2	4	4	0	0:00:03.331077
7360	2	7	7	0	0:00:03.319444
7380	7	7	7	1	0:00:03.326693
7400	3	9	9	0	0:00:03.347373
7420	3	0	0	0	0:00:03.347075
7440	3	6	6	0	0:00:03.351171
7460	5	5	5	1	0:00:03.359496
7480	1	5	5	0	0:00:03.351022
7500	6	6	6	1	0:00:03.354800
7520	4	6	6	0	0:00:03.349122
7540	5	5	5	1	0:00:03.340721
7560	0	6	2	0	0:00:03.362987
7580	8	8	8	1	0:00:03.367519
7600	8	9	9	0	0:00:03.371243
7620	5	1	1	0	0:00:03.368618
7640	9	9	8	1	0:00:03.372256
7660	7	9	9	0	0:00:03.369092
7680	3	9	9	0	0:00:03.370314
7700	6	6	6	1	0:00:03.399134
7720	5	6	6	0	0:00:03.368163
7740	4	6	2	0	0:00:03.369282
7760	2	9	9	0	0:00:03.384563
7780	3	8	8	0	0:00:03.366975
7800	0	0	0	1	0:00:03.372412
7820	5	8	8	0	0:00:03.378539
7840	1	1	1	1	0:00:03.380903
7860	8	4	4	0	0:00:03.386985
7880	0	8	8	0	0:00:03.383557
7900	0	8	8	0	0:00:03.382002
7920	9	8	8	0	0:00:03.386008
7940	2	6	6	0	0:00:03.396943
7960	0	0	0	1	0:00:03.383402
7980	3	7	7	0	0:00:03.379764
8000	9	9	9	1	0:00:03.401252
8020	6	6	6	1	0:00:03.385445
8040	2	6	6	0	0:00:03.390628
8060	6	6	6	1	0:00:03.386892
8080	4	6	6	0	0:00:03.379280
8100	6	2	2	0	0:00:03.374102
8120	8	9	9	0	0:00:03.381708
8140	5	6	6	0	0:00:03.389472
8160	6	9	9	0	0:00:03.371426
8180	4	6	6	0	0:00:03.366927
8200	3	6	6	0	0:00:03.412364
8220	6	7	2	0	0:00:03.370085
8240	7	7	7	1	0:00:03.371550
8260	1	1	1	1	0:00:03.386916
8280	4	1	1	0	0:00:03.379410
8300	5	2	2	0	0:00:03.381314
8320	7	4	4	0	0:00:03.390101
8340	5	-1	4	0	0:00:03.380232
8360	7	4	4	0	0:00:03.388813
8380	9	8	8	0	0:00:03.359866
8400	0	8	8	0	0:00:03.386578
8420	3	6	4	0	0:00:03.379064
8440	5	9	9	0	0:00:03.374903
8460	8	8	8	1	0:00:03.375882
8480	2	1	1	0	0:00:03.366131
8500	4	2	2	0	0:00:03.387407
8520	8	6	6	0	0:00:03.385269
8540	4	6	4	0	0:00:03.383965
8560	7	7	7	1	0:00:03.389858
8580	3	0	0	0	0:00:03.380390
8600	3	7	7	0	0:00:03.392715
8620	3	1	4	0	0:00:03.387228
8640	1	1	1	1	0:00:03.400724
8660	7	5	5	0	0:00:03.381332
8680	3	9	9	0	0:00:03.381409
8700	3	5	5	0	0:00:03.412951
8720	2	0	0	0	0:00:03.380569
8740	2	6	6	0	0:00:03.359892
8760	8	8	8	1	0:00:03.380184
8780	4	4	4	1	0:00:03.366710
8800	0	0	0	1	0:00:03.375377
8820	2	2	2	1	0:00:03.369724
8840	2	1	1	0	0:00:03.369604
8860	2	0	2	0	0:00:03.368109
8880	1	6	6	0	0:00:03.385196
8900	2	1	6	0	0:00:03.367751
8920	6	6	6	1	0:00:03.384483
8940	6	3	3	0	0:00:03.374028
8960	0	0	0	1	0:00:03.326053
8980	9	9	9	1	0:00:03.338156
9000	8	8	8	1	0:00:03.334406
9020	7	9	9	0	0:00:03.355099
9040	2	5	5	0	0:00:03.357751
9060	9	5	5	0	0:00:03.346883
9080	3	0	0	0	0:00:03.350064
9100	9	6	6	0	0:00:03.340315
9120	3	0	0	0	0:00:03.328625
9140	7	8	8	0	0:00:03.338140
9160	5	5	5	1	0:00:03.336058
9180	5	5	5	1	0:00:03.325853
9200	8	8	8	1	0:00:03.317878
9220	8	8	8	1	0:00:03.323072
9240	8	8	8	1	0:00:03.328179
9260	5	5	5	1	0:00:03.317362
9280	9	0	8	0	0:00:03.322170
9300	5	5	2	1	0:00:03.317616
9320	9	9	8	1	0:00:03.332112
9340	1	1	1	1	0:00:03.360146
9360	5	6	0	0	0:00:03.368142
9380	5	5	5	1	0:00:03.363983
9400	6	6	4	1	0:00:03.323603
9420	5	6	6	0	0:00:03.319313
9440	8	8	8	1	0:00:03.320633
9460	3	9	7	0	0:00:03.343185
9480	2	6	6	0	0:00:03.320892
9500	9	1	6	0	0:00:03.319909
9520	1	9	9	0	0:00:03.371187
9540	5	5	4	1	0:00:03.363149
9560	9	7	7	0	0:00:03.363241
9580	1	4	4	0	0:00:03.368950
9600	8	8	8	1	0:00:03.368325
9620	4	7	7	0	0:00:03.382681
9640	5	6	6	0	0:00:03.378049
9660	6	6	6	1	0:00:03.391504
9680	8	9	9	0	0:00:03.372406
9700	0	0	0	1	0:00:03.383222
9720	8	6	6	0	0:00:03.409422
9740	3	6	6	0	0:00:03.390319
9760	9	9	9	1	0:00:03.380538
9780	4	6	6	0	0:00:03.392365
9800	1	1	1	1	0:00:03.374434
9820	0	9	8	0	0:00:03.377396
9840	4	3	3	0	0:00:03.379312
9860	0	2	2	0	0:00:03.381712
9880	7	7	4	1	0:00:03.375514
9900	8	0	0	0	0:00:03.403897
9920	6	6	6	1	0:00:03.380401
9940	4	7	7	0	0:00:03.375352
9960	2	0	0	0	0:00:03.395071
9980	0	0	0	1	0:00:03.386316
