idx	label	predict	basePredict	correct	time
0	3	3	3	1	0:00:15.789385
20	7	7	7	1	0:00:15.692034
40	4	4	4	1	0:00:15.757186
60	7	7	7	1	0:00:15.760448
80	8	8	8	1	0:00:15.702587
100	4	4	3	1	0:00:15.681200
120	8	8	8	1	0:00:15.723384
140	6	6	6	1	0:00:15.704257
160	2	2	2	1	0:00:15.666748
180	0	0	0	1	0:00:15.822228
200	5	5	5	1	0:00:15.724988
220	7	7	7	1	0:00:15.762839
240	1	1	1	1	0:00:15.740863
260	8	8	8	1	0:00:15.805866
280	9	9	9	1	0:00:15.756830
300	6	6	6	1	0:00:15.764795
320	3	3	3	1	0:00:15.677998
340	2	2	2	1	0:00:15.687757
360	9	9	9	1	0:00:15.727358
380	6	6	6	1	0:00:15.699908
400	9	9	9	1	0:00:15.761183
420	4	4	4	1	0:00:15.701163
440	1	1	1	1	0:00:15.713411
460	5	5	5	1	0:00:15.705482
480	8	8	8	1	0:00:15.771054
500	4	4	4	1	0:00:15.814449
520	5	5	5	1	0:00:15.708176
540	1	1	1	1	0:00:15.704310
560	0	0	0	1	0:00:15.754106
580	4	4	4	1	0:00:15.701989
600	8	8	8	1	0:00:15.760239
620	7	7	7	1	0:00:15.796304
640	5	3	3	0	0:00:15.702493
660	9	9	9	1	0:00:15.726782
680	9	3	3	0	0:00:15.722187
700	7	7	7	1	0:00:15.688662
720	4	4	4	1	0:00:15.797447
740	2	2	2	1	0:00:15.687289
760	3	3	3	1	0:00:15.713039
780	9	9	9	1	0:00:15.781604
800	7	7	7	1	0:00:15.756303
820	6	1	2	0	0:00:15.761538
840	7	7	7	1	0:00:15.773894
860	4	4	4	1	0:00:15.719297
880	8	8	8	1	0:00:15.770502
900	2	2	2	1	0:00:15.756916
920	6	6	6	1	0:00:15.746367
940	9	9	9	1	0:00:15.657161
960	9	9	9	1	0:00:15.675887
980	2	2	2	1	0:00:15.721098
1000	5	5	5	1	0:00:14.986928
1020	1	1	1	1	0:00:15.004324
1040	7	2	2	0	0:00:15.059244
1060	9	9	9	1	0:00:15.127057
1080	6	6	6	1	0:00:14.976463
1100	7	7	7	1	0:00:14.997495
1120	5	2	2	0	0:00:15.058781
1140	6	6	6	1	0:00:15.089131
1160	8	8	8	1	0:00:15.036708
1180	3	3	3	1	0:00:15.033473
1200	8	8	8	1	0:00:15.085716
1220	9	3	3	0	0:00:15.027712
1240	2	2	2	1	0:00:15.038721
1260	1	9	9	0	0:00:15.118443
1280	3	3	3	1	0:00:15.122063
1300	4	3	3	0	0:00:14.991533
1320	7	7	7	1	0:00:15.099741
1340	1	1	1	1	0:00:15.009701
1360	7	7	7	1	0:00:14.949102
1380	4	4	4	1	0:00:15.012395
1400	5	5	5	1	0:00:14.966481
1420	4	4	4	1	0:00:15.031258
1440	0	8	8	0	0:00:15.075272
1460	6	6	6	1	0:00:15.104876
1480	1	1	1	1	0:00:15.057211
1500	1	1	1	1	0:00:15.093004
1520	7	7	7	1	0:00:15.127060
1540	8	8	8	1	0:00:15.109353
1560	7	7	7	1	0:00:15.052042
1580	6	6	6	1	0:00:15.052370
1600	8	8	8	1	0:00:15.063312
1620	5	3	2	0	0:00:15.030348
1640	7	7	7	1	0:00:14.980092
1660	3	3	3	1	0:00:14.977811
1680	6	6	6	1	0:00:15.000001
1700	5	5	5	1	0:00:14.990274
1720	4	4	4	1	0:00:15.035808
1740	1	1	1	1	0:00:14.965650
1760	0	0	0	1	0:00:15.047857
1780	7	7	7	1	0:00:15.057835
1800	4	4	4	1	0:00:15.005615
1820	8	8	8	1	0:00:15.023630
1840	8	8	8	1	0:00:15.018676
1860	8	8	8	1	0:00:15.103810
1880	1	1	1	1	0:00:15.193074
1900	8	8	8	1	0:00:15.051736
1920	2	2	2	1	0:00:15.023589
1940	5	5	5	1	0:00:15.075357
1960	2	2	2	1	0:00:15.007227
1980	9	9	9	1	0:00:15.045061
2000	1	1	1	1	0:00:15.088451
2020	9	9	9	1	0:00:14.964854
2040	0	0	0	1	0:00:14.966918
2060	5	3	3	0	0:00:15.034972
2080	1	1	1	1	0:00:14.981609
2100	2	2	2	1	0:00:15.021118
2120	4	8	8	0	0:00:14.974475
2140	9	9	9	1	0:00:14.993137
2160	0	0	0	1	0:00:14.998865
2180	4	4	4	1	0:00:15.118696
2200	0	0	0	1	0:00:15.111456
2220	1	1	1	1	0:00:14.996009
2240	9	9	9	1	0:00:15.031765
2260	4	4	4	1	0:00:15.081167
2280	4	4	5	1	0:00:15.035728
2300	3	3	3	1	0:00:15.099342
2320	5	3	3	0	0:00:15.023270
2340	7	7	7	1	0:00:15.047845
2360	7	7	7	1	0:00:15.086660
2380	8	8	8	1	0:00:14.980860
2400	0	0	0	1	0:00:14.978884
2420	8	8	8	1	0:00:15.051817
2440	7	7	7	1	0:00:15.090728
2460	9	9	9	1	0:00:15.000551
2480	8	8	8	1	0:00:15.017605
2500	4	6	2	0	0:00:15.046402
2520	1	1	1	1	0:00:15.004625
2540	2	2	2	1	0:00:15.177274
2560	7	7	7	1	0:00:15.040662
2580	6	6	3	1	0:00:15.023481
2600	8	8	8	1	0:00:15.066808
2620	1	1	1	1	0:00:15.015293
2640	7	7	7	1	0:00:15.067993
2660	3	3	3	1	0:00:15.047659
2680	0	0	0	1	0:00:14.995595
2700	9	9	9	1	0:00:15.045043
2720	3	3	3	1	0:00:15.046411
2740	1	1	1	1	0:00:15.057167
2760	2	2	2	1	0:00:15.017171
2780	7	7	7	1	0:00:15.097603
2800	4	4	4	1	0:00:15.063984
2820	6	6	6	1	0:00:15.025224
2840	3	2	2	0	0:00:15.075245
2860	5	5	3	1	0:00:14.984446
2880	4	4	4	1	0:00:15.072925
2900	3	3	3	1	0:00:15.114462
2920	2	2	2	1	0:00:15.115277
2940	3	5	5	0	0:00:15.092493
2960	9	3	3	0	0:00:15.093229
2980	8	8	8	1	0:00:15.070554
3000	5	5	3	1	0:00:15.028346
3020	1	1	1	1	0:00:15.031410
3040	7	7	7	1	0:00:15.090307
3060	7	7	7	1	0:00:14.986213
3080	1	1	1	1	0:00:14.981774
3100	0	0	0	1	0:00:14.963030
3120	4	4	4	1	0:00:15.007080
3140	8	8	8	1	0:00:15.044504
3160	6	2	2	0	0:00:15.108053
3180	3	3	3	1	0:00:14.967507
3200	5	5	5	1	0:00:15.177306
3220	3	3	3	1	0:00:15.073564
3240	4	4	4	1	0:00:15.092146
3260	7	7	7	1	0:00:14.987668
3280	3	3	3	1	0:00:15.127413
3300	4	4	4	1	0:00:15.170346
3320	2	2	2	1	0:00:15.025476
3340	6	6	6	1	0:00:14.978754
3360	4	4	4	1	0:00:15.010982
3380	8	8	8	1	0:00:15.000148
3400	6	1	1	0	0:00:14.992732
3420	5	3	3	0	0:00:15.031417
3440	2	3	3	0	0:00:15.017878
3460	1	1	1	1	0:00:15.003831
3480	2	2	2	1	0:00:15.062749
3500	1	9	9	0	0:00:15.193352
3520	1	1	1	1	0:00:15.115122
3540	6	6	3	1	0:00:15.105944
3560	1	9	9	0	0:00:15.083523
3580	4	4	4	1	0:00:15.063618
3600	4	3	3	0	0:00:15.096122
3620	0	0	0	1	0:00:15.071424
3640	6	6	6	1	0:00:14.995292
3660	0	0	0	1	0:00:14.959248
3680	0	0	0	1	0:00:14.980794
3700	3	3	3	1	0:00:15.020645
3720	2	2	2	1	0:00:15.059792
3740	0	0	0	1	0:00:15.141074
3760	7	7	7	1	0:00:15.102572
3780	4	4	4	1	0:00:14.994556
3800	9	9	9	1	0:00:15.126997
3820	0	8	8	0	0:00:15.108044
3840	6	3	3	0	0:00:15.043299
3860	7	7	7	1	0:00:15.042220
3880	6	6	6	1	0:00:15.032837
3900	3	3	3	1	0:00:15.109882
3920	7	7	3	1	0:00:15.030258
3940	6	3	3	0	0:00:15.035713
3960	2	2	2	1	0:00:15.126008
3980	9	9	9	1	0:00:15.059072
4000	8	2	2	0	0:00:14.966226
4020	8	8	8	1	0:00:14.955516
4040	0	0	0	1	0:00:14.977934
4060	6	6	6	1	0:00:15.000440
4080	1	1	1	1	0:00:14.952332
4100	7	7	7	1	0:00:15.015287
4120	4	4	4	1	0:00:15.068834
4140	5	3	3	0	0:00:14.963594
4160	5	5	5	1	0:00:15.034173
4180	0	0	8	1	0:00:15.050896
4200	4	4	4	1	0:00:15.037467
4220	4	3	3	0	0:00:14.994720
4240	7	7	7	1	0:00:14.988623
4260	8	8	8	1	0:00:15.091758
4280	8	8	8	1	0:00:15.103647
4300	8	8	8	1	0:00:15.063917
4320	1	1	1	1	0:00:15.041174
4340	0	0	0	1	0:00:14.959299
4360	6	6	6	1	0:00:15.057376
4380	9	9	9	1	0:00:14.986679
4400	3	3	3	1	0:00:14.968886
4420	5	5	5	1	0:00:15.079725
4440	2	2	2	1	0:00:15.001806
4460	9	9	9	1	0:00:15.013005
4480	9	9	9	1	0:00:15.021940
4500	3	3	3	1	0:00:15.085119
4520	3	3	3	1	0:00:15.097942
4540	9	9	9	1	0:00:15.036460
4560	1	1	1	1	0:00:15.016940
4580	6	6	6	1	0:00:15.053390
4600	4	4	4	1	0:00:14.958233
4620	7	7	7	1	0:00:14.959649
4640	2	2	2	1	0:00:15.009122
4660	7	7	7	1	0:00:14.987767
4680	9	9	9	1	0:00:15.010915
4700	6	6	6	1	0:00:15.027784
4720	8	8	8	1	0:00:15.062166
4740	5	3	3	0	0:00:14.948278
4760	3	2	2	0	0:00:15.091391
4780	0	0	0	1	0:00:15.002784
4800	9	9	9	1	0:00:15.048389
4820	3	3	3	1	0:00:15.086433
4840	0	0	0	1	0:00:15.115373
4860	5	5	5	1	0:00:15.051347
4880	0	0	0	1	0:00:15.112797
4900	3	3	3	1	0:00:15.046001
4920	7	7	7	1	0:00:15.104846
4940	6	6	6	1	0:00:15.104403
4960	4	4	4	1	0:00:15.080335
4980	1	1	1	1	0:00:15.005134
5000	7	7	7	1	0:00:14.962845
5020	8	8	8	1	0:00:15.076207
5040	3	3	3	1	0:00:14.989402
5060	6	6	6	1	0:00:15.048709
5080	7	7	7	1	0:00:15.045402
5100	3	3	3	1	0:00:15.142064
5120	9	9	9	1	0:00:15.107769
5140	8	8	8	1	0:00:15.040408
5160	0	0	0	1	0:00:14.954901
5180	9	7	7	0	0:00:15.047947
5200	3	3	3	1	0:00:14.971544
5220	0	0	0	1	0:00:15.041787
5240	1	1	1	1	0:00:14.997841
5260	0	0	0	1	0:00:15.087493
5280	0	0	8	1	0:00:15.038764
5300	9	9	9	1	0:00:14.974892
5320	7	7	7	1	0:00:15.116894
5340	3	3	3	1	0:00:15.051133
5360	9	9	9	1	0:00:14.974602
5380	1	1	1	1	0:00:15.047621
5400	9	9	9	1	0:00:14.999767
5420	6	6	6	1	0:00:15.001155
5440	9	9	9	1	0:00:14.966021
5460	0	0	0	1	0:00:15.012938
5480	1	1	1	1	0:00:15.038845
5500	8	8	8	1	0:00:15.045170
5520	4	4	4	1	0:00:15.094502
5540	5	5	5	1	0:00:15.034129
5560	3	3	6	1	0:00:15.020940
5580	5	3	3	0	0:00:14.970373
5600	6	3	3	0	0:00:14.936292
5620	3	3	3	1	0:00:15.030078
5640	2	2	2	1	0:00:14.939962
5660	9	9	9	1	0:00:14.983722
5680	2	2	2	1	0:00:15.012702
5700	3	3	3	1	0:00:14.965919
5720	9	9	9	1	0:00:14.965290
5740	6	6	6	1	0:00:15.033314
5760	2	2	2	1	0:00:15.067482
5780	7	7	7	1	0:00:15.103436
5800	2	2	2	1	0:00:15.022396
5820	5	5	5	1	0:00:15.035235
5840	2	2	7	1	0:00:15.116875
5860	0	8	8	0	0:00:15.113618
5880	0	0	0	1	0:00:15.125582
5900	4	4	4	1	0:00:15.005913
5920	8	8	8	1	0:00:14.944497
5940	7	7	7	1	0:00:15.025890
5960	2	6	5	0	0:00:15.043840
5980	9	9	9	1	0:00:15.009375
6000	8	8	8	1	0:00:14.949845
6020	6	6	6	1	0:00:15.003734
6040	2	7	2	0	0:00:14.931567
6060	3	3	3	1	0:00:15.015049
6080	1	1	1	1	0:00:14.995477
6100	1	1	1	1	0:00:15.006934
6120	5	5	5	1	0:00:14.956184
6140	9	9	9	1	0:00:15.059325
6160	2	2	2	1	0:00:14.995832
6180	0	0	0	1	0:00:14.958709
6200	3	3	3	1	0:00:14.986775
6220	2	2	2	1	0:00:15.032724
6240	2	2	2	1	0:00:14.932992
6260	2	2	2	1	0:00:15.024743
6280	8	8	8	1	0:00:14.952668
6300	1	1	1	1	0:00:15.017931
6320	0	0	0	1	0:00:14.942108
6340	3	3	3	1	0:00:15.035666
6360	2	2	2	1	0:00:14.961081
6380	3	3	3	1	0:00:15.097286
6400	0	0	0	1	0:00:14.999596
6420	7	7	7	1	0:00:15.010129
6440	3	3	3	1	0:00:15.071527
6460	3	3	3	1	0:00:15.037320
6480	0	0	0	1	0:00:15.085869
6500	7	3	3	0	0:00:15.001272
6520	6	6	2	1	0:00:15.086350
6540	8	8	8	1	0:00:15.058440
6560	6	6	6	1	0:00:14.956208
6580	1	1	1	1	0:00:14.997584
6600	7	7	7	1	0:00:15.040757
6620	7	7	7	1	0:00:15.001869
6640	5	3	3	0	0:00:14.967304
6660	0	0	0	1	0:00:14.950615
6680	3	3	3	1	0:00:14.996190
6700	6	6	6	1	0:00:15.042477
6720	2	2	2	1	0:00:14.991815
6740	2	2	2	1	0:00:15.102868
6760	5	5	5	1	0:00:14.959239
6780	7	7	7	1	0:00:14.988820
6800	6	6	2	1	0:00:15.021815
6820	1	1	1	1	0:00:15.106270
6840	9	9	9	1	0:00:15.137366
6860	0	0	0	1	0:00:15.061240
6880	2	2	2	1	0:00:15.061147
6900	3	3	3	1	0:00:14.995868
6920	5	5	2	1	0:00:14.959845
6940	1	1	1	1	0:00:14.959179
6960	9	9	9	1	0:00:14.976481
6980	0	0	0	1	0:00:15.053501
7000	2	8	8	0	0:00:14.984541
7020	7	7	7	1	0:00:15.012777
7040	7	0	0	0	0:00:15.094361
7060	8	8	8	1	0:00:14.945537
7080	5	3	3	0	0:00:14.998049
7100	9	9	3	1	0:00:14.939947
7120	7	7	7	1	0:00:15.045547
7140	4	4	4	1	0:00:15.097886
7160	5	5	5	1	0:00:15.195136
7180	6	6	6	1	0:00:15.089993
7200	4	3	3	0	0:00:15.079385
7220	9	9	9	1	0:00:15.064073
7240	0	0	0	1	0:00:15.140422
7260	1	1	1	1	0:00:15.060901
7280	1	9	9	0	0:00:15.024608
7300	3	3	3	1	0:00:14.956048
7320	8	8	8	1	0:00:14.955516
7340	2	2	2	1	0:00:15.055703
7360	2	2	2	1	0:00:14.964844
7380	7	7	7	1	0:00:14.955307
7400	3	3	3	1	0:00:14.991481
7420	3	3	3	1	0:00:15.033811
7440	3	3	3	1	0:00:15.126826
7460	5	5	5	1	0:00:14.985770
7480	1	1	1	1	0:00:15.055392
7500	6	6	6	1	0:00:15.097223
7520	4	4	4	1	0:00:15.112488
7540	5	5	5	1	0:00:14.997281
7560	0	0	0	1	0:00:15.087370
7580	8	8	8	1	0:00:15.014490
7600	8	2	2	0	0:00:15.126732
7620	5	3	3	0	0:00:14.943210
7640	9	8	8	0	0:00:14.976090
7660	7	7	7	1	0:00:15.005285
7680	3	5	5	0	0:00:14.940720
7700	6	6	6	1	0:00:15.021316
7720	5	5	5	1	0:00:15.078245
7740	4	4	4	1	0:00:15.036987
7760	2	2	2	1	0:00:15.054016
7780	3	8	8	0	0:00:15.118372
7800	0	0	0	1	0:00:15.089313
7820	5	3	3	0	0:00:15.033454
7840	1	1	1	1	0:00:15.018146
7860	8	8	8	1	0:00:15.000862
7880	0	0	0	1	0:00:15.061235
7900	0	0	0	1	0:00:14.974922
7920	9	9	9	1	0:00:14.968530
7940	2	2	2	1	0:00:14.937556
7960	0	0	0	1	0:00:14.993984
7980	3	3	3	1	0:00:14.965130
8000	9	9	9	1	0:00:15.001804
8020	6	3	3	0	0:00:15.005016
8040	2	2	2	1	0:00:14.963470
8060	6	6	6	1	0:00:14.963186
8080	4	4	4	1	0:00:15.008240
8100	6	6	6	1	0:00:15.080265
8120	8	8	8	1	0:00:15.051635
8140	5	5	5	1	0:00:15.149759
8160	6	6	6	1	0:00:15.045429
8180	4	-1	2	0	0:00:14.972170
8200	3	0	0	0	0:00:15.143784
8220	6	6	6	1	0:00:15.013612
8240	7	7	7	1	0:00:15.016741
8260	1	1	1	1	0:00:15.087014
8280	4	4	4	1	0:00:15.000123
8300	5	7	3	0	0:00:15.076128
8320	7	7	7	1	0:00:14.963727
8340	5	5	5	1	0:00:14.984533
8360	7	7	7	1	0:00:15.029951
8380	9	9	9	1	0:00:15.005435
8400	0	0	0	1	0:00:15.040109
8420	3	6	3	0	0:00:15.083094
8440	5	5	5	1	0:00:15.082216
8460	8	8	8	1	0:00:14.976371
8480	2	2	2	1	0:00:15.002829
8500	4	4	4	1	0:00:14.986820
8520	8	8	8	1	0:00:14.934065
8540	4	4	2	1	0:00:15.117270
8560	7	7	7	1	0:00:15.077747
8580	3	5	5	0	0:00:15.082595
8600	3	3	3	1	0:00:15.059209
8620	3	3	3	1	0:00:14.971898
8640	1	1	1	1	0:00:14.973962
8660	7	7	7	1	0:00:15.079763
8680	3	3	3	1	0:00:15.013977
8700	3	5	5	0	0:00:14.961893
8720	2	2	2	1	0:00:15.007856
8740	2	2	2	1	0:00:14.959732
8760	8	8	8	1	0:00:14.981007
8780	4	4	4	1	0:00:14.954610
8800	0	0	0	1	0:00:14.955834
8820	2	2	2	1	0:00:14.986016
8840	2	7	2	0	0:00:14.988929
8860	2	2	2	1	0:00:14.989832
8880	1	1	1	1	0:00:14.947117
8900	2	2	2	1	0:00:15.089419
8920	6	6	6	1	0:00:15.001993
8940	6	6	6	1	0:00:15.079650
8960	0	0	0	1	0:00:15.013923
8980	9	9	9	1	0:00:14.994331
9000	8	8	8	1	0:00:15.005607
9020	7	7	7	1	0:00:14.977910
9040	2	5	2	0	0:00:15.152756
9060	9	9	9	1	0:00:14.942597
9080	3	3	3	1	0:00:15.007241
9100	9	1	1	0	0:00:14.976624
9120	3	3	3	1	0:00:15.023480
9140	7	7	7	1	0:00:14.915550
9160	5	3	3	0	0:00:14.914807
9180	5	5	5	1	0:00:15.080559
9200	8	8	8	1	0:00:15.013910
9220	8	8	8	1	0:00:15.025784
9240	8	8	8	1	0:00:15.029879
9260	5	3	3	0	0:00:15.048664
9280	9	9	9	1	0:00:15.173849
9300	5	4	4	0	0:00:15.017479
9320	9	9	9	1	0:00:15.080098
9340	1	1	1	1	0:00:15.028086
9360	5	5	5	1	0:00:15.007395
9380	5	3	3	0	0:00:14.975854
9400	6	6	6	1	0:00:14.920398
9420	5	5	5	1	0:00:14.935249
9440	8	8	8	1	0:00:14.982283
9460	3	3	3	1	0:00:15.035910
9480	2	2	2	1	0:00:14.972325
9500	9	9	9	1	0:00:15.006389
9520	1	1	1	1	0:00:14.983461
9540	5	5	5	1	0:00:14.978236
9560	9	7	9	0	0:00:15.038318
9580	1	1	1	1	0:00:14.963772
9600	8	8	8	1	0:00:15.035146
9620	4	4	4	1	0:00:15.022266
9640	5	5	5	1	0:00:15.041783
9660	6	6	6	1	0:00:15.066607
9680	8	8	8	1	0:00:15.013898
9700	0	0	0	1	0:00:14.954311
9720	8	8	8	1	0:00:14.926601
9740	3	6	3	0	0:00:14.943687
9760	9	9	2	1	0:00:14.944889
9780	4	4	2	1	0:00:15.006405
9800	1	1	1	1	0:00:15.055413
9820	0	0	0	1	0:00:15.049048
9840	4	7	7	0	0:00:14.983093
9860	0	0	0	1	0:00:14.925681
9880	7	7	7	1	0:00:15.012370
9900	8	8	8	1	0:00:15.036956
9920	6	6	6	1	0:00:15.049479
9940	4	4	4	1	0:00:15.136807
9960	2	0	0	0	0:00:15.002160
9980	0	0	0	1	0:00:15.053062
