idx	label	predict	basePredict	correct	time
0	3	-1	4	0	0:00:01.101264
20	7	9	9	0	0:00:01.014313
40	4	-1	8	0	0:00:01.074209
60	7	7	4	1	0:00:01.046237
80	8	8	8	1	0:00:01.077591
100	4	5	5	0	0:00:01.035629
120	8	8	8	1	0:00:01.044228
140	6	2	2	0	0:00:01.128855
160	2	2	2	1	0:00:01.060550
180	0	0	0	1	0:00:01.035484
200	5	3	3	0	0:00:01.074772
220	7	7	7	1	0:00:01.047478
240	1	1	1	1	0:00:01.043710
260	8	5	5	0	0:00:01.060709
280	9	9	9	1	0:00:01.031795
300	6	-1	4	0	0:00:01.034761
320	3	5	2	0	0:00:01.028935
340	2	4	4	0	0:00:01.025839
360	9	6	6	0	0:00:01.031343
380	6	6	8	1	0:00:01.047461
400	9	1	1	0	0:00:01.042788
420	4	6	6	0	0:00:01.049484
440	1	1	1	1	0:00:01.028029
460	5	5	5	1	0:00:01.071945
480	8	9	9	0	0:00:01.026801
500	4	6	6	0	0:00:01.030592
520	5	7	7	0	0:00:01.030746
540	1	8	8	0	0:00:00.994335
560	0	0	0	1	0:00:01.060528
580	4	6	6	0	0:00:01.011535
600	8	8	8	1	0:00:01.050699
620	7	6	6	0	0:00:01.036961
640	5	3	3	0	0:00:01.037140
660	9	9	9	1	0:00:01.062979
680	9	-1	1	0	0:00:01.089557
700	7	7	7	1	0:00:01.030708
720	4	9	9	0	0:00:01.036818
740	2	5	5	0	0:00:01.038145
760	3	9	9	0	0:00:01.037884
780	9	-1	8	0	0:00:01.044011
800	7	7	7	1	0:00:01.053558
820	6	9	9	0	0:00:01.031629
840	7	7	7	1	0:00:01.038743
860	4	6	6	0	0:00:01.048204
880	8	8	8	1	0:00:01.095758
900	2	6	6	0	0:00:01.004598
920	6	2	2	0	0:00:01.019231
940	9	1	1	0	0:00:01.036124
960	9	9	8	1	0:00:01.018541
980	2	6	6	0	0:00:00.989625
1000	5	5	5	1	0:00:00.892816
1020	1	1	1	1	0:00:00.877159
1040	7	5	5	0	0:00:00.883135
1060	9	9	8	1	0:00:01.110645
1080	6	6	6	1	0:00:01.007510
1100	7	8	8	0	0:00:00.994339
1120	5	2	2	0	0:00:01.100950
1140	6	6	6	1	0:00:00.998532
1160	8	0	0	0	0:00:00.980397
1180	3	9	9	0	0:00:00.976109
1200	8	0	0	0	0:00:00.970345
1220	9	-1	2	0	0:00:00.975349
1240	2	6	6	0	0:00:00.982287
1260	1	9	9	0	0:00:00.945121
1280	3	7	7	0	0:00:00.966233
1300	4	6	6	0	0:00:00.968421
1320	7	7	2	1	0:00:00.998733
1340	1	1	1	1	0:00:00.976450
1360	7	-1	2	0	0:00:00.959560
1380	4	5	5	0	0:00:00.959632
1400	5	6	4	0	0:00:00.954819
1420	4	7	7	0	0:00:00.959933
1440	0	8	0	0	0:00:00.953666
1460	6	6	6	1	0:00:00.938869
1480	1	5	5	0	0:00:00.933169
1500	1	9	9	0	0:00:00.937503
1520	7	6	6	0	0:00:00.948733
1540	8	8	8	1	0:00:00.944983
1560	7	7	7	1	0:00:00.980220
1580	6	1	1	0	0:00:00.946449
1600	8	-1	6	0	0:00:00.946707
1620	5	8	8	0	0:00:00.960757
1640	7	5	5	0	0:00:00.944306
1660	3	5	5	0	0:00:00.935052
1680	6	6	6	1	0:00:00.939113
1700	5	2	2	0	0:00:00.937677
1720	4	0	0	0	0:00:00.941133
1740	1	9	9	0	0:00:00.959314
1760	0	8	8	0	0:00:00.952789
1780	7	8	8	0	0:00:00.958967
1800	4	8	8	0	0:00:00.910994
1820	8	1	1	0	0:00:00.875257
1840	8	7	7	0	0:00:00.913189
1860	8	8	8	1	0:00:00.918039
1880	1	1	1	1	0:00:00.925207
1900	8	8	8	1	0:00:00.916961
1920	2	2	2	1	0:00:00.911346
1940	5	-1	2	0	0:00:00.920109
1960	2	5	5	0	0:00:00.924225
1980	9	9	9	1	0:00:00.918970
2000	1	6	6	0	0:00:00.918176
2020	9	9	9	1	0:00:00.950121
2040	0	8	8	0	0:00:00.972896
2060	5	5	5	1	0:00:00.935340
2080	1	1	1	1	0:00:00.920458
2100	2	4	4	0	0:00:00.871923
2120	4	8	8	0	0:00:00.864991
2140	9	-1	1	0	0:00:00.878699
2160	0	8	8	0	0:00:00.871265
2180	4	6	6	0	0:00:00.868509
2200	0	0	0	1	0:00:00.867525
2220	1	1	1	1	0:00:00.869174
2240	9	9	9	1	0:00:00.872986
2260	4	-1	4	0	0:00:00.895700
2280	4	8	8	0	0:00:00.930593
2300	3	6	6	0	0:00:00.911335
2320	5	-1	0	0	0:00:00.905385
2340	7	7	7	1	0:00:00.917432
2360	7	7	7	1	0:00:00.921461
2380	8	8	8	1	0:00:00.924031
2400	0	4	4	0	0:00:00.909848
2420	8	-1	5	0	0:00:00.913302
2440	7	1	8	0	0:00:00.914644
2460	9	9	6	1	0:00:00.911086
2480	8	8	8	1	0:00:00.917347
2500	4	6	4	0	0:00:00.926419
2520	1	8	8	0	0:00:00.916601
2540	2	3	3	0	0:00:00.930743
2560	7	6	2	0	0:00:00.917359
2580	6	-1	4	0	0:00:00.890715
2600	8	8	8	1	0:00:00.903034
2620	1	-1	4	0	0:00:00.888365
2640	7	7	7	1	0:00:00.895422
2660	3	0	0	0	0:00:00.896851
2680	0	0	0	1	0:00:00.889366
2700	9	-1	3	0	0:00:00.898789
2720	3	8	8	0	0:00:00.903816
2740	1	1	1	1	0:00:00.898719
2760	2	6	6	0	0:00:00.929873
2780	7	7	7	1	0:00:00.897609
2800	4	6	6	0	0:00:00.904682
2820	6	6	6	1	0:00:00.897007
2840	3	7	7	0	0:00:00.899186
2860	5	7	7	0	0:00:00.903116
2880	4	4	4	1	0:00:00.909053
2900	3	5	5	0	0:00:00.925693
2920	2	3	3	0	0:00:00.965376
2940	3	0	0	0	0:00:00.952878
2960	9	-1	9	0	0:00:00.923066
2980	8	1	1	0	0:00:00.962724
3000	5	5	5	1	0:00:00.936281
3020	1	1	8	1	0:00:00.942498
3040	7	7	7	1	0:00:00.916142
3060	7	7	7	1	0:00:00.971004
3080	1	6	2	0	0:00:00.947912
3100	0	0	0	1	0:00:00.953450
3120	4	6	6	0	0:00:00.958385
3140	8	8	8	1	0:00:00.936072
3160	6	4	4	0	0:00:00.963654
3180	3	9	8	0	0:00:00.963756
3200	5	-1	7	0	0:00:00.924684
3220	3	9	9	0	0:00:00.987221
3240	4	1	8	0	0:00:00.951060
3260	7	7	7	1	0:00:00.956313
3280	3	-1	0	0	0:00:00.958623
3300	4	-1	6	0	0:00:00.972208
3320	2	7	7	0	0:00:00.932263
3340	6	6	6	1	0:00:00.926463
3360	4	6	6	0	0:00:00.933052
3380	8	8	8	1	0:00:00.914079
3400	6	1	1	0	0:00:00.933560
3420	5	6	6	0	0:00:00.919446
3440	2	9	9	0	0:00:00.962061
3460	1	1	1	1	0:00:00.964382
3480	2	2	2	1	0:00:00.913117
3500	1	1	1	1	0:00:00.915764
3520	1	1	1	1	0:00:00.898966
3540	6	-1	8	0	0:00:00.922865
3560	1	9	9	0	0:00:00.940203
3580	4	1	1	0	0:00:00.968896
3600	4	2	2	0	0:00:00.941540
3620	0	7	6	0	0:00:00.951541
3640	6	2	0	0	0:00:00.952293
3660	0	8	8	0	0:00:00.923232
3680	0	2	2	0	0:00:01.124991
3700	3	5	5	0	0:00:00.951216
3720	2	2	2	1	0:00:00.925883
3740	0	0	0	1	0:00:00.937731
3760	7	7	7	1	0:00:00.935974
3780	4	2	2	0	0:00:00.933951
3800	9	3	3	0	0:00:00.946932
3820	0	0	0	1	0:00:00.912661
3840	6	-1	8	0	0:00:00.936651
3860	7	7	7	1	0:00:00.950347
3880	6	4	4	0	0:00:00.970468
3900	3	0	0	0	0:00:00.913557
3920	7	-1	8	0	0:00:00.969009
3940	6	-1	7	0	0:00:00.939894
3960	2	5	5	0	0:00:00.966866
3980	9	7	7	0	0:00:00.954499
4000	8	7	0	0	0:00:00.938072
4020	8	8	8	1	0:00:00.913556
4040	0	0	0	1	0:00:00.908109
4060	6	-1	0	0	0:00:00.911032
4080	1	-1	8	0	0:00:00.939735
4100	7	7	7	1	0:00:00.956157
4120	4	0	0	0	0:00:00.947727
4140	5	-1	3	0	0:00:00.953718
4160	5	2	2	0	0:00:00.941511
4180	0	-1	8	0	0:00:00.924494
4200	4	2	2	0	0:00:00.944372
4220	4	0	0	0	0:00:00.971349
4240	7	8	8	0	0:00:00.945042
4260	8	8	8	1	0:00:00.948129
4280	8	8	8	1	0:00:00.937684
4300	8	8	8	1	0:00:00.941137
4320	1	8	8	0	0:00:00.934395
4340	0	-1	0	0	0:00:00.937336
4360	6	9	9	0	0:00:00.947412
4380	9	9	9	1	0:00:00.960402
4400	3	-1	8	0	0:00:00.932030
4420	5	8	8	0	0:00:00.957392
4440	2	6	6	0	0:00:00.946343
4460	9	-1	8	0	0:00:00.943229
4480	9	-1	6	0	0:00:00.950200
4500	3	7	7	0	0:00:00.949811
4520	3	6	6	0	0:00:00.957952
4540	9	9	9	1	0:00:00.917479
4560	1	1	1	1	0:00:00.930768
4580	6	6	6	1	0:00:00.923861
4600	4	7	7	0	0:00:00.928704
4620	7	3	3	0	0:00:00.945581
4640	2	5	5	0	0:00:00.942551
4660	7	6	2	0	0:00:00.951323
4680	9	1	1	0	0:00:00.949519
4700	6	1	1	0	0:00:00.925900
4720	8	0	0	0	0:00:00.939990
4740	5	6	6	0	0:00:00.942308
4760	3	2	2	0	0:00:00.955232
4780	0	-1	0	0	0:00:00.930927
4800	9	9	9	1	0:00:00.944340
4820	3	5	5	0	0:00:00.950952
4840	0	0	0	1	0:00:00.967608
4860	5	5	5	1	0:00:00.998223
4880	0	2	2	0	0:00:00.962866
4900	3	1	1	0	0:00:00.964341
4920	7	7	0	1	0:00:00.955083
4940	6	6	2	1	0:00:00.939487
4960	4	6	6	0	0:00:00.944776
4980	1	9	9	0	0:00:00.952815
5000	7	7	7	1	0:00:00.953792
5020	8	8	8	1	0:00:00.929957
5040	3	4	4	0	0:00:00.959917
5060	6	6	6	1	0:00:00.922845
5080	7	7	7	1	0:00:00.951342
5100	3	4	4	0	0:00:00.954293
5120	9	8	8	0	0:00:00.942943
5140	8	8	8	1	0:00:00.917104
5160	0	8	8	0	0:00:00.902306
5180	9	6	6	0	0:00:00.929248
5200	3	3	3	1	0:00:00.953852
5220	0	0	0	1	0:00:00.958547
5240	1	9	3	0	0:00:00.943473
5260	0	0	0	1	0:00:00.940464
5280	0	8	8	0	0:00:00.929423
5300	9	1	1	0	0:00:00.923285
5320	7	7	7	1	0:00:00.942638
5340	3	-1	2	0	0:00:00.891227
5360	9	9	9	1	0:00:00.905228
5380	1	9	9	0	0:00:00.903891
5400	9	0	0	0	0:00:00.894074
5420	6	6	6	1	0:00:00.894811
5440	9	9	9	1	0:00:00.888193
5460	0	-1	2	0	0:00:00.884728
5480	1	-1	8	0	0:00:00.884922
5500	8	1	8	0	0:00:00.899597
5520	4	5	5	0	0:00:00.888515
5540	5	6	6	0	0:00:00.882681
5560	3	-1	6	0	0:00:00.907053
5580	5	6	6	0	0:00:00.874926
5600	6	8	8	0	0:00:00.866478
5620	3	4	4	0	0:00:00.869907
5640	2	3	3	0	0:00:00.866440
5660	9	-1	8	0	0:00:00.899961
5680	2	1	8	0	0:00:00.864179
5700	3	6	6	0	0:00:00.868540
5720	9	9	9	1	0:00:00.877658
5740	6	6	6	1	0:00:00.883205
5760	2	2	8	1	0:00:00.888137
5780	7	7	7	1	0:00:00.896853
5800	2	6	6	0	0:00:00.905170
5820	5	6	6	0	0:00:00.954781
5840	2	6	6	0	0:00:00.956468
5860	0	8	8	0	0:00:00.937601
5880	0	8	0	0	0:00:00.934567
5900	4	5	4	0	0:00:00.935863
5920	8	8	8	1	0:00:00.942076
5940	7	4	4	0	0:00:00.943484
5960	2	7	7	0	0:00:00.945378
5980	9	9	9	1	0:00:00.945290
6000	8	9	8	0	0:00:00.929915
6020	6	6	6	1	0:00:00.934675
6040	2	7	7	0	0:00:00.968427
6060	3	4	4	0	0:00:00.938012
6080	1	1	1	1	0:00:00.933089
6100	1	1	8	1	0:00:00.934950
6120	5	5	5	1	0:00:00.928013
6140	9	9	9	1	0:00:00.904225
6160	2	5	5	0	0:00:00.911021
6180	0	-1	8	0	0:00:00.918093
6200	3	-1	3	0	0:00:00.896994
6220	2	6	6	0	0:00:00.885428
6240	2	-1	6	0	0:00:00.897895
6260	2	9	9	0	0:00:00.895085
6280	8	5	5	0	0:00:00.922489
6300	1	-1	4	0	0:00:00.928756
6320	0	0	0	1	0:00:00.945903
6340	3	3	3	1	0:00:00.938999
6360	2	-1	2	0	0:00:00.943401
6380	3	1	6	0	0:00:00.941723
6400	0	1	1	0	0:00:00.939440
6420	7	-1	7	0	0:00:00.928416
6440	3	8	8	0	0:00:00.937170
6460	3	1	1	0	0:00:00.939827
6480	0	0	0	1	0:00:00.933578
6500	7	0	0	0	0:00:00.948163
6520	6	-1	4	0	0:00:00.986389
6540	8	8	8	1	0:00:00.941059
6560	6	6	6	1	0:00:00.932015
6580	1	8	8	0	0:00:00.926340
6600	7	7	7	1	0:00:00.950510
6620	7	7	7	1	0:00:00.934094
6640	5	3	3	0	0:00:00.941767
6660	0	0	8	1	0:00:00.931323
6680	3	3	3	1	0:00:00.935895
6700	6	6	6	1	0:00:00.933494
6720	2	-1	2	0	0:00:00.937650
6740	2	6	6	0	0:00:00.959053
6760	5	-1	2	0	0:00:00.967099
6780	7	7	7	1	0:00:00.926166
6800	6	6	6	1	0:00:00.939062
6820	1	1	1	1	0:00:00.942768
6840	9	1	1	0	0:00:00.931142
6860	0	0	0	1	0:00:00.926412
6880	2	7	7	0	0:00:00.936764
6900	3	7	7	0	0:00:00.925879
6920	5	2	2	0	0:00:00.931023
6940	1	1	1	1	0:00:00.954817
6960	9	8	8	0	0:00:00.949010
6980	0	9	9	0	0:00:00.973099
7000	2	8	8	0	0:00:00.953665
7020	7	7	7	1	0:00:00.944868
7040	7	8	8	0	0:00:00.943819
7060	8	-1	8	0	0:00:00.954148
7080	5	4	4	0	0:00:00.949175
7100	9	3	3	0	0:00:00.951490
7120	7	7	7	1	0:00:00.939505
7140	4	4	4	1	0:00:00.926749
7160	5	4	4	0	0:00:00.926330
7180	6	6	6	1	0:00:00.929416
7200	4	6	6	0	0:00:00.929173
7220	9	8	8	0	0:00:00.950223
7240	0	8	8	0	0:00:00.953081
7260	1	8	8	0	0:00:00.950652
7280	1	1	6	1	0:00:00.916544
7300	3	0	0	0	0:00:00.922737
7320	8	0	0	0	0:00:00.926417
7340	2	4	4	0	0:00:00.922801
7360	2	-1	5	0	0:00:00.922089
7380	7	7	7	1	0:00:00.928086
7400	3	9	9	0	0:00:00.930750
7420	3	0	0	0	0:00:00.934995
7440	3	6	6	0	0:00:00.943529
7460	5	5	5	1	0:00:00.957412
7480	1	5	5	0	0:00:00.936350
7500	6	6	6	1	0:00:00.945750
7520	4	6	6	0	0:00:00.948769
7540	5	5	5	1	0:00:00.932018
7560	0	-1	2	0	0:00:00.941879
7580	8	8	8	1	0:00:00.937811
7600	8	9	9	0	0:00:00.933061
7620	5	3	3	0	0:00:00.929916
7640	9	-1	8	0	0:00:00.941713
7660	7	1	1	0	0:00:00.934323
7680	3	9	9	0	0:00:00.950738
7700	6	6	6	1	0:00:00.940943
7720	5	-1	6	0	0:00:00.940706
7740	4	6	2	0	0:00:00.940324
7760	2	9	9	0	0:00:00.933937
7780	3	1	1	0	0:00:00.930234
7800	0	0	0	1	0:00:00.936361
7820	5	8	8	0	0:00:00.935717
7840	1	1	1	1	0:00:00.929168
7860	8	-1	4	0	0:00:00.927294
7880	0	-1	2	0	0:00:00.937465
7900	0	8	8	0	0:00:00.937260
7920	9	8	8	0	0:00:00.964916
7940	2	6	6	0	0:00:00.939213
7960	0	0	0	1	0:00:00.933604
7980	3	7	4	0	0:00:00.940080
8000	9	9	8	1	0:00:00.932559
8020	6	6	6	1	0:00:00.941131
8040	2	6	6	0	0:00:00.945670
8060	6	6	6	1	0:00:00.937405
8080	4	6	6	0	0:00:00.941742
8100	6	2	2	0	0:00:00.934374
8120	8	9	8	0	0:00:00.946737
8140	5	-1	6	0	0:00:00.943108
8160	6	-1	6	0	0:00:00.978108
8180	4	6	6	0	0:00:00.932640
8200	3	6	6	0	0:00:00.950808
8220	6	6	6	1	0:00:00.952833
8240	7	7	7	1	0:00:00.939621
8260	1	1	1	1	0:00:00.938122
8280	4	5	5	0	0:00:00.924731
8300	5	2	2	0	0:00:00.918602
8320	7	4	4	0	0:00:00.917825
8340	5	5	5	1	0:00:00.930360
8360	7	7	4	1	0:00:00.928292
8380	9	8	8	0	0:00:00.980071
8400	0	8	8	0	0:00:00.952682
8420	3	6	4	0	0:00:00.936902
8440	5	-1	4	0	0:00:00.939193
8460	8	8	8	1	0:00:00.932102
8480	2	1	8	0	0:00:00.904672
8500	4	2	2	0	0:00:00.923859
8520	8	6	6	0	0:00:00.916621
8540	4	6	4	0	0:00:00.917574
8560	7	7	7	1	0:00:00.910173
8580	3	1	1	0	0:00:00.919289
8600	3	7	7	0	0:00:00.926368
8620	3	-1	4	0	0:00:00.944575
8640	1	1	1	1	0:00:00.926041
8660	7	5	5	0	0:00:00.906478
8680	3	9	0	0	0:00:00.913586
8700	3	5	5	0	0:00:00.912642
8720	2	0	0	0	0:00:00.911006
8740	2	6	6	0	0:00:00.906187
8760	8	8	8	1	0:00:00.942682
8780	4	4	4	1	0:00:00.930013
8800	0	0	0	1	0:00:00.925357
8820	2	2	2	1	0:00:00.928643
8840	2	1	1	0	0:00:00.928985
8860	2	-1	2	0	0:00:00.969347
8880	1	1	6	1	0:00:00.933384
8900	2	-1	4	0	0:00:00.929168
8920	6	6	6	1	0:00:00.934512
8940	6	3	3	0	0:00:00.924340
8960	0	0	0	1	0:00:00.925954
8980	9	9	9	1	0:00:00.944980
9000	8	8	8	1	0:00:00.938466
9020	7	-1	7	0	0:00:00.941585
9040	2	5	5	0	0:00:00.953147
9060	9	5	5	0	0:00:00.943742
9080	3	0	0	0	0:00:00.940507
9100	9	6	6	0	0:00:00.974169
9120	3	0	0	0	0:00:00.946562
9140	7	8	8	0	0:00:00.932459
9160	5	5	5	1	0:00:00.917809
9180	5	5	5	1	0:00:00.940266
9200	8	8	8	1	0:00:00.892949
9220	8	8	8	1	0:00:00.917013
9240	8	8	8	1	0:00:00.912307
9260	5	5	5	1	0:00:00.914963
9280	9	0	8	0	0:00:00.925531
9300	5	5	2	1	0:00:00.939207
9320	9	9	8	1	0:00:00.959281
9340	1	1	1	1	0:00:00.944680
9360	5	0	0	0	0:00:00.909490
9380	5	9	9	0	0:00:00.907423
9400	6	6	6	1	0:00:00.916856
9420	5	6	6	0	0:00:00.895393
9440	8	8	8	1	0:00:00.909152
9460	3	6	6	0	0:00:00.963941
9480	2	-1	4	0	0:00:00.934871
9500	9	1	1	0	0:00:00.953925
9520	1	1	1	1	0:00:00.946572
9540	5	5	5	1	0:00:00.950137
9560	9	7	7	0	0:00:00.980989
9580	1	4	4	0	0:00:00.953673
9600	8	8	8	1	0:00:00.946808
9620	4	7	7	0	0:00:00.966484
9640	5	0	0	0	0:00:00.903221
9660	6	6	6	1	0:00:00.905542
9680	8	8	8	1	0:00:00.914229
9700	0	0	0	1	0:00:00.938419
9720	8	-1	6	0	0:00:00.948221
9740	3	6	6	0	0:00:00.915646
9760	9	9	7	1	0:00:00.901868
9780	4	6	6	0	0:00:00.955668
9800	1	1	1	1	0:00:00.944844
9820	0	8	8	0	0:00:00.925218
9840	4	7	7	0	0:00:00.943381
9860	0	-1	8	0	0:00:00.921386
9880	7	4	4	0	0:00:00.910081
9900	8	0	0	0	0:00:00.954108
9920	6	6	6	1	0:00:00.945693
9940	4	5	5	0	0:00:00.891021
9960	2	0	0	0	0:00:00.947103
9980	0	0	0	1	0:00:00.945398
