idx	label	predict	basePredict	correct	time
0	3	2	2	0	0:00:15.810539
20	7	1	9	0	0:00:15.805997
40	4	1	8	0	0:00:15.839659
60	7	2	2	0	0:00:15.787277
80	8	8	8	1	0:00:15.786830
100	4	5	3	0	0:00:15.793097
120	8	-1	8	0	0:00:15.961746
140	6	2	2	0	0:00:15.908393
160	2	0	0	0	0:00:15.822698
180	0	8	8	0	0:00:16.350726
200	5	7	3	0	0:00:15.891378
220	7	7	4	1	0:00:16.581653
240	1	1	8	1	0:00:17.265944
260	8	3	6	0	0:00:17.124440
280	9	9	8	1	0:00:17.573195
300	6	7	4	0	0:00:15.898936
320	3	2	4	0	0:00:16.632790
340	2	4	4	0	0:00:17.795512
360	9	7	4	0	0:00:17.403740
380	6	-1	4	0	0:00:17.735009
400	9	1	1	0	0:00:15.727115
420	4	6	6	0	0:00:15.714592
440	1	1	4	1	0:00:15.771612
460	5	3	3	0	0:00:15.834835
480	8	9	9	0	0:00:15.760656
500	4	-1	6	0	0:00:16.065752
520	5	7	7	0	0:00:15.794416
540	1	8	8	0	0:00:15.749422
560	0	8	8	0	0:00:15.782162
580	4	6	4	0	0:00:15.715631
600	8	9	8	0	0:00:15.839696
620	7	6	4	0	0:00:15.713002
640	5	3	3	0	0:00:15.812588
660	9	9	3	1	0:00:15.837995
680	9	7	7	0	0:00:15.753175
700	7	0	0	0	0:00:15.764590
720	4	9	9	0	0:00:15.753680
740	2	5	3	0	0:00:15.780112
760	3	9	9	0	0:00:15.795157
780	9	1	1	0	0:00:15.803518
800	7	7	7	1	0:00:15.723402
820	6	1	8	0	0:00:15.740445
840	7	7	7	1	0:00:15.738276
860	4	4	4	1	0:00:15.764867
880	8	8	8	1	0:00:15.831899
900	2	6	4	0	0:00:15.754101
920	6	2	2	0	0:00:15.759491
940	9	1	1	0	0:00:15.751222
960	9	9	2	1	0:00:15.802360
980	2	6	6	0	0:00:15.762534
1000	5	5	5	1	0:00:15.130585
1020	1	8	8	0	0:00:15.055912
1040	7	5	5	0	0:00:15.129507
1060	9	9	8	1	0:00:15.120811
1080	6	1	6	0	0:00:15.088977
1100	7	8	8	0	0:00:15.092758
1120	5	2	2	0	0:00:15.111472
1140	6	4	4	0	0:00:15.075273
1160	8	0	0	0	0:00:15.048489
1180	3	8	8	0	0:00:15.072176
1200	8	0	0	0	0:00:15.069866
1220	9	6	6	0	0:00:15.086046
1240	2	6	6	0	0:00:14.999847
1260	1	9	9	0	0:00:15.142946
1280	3	7	7	0	0:00:15.023035
1300	4	3	3	0	0:00:15.097233
1320	7	0	2	0	0:00:15.102373
1340	1	8	8	0	0:00:15.078970
1360	7	5	4	0	0:00:15.020512
1380	4	5	5	0	0:00:15.235418
1400	5	2	2	0	0:00:15.057978
1420	4	7	7	0	0:00:15.039850
1440	0	8	8	0	0:00:14.996349
1460	6	6	4	1	0:00:15.054783
1480	1	5	5	0	0:00:15.060169
1500	1	9	9	0	0:00:15.061325
1520	7	6	2	0	0:00:14.998643
1540	8	8	8	1	0:00:15.056578
1560	7	7	7	1	0:00:15.051487
1580	6	1	1	0	0:00:15.043797
1600	8	9	6	0	0:00:15.081693
1620	5	8	8	0	0:00:15.124160
1640	7	5	3	0	0:00:15.107556
1660	3	5	4	0	0:00:15.112151
1680	6	6	6	1	0:00:15.085124
1700	5	2	2	0	0:00:15.136376
1720	4	0	2	0	0:00:15.135656
1740	1	9	9	0	0:00:15.217444
1760	0	2	8	0	0:00:15.026143
1780	7	9	8	0	0:00:15.114276
1800	4	8	8	0	0:00:15.069051
1820	8	9	8	0	0:00:15.077851
1840	8	7	4	0	0:00:15.135163
1860	8	8	8	1	0:00:15.060458
1880	1	8	8	0	0:00:15.103019
1900	8	8	8	1	0:00:15.117558
1920	2	5	2	0	0:00:15.083641
1940	5	3	3	0	0:00:15.140283
1960	2	5	5	0	0:00:15.198515
1980	9	9	4	1	0:00:15.201871
2000	1	6	4	0	0:00:15.097964
2020	9	9	1	1	0:00:15.163029
2040	0	8	8	0	0:00:15.120467
2060	5	3	3	0	0:00:15.088000
2080	1	9	4	0	0:00:15.145077
2100	2	4	4	0	0:00:15.148743
2120	4	8	8	0	0:00:15.163001
2140	9	1	1	0	0:00:15.103466
2160	0	8	8	0	0:00:15.126843
2180	4	6	4	0	0:00:15.110537
2200	0	2	2	0	0:00:15.181266
2220	1	1	4	1	0:00:15.216171
2240	9	-1	8	0	0:00:15.075811
2260	4	7	4	0	0:00:15.101501
2280	4	8	8	0	0:00:15.094723
2300	3	2	4	0	0:00:15.175765
2320	5	8	8	0	0:00:15.161233
2340	7	7	7	1	0:00:15.072565
2360	7	5	3	0	0:00:15.090858
2380	8	0	0	0	0:00:15.099282
2400	0	4	4	0	0:00:15.195125
2420	8	5	5	0	0:00:15.136263
2440	7	1	8	0	0:00:15.109952
2460	9	3	3	0	0:00:15.019216
2480	8	8	8	1	0:00:15.085062
2500	4	6	2	0	0:00:15.129102
2520	1	9	8	0	0:00:15.040838
2540	2	3	3	0	0:00:15.081074
2560	7	6	2	0	0:00:15.080171
2580	6	7	4	0	0:00:15.046535
2600	8	8	8	1	0:00:15.053218
2620	1	4	4	0	0:00:15.082127
2640	7	6	6	0	0:00:15.152247
2660	3	2	2	0	0:00:15.041145
2680	0	0	8	1	0:00:15.111861
2700	9	-1	0	0	0:00:15.172153
2720	3	2	2	0	0:00:15.054507
2740	1	9	7	0	0:00:15.110919
2760	2	4	4	0	0:00:15.187820
2780	7	7	6	1	0:00:15.102185
2800	4	6	6	0	0:00:15.152259
2820	6	6	4	1	0:00:15.098574
2840	3	3	3	1	0:00:15.102050
2860	5	7	4	0	0:00:15.168714
2880	4	4	4	1	0:00:15.214819
2900	3	2	2	0	0:00:15.074674
2920	2	5	5	0	0:00:15.129075
2940	3	0	0	0	0:00:15.123968
2960	9	7	9	0	0:00:15.138236
2980	8	1	8	0	0:00:15.151435
3000	5	5	5	1	0:00:15.142080
3020	1	1	8	1	0:00:15.133394
3040	7	7	7	1	0:00:15.158165
3060	7	7	3	1	0:00:15.144443
3080	1	7	4	0	0:00:15.104346
3100	0	0	0	1	0:00:15.095316
3120	4	6	2	0	0:00:15.108678
3140	8	0	8	0	0:00:15.115885
3160	6	4	4	0	0:00:15.071100
3180	3	7	8	0	0:00:15.138502
3200	5	7	7	0	0:00:15.085099
3220	3	9	9	0	0:00:15.102491
3240	4	1	8	0	0:00:15.075382
3260	7	0	0	0	0:00:15.039750
3280	3	0	0	0	0:00:15.129613
3300	4	6	4	0	0:00:15.176003
3320	2	7	7	0	0:00:15.078005
3340	6	7	4	0	0:00:15.074409
3360	4	6	6	0	0:00:15.077194
3380	8	1	8	0	0:00:15.107805
3400	6	4	4	0	0:00:15.061108
3420	5	4	4	0	0:00:15.142350
3440	2	9	3	0	0:00:15.194561
3460	1	1	4	1	0:00:15.023594
3480	2	2	2	1	0:00:15.090067
3500	1	1	4	1	0:00:15.150341
3520	1	1	1	1	0:00:15.106629
3540	6	6	4	1	0:00:15.229488
3560	1	9	0	0	0:00:15.124637
3580	4	1	8	0	0:00:15.145858
3600	4	2	2	0	0:00:15.217891
3620	0	6	6	0	0:00:15.190021
3640	6	2	2	0	0:00:15.159610
3660	0	8	8	0	0:00:15.060683
3680	0	2	2	0	0:00:15.132979
3700	3	4	4	0	0:00:15.095760
3720	2	2	2	1	0:00:15.043753
3740	0	8	8	0	0:00:15.065209
3760	7	7	7	1	0:00:15.154920
3780	4	3	2	0	0:00:15.129574
3800	9	3	3	0	0:00:15.039785
3820	0	2	2	0	0:00:15.096321
3840	6	3	3	0	0:00:15.173171
3860	7	7	7	1	0:00:15.189402
3880	6	4	4	0	0:00:15.197616
3900	3	1	1	0	0:00:15.072791
3920	7	-1	8	0	0:00:15.135792
3940	6	7	4	0	0:00:15.055943
3960	2	5	5	0	0:00:14.995939
3980	9	7	7	0	0:00:15.039517
4000	8	7	4	0	0:00:15.210909
4020	8	1	1	0	0:00:15.258273
4040	0	-1	0	0	0:00:15.145320
4060	6	3	3	0	0:00:15.174131
4080	1	8	8	0	0:00:15.301076
4100	7	7	7	1	0:00:15.085642
4120	4	0	0	0	0:00:15.104092
4140	5	3	3	0	0:00:15.114558
4160	5	2	2	0	0:00:15.459812
4180	0	8	8	0	0:00:15.130627
4200	4	2	2	0	0:00:15.159066
4220	4	0	0	0	0:00:15.125926
4240	7	0	0	0	0:00:15.092996
4260	8	1	1	0	0:00:15.129930
4280	8	9	0	0	0:00:15.097970
4300	8	8	8	1	0:00:15.146015
4320	1	8	8	0	0:00:15.101242
4340	0	8	8	0	0:00:15.127348
4360	6	9	3	0	0:00:15.096362
4380	9	8	8	0	0:00:15.008839
4400	3	4	4	0	0:00:15.069131
4420	5	8	8	0	0:00:15.124215
4440	2	6	2	0	0:00:15.078558
4460	9	8	8	0	0:00:15.081486
4480	9	3	6	0	0:00:15.233857
4500	3	7	7	0	0:00:15.070537
4520	3	6	6	0	0:00:15.252455
4540	9	9	1	1	0:00:15.157220
4560	1	1	4	1	0:00:15.165886
4580	6	4	4	0	0:00:15.108670
4600	4	7	7	0	0:00:15.091388
4620	7	1	3	0	0:00:15.135141
4640	2	3	4	0	0:00:15.181388
4660	7	6	2	0	0:00:15.054677
4680	9	1	1	0	0:00:15.166512
4700	6	1	4	0	0:00:15.065237
4720	8	0	0	0	0:00:15.138900
4740	5	6	4	0	0:00:15.086728
4760	3	8	8	0	0:00:15.039869
4780	0	8	8	0	0:00:15.017875
4800	9	9	9	1	0:00:15.033660
4820	3	5	5	0	0:00:15.152760
4840	0	0	0	1	0:00:15.211202
4860	5	3	8	0	0:00:15.095601
4880	0	2	2	0	0:00:15.051825
4900	3	6	6	0	0:00:15.168588
4920	7	0	2	0	0:00:15.155790
4940	6	4	2	0	0:00:15.095850
4960	4	3	3	0	0:00:15.172362
4980	1	9	9	0	0:00:15.094451
5000	7	7	7	1	0:00:15.104609
5020	8	1	8	0	0:00:15.240401
5040	3	7	4	0	0:00:15.055776
5060	6	2	4	0	0:00:15.099652
5080	7	7	7	1	0:00:15.122831
5100	3	3	4	1	0:00:15.237079
5120	9	8	8	0	0:00:15.118043
5140	8	0	8	0	0:00:15.168310
5160	0	8	8	0	0:00:15.084297
5180	9	6	4	0	0:00:15.107650
5200	3	3	3	1	0:00:15.034190
5220	0	0	0	1	0:00:15.087301
5240	1	3	2	0	0:00:15.044784
5260	0	0	0	1	0:00:15.149174
5280	0	8	8	0	0:00:15.131365
5300	9	1	1	0	0:00:15.140040
5320	7	0	0	0	0:00:15.143602
5340	3	4	4	0	0:00:15.108018
5360	9	9	3	1	0:00:15.163528
5380	1	9	9	0	0:00:15.020289
5400	9	0	4	0	0:00:15.242015
5420	6	5	6	0	0:00:15.094339
5440	9	9	9	1	0:00:15.068110
5460	0	7	7	0	0:00:15.101423
5480	1	-1	4	0	0:00:15.022488
5500	8	1	8	0	0:00:15.067220
5520	4	3	3	0	0:00:15.156218
5540	5	6	2	0	0:00:15.094673
5560	3	6	4	0	0:00:15.108872
5580	5	6	6	0	0:00:15.071326
5600	6	8	0	0	0:00:15.031986
5620	3	2	2	0	0:00:15.045632
5640	2	5	3	0	0:00:15.152843
5660	9	0	8	0	0:00:15.178482
5680	2	1	8	0	0:00:15.044266
5700	3	2	2	0	0:00:15.056276
5720	9	9	9	1	0:00:15.185414
5740	6	-1	4	0	0:00:15.056688
5760	2	0	8	0	0:00:15.052494
5780	7	7	4	1	0:00:15.122991
5800	2	6	4	0	0:00:15.116015
5820	5	6	6	0	0:00:15.065422
5840	2	6	6	0	0:00:15.051237
5860	0	8	8	0	0:00:15.021779
5880	0	8	8	0	0:00:15.153409
5900	4	3	4	0	0:00:15.160244
5920	8	8	6	1	0:00:15.125358
5940	7	4	4	0	0:00:15.170884
5960	2	-1	4	0	0:00:15.123156
5980	9	9	6	1	0:00:15.121184
6000	8	9	8	0	0:00:15.092514
6020	6	7	6	0	0:00:15.111572
6040	2	7	7	0	0:00:15.017148
6060	3	4	4	0	0:00:15.137346
6080	1	9	6	0	0:00:15.090343
6100	1	1	8	1	0:00:15.068959
6120	5	3	3	0	0:00:15.124321
6140	9	9	7	1	0:00:15.120485
6160	2	5	5	0	0:00:15.062449
6180	0	8	8	0	0:00:15.050249
6200	3	0	3	0	0:00:15.229357
6220	2	6	6	0	0:00:15.115312
6240	2	1	4	0	0:00:15.105944
6260	2	9	8	0	0:00:15.015360
6280	8	5	6	0	0:00:15.108481
6300	1	7	4	0	0:00:15.122322
6320	0	0	0	1	0:00:15.144251
6340	3	7	3	0	0:00:15.158681
6360	2	6	2	0	0:00:15.133681
6380	3	1	6	0	0:00:15.168987
6400	0	1	4	0	0:00:15.128614
6420	7	8	8	0	0:00:15.268147
6440	3	8	8	0	0:00:15.092133
6460	3	1	4	0	0:00:15.111530
6480	0	2	2	0	0:00:15.087964
6500	7	0	8	0	0:00:14.983783
6520	6	4	4	0	0:00:15.025462
6540	8	8	8	1	0:00:14.963840
6560	6	7	4	0	0:00:14.970363
6580	1	-1	3	0	0:00:15.014381
6600	7	7	7	1	0:00:15.028897
6620	7	7	3	1	0:00:15.065995
6640	5	8	8	0	0:00:15.081920
6660	0	9	8	0	0:00:15.048394
6680	3	5	5	0	0:00:15.069788
6700	6	1	4	0	0:00:14.993092
6720	2	4	2	0	0:00:15.049286
6740	2	6	4	0	0:00:15.060603
6760	5	3	6	0	0:00:15.086000
6780	7	7	7	1	0:00:15.111058
6800	6	2	4	0	0:00:14.979839
6820	1	1	8	1	0:00:14.972493
6840	9	1	1	0	0:00:15.140265
6860	0	2	2	0	0:00:15.147807
6880	2	7	7	0	0:00:15.126896
6900	3	7	4	0	0:00:15.080726
6920	5	2	2	0	0:00:15.047292
6940	1	1	1	1	0:00:15.118470
6960	9	8	8	0	0:00:15.187032
6980	0	1	1	0	0:00:15.108180
7000	2	8	8	0	0:00:15.075951
7020	7	1	8	0	0:00:15.046189
7040	7	8	8	0	0:00:15.079070
7060	8	0	0	0	0:00:15.182099
7080	5	-1	4	0	0:00:15.049391
7100	9	3	3	0	0:00:15.099105
7120	7	6	6	0	0:00:15.230294
7140	4	1	4	0	0:00:14.996098
7160	5	-1	4	0	0:00:15.051371
7180	6	6	6	1	0:00:15.090889
7200	4	6	2	0	0:00:14.990146
7220	9	8	8	0	0:00:15.069876
7240	0	8	8	0	0:00:15.056353
7260	1	8	8	0	0:00:14.975478
7280	1	6	4	0	0:00:15.073249
7300	3	7	7	0	0:00:15.034264
7320	8	0	0	0	0:00:14.998813
7340	2	4	4	0	0:00:14.980446
7360	2	7	4	0	0:00:15.103539
7380	7	9	7	0	0:00:14.992655
7400	3	5	5	0	0:00:14.969029
7420	3	0	0	0	0:00:15.024632
7440	3	6	2	0	0:00:15.024126
7460	5	5	5	1	0:00:15.011900
7480	1	8	5	0	0:00:14.973324
7500	6	6	6	1	0:00:15.032162
7520	4	6	4	0	0:00:14.956546
7540	5	5	5	1	0:00:15.024108
7560	0	6	2	0	0:00:15.058185
7580	8	0	8	0	0:00:14.962862
7600	8	9	8	0	0:00:15.081995
7620	5	1	9	0	0:00:14.991097
7640	9	8	8	0	0:00:15.003197
7660	7	1	4	0	0:00:15.078871
7680	3	9	3	0	0:00:15.039839
7700	6	6	4	1	0:00:15.077939
7720	5	2	2	0	0:00:15.164012
7740	4	6	2	0	0:00:15.066009
7760	2	9	9	0	0:00:15.138125
7780	3	1	8	0	0:00:15.086073
7800	0	0	8	1	0:00:15.104009
7820	5	8	8	0	0:00:15.060263
7840	1	1	1	1	0:00:15.063720
7860	8	7	4	0	0:00:15.071186
7880	0	0	2	1	0:00:15.019608
7900	0	8	8	0	0:00:15.117085
7920	9	8	8	0	0:00:15.077123
7940	2	6	6	0	0:00:15.014067
7960	0	3	3	0	0:00:15.138031
7980	3	7	4	0	0:00:15.015420
8000	9	9	8	1	0:00:15.082584
8020	6	3	3	0	0:00:15.024605
8040	2	6	6	0	0:00:15.065637
8060	6	4	4	0	0:00:15.034493
8080	4	6	6	0	0:00:15.052802
8100	6	2	2	0	0:00:15.081649
8120	8	9	9	0	0:00:15.074795
8140	5	4	4	0	0:00:15.059895
8160	6	9	6	0	0:00:14.983488
8180	4	4	4	1	0:00:15.069017
8200	3	7	4	0	0:00:14.989966
8220	6	7	2	0	0:00:14.989721
8240	7	7	4	1	0:00:15.127590
8260	1	3	3	0	0:00:15.095092
8280	4	-1	3	0	0:00:15.108933
8300	5	2	2	0	0:00:14.969388
8320	7	3	4	0	0:00:15.086486
8340	5	3	4	0	0:00:15.056551
8360	7	-1	4	0	0:00:15.022372
8380	9	8	8	0	0:00:15.036987
8400	0	8	8	0	0:00:15.053402
8420	3	4	4	0	0:00:15.015349
8440	5	3	4	0	0:00:15.044995
8460	8	8	8	1	0:00:14.999949
8480	2	8	8	0	0:00:15.114660
8500	4	2	2	0	0:00:15.128195
8520	8	4	4	0	0:00:15.084948
8540	4	6	2	0	0:00:15.015713
8560	7	4	4	0	0:00:15.027398
8580	3	0	2	0	0:00:15.052261
8600	3	7	4	0	0:00:14.996549
8620	3	1	4	0	0:00:15.014424
8640	1	1	0	1	0:00:15.120136
8660	7	5	5	0	0:00:15.187441
8680	3	9	8	0	0:00:15.053895
8700	3	3	3	1	0:00:15.074126
8720	2	0	0	0	0:00:15.012490
8740	2	7	4	0	0:00:15.131364
8760	8	5	5	0	0:00:15.132370
8780	4	7	2	0	0:00:15.054551
8800	0	0	0	1	0:00:15.107576
8820	2	3	3	0	0:00:15.095939
8840	2	1	1	0	0:00:15.123375
8860	2	0	8	0	0:00:15.066405
8880	1	9	6	0	0:00:15.037931
8900	2	6	4	0	0:00:15.154740
8920	6	6	4	1	0:00:15.111985
8940	6	3	3	0	0:00:15.078607
8960	0	0	0	1	0:00:15.080994
8980	9	9	8	1	0:00:15.096202
9000	8	8	8	1	0:00:15.021591
9020	7	9	8	0	0:00:15.101776
9040	2	5	5	0	0:00:15.061081
9060	9	5	5	0	0:00:15.070991
9080	3	0	0	0	0:00:15.149923
9100	9	6	6	0	0:00:15.068433
9120	3	0	0	0	0:00:15.033653
9140	7	1	8	0	0:00:15.022143
9160	5	7	4	0	0:00:15.091420
9180	5	5	5	1	0:00:15.019232
9200	8	8	8	1	0:00:15.082196
9220	8	8	8	1	0:00:14.999021
9240	8	9	8	0	0:00:15.069454
9260	5	5	5	1	0:00:15.006248
9280	9	1	8	0	0:00:14.984117
9300	5	3	2	0	0:00:14.980587
9320	9	-1	8	0	0:00:15.019396
9340	1	1	1	1	0:00:15.086638
9360	5	1	0	0	0:00:15.071321
9380	5	9	9	0	0:00:15.051850
9400	6	4	2	0	0:00:15.052058
9420	5	5	6	1	0:00:15.013882
9440	8	8	8	1	0:00:14.997125
9460	3	7	7	0	0:00:15.065635
9480	2	4	4	0	0:00:15.040580
9500	9	1	4	0	0:00:15.008857
9520	1	-1	8	0	0:00:14.996460
9540	5	3	4	0	0:00:15.073689
9560	9	7	7	0	0:00:15.078606
9580	1	4	4	0	0:00:15.134227
9600	8	0	8	0	0:00:15.091662
9620	4	7	7	0	0:00:15.063959
9640	5	0	0	0	0:00:15.074567
9660	6	6	6	1	0:00:15.033594
9680	8	9	8	0	0:00:15.146222
9700	0	2	2	0	0:00:14.993341
9720	8	1	6	0	0:00:15.010001
9740	3	4	4	0	0:00:15.047273
9760	9	7	4	0	0:00:15.090110
9780	4	6	6	0	0:00:14.991912
9800	1	1	1	1	0:00:15.107852
9820	0	8	8	0	0:00:15.323563
9840	4	5	5	0	0:00:15.056043
9860	0	5	8	0	0:00:14.990468
9880	7	3	4	0	0:00:15.088792
9900	8	0	6	0	0:00:15.067553
9920	6	4	2	0	0:00:15.126095
9940	4	5	6	0	0:00:15.025004
9960	2	0	0	0	0:00:15.085114
9980	0	0	0	1	0:00:15.060819
