idx	label	predict	basePredict	correct	time
0	3	-1	2	0	0:00:00.838426
20	7	1	1	0	0:00:00.741967
40	4	8	8	0	0:00:00.720810
60	7	-1	2	0	0:00:00.745333
80	8	-1	8	0	0:00:00.734204
100	4	-1	3	0	0:00:00.746274
120	8	-1	0	0	0:00:00.754480
140	6	2	2	0	0:00:00.747504
160	2	0	0	0	0:00:00.729125
180	0	8	8	0	0:00:00.728426
200	5	-1	3	0	0:00:00.730372
220	7	7	4	1	0:00:00.764704
240	1	1	8	1	0:00:00.742106
260	8	-1	6	0	0:00:00.777020
280	9	9	8	1	0:00:00.750471
300	6	-1	4	0	0:00:00.738514
320	3	-1	4	0	0:00:00.732270
340	2	4	4	0	0:00:00.805632
360	9	-1	4	0	0:00:00.727501
380	6	-1	4	0	0:00:00.745136
400	9	9	8	1	0:00:00.740526
420	4	6	6	0	0:00:00.724033
440	1	-1	4	0	0:00:00.738225
460	5	-1	4	0	0:00:00.740687
480	8	9	9	0	0:00:00.781753
500	4	-1	6	0	0:00:00.736313
520	5	7	7	0	0:00:00.763256
540	1	8	8	0	0:00:00.740236
560	0	-1	8	0	0:00:00.816854
580	4	-1	4	0	0:00:00.729774
600	8	-1	4	0	0:00:00.734515
620	7	-1	2	0	0:00:00.731384
640	5	3	3	0	0:00:00.751135
660	9	9	8	1	0:00:00.732739
680	9	-1	4	0	0:00:00.864201
700	7	-1	4	0	0:00:00.736494
720	4	-1	7	0	0:00:00.731285
740	2	5	3	0	0:00:00.758945
760	3	-1	4	0	0:00:00.727324
780	9	0	2	0	0:00:00.740768
800	7	7	7	1	0:00:00.745450
820	6	1	8	0	0:00:00.813718
840	7	7	7	1	0:00:00.737022
860	4	-1	4	0	0:00:00.759704
880	8	8	8	1	0:00:00.732595
900	2	4	4	0	0:00:00.745477
920	6	2	2	0	0:00:00.725686
940	9	9	6	1	0:00:00.719625
960	9	9	2	1	0:00:00.728002
980	2	6	6	0	0:00:00.715058
1000	5	5	8	1	0:00:00.626128
1020	1	-1	8	0	0:00:00.614581
1040	7	5	5	0	0:00:00.621249
1060	9	9	8	1	0:00:00.618637
1080	6	-1	3	0	0:00:00.623597
1100	7	8	8	0	0:00:00.610793
1120	5	2	2	0	0:00:00.613611
1140	6	4	4	0	0:00:00.619894
1160	8	0	0	0	0:00:00.629731
1180	3	-1	8	0	0:00:00.646400
1200	8	0	0	0	0:00:00.640242
1220	9	-1	2	0	0:00:00.632033
1240	2	6	6	0	0:00:00.619691
1260	1	9	9	0	0:00:00.617050
1280	3	7	7	0	0:00:00.623095
1300	4	3	3	0	0:00:00.616692
1320	7	2	2	0	0:00:00.639756
1340	1	-1	8	0	0:00:00.625089
1360	7	-1	4	0	0:00:00.622840
1380	4	5	5	0	0:00:00.628522
1400	5	2	2	0	0:00:00.626933
1420	4	7	7	0	0:00:00.619506
1440	0	8	8	0	0:00:00.622520
1460	6	-1	4	0	0:00:00.627340
1480	1	-1	5	0	0:00:00.626290
1500	1	-1	8	0	0:00:00.623136
1520	7	-1	2	0	0:00:00.626462
1540	8	-1	2	0	0:00:00.632035
1560	7	7	7	1	0:00:00.628625
1580	6	1	1	0	0:00:00.621530
1600	8	-1	6	0	0:00:00.625751
1620	5	8	8	0	0:00:00.632196
1640	7	5	3	0	0:00:00.643097
1660	3	-1	4	0	0:00:00.631310
1680	6	6	6	1	0:00:00.637292
1700	5	2	2	0	0:00:00.639007
1720	4	2	2	0	0:00:00.638028
1740	1	9	9	0	0:00:00.633899
1760	0	8	8	0	0:00:00.635902
1780	7	-1	8	0	0:00:00.633369
1800	4	8	8	0	0:00:00.634748
1820	8	9	9	0	0:00:00.627409
1840	8	-1	4	0	0:00:00.634938
1860	8	-1	8	0	0:00:00.638179
1880	1	-1	8	0	0:00:00.639124
1900	8	8	8	1	0:00:00.637720
1920	2	-1	2	0	0:00:00.630159
1940	5	-1	2	0	0:00:00.636979
1960	2	5	5	0	0:00:00.635622
1980	9	9	2	1	0:00:00.636930
2000	1	6	4	0	0:00:00.635408
2020	9	9	1	1	0:00:00.641130
2040	0	8	8	0	0:00:00.633393
2060	5	-1	3	0	0:00:00.636400
2080	1	6	4	0	0:00:00.640369
2100	2	4	4	0	0:00:00.636031
2120	4	8	8	0	0:00:00.633543
2140	9	1	1	0	0:00:00.630522
2160	0	8	8	0	0:00:00.634516
2180	4	-1	0	0	0:00:00.633530
2200	0	2	2	0	0:00:00.632292
2220	1	1	4	1	0:00:00.632050
2240	9	-1	8	0	0:00:00.631935
2260	4	7	2	0	0:00:00.627599
2280	4	8	8	0	0:00:00.626851
2300	3	-1	4	0	0:00:00.644793
2320	5	-1	8	0	0:00:00.644395
2340	7	7	0	1	0:00:00.640834
2360	7	5	3	0	0:00:00.638672
2380	8	0	0	0	0:00:00.638570
2400	0	-1	4	0	0:00:00.638101
2420	8	-1	5	0	0:00:00.636226
2440	7	-1	8	0	0:00:00.640364
2460	9	3	2	0	0:00:00.646948
2480	8	8	8	1	0:00:00.642052
2500	4	2	2	0	0:00:00.637282
2520	1	-1	8	0	0:00:00.634106
2540	2	3	3	0	0:00:00.630597
2560	7	-1	2	0	0:00:00.608390
2580	6	-1	4	0	0:00:00.620606
2600	8	8	8	1	0:00:00.619978
2620	1	4	4	0	0:00:00.617109
2640	7	-1	6	0	0:00:00.620659
2660	3	2	2	0	0:00:00.616513
2680	0	0	8	1	0:00:00.653267
2700	9	0	0	0	0:00:00.664250
2720	3	2	2	0	0:00:00.619416
2740	1	1	4	1	0:00:00.626878
2760	2	4	4	0	0:00:00.628954
2780	7	-1	6	0	0:00:00.628156
2800	4	6	6	0	0:00:00.622654
2820	6	6	4	1	0:00:00.619866
2840	3	3	3	1	0:00:00.615669
2860	5	6	4	0	0:00:00.620432
2880	4	4	4	1	0:00:00.614083
2900	3	2	2	0	0:00:00.615192
2920	2	5	8	0	0:00:00.614246
2940	3	0	0	0	0:00:00.620282
2960	9	-1	8	0	0:00:00.615688
2980	8	-1	5	0	0:00:00.620879
3000	5	5	5	1	0:00:00.628981
3020	1	-1	8	0	0:00:00.622214
3040	7	7	7	1	0:00:00.624285
3060	7	-1	4	0	0:00:00.619457
3080	1	-1	2	0	0:00:00.626877
3100	0	0	8	1	0:00:00.619914
3120	4	6	2	0	0:00:00.624669
3140	8	-1	8	0	0:00:00.618247
3160	6	4	4	0	0:00:00.619376
3180	3	-1	8	0	0:00:00.618627
3200	5	7	7	0	0:00:00.627784
3220	3	9	9	0	0:00:00.626205
3240	4	8	8	0	0:00:00.628681
3260	7	0	2	0	0:00:00.621662
3280	3	0	0	0	0:00:00.625082
3300	4	-1	3	0	0:00:00.619091
3320	2	7	8	0	0:00:00.626669
3340	6	4	4	0	0:00:00.618838
3360	4	6	6	0	0:00:00.616833
3380	8	-1	4	0	0:00:00.619426
3400	6	4	4	0	0:00:00.620167
3420	5	-1	4	0	0:00:00.624039
3440	2	9	3	0	0:00:00.637496
3460	1	1	4	1	0:00:00.633182
3480	2	2	2	1	0:00:00.633037
3500	1	-1	4	0	0:00:00.632504
3520	1	1	8	1	0:00:00.641448
3540	6	-1	4	0	0:00:00.636602
3560	1	7	7	0	0:00:00.629725
3580	4	1	8	0	0:00:00.635473
3600	4	2	2	0	0:00:00.635223
3620	0	6	6	0	0:00:00.637099
3640	6	2	2	0	0:00:00.647897
3660	0	8	8	0	0:00:00.638430
3680	0	2	2	0	0:00:00.638619
3700	3	-1	4	0	0:00:00.626086
3720	2	2	2	1	0:00:00.636571
3740	0	-1	8	0	0:00:00.640499
3760	7	7	4	1	0:00:00.638532
3780	4	2	2	0	0:00:00.637626
3800	9	3	4	0	0:00:00.639956
3820	0	2	2	0	0:00:00.637610
3840	6	-1	8	0	0:00:00.632763
3860	7	7	7	1	0:00:00.633136
3880	6	4	4	0	0:00:00.638587
3900	3	1	1	0	0:00:00.630869
3920	7	8	8	0	0:00:00.635182
3940	6	-1	4	0	0:00:00.639888
3960	2	5	5	0	0:00:00.636445
3980	9	7	7	0	0:00:00.636346
4000	8	7	4	0	0:00:00.649718
4020	8	1	1	0	0:00:00.642596
4040	0	-1	8	0	0:00:00.641188
4060	6	3	3	0	0:00:00.633902
4080	1	8	8	0	0:00:00.635246
4100	7	7	7	1	0:00:00.635072
4120	4	0	0	0	0:00:00.641525
4140	5	3	3	0	0:00:00.635975
4160	5	2	2	0	0:00:00.636120
4180	0	8	8	0	0:00:00.628781
4200	4	2	2	0	0:00:00.635834
4220	4	0	0	0	0:00:00.631069
4240	7	0	8	0	0:00:00.634146
4260	8	1	1	0	0:00:00.639003
4280	8	0	0	0	0:00:00.636868
4300	8	8	8	1	0:00:00.635077
4320	1	8	8	0	0:00:00.635326
4340	0	8	8	0	0:00:00.634416
4360	6	9	9	0	0:00:00.638467
4380	9	8	8	0	0:00:00.623886
4400	3	4	4	0	0:00:00.615425
4420	5	8	8	0	0:00:00.616443
4440	2	6	4	0	0:00:00.618208
4460	9	8	8	0	0:00:00.615709
4480	9	6	6	0	0:00:00.620058
4500	3	-1	4	0	0:00:00.617445
4520	3	6	6	0	0:00:00.618490
4540	9	-1	1	0	0:00:00.622289
4560	1	-1	4	0	0:00:00.617303
4580	6	4	4	0	0:00:00.627162
4600	4	7	7	0	0:00:00.624622
4620	7	3	3	0	0:00:00.614430
4640	2	4	4	0	0:00:00.613188
4660	7	-1	2	0	0:00:00.613316
4680	9	1	6	0	0:00:00.609652
4700	6	-1	4	0	0:00:00.609435
4720	8	0	0	0	0:00:00.612576
4740	5	-1	4	0	0:00:00.606176
4760	3	-1	4	0	0:00:00.609998
4780	0	-1	8	0	0:00:00.610308
4800	9	9	9	1	0:00:00.614976
4820	3	5	5	0	0:00:00.613322
4840	0	0	6	1	0:00:00.616161
4860	5	-1	8	0	0:00:00.611509
4880	0	2	2	0	0:00:00.622937
4900	3	6	6	0	0:00:00.621006
4920	7	-1	2	0	0:00:00.631772
4940	6	4	4	0	0:00:00.624160
4960	4	3	3	0	0:00:00.630166
4980	1	9	8	0	0:00:00.625521
5000	7	7	5	1	0:00:00.625554
5020	8	1	1	0	0:00:00.626806
5040	3	-1	4	0	0:00:00.622811
5060	6	-1	4	0	0:00:00.626469
5080	7	7	7	1	0:00:00.624521
5100	3	-1	4	0	0:00:00.623807
5120	9	8	8	0	0:00:00.624659
5140	8	0	8	0	0:00:00.628804
5160	0	8	8	0	0:00:00.620879
5180	9	-1	4	0	0:00:00.621951
5200	3	3	3	1	0:00:00.622589
5220	0	-1	8	0	0:00:00.625285
5240	1	-1	2	0	0:00:00.622915
5260	0	0	0	1	0:00:00.627307
5280	0	8	8	0	0:00:00.623017
5300	9	9	5	1	0:00:00.617958
5320	7	-1	3	0	0:00:00.620390
5340	3	4	4	0	0:00:00.633344
5360	9	9	6	1	0:00:00.638251
5380	1	9	9	0	0:00:00.636167
5400	9	-1	2	0	0:00:00.635112
5420	6	-1	3	0	0:00:00.629388
5440	9	9	8	1	0:00:00.630927
5460	0	7	7	0	0:00:00.633121
5480	1	-1	8	0	0:00:00.634208
5500	8	1	0	0	0:00:00.628166
5520	4	-1	3	0	0:00:00.639412
5540	5	-1	2	0	0:00:00.630237
5560	3	6	4	0	0:00:00.634442
5580	5	6	6	0	0:00:00.642191
5600	6	-1	0	0	0:00:00.631149
5620	3	2	2	0	0:00:00.629350
5640	2	5	3	0	0:00:00.635882
5660	9	8	8	0	0:00:00.634957
5680	2	8	8	0	0:00:00.631407
5700	3	-1	2	0	0:00:00.635041
5720	9	-1	7	0	0:00:00.634085
5740	6	4	4	0	0:00:00.638129
5760	2	0	8	0	0:00:00.633058
5780	7	7	4	1	0:00:00.628250
5800	2	-1	4	0	0:00:00.634239
5820	5	6	6	0	0:00:00.633081
5840	2	5	5	0	0:00:00.628000
5860	0	8	8	0	0:00:00.637745
5880	0	8	8	0	0:00:00.633706
5900	4	-1	0	0	0:00:00.634528
5920	8	8	6	1	0:00:00.630214
5940	7	4	4	0	0:00:00.637637
5960	2	-1	4	0	0:00:00.630841
5980	9	9	6	1	0:00:00.633654
6000	8	9	8	0	0:00:00.627412
6020	6	-1	2	0	0:00:00.634443
6040	2	7	7	0	0:00:00.640031
6060	3	4	4	0	0:00:00.632591
6080	1	-1	2	0	0:00:00.636273
6100	1	-1	4	0	0:00:00.633734
6120	5	3	3	0	0:00:00.634926
6140	9	-1	7	0	0:00:00.637533
6160	2	5	5	0	0:00:00.631469
6180	0	8	8	0	0:00:00.631317
6200	3	0	0	0	0:00:00.633199
6220	2	5	5	0	0:00:00.635343
6240	2	-1	4	0	0:00:00.696429
6260	2	-1	8	0	0:00:00.629963
6280	8	-1	4	0	0:00:00.624289
6300	1	-1	4	0	0:00:00.627797
6320	0	0	4	1	0:00:00.620848
6340	3	-1	2	0	0:00:00.619682
6360	2	6	6	0	0:00:00.622350
6380	3	6	6	0	0:00:00.629444
6400	0	-1	4	0	0:00:00.618000
6420	7	-1	8	0	0:00:00.622325
6440	3	8	8	0	0:00:00.621664
6460	3	-1	4	0	0:00:00.621425
6480	0	2	2	0	0:00:00.625161
6500	7	-1	8	0	0:00:00.624239
6520	6	4	4	0	0:00:00.620765
6540	8	8	8	1	0:00:00.619942
6560	6	-1	4	0	0:00:00.622038
6580	1	-1	2	0	0:00:00.623024
6600	7	7	7	1	0:00:00.624260
6620	7	-1	3	0	0:00:00.621550
6640	5	8	8	0	0:00:00.624644
6660	0	-1	8	0	0:00:00.620644
6680	3	5	5	0	0:00:00.618991
6700	6	-1	4	0	0:00:00.615571
6720	2	4	4	0	0:00:00.620413
6740	2	4	4	0	0:00:00.620127
6760	5	-1	2	0	0:00:00.620689
6780	7	7	4	1	0:00:00.618550
6800	6	-1	4	0	0:00:00.621698
6820	1	1	8	1	0:00:00.627494
6840	9	9	4	1	0:00:00.631622
6860	0	2	2	0	0:00:00.633904
6880	2	-1	6	0	0:00:00.629988
6900	3	-1	4	0	0:00:00.622348
6920	5	2	2	0	0:00:00.639472
6940	1	1	4	1	0:00:00.636601
6960	9	8	8	0	0:00:00.638788
6980	0	-1	1	0	0:00:00.636929
7000	2	8	8	0	0:00:00.637727
7020	7	1	8	0	0:00:00.639091
7040	7	8	8	0	0:00:00.642781
7060	8	0	0	0	0:00:00.638734
7080	5	4	4	0	0:00:00.638461
7100	9	3	3	0	0:00:00.641173
7120	7	6	6	0	0:00:00.637040
7140	4	-1	3	0	0:00:00.638874
7160	5	4	4	0	0:00:00.641973
7180	6	-1	5	0	0:00:00.638954
7200	4	6	6	0	0:00:00.632357
7220	9	-1	8	0	0:00:00.636804
7240	0	8	8	0	0:00:00.646852
7260	1	8	8	0	0:00:00.639591
7280	1	6	2	0	0:00:00.638889
7300	3	-1	4	0	0:00:00.631067
7320	8	0	0	0	0:00:00.635303
7340	2	4	4	0	0:00:00.639259
7360	2	-1	4	0	0:00:00.642393
7380	7	-1	5	0	0:00:00.635535
7400	3	-1	5	0	0:00:00.647997
7420	3	0	0	0	0:00:00.642705
7440	3	-1	2	0	0:00:00.631171
7460	5	5	5	1	0:00:00.637513
7480	1	-1	5	0	0:00:00.638516
7500	6	6	6	1	0:00:00.637312
7520	4	-1	2	0	0:00:00.637453
7540	5	5	5	1	0:00:00.637088
7560	0	-1	2	0	0:00:00.636068
7580	8	-1	8	0	0:00:00.637290
7600	8	-1	2	0	0:00:00.639362
7620	5	-1	9	0	0:00:00.634984
7640	9	-1	6	0	0:00:00.640744
7660	7	-1	4	0	0:00:00.638715
7680	3	9	3	0	0:00:00.637527
7700	6	6	4	1	0:00:00.636473
7720	5	-1	4	0	0:00:00.633600
7740	4	-1	2	0	0:00:00.645918
7760	2	9	8	0	0:00:00.635700
7780	3	-1	8	0	0:00:00.637933
7800	0	-1	8	0	0:00:00.638324
7820	5	8	8	0	0:00:00.632130
7840	1	1	1	1	0:00:00.633605
7860	8	-1	4	0	0:00:00.637279
7880	0	-1	2	0	0:00:00.634600
7900	0	4	2	0	0:00:00.639961
7920	9	8	8	0	0:00:00.636887
7940	2	-1	4	0	0:00:00.635954
7960	0	-1	3	0	0:00:00.632578
7980	3	-1	4	0	0:00:00.638906
8000	9	-1	0	0	0:00:00.640161
8020	6	3	3	0	0:00:00.638082
8040	2	-1	4	0	0:00:00.640227
8060	6	-1	4	0	0:00:00.640204
8080	4	6	6	0	0:00:00.646103
8100	6	2	2	0	0:00:00.636179
8120	8	9	9	0	0:00:00.637039
8140	5	4	4	0	0:00:00.644744
8160	6	9	6	0	0:00:00.644052
8180	4	4	2	1	0:00:00.643350
8200	3	-1	2	0	0:00:00.641294
8220	6	-1	2	0	0:00:00.636434
8240	7	7	8	1	0:00:00.638138
8260	1	3	3	0	0:00:00.636881
8280	4	-1	3	0	0:00:00.637848
8300	5	2	2	0	0:00:00.635031
8320	7	4	4	0	0:00:00.644286
8340	5	-1	4	0	0:00:00.637091
8360	7	-1	4	0	0:00:00.639737
8380	9	8	8	0	0:00:00.637372
8400	0	8	8	0	0:00:00.643053
8420	3	-1	4	0	0:00:00.647143
8440	5	-1	4	0	0:00:00.640504
8460	8	-1	8	0	0:00:00.634768
8480	2	8	8	0	0:00:00.638692
8500	4	2	2	0	0:00:00.641099
8520	8	-1	4	0	0:00:00.629889
8540	4	2	2	0	0:00:00.635709
8560	7	4	4	0	0:00:00.641050
8580	3	-1	2	0	0:00:00.637303
8600	3	-1	4	0	0:00:00.642576
8620	3	-1	4	0	0:00:00.642047
8640	1	1	0	1	0:00:00.632580
8660	7	-1	5	0	0:00:00.635112
8680	3	-1	8	0	0:00:00.639427
8700	3	3	2	1	0:00:00.644808
8720	2	0	8	0	0:00:00.635542
8740	2	4	4	0	0:00:00.637826
8760	8	5	5	0	0:00:00.640488
8780	4	-1	2	0	0:00:00.632495
8800	0	0	0	1	0:00:00.637157
8820	2	3	3	0	0:00:00.637602
8840	2	-1	7	0	0:00:00.637702
8860	2	-1	8	0	0:00:00.635494
8880	1	-1	2	0	0:00:00.640131
8900	2	-1	4	0	0:00:00.643199
8920	6	6	4	1	0:00:00.642418
8940	6	3	3	0	0:00:00.640605
8960	0	0	0	1	0:00:00.638557
8980	9	-1	8	0	0:00:00.644854
9000	8	8	8	1	0:00:00.637975
9020	7	9	8	0	0:00:00.633754
9040	2	5	5	0	0:00:00.644515
9060	9	5	5	0	0:00:00.638710
9080	3	0	0	0	0:00:00.643913
9100	9	6	6	0	0:00:00.635096
9120	3	0	0	0	0:00:00.639762
9140	7	-1	8	0	0:00:00.641636
9160	5	-1	4	0	0:00:00.641652
9180	5	5	5	1	0:00:00.640508
9200	8	8	8	1	0:00:00.644523
9220	8	8	8	1	0:00:00.639561
9240	8	-1	2	0	0:00:00.638239
9260	5	6	4	0	0:00:00.640360
9280	9	-1	8	0	0:00:00.641027
9300	5	-1	2	0	0:00:00.644626
9320	9	-1	8	0	0:00:00.641632
9340	1	1	1	1	0:00:00.650145
9360	5	-1	4	0	0:00:00.640249
9380	5	9	9	0	0:00:00.639443
9400	6	-1	2	0	0:00:00.636202
9420	5	6	6	0	0:00:00.639597
9440	8	8	8	1	0:00:00.635237
9460	3	-1	4	0	0:00:00.638887
9480	2	4	4	0	0:00:00.642588
9500	9	-1	4	0	0:00:00.647306
9520	1	-1	8	0	0:00:00.638737
9540	5	-1	4	0	0:00:00.640415
9560	9	7	7	0	0:00:00.639132
9580	1	4	4	0	0:00:00.639779
9600	8	-1	8	0	0:00:00.636234
9620	4	2	2	0	0:00:00.639763
9640	5	6	6	0	0:00:00.635744
9660	6	-1	6	0	0:00:00.642459
9680	8	-1	8	0	0:00:00.638994
9700	0	-1	2	0	0:00:00.638293
9720	8	6	6	0	0:00:00.647078
9740	3	4	4	0	0:00:00.643700
9760	9	-1	4	0	0:00:00.648779
9780	4	6	6	0	0:00:00.643397
9800	1	1	1	1	0:00:00.642926
9820	0	8	8	0	0:00:00.638561
9840	4	-1	3	0	0:00:00.637928
9860	0	-1	2	0	0:00:00.640863
9880	7	-1	8	0	0:00:00.639137
9900	8	-1	6	0	0:00:00.635956
9920	6	4	2	0	0:00:00.619131
9940	4	-1	6	0	0:00:00.621683
9960	2	0	0	0	0:00:00.617587
9980	0	0	4	1	0:00:00.623052
