idx	label	predict	basePredict	correct	time
0	3	-1	5	0	0:00:01.472735
20	7	-1	9	0	0:00:01.320877
40	4	4	4	1	0:00:01.332313
60	7	7	7	1	0:00:01.307986
80	8	8	8	1	0:00:01.323934
100	4	5	5	0	0:00:01.338825
120	8	8	8	1	0:00:01.296183
140	6	6	2	1	0:00:01.262096
160	2	7	7	0	0:00:01.282355
180	0	0	0	1	0:00:01.271353
200	5	-1	3	0	0:00:01.303686
220	7	7	7	1	0:00:01.266110
240	1	1	1	1	0:00:01.238470
260	8	8	5	1	0:00:01.260534
280	9	9	9	1	0:00:01.243722
300	6	6	6	1	0:00:01.267778
320	3	5	5	0	0:00:01.267836
340	2	-1	4	0	0:00:01.270189
360	9	9	7	1	0:00:01.289389
380	6	6	8	1	0:00:01.305670
400	9	9	9	1	0:00:01.269398
420	4	4	3	1	0:00:01.272125
440	1	1	1	1	0:00:01.266222
460	5	5	5	1	0:00:01.263585
480	8	9	9	0	0:00:01.278999
500	4	6	6	0	0:00:01.273968
520	5	5	5	1	0:00:01.302380
540	1	1	1	1	0:00:01.270339
560	0	0	0	1	0:00:01.266008
580	4	4	4	1	0:00:01.249671
600	8	8	8	1	0:00:01.254448
620	7	7	7	1	0:00:01.270654
640	5	3	3	0	0:00:01.260955
660	9	9	9	1	0:00:01.260551
680	9	1	1	0	0:00:01.256479
700	7	7	7	1	0:00:01.249786
720	4	4	4	1	0:00:01.281568
740	2	5	5	0	0:00:01.266995
760	3	3	5	1	0:00:01.262720
780	9	9	9	1	0:00:01.275608
800	7	7	7	1	0:00:01.287784
820	6	1	1	0	0:00:01.254539
840	7	7	7	1	0:00:01.254346
860	4	4	4	1	0:00:01.281322
880	8	8	8	1	0:00:01.253424
900	2	6	6	0	0:00:01.298943
920	6	6	4	1	0:00:01.275989
940	9	9	9	1	0:00:01.265517
960	9	8	8	0	0:00:01.272303
980	2	6	2	0	0:00:01.252239
1000	5	5	5	1	0:00:01.161361
1020	1	1	1	1	0:00:01.170785
1040	7	5	5	0	0:00:01.176110
1060	9	9	9	1	0:00:01.177564
1080	6	2	2	0	0:00:01.201737
1100	7	7	8	1	0:00:01.172398
1120	5	2	2	0	0:00:01.168646
1140	6	-1	4	0	0:00:01.175010
1160	8	8	8	1	0:00:01.177891
1180	3	2	2	0	0:00:01.187830
1200	8	8	0	1	0:00:01.171136
1220	9	6	2	0	0:00:01.176945
1240	2	6	6	0	0:00:01.185434
1260	1	9	9	0	0:00:01.192448
1280	3	7	7	0	0:00:01.179518
1300	4	3	3	0	0:00:01.172997
1320	7	2	2	0	0:00:01.173933
1340	1	1	1	1	0:00:01.179580
1360	7	7	2	1	0:00:01.188079
1380	4	5	5	0	0:00:01.192064
1400	5	-1	2	0	0:00:01.180627
1420	4	7	7	0	0:00:01.177609
1440	0	0	0	1	0:00:01.188375
1460	6	6	2	1	0:00:01.177407
1480	1	1	1	1	0:00:01.172824
1500	1	1	1	1	0:00:01.179150
1520	7	7	7	1	0:00:01.203150
1540	8	8	8	1	0:00:01.172047
1560	7	7	7	1	0:00:01.185822
1580	6	1	1	0	0:00:01.185613
1600	8	9	2	0	0:00:01.186481
1620	5	4	4	0	0:00:01.178262
1640	7	3	3	0	0:00:01.176160
1660	3	3	2	1	0:00:01.174788
1680	6	6	6	1	0:00:01.183943
1700	5	2	2	0	0:00:01.174002
1720	4	3	3	0	0:00:01.166113
1740	1	9	9	0	0:00:01.177839
1760	0	8	8	0	0:00:01.185360
1780	7	7	7	1	0:00:01.187779
1800	4	0	8	0	0:00:01.177572
1820	8	9	9	0	0:00:01.203939
1840	8	9	4	0	0:00:01.173742
1860	8	8	8	1	0:00:01.177186
1880	1	1	1	1	0:00:01.178518
1900	8	8	8	1	0:00:01.179339
1920	2	2	2	1	0:00:01.185078
1940	5	5	5	1	0:00:01.171208
1960	2	5	5	0	0:00:01.179354
1980	9	9	9	1	0:00:01.175846
2000	1	1	1	1	0:00:01.204337
2020	9	9	9	1	0:00:01.182707
2040	0	0	0	1	0:00:01.172917
2060	5	3	3	0	0:00:01.183724
2080	1	1	8	1	0:00:01.186529
2100	2	2	2	1	0:00:01.182045
2120	4	8	8	0	0:00:01.180125
2140	9	9	9	1	0:00:01.180966
2160	0	8	8	0	0:00:01.168482
2180	4	4	4	1	0:00:01.178936
2200	0	0	0	1	0:00:01.201298
2220	1	1	1	1	0:00:01.171623
2240	9	9	1	1	0:00:01.177329
2260	4	9	9	0	0:00:01.180539
2280	4	3	3	0	0:00:01.176978
2300	3	4	8	0	0:00:01.185178
2320	5	2	2	0	0:00:01.173633
2340	7	7	7	1	0:00:01.176027
2360	7	7	7	1	0:00:01.185252
2380	8	8	8	1	0:00:01.213011
2400	0	0	0	1	0:00:01.182228
2420	8	-1	5	0	0:00:01.181264
2440	7	7	7	1	0:00:01.179231
2460	9	3	0	0	0:00:01.178622
2480	8	8	8	1	0:00:01.171537
2500	4	2	2	0	0:00:01.166186
2520	1	-1	8	0	0:00:01.169416
2540	2	3	3	0	0:00:01.182932
2560	7	7	7	1	0:00:01.204501
2580	6	6	3	1	0:00:01.178881
2600	8	8	8	1	0:00:01.178559
2620	1	1	1	1	0:00:01.168642
2640	7	7	7	1	0:00:01.174930
2660	3	2	2	0	0:00:01.171796
2680	0	0	0	1	0:00:01.180793
2700	9	1	1	0	0:00:01.180903
2720	3	2	2	0	0:00:01.170516
2740	1	1	1	1	0:00:01.206507
2760	2	2	2	1	0:00:01.189563
2780	7	7	7	1	0:00:01.170146
2800	4	4	6	1	0:00:01.169904
2820	6	6	6	1	0:00:01.185456
2840	3	3	3	1	0:00:01.173133
2860	5	7	7	0	0:00:01.162008
2880	4	4	4	1	0:00:01.174623
2900	3	5	5	0	0:00:01.172921
2920	2	2	2	1	0:00:01.179459
2940	3	0	0	0	0:00:01.212603
2960	9	9	8	1	0:00:01.171582
2980	8	8	8	1	0:00:01.180444
3000	5	5	5	1	0:00:01.175175
3020	1	1	1	1	0:00:01.153480
3040	7	7	7	1	0:00:01.158573
3060	7	7	7	1	0:00:01.145904
3080	1	1	1	1	0:00:01.150286
3100	0	0	0	1	0:00:01.145361
3120	4	6	0	0	0:00:01.200889
3140	8	8	8	1	0:00:01.168623
3160	6	2	2	0	0:00:01.185988
3180	3	3	3	1	0:00:01.166468
3200	5	5	5	1	0:00:01.175887
3220	3	9	9	0	0:00:01.178167
3240	4	0	0	0	0:00:01.167703
3260	7	7	7	1	0:00:01.172377
3280	3	5	5	0	0:00:01.181670
3300	4	2	2	0	0:00:01.193426
3320	2	7	7	0	0:00:01.187594
3340	6	6	2	1	0:00:01.168828
3360	4	4	2	1	0:00:01.151662
3380	8	8	8	1	0:00:01.169494
3400	6	7	7	0	0:00:01.160477
3420	5	7	7	0	0:00:01.157850
3440	2	-1	3	0	0:00:01.169539
3460	1	1	1	1	0:00:01.168685
3480	2	2	2	1	0:00:01.171180
3500	1	9	9	0	0:00:01.190888
3520	1	1	1	1	0:00:01.182459
3540	6	6	2	1	0:00:01.193369
3560	1	9	0	0	0:00:01.192592
3580	4	2	2	0	0:00:01.150118
3600	4	2	2	0	0:00:01.162341
3620	0	-1	3	0	0:00:01.175094
3640	6	2	3	0	0:00:01.162475
3660	0	8	8	0	0:00:01.152348
3680	0	-1	2	0	0:00:01.195872
3700	3	3	3	1	0:00:01.156095
3720	2	2	2	1	0:00:01.162201
3740	0	0	0	1	0:00:01.181108
3760	7	7	7	1	0:00:01.174546
3780	4	4	2	1	0:00:01.176847
3800	9	9	9	1	0:00:01.166746
3820	0	-1	2	0	0:00:01.170378
3840	6	3	3	0	0:00:01.182481
3860	7	7	7	1	0:00:01.163348
3880	6	6	4	1	0:00:01.202169
3900	3	6	6	0	0:00:01.152340
3920	7	9	5	0	0:00:01.137041
3940	6	7	7	0	0:00:01.147672
3960	2	2	2	1	0:00:01.150471
3980	9	2	2	0	0:00:01.156976
4000	8	9	9	0	0:00:01.159889
4020	8	8	8	1	0:00:01.168409
4040	0	0	0	1	0:00:01.171738
4060	6	3	3	0	0:00:01.197897
4080	1	1	1	1	0:00:01.181818
4100	7	7	7	1	0:00:01.170592
4120	4	4	4	1	0:00:01.175295
4140	5	5	5	1	0:00:01.149181
4160	5	5	5	1	0:00:01.158260
4180	0	8	8	0	0:00:01.144555
4200	4	2	2	0	0:00:01.158409
4220	4	0	0	0	0:00:01.153567
4240	7	0	0	0	0:00:01.184254
4260	8	8	8	1	0:00:01.171616
4280	8	9	9	0	0:00:01.156599
4300	8	8	8	1	0:00:01.162359
4320	1	8	8	0	0:00:01.169789
4340	0	0	0	1	0:00:01.174811
4360	6	9	3	0	0:00:01.176797
4380	9	9	9	1	0:00:01.164172
4400	3	4	8	0	0:00:01.172942
4420	5	4	4	0	0:00:01.157450
4440	2	2	7	1	0:00:01.167528
4460	9	9	9	1	0:00:01.102695
4480	9	9	9	1	0:00:01.116576
4500	3	5	5	0	0:00:01.136262
4520	3	6	6	0	0:00:01.146513
4540	9	9	9	1	0:00:01.156286
4560	1	1	1	1	0:00:01.172945
4580	6	4	4	0	0:00:01.166013
4600	4	4	4	1	0:00:01.168787
4620	7	7	7	1	0:00:01.189885
4640	2	2	2	1	0:00:01.181432
4660	7	6	2	0	0:00:01.168485
4680	9	9	9	1	0:00:01.178513
4700	6	2	2	0	0:00:01.193320
4720	8	8	0	1	0:00:01.170575
4740	5	3	2	0	0:00:01.160014
4760	3	2	2	0	0:00:01.177983
4780	0	0	8	1	0:00:01.175781
4800	9	9	9	1	0:00:01.168801
4820	3	-1	5	0	0:00:01.178607
4840	0	0	0	1	0:00:01.144848
4860	5	5	5	1	0:00:01.153135
4880	0	7	8	0	0:00:01.150465
4900	3	3	0	1	0:00:01.164058
4920	7	7	7	1	0:00:01.170037
4940	6	6	2	1	0:00:01.159300
4960	4	4	3	1	0:00:01.153403
4980	1	9	9	0	0:00:01.162208
5000	7	7	7	1	0:00:01.203445
5020	8	8	8	1	0:00:01.128569
5040	3	3	3	1	0:00:01.126364
5060	6	-1	2	0	0:00:01.124011
5080	7	7	7	1	0:00:01.140529
5100	3	3	3	1	0:00:01.151124
5120	9	9	8	1	0:00:01.173692
5140	8	8	8	1	0:00:01.176456
5160	0	0	8	1	0:00:01.165838
5180	9	7	7	0	0:00:01.147053
5200	3	3	3	1	0:00:01.153335
5220	0	0	0	1	0:00:01.091292
5240	1	9	9	0	0:00:01.115852
5260	0	0	0	1	0:00:01.117224
5280	0	8	8	0	0:00:01.119481
5300	9	9	9	1	0:00:01.121742
5320	7	7	7	1	0:00:01.110997
5340	3	4	7	0	0:00:01.111505
5360	9	9	9	1	0:00:01.107184
5380	1	9	9	0	0:00:01.147985
5400	9	9	9	1	0:00:01.181475
5420	6	6	6	1	0:00:01.159383
5440	9	9	9	1	0:00:01.212430
5460	0	-1	0	0	0:00:01.175910
5480	1	1	1	1	0:00:01.164073
5500	8	1	8	0	0:00:01.171625
5520	4	2	2	0	0:00:01.165471
5540	5	6	4	0	0:00:01.181888
5560	3	6	5	0	0:00:01.180106
5580	5	3	3	0	0:00:01.154247
5600	6	3	0	0	0:00:01.097681
5620	3	2	2	0	0:00:01.089724
5640	2	3	3	0	0:00:01.091422
5660	9	9	1	1	0:00:01.156735
5680	2	3	3	0	0:00:01.171454
5700	3	0	0	0	0:00:01.160179
5720	9	9	9	1	0:00:01.172561
5740	6	4	4	0	0:00:01.174472
5760	2	2	8	1	0:00:01.182493
5780	7	7	7	1	0:00:01.178524
5800	2	2	2	1	0:00:01.174181
5820	5	-1	3	0	0:00:01.184246
5840	2	2	2	1	0:00:01.164935
5860	0	0	0	1	0:00:01.172607
5880	0	0	0	1	0:00:01.143056
5900	4	0	0	0	0:00:01.161846
5920	8	8	8	1	0:00:01.165722
5940	7	7	5	1	0:00:01.167516
5960	2	6	4	0	0:00:01.209284
5980	9	9	9	1	0:00:01.155896
6000	8	8	8	1	0:00:01.185549
6020	6	6	2	1	0:00:01.164526
6040	2	7	7	0	0:00:01.172969
6060	3	4	4	0	0:00:01.149499
6080	1	1	9	1	0:00:01.133417
6100	1	1	1	1	0:00:01.137404
6120	5	5	5	1	0:00:01.135625
6140	9	9	9	1	0:00:01.169809
6160	2	2	2	1	0:00:01.160800
6180	0	0	0	1	0:00:01.156529
6200	3	3	8	1	0:00:01.172403
6220	2	5	5	0	0:00:01.187498
6240	2	-1	0	0	0:00:01.178043
6260	2	1	1	0	0:00:01.174439
6280	8	5	5	0	0:00:01.184504
6300	1	1	1	1	0:00:01.180708
6320	0	0	0	1	0:00:01.193058
6340	3	3	3	1	0:00:01.192684
6360	2	2	2	1	0:00:01.169027
6380	3	3	0	1	0:00:01.162141
6400	0	8	8	0	0:00:01.169827
6420	7	7	7	1	0:00:01.181514
6440	3	8	8	0	0:00:01.165981
6460	3	3	0	1	0:00:01.174200
6480	0	3	3	0	0:00:01.190150
6500	7	6	8	0	0:00:01.177566
6520	6	2	2	0	0:00:01.175150
6540	8	8	8	1	0:00:01.169110
6560	6	6	4	1	0:00:01.192214
6580	1	7	2	0	0:00:01.170213
6600	7	7	7	1	0:00:01.184407
6620	7	7	7	1	0:00:01.183711
6640	5	3	3	0	0:00:01.193560
6660	0	0	9	1	0:00:01.188087
6680	3	5	5	0	0:00:01.174940
6700	6	6	6	1	0:00:01.200557
6720	2	2	2	1	0:00:01.187633
6740	2	4	4	0	0:00:01.170986
6760	5	5	5	1	0:00:01.171948
6780	7	7	7	1	0:00:01.162834
6800	6	4	2	0	0:00:01.159472
6820	1	1	1	1	0:00:01.176449
6840	9	9	1	1	0:00:01.170263
6860	0	0	0	1	0:00:01.184656
6880	2	2	2	1	0:00:01.198457
6900	3	3	3	1	0:00:01.185473
6920	5	2	2	0	0:00:01.159380
6940	1	1	1	1	0:00:01.161828
6960	9	9	8	1	0:00:01.164404
6980	0	9	9	0	0:00:01.172704
7000	2	8	8	0	0:00:01.156636
7020	7	7	7	1	0:00:01.145574
7040	7	8	8	0	0:00:01.157439
7060	8	8	8	1	0:00:01.170022
7080	5	4	4	0	0:00:01.203860
7100	9	3	3	0	0:00:01.172874
7120	7	7	7	1	0:00:01.162834
7140	4	2	2	0	0:00:01.156181
7160	5	5	5	1	0:00:01.167456
7180	6	6	3	1	0:00:01.168444
7200	4	6	2	0	0:00:01.198501
7220	9	9	9	1	0:00:01.173919
7240	0	8	8	0	0:00:01.159107
7260	1	1	1	1	0:00:01.176271
7280	1	1	0	1	0:00:01.184991
7300	3	4	4	0	0:00:01.138953
7320	8	0	0	0	0:00:01.140394
7340	2	4	4	0	0:00:01.162524
7360	2	5	2	0	0:00:01.131143
7380	7	7	7	1	0:00:01.153687
7400	3	5	5	0	0:00:01.130219
7420	3	4	2	0	0:00:01.153620
7440	3	3	2	1	0:00:01.162483
7460	5	5	5	1	0:00:01.208284
7480	1	8	8	0	0:00:01.169622
7500	6	6	6	1	0:00:01.155500
7520	4	4	4	1	0:00:01.152294
7540	5	5	5	1	0:00:01.146577
7560	0	0	0	1	0:00:01.143528
7580	8	8	8	1	0:00:01.159420
7600	8	9	2	0	0:00:01.163203
7620	5	3	3	0	0:00:01.138801
7640	9	9	8	1	0:00:01.182898
7660	7	7	4	1	0:00:01.169770
7680	3	-1	7	0	0:00:01.153114
7700	6	6	6	1	0:00:01.152093
7720	5	8	8	0	0:00:01.140977
7740	4	2	2	0	0:00:01.165865
7760	2	8	8	0	0:00:01.142015
7780	3	8	8	0	0:00:01.152419
7800	0	0	0	1	0:00:01.155003
7820	5	0	0	0	0:00:01.147920
7840	1	1	1	1	0:00:01.200754
7860	8	8	8	1	0:00:01.114565
7880	0	0	0	1	0:00:01.158546
7900	0	0	8	1	0:00:01.120090
7920	9	9	9	1	0:00:01.192150
7940	2	6	2	0	0:00:01.172053
7960	0	0	0	1	0:00:01.170092
7980	3	3	3	1	0:00:01.151212
8000	9	9	9	1	0:00:01.177776
8020	6	7	7	0	0:00:01.169211
8040	2	2	2	1	0:00:01.189250
8060	6	6	6	1	0:00:01.165595
8080	4	4	2	1	0:00:01.165742
8100	6	6	2	1	0:00:01.170013
8120	8	9	9	0	0:00:01.142382
8140	5	4	4	0	0:00:01.134393
8160	6	6	6	1	0:00:01.124782
8180	4	-1	4	0	0:00:01.125866
8200	3	0	0	0	0:00:01.140869
8220	6	7	5	0	0:00:01.202613
8240	7	7	7	1	0:00:01.134585
8260	1	1	1	1	0:00:01.138674
8280	4	3	5	0	0:00:01.143244
8300	5	2	2	0	0:00:01.156487
8320	7	7	3	1	0:00:01.155683
8340	5	5	5	1	0:00:01.152348
8360	7	7	7	1	0:00:01.146829
8380	9	9	9	1	0:00:01.152528
8400	0	8	8	0	0:00:01.187790
8420	3	6	4	0	0:00:01.168334
8440	5	3	3	0	0:00:01.147782
8460	8	8	8	1	0:00:01.146211
8480	2	2	2	1	0:00:01.138306
8500	4	4	4	1	0:00:01.124127
8520	8	1	8	0	0:00:01.114671
8540	4	4	2	1	0:00:01.139738
8560	7	7	7	1	0:00:01.142006
8580	3	9	9	0	0:00:01.123515
8600	3	5	0	0	0:00:01.210213
8620	3	4	4	0	0:00:01.142933
8640	1	1	1	1	0:00:01.156106
8660	7	7	7	1	0:00:01.153012
8680	3	2	2	0	0:00:01.154247
8700	3	3	3	1	0:00:01.142879
8720	2	0	0	0	0:00:01.152577
8740	2	4	4	0	0:00:01.152094
8760	8	8	8	1	0:00:01.156546
8780	4	4	0	1	0:00:01.185597
8800	0	0	0	1	0:00:01.186546
8820	2	2	2	1	0:00:01.161731
8840	2	5	5	0	0:00:01.150450
8860	2	2	2	1	0:00:01.142610
8880	1	1	1	1	0:00:01.159632
8900	2	4	4	0	0:00:01.155909
8920	6	6	6	1	0:00:01.175844
8940	6	3	3	0	0:00:01.149527
8960	0	0	0	1	0:00:01.143576
8980	9	9	9	1	0:00:01.184478
9000	8	8	8	1	0:00:01.145734
9020	7	7	7	1	0:00:01.145481
9040	2	5	5	0	0:00:01.136379
9060	9	9	5	1	0:00:01.128906
9080	3	2	2	0	0:00:01.143266
9100	9	1	1	0	0:00:01.135916
9120	3	-1	2	0	0:00:01.140948
9140	7	7	7	1	0:00:01.137463
9160	5	5	5	1	0:00:01.170190
9180	5	5	5	1	0:00:01.171768
9200	8	8	8	1	0:00:01.150584
9220	8	8	8	1	0:00:01.148202
9240	8	8	8	1	0:00:01.163742
9260	5	5	5	1	0:00:01.175129
9280	9	8	8	0	0:00:01.159358
9300	5	2	2	0	0:00:01.146947
9320	9	9	9	1	0:00:01.151068
9340	1	1	1	1	0:00:01.145441
9360	5	0	0	0	0:00:01.210138
9380	5	3	3	0	0:00:01.148756
9400	6	6	4	1	0:00:01.160869
9420	5	5	5	1	0:00:01.155392
9440	8	8	8	1	0:00:01.157723
9460	3	7	7	0	0:00:01.148408
9480	2	4	4	0	0:00:01.145727
9500	9	9	9	1	0:00:01.146015
9520	1	1	1	1	0:00:01.154186
9540	5	5	5	1	0:00:01.204953
9560	9	7	8	0	0:00:01.170810
9580	1	1	1	1	0:00:01.182987
9600	8	8	8	1	0:00:01.148166
9620	4	4	4	1	0:00:01.158937
9640	5	5	5	1	0:00:01.156396
9660	6	6	6	1	0:00:01.156178
9680	8	8	8	1	0:00:01.159427
9700	0	0	8	1	0:00:01.157083
9720	8	8	8	1	0:00:01.170708
9740	3	6	2	0	0:00:01.220649
9760	9	7	7	0	0:00:01.148229
9780	4	6	6	0	0:00:01.167500
9800	1	1	1	1	0:00:01.246269
9820	0	8	8	0	0:00:01.166167
9840	4	5	3	0	0:00:01.144057
9860	0	0	8	1	0:00:01.159729
9880	7	3	3	0	0:00:01.154126
9900	8	8	8	1	0:00:01.150402
9920	6	6	6	1	0:00:01.197769
9940	4	4	5	1	0:00:01.177905
9960	2	0	0	0	0:00:01.160865
9980	0	0	0	1	0:00:01.160137
