idx	label	predict	basePredict	correct	time
0	3	-1	4	0	0:00:01.415594
20	7	9	9	0	0:00:01.258434
40	4	8	8	0	0:00:01.268989
60	7	7	4	1	0:00:01.295074
80	8	8	8	1	0:00:01.269841
100	4	5	5	0	0:00:01.274727
120	8	8	8	1	0:00:01.254438
140	6	2	2	0	0:00:01.262376
160	2	2	2	1	0:00:01.244308
180	0	0	0	1	0:00:01.254470
200	5	3	3	0	0:00:01.267382
220	7	7	7	1	0:00:01.284089
240	1	1	1	1	0:00:01.265693
260	8	5	5	0	0:00:01.260998
280	9	9	9	1	0:00:01.257461
300	6	6	4	1	0:00:01.282697
320	3	5	2	0	0:00:01.233623
340	2	4	4	0	0:00:01.275309
360	9	6	6	0	0:00:01.269497
380	6	6	8	1	0:00:01.279368
400	9	1	1	0	0:00:01.256157
420	4	6	6	0	0:00:01.272803
440	1	1	1	1	0:00:01.279130
460	5	5	5	1	0:00:01.292535
480	8	9	9	0	0:00:01.263099
500	4	6	6	0	0:00:01.256274
520	5	7	7	0	0:00:01.272667
540	1	8	8	0	0:00:01.263404
560	0	0	0	1	0:00:01.268604
580	4	6	6	0	0:00:01.315869
600	8	8	8	1	0:00:01.267906
620	7	6	6	0	0:00:01.253321
640	5	3	3	0	0:00:01.278648
660	9	9	9	1	0:00:01.275197
680	9	1	1	0	0:00:01.272012
700	7	7	7	1	0:00:01.262740
720	4	9	9	0	0:00:01.267509
740	2	5	5	0	0:00:01.274508
760	3	9	9	0	0:00:01.305016
780	9	9	8	1	0:00:01.261749
800	7	7	7	1	0:00:01.259480
820	6	9	9	0	0:00:01.262100
840	7	7	7	1	0:00:01.270879
860	4	6	6	0	0:00:01.286824
880	8	8	8	1	0:00:01.277007
900	2	6	6	0	0:00:01.269756
920	6	2	2	0	0:00:01.261157
940	9	1	1	0	0:00:01.276308
960	9	9	8	1	0:00:01.272928
980	2	6	6	0	0:00:01.281653
1000	5	5	5	1	0:00:01.189703
1020	1	1	1	1	0:00:01.182197
1040	7	5	5	0	0:00:01.178442
1060	9	9	8	1	0:00:01.167036
1080	6	6	6	1	0:00:01.152875
1100	7	8	8	0	0:00:01.188051
1120	5	2	2	0	0:00:01.174333
1140	6	6	6	1	0:00:01.169369
1160	8	0	0	0	0:00:01.160539
1180	3	9	9	0	0:00:01.169980
1200	8	0	0	0	0:00:01.179612
1220	9	7	2	0	0:00:01.181550
1240	2	6	6	0	0:00:01.185363
1260	1	9	9	0	0:00:01.213112
1280	3	7	7	0	0:00:01.223809
1300	4	6	6	0	0:00:01.114301
1320	7	7	2	1	0:00:01.111581
1340	1	1	1	1	0:00:01.108985
1360	7	5	2	0	0:00:01.108932
1380	4	5	5	0	0:00:01.152821
1400	5	6	2	0	0:00:01.094136
1420	4	7	7	0	0:00:01.104592
1440	0	8	0	0	0:00:01.105631
1460	6	6	6	1	0:00:01.104951
1480	1	5	5	0	0:00:01.152743
1500	1	9	9	0	0:00:01.149226
1520	7	6	6	0	0:00:01.170603
1540	8	8	8	1	0:00:01.145814
1560	7	7	7	1	0:00:01.163944
1580	6	1	1	0	0:00:01.157865
1600	8	-1	6	0	0:00:01.122745
1620	5	8	8	0	0:00:01.095301
1640	7	5	5	0	0:00:01.095522
1660	3	5	5	0	0:00:01.121912
1680	6	6	6	1	0:00:01.107584
1700	5	2	2	0	0:00:01.106740
1720	4	0	0	0	0:00:01.115076
1740	1	9	9	0	0:00:01.169147
1760	0	8	8	0	0:00:01.174980
1780	7	8	8	0	0:00:01.175573
1800	4	8	8	0	0:00:01.161328
1820	8	1	1	0	0:00:01.133411
1840	8	7	7	0	0:00:01.113067
1860	8	8	8	1	0:00:01.135331
1880	1	1	1	1	0:00:01.171478
1900	8	8	8	1	0:00:01.147629
1920	2	2	2	1	0:00:01.194508
1940	5	2	2	0	0:00:01.188801
1960	2	5	5	0	0:00:01.172573
1980	9	9	9	1	0:00:01.167411
2000	1	6	6	0	0:00:01.149866
2020	9	9	9	1	0:00:01.139719
2040	0	8	8	0	0:00:01.199674
2060	5	5	5	1	0:00:01.122590
2080	1	1	1	1	0:00:01.109361
2100	2	4	4	0	0:00:01.093928
2120	4	8	8	0	0:00:01.191641
2140	9	1	1	0	0:00:01.189555
2160	0	8	8	0	0:00:01.180034
2180	4	6	6	0	0:00:01.173358
2200	0	0	0	1	0:00:01.187876
2220	1	1	1	1	0:00:01.184823
2240	9	9	9	1	0:00:01.181257
2260	4	6	4	0	0:00:01.220283
2280	4	8	8	0	0:00:01.178543
2300	3	6	6	0	0:00:01.204039
2320	5	8	0	0	0:00:01.202646
2340	7	7	7	1	0:00:01.224010
2360	7	7	7	1	0:00:01.160607
2380	8	8	8	1	0:00:01.175688
2400	0	4	4	0	0:00:01.178698
2420	8	5	5	0	0:00:01.181952
2440	7	1	8	0	0:00:01.163121
2460	9	9	6	1	0:00:01.178716
2480	8	8	8	1	0:00:01.167823
2500	4	6	4	0	0:00:01.169817
2520	1	8	8	0	0:00:01.157506
2540	2	3	3	0	0:00:01.164475
2560	7	6	2	0	0:00:01.155926
2580	6	-1	4	0	0:00:01.167830
2600	8	8	8	1	0:00:01.153804
2620	1	6	6	0	0:00:01.186788
2640	7	7	7	1	0:00:01.195595
2660	3	0	0	0	0:00:01.168843
2680	0	0	0	1	0:00:01.161651
2700	9	3	3	0	0:00:01.180200
2720	3	8	8	0	0:00:01.179863
2740	1	1	1	1	0:00:01.177293
2760	2	6	6	0	0:00:01.195859
2780	7	7	7	1	0:00:01.199911
2800	4	6	6	0	0:00:01.165673
2820	6	6	6	1	0:00:01.153692
2840	3	7	7	0	0:00:01.187162
2860	5	7	7	0	0:00:01.177466
2880	4	4	4	1	0:00:01.187740
2900	3	5	5	0	0:00:01.174403
2920	2	3	8	0	0:00:01.164260
2940	3	0	0	0	0:00:01.176149
2960	9	7	9	0	0:00:01.159826
2980	8	1	1	0	0:00:01.196033
3000	5	5	5	1	0:00:01.184786
3020	1	1	8	1	0:00:01.152632
3040	7	7	7	1	0:00:01.190292
3060	7	7	7	1	0:00:01.172496
3080	1	6	2	0	0:00:01.176779
3100	0	0	0	1	0:00:01.191007
3120	4	6	6	0	0:00:01.195755
3140	8	8	8	1	0:00:01.177734
3160	6	4	4	0	0:00:01.193788
3180	3	9	8	0	0:00:01.185628
3200	5	7	7	0	0:00:01.170759
3220	3	9	9	0	0:00:01.201144
3240	4	1	8	0	0:00:01.177277
3260	7	7	7	1	0:00:01.218454
3280	3	-1	0	0	0:00:01.188892
3300	4	6	6	0	0:00:01.174327
3320	2	7	7	0	0:00:01.169538
3340	6	6	6	1	0:00:01.168681
3360	4	6	6	0	0:00:01.167842
3380	8	8	8	1	0:00:01.171118
3400	6	1	1	0	0:00:01.196118
3420	5	6	6	0	0:00:01.183922
3440	2	9	9	0	0:00:01.156695
3460	1	1	1	1	0:00:01.177052
3480	2	2	2	1	0:00:01.191542
3500	1	1	1	1	0:00:01.175098
3520	1	1	1	1	0:00:01.163414
3540	6	8	8	0	0:00:01.160683
3560	1	9	9	0	0:00:01.159317
3580	4	1	1	0	0:00:01.164267
3600	4	2	2	0	0:00:01.211203
3620	0	7	6	0	0:00:01.167453
3640	6	2	0	0	0:00:01.180330
3660	0	8	8	0	0:00:01.172119
3680	0	2	2	0	0:00:01.173749
3700	3	5	5	0	0:00:01.131799
3720	2	2	2	1	0:00:01.142907
3740	0	0	0	1	0:00:01.183811
3760	7	7	7	1	0:00:01.179574
3780	4	2	2	0	0:00:01.202568
3800	9	3	3	0	0:00:01.178593
3820	0	0	0	1	0:00:01.186948
3840	6	8	8	0	0:00:01.162010
3860	7	7	7	1	0:00:01.172498
3880	6	4	4	0	0:00:01.166359
3900	3	0	0	0	0:00:01.190818
3920	7	9	8	0	0:00:01.191285
3940	6	7	7	0	0:00:01.178356
3960	2	5	5	0	0:00:01.176511
3980	9	7	7	0	0:00:01.178123
4000	8	7	0	0	0:00:01.197622
4020	8	8	8	1	0:00:01.167031
4040	0	0	0	1	0:00:01.124449
4060	6	-1	0	0	0:00:01.101660
4080	1	1	8	1	0:00:01.102885
4100	7	7	7	1	0:00:01.100321
4120	4	0	0	0	0:00:01.105358
4140	5	3	3	0	0:00:01.138870
4160	5	2	2	0	0:00:01.187988
4180	0	-1	8	0	0:00:01.146100
4200	4	2	2	0	0:00:01.185203
4220	4	0	0	0	0:00:01.188615
4240	7	8	8	0	0:00:01.179450
4260	8	8	8	1	0:00:01.169747
4280	8	8	8	1	0:00:01.131925
4300	8	8	8	1	0:00:01.180602
4320	1	8	8	0	0:00:01.145904
4340	0	0	0	1	0:00:01.156498
4360	6	9	9	0	0:00:01.191716
4380	9	9	9	1	0:00:01.201540
4400	3	6	8	0	0:00:01.176929
4420	5	8	8	0	0:00:01.185823
4440	2	6	6	0	0:00:01.168599
4460	9	1	8	0	0:00:01.168303
4480	9	9	6	1	0:00:01.171644
4500	3	7	7	0	0:00:01.183012
4520	3	6	6	0	0:00:01.176620
4540	9	9	9	1	0:00:01.175022
4560	1	1	1	1	0:00:01.170915
4580	6	6	6	1	0:00:01.167278
4600	4	7	7	0	0:00:01.150672
4620	7	3	3	0	0:00:01.176186
4640	2	5	5	0	0:00:01.191530
4660	7	6	2	0	0:00:01.176828
4680	9	1	1	0	0:00:01.172934
4700	6	1	1	0	0:00:01.159744
4720	8	0	0	0	0:00:01.182658
4740	5	6	6	0	0:00:01.184030
4760	3	2	2	0	0:00:01.187867
4780	0	-1	0	0	0:00:01.163729
4800	9	9	9	1	0:00:01.188291
4820	3	5	5	0	0:00:01.193199
4840	0	0	0	1	0:00:01.173732
4860	5	5	5	1	0:00:01.191064
4880	0	2	2	0	0:00:01.184900
4900	3	1	1	0	0:00:01.182528
4920	7	7	0	1	0:00:01.175025
4940	6	6	2	1	0:00:01.172798
4960	4	6	6	0	0:00:01.175605
4980	1	9	9	0	0:00:01.175838
5000	7	7	7	1	0:00:01.162761
5020	8	8	8	1	0:00:01.171743
5040	3	4	4	0	0:00:01.176393
5060	6	6	6	1	0:00:01.187089
5080	7	7	7	1	0:00:01.169998
5100	3	4	4	0	0:00:01.194192
5120	9	8	8	0	0:00:01.160481
5140	8	8	8	1	0:00:01.178990
5160	0	8	8	0	0:00:01.183205
5180	9	6	6	0	0:00:01.166455
5200	3	3	3	1	0:00:01.185816
5220	0	0	0	1	0:00:01.192143
5240	1	9	3	0	0:00:01.187659
5260	0	0	0	1	0:00:01.172939
5280	0	8	8	0	0:00:01.181256
5300	9	1	1	0	0:00:01.179977
5320	7	7	7	1	0:00:01.171400
5340	3	2	2	0	0:00:01.178020
5360	9	9	9	1	0:00:01.180219
5380	1	9	9	0	0:00:01.188859
5400	9	0	0	0	0:00:01.173292
5420	6	6	6	1	0:00:01.188895
5440	9	9	9	1	0:00:01.185101
5460	0	0	2	1	0:00:01.189567
5480	1	-1	8	0	0:00:01.177433
5500	8	1	8	0	0:00:01.175621
5520	4	5	5	0	0:00:01.182535
5540	5	6	6	0	0:00:01.174689
5560	3	6	6	0	0:00:01.183566
5580	5	6	6	0	0:00:01.184837
5600	6	8	8	0	0:00:01.179767
5620	3	4	4	0	0:00:01.173372
5640	2	3	3	0	0:00:01.175677
5660	9	-1	8	0	0:00:01.171838
5680	2	1	8	0	0:00:01.173688
5700	3	6	6	0	0:00:01.170473
5720	9	9	9	1	0:00:01.170422
5740	6	6	6	1	0:00:01.183874
5760	2	2	8	1	0:00:01.191049
5780	7	7	7	1	0:00:01.176534
5800	2	6	6	0	0:00:01.179782
5820	5	6	6	0	0:00:01.175519
5840	2	6	6	0	0:00:01.154997
5860	0	8	8	0	0:00:01.180984
5880	0	8	0	0	0:00:01.178311
5900	4	5	4	0	0:00:01.177330
5920	8	8	8	1	0:00:01.174872
5940	7	4	4	0	0:00:01.172579
5960	2	7	7	0	0:00:01.186246
5980	9	9	9	1	0:00:01.178405
6000	8	9	8	0	0:00:01.190908
6020	6	6	6	1	0:00:01.163629
6040	2	7	7	0	0:00:01.184739
6060	3	4	4	0	0:00:01.179289
6080	1	1	1	1	0:00:01.172755
6100	1	1	8	1	0:00:01.190323
6120	5	5	5	1	0:00:01.179602
6140	9	9	9	1	0:00:01.163359
6160	2	5	5	0	0:00:01.178777
6180	0	8	8	0	0:00:01.183613
6200	3	3	3	1	0:00:01.175986
6220	2	6	6	0	0:00:01.176413
6240	2	1	6	0	0:00:01.173538
6260	2	9	9	0	0:00:01.181259
6280	8	5	5	0	0:00:01.173804
6300	1	-1	4	0	0:00:01.178441
6320	0	0	0	1	0:00:01.175608
6340	3	3	3	1	0:00:01.171691
6360	2	6	2	0	0:00:01.194027
6380	3	1	6	0	0:00:01.157924
6400	0	1	1	0	0:00:01.200786
6420	7	7	7	1	0:00:01.186278
6440	3	8	8	0	0:00:01.174485
6460	3	1	1	0	0:00:01.169239
6480	0	0	0	1	0:00:01.174163
6500	7	0	0	0	0:00:01.177862
6520	6	-1	4	0	0:00:01.161564
6540	8	8	8	1	0:00:01.183333
6560	6	6	6	1	0:00:01.155239
6580	1	8	8	0	0:00:01.158489
6600	7	7	7	1	0:00:01.197537
6620	7	7	7	1	0:00:01.162755
6640	5	3	3	0	0:00:01.157213
6660	0	0	8	1	0:00:01.164815
6680	3	3	3	1	0:00:01.193842
6700	6	6	6	1	0:00:01.154287
6720	2	2	2	1	0:00:01.200167
6740	2	6	6	0	0:00:01.168245
6760	5	2	2	0	0:00:01.163365
6780	7	7	7	1	0:00:01.154309
6800	6	6	6	1	0:00:01.154893
6820	1	1	1	1	0:00:01.161110
6840	9	1	1	0	0:00:01.159764
6860	0	0	0	1	0:00:01.164615
6880	2	7	7	0	0:00:01.187681
6900	3	7	7	0	0:00:01.150811
6920	5	2	2	0	0:00:01.111226
6940	1	1	1	1	0:00:01.152687
6960	9	8	8	0	0:00:01.124972
6980	0	9	9	0	0:00:01.108580
7000	2	8	8	0	0:00:01.099983
7020	7	7	7	1	0:00:01.110951
7040	7	8	8	0	0:00:01.114305
7060	8	-1	8	0	0:00:01.153689
7080	5	4	4	0	0:00:01.145581
7100	9	3	3	0	0:00:01.166532
7120	7	7	7	1	0:00:01.188693
7140	4	4	4	1	0:00:01.162266
7160	5	4	4	0	0:00:01.155562
7180	6	6	6	1	0:00:01.171071
7200	4	6	6	0	0:00:01.168504
7220	9	8	8	0	0:00:01.176924
7240	0	8	8	0	0:00:01.181193
7260	1	8	8	0	0:00:01.181275
7280	1	1	6	1	0:00:01.186386
7300	3	0	0	0	0:00:01.185442
7320	8	0	0	0	0:00:01.130588
7340	2	4	4	0	0:00:01.107164
7360	2	7	5	0	0:00:01.107962
7380	7	7	7	1	0:00:01.171352
7400	3	9	9	0	0:00:01.171750
7420	3	0	0	0	0:00:01.160585
7440	3	6	6	0	0:00:01.198135
7460	5	5	5	1	0:00:01.169383
7480	1	5	5	0	0:00:01.142743
7500	6	6	6	1	0:00:01.170721
7520	4	6	6	0	0:00:01.166304
7540	5	5	5	1	0:00:01.176496
7560	0	6	2	0	0:00:01.139980
7580	8	8	8	1	0:00:01.156775
7600	8	9	9	0	0:00:01.160386
7620	5	3	3	0	0:00:01.179971
7640	9	8	8	0	0:00:01.170324
7660	7	1	1	0	0:00:01.164751
7680	3	9	9	0	0:00:01.180077
7700	6	6	6	1	0:00:01.178395
7720	5	6	6	0	0:00:01.168031
7740	4	6	2	0	0:00:01.194993
7760	2	9	9	0	0:00:01.205720
7780	3	1	1	0	0:00:01.150897
7800	0	0	0	1	0:00:01.155929
7820	5	8	8	0	0:00:01.173473
7840	1	1	1	1	0:00:01.150449
7860	8	-1	4	0	0:00:01.147467
7880	0	2	2	0	0:00:01.157651
7900	0	8	8	0	0:00:01.153863
7920	9	8	8	0	0:00:01.165063
7940	2	6	6	0	0:00:01.147977
7960	0	0	0	1	0:00:01.149730
7980	3	7	4	0	0:00:01.140071
8000	9	9	8	1	0:00:01.160881
8020	6	6	6	1	0:00:01.180447
8040	2	6	6	0	0:00:01.193320
8060	6	6	6	1	0:00:01.174147
8080	4	6	6	0	0:00:01.131869
8100	6	2	2	0	0:00:01.121634
8120	8	9	8	0	0:00:01.118648
8140	5	6	6	0	0:00:01.122257
8160	6	9	6	0	0:00:01.128638
8180	4	6	6	0	0:00:01.146924
8200	3	6	6	0	0:00:01.184951
8220	6	6	6	1	0:00:01.158009
8240	7	7	7	1	0:00:01.139685
8260	1	1	1	1	0:00:01.175200
8280	4	5	5	0	0:00:01.217567
8300	5	2	2	0	0:00:01.204126
8320	7	4	4	0	0:00:01.177368
8340	5	5	5	1	0:00:01.186059
8360	7	7	4	1	0:00:01.198678
8380	9	8	8	0	0:00:01.181739
8400	0	8	8	0	0:00:01.201726
8420	3	6	4	0	0:00:01.217575
8440	5	9	4	0	0:00:01.159781
8460	8	8	8	1	0:00:01.187483
8480	2	1	8	0	0:00:01.140990
8500	4	2	2	0	0:00:01.153348
8520	8	6	6	0	0:00:01.132006
8540	4	6	4	0	0:00:01.146494
8560	7	7	7	1	0:00:01.130140
8580	3	1	1	0	0:00:01.131159
8600	3	7	7	0	0:00:01.145281
8620	3	-1	4	0	0:00:01.163633
8640	1	1	1	1	0:00:01.164583
8660	7	5	5	0	0:00:01.171646
8680	3	9	0	0	0:00:01.169092
8700	3	5	5	0	0:00:01.198959
8720	2	0	0	0	0:00:01.178891
8740	2	6	6	0	0:00:01.197036
8760	8	8	8	1	0:00:01.185648
8780	4	4	4	1	0:00:01.174535
8800	0	0	0	1	0:00:01.174389
8820	2	2	2	1	0:00:01.183307
8840	2	1	1	0	0:00:01.171030
8860	2	2	2	1	0:00:01.175261
8880	1	1	6	1	0:00:01.180093
8900	2	6	4	0	0:00:01.196699
8920	6	6	6	1	0:00:01.183192
8940	6	3	3	0	0:00:01.184809
8960	0	0	0	1	0:00:01.158401
8980	9	9	9	1	0:00:01.188666
9000	8	8	8	1	0:00:01.176625
9020	7	7	7	1	0:00:01.168100
9040	2	5	5	0	0:00:01.173847
9060	9	5	5	0	0:00:01.163366
9080	3	0	0	0	0:00:01.188303
9100	9	6	6	0	0:00:01.188161
9120	3	0	0	0	0:00:01.185263
9140	7	8	8	0	0:00:01.168915
9160	5	5	5	1	0:00:01.178016
9180	5	5	5	1	0:00:01.191368
9200	8	8	8	1	0:00:01.208902
9220	8	8	8	1	0:00:01.166844
9240	8	8	8	1	0:00:01.175666
9260	5	5	5	1	0:00:01.159938
9280	9	0	8	0	0:00:01.162455
9300	5	5	2	1	0:00:01.168010
9320	9	9	8	1	0:00:01.157123
9340	1	1	1	1	0:00:01.162404
9360	5	0	6	0	0:00:01.161655
9380	5	9	9	0	0:00:01.174166
9400	6	6	6	1	0:00:01.164812
9420	5	6	6	0	0:00:01.182436
9440	8	8	8	1	0:00:01.189279
9460	3	6	6	0	0:00:01.201922
9480	2	4	4	0	0:00:01.187461
9500	9	1	1	0	0:00:01.164792
9520	1	1	1	1	0:00:01.177896
9540	5	5	5	1	0:00:01.188200
9560	9	7	7	0	0:00:01.185194
9580	1	4	4	0	0:00:01.172993
9600	8	8	8	1	0:00:01.190337
9620	4	7	7	0	0:00:01.181742
9640	5	0	0	0	0:00:01.185664
9660	6	6	6	1	0:00:01.176141
9680	8	8	8	1	0:00:01.180217
9700	0	0	0	1	0:00:01.195945
9720	8	6	6	0	0:00:01.182354
9740	3	6	6	0	0:00:01.189625
9760	9	9	7	1	0:00:01.195750
9780	4	6	6	0	0:00:01.186998
9800	1	1	1	1	0:00:01.201523
9820	0	8	8	0	0:00:01.199010
9840	4	7	7	0	0:00:01.190615
9860	0	2	8	0	0:00:01.182674
9880	7	4	4	0	0:00:01.180615
9900	8	0	0	0	0:00:01.184987
9920	6	6	6	1	0:00:01.182390
9940	4	5	5	0	0:00:01.178974
9960	2	0	0	0	0:00:01.181298
9980	0	0	0	1	0:00:01.176008
