idx	label	predict	basePredict	correct	time
0	3	2	4	0	0:00:04.074211
20	7	-1	1	0	0:00:03.989651
40	4	1	8	0	0:00:03.992852
60	7	-1	2	0	0:00:03.983426
80	8	-1	8	0	0:00:03.995178
100	4	-1	3	0	0:00:03.988374
120	8	-1	8	0	0:00:03.994677
140	6	2	2	0	0:00:03.988693
160	2	0	0	0	0:00:03.998280
180	0	-1	8	0	0:00:04.007971
200	5	-1	7	0	0:00:03.992219
220	7	-1	6	0	0:00:03.996701
240	1	1	8	1	0:00:04.010419
260	8	-1	6	0	0:00:03.988163
280	9	9	8	1	0:00:03.983712
300	6	7	4	0	0:00:03.982204
320	3	-1	4	0	0:00:03.994569
340	2	-1	4	0	0:00:03.985282
360	9	-1	4	0	0:00:03.990968
380	6	-1	8	0	0:00:04.025451
400	9	1	1	0	0:00:03.986776
420	4	6	6	0	0:00:03.997740
440	1	-1	6	0	0:00:03.986316
460	5	-1	4	0	0:00:03.989106
480	8	9	9	0	0:00:03.984950
500	4	-1	6	0	0:00:03.994267
520	5	7	7	0	0:00:03.996251
540	1	-1	8	0	0:00:03.986026
560	0	-1	8	0	0:00:03.985754
580	4	6	4	0	0:00:03.986727
600	8	-1	4	0	0:00:03.990261
620	7	-1	4	0	0:00:03.986081
640	5	3	3	0	0:00:03.981714
660	9	9	3	1	0:00:03.986828
680	9	7	4	0	0:00:04.010496
700	7	0	0	0	0:00:03.996023
720	4	9	9	0	0:00:04.007807
740	2	5	3	0	0:00:04.012458
760	3	9	9	0	0:00:03.987070
780	9	-1	0	0	0:00:03.985544
800	7	-1	7	0	0:00:03.987236
820	6	1	8	0	0:00:04.015698
840	7	7	7	1	0:00:03.992523
860	4	-1	4	0	0:00:03.989519
880	8	8	8	1	0:00:03.983930
900	2	-1	4	0	0:00:04.003515
920	6	-1	2	0	0:00:03.986884
940	9	-1	6	0	0:00:03.990167
960	9	9	4	1	0:00:04.000902
980	2	6	6	0	0:00:03.988070
1000	5	5	5	1	0:00:03.898045
1020	1	-1	8	0	0:00:03.899385
1040	7	5	5	0	0:00:03.900889
1060	9	-1	8	0	0:00:03.896595
1080	6	-1	6	0	0:00:03.898452
1100	7	8	8	0	0:00:03.897710
1120	5	-1	2	0	0:00:03.900611
1140	6	4	4	0	0:00:03.898299
1160	8	0	0	0	0:00:03.903008
1180	3	-1	8	0	0:00:03.896723
1200	8	0	0	0	0:00:03.897571
1220	9	6	2	0	0:00:03.900254
1240	2	6	6	0	0:00:03.897018
1260	1	9	9	0	0:00:03.900846
1280	3	7	7	0	0:00:03.902574
1300	4	3	3	0	0:00:03.899451
1320	7	-1	2	0	0:00:03.900395
1340	1	-1	8	0	0:00:03.905366
1360	7	-1	4	0	0:00:03.906527
1380	4	5	5	0	0:00:03.906273
1400	5	-1	2	0	0:00:03.906156
1420	4	-1	6	0	0:00:03.906743
1440	0	8	8	0	0:00:03.907748
1460	6	-1	4	0	0:00:03.906900
1480	1	-1	5	0	0:00:03.905723
1500	1	9	9	0	0:00:03.904120
1520	7	6	2	0	0:00:03.906445
1540	8	-1	8	0	0:00:03.905693
1560	7	7	7	1	0:00:03.902282
1580	6	1	1	0	0:00:03.904219
1600	8	-1	6	0	0:00:03.907467
1620	5	8	8	0	0:00:03.907071
1640	7	5	3	0	0:00:03.906602
1660	3	-1	4	0	0:00:03.905421
1680	6	6	6	1	0:00:03.902199
1700	5	2	2	0	0:00:03.903547
1720	4	-1	2	0	0:00:03.905175
1740	1	9	9	0	0:00:03.904162
1760	0	8	8	0	0:00:03.905547
1780	7	-1	8	0	0:00:03.902627
1800	4	8	8	0	0:00:03.901608
1820	8	9	9	0	0:00:03.901541
1840	8	7	4	0	0:00:03.904375
1860	8	-1	8	0	0:00:03.900079
1880	1	8	8	0	0:00:03.895121
1900	8	8	8	1	0:00:03.898918
1920	2	-1	2	0	0:00:03.900099
1940	5	-1	3	0	0:00:03.903927
1960	2	5	5	0	0:00:03.902099
1980	9	-1	2	0	0:00:03.901530
2000	1	6	4	0	0:00:03.900998
2020	9	9	1	1	0:00:03.901593
2040	0	8	8	0	0:00:03.900456
2060	5	-1	3	0	0:00:03.902041
2080	1	6	4	0	0:00:03.902223
2100	2	4	4	0	0:00:03.898336
2120	4	8	8	0	0:00:03.901760
2140	9	1	1	0	0:00:03.901425
2160	0	8	8	0	0:00:03.898277
2180	4	-1	2	0	0:00:03.897343
2200	0	2	2	0	0:00:03.902948
2220	1	-1	4	0	0:00:03.905648
2240	9	1	8	0	0:00:03.900985
2260	4	7	2	0	0:00:03.904490
2280	4	-1	8	0	0:00:03.905488
2300	3	-1	4	0	0:00:03.899591
2320	5	-1	8	0	0:00:03.899925
2340	7	-1	0	0	0:00:03.899608
2360	7	5	3	0	0:00:03.901720
2380	8	0	0	0	0:00:03.901604
2400	0	4	4	0	0:00:03.901353
2420	8	5	5	0	0:00:03.901490
2440	7	-1	8	0	0:00:03.900318
2460	9	3	3	0	0:00:03.898762
2480	8	-1	8	0	0:00:03.897681
2500	4	-1	2	0	0:00:03.901170
2520	1	9	8	0	0:00:03.902142
2540	2	3	3	0	0:00:03.898902
2560	7	-1	2	0	0:00:03.900807
2580	6	-1	4	0	0:00:03.900050
2600	8	8	8	1	0:00:03.898010
2620	1	-1	4	0	0:00:03.897069
2640	7	-1	6	0	0:00:03.900286
2660	3	-1	2	0	0:00:03.898573
2680	0	0	8	1	0:00:03.895075
2700	9	-1	0	0	0:00:03.907472
2720	3	-1	2	0	0:00:03.903352
2740	1	-1	7	0	0:00:03.900223
2760	2	-1	4	0	0:00:03.897691
2780	7	-1	6	0	0:00:03.900295
2800	4	6	6	0	0:00:03.897012
2820	6	6	4	1	0:00:03.903132
2840	3	3	3	1	0:00:03.895258
2860	5	-1	4	0	0:00:03.897789
2880	4	4	4	1	0:00:03.901383
2900	3	2	2	0	0:00:03.910122
2920	2	5	5	0	0:00:03.904079
2940	3	0	0	0	0:00:03.903468
2960	9	-1	8	0	0:00:03.907223
2980	8	1	8	0	0:00:03.907274
3000	5	5	5	1	0:00:03.903641
3020	1	-1	8	0	0:00:03.908249
3040	7	7	7	1	0:00:03.910124
3060	7	-1	3	0	0:00:03.906189
3080	1	-1	2	0	0:00:03.906289
3100	0	0	8	1	0:00:03.908316
3120	4	6	2	0	0:00:03.906151
3140	8	-1	8	0	0:00:03.912754
3160	6	4	4	0	0:00:03.909273
3180	3	-1	8	0	0:00:03.906416
3200	5	7	7	0	0:00:03.906498
3220	3	9	9	0	0:00:03.907785
3240	4	1	8	0	0:00:03.907070
3260	7	0	0	0	0:00:03.908899
3280	3	0	0	0	0:00:03.908680
3300	4	-1	4	0	0:00:03.903535
3320	2	7	7	0	0:00:03.899282
3340	6	-1	4	0	0:00:03.903600
3360	4	6	6	0	0:00:03.899166
3380	8	-1	8	0	0:00:03.900369
3400	6	4	4	0	0:00:03.895595
3420	5	-1	4	0	0:00:03.898655
3440	2	9	3	0	0:00:03.898957
3460	1	-1	4	0	0:00:03.895851
3480	2	2	2	1	0:00:03.902265
3500	1	-1	4	0	0:00:03.899155
3520	1	-1	1	0	0:00:03.899581
3540	6	-1	4	0	0:00:03.897968
3560	1	-1	7	0	0:00:03.894914
3580	4	1	8	0	0:00:03.895225
3600	4	2	2	0	0:00:03.896364
3620	0	6	6	0	0:00:03.895439
3640	6	2	2	0	0:00:03.900894
3660	0	8	8	0	0:00:03.892926
3680	0	2	2	0	0:00:03.896575
3700	3	-1	4	0	0:00:03.901483
3720	2	-1	2	0	0:00:03.903143
3740	0	-1	8	0	0:00:03.903175
3760	7	7	7	1	0:00:03.905923
3780	4	-1	2	0	0:00:03.895322
3800	9	3	3	0	0:00:03.894467
3820	0	2	2	0	0:00:03.903683
3840	6	-1	3	0	0:00:03.895924
3860	7	7	7	1	0:00:03.897099
3880	6	4	4	0	0:00:03.896097
3900	3	1	1	0	0:00:03.891238
3920	7	-1	8	0	0:00:03.900623
3940	6	7	4	0	0:00:03.896814
3960	2	5	5	0	0:00:03.898238
3980	9	7	7	0	0:00:03.902590
4000	8	7	4	0	0:00:03.896833
4020	8	-1	8	0	0:00:03.896171
4040	0	-1	8	0	0:00:03.898395
4060	6	3	3	0	0:00:03.896092
4080	1	8	8	0	0:00:03.901409
4100	7	7	7	1	0:00:03.897558
4120	4	0	0	0	0:00:03.897049
4140	5	3	3	0	0:00:03.901919
4160	5	2	2	0	0:00:03.902705
4180	0	8	8	0	0:00:03.898666
4200	4	-1	2	0	0:00:03.895557
4220	4	0	0	0	0:00:03.895620
4240	7	0	0	0	0:00:03.899529
4260	8	-1	1	0	0:00:03.894970
4280	8	-1	0	0	0:00:03.901293
4300	8	9	8	0	0:00:03.898900
4320	1	8	8	0	0:00:03.897242
4340	0	8	8	0	0:00:03.900292
4360	6	9	9	0	0:00:03.906537
4380	9	-1	8	0	0:00:03.898361
4400	3	4	4	0	0:00:03.896757
4420	5	8	8	0	0:00:03.898336
4440	2	6	2	0	0:00:03.907636
4460	9	8	8	0	0:00:03.910035
4480	9	-1	6	0	0:00:03.905316
4500	3	-1	7	0	0:00:03.903539
4520	3	6	6	0	0:00:03.906896
4540	9	-1	1	0	0:00:03.905100
4560	1	-1	4	0	0:00:03.908211
4580	6	4	4	0	0:00:03.907139
4600	4	7	7	0	0:00:03.904293
4620	7	-1	3	0	0:00:03.910635
4640	2	-1	4	0	0:00:03.907834
4660	7	-1	2	0	0:00:03.906785
4680	9	1	1	0	0:00:03.905999
4700	6	1	4	0	0:00:03.906331
4720	8	0	0	0	0:00:03.903474
4740	5	-1	4	0	0:00:03.903625
4760	3	-1	8	0	0:00:03.906499
4780	0	-1	8	0	0:00:03.907577
4800	9	9	9	1	0:00:03.906903
4820	3	5	5	0	0:00:03.907861
4840	0	0	0	1	0:00:03.904311
4860	5	3	3	0	0:00:03.897602
4880	0	2	2	0	0:00:03.892644
4900	3	6	6	0	0:00:03.900908
4920	7	-1	2	0	0:00:03.896703
4940	6	4	4	0	0:00:03.893859
4960	4	3	3	0	0:00:03.893323
4980	1	9	9	0	0:00:03.893727
5000	7	7	7	1	0:00:03.893144
5020	8	1	8	0	0:00:03.895927
5040	3	-1	4	0	0:00:03.895604
5060	6	2	4	0	0:00:03.896891
5080	7	7	7	1	0:00:03.893509
5100	3	-1	4	0	0:00:03.900275
5120	9	8	8	0	0:00:03.894145
5140	8	-1	8	0	0:00:03.892172
5160	0	8	8	0	0:00:03.898708
5180	9	-1	4	0	0:00:03.896256
5200	3	3	3	1	0:00:03.900042
5220	0	-1	0	0	0:00:03.892191
5240	1	-1	2	0	0:00:03.896128
5260	0	0	0	1	0:00:03.894686
5280	0	8	8	0	0:00:03.893469
5300	9	1	1	0	0:00:03.898404
5320	7	-1	3	0	0:00:03.896334
5340	3	4	4	0	0:00:03.897195
5360	9	-1	3	0	0:00:03.893499
5380	1	9	9	0	0:00:03.891060
5400	9	0	2	0	0:00:03.895376
5420	6	5	6	0	0:00:03.893814
5440	9	9	8	1	0:00:03.892676
5460	0	7	7	0	0:00:03.895053
5480	1	-1	4	0	0:00:03.894848
5500	8	1	8	0	0:00:03.894638
5520	4	-1	3	0	0:00:03.894449
5540	5	-1	2	0	0:00:03.895815
5560	3	6	4	0	0:00:03.896328
5580	5	6	6	0	0:00:03.895080
5600	6	-1	0	0	0:00:03.895088
5620	3	2	2	0	0:00:03.899259
5640	2	5	3	0	0:00:03.895489
5660	9	-1	8	0	0:00:03.900095
5680	2	1	8	0	0:00:03.898307
5700	3	6	6	0	0:00:03.895762
5720	9	-1	7	0	0:00:03.896708
5740	6	-1	4	0	0:00:03.896784
5760	2	-1	4	0	0:00:03.898731
5780	7	-1	4	0	0:00:03.896818
5800	2	-1	4	0	0:00:03.898350
5820	5	6	6	0	0:00:03.897285
5840	2	-1	6	0	0:00:03.894352
5860	0	-1	8	0	0:00:03.895066
5880	0	8	8	0	0:00:03.894525
5900	4	3	3	0	0:00:03.897321
5920	8	8	6	1	0:00:03.892938
5940	7	4	4	0	0:00:03.902433
5960	2	-1	4	0	0:00:03.901702
5980	9	-1	6	0	0:00:03.904768
6000	8	9	8	0	0:00:03.907684
6020	6	7	6	0	0:00:03.907807
6040	2	7	7	0	0:00:03.903293
6060	3	4	4	0	0:00:03.905826
6080	1	-1	6	0	0:00:03.904987
6100	1	-1	8	0	0:00:03.909814
6120	5	3	3	0	0:00:03.908088
6140	9	-1	7	0	0:00:03.905387
6160	2	-1	5	0	0:00:03.902189
6180	0	9	8	0	0:00:03.904643
6200	3	-1	8	0	0:00:03.902277
6220	2	6	5	0	0:00:03.902888
6240	2	1	0	0	0:00:03.903808
6260	2	9	8	0	0:00:03.906604
6280	8	5	4	0	0:00:03.900705
6300	1	-1	4	0	0:00:03.901134
6320	0	0	0	1	0:00:03.904219
6340	3	7	3	0	0:00:03.907629
6360	2	6	6	0	0:00:03.898351
6380	3	1	6	0	0:00:03.903472
6400	0	1	8	0	0:00:03.904480
6420	7	8	8	0	0:00:03.899445
6440	3	-1	8	0	0:00:03.901540
6460	3	-1	4	0	0:00:03.903311
6480	0	-1	2	0	0:00:03.900514
6500	7	-1	8	0	0:00:03.900095
6520	6	-1	4	0	0:00:03.897267
6540	8	-1	8	0	0:00:03.897341
6560	6	7	4	0	0:00:03.893800
6580	1	-1	2	0	0:00:03.893628
6600	7	7	7	1	0:00:03.896757
6620	7	-1	3	0	0:00:03.891284
6640	5	-1	8	0	0:00:03.895802
6660	0	-1	8	0	0:00:03.893187
6680	3	5	5	0	0:00:03.889799
6700	6	-1	2	0	0:00:03.895422
6720	2	-1	2	0	0:00:03.894231
6740	2	-1	4	0	0:00:03.892921
6760	5	-1	6	0	0:00:03.894459
6780	7	7	7	1	0:00:03.889378
6800	6	2	4	0	0:00:03.889948
6820	1	1	8	1	0:00:03.888849
6840	9	1	1	0	0:00:03.890781
6860	0	2	2	0	0:00:03.896724
6880	2	7	7	0	0:00:03.888868
6900	3	7	4	0	0:00:03.890203
6920	5	2	2	0	0:00:03.896029
6940	1	1	1	1	0:00:03.887833
6960	9	8	8	0	0:00:03.890942
6980	0	-1	1	0	0:00:03.893223
7000	2	8	8	0	0:00:03.889362
7020	7	1	8	0	0:00:03.896373
7040	7	8	8	0	0:00:03.892167
7060	8	0	0	0	0:00:03.889523
7080	5	-1	4	0	0:00:03.892238
7100	9	3	3	0	0:00:03.891427
7120	7	-1	6	0	0:00:03.890193
7140	4	-1	4	0	0:00:03.890160
7160	5	-1	4	0	0:00:03.891136
7180	6	6	6	1	0:00:03.893023
7200	4	-1	2	0	0:00:03.894005
7220	9	-1	8	0	0:00:03.892588
7240	0	8	8	0	0:00:03.895262
7260	1	-1	8	0	0:00:03.890741
7280	1	-1	4	0	0:00:03.892292
7300	3	7	7	0	0:00:03.892703
7320	8	0	0	0	0:00:03.891918
7340	2	-1	4	0	0:00:03.890337
7360	2	-1	4	0	0:00:03.891823
7380	7	9	5	0	0:00:03.889045
7400	3	-1	3	0	0:00:03.893747
7420	3	0	0	0	0:00:03.894862
7440	3	-1	4	0	0:00:03.895773
7460	5	5	5	1	0:00:03.895890
7480	1	-1	5	0	0:00:03.892204
7500	6	6	6	1	0:00:03.893667
7520	4	-1	4	0	0:00:03.902206
7540	5	5	5	1	0:00:03.898180
7560	0	-1	6	0	0:00:03.901733
7580	8	0	8	0	0:00:03.900303
7600	8	9	9	0	0:00:03.898673
7620	5	-1	9	0	0:00:03.898447
7640	9	-1	6	0	0:00:03.898221
7660	7	-1	4	0	0:00:03.899848
7680	3	9	9	0	0:00:03.900986
7700	6	6	4	1	0:00:03.898612
7720	5	-1	4	0	0:00:03.899756
7740	4	6	2	0	0:00:03.898769
7760	2	9	9	0	0:00:03.899993
7780	3	1	8	0	0:00:03.899738
7800	0	-1	8	0	0:00:03.896265
7820	5	8	8	0	0:00:03.896280
7840	1	-1	1	0	0:00:03.897595
7860	8	7	4	0	0:00:03.900631
7880	0	-1	2	0	0:00:03.898418
7900	0	-1	8	0	0:00:03.900741
7920	9	-1	8	0	0:00:03.896273
7940	2	6	6	0	0:00:03.892059
7960	0	-1	2	0	0:00:03.888928
7980	3	7	4	0	0:00:03.889597
8000	9	0	0	0	0:00:03.892029
8020	6	3	3	0	0:00:03.892451
8040	2	6	4	0	0:00:03.893577
8060	6	4	4	0	0:00:03.892493
8080	4	6	6	0	0:00:03.893051
8100	6	2	2	0	0:00:03.892900
8120	8	9	9	0	0:00:03.894991
8140	5	4	4	0	0:00:03.891145
8160	6	9	6	0	0:00:03.894195
8180	4	-1	4	0	0:00:03.891192
8200	3	-1	2	0	0:00:03.888442
8220	6	-1	2	0	0:00:03.891266
8240	7	7	4	1	0:00:03.897004
8260	1	3	3	0	0:00:03.895033
8280	4	-1	3	0	0:00:03.894995
8300	5	2	2	0	0:00:03.894130
8320	7	-1	4	0	0:00:03.889964
8340	5	-1	4	0	0:00:03.895336
8360	7	-1	4	0	0:00:03.891413
8380	9	8	8	0	0:00:03.892212
8400	0	8	8	0	0:00:03.890898
8420	3	-1	4	0	0:00:03.887892
8440	5	-1	4	0	0:00:03.893834
8460	8	-1	8	0	0:00:03.888722
8480	2	-1	8	0	0:00:03.886982
8500	4	2	2	0	0:00:03.889332
8520	8	-1	4	0	0:00:03.891645
8540	4	6	2	0	0:00:03.892819
8560	7	4	4	0	0:00:03.893279
8580	3	-1	2	0	0:00:03.889582
8600	3	-1	4	0	0:00:03.890691
8620	3	-1	4	0	0:00:03.891867
8640	1	1	8	1	0:00:03.890240
8660	7	5	5	0	0:00:03.894254
8680	3	9	8	0	0:00:03.890377
8700	3	-1	3	0	0:00:03.893350
8720	2	0	0	0	0:00:03.892795
8740	2	-1	4	0	0:00:03.889724
8760	8	5	5	0	0:00:03.890542
8780	4	7	2	0	0:00:03.890563
8800	0	0	0	1	0:00:03.889271
8820	2	3	3	0	0:00:03.892380
8840	2	1	1	0	0:00:03.892554
8860	2	-1	8	0	0:00:03.896553
8880	1	-1	6	0	0:00:03.891162
8900	2	6	4	0	0:00:03.891920
8920	6	6	4	1	0:00:03.890733
8940	6	3	3	0	0:00:03.893956
8960	0	0	0	1	0:00:03.887620
8980	9	-1	8	0	0:00:03.896255
9000	8	8	8	1	0:00:03.895274
9020	7	9	8	0	0:00:03.894062
9040	2	5	5	0	0:00:03.897525
9060	9	5	5	0	0:00:03.901213
9080	3	0	0	0	0:00:03.899069
9100	9	6	6	0	0:00:03.899946
9120	3	0	0	0	0:00:03.899064
9140	7	-1	8	0	0:00:03.895392
9160	5	-1	4	0	0:00:03.896969
9180	5	5	5	1	0:00:03.900901
9200	8	8	8	1	0:00:03.897979
9220	8	8	8	1	0:00:03.898561
9240	8	-1	8	0	0:00:03.898819
9260	5	6	6	0	0:00:03.898025
9280	9	-1	8	0	0:00:03.897404
9300	5	-1	2	0	0:00:03.900193
9320	9	8	8	0	0:00:03.897335
9340	1	-1	1	0	0:00:03.898568
9360	5	-1	4	0	0:00:03.900966
9380	5	9	9	0	0:00:03.900412
9400	6	4	4	0	0:00:03.899385
9420	5	6	6	0	0:00:03.900711
9440	8	8	8	1	0:00:03.896933
9460	3	7	4	0	0:00:03.896149
9480	2	4	4	0	0:00:03.894941
9500	9	-1	4	0	0:00:03.892805
9520	1	3	8	0	0:00:03.890260
9540	5	-1	4	0	0:00:03.891995
9560	9	7	7	0	0:00:03.893291
9580	1	4	4	0	0:00:03.893243
9600	8	-1	8	0	0:00:03.892976
9620	4	7	7	0	0:00:03.890714
9640	5	0	0	0	0:00:03.890119
9660	6	-1	6	0	0:00:03.887580
9680	8	-1	8	0	0:00:03.891792
9700	0	2	2	0	0:00:03.890572
9720	8	6	6	0	0:00:03.889194
9740	3	4	4	0	0:00:03.889052
9760	9	7	4	0	0:00:03.890729
9780	4	6	6	0	0:00:03.894054
9800	1	1	1	1	0:00:03.894352
9820	0	8	8	0	0:00:03.893611
9840	4	-1	5	0	0:00:03.890770
9860	0	-1	2	0	0:00:03.895718
9880	7	-1	8	0	0:00:03.886755
9900	8	0	6	0	0:00:03.889607
9920	6	-1	2	0	0:00:03.890930
9940	4	-1	5	0	0:00:03.891411
9960	2	0	0	0	0:00:03.887978
9980	0	0	4	1	0:00:03.894696
