idx	label	predict	basePredict	correct	time
0	3	3	3	1	0:00:01.484257
20	7	1	1	0	0:00:01.274595
40	4	4	4	1	0:00:01.260277
60	7	7	7	1	0:00:01.272714
80	8	8	8	1	0:00:01.311006
100	4	5	5	0	0:00:01.275785
120	8	8	8	1	0:00:01.294847
140	6	6	6	1	0:00:01.291965
160	2	2	2	1	0:00:01.292897
180	0	0	0	1	0:00:01.273486
200	5	5	5	1	0:00:01.297625
220	7	5	5	0	0:00:01.285886
240	1	1	1	1	0:00:01.275490
260	8	8	8	1	0:00:01.298784
280	9	9	9	1	0:00:01.275517
300	6	6	6	1	0:00:01.273116
320	3	3	3	1	0:00:01.261473
340	2	-1	2	0	0:00:01.298367
360	9	9	9	1	0:00:01.280393
380	6	6	6	1	0:00:01.263110
400	9	9	9	1	0:00:01.282495
420	4	4	4	1	0:00:01.271434
440	1	1	1	1	0:00:01.275249
460	5	5	5	1	0:00:01.266033
480	8	8	8	1	0:00:01.277320
500	4	6	6	0	0:00:01.305844
520	5	5	5	1	0:00:01.286923
540	1	1	1	1	0:00:01.268756
560	0	0	0	1	0:00:01.242553
580	4	4	4	1	0:00:01.291751
600	8	8	8	1	0:00:01.262721
620	7	7	7	1	0:00:01.268462
640	5	3	3	0	0:00:01.273994
660	9	9	9	1	0:00:01.275695
680	9	1	1	0	0:00:01.270804
700	7	7	7	1	0:00:01.267653
720	4	4	4	1	0:00:01.277733
740	2	3	2	0	0:00:01.260527
760	3	3	3	1	0:00:01.261917
780	9	9	9	1	0:00:01.269830
800	7	7	7	1	0:00:01.282449
820	6	6	5	1	0:00:01.259860
840	7	7	7	1	0:00:01.261580
860	4	4	4	1	0:00:01.262156
880	8	8	8	1	0:00:01.273549
900	2	6	6	0	0:00:01.263227
920	6	4	4	0	0:00:01.304334
940	9	9	9	1	0:00:01.287788
960	9	-1	3	0	0:00:01.275044
980	2	-1	2	0	0:00:01.254923
1000	5	5	5	1	0:00:01.178858
1020	1	1	1	1	0:00:01.173048
1040	7	3	3	0	0:00:01.161697
1060	9	9	9	1	0:00:01.184935
1080	6	6	2	1	0:00:01.193748
1100	7	7	7	1	0:00:01.158896
1120	5	2	2	0	0:00:01.177360
1140	6	6	6	1	0:00:01.178914
1160	8	8	8	1	0:00:01.163006
1180	3	3	3	1	0:00:01.163480
1200	8	8	8	1	0:00:01.180922
1220	9	3	3	0	0:00:01.177015
1240	2	2	2	1	0:00:01.185447
1260	1	9	9	0	0:00:01.181676
1280	3	5	5	0	0:00:01.184035
1300	4	3	3	0	0:00:01.170739
1320	7	7	7	1	0:00:01.179297
1340	1	1	1	1	0:00:01.179133
1360	7	7	7	1	0:00:01.192149
1380	4	4	4	1	0:00:01.176788
1400	5	5	5	1	0:00:01.184884
1420	4	4	7	1	0:00:01.178885
1440	0	-1	2	0	0:00:01.162373
1460	6	6	6	1	0:00:01.178353
1480	1	1	1	1	0:00:01.180534
1500	1	1	1	1	0:00:01.182131
1520	7	7	7	1	0:00:01.185424
1540	8	8	8	1	0:00:01.183158
1560	7	7	7	1	0:00:01.197181
1580	6	6	3	1	0:00:01.174762
1600	8	9	9	0	0:00:01.183779
1620	5	4	4	0	0:00:01.177634
1640	7	7	7	1	0:00:01.190027
1660	3	3	3	1	0:00:01.195310
1680	6	6	6	1	0:00:01.175132
1700	5	-1	3	0	0:00:01.180304
1720	4	4	3	1	0:00:01.181608
1740	1	1	1	1	0:00:01.192299
1760	0	0	0	1	0:00:01.191038
1780	7	7	7	1	0:00:01.184878
1800	4	-1	4	0	0:00:01.183551
1820	8	8	8	1	0:00:01.188428
1840	8	4	4	0	0:00:01.183796
1860	8	8	8	1	0:00:01.185702
1880	1	1	1	1	0:00:01.186502
1900	8	8	8	1	0:00:01.182915
1920	2	2	2	1	0:00:01.184707
1940	5	5	2	1	0:00:01.184712
1960	2	5	5	0	0:00:01.179295
1980	9	9	9	1	0:00:01.183535
2000	1	1	1	1	0:00:01.184000
2020	9	9	9	1	0:00:01.180026
2040	0	0	0	1	0:00:01.190895
2060	5	3	3	0	0:00:01.184921
2080	1	1	1	1	0:00:01.175673
2100	2	2	2	1	0:00:01.180990
2120	4	8	8	0	0:00:01.177945
2140	9	9	9	1	0:00:01.175608
2160	0	0	0	1	0:00:01.184808
2180	4	4	4	1	0:00:01.182251
2200	0	0	0	1	0:00:01.175802
2220	1	1	1	1	0:00:01.181637
2240	9	9	9	1	0:00:01.182104
2260	4	4	4	1	0:00:01.181174
2280	4	2	2	0	0:00:01.180469
2300	3	-1	2	0	0:00:01.180147
2320	5	3	3	0	0:00:01.181097
2340	7	7	7	1	0:00:01.179282
2360	7	7	7	1	0:00:01.179797
2380	8	-1	1	0	0:00:01.180576
2400	0	0	0	1	0:00:01.188221
2420	8	7	7	0	0:00:01.189543
2440	7	7	7	1	0:00:01.177704
2460	9	9	9	1	0:00:01.181748
2480	8	8	8	1	0:00:01.177704
2500	4	-1	2	0	0:00:01.172083
2520	1	-1	0	0	0:00:01.176872
2540	2	2	2	1	0:00:01.168438
2560	7	7	7	1	0:00:01.165639
2580	6	6	6	1	0:00:01.177493
2600	8	8	8	1	0:00:01.179651
2620	1	1	1	1	0:00:01.184510
2640	7	7	7	1	0:00:01.182109
2660	3	3	3	1	0:00:01.168116
2680	0	0	0	1	0:00:01.176664
2700	9	1	1	0	0:00:01.182719
2720	3	3	3	1	0:00:01.183951
2740	1	1	1	1	0:00:01.177811
2760	2	2	2	1	0:00:01.174634
2780	7	7	7	1	0:00:01.181713
2800	4	4	4	1	0:00:01.180562
2820	6	6	6	1	0:00:01.186741
2840	3	3	3	1	0:00:01.182540
2860	5	-1	5	0	0:00:01.178604
2880	4	4	4	1	0:00:01.172677
2900	3	2	2	0	0:00:01.174453
2920	2	2	2	1	0:00:01.156438
2940	3	0	0	0	0:00:01.165453
2960	9	0	0	0	0:00:01.177243
2980	8	8	8	1	0:00:01.168656
3000	5	5	5	1	0:00:01.176269
3020	1	1	1	1	0:00:01.172540
3040	7	7	7	1	0:00:01.177084
3060	7	7	7	1	0:00:01.169492
3080	1	1	1	1	0:00:01.190253
3100	0	0	0	1	0:00:01.204001
3120	4	4	4	1	0:00:01.182169
3140	8	8	8	1	0:00:01.197388
3160	6	2	2	0	0:00:01.184712
3180	3	6	3	0	0:00:01.190250
3200	5	5	5	1	0:00:01.184619
3220	3	-1	3	0	0:00:01.178005
3240	4	1	1	0	0:00:01.181725
3260	7	7	7	1	0:00:01.181805
3280	3	3	3	1	0:00:01.194385
3300	4	4	4	1	0:00:01.178692
3320	2	2	2	1	0:00:01.155139
3340	6	6	6	1	0:00:01.159784
3360	4	4	4	1	0:00:01.184386
3380	8	8	8	1	0:00:01.178199
3400	6	4	4	0	0:00:01.181433
3420	5	3	3	0	0:00:01.184225
3440	2	3	3	0	0:00:01.177423
3460	1	1	1	1	0:00:01.169265
3480	2	2	2	1	0:00:01.169488
3500	1	9	9	0	0:00:01.163543
3520	1	1	1	1	0:00:01.173152
3540	6	6	3	1	0:00:01.180864
3560	1	9	9	0	0:00:01.166090
3580	4	4	4	1	0:00:01.182392
3600	4	3	3	0	0:00:01.188648
3620	0	0	0	1	0:00:01.205210
3640	6	6	6	1	0:00:01.192303
3660	0	0	0	1	0:00:01.182570
3680	0	-1	0	0	0:00:01.179508
3700	3	3	3	1	0:00:01.180580
3720	2	2	2	1	0:00:01.180812
3740	0	0	0	1	0:00:01.191338
3760	7	7	7	1	0:00:01.178374
3780	4	4	4	1	0:00:01.183771
3800	9	9	9	1	0:00:01.169266
3820	0	8	8	0	0:00:01.176715
3840	6	8	4	0	0:00:01.161580
3860	7	7	7	1	0:00:01.175867
3880	6	6	6	1	0:00:01.179422
3900	3	3	3	1	0:00:01.157819
3920	7	7	7	1	0:00:01.158663
3940	6	-1	3	0	0:00:01.149152
3960	2	2	2	1	0:00:01.162371
3980	9	-1	9	0	0:00:01.175501
4000	8	2	2	0	0:00:01.181895
4020	8	8	8	1	0:00:01.184661
4040	0	0	0	1	0:00:01.179667
4060	6	6	6	1	0:00:01.180917
4080	1	1	1	1	0:00:01.178688
4100	7	7	7	1	0:00:01.182031
4120	4	4	4	1	0:00:01.188465
4140	5	5	5	1	0:00:01.181597
4160	5	5	5	1	0:00:01.182295
4180	0	0	8	1	0:00:01.173232
4200	4	4	4	1	0:00:01.178993
4220	4	-1	0	0	0:00:01.173490
4240	7	7	7	1	0:00:01.182847
4260	8	8	8	1	0:00:01.163033
4280	8	0	0	0	0:00:01.185488
4300	8	8	8	1	0:00:01.169610
4320	1	-1	1	0	0:00:01.164011
4340	0	0	0	1	0:00:01.164936
4360	6	6	6	1	0:00:01.164855
4380	9	9	9	1	0:00:01.162890
4400	3	5	5	0	0:00:01.178189
4420	5	5	5	1	0:00:01.179632
4440	2	2	2	1	0:00:01.165021
4460	9	9	9	1	0:00:01.172062
4480	9	9	9	1	0:00:01.185927
4500	3	3	3	1	0:00:01.177813
4520	3	3	3	1	0:00:01.180902
4540	9	9	9	1	0:00:01.173387
4560	1	1	1	1	0:00:01.170735
4580	6	6	6	1	0:00:01.176454
4600	4	4	4	1	0:00:01.184272
4620	7	-1	3	0	0:00:01.208653
4640	2	2	2	1	0:00:01.178489
4660	7	7	7	1	0:00:01.180916
4680	9	9	9	1	0:00:01.172045
4700	6	6	5	1	0:00:01.175648
4720	8	8	0	1	0:00:01.175224
4740	5	3	3	0	0:00:01.181856
4760	3	2	2	0	0:00:01.178352
4780	0	0	0	1	0:00:01.178591
4800	9	9	9	1	0:00:01.188486
4820	3	3	3	1	0:00:01.167810
4840	0	0	0	1	0:00:01.186898
4860	5	5	5	1	0:00:01.172169
4880	0	0	0	1	0:00:01.182479
4900	3	3	3	1	0:00:01.181023
4920	7	7	7	1	0:00:01.183746
4940	6	6	6	1	0:00:01.185875
4960	4	4	4	1	0:00:01.184581
4980	1	1	1	1	0:00:01.182411
5000	7	7	7	1	0:00:01.182882
5020	8	8	8	1	0:00:01.163618
5040	3	3	3	1	0:00:01.164832
5060	6	6	6	1	0:00:01.167471
5080	7	4	4	0	0:00:01.172638
5100	3	3	3	1	0:00:01.174954
5120	9	9	9	1	0:00:01.179085
5140	8	8	8	1	0:00:01.177527
5160	0	0	0	1	0:00:01.174984
5180	9	7	7	0	0:00:01.173535
5200	3	3	3	1	0:00:01.177125
5220	0	0	0	1	0:00:01.177176
5240	1	1	1	1	0:00:01.182174
5260	0	0	0	1	0:00:01.181115
5280	0	-1	0	0	0:00:01.179829
5300	9	9	9	1	0:00:01.166072
5320	7	7	7	1	0:00:01.181804
5340	3	3	3	1	0:00:01.184167
5360	9	9	9	1	0:00:01.177202
5380	1	-1	1	0	0:00:01.164315
5400	9	9	9	1	0:00:01.175628
5420	6	6	6	1	0:00:01.172078
5440	9	9	9	1	0:00:01.190272
5460	0	0	0	1	0:00:01.191854
5480	1	1	1	1	0:00:01.177336
5500	8	8	8	1	0:00:01.167663
5520	4	4	3	1	0:00:01.182153
5540	5	-1	3	0	0:00:01.179719
5560	3	6	6	0	0:00:01.178855
5580	5	-1	3	0	0:00:01.175757
5600	6	5	5	0	0:00:01.186696
5620	3	-1	6	0	0:00:01.182174
5640	2	2	2	1	0:00:01.188062
5660	9	9	9	1	0:00:01.183454
5680	2	-1	0	0	0:00:01.186250
5700	3	5	5	0	0:00:01.181361
5720	9	9	9	1	0:00:01.171227
5740	6	6	6	1	0:00:01.166063
5760	2	2	2	1	0:00:01.178674
5780	7	7	7	1	0:00:01.173604
5800	2	2	2	1	0:00:01.173611
5820	5	5	5	1	0:00:01.179543
5840	2	-1	5	0	0:00:01.180026
5860	0	0	2	1	0:00:01.181148
5880	0	0	0	1	0:00:01.170902
5900	4	3	3	0	0:00:01.185380
5920	8	8	8	1	0:00:01.178349
5940	7	3	3	0	0:00:01.170227
5960	2	6	6	0	0:00:01.164343
5980	9	9	9	1	0:00:01.179494
6000	8	8	8	1	0:00:01.167242
6020	6	6	6	1	0:00:01.175833
6040	2	-1	7	0	0:00:01.175707
6060	3	-1	3	0	0:00:01.171150
6080	1	1	1	1	0:00:01.187104
6100	1	1	1	1	0:00:01.190522
6120	5	5	5	1	0:00:01.183836
6140	9	9	9	1	0:00:01.171079
6160	2	2	2	1	0:00:01.173063
6180	0	0	0	1	0:00:01.180656
6200	3	3	3	1	0:00:01.185138
6220	2	2	2	1	0:00:01.188772
6240	2	2	2	1	0:00:01.186207
6260	2	2	2	1	0:00:01.194115
6280	8	8	8	1	0:00:01.186465
6300	1	1	1	1	0:00:01.170179
6320	0	0	0	1	0:00:01.167784
6340	3	4	4	0	0:00:01.181565
6360	2	2	2	1	0:00:01.179553
6380	3	3	3	1	0:00:01.176750
6400	0	0	0	1	0:00:01.168848
6420	7	7	7	1	0:00:01.176223
6440	3	-1	5	0	0:00:01.178917
6460	3	3	3	1	0:00:01.176651
6480	0	0	0	1	0:00:01.172989
6500	7	-1	0	0	0:00:01.169392
6520	6	6	6	1	0:00:01.181251
6540	8	8	8	1	0:00:01.170040
6560	6	-1	4	0	0:00:01.182273
6580	1	1	1	1	0:00:01.183808
6600	7	7	7	1	0:00:01.178718
6620	7	7	7	1	0:00:01.170037
6640	5	3	3	0	0:00:01.171095
6660	0	0	0	1	0:00:01.176677
6680	3	-1	3	0	0:00:01.189563
6700	6	6	6	1	0:00:01.184821
6720	2	-1	2	0	0:00:01.179902
6740	2	3	3	0	0:00:01.178017
6760	5	5	5	1	0:00:01.174182
6780	7	7	7	1	0:00:01.181459
6800	6	-1	3	0	0:00:01.188109
6820	1	1	1	1	0:00:01.174790
6840	9	9	9	1	0:00:01.184139
6860	0	0	0	1	0:00:01.181425
6880	2	2	2	1	0:00:01.187845
6900	3	3	3	1	0:00:01.186589
6920	5	6	6	0	0:00:01.183122
6940	1	1	1	1	0:00:01.186592
6960	9	9	9	1	0:00:01.180883
6980	0	0	0	1	0:00:01.183540
7000	2	8	8	0	0:00:01.179304
7020	7	7	7	1	0:00:01.182013
7040	7	0	0	0	0:00:01.186337
7060	8	8	8	1	0:00:01.178302
7080	5	4	4	0	0:00:01.189125
7100	9	3	3	0	0:00:01.186539
7120	7	7	7	1	0:00:01.187215
7140	4	2	2	0	0:00:01.178729
7160	5	5	5	1	0:00:01.186528
7180	6	6	6	1	0:00:01.192080
7200	4	-1	4	0	0:00:01.187602
7220	9	9	9	1	0:00:01.177752
7240	0	0	8	1	0:00:01.176491
7260	1	1	1	1	0:00:01.181269
7280	1	9	9	0	0:00:01.181703
7300	3	-1	3	0	0:00:01.186889
7320	8	8	8	1	0:00:01.181993
7340	2	-1	2	0	0:00:01.188291
7360	2	2	2	1	0:00:01.189176
7380	7	7	7	1	0:00:01.177922
7400	3	3	3	1	0:00:01.191761
7420	3	3	3	1	0:00:01.179495
7440	3	3	3	1	0:00:01.182142
7460	5	5	5	1	0:00:01.186134
7480	1	1	1	1	0:00:01.182146
7500	6	6	6	1	0:00:01.176085
7520	4	4	4	1	0:00:01.183730
7540	5	5	5	1	0:00:01.199107
7560	0	0	0	1	0:00:01.202883
7580	8	8	8	1	0:00:01.170108
7600	8	-1	5	0	0:00:01.174278
7620	5	3	3	0	0:00:01.180981
7640	9	-1	8	0	0:00:01.179537
7660	7	7	7	1	0:00:01.171461
7680	3	5	5	0	0:00:01.171271
7700	6	6	6	1	0:00:01.172932
7720	5	5	3	1	0:00:01.170471
7740	4	4	4	1	0:00:01.167397
7760	2	9	9	0	0:00:01.180585
7780	3	8	8	0	0:00:01.188235
7800	0	0	0	1	0:00:01.180717
7820	5	3	3	0	0:00:01.187257
7840	1	1	1	1	0:00:01.185873
7860	8	8	8	1	0:00:01.195112
7880	0	0	0	1	0:00:01.186775
7900	0	0	0	1	0:00:01.172699
7920	9	9	9	1	0:00:01.174891
7940	2	-1	2	0	0:00:01.168096
7960	0	0	0	1	0:00:01.167131
7980	3	3	3	1	0:00:01.168866
8000	9	9	9	1	0:00:01.196846
8020	6	-1	7	0	0:00:01.183161
8040	2	2	2	1	0:00:01.185970
8060	6	6	6	1	0:00:01.191306
8080	4	4	3	1	0:00:01.180927
8100	6	6	6	1	0:00:01.186280
8120	8	8	8	1	0:00:01.177015
8140	5	7	5	0	0:00:01.171169
8160	6	6	6	1	0:00:01.172077
8180	4	2	2	0	0:00:01.178367
8200	3	7	7	0	0:00:01.172226
8220	6	6	6	1	0:00:01.166106
8240	7	7	7	1	0:00:01.173247
8260	1	1	1	1	0:00:01.178189
8280	4	4	4	1	0:00:01.177821
8300	5	5	5	1	0:00:01.165269
8320	7	7	7	1	0:00:01.170295
8340	5	5	5	1	0:00:01.169524
8360	7	7	7	1	0:00:01.181846
8380	9	9	9	1	0:00:01.204191
8400	0	0	0	1	0:00:01.166982
8420	3	6	6	0	0:00:01.174485
8440	5	3	3	0	0:00:01.174843
8460	8	8	8	1	0:00:01.166041
8480	2	2	2	1	0:00:01.173422
8500	4	4	4	1	0:00:01.174958
8520	8	-1	8	0	0:00:01.168431
8540	4	2	2	0	0:00:01.179265
8560	7	7	7	1	0:00:01.167785
8580	3	5	5	0	0:00:01.176063
8600	3	5	5	0	0:00:01.188332
8620	3	-1	3	0	0:00:01.182244
8640	1	1	1	1	0:00:01.183702
8660	7	7	7	1	0:00:01.175556
8680	3	-1	5	0	0:00:01.175477
8700	3	3	3	1	0:00:01.184637
8720	2	0	0	0	0:00:01.186573
8740	2	5	5	0	0:00:01.179566
8760	8	8	8	1	0:00:01.185397
8780	4	7	4	0	0:00:01.182680
8800	0	0	0	1	0:00:01.184472
8820	2	2	2	1	0:00:01.186337
8840	2	2	2	1	0:00:01.196323
8860	2	2	2	1	0:00:01.181657
8880	1	1	1	1	0:00:01.167571
8900	2	2	2	1	0:00:01.162313
8920	6	6	6	1	0:00:01.159532
8940	6	3	3	0	0:00:01.151194
8960	0	2	2	0	0:00:01.166554
8980	9	9	9	1	0:00:01.173087
9000	8	8	8	1	0:00:01.169269
9020	7	7	7	1	0:00:01.167930
9040	2	5	5	0	0:00:01.171029
9060	9	9	9	1	0:00:01.171431
9080	3	3	3	1	0:00:01.187895
9100	9	1	1	0	0:00:01.178117
9120	3	5	5	0	0:00:01.169618
9140	7	7	7	1	0:00:01.171280
9160	5	3	3	0	0:00:01.167216
9180	5	5	5	1	0:00:01.153884
9200	8	8	8	1	0:00:01.155560
9220	8	8	8	1	0:00:01.153733
9240	8	8	8	1	0:00:01.159297
9260	5	3	3	0	0:00:01.156327
9280	9	9	9	1	0:00:01.172545
9300	5	3	3	0	0:00:01.161526
9320	9	9	9	1	0:00:01.165905
9340	1	1	1	1	0:00:01.165054
9360	5	0	0	0	0:00:01.161821
9380	5	3	3	0	0:00:01.167375
9400	6	6	6	1	0:00:01.163106
9420	5	5	5	1	0:00:01.167311
9440	8	8	8	1	0:00:01.164803
9460	3	3	3	1	0:00:01.160238
9480	2	2	2	1	0:00:01.155735
9500	9	9	9	1	0:00:01.167455
9520	1	1	1	1	0:00:01.178830
9540	5	-1	3	0	0:00:01.174152
9560	9	7	7	0	0:00:01.168827
9580	1	1	1	1	0:00:01.164032
9600	8	8	8	1	0:00:01.159012
9620	4	4	4	1	0:00:01.159393
9640	5	5	5	1	0:00:01.165735
9660	6	6	6	1	0:00:01.162852
9680	8	8	8	1	0:00:01.161976
9700	0	0	0	1	0:00:01.162188
9720	8	8	8	1	0:00:01.161040
9740	3	6	6	0	0:00:01.166192
9760	9	9	9	1	0:00:01.162102
9780	4	4	4	1	0:00:01.165891
9800	1	1	1	1	0:00:01.167939
9820	0	8	8	0	0:00:01.167379
9840	4	7	7	0	0:00:01.160445
9860	0	0	0	1	0:00:01.174687
9880	7	7	7	1	0:00:01.213414
9900	8	8	8	1	0:00:01.179169
9920	6	6	6	1	0:00:01.177884
9940	4	4	4	1	0:00:01.163783
9960	2	0	0	0	0:00:01.163759
9980	0	0	0	1	0:00:01.162656
