idx	label	predict	basePredict	correct	time
0	3	3	3	1	0:00:15.854545
20	7	9	9	0	0:00:15.672946
40	4	4	4	1	0:00:15.777286
60	7	7	7	1	0:00:15.749451
80	8	8	8	1	0:00:15.714520
100	4	5	5	0	0:00:15.784764
120	8	-1	8	0	0:00:15.691438
140	6	6	6	1	0:00:15.750823
160	2	2	2	1	0:00:15.684278
180	0	0	0	1	0:00:15.742259
200	5	5	5	1	0:00:15.747018
220	7	7	7	1	0:00:15.759769
240	1	1	1	1	0:00:15.742816
260	8	6	5	0	0:00:15.714430
280	9	9	9	1	0:00:15.750072
300	6	6	6	1	0:00:15.771604
320	3	5	5	0	0:00:15.784123
340	2	6	6	0	0:00:15.746022
360	9	7	7	0	0:00:15.778972
380	6	6	4	1	0:00:15.713896
400	9	9	9	1	0:00:15.755826
420	4	4	4	1	0:00:15.775845
440	1	1	1	1	0:00:15.791608
460	5	5	5	1	0:00:15.841827
480	8	9	9	0	0:00:15.748806
500	4	6	6	0	0:00:15.797650
520	5	5	5	1	0:00:15.728376
540	1	1	1	1	0:00:15.740479
560	0	0	0	1	0:00:15.813187
580	4	6	4	0	0:00:15.758295
600	8	8	8	1	0:00:15.749093
620	7	7	7	1	0:00:15.763459
640	5	3	3	0	0:00:15.746664
660	9	9	9	1	0:00:15.723206
680	9	9	1	1	0:00:15.735531
700	7	7	7	1	0:00:15.762233
720	4	7	9	0	0:00:15.797690
740	2	5	5	0	0:00:15.765589
760	3	7	3	0	0:00:15.758497
780	9	9	9	1	0:00:15.737123
800	7	7	7	1	0:00:15.788099
820	6	1	1	0	0:00:15.708358
840	7	7	7	1	0:00:15.775133
860	4	4	4	1	0:00:15.726967
880	8	8	8	1	0:00:15.731730
900	2	6	6	0	0:00:15.816981
920	6	6	6	1	0:00:15.823751
940	9	9	9	1	0:00:15.745915
960	9	3	3	0	0:00:15.787418
980	2	6	6	0	0:00:15.897053
1000	5	5	5	1	0:00:15.133850
1020	1	1	1	1	0:00:15.033845
1040	7	5	3	0	0:00:15.025299
1060	9	9	9	1	0:00:15.067705
1080	6	6	2	1	0:00:15.034754
1100	7	8	8	0	0:00:15.058258
1120	5	2	2	0	0:00:15.177418
1140	6	6	4	1	0:00:15.097597
1160	8	8	8	1	0:00:15.053919
1180	3	3	3	1	0:00:15.016790
1200	8	5	8	0	0:00:15.090004
1220	9	6	6	0	0:00:15.196025
1240	2	6	6	0	0:00:15.175763
1260	1	9	9	0	0:00:15.115025
1280	3	5	5	0	0:00:15.103995
1300	4	3	3	0	0:00:15.161371
1320	7	2	2	0	0:00:15.070475
1340	1	1	1	1	0:00:15.123575
1360	7	7	7	1	0:00:15.024422
1380	4	5	5	0	0:00:15.067843
1400	5	6	5	0	0:00:15.076072
1420	4	7	7	0	0:00:15.050051
1440	0	8	8	0	0:00:15.130462
1460	6	6	6	1	0:00:15.100151
1480	1	1	1	1	0:00:15.089470
1500	1	1	1	1	0:00:15.086011
1520	7	7	7	1	0:00:15.065380
1540	8	8	8	1	0:00:15.117748
1560	7	7	7	1	0:00:15.182826
1580	6	1	1	0	0:00:15.123182
1600	8	9	1	0	0:00:15.045741
1620	5	4	4	0	0:00:15.088530
1640	7	3	3	0	0:00:15.146469
1660	3	3	5	1	0:00:15.087525
1680	6	6	6	1	0:00:15.032248
1700	5	5	5	1	0:00:15.107921
1720	4	4	4	1	0:00:15.043112
1740	1	9	9	0	0:00:15.041938
1760	0	8	8	0	0:00:15.078863
1780	7	9	9	0	0:00:15.043267
1800	4	0	8	0	0:00:15.036062
1820	8	9	9	0	0:00:15.051580
1840	8	9	7	0	0:00:15.048321
1860	8	8	8	1	0:00:15.088723
1880	1	1	1	1	0:00:15.085068
1900	8	8	8	1	0:00:15.196301
1920	2	2	2	1	0:00:15.183607
1940	5	5	5	1	0:00:15.085242
1960	2	5	5	0	0:00:15.053904
1980	9	9	9	1	0:00:15.217966
2000	1	6	1	0	0:00:15.096439
2020	9	9	9	1	0:00:15.116501
2040	0	0	0	1	0:00:15.038438
2060	5	3	3	0	0:00:15.091506
2080	1	9	9	0	0:00:15.126929
2100	2	7	7	0	0:00:15.108994
2120	4	8	8	0	0:00:15.089997
2140	9	9	9	1	0:00:15.091862
2160	0	8	8	0	0:00:15.135009
2180	4	4	4	1	0:00:15.119475
2200	0	0	0	1	0:00:15.095462
2220	1	1	1	1	0:00:15.049120
2240	9	9	1	1	0:00:15.103914
2260	4	7	7	0	0:00:15.091965
2280	4	3	3	0	0:00:15.185257
2300	3	6	4	0	0:00:15.086441
2320	5	2	2	0	0:00:15.025339
2340	7	7	7	1	0:00:15.051188
2360	7	7	7	1	0:00:15.069101
2380	8	8	8	1	0:00:15.048799
2400	0	0	0	1	0:00:15.031808
2420	8	5	5	0	0:00:15.102275
2440	7	7	7	1	0:00:15.071731
2460	9	3	3	0	0:00:15.113209
2480	8	0	8	0	0:00:15.096561
2500	4	6	4	0	0:00:15.107039
2520	1	3	3	0	0:00:15.084911
2540	2	3	3	0	0:00:15.109877
2560	7	7	5	1	0:00:15.119819
2580	6	6	6	1	0:00:15.083875
2600	8	8	8	1	0:00:15.137760
2620	1	1	8	1	0:00:15.123862
2640	7	7	7	1	0:00:15.142192
2660	3	2	2	0	0:00:15.191155
2680	0	0	0	1	0:00:15.103596
2700	9	1	1	0	0:00:15.066255
2720	3	3	3	1	0:00:15.107615
2740	1	1	1	1	0:00:15.066807
2760	2	2	2	1	0:00:15.028179
2780	7	7	7	1	0:00:15.060643
2800	4	6	4	0	0:00:15.099805
2820	6	6	6	1	0:00:15.181614
2840	3	3	3	1	0:00:15.035088
2860	5	7	6	0	0:00:15.078893
2880	4	4	4	1	0:00:15.095023
2900	3	5	5	0	0:00:15.104933
2920	2	3	3	0	0:00:15.037018
2940	3	0	0	0	0:00:15.122745
2960	9	9	9	1	0:00:15.096817
2980	8	8	8	1	0:00:15.078585
3000	5	5	5	1	0:00:15.145552
3020	1	1	1	1	0:00:15.168870
3040	7	7	7	1	0:00:15.071024
3060	7	7	7	1	0:00:15.071072
3080	1	1	1	1	0:00:15.057947
3100	0	0	0	1	0:00:15.113239
3120	4	6	6	0	0:00:15.045193
3140	8	8	8	1	0:00:15.113326
3160	6	2	2	0	0:00:15.041524
3180	3	3	3	1	0:00:15.071909
3200	5	5	5	1	0:00:15.027340
3220	3	9	9	0	0:00:15.130605
3240	4	1	2	0	0:00:15.139827
3260	7	7	7	1	0:00:15.034632
3280	3	5	5	0	0:00:15.044862
3300	4	2	2	0	0:00:15.091876
3320	2	7	7	0	0:00:15.021904
3340	6	6	6	1	0:00:15.123106
3360	4	6	3	0	0:00:15.096803
3380	8	8	8	1	0:00:15.152137
3400	6	4	4	0	0:00:15.115346
3420	5	7	7	0	0:00:15.025182
3440	2	3	3	0	0:00:15.085295
3460	1	1	1	1	0:00:15.039173
3480	2	2	2	1	0:00:15.104940
3500	1	9	9	0	0:00:15.113142
3520	1	1	1	1	0:00:15.118649
3540	6	6	6	1	0:00:15.068743
3560	1	9	9	0	0:00:15.166487
3580	4	2	2	0	0:00:15.114899
3600	4	2	2	0	0:00:15.070084
3620	0	6	5	0	0:00:15.070023
3640	6	2	6	0	0:00:14.992028
3660	0	8	8	0	0:00:15.097302
3680	0	2	2	0	0:00:15.116775
3700	3	5	5	0	0:00:15.100737
3720	2	2	2	1	0:00:15.175040
3740	0	0	8	1	0:00:15.107380
3760	7	7	7	1	0:00:15.075509
3780	4	4	4	1	0:00:15.088402
3800	9	9	9	1	0:00:15.052495
3820	0	2	0	0	0:00:15.110773
3840	6	8	8	0	0:00:15.043096
3860	7	7	7	1	0:00:15.068423
3880	6	4	4	0	0:00:15.083523
3900	3	6	6	0	0:00:15.078088
3920	7	9	9	0	0:00:15.003429
3940	6	7	4	0	0:00:15.065524
3960	2	2	2	1	0:00:15.121670
3980	9	6	6	0	0:00:15.117435
4000	8	7	9	0	0:00:15.074335
4020	8	8	8	1	0:00:15.061402
4040	0	0	0	1	0:00:15.106470
4060	6	6	3	1	0:00:15.164921
4080	1	1	1	1	0:00:15.143337
4100	7	7	7	1	0:00:15.115517
4120	4	4	4	1	0:00:15.082947
4140	5	5	5	1	0:00:15.205013
4160	5	5	5	1	0:00:15.095535
4180	0	8	8	0	0:00:15.075859
4200	4	4	2	1	0:00:15.103915
4220	4	0	0	0	0:00:15.033828
4240	7	8	8	0	0:00:15.084926
4260	8	8	8	1	0:00:15.062625
4280	8	9	9	0	0:00:15.087964
4300	8	8	8	1	0:00:15.061910
4320	1	8	8	0	0:00:15.089835
4340	0	0	0	1	0:00:15.112567
4360	6	9	9	0	0:00:15.069014
4380	9	9	9	1	0:00:15.103015
4400	3	6	4	0	0:00:15.087322
4420	5	7	7	0	0:00:15.011785
4440	2	5	3	0	0:00:15.070442
4460	9	9	9	1	0:00:15.095534
4480	9	9	9	1	0:00:15.053373
4500	3	5	5	0	0:00:15.039949
4520	3	6	6	0	0:00:15.158353
4540	9	9	9	1	0:00:15.148110
4560	1	1	1	1	0:00:15.124319
4580	6	6	4	1	0:00:15.124359
4600	4	2	2	0	0:00:15.118464
4620	7	3	3	0	0:00:15.113268
4640	2	2	2	1	0:00:15.051605
4660	7	6	7	0	0:00:15.144306
4680	9	9	9	1	0:00:15.035238
4700	6	-1	5	0	0:00:15.027707
4720	8	0	0	0	0:00:15.043403
4740	5	3	3	0	0:00:15.057071
4760	3	2	2	0	0:00:15.126765
4780	0	0	0	1	0:00:15.032490
4800	9	9	9	1	0:00:15.070230
4820	3	5	5	0	0:00:15.115612
4840	0	0	0	1	0:00:15.063777
4860	5	5	5	1	0:00:15.210524
4880	0	7	7	0	0:00:15.045202
4900	3	6	6	0	0:00:15.126503
4920	7	7	7	1	0:00:15.278432
4940	6	6	4	1	0:00:15.042274
4960	4	3	3	0	0:00:15.075639
4980	1	9	9	0	0:00:14.996377
5000	7	7	7	1	0:00:15.096390
5020	8	8	8	1	0:00:15.040631
5040	3	3	3	1	0:00:15.125705
5060	6	6	2	1	0:00:15.126194
5080	7	7	4	1	0:00:15.094255
5100	3	3	3	1	0:00:15.082058
5120	9	9	9	1	0:00:15.104345
5140	8	8	8	1	0:00:15.109910
5160	0	0	0	1	0:00:15.055016
5180	9	7	7	0	0:00:15.152773
5200	3	3	3	1	0:00:15.246088
5220	0	0	0	1	0:00:15.064698
5240	1	9	9	0	0:00:15.201042
5260	0	0	0	1	0:00:15.025796
5280	0	8	8	0	0:00:15.095547
5300	9	9	9	1	0:00:15.067809
5320	7	7	7	1	0:00:15.115602
5340	3	5	5	0	0:00:15.062538
5360	9	9	9	1	0:00:15.016647
5380	1	9	9	0	0:00:15.172685
5400	9	9	9	1	0:00:15.094245
5420	6	6	6	1	0:00:15.145782
5440	9	9	9	1	0:00:15.089330
5460	0	6	6	0	0:00:15.020190
5480	1	1	1	1	0:00:15.123132
5500	8	1	8	0	0:00:15.104306
5520	4	3	3	0	0:00:15.067091
5540	5	6	6	0	0:00:15.193977
5560	3	6	6	0	0:00:15.088383
5580	5	6	6	0	0:00:15.165356
5600	6	9	4	0	0:00:15.236817
5620	3	2	2	0	0:00:15.054127
5640	2	3	3	0	0:00:15.061950
5660	9	9	9	1	0:00:15.221402
5680	2	3	3	0	0:00:15.074396
5700	3	5	5	0	0:00:15.118573
5720	9	9	9	1	0:00:15.181257
5740	6	4	4	0	0:00:15.082900
5760	2	2	2	1	0:00:15.054719
5780	7	7	7	1	0:00:15.091237
5800	2	2	2	1	0:00:15.079040
5820	5	6	6	0	0:00:15.088745
5840	2	5	5	0	0:00:15.088436
5860	0	0	8	1	0:00:15.089324
5880	0	0	0	1	0:00:15.108141
5900	4	0	5	0	0:00:15.102967
5920	8	8	8	1	0:00:15.025968
5940	7	6	6	0	0:00:15.067163
5960	2	6	6	0	0:00:15.033401
5980	9	9	9	1	0:00:15.169888
6000	8	8	8	1	0:00:15.046633
6020	6	6	6	1	0:00:15.102643
6040	2	7	7	0	0:00:14.994205
6060	3	6	4	0	0:00:15.058926
6080	1	1	1	1	0:00:15.090822
6100	1	1	1	1	0:00:14.986515
6120	5	5	5	1	0:00:15.123739
6140	9	9	9	1	0:00:15.082587
6160	2	5	5	0	0:00:15.104247
6180	0	9	9	0	0:00:15.105779
6200	3	3	3	1	0:00:15.321290
6220	2	5	5	0	0:00:15.113240
6240	2	0	0	0	0:00:15.218415
6260	2	1	1	0	0:00:15.067446
6280	8	5	5	0	0:00:15.098221
6300	1	1	1	1	0:00:15.104023
6320	0	0	0	1	0:00:15.064811
6340	3	7	3	0	0:00:15.094052
6360	2	6	2	0	0:00:15.235610
6380	3	6	4	0	0:00:15.085186
6400	0	8	0	0	0:00:15.070558
6420	7	7	7	1	0:00:15.071769
6440	3	6	8	0	0:00:15.120876
6460	3	5	5	0	0:00:15.052475
6480	0	2	2	0	0:00:15.084982
6500	7	6	6	0	0:00:15.179055
6520	6	6	2	1	0:00:15.055187
6540	8	8	8	1	0:00:15.110894
6560	6	6	6	1	0:00:15.042408
6580	1	7	3	0	0:00:15.066540
6600	7	7	7	1	0:00:15.138955
6620	7	7	7	1	0:00:15.072104
6640	5	3	3	0	0:00:15.072518
6660	0	0	0	1	0:00:15.000786
6680	3	3	3	1	0:00:15.097505
6700	6	6	6	1	0:00:15.083178
6720	2	4	4	0	0:00:15.013875
6740	2	6	4	0	0:00:15.033032
6760	5	5	3	1	0:00:15.093125
6780	7	7	7	1	0:00:15.069711
6800	6	4	4	0	0:00:15.092875
6820	1	1	1	1	0:00:15.080167
6840	9	9	9	1	0:00:15.198868
6860	0	0	0	1	0:00:15.102267
6880	2	2	2	1	0:00:15.060142
6900	3	3	3	1	0:00:15.007725
6920	5	2	4	0	0:00:15.075938
6940	1	1	1	1	0:00:15.095423
6960	9	8	8	0	0:00:15.126885
6980	0	1	1	0	0:00:15.072210
7000	2	8	8	0	0:00:15.067651
7020	7	7	7	1	0:00:15.114664
7040	7	1	8	0	0:00:15.059906
7060	8	8	8	1	0:00:15.004228
7080	5	4	4	0	0:00:15.012197
7100	9	2	2	0	0:00:15.059573
7120	7	7	7	1	0:00:15.028693
7140	4	7	7	0	0:00:15.033845
7160	5	5	5	1	0:00:15.096519
7180	6	6	6	1	0:00:15.126325
7200	4	6	6	0	0:00:15.042071
7220	9	-1	0	0	0:00:15.029042
7240	0	8	8	0	0:00:15.123030
7260	1	1	1	1	0:00:15.092216
7280	1	0	0	0	0:00:15.098332
7300	3	4	4	0	0:00:15.125885
7320	8	0	0	0	0:00:15.061365
7340	2	4	4	0	0:00:15.068125
7360	2	7	7	0	0:00:15.075900
7380	7	7	7	1	0:00:15.064833
7400	3	9	9	0	0:00:15.104519
7420	3	2	2	0	0:00:15.041245
7440	3	3	3	1	0:00:15.062102
7460	5	5	5	1	0:00:15.101697
7480	1	-1	8	0	0:00:15.059718
7500	6	6	6	1	0:00:15.082158
7520	4	4	4	1	0:00:15.137369
7540	5	5	5	1	0:00:15.126951
7560	0	6	0	0	0:00:15.104058
7580	8	9	8	0	0:00:15.087697
7600	8	9	9	0	0:00:15.081414
7620	5	3	3	0	0:00:15.087489
7640	9	9	9	1	0:00:15.131177
7660	7	7	7	1	0:00:15.101442
7680	3	9	3	0	0:00:15.087929
7700	6	6	6	1	0:00:15.209067
7720	5	2	2	0	0:00:15.206715
7740	4	6	2	0	0:00:15.064650
7760	2	9	9	0	0:00:15.059930
7780	3	9	9	0	0:00:15.151145
7800	0	0	0	1	0:00:15.062917
7820	5	5	5	1	0:00:15.023812
7840	1	1	1	1	0:00:15.066466
7860	8	8	8	1	0:00:15.078577
7880	0	0	0	1	0:00:15.099896
7900	0	2	2	0	0:00:15.090086
7920	9	1	1	0	0:00:15.096554
7940	2	6	6	0	0:00:15.104242
7960	0	0	0	1	0:00:15.046262
7980	3	3	3	1	0:00:15.033088
8000	9	9	9	1	0:00:15.069648
8020	6	7	7	0	0:00:15.096145
8040	2	2	2	1	0:00:15.123322
8060	6	6	6	1	0:00:15.074450
8080	4	6	6	0	0:00:15.025755
8100	6	2	2	0	0:00:15.131858
8120	8	9	8	0	0:00:15.060750
8140	5	4	4	0	0:00:15.097212
8160	6	6	6	1	0:00:14.994934
8180	4	6	4	0	0:00:15.096693
8200	3	0	0	0	0:00:15.163186
8220	6	7	5	0	0:00:15.069138
8240	7	7	7	1	0:00:15.077416
8260	1	1	1	1	0:00:15.018293
8280	4	5	5	0	0:00:15.034167
8300	5	2	2	0	0:00:15.044169
8320	7	7	7	1	0:00:15.088054
8340	5	3	5	0	0:00:15.131611
8360	7	7	7	1	0:00:15.132733
8380	9	9	9	1	0:00:15.199784
8400	0	8	8	0	0:00:15.124428
8420	3	6	6	0	0:00:15.183462
8440	5	3	3	0	0:00:15.029286
8460	8	8	8	1	0:00:15.017405
8480	2	2	2	1	0:00:15.154073
8500	4	4	4	1	0:00:15.128212
8520	8	8	8	1	0:00:14.988334
8540	4	6	4	0	0:00:15.017184
8560	7	7	7	1	0:00:15.161556
8580	3	9	9	0	0:00:15.023196
8600	3	5	5	0	0:00:15.095019
8620	3	2	2	0	0:00:15.015023
8640	1	1	1	1	0:00:15.095797
8660	7	5	5	0	0:00:15.050813
8680	3	6	6	0	0:00:15.104328
8700	3	3	3	1	0:00:15.072308
8720	2	0	0	0	0:00:15.073750
8740	2	4	4	0	0:00:15.019894
8760	8	8	8	1	0:00:15.161076
8780	4	7	4	0	0:00:15.025196
8800	0	0	0	1	0:00:15.089578
8820	2	2	2	1	0:00:15.195574
8840	2	6	2	0	0:00:15.024510
8860	2	2	2	1	0:00:15.094304
8880	1	1	1	1	0:00:15.103172
8900	2	4	4	0	0:00:15.303705
8920	6	6	6	1	0:00:15.039341
8940	6	3	3	0	0:00:15.052909
8960	0	0	0	1	0:00:15.009058
8980	9	9	9	1	0:00:15.107451
9000	8	8	8	1	0:00:15.076324
9020	7	7	7	1	0:00:15.162139
9040	2	5	5	0	0:00:15.112226
9060	9	9	5	1	0:00:15.132694
9080	3	3	6	1	0:00:15.094455
9100	9	1	1	0	0:00:14.994772
9120	3	5	5	0	0:00:14.984586
9140	7	7	7	1	0:00:15.106046
9160	5	5	5	1	0:00:15.150268
9180	5	5	5	1	0:00:15.092551
9200	8	8	8	1	0:00:15.206028
9220	8	8	8	1	0:00:15.067115
9240	8	0	8	0	0:00:15.092908
9260	5	5	5	1	0:00:15.292036
9280	9	8	8	0	0:00:15.124496
9300	5	4	4	0	0:00:15.071447
9320	9	9	9	1	0:00:15.145006
9340	1	1	1	1	0:00:15.145713
9360	5	0	0	0	0:00:15.086778
9380	5	3	3	0	0:00:14.988131
9400	6	6	6	1	0:00:15.211464
9420	5	5	5	1	0:00:15.115870
9440	8	8	8	1	0:00:15.057186
9460	3	7	7	0	0:00:15.014081
9480	2	4	4	0	0:00:15.090735
9500	9	9	9	1	0:00:15.078377
9520	1	1	1	1	0:00:15.103225
9540	5	5	5	1	0:00:15.035149
9560	9	7	7	0	0:00:15.215657
9580	1	1	1	1	0:00:15.139061
9600	8	8	8	1	0:00:15.131291
9620	4	4	4	1	0:00:15.133448
9640	5	5	5	1	0:00:15.094366
9660	6	6	6	1	0:00:15.114939
9680	8	8	8	1	0:00:14.999602
9700	0	0	0	1	0:00:15.123458
9720	8	1	8	0	0:00:15.063458
9740	3	6	6	0	0:00:15.058264
9760	9	7	7	0	0:00:15.132901
9780	4	6	6	0	0:00:15.093053
9800	1	1	1	1	0:00:15.103254
9820	0	8	8	0	0:00:15.143530
9840	4	3	3	0	0:00:15.097211
9860	0	5	5	0	0:00:15.116952
9880	7	8	3	0	0:00:15.102218
9900	8	8	8	1	0:00:15.069893
9920	6	6	6	1	0:00:15.124140
9940	4	4	4	1	0:00:15.137135
9960	2	0	0	0	0:00:15.083445
9980	0	0	0	1	0:00:15.051234
