idx	label	predict	basePredict	correct	time
0	3	3	3	1	0:00:01.199347
20	7	-1	5	0	0:00:01.116018
40	4	4	4	1	0:00:01.074018
60	7	7	7	1	0:00:01.055826
80	8	8	8	1	0:00:01.112632
100	4	5	5	0	0:00:01.077415
120	8	-1	8	0	0:00:01.061865
140	6	6	2	1	0:00:01.069905
160	2	2	2	1	0:00:01.101882
180	0	0	0	1	0:00:01.050350
200	5	5	5	1	0:00:01.013073
220	7	-1	5	0	0:00:01.056865
240	1	1	1	1	0:00:01.066959
260	8	8	8	1	0:00:01.099421
280	9	-1	0	0	0:00:01.058697
300	6	6	6	1	0:00:01.095975
320	3	-1	5	0	0:00:01.077547
340	2	4	4	0	0:00:01.070798
360	9	9	3	1	0:00:01.090283
380	6	6	2	1	0:00:01.056271
400	9	9	9	1	0:00:01.065102
420	4	4	4	1	0:00:01.046938
440	1	1	1	1	0:00:01.042450
460	5	5	5	1	0:00:01.042681
480	8	9	8	0	0:00:01.067537
500	4	-1	3	0	0:00:01.063691
520	5	5	5	1	0:00:01.059361
540	1	1	1	1	0:00:01.070485
560	0	0	0	1	0:00:01.087122
580	4	4	4	1	0:00:01.053561
600	8	8	8	1	0:00:01.045835
620	7	7	7	1	0:00:01.030613
640	5	3	3	0	0:00:01.074191
660	9	9	8	1	0:00:01.113616
680	9	9	9	1	0:00:01.068843
700	7	7	7	1	0:00:01.091677
720	4	4	4	1	0:00:01.084744
740	2	5	5	0	0:00:01.090320
760	3	-1	3	0	0:00:01.096781
780	9	9	9	1	0:00:01.111214
800	7	7	7	1	0:00:01.093248
820	6	6	6	1	0:00:01.057600
840	7	7	7	1	0:00:01.065930
860	4	-1	2	0	0:00:01.060804
880	8	8	8	1	0:00:01.090344
900	2	-1	5	0	0:00:01.088852
920	6	6	4	1	0:00:01.093864
940	9	9	9	1	0:00:01.084412
960	9	-1	3	0	0:00:01.140531
980	2	-1	2	0	0:00:01.065181
1000	5	5	5	1	0:00:00.993038
1020	1	1	1	1	0:00:00.976906
1040	7	5	5	0	0:00:00.991384
1060	9	9	9	1	0:00:01.000995
1080	6	6	6	1	0:00:00.974800
1100	7	-1	8	0	0:00:00.989929
1120	5	2	2	0	0:00:01.003251
1140	6	6	3	1	0:00:00.966971
1160	8	8	8	1	0:00:00.970954
1180	3	3	3	1	0:00:00.979344
1200	8	8	8	1	0:00:00.973713
1220	9	-1	3	0	0:00:00.960665
1240	2	6	6	0	0:00:00.973170
1260	1	9	1	0	0:00:00.967883
1280	3	3	3	1	0:00:00.978448
1300	4	3	3	0	0:00:00.985586
1320	7	7	7	1	0:00:00.985635
1340	1	1	1	1	0:00:00.982194
1360	7	7	4	1	0:00:00.980855
1380	4	-1	5	0	0:00:00.979618
1400	5	-1	5	0	0:00:00.958491
1420	4	-1	7	0	0:00:00.995649
1440	0	0	8	1	0:00:00.991457
1460	6	6	6	1	0:00:00.981497
1480	1	-1	5	0	0:00:00.981874
1500	1	1	1	1	0:00:01.007994
1520	7	7	4	1	0:00:00.965378
1540	8	8	8	1	0:00:00.984129
1560	7	7	7	1	0:00:00.994225
1580	6	-1	3	0	0:00:00.974154
1600	8	9	8	0	0:00:00.991512
1620	5	-1	8	0	0:00:00.978424
1640	7	3	3	0	0:00:00.981259
1660	3	3	3	1	0:00:00.976492
1680	6	6	3	1	0:00:00.966472
1700	5	-1	3	0	0:00:00.996258
1720	4	4	4	1	0:00:01.001920
1740	1	1	1	1	0:00:00.989590
1760	0	0	0	1	0:00:01.023545
1780	7	7	4	1	0:00:01.006166
1800	4	4	4	1	0:00:01.012486
1820	8	8	8	1	0:00:01.024982
1840	8	-1	2	0	0:00:01.001573
1860	8	8	8	1	0:00:00.991827
1880	1	1	1	1	0:00:01.011702
1900	8	8	8	1	0:00:01.015770
1920	2	2	2	1	0:00:01.003254
1940	5	5	2	1	0:00:01.006419
1960	2	5	2	0	0:00:01.025030
1980	9	9	9	1	0:00:00.997902
2000	1	1	1	1	0:00:00.981857
2020	9	9	9	1	0:00:00.983165
2040	0	0	0	1	0:00:00.979483
2060	5	3	3	0	0:00:01.028402
2080	1	9	9	0	0:00:01.023606
2100	2	2	2	1	0:00:01.003238
2120	4	8	8	0	0:00:00.997252
2140	9	9	9	1	0:00:00.993436
2160	0	0	0	1	0:00:01.013913
2180	4	4	4	1	0:00:01.034881
2200	0	0	0	1	0:00:00.987797
2220	1	1	1	1	0:00:01.013545
2240	9	9	1	1	0:00:01.001307
2260	4	4	4	1	0:00:00.985003
2280	4	4	4	1	0:00:01.022246
2300	3	-1	4	0	0:00:01.015271
2320	5	2	2	0	0:00:00.996694
2340	7	7	7	1	0:00:01.059898
2360	7	5	5	0	0:00:01.014023
2380	8	8	8	1	0:00:01.029807
2400	0	0	0	1	0:00:01.023378
2420	8	-1	3	0	0:00:00.990204
2440	7	7	7	1	0:00:00.994487
2460	9	-1	4	0	0:00:01.000212
2480	8	8	8	1	0:00:01.008217
2500	4	-1	4	0	0:00:01.008014
2520	1	-1	8	0	0:00:01.018050
2540	2	6	2	0	0:00:00.988639
2560	7	7	5	1	0:00:00.985854
2580	6	-1	5	0	0:00:00.981884
2600	8	8	8	1	0:00:00.998440
2620	1	1	1	1	0:00:00.959433
2640	7	7	7	1	0:00:00.956610
2660	3	-1	2	0	0:00:00.944803
2680	0	0	0	1	0:00:00.963847
2700	9	1	1	0	0:00:00.964203
2720	3	3	3	1	0:00:00.983486
2740	1	-1	2	0	0:00:00.973314
2760	2	2	2	1	0:00:00.997983
2780	7	7	7	1	0:00:01.028052
2800	4	4	3	1	0:00:00.991304
2820	6	6	6	1	0:00:00.983416
2840	3	3	3	1	0:00:01.027255
2860	5	4	4	0	0:00:00.975477
2880	4	4	4	1	0:00:00.981772
2900	3	7	2	0	0:00:00.959268
2920	2	3	2	0	0:00:00.997943
2940	3	0	0	0	0:00:00.999570
2960	9	0	0	0	0:00:01.007608
2980	8	8	8	1	0:00:01.007832
3000	5	5	5	1	0:00:00.978601
3020	1	1	1	1	0:00:00.985029
3040	7	7	7	1	0:00:00.987290
3060	7	7	7	1	0:00:00.958128
3080	1	-1	9	0	0:00:00.948530
3100	0	0	0	1	0:00:00.971765
3120	4	-1	3	0	0:00:00.984959
3140	8	8	8	1	0:00:00.965759
3160	6	2	2	0	0:00:00.999372
3180	3	-1	3	0	0:00:00.984293
3200	5	5	5	1	0:00:01.010779
3220	3	9	3	0	0:00:00.997816
3240	4	-1	0	0	0:00:00.962918
3260	7	7	7	1	0:00:00.959201
3280	3	5	5	0	0:00:00.980167
3300	4	4	4	1	0:00:01.000728
3320	2	7	7	0	0:00:00.998415
3340	6	6	0	1	0:00:00.998838
3360	4	4	4	1	0:00:01.029785
3380	8	8	8	1	0:00:00.979977
3400	6	4	4	0	0:00:01.001570
3420	5	-1	3	0	0:00:00.964269
3440	2	3	3	0	0:00:01.001980
3460	1	1	1	1	0:00:00.970518
3480	2	2	2	1	0:00:00.989397
3500	1	-1	9	0	0:00:00.986875
3520	1	1	1	1	0:00:00.983761
3540	6	6	3	1	0:00:00.983547
3560	1	-1	1	0	0:00:00.985886
3580	4	4	4	1	0:00:01.000005
3600	4	2	2	0	0:00:00.994224
3620	0	0	0	1	0:00:00.984022
3640	6	-1	6	0	0:00:00.993133
3660	0	0	8	1	0:00:01.008484
3680	0	-1	0	0	0:00:01.001332
3700	3	3	3	1	0:00:01.019267
3720	2	2	2	1	0:00:00.988002
3740	0	0	0	1	0:00:01.001296
3760	7	7	7	1	0:00:00.992823
3780	4	4	2	1	0:00:00.993802
3800	9	9	9	1	0:00:00.979966
3820	0	-1	0	0	0:00:01.010419
3840	6	3	3	0	0:00:00.998617
3860	7	7	7	1	0:00:01.010281
3880	6	6	5	1	0:00:01.000560
3900	3	-1	6	0	0:00:01.073434
3920	7	7	7	1	0:00:01.006386
3940	6	-1	2	0	0:00:00.983479
3960	2	2	2	1	0:00:01.006656
3980	9	9	9	1	0:00:01.010946
4000	8	-1	8	0	0:00:01.032786
4020	8	8	8	1	0:00:01.013882
4040	0	0	0	1	0:00:00.995080
4060	6	6	6	1	0:00:00.983604
4080	1	1	1	1	0:00:00.993826
4100	7	7	7	1	0:00:00.985866
4120	4	4	4	1	0:00:00.987551
4140	5	5	5	1	0:00:00.994274
4160	5	-1	2	0	0:00:01.008464
4180	0	8	8	0	0:00:01.003440
4200	4	-1	2	0	0:00:00.981248
4220	4	0	0	0	0:00:01.014758
4240	7	-1	0	0	0:00:01.006952
4260	8	8	8	1	0:00:00.987967
4280	8	0	8	0	0:00:00.995577
4300	8	8	8	1	0:00:00.986330
4320	1	9	8	0	0:00:00.997644
4340	0	0	0	1	0:00:00.994737
4360	6	6	6	1	0:00:00.976527
4380	9	9	9	1	0:00:00.978414
4400	3	-1	5	0	0:00:00.960510
4420	5	5	5	1	0:00:00.981086
4440	2	2	2	1	0:00:00.999776
4460	9	9	9	1	0:00:00.964478
4480	9	9	9	1	0:00:00.997332
4500	3	5	3	0	0:00:01.009053
4520	3	-1	3	0	0:00:00.991360
4540	9	9	9	1	0:00:00.992561
4560	1	1	1	1	0:00:00.996791
4580	6	6	4	1	0:00:01.017944
4600	4	4	4	1	0:00:00.999413
4620	7	-1	3	0	0:00:01.013670
4640	2	2	2	1	0:00:01.013272
4660	7	-1	4	0	0:00:01.002636
4680	9	9	9	1	0:00:01.012010
4700	6	5	5	0	0:00:01.002116
4720	8	8	8	1	0:00:01.019233
4740	5	3	3	0	0:00:01.013307
4760	3	2	2	0	0:00:01.019691
4780	0	0	0	1	0:00:00.986794
4800	9	9	9	1	0:00:00.985348
4820	3	3	3	1	0:00:00.983272
4840	0	0	0	1	0:00:01.001814
4860	5	5	5	1	0:00:00.994838
4880	0	8	8	0	0:00:01.010905
4900	3	3	3	1	0:00:01.005038
4920	7	7	7	1	0:00:00.992439
4940	6	6	4	1	0:00:00.975286
4960	4	4	3	1	0:00:00.998721
4980	1	9	9	0	0:00:00.990197
5000	7	7	7	1	0:00:00.962612
5020	8	8	8	1	0:00:00.984835
5040	3	3	3	1	0:00:01.002971
5060	6	6	2	1	0:00:00.996011
5080	7	7	7	1	0:00:00.977873
5100	3	3	3	1	0:00:01.016833
5120	9	9	8	1	0:00:01.004065
5140	8	8	8	1	0:00:00.975167
5160	0	0	8	1	0:00:00.989681
5180	9	-1	7	0	0:00:01.000004
5200	3	3	3	1	0:00:01.000948
5220	0	0	0	1	0:00:00.988860
5240	1	1	1	1	0:00:00.999890
5260	0	0	0	1	0:00:01.028801
5280	0	4	4	0	0:00:01.019958
5300	9	9	9	1	0:00:00.997693
5320	7	7	7	1	0:00:01.002481
5340	3	4	5	0	0:00:00.976330
5360	9	9	9	1	0:00:01.009187
5380	1	9	9	0	0:00:01.012210
5400	9	9	9	1	0:00:01.007438
5420	6	6	6	1	0:00:00.999730
5440	9	9	9	1	0:00:00.990146
5460	0	0	0	1	0:00:01.017103
5480	1	1	1	1	0:00:00.993152
5500	8	8	8	1	0:00:00.993523
5520	4	4	4	1	0:00:01.007045
5540	5	-1	5	0	0:00:01.015012
5560	3	5	5	0	0:00:00.998610
5580	5	-1	3	0	0:00:00.987743
5600	6	-1	3	0	0:00:00.983691
5620	3	6	2	0	0:00:00.980985
5640	2	5	2	0	0:00:00.985445
5660	9	-1	8	0	0:00:00.987999
5680	2	3	3	0	0:00:01.003914
5700	3	3	3	1	0:00:00.986872
5720	9	9	9	1	0:00:01.000679
5740	6	6	2	1	0:00:01.009258
5760	2	2	2	1	0:00:01.000686
5780	7	7	7	1	0:00:01.025350
5800	2	2	2	1	0:00:00.991329
5820	5	5	5	1	0:00:01.010300
5840	2	2	2	1	0:00:00.982318
5860	0	0	0	1	0:00:01.015111
5880	0	0	0	1	0:00:01.002885
5900	4	3	0	0	0:00:00.985383
5920	8	8	8	1	0:00:00.986316
5940	7	-1	3	0	0:00:00.996180
5960	2	6	2	0	0:00:01.006179
5980	9	9	9	1	0:00:00.985292
6000	8	8	8	1	0:00:00.983905
6020	6	6	6	1	0:00:00.981223
6040	2	-1	7	0	0:00:00.988861
6060	3	4	5	0	0:00:00.942554
6080	1	1	1	1	0:00:01.005373
6100	1	1	1	1	0:00:00.992956
6120	5	5	5	1	0:00:00.997450
6140	9	9	9	1	0:00:00.991965
6160	2	5	2	0	0:00:00.985461
6180	0	0	0	1	0:00:00.991962
6200	3	-1	2	0	0:00:01.004158
6220	2	-1	5	0	0:00:01.002320
6240	2	2	2	1	0:00:00.974534
6260	2	2	2	1	0:00:00.982970
6280	8	-1	5	0	0:00:01.031701
6300	1	1	1	1	0:00:00.986326
6320	0	0	0	1	0:00:00.953637
6340	3	-1	3	0	0:00:00.988270
6360	2	2	2	1	0:00:00.983642
6380	3	-1	3	0	0:00:01.003767
6400	0	0	0	1	0:00:00.997518
6420	7	7	7	1	0:00:00.993666
6440	3	-1	2	0	0:00:01.001983
6460	3	3	3	1	0:00:00.984928
6480	0	0	0	1	0:00:01.016799
6500	7	6	8	0	0:00:00.974283
6520	6	-1	2	0	0:00:00.994968
6540	8	8	8	1	0:00:00.979078
6560	6	-1	5	0	0:00:00.980036
6580	1	-1	8	0	0:00:01.008008
6600	7	7	7	1	0:00:01.010900
6620	7	7	7	1	0:00:00.989171
6640	5	3	3	0	0:00:00.970835
6660	0	0	0	1	0:00:00.991400
6680	3	5	5	0	0:00:00.976940
6700	6	6	6	1	0:00:00.991562
6720	2	2	2	1	0:00:00.963434
6740	2	-1	4	0	0:00:00.992026
6760	5	5	5	1	0:00:00.995738
6780	7	7	7	1	0:00:00.990377
6800	6	4	4	0	0:00:00.992963
6820	1	1	1	1	0:00:00.985491
6840	9	9	9	1	0:00:00.978965
6860	0	0	0	1	0:00:00.977121
6880	2	2	2	1	0:00:00.979066
6900	3	3	3	1	0:00:00.996398
6920	5	4	2	0	0:00:00.983025
6940	1	1	1	1	0:00:00.984311
6960	9	9	8	1	0:00:00.976893
6980	0	0	0	1	0:00:00.992913
7000	2	-1	8	0	0:00:00.992705
7020	7	7	7	1	0:00:00.963093
7040	7	-1	8	0	0:00:00.975932
7060	8	8	8	1	0:00:00.976117
7080	5	4	4	0	0:00:00.974159
7100	9	3	3	0	0:00:00.994032
7120	7	7	7	1	0:00:01.003505
7140	4	-1	3	0	0:00:01.003480
7160	5	5	5	1	0:00:00.980710
7180	6	6	3	1	0:00:00.979733
7200	4	-1	2	0	0:00:00.989773
7220	9	9	9	1	0:00:00.985269
7240	0	0	8	1	0:00:00.995651
7260	1	1	1	1	0:00:00.981195
7280	1	1	3	1	0:00:00.994401
7300	3	-1	5	0	0:00:00.972387
7320	8	0	0	0	0:00:01.017498
7340	2	2	0	1	0:00:00.996524
7360	2	2	2	1	0:00:00.988801
7380	7	7	7	1	0:00:00.969214
7400	3	5	5	0	0:00:01.009305
7420	3	4	2	0	0:00:00.981257
7440	3	3	3	1	0:00:00.996251
7460	5	5	5	1	0:00:00.998863
7480	1	1	1	1	0:00:00.988311
7500	6	6	6	1	0:00:00.974042
7520	4	4	4	1	0:00:01.017754
7540	5	5	5	1	0:00:00.980633
7560	0	0	0	1	0:00:00.963251
7580	8	8	8	1	0:00:00.998250
7600	8	2	2	0	0:00:01.017594
7620	5	3	3	0	0:00:00.994358
7640	9	-1	8	0	0:00:00.993405
7660	7	7	7	1	0:00:00.987775
7680	3	-1	5	0	0:00:00.997035
7700	6	6	6	1	0:00:01.002812
7720	5	-1	2	0	0:00:01.006804
7740	4	4	2	1	0:00:01.011100
7760	2	0	8	0	0:00:01.002096
7780	3	8	8	0	0:00:00.989491
7800	0	0	0	1	0:00:00.996466
7820	5	5	0	1	0:00:00.990189
7840	1	1	1	1	0:00:01.010560
7860	8	8	8	1	0:00:01.010332
7880	0	0	0	1	0:00:01.022705
7900	0	-1	8	0	0:00:01.029660
7920	9	9	9	1	0:00:01.033402
7940	2	-1	2	0	0:00:01.024199
7960	0	-1	0	0	0:00:01.017014
7980	3	3	3	1	0:00:01.002738
8000	9	9	9	1	0:00:01.036255
8020	6	-1	3	0	0:00:01.031725
8040	2	2	2	1	0:00:01.004889
8060	6	6	6	1	0:00:01.001998
8080	4	4	3	1	0:00:01.005440
8100	6	2	2	0	0:00:01.022861
8120	8	9	8	0	0:00:01.014127
8140	5	7	3	0	0:00:01.020765
8160	6	6	6	1	0:00:01.008973
8180	4	4	4	1	0:00:01.011910
8200	3	6	3	0	0:00:01.032971
8220	6	-1	5	0	0:00:00.985817
8240	7	7	7	1	0:00:01.019071
8260	1	1	1	1	0:00:01.021576
8280	4	4	4	1	0:00:01.001373
8300	5	-1	3	0	0:00:01.021631
8320	7	7	7	1	0:00:01.033604
8340	5	-1	5	0	0:00:01.031766
8360	7	7	7	1	0:00:01.028349
8380	9	9	9	1	0:00:01.006341
8400	0	-1	0	0	0:00:01.022507
8420	3	6	6	0	0:00:01.008014
8440	5	-1	3	0	0:00:01.008502
8460	8	8	8	1	0:00:01.019303
8480	2	2	2	1	0:00:01.002300
8500	4	4	4	1	0:00:01.003735
8520	8	8	8	1	0:00:01.004894
8540	4	-1	2	0	0:00:01.023065
8560	7	7	7	1	0:00:01.015803
8580	3	-1	5	0	0:00:01.017581
8600	3	2	2	0	0:00:00.989275
8620	3	-1	5	0	0:00:00.970441
8640	1	1	1	1	0:00:00.988829
8660	7	7	7	1	0:00:00.983783
8680	3	-1	3	0	0:00:01.001475
8700	3	3	3	1	0:00:01.002108
8720	2	0	0	0	0:00:01.003998
8740	2	2	5	1	0:00:01.035294
8760	8	8	8	1	0:00:00.995427
8780	4	4	4	1	0:00:01.022100
8800	0	0	0	1	0:00:00.995283
8820	2	2	2	1	0:00:00.969396
8840	2	-1	2	0	0:00:00.973728
8860	2	2	2	1	0:00:00.982380
8880	1	1	1	1	0:00:00.985484
8900	2	4	4	0	0:00:01.001865
8920	6	6	3	1	0:00:00.996459
8940	6	3	3	0	0:00:01.000887
8960	0	-1	2	0	0:00:00.997270
8980	9	9	9	1	0:00:00.992168
9000	8	8	8	1	0:00:01.002393
9020	7	7	7	1	0:00:01.008982
9040	2	5	5	0	0:00:01.000856
9060	9	9	9	1	0:00:00.997749
9080	3	-1	3	0	0:00:00.973423
9100	9	1	1	0	0:00:00.988903
9120	3	-1	3	0	0:00:00.990013
9140	7	7	4	1	0:00:01.002617
9160	5	3	3	0	0:00:01.001664
9180	5	5	5	1	0:00:00.991902
9200	8	8	8	1	0:00:00.999233
9220	8	8	8	1	0:00:00.993667
9240	8	8	8	1	0:00:00.981081
9260	5	5	5	1	0:00:00.978196
9280	9	8	8	0	0:00:00.977208
9300	5	-1	2	0	0:00:01.001563
9320	9	9	9	1	0:00:00.984777
9340	1	1	1	1	0:00:00.978019
9360	5	0	0	0	0:00:01.008941
9380	5	3	3	0	0:00:00.993553
9400	6	6	6	1	0:00:01.010447
9420	5	5	5	1	0:00:00.998176
9440	8	8	8	1	0:00:01.003891
9460	3	-1	7	0	0:00:00.995998
9480	2	-1	2	0	0:00:00.996679
9500	9	9	2	1	0:00:00.998775
9520	1	1	1	1	0:00:00.991674
9540	5	5	5	1	0:00:00.989452
9560	9	7	3	0	0:00:01.003243
9580	1	1	1	1	0:00:00.994833
9600	8	8	8	1	0:00:00.977276
9620	4	4	4	1	0:00:00.978516
9640	5	5	5	1	0:00:00.980790
9660	6	6	6	1	0:00:00.988991
9680	8	8	8	1	0:00:01.017775
9700	0	0	0	1	0:00:00.995805
9720	8	-1	8	0	0:00:01.002832
9740	3	6	2	0	0:00:01.027998
9760	9	5	5	0	0:00:00.979490
9780	4	4	2	1	0:00:01.013280
9800	1	1	1	1	0:00:01.009597
9820	0	8	8	0	0:00:00.988125
9840	4	7	7	0	0:00:01.004458
9860	0	-1	8	0	0:00:00.967316
9880	7	-1	7	0	0:00:00.976234
9900	8	8	8	1	0:00:00.979829
9920	6	6	6	1	0:00:01.012508
9940	4	5	5	0	0:00:00.981089
9960	2	0	0	0	0:00:00.999328
9980	0	0	0	1	0:00:01.018267
