idx	label	predict	basePredict	correct	time
0	3	6	6	0	0:00:16.868257
20	7	9	9	0	0:00:15.699855
40	4	8	8	0	0:00:15.707174
60	7	2	2	0	0:00:15.750844
80	8	8	8	1	0:00:15.682638
100	4	5	5	0	0:00:15.832844
120	8	8	8	1	0:00:15.709305
140	6	2	2	0	0:00:15.740770
160	2	0	0	0	0:00:15.659913
180	0	0	0	1	0:00:15.721576
200	5	3	3	0	0:00:15.728618
220	7	7	7	1	0:00:15.712737
240	1	1	1	1	0:00:15.707422
260	8	5	5	0	0:00:15.706847
280	9	9	9	1	0:00:15.730630
300	6	4	4	0	0:00:15.724565
320	3	4	2	0	0:00:15.733769
340	2	4	4	0	0:00:15.746841
360	9	6	6	0	0:00:15.671177
380	6	6	6	1	0:00:15.725238
400	9	9	9	1	0:00:15.726803
420	4	6	6	0	0:00:15.710097
440	1	1	1	1	0:00:15.685822
460	5	5	5	1	0:00:15.700224
480	8	9	9	0	0:00:15.703318
500	4	6	6	0	0:00:15.669205
520	5	7	5	0	0:00:15.713456
540	1	8	8	0	0:00:15.833894
560	0	0	0	1	0:00:15.713126
580	4	6	6	0	0:00:15.867114
600	8	8	8	1	0:00:15.768422
620	7	6	6	0	0:00:15.706059
640	5	6	6	0	0:00:15.762855
660	9	9	9	1	0:00:15.755413
680	9	9	9	1	0:00:15.751876
700	7	7	7	1	0:00:15.678975
720	4	9	7	0	0:00:15.713519
740	2	5	5	0	0:00:15.824780
760	3	9	9	0	0:00:15.804660
780	9	9	8	1	0:00:15.709638
800	7	7	7	1	0:00:15.772480
820	6	9	9	0	0:00:15.756049
840	7	7	7	1	0:00:15.863984
860	4	6	6	0	0:00:15.710936
880	8	8	8	1	0:00:15.722534
900	2	6	6	0	0:00:15.711951
920	6	2	2	0	0:00:15.700334
940	9	1	6	0	0:00:15.761797
960	9	9	9	1	0:00:15.743636
980	2	6	6	0	0:00:15.715902
1000	5	5	5	1	0:00:14.941861
1020	1	8	8	0	0:00:14.930161
1040	7	5	5	0	0:00:14.958404
1060	9	9	8	1	0:00:14.967283
1080	6	6	6	1	0:00:14.946248
1100	7	8	8	0	0:00:14.970211
1120	5	2	8	0	0:00:14.930794
1140	6	6	6	1	0:00:15.002396
1160	8	0	0	0	0:00:14.994537
1180	3	9	9	0	0:00:14.943240
1200	8	0	0	0	0:00:14.935615
1220	9	7	2	0	0:00:14.964130
1240	2	6	6	0	0:00:14.960938
1260	1	9	9	0	0:00:14.958913
1280	3	7	7	0	0:00:14.926289
1300	4	6	6	0	0:00:14.982058
1320	7	0	0	0	0:00:15.027031
1340	1	1	1	1	0:00:14.940691
1360	7	9	5	0	0:00:15.033162
1380	4	5	5	0	0:00:14.972690
1400	5	4	2	0	0:00:14.935221
1420	4	7	7	0	0:00:14.960139
1440	0	8	8	0	0:00:14.941674
1460	6	6	6	1	0:00:15.023276
1480	1	5	5	0	0:00:14.990601
1500	1	9	9	0	0:00:14.942018
1520	7	6	6	0	0:00:14.972521
1540	8	8	8	1	0:00:14.951742
1560	7	7	7	1	0:00:14.933189
1580	6	1	1	0	0:00:14.950649
1600	8	9	6	0	0:00:14.959604
1620	5	8	8	0	0:00:15.036709
1640	7	5	5	0	0:00:14.947233
1660	3	5	5	0	0:00:14.975123
1680	6	6	6	1	0:00:15.004721
1700	5	2	2	0	0:00:14.947470
1720	4	0	0	0	0:00:14.940239
1740	1	9	9	0	0:00:15.000005
1760	0	8	8	0	0:00:15.000501
1780	7	8	8	0	0:00:15.056565
1800	4	8	8	0	0:00:14.943768
1820	8	9	9	0	0:00:14.995749
1840	8	7	7	0	0:00:14.943276
1860	8	8	8	1	0:00:15.025827
1880	1	1	8	1	0:00:14.927120
1900	8	8	8	1	0:00:14.935975
1920	2	7	4	0	0:00:14.960406
1940	5	2	2	0	0:00:14.948048
1960	2	5	5	0	0:00:14.959528
1980	9	9	9	1	0:00:14.960889
2000	1	6	6	0	0:00:14.970127
2020	9	9	9	1	0:00:14.960119
2040	0	8	8	0	0:00:14.985449
2060	5	5	5	1	0:00:14.929679
2080	1	1	6	1	0:00:14.973316
2100	2	4	4	0	0:00:14.982003
2120	4	8	8	0	0:00:14.933633
2140	9	1	1	0	0:00:15.015109
2160	0	8	8	0	0:00:14.974958
2180	4	6	6	0	0:00:15.071745
2200	0	0	0	1	0:00:15.007171
2220	1	1	1	1	0:00:14.977206
2240	9	9	9	1	0:00:14.951817
2260	4	1	4	0	0:00:14.935856
2280	4	8	8	0	0:00:14.977601
2300	3	6	6	0	0:00:14.940762
2320	5	8	8	0	0:00:14.975713
2340	7	7	7	1	0:00:14.971919
2360	7	7	7	1	0:00:14.975130
2380	8	8	8	1	0:00:14.958237
2400	0	0	0	1	0:00:14.923618
2420	8	5	5	0	0:00:14.984849
2440	7	1	1	0	0:00:14.984891
2460	9	6	6	0	0:00:14.934971
2480	8	8	8	1	0:00:14.934072
2500	4	6	4	0	0:00:14.966110
2520	1	8	8	0	0:00:14.943685
2540	2	3	6	0	0:00:14.966110
2560	7	4	4	0	0:00:14.944962
2580	6	4	4	0	0:00:14.969928
2600	8	8	8	1	0:00:14.949178
2620	1	6	6	0	0:00:14.947136
2640	7	7	7	1	0:00:14.919577
2660	3	0	0	0	0:00:14.931175
2680	0	0	0	1	0:00:14.948570
2700	9	9	0	1	0:00:14.946591
2720	3	8	8	0	0:00:14.950977
2740	1	1	1	1	0:00:15.007743
2760	2	6	6	0	0:00:14.939336
2780	7	7	7	1	0:00:14.929426
2800	4	6	6	0	0:00:14.983581
2820	6	6	6	1	0:00:14.975455
2840	3	3	3	1	0:00:14.952288
2860	5	7	7	0	0:00:14.958505
2880	4	4	4	1	0:00:14.976044
2900	3	5	5	0	0:00:14.936542
2920	2	8	8	0	0:00:14.918399
2940	3	8	8	0	0:00:14.941095
2960	9	7	7	0	0:00:15.006500
2980	8	1	1	0	0:00:14.930742
3000	5	5	5	1	0:00:14.947217
3020	1	1	8	1	0:00:15.008358
3040	7	7	7	1	0:00:14.963943
3060	7	7	7	1	0:00:14.973608
3080	1	2	2	0	0:00:14.944503
3100	0	0	0	1	0:00:14.954851
3120	4	6	6	0	0:00:14.946606
3140	8	8	8	1	0:00:14.930095
3160	6	4	4	0	0:00:14.924262
3180	3	9	8	0	0:00:14.942342
3200	5	7	7	0	0:00:14.944520
3220	3	9	9	0	0:00:14.975263
3240	4	1	8	0	0:00:14.944488
3260	7	0	0	0	0:00:14.947432
3280	3	0	0	0	0:00:14.931405
3300	4	4	4	1	0:00:14.947307
3320	2	7	7	0	0:00:14.958902
3340	6	4	4	0	0:00:14.945131
3360	4	6	6	0	0:00:14.948905
3380	8	9	8	0	0:00:14.995157
3400	6	4	4	0	0:00:14.973594
3420	5	6	6	0	0:00:14.954672
3440	2	9	9	0	0:00:14.941696
3460	1	1	1	1	0:00:14.968864
3480	2	2	2	1	0:00:14.960080
3500	1	1	4	1	0:00:15.018227
3520	1	1	1	1	0:00:14.919907
3540	6	6	6	1	0:00:14.933379
3560	1	9	9	0	0:00:14.976162
3580	4	1	1	0	0:00:14.946486
3600	4	2	2	0	0:00:14.975642
3620	0	7	6	0	0:00:15.054694
3640	6	2	2	0	0:00:14.975622
3660	0	8	8	0	0:00:14.970292
3680	0	4	2	0	0:00:14.971217
3700	3	6	4	0	0:00:14.916738
3720	2	2	2	1	0:00:14.931130
3740	0	0	0	1	0:00:14.939691
3760	7	7	7	1	0:00:14.927541
3780	4	2	2	0	0:00:14.922660
3800	9	9	3	1	0:00:14.954082
3820	0	0	0	1	0:00:14.913105
3840	6	8	8	0	0:00:14.980131
3860	7	7	7	1	0:00:14.930434
3880	6	4	4	0	0:00:14.925596
3900	3	0	1	0	0:00:14.937751
3920	7	8	8	0	0:00:14.966893
3940	6	6	6	1	0:00:14.950022
3960	2	5	5	0	0:00:14.965533
3980	9	7	7	0	0:00:14.940714
4000	8	7	7	0	0:00:14.911062
4020	8	9	8	0	0:00:14.973637
4040	0	0	0	1	0:00:14.987898
4060	6	0	0	0	0:00:14.977565
4080	1	8	8	0	0:00:15.013437
4100	7	7	7	1	0:00:14.920614
4120	4	0	0	0	0:00:14.927309
4140	5	2	2	0	0:00:14.941315
4160	5	2	2	0	0:00:14.921654
4180	0	-1	8	0	0:00:14.928515
4200	4	2	2	0	0:00:14.968981
4220	4	0	0	0	0:00:14.949359
4240	7	8	8	0	0:00:14.970451
4260	8	8	8	1	0:00:14.938649
4280	8	8	8	1	0:00:14.963605
4300	8	8	8	1	0:00:14.978131
4320	1	8	8	0	0:00:14.914976
4340	0	0	0	1	0:00:14.918876
4360	6	9	9	0	0:00:14.990473
4380	9	9	9	1	0:00:14.939706
4400	3	8	8	0	0:00:14.933282
4420	5	8	8	0	0:00:14.936285
4440	2	6	6	0	0:00:14.946900
4460	9	8	8	0	0:00:14.959590
4480	9	6	6	0	0:00:14.990459
4500	3	7	6	0	0:00:14.973695
4520	3	6	6	0	0:00:15.045441
4540	9	9	9	1	0:00:14.962517
4560	1	1	6	1	0:00:14.921104
4580	6	6	6	1	0:00:14.927719
4600	4	7	7	0	0:00:15.001021
4620	7	3	3	0	0:00:14.957703
4640	2	5	5	0	0:00:14.975515
4660	7	2	2	0	0:00:14.993132
4680	9	1	1	0	0:00:15.015565
4700	6	1	1	0	0:00:14.984040
4720	8	0	0	0	0:00:14.918604
4740	5	6	6	0	0:00:14.945573
4760	3	2	2	0	0:00:14.958230
4780	0	8	0	0	0:00:14.929302
4800	9	9	9	1	0:00:14.913671
4820	3	5	5	0	0:00:14.995446
4840	0	0	0	1	0:00:14.996641
4860	5	5	5	1	0:00:14.924896
4880	0	2	2	0	0:00:14.937079
4900	3	1	1	0	0:00:14.959368
4920	7	0	0	0	0:00:15.001904
4940	6	4	2	0	0:00:14.959159
4960	4	6	6	0	0:00:14.938118
4980	1	9	9	0	0:00:14.995368
5000	7	7	7	1	0:00:14.944705
5020	8	1	1	0	0:00:14.942446
5040	3	7	7	0	0:00:14.998405
5060	6	6	6	1	0:00:14.996594
5080	7	7	7	1	0:00:14.965318
5100	3	4	4	0	0:00:14.953882
5120	9	8	8	0	0:00:14.953097
5140	8	8	8	1	0:00:14.944921
5160	0	8	8	0	0:00:14.970637
5180	9	6	6	0	0:00:14.908984
5200	3	3	3	1	0:00:14.922571
5220	0	0	0	1	0:00:14.940068
5240	1	9	2	0	0:00:14.986609
5260	0	0	0	1	0:00:14.939375
5280	0	8	8	0	0:00:14.910095
5300	9	1	1	0	0:00:14.925858
5320	7	7	7	1	0:00:14.967840
5340	3	4	4	0	0:00:14.967722
5360	9	9	9	1	0:00:14.943815
5380	1	9	9	0	0:00:14.951389
5400	9	0	0	0	0:00:14.982473
5420	6	5	6	0	0:00:14.940888
5440	9	9	9	1	0:00:14.917161
5460	0	7	7	0	0:00:14.938708
5480	1	8	8	0	0:00:14.947718
5500	8	1	1	0	0:00:14.944105
5520	4	5	5	0	0:00:14.911991
5540	5	6	2	0	0:00:14.935765
5560	3	6	6	0	0:00:14.964649
5580	5	6	6	0	0:00:14.920514
5600	6	9	8	0	0:00:14.917610
5620	3	2	2	0	0:00:14.910883
5640	2	3	3	0	0:00:14.971578
5660	9	9	9	1	0:00:14.942199
5680	2	8	8	0	0:00:14.903200
5700	3	6	6	0	0:00:14.907567
5720	9	9	9	1	0:00:14.956014
5740	6	6	6	1	0:00:14.915802
5760	2	2	2	1	0:00:14.927638
5780	7	7	7	1	0:00:14.957675
5800	2	6	6	0	0:00:15.011938
5820	5	6	6	0	0:00:14.918996
5840	2	6	6	0	0:00:14.908103
5860	0	8	8	0	0:00:14.971652
5880	0	8	0	0	0:00:14.989181
5900	4	4	4	1	0:00:14.927118
5920	8	8	8	1	0:00:14.924947
5940	7	4	4	0	0:00:14.926026
5960	2	7	7	0	0:00:14.993941
5980	9	9	9	1	0:00:14.951418
6000	8	9	9	0	0:00:14.922177
6020	6	6	6	1	0:00:14.926816
6040	2	7	7	0	0:00:14.948205
6060	3	4	4	0	0:00:14.903109
6080	1	9	6	0	0:00:14.906208
6100	1	1	8	1	0:00:14.916851
6120	5	5	5	1	0:00:14.987265
6140	9	9	9	1	0:00:14.954120
6160	2	9	5	0	0:00:14.960068
6180	0	9	8	0	0:00:14.923417
6200	3	0	0	0	0:00:14.917770
6220	2	6	6	0	0:00:14.973027
6240	2	1	6	0	0:00:14.904765
6260	2	9	9	0	0:00:14.954058
6280	8	5	5	0	0:00:14.959596
6300	1	7	7	0	0:00:14.955076
6320	0	0	0	1	0:00:14.949503
6340	3	7	8	0	0:00:15.007521
6360	2	6	2	0	0:00:14.949474
6380	3	1	1	0	0:00:14.935301
6400	0	1	1	0	0:00:14.960344
6420	7	5	5	0	0:00:14.947893
6440	3	8	8	0	0:00:14.945951
6460	3	1	1	0	0:00:14.959463
6480	0	5	0	0	0:00:14.932053
6500	7	0	0	0	0:00:15.011407
6520	6	4	4	0	0:00:14.994930
6540	8	8	8	1	0:00:14.964709
6560	6	6	6	1	0:00:14.945726
6580	1	2	2	0	0:00:15.027713
6600	7	7	7	1	0:00:14.954401
6620	7	7	4	1	0:00:14.925083
6640	5	8	8	0	0:00:14.968871
6660	0	8	8	0	0:00:15.001352
6680	3	5	5	0	0:00:15.033698
6700	6	6	6	1	0:00:14.953963
6720	2	2	2	1	0:00:14.994263
6740	2	6	6	0	0:00:14.936225
6760	5	2	2	0	0:00:14.935114
6780	7	7	7	1	0:00:15.066613
6800	6	6	6	1	0:00:14.908424
6820	1	1	1	1	0:00:14.911930
6840	9	1	1	0	0:00:14.929436
6860	0	0	0	1	0:00:14.908934
6880	2	7	4	0	0:00:14.887987
6900	3	7	7	0	0:00:14.936251
6920	5	2	2	0	0:00:14.945546
6940	1	1	1	1	0:00:14.923285
6960	9	8	8	0	0:00:15.026183
6980	0	9	9	0	0:00:14.931596
7000	2	8	8	0	0:00:14.949538
7020	7	1	1	0	0:00:14.909649
7040	7	8	8	0	0:00:14.942133
7060	8	8	8	1	0:00:14.936234
7080	5	4	4	0	0:00:14.960114
7100	9	3	3	0	0:00:14.947207
7120	7	6	6	0	0:00:14.901659
7140	4	4	4	1	0:00:14.932676
7160	5	4	4	0	0:00:14.939753
7180	6	6	6	1	0:00:14.907131
7200	4	6	6	0	0:00:14.905169
7220	9	8	8	0	0:00:14.935553
7240	0	8	8	0	0:00:14.970793
7260	1	8	8	0	0:00:14.969526
7280	1	6	6	0	0:00:14.945876
7300	3	7	7	0	0:00:14.966825
7320	8	0	0	0	0:00:14.972878
7340	2	4	4	0	0:00:14.914204
7360	2	7	7	0	0:00:14.896194
7380	7	1	7	0	0:00:14.930042
7400	3	9	9	0	0:00:14.928158
7420	3	0	0	0	0:00:15.001788
7440	3	6	6	0	0:00:14.962272
7460	5	5	5	1	0:00:14.936697
7480	1	5	5	0	0:00:14.985514
7500	6	6	6	1	0:00:14.987006
7520	4	6	6	0	0:00:14.911951
7540	5	5	5	1	0:00:14.999203
7560	0	2	2	0	0:00:14.988688
7580	8	8	8	1	0:00:14.943355
7600	8	9	9	0	0:00:14.964751
7620	5	1	1	0	0:00:14.961642
7640	9	9	8	1	0:00:14.934248
7660	7	9	9	0	0:00:14.944940
7680	3	9	9	0	0:00:14.966645
7700	6	6	6	1	0:00:14.951240
7720	5	6	6	0	0:00:15.046869
7740	4	6	2	0	0:00:14.900341
7760	2	9	9	0	0:00:14.914746
7780	3	8	8	0	0:00:14.917375
7800	0	0	0	1	0:00:14.937030
7820	5	8	8	0	0:00:14.935693
7840	1	1	1	1	0:00:14.946323
7860	8	4	4	0	0:00:14.902799
7880	0	8	8	0	0:00:14.920667
7900	0	8	8	0	0:00:14.902288
7920	9	8	8	0	0:00:14.957244
7940	2	6	6	0	0:00:14.936970
7960	0	0	0	1	0:00:14.910659
7980	3	7	7	0	0:00:14.925996
8000	9	9	9	1	0:00:14.926060
8020	6	6	6	1	0:00:14.919266
8040	2	6	6	0	0:00:14.974941
8060	6	4	4	0	0:00:14.991929
8080	4	6	6	0	0:00:14.936964
8100	6	2	2	0	0:00:14.921233
8120	8	9	9	0	0:00:14.921349
8140	5	6	6	0	0:00:14.920743
8160	6	9	9	0	0:00:14.902686
8180	4	6	6	0	0:00:14.933673
8200	3	7	6	0	0:00:14.937213
8220	6	7	2	0	0:00:14.925333
8240	7	7	7	1	0:00:14.923796
8260	1	1	1	1	0:00:14.974564
8280	4	1	1	0	0:00:14.989954
8300	5	2	2	0	0:00:14.996575
8320	7	4	4	0	0:00:14.918893
8340	5	4	4	0	0:00:14.943620
8360	7	6	6	0	0:00:14.939297
8380	9	8	8	0	0:00:14.938709
8400	0	8	8	0	0:00:14.905637
8420	3	6	4	0	0:00:14.961855
8440	5	9	9	0	0:00:15.032109
8460	8	8	8	1	0:00:14.930974
8480	2	1	1	0	0:00:14.912730
8500	4	2	2	0	0:00:14.985730
8520	8	6	6	0	0:00:14.999209
8540	4	6	4	0	0:00:14.951297
8560	7	7	7	1	0:00:14.944543
8580	3	0	0	0	0:00:14.908225
8600	3	7	7	0	0:00:14.941807
8620	3	1	4	0	0:00:14.909529
8640	1	1	1	1	0:00:14.909061
8660	7	5	5	0	0:00:14.927901
8680	3	9	9	0	0:00:14.993445
8700	3	5	5	0	0:00:14.912835
8720	2	0	0	0	0:00:14.962231
8740	2	6	6	0	0:00:14.962299
8760	8	8	8	1	0:00:14.931017
8780	4	4	4	1	0:00:14.908512
8800	0	0	0	1	0:00:14.980233
8820	2	2	2	1	0:00:14.929593
8840	2	1	1	0	0:00:14.952896
8860	2	0	0	0	0:00:14.967555
8880	1	6	6	0	0:00:14.923183
8900	2	1	6	0	0:00:14.925512
8920	6	6	6	1	0:00:15.011976
8940	6	3	3	0	0:00:14.954092
8960	0	0	0	1	0:00:14.971751
8980	9	9	9	1	0:00:14.906775
9000	8	8	8	1	0:00:14.944336
9020	7	9	9	0	0:00:14.984433
9040	2	5	5	0	0:00:14.932189
9060	9	5	5	0	0:00:14.950554
9080	3	0	0	0	0:00:14.947979
9100	9	6	6	0	0:00:14.957985
9120	3	0	0	0	0:00:14.973759
9140	7	8	8	0	0:00:14.969774
9160	5	5	5	1	0:00:14.952570
9180	5	5	5	1	0:00:14.960019
9200	8	8	8	1	0:00:14.933861
9220	8	8	8	1	0:00:14.924453
9240	8	8	8	1	0:00:14.997556
9260	5	5	5	1	0:00:14.943493
9280	9	0	8	0	0:00:14.904964
9300	5	5	2	1	0:00:14.955596
9320	9	9	8	1	0:00:14.958370
9340	1	1	1	1	0:00:14.948762
9360	5	6	6	0	0:00:14.893681
9380	5	5	5	1	0:00:14.940210
9400	6	6	4	1	0:00:15.029925
9420	5	6	6	0	0:00:14.984031
9440	8	8	8	1	0:00:14.958199
9460	3	9	7	0	0:00:14.917442
9480	2	4	6	0	0:00:14.914497
9500	9	6	6	0	0:00:14.939449
9520	1	9	9	0	0:00:14.899284
9540	5	4	4	0	0:00:14.972969
9560	9	7	7	0	0:00:14.923520
9580	1	4	4	0	0:00:14.946950
9600	8	8	8	1	0:00:14.954761
9620	4	7	7	0	0:00:14.932943
9640	5	6	6	0	0:00:15.043006
9660	6	6	6	1	0:00:14.981398
9680	8	9	9	0	0:00:14.912181
9700	0	0	0	1	0:00:14.930221
9720	8	6	6	0	0:00:14.963319
9740	3	6	6	0	0:00:14.946707
9760	9	9	9	1	0:00:14.937209
9780	4	6	6	0	0:00:14.912320
9800	1	1	1	1	0:00:15.022665
9820	0	9	8	0	0:00:14.929999
9840	4	3	3	0	0:00:14.937209
9860	0	2	2	0	0:00:14.959400
9880	7	7	4	1	0:00:14.958804
9900	8	0	0	0	0:00:14.939923
9920	6	6	6	1	0:00:14.968513
9940	4	7	7	0	0:00:14.979918
9960	2	0	0	0	0:00:14.970676
9980	0	0	0	1	0:00:14.999191
