idx	label	predict	basePredict	correct	time
0	3	6	4	0	0:00:16.944782
20	7	9	9	0	0:00:15.785005
40	4	8	8	0	0:00:15.800552
60	7	7	2	1	0:00:15.828753
80	8	8	8	1	0:00:15.772051
100	4	5	5	0	0:00:15.873482
120	8	8	8	1	0:00:15.795309
140	6	2	2	0	0:00:15.784429
160	2	0	0	0	0:00:15.746890
180	0	0	0	1	0:00:15.770309
200	5	3	3	0	0:00:15.797527
220	7	7	7	1	0:00:15.791806
240	1	1	1	1	0:00:15.828689
260	8	5	5	0	0:00:15.821260
280	9	9	9	1	0:00:15.806437
300	6	6	4	1	0:00:16.095159
320	3	5	2	0	0:00:15.804546
340	2	4	4	0	0:00:15.801030
360	9	6	6	0	0:00:15.819683
380	6	6	4	1	0:00:15.784666
400	9	9	9	1	0:00:15.836911
420	4	6	6	0	0:00:15.852217
440	1	1	1	1	0:00:15.806675
460	5	5	5	1	0:00:15.777176
480	8	9	9	0	0:00:15.837201
500	4	6	6	0	0:00:15.844938
520	5	7	7	0	0:00:15.813414
540	1	9	8	0	0:00:15.818524
560	0	0	0	1	0:00:15.954745
580	4	6	6	0	0:00:15.812316
600	8	8	8	1	0:00:15.921498
620	7	6	6	0	0:00:16.100067
640	5	3	3	0	0:00:16.216583
660	9	9	9	1	0:00:15.870466
680	9	1	1	0	0:00:15.763652
700	7	7	7	1	0:00:15.799216
720	4	9	9	0	0:00:15.857452
740	2	5	5	0	0:00:15.912484
760	3	9	9	0	0:00:15.819409
780	9	1	0	0	0:00:15.783470
800	7	7	7	1	0:00:15.852524
820	6	9	9	0	0:00:16.009034
840	7	7	7	1	0:00:15.852328
860	4	6	6	0	0:00:15.791837
880	8	8	8	1	0:00:15.775096
900	2	6	6	0	0:00:15.808498
920	6	2	2	0	0:00:16.214406
940	9	1	1	0	0:00:16.158101
960	9	9	9	1	0:00:15.791736
980	2	6	6	0	0:00:16.043542
1000	5	5	5	1	0:00:15.202397
1020	1	1	1	1	0:00:15.177809
1040	7	5	5	0	0:00:15.176960
1060	9	9	9	1	0:00:15.177569
1080	6	1	6	0	0:00:15.114701
1100	7	8	8	0	0:00:15.174909
1120	5	2	8	0	0:00:15.083732
1140	6	6	6	1	0:00:15.111325
1160	8	0	0	0	0:00:15.126327
1180	3	9	9	0	0:00:15.042542
1200	8	0	0	0	0:00:15.160093
1220	9	6	2	0	0:00:15.124762
1240	2	6	6	0	0:00:15.106889
1260	1	9	9	0	0:00:15.094057
1280	3	7	7	0	0:00:15.083525
1300	4	6	6	0	0:00:15.164359
1320	7	0	0	0	0:00:15.077276
1340	1	1	1	1	0:00:15.123524
1360	7	5	5	0	0:00:15.083020
1380	4	5	5	0	0:00:15.106023
1400	5	4	2	0	0:00:15.153135
1420	4	7	7	0	0:00:15.079007
1440	0	8	0	0	0:00:15.078308
1460	6	6	6	1	0:00:14.997349
1480	1	7	7	0	0:00:15.119504
1500	1	9	9	0	0:00:15.120200
1520	7	6	6	0	0:00:15.085035
1540	8	8	8	1	0:00:15.090750
1560	7	7	7	1	0:00:15.077098
1580	6	1	1	0	0:00:15.182431
1600	8	9	6	0	0:00:15.091954
1620	5	8	8	0	0:00:15.080462
1640	7	5	5	0	0:00:15.101966
1660	3	5	5	0	0:00:15.113267
1680	6	6	6	1	0:00:15.034482
1700	5	2	2	0	0:00:15.087042
1720	4	0	0	0	0:00:15.141267
1740	1	9	9	0	0:00:15.089262
1760	0	8	8	0	0:00:15.075902
1780	7	-1	8	0	0:00:15.150214
1800	4	8	8	0	0:00:15.119727
1820	8	9	9	0	0:00:15.195991
1840	8	7	7	0	0:00:15.075700
1860	8	8	8	1	0:00:15.157632
1880	1	1	1	1	0:00:15.129178
1900	8	8	8	1	0:00:15.026961
1920	2	2	2	1	0:00:15.152229
1940	5	2	2	0	0:00:15.022914
1960	2	5	7	0	0:00:15.136030
1980	9	9	9	1	0:00:15.079057
2000	1	6	6	0	0:00:15.107476
2020	9	9	9	1	0:00:15.120639
2040	0	8	8	0	0:00:15.092214
2060	5	5	5	1	0:00:15.020046
2080	1	1	4	1	0:00:15.101775
2100	2	4	4	0	0:00:15.063069
2120	4	8	8	0	0:00:15.067531
2140	9	-1	1	0	0:00:15.078063
2160	0	8	8	0	0:00:15.015629
2180	4	6	6	0	0:00:15.006463
2200	0	0	0	1	0:00:15.241153
2220	1	1	1	1	0:00:15.087588
2240	9	9	9	1	0:00:15.093688
2260	4	7	4	0	0:00:15.096924
2280	4	8	8	0	0:00:15.067274
2300	3	6	6	0	0:00:15.072933
2320	5	8	8	0	0:00:15.153311
2340	7	7	7	1	0:00:15.055819
2360	7	7	7	1	0:00:15.090839
2380	8	8	8	1	0:00:15.120564
2400	0	0	0	1	0:00:15.117441
2420	8	5	5	0	0:00:15.157596
2440	7	1	7	0	0:00:15.134729
2460	9	9	6	1	0:00:15.156408
2480	8	8	8	1	0:00:15.072955
2500	4	6	4	0	0:00:15.123478
2520	1	9	8	0	0:00:15.174570
2540	2	3	3	0	0:00:15.102912
2560	7	6	2	0	0:00:15.108108
2580	6	4	4	0	0:00:15.045639
2600	8	8	8	1	0:00:15.072478
2620	1	6	6	0	0:00:15.165734
2640	7	7	7	1	0:00:15.082634
2660	3	2	0	0	0:00:15.136444
2680	0	0	0	1	0:00:15.190107
2700	9	1	1	0	0:00:15.146172
2720	3	8	8	0	0:00:15.041647
2740	1	1	9	1	0:00:15.060130
2760	2	6	6	0	0:00:15.179220
2780	7	7	7	1	0:00:15.062343
2800	4	6	6	0	0:00:15.027347
2820	6	6	6	1	0:00:15.034047
2840	3	3	3	1	0:00:15.176424
2860	5	7	7	0	0:00:15.069971
2880	4	4	4	1	0:00:15.106369
2900	3	5	5	0	0:00:15.113048
2920	2	5	8	0	0:00:15.125555
2940	3	8	8	0	0:00:15.103508
2960	9	7	9	0	0:00:15.152468
2980	8	1	1	0	0:00:15.100532
3000	5	5	5	1	0:00:15.122962
3020	1	1	8	1	0:00:15.051422
3040	7	7	7	1	0:00:15.064621
3060	7	7	7	1	0:00:15.063168
3080	1	2	2	0	0:00:15.078529
3100	0	0	0	1	0:00:15.071512
3120	4	6	6	0	0:00:15.009282
3140	8	8	8	1	0:00:15.118259
3160	6	4	4	0	0:00:15.075509
3180	3	9	8	0	0:00:15.035617
3200	5	7	7	0	0:00:15.052483
3220	3	9	9	0	0:00:15.011788
3240	4	1	8	0	0:00:15.151813
3260	7	0	0	0	0:00:15.053111
3280	3	5	0	0	0:00:15.131322
3300	4	4	4	1	0:00:15.050683
3320	2	7	7	0	0:00:15.118344
3340	6	4	4	0	0:00:15.201807
3360	4	6	6	0	0:00:15.183591
3380	8	8	8	1	0:00:15.134206
3400	6	1	1	0	0:00:15.177550
3420	5	6	6	0	0:00:15.118495
3440	2	9	9	0	0:00:15.122983
3460	1	1	1	1	0:00:15.164663
3480	2	2	2	1	0:00:15.096121
3500	1	1	4	1	0:00:15.050789
3520	1	1	1	1	0:00:15.108659
3540	6	6	8	1	0:00:15.062747
3560	1	9	9	0	0:00:15.056056
3580	4	1	1	0	0:00:15.154712
3600	4	2	2	0	0:00:15.147170
3620	0	7	7	0	0:00:15.103585
3640	6	2	0	0	0:00:15.059661
3660	0	8	8	0	0:00:15.246308
3680	0	2	2	0	0:00:15.052241
3700	3	5	5	0	0:00:15.191049
3720	2	2	2	1	0:00:15.111715
3740	0	0	0	1	0:00:15.081731
3760	7	7	7	1	0:00:15.183907
3780	4	2	2	0	0:00:15.042722
3800	9	3	3	0	0:00:15.110139
3820	0	0	0	1	0:00:15.103072
3840	6	8	8	0	0:00:15.056945
3860	7	7	7	1	0:00:15.326535
3880	6	4	4	0	0:00:15.174411
3900	3	0	0	0	0:00:15.135404
3920	7	9	8	0	0:00:15.144266
3940	6	7	7	0	0:00:15.095788
3960	2	5	5	0	0:00:15.200144
3980	9	7	7	0	0:00:15.107229
4000	8	7	0	0	0:00:15.149292
4020	8	8	8	1	0:00:15.067254
4040	0	8	0	0	0:00:15.111923
4060	6	0	0	0	0:00:15.146420
4080	1	1	8	1	0:00:15.134354
4100	7	7	7	1	0:00:15.104332
4120	4	0	0	0	0:00:15.041812
4140	5	2	2	0	0:00:15.134796
4160	5	2	2	0	0:00:15.058291
4180	0	8	8	0	0:00:15.048198
4200	4	2	2	0	0:00:15.058095
4220	4	0	0	0	0:00:15.114172
4240	7	8	8	0	0:00:15.112340
4260	8	9	9	0	0:00:15.063341
4280	8	9	0	0	0:00:15.137608
4300	8	8	8	1	0:00:15.111222
4320	1	8	8	0	0:00:15.133729
4340	0	0	0	1	0:00:15.081172
4360	6	9	9	0	0:00:15.067320
4380	9	9	9	1	0:00:15.195292
4400	3	4	8	0	0:00:15.084223
4420	5	8	8	0	0:00:15.174545
4440	2	6	6	0	0:00:15.239020
4460	9	1	8	0	0:00:15.151432
4480	9	9	6	1	0:00:15.136182
4500	3	7	6	0	0:00:15.106428
4520	3	6	6	0	0:00:15.010523
4540	9	9	9	1	0:00:15.125337
4560	1	1	4	1	0:00:15.114104
4580	6	6	4	1	0:00:15.096581
4600	4	7	7	0	0:00:15.031828
4620	7	3	3	0	0:00:15.104884
4640	2	5	5	0	0:00:15.203651
4660	7	2	2	0	0:00:15.066278
4680	9	1	1	0	0:00:15.151722
4700	6	1	1	0	0:00:15.133524
4720	8	0	0	0	0:00:15.133899
4740	5	6	6	0	0:00:15.023610
4760	3	2	2	0	0:00:15.057071
4780	0	0	0	1	0:00:15.226420
4800	9	9	9	1	0:00:15.043782
4820	3	5	5	0	0:00:15.103964
4840	0	0	0	1	0:00:15.062481
4860	5	5	5	1	0:00:15.119661
4880	0	2	2	0	0:00:15.097453
4900	3	1	1	0	0:00:15.151328
4920	7	0	0	0	0:00:15.108077
4940	6	2	2	0	0:00:15.088121
4960	4	6	6	0	0:00:15.065138
4980	1	9	9	0	0:00:15.091460
5000	7	7	7	1	0:00:15.069533
5020	8	8	8	1	0:00:15.137677
5040	3	5	5	0	0:00:15.061161
5060	6	6	6	1	0:00:15.223865
5080	7	7	7	1	0:00:15.064174
5100	3	4	4	0	0:00:15.220097
5120	9	8	8	0	0:00:15.123628
5140	8	8	8	1	0:00:15.151905
5160	0	8	8	0	0:00:15.156907
5180	9	6	6	0	0:00:15.084119
5200	3	3	3	1	0:00:15.067637
5220	0	0	0	1	0:00:15.104218
5240	1	9	2	0	0:00:15.125003
5260	0	0	0	1	0:00:15.104036
5280	0	9	8	0	0:00:15.063943
5300	9	1	1	0	0:00:15.122024
5320	7	7	7	1	0:00:15.023571
5340	3	2	2	0	0:00:15.054597
5360	9	9	9	1	0:00:15.101641
5380	1	9	9	0	0:00:15.181520
5400	9	0	0	0	0:00:15.041424
5420	6	5	6	0	0:00:15.204681
5440	9	9	9	1	0:00:15.068269
5460	0	6	6	0	0:00:15.162269
5480	1	-1	8	0	0:00:15.101868
5500	8	1	8	0	0:00:15.071663
5520	4	5	5	0	0:00:15.107283
5540	5	6	2	0	0:00:15.000987
5560	3	6	6	0	0:00:15.035485
5580	5	6	6	0	0:00:15.129563
5600	6	8	8	0	0:00:15.025496
5620	3	2	2	0	0:00:15.066619
5640	2	3	3	0	0:00:15.126676
5660	9	9	8	1	0:00:15.096772
5680	2	8	8	0	0:00:15.098592
5700	3	6	6	0	0:00:15.110709
5720	9	9	9	1	0:00:15.073125
5740	6	4	4	0	0:00:15.119603
5760	2	2	8	1	0:00:15.115015
5780	7	7	7	1	0:00:15.031247
5800	2	6	6	0	0:00:15.158460
5820	5	6	6	0	0:00:15.117311
5840	2	6	6	0	0:00:15.167278
5860	0	8	8	0	0:00:15.175926
5880	0	0	0	1	0:00:15.193971
5900	4	5	4	0	0:00:15.113853
5920	8	8	8	1	0:00:15.070687
5940	7	4	4	0	0:00:15.169187
5960	2	7	7	0	0:00:15.078491
5980	9	9	9	1	0:00:15.145879
6000	8	9	8	0	0:00:15.197574
6020	6	6	6	1	0:00:15.091375
6040	2	7	7	0	0:00:15.124632
6060	3	4	4	0	0:00:15.049332
6080	1	1	6	1	0:00:15.039245
6100	1	1	8	1	0:00:15.094783
6120	5	5	5	1	0:00:15.086533
6140	9	9	9	1	0:00:15.101039
6160	2	5	5	0	0:00:15.043177
6180	0	9	8	0	0:00:15.225167
6200	3	0	0	0	0:00:15.079430
6220	2	6	6	0	0:00:15.131813
6240	2	1	6	0	0:00:15.134638
6260	2	9	9	0	0:00:15.232371
6280	8	5	5	0	0:00:15.099104
6300	1	6	6	0	0:00:15.145592
6320	0	0	0	1	0:00:15.151163
6340	3	8	8	0	0:00:15.252073
6360	2	2	2	1	0:00:15.106357
6380	3	1	1	0	0:00:15.114183
6400	0	1	1	0	0:00:14.994666
6420	7	5	5	0	0:00:15.078943
6440	3	8	8	0	0:00:15.142247
6460	3	1	1	0	0:00:15.087873
6480	0	0	0	1	0:00:15.035733
6500	7	0	0	0	0:00:15.100855
6520	6	4	4	0	0:00:15.078176
6540	8	8	8	1	0:00:15.053768
6560	6	6	6	1	0:00:15.066432
6580	1	9	4	0	0:00:15.083523
6600	7	7	7	1	0:00:15.098848
6620	7	7	7	1	0:00:15.140787
6640	5	3	3	0	0:00:15.165330
6660	0	0	8	1	0:00:15.024491
6680	3	5	5	0	0:00:15.062845
6700	6	6	6	1	0:00:15.150550
6720	2	2	2	1	0:00:15.096543
6740	2	6	6	0	0:00:15.090669
6760	5	2	2	0	0:00:15.074870
6780	7	7	7	1	0:00:15.147133
6800	6	6	6	1	0:00:15.149892
6820	1	1	1	1	0:00:15.025511
6840	9	1	1	0	0:00:15.066310
6860	0	0	0	1	0:00:15.028134
6880	2	7	6	0	0:00:15.015213
6900	3	7	7	0	0:00:15.149898
6920	5	2	2	0	0:00:15.164102
6940	1	1	1	1	0:00:15.183736
6960	9	8	8	0	0:00:15.205016
6980	0	9	9	0	0:00:15.075740
7000	2	8	8	0	0:00:15.080102
7020	7	7	7	1	0:00:15.225448
7040	7	8	8	0	0:00:15.155535
7060	8	0	0	0	0:00:15.111450
7080	5	4	4	0	0:00:15.212658
7100	9	3	3	0	0:00:15.148615
7120	7	7	7	1	0:00:15.147794
7140	4	4	4	1	0:00:15.148318
7160	5	4	4	0	0:00:15.175059
7180	6	6	6	1	0:00:15.058124
7200	4	6	6	0	0:00:15.094795
7220	9	0	0	0	0:00:15.199003
7240	0	8	8	0	0:00:15.059766
7260	1	8	8	0	0:00:15.095139
7280	1	1	6	1	0:00:15.053420
7300	3	7	7	0	0:00:15.146680
7320	8	0	0	0	0:00:15.100925
7340	2	4	4	0	0:00:15.169935
7360	2	5	4	0	0:00:15.089510
7380	7	7	7	1	0:00:15.166632
7400	3	9	9	0	0:00:15.058835
7420	3	0	0	0	0:00:15.130247
7440	3	6	6	0	0:00:15.101459
7460	5	5	5	1	0:00:15.146744
7480	1	5	5	0	0:00:15.116674
7500	6	6	6	1	0:00:15.016510
7520	4	6	6	0	0:00:15.153698
7540	5	5	5	1	0:00:15.309998
7560	0	6	2	0	0:00:15.055521
7580	8	0	8	0	0:00:15.100375
7600	8	9	9	0	0:00:15.133672
7620	5	1	3	0	0:00:15.057911
7640	9	9	8	1	0:00:15.142640
7660	7	9	9	0	0:00:15.042893
7680	3	9	9	0	0:00:15.114884
7700	6	6	6	1	0:00:15.141483
7720	5	6	6	0	0:00:15.088902
7740	4	6	2	0	0:00:15.143011
7760	2	9	9	0	0:00:15.039881
7780	3	1	8	0	0:00:15.160960
7800	0	0	0	1	0:00:15.095653
7820	5	8	8	0	0:00:15.050969
7840	1	1	1	1	0:00:15.043972
7860	8	4	4	0	0:00:15.236619
7880	0	0	0	1	0:00:15.132754
7900	0	8	8	0	0:00:15.110559
7920	9	8	8	0	0:00:15.161788
7940	2	6	6	0	0:00:15.156717
7960	0	0	2	1	0:00:15.099098
7980	3	7	4	0	0:00:15.180342
8000	9	9	9	1	0:00:15.055116
8020	6	6	6	1	0:00:15.122341
8040	2	6	6	0	0:00:15.016734
8060	6	6	6	1	0:00:15.126391
8080	4	6	6	0	0:00:15.238315
8100	6	2	2	0	0:00:15.113446
8120	8	9	9	0	0:00:15.040158
8140	5	6	6	0	0:00:15.113411
8160	6	9	6	0	0:00:15.043752
8180	4	6	6	0	0:00:15.083350
8200	3	6	4	0	0:00:15.083586
8220	6	7	6	0	0:00:15.139173
8240	7	7	7	1	0:00:15.113464
8260	1	1	1	1	0:00:15.137044
8280	4	1	3	0	0:00:15.144969
8300	5	2	2	0	0:00:15.045888
8320	7	4	4	0	0:00:15.168576
8340	5	5	5	1	0:00:15.131696
8360	7	7	4	1	0:00:15.075211
8380	9	9	8	1	0:00:15.152622
8400	0	8	8	0	0:00:15.171988
8420	3	6	4	0	0:00:15.130538
8440	5	9	4	0	0:00:15.123145
8460	8	8	8	1	0:00:15.097784
8480	2	1	1	0	0:00:15.145777
8500	4	2	2	0	0:00:15.038566
8520	8	6	4	0	0:00:15.065728
8540	4	6	4	0	0:00:15.096683
8560	7	7	7	1	0:00:15.076924
8580	3	9	9	0	0:00:15.090525
8600	3	7	7	0	0:00:15.089268
8620	3	4	4	0	0:00:15.034503
8640	1	1	1	1	0:00:15.078890
8660	7	5	5	0	0:00:15.095057
8680	3	9	0	0	0:00:15.112329
8700	3	5	5	0	0:00:15.044126
8720	2	0	0	0	0:00:15.150798
8740	2	7	7	0	0:00:15.094329
8760	8	8	8	1	0:00:15.168836
8780	4	4	4	1	0:00:15.022247
8800	0	0	0	1	0:00:15.107735
8820	2	2	2	1	0:00:15.091549
8840	2	1	1	0	0:00:15.177337
8860	2	2	2	1	0:00:15.121846
8880	1	1	6	1	0:00:15.113366
8900	2	4	4	0	0:00:15.078716
8920	6	6	6	1	0:00:15.041542
8940	6	5	5	0	0:00:15.004743
8960	0	0	0	1	0:00:15.110229
8980	9	9	9	1	0:00:15.061871
9000	8	8	8	1	0:00:15.164171
9020	7	9	9	0	0:00:15.184562
9040	2	5	5	0	0:00:15.159812
9060	9	5	5	0	0:00:15.183332
9080	3	0	0	0	0:00:15.115099
9100	9	6	6	0	0:00:15.052150
9120	3	0	0	0	0:00:15.081385
9140	7	8	8	0	0:00:15.203169
9160	5	5	5	1	0:00:15.115731
9180	5	5	5	1	0:00:15.090415
9200	8	8	8	1	0:00:15.164551
9220	8	8	8	1	0:00:15.071565
9240	8	8	8	1	0:00:15.192304
9260	5	5	5	1	0:00:15.107921
9280	9	0	0	0	0:00:15.010722
9300	5	5	2	1	0:00:15.108833
9320	9	9	8	1	0:00:15.060363
9340	1	1	1	1	0:00:15.070574
9360	5	0	6	0	0:00:15.105996
9380	5	9	5	0	0:00:15.077344
9400	6	6	2	1	0:00:15.116068
9420	5	6	6	0	0:00:15.094029
9440	8	8	8	1	0:00:15.098623
9460	3	6	6	0	0:00:15.016624
9480	2	4	4	0	0:00:15.097708
9500	9	1	6	0	0:00:15.114726
9520	1	1	9	1	0:00:15.161639
9540	5	5	5	1	0:00:15.072028
9560	9	7	7	0	0:00:15.181786
9580	1	4	4	0	0:00:15.038139
9600	8	8	8	1	0:00:15.079172
9620	4	7	7	0	0:00:15.050333
9640	5	0	0	0	0:00:15.044537
9660	6	6	6	1	0:00:15.122021
9680	8	9	8	0	0:00:15.086364
9700	0	0	0	1	0:00:15.052794
9720	8	6	6	0	0:00:15.008083
9740	3	6	6	0	0:00:14.987814
9760	9	9	7	1	0:00:15.049232
9780	4	6	6	0	0:00:15.116573
9800	1	1	1	1	0:00:14.985041
9820	0	8	8	0	0:00:15.078975
9840	4	3	3	0	0:00:15.014498
9860	0	2	2	0	0:00:15.025962
9880	7	7	7	1	0:00:15.007557
9900	8	0	0	0	0:00:14.979154
9920	6	6	6	1	0:00:15.015305
9940	4	5	7	0	0:00:15.147489
9960	2	0	0	0	0:00:15.061195
9980	0	0	0	1	0:00:14.992108
