idx	label	predict	basePredict	correct	time
0	3	5	3	0	0:00:04.630984
20	7	-1	9	0	0:00:04.320004
40	4	4	4	1	0:00:04.316585
60	7	7	7	1	0:00:04.317901
80	8	8	8	1	0:00:04.305846
100	4	5	5	0	0:00:04.335695
120	8	8	8	1	0:00:04.354669
140	6	6	2	1	0:00:04.310832
160	2	7	7	0	0:00:04.313510
180	0	0	0	1	0:00:04.319861
200	5	3	3	0	0:00:04.313344
220	7	7	7	1	0:00:04.353762
240	1	1	1	1	0:00:04.310825
260	8	5	8	0	0:00:04.308403
280	9	9	9	1	0:00:04.319767
300	6	6	6	1	0:00:04.319925
320	3	5	5	0	0:00:04.324709
340	2	6	4	0	0:00:04.344139
360	9	9	7	1	0:00:04.331861
380	6	6	2	1	0:00:04.335911
400	9	9	9	1	0:00:04.351537
420	4	4	3	1	0:00:04.310012
440	1	1	1	1	0:00:04.298815
460	5	5	5	1	0:00:04.299614
480	8	9	9	0	0:00:04.298789
500	4	6	6	0	0:00:04.300989
520	5	5	5	1	0:00:04.343930
540	1	1	1	1	0:00:04.298419
560	0	0	0	1	0:00:04.300494
580	4	4	4	1	0:00:04.300574
600	8	8	8	1	0:00:04.308243
620	7	7	7	1	0:00:04.324420
640	5	3	3	0	0:00:04.309896
660	9	9	9	1	0:00:04.331778
680	9	1	1	0	0:00:04.311120
700	7	7	7	1	0:00:04.314556
720	4	4	4	1	0:00:04.331591
740	2	5	5	0	0:00:04.306204
760	3	3	3	1	0:00:04.310957
780	9	9	9	1	0:00:04.303755
800	7	7	7	1	0:00:04.324758
820	6	1	1	0	0:00:04.336842
840	7	7	7	1	0:00:04.352443
860	4	2	4	0	0:00:04.310803
880	8	8	8	1	0:00:04.305657
900	2	6	6	0	0:00:04.410460
920	6	-1	4	0	0:00:04.352920
940	9	9	9	1	0:00:04.306558
960	9	-1	8	0	0:00:04.299604
980	2	6	2	0	0:00:04.308504
1000	5	5	5	1	0:00:04.220549
1020	1	1	1	1	0:00:04.222037
1040	7	5	5	0	0:00:04.209729
1060	9	9	9	1	0:00:04.218569
1080	6	2	2	0	0:00:04.220874
1100	7	7	8	1	0:00:04.218137
1120	5	2	2	0	0:00:04.217488
1140	6	4	4	0	0:00:04.216711
1160	8	8	8	1	0:00:04.220352
1180	3	2	2	0	0:00:04.212806
1200	8	8	0	1	0:00:04.215966
1220	9	6	2	0	0:00:04.228117
1240	2	6	6	0	0:00:04.225463
1260	1	9	9	0	0:00:04.225757
1280	3	7	7	0	0:00:04.221831
1300	4	3	3	0	0:00:04.214183
1320	7	2	2	0	0:00:04.221482
1340	1	1	1	1	0:00:04.221607
1360	7	7	7	1	0:00:04.221685
1380	4	5	5	0	0:00:04.221028
1400	5	-1	2	0	0:00:04.216406
1420	4	7	7	0	0:00:04.217114
1440	0	0	0	1	0:00:04.217240
1460	6	6	6	1	0:00:04.220861
1480	1	1	1	1	0:00:04.223585
1500	1	1	1	1	0:00:04.219909
1520	7	7	7	1	0:00:04.216066
1540	8	8	8	1	0:00:04.226298
1560	7	7	7	1	0:00:04.230173
1580	6	1	1	0	0:00:04.225975
1600	8	9	2	0	0:00:04.225276
1620	5	4	4	0	0:00:04.223473
1640	7	3	3	0	0:00:04.226068
1660	3	3	2	1	0:00:04.222567
1680	6	6	6	1	0:00:04.220939
1700	5	2	2	0	0:00:04.223776
1720	4	3	3	0	0:00:04.219184
1740	1	9	9	0	0:00:04.217141
1760	0	8	8	0	0:00:04.217740
1780	7	7	7	1	0:00:04.219505
1800	4	0	8	0	0:00:04.214718
1820	8	9	9	0	0:00:04.217787
1840	8	9	4	0	0:00:04.219343
1860	8	8	8	1	0:00:04.221383
1880	1	1	1	1	0:00:04.222547
1900	8	8	8	1	0:00:04.220696
1920	2	2	2	1	0:00:04.225619
1940	5	5	5	1	0:00:04.227845
1960	2	5	5	0	0:00:04.227430
1980	9	9	9	1	0:00:04.227995
2000	1	1	1	1	0:00:04.222904
2020	9	9	9	1	0:00:04.221613
2040	0	0	0	1	0:00:04.220817
2060	5	3	3	0	0:00:04.220763
2080	1	1	1	1	0:00:04.221129
2100	2	2	2	1	0:00:04.221935
2120	4	8	8	0	0:00:04.219807
2140	9	9	9	1	0:00:04.221511
2160	0	8	8	0	0:00:04.208976
2180	4	4	4	1	0:00:04.215191
2200	0	0	0	1	0:00:04.215978
2220	1	1	1	1	0:00:04.216812
2240	9	9	1	1	0:00:04.221072
2260	4	9	9	0	0:00:04.221487
2280	4	3	3	0	0:00:04.272707
2300	3	4	8	0	0:00:04.219502
2320	5	2	2	0	0:00:04.222256
2340	7	7	7	1	0:00:04.225887
2360	7	7	7	1	0:00:04.225121
2380	8	8	8	1	0:00:04.223671
2400	0	0	0	1	0:00:04.226159
2420	8	5	5	0	0:00:04.221213
2440	7	7	7	1	0:00:04.269136
2460	9	3	3	0	0:00:04.214533
2480	8	8	8	1	0:00:04.213682
2500	4	6	2	0	0:00:04.210470
2520	1	8	8	0	0:00:04.204570
2540	2	3	3	0	0:00:04.206674
2560	7	7	7	1	0:00:04.204306
2580	6	6	3	1	0:00:04.203855
2600	8	8	8	1	0:00:04.208761
2620	1	1	1	1	0:00:04.203881
2640	7	7	7	1	0:00:04.210294
2660	3	2	2	0	0:00:04.211208
2680	0	0	0	1	0:00:04.211035
2700	9	1	1	0	0:00:04.219169
2720	3	2	2	0	0:00:04.211607
2740	1	1	1	1	0:00:04.212703
2760	2	2	2	1	0:00:04.216886
2780	7	7	7	1	0:00:04.219959
2800	4	6	6	0	0:00:04.219903
2820	6	6	6	1	0:00:04.214952
2840	3	3	3	1	0:00:04.221123
2860	5	7	7	0	0:00:04.213560
2880	4	4	4	1	0:00:04.216807
2900	3	5	5	0	0:00:04.225118
2920	2	2	2	1	0:00:04.217603
2940	3	0	0	0	0:00:04.219425
2960	9	9	9	1	0:00:04.218302
2980	8	8	8	1	0:00:04.218668
3000	5	5	5	1	0:00:04.222613
3020	1	1	1	1	0:00:04.222799
3040	7	7	7	1	0:00:04.225569
3060	7	7	7	1	0:00:04.232207
3080	1	1	1	1	0:00:04.224231
3100	0	0	0	1	0:00:04.224833
3120	4	-1	0	0	0:00:04.223845
3140	8	8	8	1	0:00:04.219102
3160	6	2	2	0	0:00:04.225128
3180	3	9	3	0	0:00:04.223673
3200	5	5	5	1	0:00:04.225176
3220	3	9	9	0	0:00:04.221125
3240	4	0	0	0	0:00:04.218402
3260	7	7	7	1	0:00:04.224161
3280	3	5	5	0	0:00:04.219169
3300	4	2	2	0	0:00:04.216453
3320	2	7	7	0	0:00:04.218553
3340	6	6	4	1	0:00:04.220188
3360	4	4	2	1	0:00:04.223259
3380	8	8	8	1	0:00:04.218713
3400	6	7	7	0	0:00:04.219235
3420	5	7	7	0	0:00:04.217822
3440	2	9	3	0	0:00:04.220196
3460	1	1	1	1	0:00:04.223424
3480	2	2	2	1	0:00:04.219366
3500	1	9	9	0	0:00:04.220101
3520	1	1	1	1	0:00:04.219807
3540	6	6	2	1	0:00:04.221668
3560	1	9	0	0	0:00:04.211448
3580	4	2	2	0	0:00:04.208783
3600	4	2	2	0	0:00:04.211679
3620	0	5	2	0	0:00:04.222673
3640	6	2	2	0	0:00:04.216861
3660	0	8	8	0	0:00:04.215626
3680	0	2	2	0	0:00:04.215101
3700	3	3	3	1	0:00:04.213700
3720	2	2	2	1	0:00:04.215623
3740	0	0	0	1	0:00:04.212975
3760	7	7	7	1	0:00:04.221358
3780	4	4	2	1	0:00:04.214515
3800	9	9	9	1	0:00:04.218251
3820	0	2	2	0	0:00:04.222924
3840	6	3	3	0	0:00:04.217567
3860	7	7	7	1	0:00:04.221651
3880	6	4	4	0	0:00:04.218467
3900	3	6	6	0	0:00:04.210807
3920	7	9	9	0	0:00:04.218707
3940	6	7	7	0	0:00:04.210552
3960	2	2	2	1	0:00:04.213498
3980	9	2	2	0	0:00:04.212808
4000	8	7	0	0	0:00:04.211089
4020	8	8	8	1	0:00:04.216011
4040	0	0	0	1	0:00:04.214174
4060	6	3	3	0	0:00:04.215251
4080	1	1	1	1	0:00:04.213593
4100	7	7	7	1	0:00:04.211965
4120	4	4	4	1	0:00:04.217923
4140	5	5	5	1	0:00:04.210694
4160	5	5	5	1	0:00:04.210460
4180	0	8	8	0	0:00:04.213120
4200	4	2	2	0	0:00:04.206211
4220	4	0	0	0	0:00:04.210150
4240	7	0	0	0	0:00:04.210427
4260	8	8	8	1	0:00:04.216446
4280	8	9	9	0	0:00:04.220357
4300	8	8	8	1	0:00:04.207479
4320	1	8	8	0	0:00:04.211798
4340	0	0	0	1	0:00:04.207590
4360	6	9	9	0	0:00:04.212018
4380	9	9	9	1	0:00:04.216370
4400	3	4	4	0	0:00:04.216597
4420	5	7	4	0	0:00:04.221489
4440	2	2	2	1	0:00:04.221644
4460	9	9	9	1	0:00:04.221364
4480	9	9	9	1	0:00:04.226112
4500	3	5	5	0	0:00:04.222485
4520	3	6	6	0	0:00:04.225085
4540	9	9	9	1	0:00:04.218093
4560	1	1	1	1	0:00:04.218303
4580	6	4	4	0	0:00:04.219817
4600	4	4	4	1	0:00:04.218485
4620	7	7	7	1	0:00:04.216838
4640	2	2	2	1	0:00:04.217702
4660	7	6	5	0	0:00:04.216859
4680	9	9	9	1	0:00:04.222357
4700	6	2	2	0	0:00:04.217108
4720	8	8	0	1	0:00:04.214775
4740	5	3	3	0	0:00:04.216745
4760	3	2	2	0	0:00:04.214870
4780	0	0	0	1	0:00:04.214607
4800	9	9	9	1	0:00:04.218465
4820	3	5	5	0	0:00:04.219738
4840	0	0	0	1	0:00:04.224298
4860	5	5	5	1	0:00:04.219958
4880	0	7	7	0	0:00:04.219867
4900	3	6	0	0	0:00:04.218337
4920	7	7	7	1	0:00:04.221466
4940	6	6	2	1	0:00:04.224853
4960	4	4	3	1	0:00:04.222644
4980	1	9	9	0	0:00:04.212803
5000	7	7	7	1	0:00:04.210793
5020	8	8	8	1	0:00:04.214378
5040	3	3	3	1	0:00:04.217785
5060	6	2	2	0	0:00:04.207176
5080	7	7	7	1	0:00:04.208348
5100	3	3	3	1	0:00:04.212809
5120	9	9	8	1	0:00:04.215619
5140	8	8	8	1	0:00:04.215367
5160	0	0	0	1	0:00:04.204577
5180	9	7	7	0	0:00:04.203608
5200	3	3	3	1	0:00:04.205535
5220	0	0	0	1	0:00:04.206001
5240	1	9	9	0	0:00:04.209879
5260	0	0	0	1	0:00:04.202955
5280	0	8	8	0	0:00:04.207547
5300	9	9	9	1	0:00:04.210971
5320	7	7	7	1	0:00:04.219094
5340	3	4	4	0	0:00:04.221255
5360	9	9	9	1	0:00:04.219519
5380	1	9	9	0	0:00:04.217171
5400	9	9	9	1	0:00:04.220718
5420	6	6	6	1	0:00:04.216897
5440	9	9	9	1	0:00:04.221992
5460	0	2	0	0	0:00:04.214098
5480	1	1	1	1	0:00:04.209966
5500	8	1	8	0	0:00:04.216031
5520	4	2	2	0	0:00:04.211183
5540	5	6	6	0	0:00:04.215043
5560	3	6	5	0	0:00:04.210045
5580	5	3	3	0	0:00:04.208013
5600	6	3	0	0	0:00:04.217183
5620	3	2	2	0	0:00:04.207231
5640	2	3	3	0	0:00:04.210085
5660	9	1	1	0	0:00:04.208215
5680	2	3	3	0	0:00:04.209902
5700	3	0	0	0	0:00:04.215022
5720	9	9	9	1	0:00:04.207119
5740	6	4	4	0	0:00:04.210075
5760	2	2	8	1	0:00:04.214779
5780	7	7	7	1	0:00:04.216051
5800	2	2	2	1	0:00:04.219664
5820	5	3	3	0	0:00:04.218845
5840	2	2	2	1	0:00:04.213347
5860	0	0	0	1	0:00:04.220614
5880	0	0	0	1	0:00:04.217921
5900	4	0	0	0	0:00:04.222748
5920	8	8	8	1	0:00:04.225723
5940	7	-1	7	0	0:00:04.221456
5960	2	6	4	0	0:00:04.220980
5980	9	9	9	1	0:00:04.218689
6000	8	8	8	1	0:00:04.215293
6020	6	6	2	1	0:00:04.216393
6040	2	7	7	0	0:00:04.215580
6060	3	6	4	0	0:00:04.216866
6080	1	1	1	1	0:00:04.219130
6100	1	1	1	1	0:00:04.218862
6120	5	5	5	1	0:00:04.218083
6140	9	9	9	1	0:00:04.217066
6160	2	2	2	1	0:00:04.222379
6180	0	0	0	1	0:00:04.215586
6200	3	3	3	1	0:00:04.223415
6220	2	5	5	0	0:00:04.217124
6240	2	-1	0	0	0:00:04.219460
6260	2	1	1	0	0:00:04.220105
6280	8	5	5	0	0:00:04.218975
6300	1	1	1	1	0:00:04.221650
6320	0	0	0	1	0:00:04.221858
6340	3	3	3	1	0:00:04.220707
6360	2	2	2	1	0:00:04.220708
6380	3	7	5	0	0:00:04.220604
6400	0	8	8	0	0:00:04.212558
6420	7	7	7	1	0:00:04.220017
6440	3	8	8	0	0:00:04.217874
6460	3	3	3	1	0:00:04.216573
6480	0	3	0	0	0:00:04.206534
6500	7	6	8	0	0:00:04.206322
6520	6	2	2	0	0:00:04.211983
6540	8	8	8	1	0:00:04.206228
6560	6	6	4	1	0:00:04.208881
6580	1	7	2	0	0:00:04.206805
6600	7	7	7	1	0:00:04.207345
6620	7	7	7	1	0:00:04.212184
6640	5	3	3	0	0:00:04.208408
6660	0	0	0	1	0:00:04.212723
6680	3	5	3	0	0:00:04.215760
6700	6	6	6	1	0:00:04.214191
6720	2	2	2	1	0:00:04.217937
6740	2	4	4	0	0:00:04.214982
6760	5	5	5	1	0:00:04.211967
6780	7	7	7	1	0:00:04.213033
6800	6	4	2	0	0:00:04.212077
6820	1	1	1	1	0:00:04.216617
6840	9	9	1	1	0:00:04.213678
6860	0	0	0	1	0:00:04.213300
6880	2	2	2	1	0:00:04.213479
6900	3	3	3	1	0:00:04.211640
6920	5	2	2	0	0:00:04.214816
6940	1	1	1	1	0:00:04.209728
6960	9	9	8	1	0:00:04.211982
6980	0	9	9	0	0:00:04.218796
7000	2	8	8	0	0:00:04.215631
7020	7	7	7	1	0:00:04.221375
7040	7	1	8	0	0:00:04.215250
7060	8	8	8	1	0:00:04.215907
7080	5	4	4	0	0:00:04.219478
7100	9	3	3	0	0:00:04.220216
7120	7	7	7	1	0:00:04.219596
7140	4	2	2	0	0:00:04.218832
7160	5	5	5	1	0:00:04.212775
7180	6	6	3	1	0:00:04.222925
7200	4	6	2	0	0:00:04.218265
7220	9	9	9	1	0:00:04.213490
7240	0	8	8	0	0:00:04.218934
7260	1	1	1	1	0:00:04.212484
7280	1	1	0	1	0:00:04.225260
7300	3	4	4	0	0:00:04.221815
7320	8	0	0	0	0:00:04.224679
7340	2	4	4	0	0:00:04.224705
7360	2	5	2	0	0:00:04.223124
7380	7	7	7	1	0:00:04.223236
7400	3	9	5	0	0:00:04.220074
7420	3	4	4	0	0:00:04.217659
7440	3	3	2	1	0:00:04.222943
7460	5	5	5	1	0:00:04.217483
7480	1	8	8	0	0:00:04.221528
7500	6	6	6	1	0:00:04.218207
7520	4	4	4	1	0:00:04.219115
7540	5	5	5	1	0:00:04.219920
7560	0	0	0	1	0:00:04.216078
7580	8	8	8	1	0:00:04.216141
7600	8	9	9	0	0:00:04.218406
7620	5	3	3	0	0:00:04.219717
7640	9	9	8	1	0:00:04.223352
7660	7	7	4	1	0:00:04.220170
7680	3	7	5	0	0:00:04.222453
7700	6	6	6	1	0:00:04.221778
7720	5	8	8	0	0:00:04.220118
7740	4	2	2	0	0:00:04.225422
7760	2	8	8	0	0:00:04.224926
7780	3	8	8	0	0:00:04.226305
7800	0	0	0	1	0:00:04.226147
7820	5	0	0	0	0:00:04.219234
7840	1	1	1	1	0:00:04.220083
7860	8	8	8	1	0:00:04.209737
7880	0	0	0	1	0:00:04.215063
7900	0	8	8	0	0:00:04.213484
7920	9	9	9	1	0:00:04.215330
7940	2	6	2	0	0:00:04.215487
7960	0	0	0	1	0:00:04.216263
7980	3	3	3	1	0:00:04.217097
8000	9	9	9	1	0:00:04.219271
8020	6	7	7	0	0:00:04.215490
8040	2	2	2	1	0:00:04.211102
8060	6	6	6	1	0:00:04.210307
8080	4	4	2	1	0:00:04.215902
8100	6	6	6	1	0:00:04.225002
8120	8	9	9	0	0:00:04.219496
8140	5	4	4	0	0:00:04.217792
8160	6	6	6	1	0:00:04.218468
8180	4	0	4	0	0:00:04.211420
8200	3	0	0	0	0:00:04.219601
8220	6	7	5	0	0:00:04.214188
8240	7	7	7	1	0:00:04.219640
8260	1	1	1	1	0:00:04.211576
8280	4	3	3	0	0:00:04.208390
8300	5	2	2	0	0:00:04.211213
8320	7	7	3	1	0:00:04.208972
8340	5	5	5	1	0:00:04.208309
8360	7	7	7	1	0:00:04.206224
8380	9	9	9	1	0:00:04.210846
8400	0	8	8	0	0:00:04.213825
8420	3	6	4	0	0:00:04.207267
8440	5	3	3	0	0:00:04.210606
8460	8	8	8	1	0:00:04.205962
8480	2	8	2	0	0:00:04.205625
8500	4	4	4	1	0:00:04.215394
8520	8	1	8	0	0:00:04.209835
8540	4	-1	2	0	0:00:04.212199
8560	7	7	7	1	0:00:04.215082
8580	3	9	9	0	0:00:04.211972
8600	3	5	0	0	0:00:04.215043
8620	3	2	4	0	0:00:04.210006
8640	1	1	1	1	0:00:04.215672
8660	7	7	7	1	0:00:04.218786
8680	3	2	2	0	0:00:04.215375
8700	3	3	3	1	0:00:04.222252
8720	2	0	0	0	0:00:04.223657
8740	2	4	4	0	0:00:04.223026
8760	8	8	8	1	0:00:04.237393
8780	4	7	4	0	0:00:04.217312
8800	0	0	0	1	0:00:04.213940
8820	2	2	2	1	0:00:04.210964
8840	2	5	5	0	0:00:04.210988
8860	2	2	2	1	0:00:04.212759
8880	1	1	1	1	0:00:04.207132
8900	2	4	4	0	0:00:04.209555
8920	6	6	6	1	0:00:04.209389
8940	6	3	3	0	0:00:04.210361
8960	0	0	0	1	0:00:04.213681
8980	9	9	9	1	0:00:04.206926
9000	8	8	8	1	0:00:04.212939
9020	7	7	7	1	0:00:04.210728
9040	2	5	5	0	0:00:04.213470
9060	9	9	5	1	0:00:04.220729
9080	3	2	2	0	0:00:04.208720
9100	9	1	1	0	0:00:04.210035
9120	3	0	0	0	0:00:04.210870
9140	7	7	7	1	0:00:04.208020
9160	5	5	5	1	0:00:04.212910
9180	5	5	5	1	0:00:04.209898
9200	8	8	8	1	0:00:04.206408
9220	8	8	8	1	0:00:04.218572
9240	8	8	8	1	0:00:04.211830
9260	5	5	5	1	0:00:04.207331
9280	9	8	8	0	0:00:04.206421
9300	5	2	2	0	0:00:04.204887
9320	9	9	9	1	0:00:04.207016
9340	1	1	1	1	0:00:04.208024
9360	5	0	0	0	0:00:04.206064
9380	5	3	3	0	0:00:04.206270
9400	6	6	4	1	0:00:04.206047
9420	5	5	5	1	0:00:04.210931
9440	8	8	8	1	0:00:04.207518
9460	3	7	7	0	0:00:04.205570
9480	2	4	4	0	0:00:04.206928
9500	9	9	9	1	0:00:04.208884
9520	1	1	1	1	0:00:04.219622
9540	5	5	5	1	0:00:04.208119
9560	9	7	7	0	0:00:04.208422
9580	1	1	1	1	0:00:04.208778
9600	8	8	8	1	0:00:04.211735
9620	4	4	4	1	0:00:04.283938
9640	5	5	5	1	0:00:04.316758
9660	6	6	6	1	0:00:04.354787
9680	8	8	8	1	0:00:04.335347
9700	0	0	0	1	0:00:04.322692
9720	8	1	8	0	0:00:04.379875
9740	3	6	2	0	0:00:04.355901
9760	9	7	7	0	0:00:04.404605
9780	4	6	6	0	0:00:04.473233
9800	1	1	1	1	0:00:04.435024
9820	0	8	8	0	0:00:04.394589
9840	4	5	3	0	0:00:04.436008
9860	0	0	0	1	0:00:04.404045
9880	7	3	3	0	0:00:04.434105
9900	8	8	8	1	0:00:04.381368
9920	6	6	6	1	0:00:04.362876
9940	4	5	5	0	0:00:04.386610
9960	2	0	0	0	0:00:04.466832
9980	0	0	0	1	0:00:04.459614
