idx	label	predict	basePredict	correct	time
0	3	6	6	0	0:00:03.677563
20	7	9	9	0	0:00:03.519187
40	4	8	8	0	0:00:03.500837
60	7	2	2	0	0:00:03.558105
80	8	8	8	1	0:00:03.557795
100	4	5	5	0	0:00:03.593922
120	8	8	8	1	0:00:03.567196
140	6	2	2	0	0:00:03.548390
160	2	0	0	0	0:00:03.544263
180	0	0	0	1	0:00:03.579556
200	5	3	3	0	0:00:03.574460
220	7	7	7	1	0:00:03.565642
240	1	1	1	1	0:00:03.552506
260	8	5	5	0	0:00:03.591353
280	9	9	9	1	0:00:03.555171
300	6	4	4	0	0:00:03.560435
320	3	4	2	0	0:00:03.575074
340	2	4	4	0	0:00:03.567538
360	9	6	6	0	0:00:03.591187
380	6	6	6	1	0:00:03.527932
400	9	9	9	1	0:00:03.574904
420	4	6	6	0	0:00:03.559248
440	1	1	2	1	0:00:03.549500
460	5	5	5	1	0:00:03.587449
480	8	9	9	0	0:00:03.549304
500	4	6	6	0	0:00:03.569987
520	5	7	7	0	0:00:03.587935
540	1	8	8	0	0:00:03.741165
560	0	0	0	1	0:00:03.602737
580	4	6	6	0	0:00:03.573427
600	8	8	8	1	0:00:03.587971
620	7	6	6	0	0:00:03.558884
640	5	6	6	0	0:00:03.556582
660	9	9	9	1	0:00:03.556523
680	9	9	9	1	0:00:03.560552
700	7	7	7	1	0:00:03.553725
720	4	9	9	0	0:00:03.569277
740	2	5	5	0	0:00:03.559235
760	3	9	9	0	0:00:03.543568
780	9	-1	0	0	0:00:03.548469
800	7	7	7	1	0:00:03.567621
820	6	9	9	0	0:00:03.585191
840	7	7	7	1	0:00:03.571713
860	4	6	6	0	0:00:03.565914
880	8	8	8	1	0:00:03.567534
900	2	6	6	0	0:00:03.622975
920	6	2	2	0	0:00:03.574805
940	9	1	6	0	0:00:03.515113
960	9	9	9	1	0:00:03.504034
980	2	6	6	0	0:00:03.541862
1000	5	5	5	1	0:00:03.490931
1020	1	8	8	0	0:00:03.502845
1040	7	5	5	0	0:00:03.502928
1060	9	8	8	0	0:00:03.522097
1080	6	6	6	1	0:00:03.506424
1100	7	8	8	0	0:00:03.477754
1120	5	2	8	0	0:00:03.501760
1140	6	4	4	0	0:00:03.503082
1160	8	0	0	0	0:00:03.516395
1180	3	9	9	0	0:00:03.509339
1200	8	0	0	0	0:00:03.535015
1220	9	2	2	0	0:00:03.547248
1240	2	6	6	0	0:00:03.482043
1260	1	9	9	0	0:00:03.503933
1280	3	7	7	0	0:00:03.552454
1300	4	6	6	0	0:00:03.558618
1320	7	0	0	0	0:00:03.548906
1340	1	1	1	1	0:00:03.553607
1360	7	9	5	0	0:00:03.553007
1380	4	5	5	0	0:00:03.558556
1400	5	4	2	0	0:00:03.570384
1420	4	7	7	0	0:00:03.550258
1440	0	8	8	0	0:00:03.558529
1460	6	6	6	1	0:00:03.561051
1480	1	5	5	0	0:00:03.558072
1500	1	9	9	0	0:00:03.560371
1520	7	6	6	0	0:00:03.551793
1540	8	8	8	1	0:00:03.512084
1560	7	7	7	1	0:00:03.537027
1580	6	1	1	0	0:00:03.552706
1600	8	9	6	0	0:00:03.516324
1620	5	8	8	0	0:00:03.508278
1640	7	5	5	0	0:00:03.497746
1660	3	5	5	0	0:00:03.514611
1680	6	6	6	1	0:00:03.507200
1700	5	2	2	0	0:00:03.538533
1720	4	0	0	0	0:00:03.504111
1740	1	9	9	0	0:00:03.550202
1760	0	8	8	0	0:00:03.482199
1780	7	8	8	0	0:00:03.477779
1800	4	8	8	0	0:00:03.469518
1820	8	9	9	0	0:00:03.512956
1840	8	7	7	0	0:00:03.552786
1860	8	8	8	1	0:00:03.559705
1880	1	1	8	1	0:00:03.570864
1900	8	8	8	1	0:00:03.555370
1920	2	7	4	0	0:00:03.558863
1940	5	2	2	0	0:00:03.597954
1960	2	5	5	0	0:00:03.586506
1980	9	9	9	1	0:00:03.599328
2000	1	6	6	0	0:00:03.557389
2020	9	9	9	1	0:00:03.573586
2040	0	8	8	0	0:00:03.568037
2060	5	5	5	1	0:00:03.587768
2080	1	6	4	0	0:00:03.573412
2100	2	4	4	0	0:00:03.568782
2120	4	8	8	0	0:00:03.624896
2140	9	9	1	1	0:00:03.558127
2160	0	8	8	0	0:00:03.570378
2180	4	6	6	0	0:00:03.560680
2200	0	0	0	1	0:00:03.562110
2220	1	1	1	1	0:00:03.597762
2240	9	9	9	1	0:00:03.575676
2260	4	1	4	0	0:00:03.575407
2280	4	8	8	0	0:00:03.584034
2300	3	6	6	0	0:00:03.558533
2320	5	8	8	0	0:00:03.603615
2340	7	9	7	0	0:00:03.571919
2360	7	7	7	1	0:00:03.579198
2380	8	8	8	1	0:00:03.571507
2400	0	0	0	1	0:00:03.563363
2420	8	5	5	0	0:00:03.556196
2440	7	1	1	0	0:00:03.579014
2460	9	6	6	0	0:00:03.589314
2480	8	8	8	1	0:00:03.580285
2500	4	6	4	0	0:00:03.573276
2520	1	8	8	0	0:00:03.570738
2540	2	3	3	0	0:00:03.608775
2560	7	4	4	0	0:00:03.574905
2580	6	4	4	0	0:00:03.573278
2600	8	8	8	1	0:00:03.569202
2620	1	6	6	0	0:00:03.570702
2640	7	7	7	1	0:00:03.546934
2660	3	0	0	0	0:00:03.549486
2680	0	0	0	1	0:00:03.599858
2700	9	9	0	1	0:00:03.576322
2720	3	8	8	0	0:00:03.582076
2740	1	1	1	1	0:00:03.576925
2760	2	6	6	0	0:00:03.547117
2780	7	7	7	1	0:00:03.533391
2800	4	6	6	0	0:00:03.564330
2820	6	6	6	1	0:00:03.577121
2840	3	3	3	1	0:00:03.561029
2860	5	7	7	0	0:00:03.576608
2880	4	4	4	1	0:00:03.525225
2900	3	5	5	0	0:00:03.568523
2920	2	8	8	0	0:00:03.569635
2940	3	8	8	0	0:00:03.487448
2960	9	7	7	0	0:00:03.478721
2980	8	1	1	0	0:00:03.495506
3000	5	5	5	1	0:00:03.500982
3020	1	1	8	1	0:00:03.533781
3040	7	7	7	1	0:00:03.588136
3060	7	7	7	1	0:00:03.490944
3080	1	2	2	0	0:00:03.562171
3100	0	0	0	1	0:00:03.559086
3120	4	6	6	0	0:00:03.525796
3140	8	8	8	1	0:00:03.569678
3160	6	4	4	0	0:00:03.576524
3180	3	9	8	0	0:00:03.541156
3200	5	7	7	0	0:00:03.569918
3220	3	9	9	0	0:00:03.581253
3240	4	1	8	0	0:00:03.562200
3260	7	0	0	0	0:00:03.566846
3280	3	0	0	0	0:00:03.544514
3300	4	4	4	1	0:00:03.575239
3320	2	7	7	0	0:00:03.557444
3340	6	4	4	0	0:00:03.516159
3360	4	6	6	0	0:00:03.486933
3380	8	9	8	0	0:00:03.558381
3400	6	4	4	0	0:00:03.572080
3420	5	6	6	0	0:00:03.565434
3440	2	9	9	0	0:00:03.561827
3460	1	1	4	1	0:00:03.572208
3480	2	2	2	1	0:00:03.591635
3500	1	1	4	1	0:00:03.562500
3520	1	1	1	1	0:00:03.573033
3540	6	8	8	0	0:00:03.539458
3560	1	9	9	0	0:00:03.577462
3580	4	1	1	0	0:00:03.584443
3600	4	2	2	0	0:00:03.596168
3620	0	7	7	0	0:00:03.598050
3640	6	2	2	0	0:00:03.585374
3660	0	8	8	0	0:00:03.603839
3680	0	-1	2	0	0:00:03.596040
3700	3	4	4	0	0:00:03.563140
3720	2	2	2	1	0:00:03.577674
3740	0	0	0	1	0:00:03.568504
3760	7	7	7	1	0:00:03.570462
3780	4	2	2	0	0:00:03.581055
3800	9	9	3	1	0:00:03.608926
3820	0	0	0	1	0:00:03.575541
3840	6	8	8	0	0:00:03.567915
3860	7	7	7	1	0:00:03.586055
3880	6	4	4	0	0:00:03.583889
3900	3	0	0	0	0:00:03.623745
3920	7	8	8	0	0:00:03.592933
3940	6	7	7	0	0:00:03.577785
3960	2	5	5	0	0:00:03.592906
3980	9	7	7	0	0:00:03.586109
4000	8	7	7	0	0:00:03.578011
4020	8	9	8	0	0:00:03.569910
4040	0	0	0	1	0:00:03.593308
4060	6	0	0	0	0:00:03.587995
4080	1	8	8	0	0:00:03.586624
4100	7	7	7	1	0:00:03.573576
4120	4	0	0	0	0:00:03.568578
4140	5	2	2	0	0:00:03.638499
4160	5	2	2	0	0:00:03.575237
4180	0	8	8	0	0:00:03.574401
4200	4	2	2	0	0:00:03.577804
4220	4	0	0	0	0:00:03.582921
4240	7	8	8	0	0:00:03.577533
4260	8	9	8	0	0:00:03.583189
4280	8	9	8	0	0:00:03.603966
4300	8	8	8	1	0:00:03.564295
4320	1	8	8	0	0:00:03.601378
4340	0	0	0	1	0:00:03.553433
4360	6	9	9	0	0:00:03.554515
4380	9	9	9	1	0:00:03.567139
4400	3	8	8	0	0:00:03.580418
4420	5	8	8	0	0:00:03.581613
4440	2	6	6	0	0:00:03.535664
4460	9	8	8	0	0:00:03.516869
4480	9	6	6	0	0:00:03.531799
4500	3	7	7	0	0:00:03.574402
4520	3	6	6	0	0:00:03.585492
4540	9	9	9	1	0:00:03.600594
4560	1	1	6	1	0:00:03.556290
4580	6	6	6	1	0:00:03.566917
4600	4	7	7	0	0:00:03.601888
4620	7	3	3	0	0:00:03.552839
4640	2	5	5	0	0:00:03.549555
4660	7	2	2	0	0:00:03.600207
4680	9	1	1	0	0:00:03.519920
4700	6	1	1	0	0:00:03.488017
4720	8	0	0	0	0:00:03.535376
4740	5	6	6	0	0:00:03.580198
4760	3	2	2	0	0:00:03.563026
4780	0	8	8	0	0:00:03.559930
4800	9	9	9	1	0:00:03.564127
4820	3	5	5	0	0:00:03.580936
4840	0	0	0	1	0:00:03.611988
4860	5	5	5	1	0:00:03.570218
4880	0	2	2	0	0:00:03.536252
4900	3	1	1	0	0:00:03.561274
4920	7	0	0	0	0:00:03.572982
4940	6	4	2	0	0:00:03.572329
4960	4	6	6	0	0:00:03.545283
4980	1	9	9	0	0:00:03.595166
5000	7	7	7	1	0:00:03.545612
5020	8	1	1	0	0:00:03.551462
5040	3	7	7	0	0:00:03.577670
5060	6	6	6	1	0:00:03.548610
5080	7	7	7	1	0:00:03.580058
5100	3	4	4	0	0:00:03.550492
5120	9	8	8	0	0:00:03.550349
5140	8	8	8	1	0:00:03.607914
5160	0	8	8	0	0:00:03.571945
5180	9	6	6	0	0:00:03.551474
5200	3	3	3	1	0:00:03.580345
5220	0	0	0	1	0:00:03.541038
5240	1	3	3	0	0:00:03.574018
5260	0	0	0	1	0:00:03.597973
5280	0	8	8	0	0:00:03.567890
5300	9	1	1	0	0:00:03.583709
5320	7	7	7	1	0:00:03.563565
5340	3	4	4	0	0:00:03.593697
5360	9	9	9	1	0:00:03.570380
5380	1	9	9	0	0:00:03.563499
5400	9	0	0	0	0:00:03.568345
5420	6	5	5	0	0:00:03.581342
5440	9	9	9	1	0:00:03.611943
5460	0	7	7	0	0:00:03.572209
5480	1	8	8	0	0:00:03.569658
5500	8	1	1	0	0:00:03.563364
5520	4	5	5	0	0:00:03.564326
5540	5	6	2	0	0:00:03.579516
5560	3	6	6	0	0:00:03.568352
5580	5	6	6	0	0:00:03.576798
5600	6	8	8	0	0:00:03.584992
5620	3	2	2	0	0:00:03.569021
5640	2	3	3	0	0:00:03.607807
5660	9	9	8	1	0:00:03.585729
5680	2	8	8	0	0:00:03.573227
5700	3	6	6	0	0:00:03.575911
5720	9	9	9	1	0:00:03.594619
5740	6	6	6	1	0:00:03.560667
5760	2	2	2	1	0:00:03.587395
5780	7	7	7	1	0:00:03.581245
5800	2	6	6	0	0:00:03.585171
5820	5	6	6	0	0:00:03.593480
5840	2	6	6	0	0:00:03.598802
5860	0	8	8	0	0:00:03.591356
5880	0	8	8	0	0:00:03.593058
5900	4	5	5	0	0:00:03.583609
5920	8	8	8	1	0:00:03.577895
5940	7	4	4	0	0:00:03.579674
5960	2	7	7	0	0:00:03.574905
5980	9	9	9	1	0:00:03.535578
6000	8	9	9	0	0:00:03.552432
6020	6	7	7	0	0:00:03.506484
6040	2	7	7	0	0:00:03.531367
6060	3	4	4	0	0:00:03.562172
6080	1	9	6	0	0:00:03.576495
6100	1	1	8	1	0:00:03.558373
6120	5	5	5	1	0:00:03.609404
6140	9	9	9	1	0:00:03.546730
6160	2	9	5	0	0:00:03.535848
6180	0	9	8	0	0:00:03.585681
6200	3	9	0	0	0:00:03.551722
6220	2	6	6	0	0:00:03.535305
6240	2	1	1	0	0:00:03.542029
6260	2	9	9	0	0:00:03.581646
6280	8	5	5	0	0:00:03.535304
6300	1	7	7	0	0:00:03.513375
6320	0	0	0	1	0:00:03.540683
6340	3	8	8	0	0:00:03.540638
6360	2	6	2	0	0:00:03.523722
6380	3	1	1	0	0:00:03.546201
6400	0	1	1	0	0:00:03.569785
6420	7	8	8	0	0:00:03.574151
6440	3	8	8	0	0:00:03.543327
6460	3	1	1	0	0:00:03.561806
6480	0	5	0	0	0:00:03.562123
6500	7	0	0	0	0:00:03.572238
6520	6	4	4	0	0:00:03.540672
6540	8	8	8	1	0:00:03.532502
6560	6	6	6	1	0:00:03.545279
6580	1	2	2	0	0:00:03.547322
6600	7	7	7	1	0:00:03.574009
6620	7	7	4	1	0:00:03.567255
6640	5	8	8	0	0:00:03.580262
6660	0	8	8	0	0:00:03.570339
6680	3	5	5	0	0:00:03.590469
6700	6	6	6	1	0:00:03.561246
6720	2	2	2	1	0:00:03.576239
6740	2	6	6	0	0:00:03.519754
6760	5	2	2	0	0:00:03.518762
6780	7	7	7	1	0:00:03.500325
6800	6	6	6	1	0:00:03.513268
6820	1	1	1	1	0:00:03.522798
6840	9	1	1	0	0:00:03.518123
6860	0	0	0	1	0:00:03.539217
6880	2	7	4	0	0:00:03.547367
6900	3	7	7	0	0:00:03.535326
6920	5	2	2	0	0:00:03.587647
6940	1	1	1	1	0:00:03.550454
6960	9	8	8	0	0:00:03.538937
6980	0	9	9	0	0:00:03.601379
7000	2	8	8	0	0:00:03.569447
7020	7	1	1	0	0:00:03.550670
7040	7	8	8	0	0:00:03.572294
7060	8	8	8	1	0:00:03.562848
7080	5	4	4	0	0:00:03.549124
7100	9	3	3	0	0:00:03.556520
7120	7	6	6	0	0:00:03.564044
7140	4	4	4	1	0:00:03.566132
7160	5	4	4	0	0:00:03.558107
7180	6	6	6	1	0:00:03.566985
7200	4	6	6	0	0:00:03.574814
7220	9	8	8	0	0:00:03.564404
7240	0	8	8	0	0:00:03.600886
7260	1	8	8	0	0:00:03.582646
7280	1	6	6	0	0:00:03.547652
7300	3	7	7	0	0:00:03.571903
7320	8	0	0	0	0:00:03.568436
7340	2	4	4	0	0:00:03.587808
7360	2	7	7	0	0:00:03.583951
7380	7	1	7	0	0:00:03.562444
7400	3	9	9	0	0:00:03.561622
7420	3	0	0	0	0:00:03.574263
7440	3	6	6	0	0:00:03.543981
7460	5	5	5	1	0:00:03.565085
7480	1	5	5	0	0:00:03.569435
7500	6	6	6	1	0:00:03.572690
7520	4	6	6	0	0:00:03.567841
7540	5	5	5	1	0:00:03.558114
7560	0	6	2	0	0:00:03.552095
7580	8	8	8	1	0:00:03.559662
7600	8	9	9	0	0:00:03.567424
7620	5	1	1	0	0:00:03.563120
7640	9	9	8	1	0:00:03.562907
7660	7	9	9	0	0:00:03.553069
7680	3	9	9	0	0:00:03.524755
7700	6	6	6	1	0:00:03.534718
7720	5	6	6	0	0:00:03.563564
7740	4	6	2	0	0:00:03.539428
7760	2	9	9	0	0:00:03.509400
7780	3	8	8	0	0:00:03.526797
7800	0	0	0	1	0:00:03.560447
7820	5	8	8	0	0:00:03.530583
7840	1	1	1	1	0:00:03.527632
7860	8	4	4	0	0:00:03.533237
7880	0	8	8	0	0:00:03.514816
7900	0	8	8	0	0:00:03.503721
7920	9	8	8	0	0:00:03.488183
7940	2	6	6	0	0:00:03.528127
7960	0	0	0	1	0:00:03.523030
7980	3	7	4	0	0:00:03.539655
8000	9	9	8	1	0:00:03.518800
8020	6	6	6	1	0:00:03.511599
8040	2	6	6	0	0:00:03.538117
8060	6	4	4	0	0:00:03.500722
8080	4	6	6	0	0:00:03.510942
8100	6	2	2	0	0:00:03.525370
8120	8	9	9	0	0:00:03.515231
8140	5	6	6	0	0:00:03.489151
8160	6	9	9	0	0:00:03.478144
8180	4	6	6	0	0:00:03.454365
8200	3	6	6	0	0:00:03.464991
8220	6	7	2	0	0:00:03.483408
8240	7	7	7	1	0:00:03.467456
8260	1	1	1	1	0:00:03.469990
8280	4	1	1	0	0:00:03.439590
8300	5	2	2	0	0:00:03.466064
8320	7	4	4	0	0:00:03.466999
8340	5	4	4	0	0:00:03.453860
8360	7	4	6	0	0:00:03.473723
8380	9	8	8	0	0:00:03.496167
8400	0	8	8	0	0:00:03.448977
8420	3	6	4	0	0:00:03.458958
8440	5	9	9	0	0:00:03.447271
8460	8	8	8	1	0:00:03.470389
8480	2	1	1	0	0:00:03.458576
8500	4	2	2	0	0:00:03.443484
8520	8	6	6	0	0:00:03.444833
8540	4	6	4	0	0:00:03.456434
8560	7	7	7	1	0:00:03.449435
8580	3	0	0	0	0:00:03.448169
8600	3	7	7	0	0:00:03.449766
8620	3	1	4	0	0:00:03.475996
8640	1	1	1	1	0:00:03.438282
8660	7	5	5	0	0:00:03.409862
8680	3	9	9	0	0:00:03.460031
8700	3	5	5	0	0:00:03.473847
8720	2	0	0	0	0:00:03.475464
8740	2	6	6	0	0:00:03.450493
8760	8	8	8	1	0:00:03.467950
8780	4	4	4	1	0:00:03.436611
8800	0	0	0	1	0:00:03.445462
8820	2	2	2	1	0:00:03.444655
8840	2	1	1	0	0:00:03.455986
8860	2	0	8	0	0:00:03.480106
8880	1	6	6	0	0:00:03.458821
8900	2	1	6	0	0:00:03.447021
8920	6	6	6	1	0:00:03.466255
8940	6	3	3	0	0:00:03.522182
8960	0	0	0	1	0:00:03.422154
8980	9	9	9	1	0:00:03.383203
9000	8	8	8	1	0:00:03.388811
9020	7	9	9	0	0:00:03.428066
9040	2	5	5	0	0:00:03.402181
9060	9	5	5	0	0:00:03.395941
9080	3	0	0	0	0:00:03.398099
9100	9	6	6	0	0:00:03.403991
9120	3	0	0	0	0:00:03.387099
9140	7	8	8	0	0:00:03.445870
9160	5	5	5	1	0:00:03.408685
9180	5	5	5	1	0:00:03.388782
9200	8	8	8	1	0:00:03.432378
9220	8	8	8	1	0:00:03.429617
9240	8	8	8	1	0:00:03.417525
9260	5	5	5	1	0:00:03.376215
9280	9	0	0	0	0:00:03.402463
9300	5	-1	6	0	0:00:03.378782
9320	9	8	8	0	0:00:03.397791
9340	1	1	1	1	0:00:03.446124
9360	5	6	6	0	0:00:03.402189
9380	5	5	5	1	0:00:03.412345
9400	6	6	4	1	0:00:03.401081
9420	5	6	6	0	0:00:03.428871
9440	8	8	8	1	0:00:03.407481
9460	3	9	7	0	0:00:03.406077
9480	2	4	6	0	0:00:03.410957
9500	9	6	6	0	0:00:03.407930
9520	1	9	9	0	0:00:03.406534
9540	5	4	4	0	0:00:03.421794
9560	9	7	7	0	0:00:03.404171
9580	1	4	4	0	0:00:03.410892
9600	8	8	8	1	0:00:03.431019
9620	4	7	7	0	0:00:03.401772
9640	5	-1	6	0	0:00:03.408394
9660	6	6	6	1	0:00:03.403596
9680	8	9	9	0	0:00:03.407040
9700	0	0	0	1	0:00:03.416110
9720	8	6	6	0	0:00:03.398623
9740	3	6	6	0	0:00:03.402270
9760	9	9	9	1	0:00:03.408946
9780	4	6	6	0	0:00:03.405071
9800	1	1	1	1	0:00:03.402098
9820	0	9	8	0	0:00:03.414792
9840	4	3	3	0	0:00:03.406230
9860	0	2	2	0	0:00:03.404022
9880	7	4	4	0	0:00:03.405509
9900	8	0	0	0	0:00:03.403262
9920	6	6	6	1	0:00:03.396565
9940	4	7	7	0	0:00:03.405109
9960	2	0	0	0	0:00:03.412882
9980	0	0	0	1	0:00:03.411070
