idx	label	predict	basePredict	correct	time
0	3	3	3	1	0:00:01.181185
20	7	-1	9	0	0:00:00.962170
40	4	-1	0	0	0:00:00.947677
60	7	7	7	1	0:00:01.022117
80	8	8	8	1	0:00:01.040214
100	4	5	5	0	0:00:00.949884
120	8	0	8	0	0:00:00.944340
140	6	-1	2	0	0:00:00.937078
160	2	-1	2	0	0:00:00.938190
180	0	0	0	1	0:00:00.931036
200	5	-1	5	0	0:00:00.932632
220	7	7	7	1	0:00:00.928560
240	1	1	1	1	0:00:00.927794
260	8	-1	3	0	0:00:00.934016
280	9	9	9	1	0:00:00.978732
300	6	6	6	1	0:00:00.929091
320	3	3	2	1	0:00:00.934617
340	2	-1	4	0	0:00:00.927150
360	9	-1	5	0	0:00:00.969513
380	6	-1	2	0	0:00:00.928979
400	9	9	9	1	0:00:00.949775
420	4	4	4	1	0:00:00.959090
440	1	-1	9	0	0:00:00.981780
460	5	5	5	1	0:00:00.976747
480	8	9	9	0	0:00:01.002571
500	4	6	2	0	0:00:00.936393
520	5	-1	7	0	0:00:00.998904
540	1	1	8	1	0:00:00.969145
560	0	0	0	1	0:00:00.925224
580	4	-1	4	0	0:00:00.927575
600	8	8	8	1	0:00:00.932495
620	7	-1	5	0	0:00:00.941874
640	5	3	3	0	0:00:00.944162
660	9	9	9	1	0:00:00.987563
680	9	-1	7	0	0:00:00.934073
700	7	7	3	1	0:00:00.941296
720	4	9	4	0	0:00:00.959967
740	2	-1	3	0	0:00:00.948202
760	3	-1	3	0	0:00:00.962156
780	9	-1	9	0	0:00:00.946521
800	7	7	7	1	0:00:00.934597
820	6	-1	8	0	0:00:00.936006
840	7	7	7	1	0:00:00.949349
860	4	-1	4	0	0:00:00.980453
880	8	8	8	1	0:00:00.920938
900	2	6	4	0	0:00:00.925781
920	6	-1	2	0	0:00:00.937531
940	9	9	9	1	0:00:00.983037
960	9	9	9	1	0:00:00.987092
980	2	6	2	0	0:00:00.937782
1000	5	5	5	1	0:00:00.854381
1020	1	1	1	1	0:00:00.854231
1040	7	5	5	0	0:00:00.847894
1060	9	9	9	1	0:00:00.838726
1080	6	-1	6	0	0:00:00.843080
1100	7	-1	0	0	0:00:00.840331
1120	5	-1	2	0	0:00:00.840320
1140	6	-1	4	0	0:00:00.841968
1160	8	0	0	0	0:00:00.839892
1180	3	3	3	1	0:00:00.842872
1200	8	-1	0	0	0:00:00.847728
1220	9	-1	6	0	0:00:00.850305
1240	2	6	6	0	0:00:00.884434
1260	1	9	9	0	0:00:00.857512
1280	3	-1	5	0	0:00:00.840036
1300	4	3	3	0	0:00:00.836065
1320	7	2	2	0	0:00:00.840251
1340	1	1	1	1	0:00:00.839990
1360	7	7	2	1	0:00:00.842421
1380	4	5	5	0	0:00:00.834107
1400	5	3	3	0	0:00:00.832786
1420	4	7	7	0	0:00:00.834059
1440	0	8	8	0	0:00:00.829822
1460	6	6	2	1	0:00:00.830275
1480	1	-1	5	0	0:00:00.832459
1500	1	1	1	1	0:00:00.828538
1520	7	7	4	1	0:00:00.836869
1540	8	8	8	1	0:00:00.839227
1560	7	7	7	1	0:00:00.840356
1580	6	1	3	0	0:00:00.839464
1600	8	-1	6	0	0:00:00.839837
1620	5	-1	4	0	0:00:00.840622
1640	7	3	3	0	0:00:00.840949
1660	3	-1	5	0	0:00:00.842407
1680	6	6	6	1	0:00:00.838657
1700	5	-1	2	0	0:00:00.839863
1720	4	-1	2	0	0:00:00.837765
1740	1	-1	9	0	0:00:00.838045
1760	0	-1	8	0	0:00:00.838395
1780	7	7	2	1	0:00:00.838424
1800	4	-1	8	0	0:00:00.839208
1820	8	-1	8	0	0:00:00.837905
1840	8	-1	4	0	0:00:00.838100
1860	8	8	8	1	0:00:00.838905
1880	1	1	8	1	0:00:00.837971
1900	8	8	8	1	0:00:00.836424
1920	2	2	2	1	0:00:00.849215
1940	5	2	2	0	0:00:00.840068
1960	2	5	5	0	0:00:00.842176
1980	9	9	9	1	0:00:00.843306
2000	1	6	6	0	0:00:00.837483
2020	9	9	9	1	0:00:00.838442
2040	0	0	0	1	0:00:00.838799
2060	5	3	3	0	0:00:00.839603
2080	1	-1	9	0	0:00:00.837585
2100	2	2	2	1	0:00:00.838409
2120	4	8	8	0	0:00:00.837796
2140	9	9	9	1	0:00:00.843056
2160	0	-1	8	0	0:00:00.855114
2180	4	4	4	1	0:00:00.923101
2200	0	2	2	0	0:00:00.920974
2220	1	1	1	1	0:00:00.874894
2240	9	1	8	0	0:00:00.838425
2260	4	4	4	1	0:00:00.841976
2280	4	-1	8	0	0:00:00.841608
2300	3	-1	2	0	0:00:00.839041
2320	5	2	2	0	0:00:00.837694
2340	7	7	7	1	0:00:00.840577
2360	7	5	5	0	0:00:00.838573
2380	8	8	8	1	0:00:00.837851
2400	0	0	0	1	0:00:00.836717
2420	8	-1	5	0	0:00:00.841164
2440	7	7	7	1	0:00:00.839398
2460	9	-1	7	0	0:00:00.838494
2480	8	8	8	1	0:00:00.839980
2500	4	-1	2	0	0:00:00.847879
2520	1	1	7	1	0:00:00.841529
2540	2	5	5	0	0:00:00.867659
2560	7	-1	4	0	0:00:00.890843
2580	6	5	6	0	0:00:00.840321
2600	8	8	8	1	0:00:00.848036
2620	1	-1	8	0	0:00:00.846715
2640	7	7	7	1	0:00:00.869047
2660	3	-1	2	0	0:00:00.924123
2680	0	0	0	1	0:00:00.855181
2700	9	-1	1	0	0:00:00.842858
2720	3	3	3	1	0:00:00.839931
2740	1	1	2	1	0:00:00.857863
2760	2	-1	2	0	0:00:00.841840
2780	7	7	7	1	0:00:00.845490
2800	4	6	6	0	0:00:00.858351
2820	6	6	2	1	0:00:00.841429
2840	3	3	3	1	0:00:00.840351
2860	5	7	6	0	0:00:00.844873
2880	4	4	4	1	0:00:00.847072
2900	3	5	5	0	0:00:00.875053
2920	2	3	3	0	0:00:00.845607
2940	3	0	0	0	0:00:00.844858
2960	9	9	9	1	0:00:00.835175
2980	8	-1	8	0	0:00:00.834569
3000	5	5	5	1	0:00:00.843376
3020	1	1	8	1	0:00:00.839193
3040	7	7	7	1	0:00:00.838030
3060	7	7	7	1	0:00:00.837957
3080	1	-1	0	0	0:00:00.854544
3100	0	0	0	1	0:00:00.908413
3120	4	6	2	0	0:00:00.917683
3140	8	8	8	1	0:00:00.915712
3160	6	-1	2	0	0:00:00.841751
3180	3	-1	3	0	0:00:00.837110
3200	5	7	7	0	0:00:00.841410
3220	3	9	3	0	0:00:00.842620
3240	4	1	8	0	0:00:00.844752
3260	7	7	7	1	0:00:00.841902
3280	3	5	5	0	0:00:00.841906
3300	4	-1	2	0	0:00:00.873386
3320	2	7	7	0	0:00:00.867923
3340	6	6	2	1	0:00:00.838434
3360	4	-1	2	0	0:00:00.845335
3380	8	8	8	1	0:00:00.838665
3400	6	4	4	0	0:00:00.838153
3420	5	3	3	0	0:00:00.848181
3440	2	3	3	0	0:00:00.845476
3460	1	1	1	1	0:00:00.836640
3480	2	2	2	1	0:00:00.841110
3500	1	-1	9	0	0:00:00.844660
3520	1	1	1	1	0:00:00.840041
3540	6	6	3	1	0:00:00.836726
3560	1	9	7	0	0:00:00.838863
3580	4	2	4	0	0:00:00.834663
3600	4	2	2	0	0:00:00.833517
3620	0	6	6	0	0:00:00.834060
3640	6	2	2	0	0:00:00.836757
3660	0	0	8	1	0:00:00.847737
3680	0	-1	2	0	0:00:00.840486
3700	3	3	3	1	0:00:00.842463
3720	2	2	2	1	0:00:00.925663
3740	0	0	0	1	0:00:00.920087
3760	7	7	4	1	0:00:00.886109
3780	4	-1	2	0	0:00:00.840224
3800	9	-1	3	0	0:00:00.841290
3820	0	2	2	0	0:00:00.839065
3840	6	3	3	0	0:00:00.839822
3860	7	7	7	1	0:00:00.841669
3880	6	4	4	0	0:00:00.840300
3900	3	6	6	0	0:00:00.837277
3920	7	-1	7	0	0:00:00.838485
3940	6	-1	4	0	0:00:00.831360
3960	2	2	2	1	0:00:00.831691
3980	9	-1	7	0	0:00:00.835776
4000	8	-1	0	0	0:00:00.838094
4020	8	-1	8	0	0:00:00.839659
4040	0	0	0	1	0:00:00.839039
4060	6	-1	3	0	0:00:00.849000
4080	1	1	8	1	0:00:00.846187
4100	7	7	7	1	0:00:00.832356
4120	4	4	8	1	0:00:00.833075
4140	5	5	3	1	0:00:00.832877
4160	5	2	2	0	0:00:00.845644
4180	0	8	8	0	0:00:00.840294
4200	4	2	2	0	0:00:00.838814
4220	4	0	0	0	0:00:00.837579
4240	7	0	8	0	0:00:00.836349
4260	8	8	8	1	0:00:00.838392
4280	8	-1	1	0	0:00:00.841550
4300	8	8	8	1	0:00:00.850671
4320	1	8	8	0	0:00:00.922298
4340	0	0	0	1	0:00:00.846164
4360	6	9	9	0	0:00:00.839574
4380	9	-1	8	0	0:00:00.840344
4400	3	-1	4	0	0:00:00.839942
4420	5	-1	7	0	0:00:00.842787
4440	2	-1	2	0	0:00:00.840280
4460	9	-1	8	0	0:00:00.842027
4480	9	9	3	1	0:00:00.848770
4500	3	5	5	0	0:00:00.833953
4520	3	6	6	0	0:00:00.831356
4540	9	9	9	1	0:00:00.830104
4560	1	1	8	1	0:00:00.832866
4580	6	4	4	0	0:00:00.829488
4600	4	7	7	0	0:00:00.831835
4620	7	3	3	0	0:00:00.845819
4640	2	-1	2	0	0:00:00.842885
4660	7	-1	4	0	0:00:00.836861
4680	9	1	1	0	0:00:00.840194
4700	6	1	5	0	0:00:00.838810
4720	8	0	0	0	0:00:00.837639
4740	5	3	3	0	0:00:00.842877
4760	3	2	2	0	0:00:00.838714
4780	0	0	8	1	0:00:00.838868
4800	9	9	9	1	0:00:00.839923
4820	3	3	3	1	0:00:00.840626
4840	0	0	0	1	0:00:00.838238
4860	5	5	5	1	0:00:00.838912
4880	0	-1	2	0	0:00:00.839144
4900	3	6	6	0	0:00:00.843004
4920	7	7	7	1	0:00:00.840226
4940	6	-1	2	0	0:00:00.839479
4960	4	3	3	0	0:00:00.839865
4980	1	9	9	0	0:00:00.841485
5000	7	7	7	1	0:00:00.920803
5020	8	8	8	1	0:00:00.880886
5040	3	1	2	0	0:00:00.839658
5060	6	-1	2	0	0:00:00.909059
5080	7	7	7	1	0:00:00.920841
5100	3	3	3	1	0:00:00.921294
5120	9	-1	8	0	0:00:00.920366
5140	8	8	8	1	0:00:00.915241
5160	0	-1	8	0	0:00:00.921756
5180	9	-1	4	0	0:00:00.919808
5200	3	3	3	1	0:00:00.860846
5220	0	0	0	1	0:00:00.839040
5240	1	9	9	0	0:00:00.841223
5260	0	0	0	1	0:00:00.838962
5280	0	9	8	0	0:00:00.838238
5300	9	-1	9	0	0:00:00.837914
5320	7	7	7	1	0:00:00.839785
5340	3	4	4	0	0:00:00.840287
5360	9	9	3	1	0:00:00.838322
5380	1	9	9	0	0:00:00.840078
5400	9	9	9	1	0:00:00.837341
5420	6	6	6	1	0:00:00.837295
5440	9	9	9	1	0:00:00.838577
5460	0	0	0	1	0:00:00.836651
5480	1	1	4	1	0:00:00.837654
5500	8	-1	8	0	0:00:00.835789
5520	4	3	3	0	0:00:00.837234
5540	5	6	4	0	0:00:00.840269
5560	3	5	5	0	0:00:00.843524
5580	5	-1	3	0	0:00:00.839575
5600	6	-1	4	0	0:00:00.839222
5620	3	6	6	0	0:00:00.837254
5640	2	2	2	1	0:00:00.836416
5660	9	-1	8	0	0:00:00.842224
5680	2	3	3	0	0:00:00.837023
5700	3	5	3	0	0:00:00.837341
5720	9	9	9	1	0:00:00.838331
5740	6	-1	6	0	0:00:00.834426
5760	2	-1	0	0	0:00:00.834580
5780	7	7	7	1	0:00:00.829903
5800	2	4	4	0	0:00:00.829291
5820	5	-1	3	0	0:00:00.832350
5840	2	2	2	1	0:00:00.832189
5860	0	-1	8	0	0:00:00.832783
5880	0	0	0	1	0:00:00.841457
5900	4	-1	0	0	0:00:00.842259
5920	8	8	8	1	0:00:00.841219
5940	7	4	4	0	0:00:00.836828
5960	2	6	6	0	0:00:00.837328
5980	9	9	2	1	0:00:00.832906
6000	8	9	8	0	0:00:00.829747
6020	6	6	6	1	0:00:00.832290
6040	2	-1	5	0	0:00:00.839339
6060	3	4	2	0	0:00:00.832095
6080	1	-1	9	0	0:00:00.829458
6100	1	1	8	1	0:00:00.831026
6120	5	5	5	1	0:00:00.841786
6140	9	9	9	1	0:00:00.839474
6160	2	-1	5	0	0:00:00.843279
6180	0	0	0	1	0:00:00.847715
6200	3	-1	3	0	0:00:00.846869
6220	2	5	5	0	0:00:00.845678
6240	2	-1	2	0	0:00:00.842631
6260	2	-1	6	0	0:00:00.839522
6280	8	5	5	0	0:00:00.838545
6300	1	-1	2	0	0:00:00.837259
6320	0	-1	0	0	0:00:00.836669
6340	3	3	3	1	0:00:00.838839
6360	2	-1	2	0	0:00:00.836472
6380	3	-1	3	0	0:00:00.836670
6400	0	1	8	0	0:00:00.837304
6420	7	7	7	1	0:00:00.841520
6440	3	-1	4	0	0:00:00.838890
6460	3	-1	3	0	0:00:00.837830
6480	0	0	0	1	0:00:00.840099
6500	7	-1	6	0	0:00:00.843880
6520	6	-1	2	0	0:00:00.838414
6540	8	8	8	1	0:00:00.837881
6560	6	6	2	1	0:00:00.838610
6580	1	-1	4	0	0:00:00.839612
6600	7	7	7	1	0:00:00.838505
6620	7	7	7	1	0:00:00.837907
6640	5	3	3	0	0:00:00.840101
6660	0	0	0	1	0:00:00.837862
6680	3	-1	3	0	0:00:00.840170
6700	6	-1	0	0	0:00:00.838386
6720	2	-1	2	0	0:00:00.839943
6740	2	-1	4	0	0:00:00.841259
6760	5	5	5	1	0:00:00.870662
6780	7	7	7	1	0:00:00.880183
6800	6	-1	2	0	0:00:00.839061
6820	1	1	1	1	0:00:00.840801
6840	9	9	1	1	0:00:00.837704
6860	0	-1	2	0	0:00:00.841375
6880	2	-1	2	0	0:00:00.838106
6900	3	-1	5	0	0:00:00.838657
6920	5	-1	2	0	0:00:00.840104
6940	1	1	1	1	0:00:00.838953
6960	9	8	8	0	0:00:00.840333
6980	0	-1	8	0	0:00:00.839227
7000	2	0	8	0	0:00:00.840373
7020	7	7	7	1	0:00:00.837902
7040	7	-1	8	0	0:00:00.837693
7060	8	8	8	1	0:00:00.838166
7080	5	4	4	0	0:00:00.841047
7100	9	-1	3	0	0:00:00.888860
7120	7	5	5	0	0:00:00.921629
7140	4	-1	3	0	0:00:00.863901
7160	5	5	5	1	0:00:00.843634
7180	6	6	3	1	0:00:00.845543
7200	4	-1	2	0	0:00:00.845399
7220	9	9	8	1	0:00:00.924498
7240	0	8	8	0	0:00:00.855694
7260	1	-1	8	0	0:00:00.845805
7280	1	9	9	0	0:00:00.846869
7300	3	4	4	0	0:00:00.843073
7320	8	-1	8	0	0:00:00.846897
7340	2	4	4	0	0:00:00.842937
7360	2	-1	4	0	0:00:00.844596
7380	7	7	7	1	0:00:00.892648
7400	3	3	3	1	0:00:00.844453
7420	3	4	2	0	0:00:00.841367
7440	3	-1	3	0	0:00:00.844397
7460	5	5	5	1	0:00:00.844352
7480	1	8	8	0	0:00:00.845871
7500	6	6	6	1	0:00:00.843435
7520	4	-1	2	0	0:00:00.850635
7540	5	5	5	1	0:00:00.852388
7560	0	0	0	1	0:00:00.878894
7580	8	8	8	1	0:00:00.883214
7600	8	9	2	0	0:00:00.871877
7620	5	-1	3	0	0:00:00.869854
7640	9	8	8	0	0:00:00.876555
7660	7	-1	4	0	0:00:00.872088
7680	3	9	3	0	0:00:00.867916
7700	6	6	6	1	0:00:00.841588
7720	5	-1	2	0	0:00:00.844534
7740	4	-1	2	0	0:00:00.875638
7760	2	9	6	0	0:00:00.872325
7780	3	-1	8	0	0:00:00.848041
7800	0	0	0	1	0:00:00.845782
7820	5	-1	5	0	0:00:00.842674
7840	1	1	1	1	0:00:00.851443
7860	8	-1	2	0	0:00:00.867620
7880	0	4	2	0	0:00:00.854227
7900	0	8	8	0	0:00:00.846277
7920	9	-1	2	0	0:00:00.840245
7940	2	-1	4	0	0:00:00.846833
7960	0	-1	0	0	0:00:00.866011
7980	3	-1	3	0	0:00:00.885506
8000	9	9	9	1	0:00:00.891972
8020	6	3	3	0	0:00:00.869290
8040	2	2	2	1	0:00:00.914582
8060	6	6	6	1	0:00:00.855239
8080	4	6	2	0	0:00:00.860713
8100	6	2	2	0	0:00:00.854160
8120	8	9	9	0	0:00:00.853591
8140	5	-1	4	0	0:00:00.848355
8160	6	6	6	1	0:00:00.856265
8180	4	-1	4	0	0:00:00.850425
8200	3	4	4	0	0:00:00.850224
8220	6	7	3	0	0:00:00.856154
8240	7	7	7	1	0:00:00.852621
8260	1	1	1	1	0:00:00.847831
8280	4	5	5	0	0:00:00.851500
8300	5	-1	2	0	0:00:00.842547
8320	7	-1	4	0	0:00:00.838586
8340	5	3	3	0	0:00:00.837505
8360	7	7	7	1	0:00:00.839102
8380	9	9	9	1	0:00:00.837079
8400	0	8	8	0	0:00:00.837173
8420	3	6	6	0	0:00:00.839081
8440	5	3	3	0	0:00:00.845789
8460	8	8	8	1	0:00:00.863102
8480	2	2	4	1	0:00:00.849586
8500	4	4	4	1	0:00:00.849756
8520	8	-1	8	0	0:00:00.844835
8540	4	-1	2	0	0:00:00.898335
8560	7	7	7	1	0:00:00.903284
8580	3	-1	2	0	0:00:00.847113
8600	3	-1	3	0	0:00:00.846081
8620	3	4	4	0	0:00:00.845499
8640	1	1	8	1	0:00:00.849370
8660	7	7	7	1	0:00:00.902954
8680	3	-1	8	0	0:00:00.836586
8700	3	-1	3	0	0:00:00.835962
8720	2	0	0	0	0:00:00.842576
8740	2	-1	5	0	0:00:00.837909
8760	8	8	8	1	0:00:00.835905
8780	4	-1	2	0	0:00:00.841575
8800	0	0	0	1	0:00:00.849603
8820	2	2	2	1	0:00:00.909033
8840	2	-1	7	0	0:00:00.936195
8860	2	2	2	1	0:00:00.937922
8880	1	1	1	1	0:00:00.934186
8900	2	4	4	0	0:00:00.935489
8920	6	6	2	1	0:00:00.932803
8940	6	3	3	0	0:00:00.935252
8960	0	0	0	1	0:00:00.931562
8980	9	9	9	1	0:00:00.935107
9000	8	8	8	1	0:00:00.935066
9020	7	7	7	1	0:00:00.937358
9040	2	-1	5	0	0:00:00.933905
9060	9	9	3	1	0:00:00.936169
9080	3	-1	2	0	0:00:00.935171
9100	9	1	3	0	0:00:00.935895
9120	3	-1	3	0	0:00:00.860407
9140	7	-1	2	0	0:00:00.845301
9160	5	3	3	0	0:00:00.844750
9180	5	5	5	1	0:00:00.847384
9200	8	8	8	1	0:00:00.847834
9220	8	8	8	1	0:00:00.845071
9240	8	8	8	1	0:00:00.845658
9260	5	5	5	1	0:00:00.847883
9280	9	8	8	0	0:00:00.844522
9300	5	-1	2	0	0:00:00.844943
9320	9	9	9	1	0:00:00.846342
9340	1	1	1	1	0:00:00.847355
9360	5	0	5	0	0:00:00.847762
9380	5	3	3	0	0:00:00.844678
9400	6	6	2	1	0:00:00.847440
9420	5	5	5	1	0:00:00.849397
9440	8	8	8	1	0:00:00.846029
9460	3	7	7	0	0:00:00.846230
9480	2	-1	2	0	0:00:00.845749
9500	9	9	5	1	0:00:00.844135
9520	1	1	1	1	0:00:00.842211
9540	5	3	3	0	0:00:00.843563
9560	9	7	5	0	0:00:00.838881
9580	1	1	4	1	0:00:00.839937
9600	8	8	8	1	0:00:00.844971
9620	4	-1	4	0	0:00:00.843447
9640	5	0	2	0	0:00:00.847792
9660	6	6	6	1	0:00:00.850062
9680	8	8	8	1	0:00:00.847685
9700	0	0	0	1	0:00:00.848693
9720	8	1	8	0	0:00:00.845741
9740	3	6	2	0	0:00:00.843755
9760	9	-1	3	0	0:00:00.849930
9780	4	6	2	0	0:00:00.847596
9800	1	1	1	1	0:00:00.842624
9820	0	8	8	0	0:00:00.839302
9840	4	-1	5	0	0:00:00.839625
9860	0	5	8	0	0:00:00.844691
9880	7	8	3	0	0:00:00.844995
9900	8	-1	8	0	0:00:00.844187
9920	6	6	2	1	0:00:00.844796
9940	4	5	5	0	0:00:00.849965
9960	2	0	0	0	0:00:00.850247
9980	0	0	0	1	0:00:00.847275
