idx	label	predict	basePredict	correct	time
0	3	-1	2	0	0:00:01.237239
20	7	-1	6	0	0:00:01.125490
40	4	-1	8	0	0:00:01.124357
60	7	-1	2	0	0:00:01.169134
80	8	-1	8	0	0:00:01.142034
100	4	-1	3	0	0:00:01.149266
120	8	-1	8	0	0:00:01.154272
140	6	2	2	0	0:00:01.139339
160	2	0	2	0	0:00:01.122122
180	0	-1	8	0	0:00:01.149812
200	5	-1	3	0	0:00:01.144425
220	7	7	7	1	0:00:01.133562
240	1	1	8	1	0:00:01.136623
260	8	3	6	0	0:00:01.147427
280	9	9	8	1	0:00:01.138323
300	6	-1	4	0	0:00:01.126563
320	3	-1	4	0	0:00:01.156462
340	2	4	4	0	0:00:01.134039
360	9	-1	6	0	0:00:01.131102
380	6	-1	4	0	0:00:01.145746
400	9	-1	8	0	0:00:01.118592
420	4	6	6	0	0:00:01.127817
440	1	-1	4	0	0:00:01.146182
460	5	-1	4	0	0:00:01.126470
480	8	9	8	0	0:00:01.133210
500	4	-1	6	0	0:00:01.132426
520	5	7	7	0	0:00:01.133789
540	1	-1	8	0	0:00:01.112414
560	0	-1	8	0	0:00:01.118636
580	4	-1	4	0	0:00:01.131742
600	8	-1	8	0	0:00:01.148562
620	7	-1	4	0	0:00:01.151209
640	5	3	3	0	0:00:01.126651
660	9	9	3	1	0:00:01.127781
680	9	-1	4	0	0:00:01.135124
700	7	-1	4	0	0:00:01.140300
720	4	9	9	0	0:00:01.143628
740	2	5	3	0	0:00:01.147671
760	3	9	9	0	0:00:01.148636
780	9	1	0	0	0:00:01.155970
800	7	7	7	1	0:00:01.157777
820	6	-1	8	0	0:00:01.138544
840	7	7	7	1	0:00:01.145048
860	4	-1	4	0	0:00:01.124152
880	8	8	8	1	0:00:01.144748
900	2	-1	4	0	0:00:01.146900
920	6	-1	2	0	0:00:01.130204
940	9	-1	9	0	0:00:01.151890
960	9	9	4	1	0:00:01.128662
980	2	6	6	0	0:00:01.125427
1000	5	5	5	1	0:00:01.050673
1020	1	-1	8	0	0:00:01.047114
1040	7	5	5	0	0:00:01.038872
1060	9	9	8	1	0:00:01.028751
1080	6	-1	6	0	0:00:01.019701
1100	7	8	8	0	0:00:01.026655
1120	5	-1	2	0	0:00:01.026231
1140	6	4	4	0	0:00:01.006054
1160	8	0	0	0	0:00:01.004609
1180	3	-1	8	0	0:00:01.016085
1200	8	0	0	0	0:00:01.037225
1220	9	6	2	0	0:00:01.022442
1240	2	6	6	0	0:00:01.042648
1260	1	9	9	0	0:00:00.992532
1280	3	7	7	0	0:00:00.994158
1300	4	3	3	0	0:00:01.012153
1320	7	-1	2	0	0:00:01.023655
1340	1	-1	8	0	0:00:01.026853
1360	7	-1	4	0	0:00:01.031204
1380	4	5	5	0	0:00:01.005672
1400	5	-1	2	0	0:00:01.171418
1420	4	7	7	0	0:00:01.006191
1440	0	8	8	0	0:00:01.018828
1460	6	-1	4	0	0:00:01.008182
1480	1	-1	5	0	0:00:01.007708
1500	1	9	8	0	0:00:01.009291
1520	7	-1	4	0	0:00:00.998955
1540	8	8	8	1	0:00:01.032778
1560	7	7	7	1	0:00:01.026451
1580	6	1	1	0	0:00:01.021800
1600	8	-1	6	0	0:00:01.033091
1620	5	8	8	0	0:00:01.011441
1640	7	5	3	0	0:00:01.025117
1660	3	-1	4	0	0:00:01.014515
1680	6	6	6	1	0:00:01.005456
1700	5	2	2	0	0:00:01.017167
1720	4	-1	2	0	0:00:01.046473
1740	1	9	9	0	0:00:01.037158
1760	0	8	8	0	0:00:01.017435
1780	7	-1	8	0	0:00:01.029710
1800	4	8	8	0	0:00:01.027076
1820	8	-1	8	0	0:00:01.026010
1840	8	-1	4	0	0:00:01.034535
1860	8	-1	8	0	0:00:01.011538
1880	1	-1	8	0	0:00:01.007732
1900	8	8	8	1	0:00:01.023324
1920	2	-1	2	0	0:00:01.020624
1940	5	-1	3	0	0:00:01.028337
1960	2	5	5	0	0:00:01.024137
1980	9	9	4	1	0:00:01.032332
2000	1	6	4	0	0:00:01.026514
2020	9	9	1	1	0:00:01.053180
2040	0	8	8	0	0:00:01.023172
2060	5	-1	3	0	0:00:01.027987
2080	1	6	4	0	0:00:01.029581
2100	2	4	4	0	0:00:00.981655
2120	4	8	8	0	0:00:01.007350
2140	9	-1	1	0	0:00:01.033714
2160	0	8	8	0	0:00:01.009622
2180	4	-1	2	0	0:00:01.023333
2200	0	2	2	0	0:00:01.011706
2220	1	1	4	1	0:00:01.046634
2240	9	-1	8	0	0:00:01.016508
2260	4	-1	4	0	0:00:01.018190
2280	4	-1	8	0	0:00:01.022211
2300	3	-1	4	0	0:00:01.010539
2320	5	-1	8	0	0:00:01.019188
2340	7	7	7	1	0:00:01.023709
2360	7	-1	3	0	0:00:01.013587
2380	8	0	0	0	0:00:01.012611
2400	0	-1	4	0	0:00:01.000215
2420	8	-1	5	0	0:00:01.017304
2440	7	-1	8	0	0:00:01.036908
2460	9	3	3	0	0:00:01.027993
2480	8	-1	8	0	0:00:01.019671
2500	4	2	2	0	0:00:01.021846
2520	1	-1	8	0	0:00:01.006027
2540	2	3	3	0	0:00:01.028055
2560	7	-1	4	0	0:00:01.009971
2580	6	-1	4	0	0:00:01.000091
2600	8	8	8	1	0:00:01.009774
2620	1	-1	4	0	0:00:01.009702
2640	7	-1	6	0	0:00:01.033038
2660	3	-1	2	0	0:00:01.011811
2680	0	0	0	1	0:00:01.018642
2700	9	-1	0	0	0:00:00.993708
2720	3	-1	2	0	0:00:01.023176
2740	1	-1	1	0	0:00:01.010494
2760	2	-1	4	0	0:00:00.998670
2780	7	7	6	1	0:00:01.016401
2800	4	-1	4	0	0:00:01.005409
2820	6	6	4	1	0:00:01.023123
2840	3	3	3	1	0:00:01.021637
2860	5	-1	4	0	0:00:00.998245
2880	4	4	4	1	0:00:01.020441
2900	3	2	2	0	0:00:01.033362
2920	2	5	5	0	0:00:01.030747
2940	3	0	0	0	0:00:01.009921
2960	9	-1	8	0	0:00:01.009173
2980	8	1	8	0	0:00:01.021508
3000	5	5	5	1	0:00:01.020519
3020	1	-1	8	0	0:00:01.009928
3040	7	7	7	1	0:00:01.031155
3060	7	-1	7	0	0:00:01.033307
3080	1	-1	2	0	0:00:01.011206
3100	0	0	0	1	0:00:01.043067
3120	4	6	2	0	0:00:01.017286
3140	8	-1	8	0	0:00:01.012712
3160	6	-1	4	0	0:00:01.033152
3180	3	-1	8	0	0:00:01.020680
3200	5	7	7	0	0:00:01.024997
3220	3	9	9	0	0:00:00.991179
3240	4	-1	8	0	0:00:01.023524
3260	7	0	0	0	0:00:01.035292
3280	3	0	0	0	0:00:01.016982
3300	4	6	4	0	0:00:01.014186
3320	2	7	7	0	0:00:01.025928
3340	6	-1	4	0	0:00:01.008998
3360	4	6	6	0	0:00:01.018709
3380	8	-1	8	0	0:00:01.034124
3400	6	4	4	0	0:00:01.020506
3420	5	-1	4	0	0:00:01.002956
3440	2	9	3	0	0:00:00.988000
3460	1	1	4	1	0:00:01.045468
3480	2	2	2	1	0:00:01.020515
3500	1	-1	4	0	0:00:01.028654
3520	1	1	1	1	0:00:01.033556
3540	6	-1	6	0	0:00:01.019624
3560	1	9	0	0	0:00:01.031650
3580	4	1	4	0	0:00:01.024366
3600	4	2	2	0	0:00:01.008442
3620	0	6	6	0	0:00:00.989475
3640	6	2	2	0	0:00:01.028204
3660	0	8	8	0	0:00:01.023801
3680	0	-1	2	0	0:00:01.034561
3700	3	-1	4	0	0:00:01.002217
3720	2	2	2	1	0:00:01.031554
3740	0	-1	8	0	0:00:01.016620
3760	7	7	7	1	0:00:01.023594
3780	4	-1	2	0	0:00:01.026766
3800	9	-1	3	0	0:00:01.017658
3820	0	2	2	0	0:00:01.004794
3840	6	-1	3	0	0:00:01.014721
3860	7	7	7	1	0:00:01.024179
3880	6	4	4	0	0:00:01.045831
3900	3	-1	1	0	0:00:01.019975
3920	7	-1	8	0	0:00:01.024882
3940	6	-1	4	0	0:00:01.024563
3960	2	5	5	0	0:00:01.018237
3980	9	7	7	0	0:00:01.022440
4000	8	7	4	0	0:00:01.020578
4020	8	-1	8	0	0:00:01.006278
4040	0	-1	0	0	0:00:01.014993
4060	6	3	3	0	0:00:01.029072
4080	1	8	8	0	0:00:01.045806
4100	7	7	7	1	0:00:01.012563
4120	4	0	0	0	0:00:01.015309
4140	5	3	3	0	0:00:01.020559
4160	5	2	2	0	0:00:01.028651
4180	0	-1	8	0	0:00:01.010113
4200	4	-1	2	0	0:00:01.033050
4220	4	0	0	0	0:00:01.028681
4240	7	0	0	0	0:00:01.020689
4260	8	-1	1	0	0:00:01.051800
4280	8	-1	8	0	0:00:01.044325
4300	8	-1	8	0	0:00:01.024696
4320	1	8	8	0	0:00:00.994632
4340	0	-1	8	0	0:00:01.015871
4360	6	9	9	0	0:00:00.995663
4380	9	-1	8	0	0:00:01.012229
4400	3	4	4	0	0:00:01.006411
4420	5	8	8	0	0:00:00.992364
4440	2	6	2	0	0:00:01.004692
4460	9	-1	8	0	0:00:01.018522
4480	9	-1	6	0	0:00:01.001489
4500	3	6	6	0	0:00:01.029625
4520	3	6	6	0	0:00:01.016071
4540	9	9	1	1	0:00:01.041644
4560	1	-1	4	0	0:00:01.032052
4580	6	4	4	0	0:00:01.038742
4600	4	7	7	0	0:00:01.053510
4620	7	3	3	0	0:00:01.027877
4640	2	3	4	0	0:00:01.043205
4660	7	-1	2	0	0:00:01.059390
4680	9	1	1	0	0:00:01.067060
4700	6	1	4	0	0:00:01.063690
4720	8	0	0	0	0:00:01.046611
4740	5	-1	4	0	0:00:01.041932
4760	3	-1	4	0	0:00:01.060604
4780	0	-1	8	0	0:00:01.020491
4800	9	9	9	1	0:00:01.023793
4820	3	5	5	0	0:00:01.019973
4840	0	0	0	1	0:00:01.047502
4860	5	3	3	0	0:00:01.037827
4880	0	2	2	0	0:00:01.046260
4900	3	-1	6	0	0:00:01.051586
4920	7	7	2	1	0:00:01.026104
4940	6	4	4	0	0:00:01.052969
4960	4	3	3	0	0:00:01.048786
4980	1	9	8	0	0:00:01.022395
5000	7	7	7	1	0:00:01.047452
5020	8	1	8	0	0:00:01.044065
5040	3	-1	4	0	0:00:01.027462
5060	6	2	4	0	0:00:01.038214
5080	7	7	7	1	0:00:01.049291
5100	3	-1	4	0	0:00:01.053148
5120	9	-1	8	0	0:00:01.046990
5140	8	8	8	1	0:00:01.032692
5160	0	8	8	0	0:00:01.020890
5180	9	-1	4	0	0:00:01.034872
5200	3	3	3	1	0:00:01.039540
5220	0	0	0	1	0:00:01.010518
5240	1	-1	2	0	0:00:01.070398
5260	0	0	0	1	0:00:01.071063
5280	0	-1	8	0	0:00:01.035712
5300	9	1	1	0	0:00:01.040349
5320	7	-1	3	0	0:00:01.057443
5340	3	4	4	0	0:00:01.027304
5360	9	9	3	1	0:00:01.043451
5380	1	9	9	0	0:00:01.036912
5400	9	-1	8	0	0:00:01.031827
5420	6	-1	6	0	0:00:01.030534
5440	9	9	9	1	0:00:01.048283
5460	0	-1	7	0	0:00:01.041064
5480	1	-1	8	0	0:00:01.043371
5500	8	1	8	0	0:00:01.066960
5520	4	-1	3	0	0:00:01.046846
5540	5	6	2	0	0:00:01.035780
5560	3	6	6	0	0:00:01.042068
5580	5	6	6	0	0:00:01.043064
5600	6	-1	0	0	0:00:01.052223
5620	3	2	2	0	0:00:01.035841
5640	2	5	3	0	0:00:01.032202
5660	9	-1	8	0	0:00:01.035127
5680	2	-1	8	0	0:00:01.046350
5700	3	-1	2	0	0:00:01.022084
5720	9	9	9	1	0:00:01.046444
5740	6	-1	4	0	0:00:01.027527
5760	2	-1	2	0	0:00:01.022074
5780	7	7	4	1	0:00:01.033947
5800	2	-1	4	0	0:00:01.039762
5820	5	6	6	0	0:00:01.023603
5840	2	-1	6	0	0:00:01.051573
5860	0	-1	8	0	0:00:01.043636
5880	0	8	0	0	0:00:01.030112
5900	4	3	4	0	0:00:01.032333
5920	8	8	8	1	0:00:01.053486
5940	7	4	4	0	0:00:01.026660
5960	2	-1	4	0	0:00:01.025747
5980	9	9	6	1	0:00:01.033045
6000	8	9	8	0	0:00:01.019590
6020	6	-1	6	0	0:00:01.041472
6040	2	7	7	0	0:00:01.052980
6060	3	4	4	0	0:00:01.007655
6080	1	-1	6	0	0:00:01.039837
6100	1	-1	8	0	0:00:01.036941
6120	5	-1	5	0	0:00:01.056447
6140	9	-1	7	0	0:00:01.030329
6160	2	5	5	0	0:00:01.036069
6180	0	-1	8	0	0:00:01.056322
6200	3	-1	2	0	0:00:01.031116
6220	2	6	6	0	0:00:01.025379
6240	2	-1	4	0	0:00:01.025017
6260	2	9	8	0	0:00:01.040775
6280	8	-1	4	0	0:00:01.031173
6300	1	7	4	0	0:00:01.022885
6320	0	0	0	1	0:00:01.052405
6340	3	3	3	1	0:00:01.043779
6360	2	6	2	0	0:00:01.040000
6380	3	-1	6	0	0:00:01.041713
6400	0	1	4	0	0:00:01.035726
6420	7	-1	8	0	0:00:01.029345
6440	3	-1	8	0	0:00:01.026088
6460	3	1	4	0	0:00:01.054003
6480	0	-1	2	0	0:00:01.027088
6500	7	-1	8	0	0:00:01.049702
6520	6	4	4	0	0:00:01.032408
6540	8	-1	8	0	0:00:01.049539
6560	6	-1	4	0	0:00:01.017109
6580	1	-1	2	0	0:00:01.023408
6600	7	7	7	1	0:00:01.032036
6620	7	7	3	1	0:00:01.042303
6640	5	-1	8	0	0:00:01.031953
6660	0	-1	8	0	0:00:01.027265
6680	3	5	5	0	0:00:01.035383
6700	6	-1	2	0	0:00:01.034495
6720	2	4	2	0	0:00:01.036805
6740	2	-1	4	0	0:00:01.058660
6760	5	-1	2	0	0:00:01.032446
6780	7	7	7	1	0:00:01.038451
6800	6	2	4	0	0:00:01.023372
6820	1	1	8	1	0:00:01.036865
6840	9	1	1	0	0:00:01.035760
6860	0	2	2	0	0:00:01.038500
6880	2	7	7	0	0:00:01.029887
6900	3	7	4	0	0:00:01.057104
6920	5	2	2	0	0:00:01.056003
6940	1	1	1	1	0:00:01.055373
6960	9	8	8	0	0:00:01.020960
6980	0	-1	8	0	0:00:01.026242
7000	2	8	8	0	0:00:01.020752
7020	7	-1	8	0	0:00:01.014159
7040	7	8	8	0	0:00:01.025368
7060	8	0	8	0	0:00:01.005561
7080	5	4	4	0	0:00:01.031162
7100	9	3	3	0	0:00:01.022945
7120	7	-1	6	0	0:00:01.024058
7140	4	-1	4	0	0:00:01.046916
7160	5	-1	4	0	0:00:01.026486
7180	6	-1	6	0	0:00:01.021240
7200	4	6	2	0	0:00:01.003058
7220	9	-1	8	0	0:00:01.013258
7240	0	8	8	0	0:00:01.026606
7260	1	-1	8	0	0:00:01.027478
7280	1	-1	6	0	0:00:01.020816
7300	3	-1	4	0	0:00:01.039756
7320	8	0	0	0	0:00:01.018915
7340	2	4	4	0	0:00:01.044119
7360	2	-1	4	0	0:00:01.031225
7380	7	-1	7	0	0:00:01.029694
7400	3	-1	3	0	0:00:01.015122
7420	3	0	0	0	0:00:01.021448
7440	3	-1	2	0	0:00:01.020881
7460	5	5	5	1	0:00:01.017494
7480	1	-1	5	0	0:00:01.016822
7500	6	6	6	1	0:00:01.020325
7520	4	-1	4	0	0:00:01.027123
7540	5	5	5	1	0:00:01.026049
7560	0	-1	2	0	0:00:01.064423
7580	8	-1	8	0	0:00:00.991268
7600	8	9	8	0	0:00:01.019156
7620	5	-1	4	0	0:00:01.010197
7640	9	-1	6	0	0:00:01.012709
7660	7	-1	4	0	0:00:00.991014
7680	3	9	3	0	0:00:01.028344
7700	6	6	4	1	0:00:01.021862
7720	5	-1	4	0	0:00:01.037715
7740	4	6	2	0	0:00:01.016336
7760	2	9	6	0	0:00:01.056767
7780	3	1	8	0	0:00:01.019445
7800	0	0	8	1	0:00:01.033685
7820	5	8	8	0	0:00:01.011497
7840	1	1	1	1	0:00:01.025271
7860	8	-1	4	0	0:00:01.017747
7880	0	-1	2	0	0:00:01.010436
7900	0	-1	2	0	0:00:01.009307
7920	9	8	8	0	0:00:00.996159
7940	2	6	6	0	0:00:01.006145
7960	0	-1	2	0	0:00:01.042515
7980	3	7	4	0	0:00:01.020413
8000	9	-1	8	0	0:00:01.025067
8020	6	3	3	0	0:00:01.030577
8040	2	-1	2	0	0:00:01.018910
8060	6	-1	4	0	0:00:01.000127
8080	4	6	6	0	0:00:01.015795
8100	6	2	2	0	0:00:01.005538
8120	8	9	8	0	0:00:01.029372
8140	5	4	4	0	0:00:01.029478
8160	6	9	6	0	0:00:01.080957
8180	4	-1	4	0	0:00:01.041523
8200	3	-1	2	0	0:00:01.007646
8220	6	-1	2	0	0:00:01.024141
8240	7	7	4	1	0:00:00.977894
8260	1	3	3	0	0:00:01.020471
8280	4	-1	3	0	0:00:01.024880
8300	5	2	2	0	0:00:01.033601
8320	7	-1	4	0	0:00:00.998159
8340	5	3	4	0	0:00:00.997864
8360	7	-1	4	0	0:00:01.009478
8380	9	8	8	0	0:00:01.043355
8400	0	8	8	0	0:00:01.031706
8420	3	-1	4	0	0:00:01.015028
8440	5	-1	4	0	0:00:01.015908
8460	8	8	8	1	0:00:01.002371
8480	2	-1	8	0	0:00:00.980375
8500	4	2	2	0	0:00:00.995373
8520	8	-1	4	0	0:00:01.007192
8540	4	-1	2	0	0:00:01.006573
8560	7	-1	4	0	0:00:01.014327
8580	3	0	2	0	0:00:01.047140
8600	3	7	4	0	0:00:01.021227
8620	3	-1	4	0	0:00:01.015665
8640	1	1	1	1	0:00:01.017169
8660	7	-1	5	0	0:00:01.023272
8680	3	9	8	0	0:00:01.022329
8700	3	3	3	1	0:00:01.014931
8720	2	0	0	0	0:00:01.025441
8740	2	-1	4	0	0:00:01.041218
8760	8	-1	5	0	0:00:01.009224
8780	4	-1	2	0	0:00:01.024299
8800	0	0	0	1	0:00:01.032863
8820	2	3	3	0	0:00:01.012900
8840	2	-1	7	0	0:00:01.019887
8860	2	-1	6	0	0:00:01.023544
8880	1	9	6	0	0:00:00.995202
8900	2	-1	4	0	0:00:01.019943
8920	6	6	6	1	0:00:01.024615
8940	6	3	3	0	0:00:01.018913
8960	0	0	0	1	0:00:01.011019
8980	9	9	8	1	0:00:01.054541
9000	8	8	8	1	0:00:01.050029
9020	7	9	8	0	0:00:01.023474
9040	2	5	5	0	0:00:01.012376
9060	9	5	5	0	0:00:00.994345
9080	3	0	0	0	0:00:01.016859
9100	9	6	6	0	0:00:01.037260
9120	3	0	0	0	0:00:01.017569
9140	7	-1	8	0	0:00:01.011763
9160	5	-1	4	0	0:00:01.032978
9180	5	5	5	1	0:00:01.010257
9200	8	8	8	1	0:00:01.038479
9220	8	8	8	1	0:00:01.039261
9240	8	-1	8	0	0:00:01.010109
9260	5	-1	5	0	0:00:00.995961
9280	9	-1	8	0	0:00:01.025159
9300	5	-1	2	0	0:00:01.018973
9320	9	9	8	1	0:00:01.019789
9340	1	1	1	1	0:00:01.026247
9360	5	-1	4	0	0:00:01.013012
9380	5	9	3	0	0:00:00.998590
9400	6	-1	4	0	0:00:01.041403
9420	5	6	6	0	0:00:01.030025
9440	8	8	8	1	0:00:01.016991
9460	3	-1	4	0	0:00:01.001985
9480	2	4	4	0	0:00:00.952331
9500	9	-1	4	0	0:00:00.997522
9520	1	-1	1	0	0:00:01.027770
9540	5	3	4	0	0:00:01.004961
9560	9	7	7	0	0:00:00.998059
9580	1	4	4	0	0:00:01.006246
9600	8	-1	8	0	0:00:00.997209
9620	4	7	7	0	0:00:01.045208
9640	5	0	0	0	0:00:01.016224
9660	6	-1	6	0	0:00:00.988611
9680	8	-1	8	0	0:00:01.014619
9700	0	0	2	1	0:00:01.020512
9720	8	-1	6	0	0:00:01.024792
9740	3	-1	4	0	0:00:01.006919
9760	9	7	4	0	0:00:01.000963
9780	4	6	4	0	0:00:01.032011
9800	1	1	1	1	0:00:01.014224
9820	0	8	8	0	0:00:01.052649
9840	4	-1	5	0	0:00:01.022603
9860	0	5	8	0	0:00:01.007889
9880	7	-1	4	0	0:00:01.026499
9900	8	0	6	0	0:00:01.008966
9920	6	4	2	0	0:00:01.043051
9940	4	-1	5	0	0:00:01.006396
9960	2	0	0	0	0:00:00.988329
9980	0	0	0	1	0:00:01.016392
