idx	label	predict	basePredict	correct	time
0	3	1	4	0	0:00:17.391443
20	7	9	9	0	0:00:16.298956
40	4	8	8	0	0:00:16.260383
60	7	2	2	0	0:00:16.285363
80	8	8	8	1	0:00:16.253849
100	4	5	4	0	0:00:16.245894
120	8	8	8	1	0:00:16.302485
140	6	2	2	0	0:00:16.255578
160	2	0	0	0	0:00:16.292285
180	0	0	0	1	0:00:16.271536
200	5	7	3	0	0:00:16.286647
220	7	7	7	1	0:00:16.265171
240	1	1	1	1	0:00:16.264151
260	8	5	5	0	0:00:16.256677
280	9	9	8	1	0:00:16.264116
300	6	4	4	0	0:00:16.249440
320	3	5	2	0	0:00:16.311470
340	2	4	4	0	0:00:16.248789
360	9	6	6	0	0:00:16.283302
380	6	8	8	0	0:00:16.243497
400	9	9	9	1	0:00:16.275527
420	4	6	6	0	0:00:16.306429
440	1	1	2	1	0:00:16.290341
460	5	7	4	0	0:00:16.275015
480	8	9	9	0	0:00:16.275307
500	4	9	6	0	0:00:16.253169
520	5	7	8	0	0:00:16.270967
540	1	8	8	0	0:00:16.296966
560	0	0	0	1	0:00:16.751464
580	4	6	6	0	0:00:16.308153
600	8	9	0	0	0:00:16.256346
620	7	6	4	0	0:00:16.358112
640	5	6	6	0	0:00:16.302460
660	9	9	9	1	0:00:16.269324
680	9	9	9	1	0:00:16.298331
700	7	7	7	1	0:00:16.276233
720	4	9	9	0	0:00:16.309485
740	2	5	5	0	0:00:16.316128
760	3	9	9	0	0:00:16.281894
780	9	9	8	1	0:00:16.330786
800	7	7	7	1	0:00:16.320139
820	6	9	9	0	0:00:16.306828
840	7	7	7	1	0:00:16.317296
860	4	6	6	0	0:00:16.272142
880	8	8	8	1	0:00:16.282651
900	2	6	6	0	0:00:16.286110
920	6	2	2	0	0:00:16.297414
940	9	6	6	0	0:00:16.334821
960	9	9	9	1	0:00:16.268286
980	2	6	6	0	0:00:16.313248
1000	5	5	8	1	0:00:15.568498
1020	1	8	8	0	0:00:15.557791
1040	7	5	5	0	0:00:15.560453
1060	9	8	8	0	0:00:15.545040
1080	6	6	6	1	0:00:15.564387
1100	7	8	8	0	0:00:15.544243
1120	5	8	8	0	0:00:15.568294
1140	6	4	6	0	0:00:15.551817
1160	8	0	0	0	0:00:15.566638
1180	3	9	9	0	0:00:15.543412
1200	8	0	0	0	0:00:15.558389
1220	9	7	2	0	0:00:15.547501
1240	2	6	6	0	0:00:15.562513
1260	1	9	9	0	0:00:15.543178
1280	3	7	7	0	0:00:15.560133
1300	4	6	6	0	0:00:15.543059
1320	7	0	0	0	0:00:15.558552
1340	1	1	1	1	0:00:15.555164
1360	7	9	2	0	0:00:15.562594
1380	4	8	8	0	0:00:15.558197
1400	5	2	2	0	0:00:15.561978
1420	4	7	7	0	0:00:15.551088
1440	0	8	0	0	0:00:15.561314
1460	6	9	4	0	0:00:15.539161
1480	1	7	7	0	0:00:15.562613
1500	1	9	9	0	0:00:15.553102
1520	7	6	6	0	0:00:15.555548
1540	8	8	8	1	0:00:15.541616
1560	7	7	7	1	0:00:15.565260
1580	6	9	9	0	0:00:15.539966
1600	8	9	6	0	0:00:15.557894
1620	5	8	8	0	0:00:15.543330
1640	7	5	5	0	0:00:15.559113
1660	3	4	4	0	0:00:15.541958
1680	6	6	6	1	0:00:15.560791
1700	5	0	0	0	0:00:15.548348
1720	4	0	0	0	0:00:15.570307
1740	1	9	9	0	0:00:15.540644
1760	0	8	8	0	0:00:15.556849
1780	7	8	8	0	0:00:15.549685
1800	4	8	8	0	0:00:15.555868
1820	8	9	8	0	0:00:15.542335
1840	8	7	7	0	0:00:15.553520
1860	8	8	8	1	0:00:15.544260
1880	1	4	4	0	0:00:15.554254
1900	8	8	8	1	0:00:15.549113
1920	2	7	6	0	0:00:15.556284
1940	5	2	2	0	0:00:15.544841
1960	2	7	7	0	0:00:15.555422
1980	9	9	8	1	0:00:15.540561
2000	1	6	6	0	0:00:15.564186
2020	9	9	9	1	0:00:15.543179
2040	0	8	8	0	0:00:15.559165
2060	5	5	0	1	0:00:15.543443
2080	1	2	2	0	0:00:15.554353
2100	2	4	4	0	0:00:15.547745
2120	4	8	8	0	0:00:15.566282
2140	9	9	1	1	0:00:15.542460
2160	0	8	8	0	0:00:15.573302
2180	4	6	6	0	0:00:15.543576
2200	0	0	0	1	0:00:15.559769
2220	1	1	4	1	0:00:15.539188
2240	9	9	9	1	0:00:15.557526
2260	4	1	4	0	0:00:15.546352
2280	4	8	8	0	0:00:15.564003
2300	3	6	6	0	0:00:15.537799
2320	5	8	8	0	0:00:15.561054
2340	7	9	9	0	0:00:15.540790
2360	7	9	9	0	0:00:15.555072
2380	8	8	8	1	0:00:15.539265
2400	0	0	0	1	0:00:15.553869
2420	8	1	5	0	0:00:15.541400
2440	7	1	8	0	0:00:15.556139
2460	9	9	6	1	0:00:15.551210
2480	8	8	8	1	0:00:15.571895
2500	4	6	4	0	0:00:15.544722
2520	1	8	8	0	0:00:15.566778
2540	2	4	4	0	0:00:15.545517
2560	7	2	2	0	0:00:15.560022
2580	6	4	4	0	0:00:15.549259
2600	8	8	8	1	0:00:15.569027
2620	1	6	6	0	0:00:15.553236
2640	7	7	2	1	0:00:15.553730
2660	3	0	0	0	0:00:15.539906
2680	0	0	0	1	0:00:15.554936
2700	9	0	0	0	0:00:15.556912
2720	3	8	8	0	0:00:15.566455
2740	1	1	1	1	0:00:15.547498
2760	2	6	6	0	0:00:15.601319
2780	7	7	6	1	0:00:15.544770
2800	4	6	6	0	0:00:15.565241
2820	6	6	6	1	0:00:15.546679
2840	3	3	3	1	0:00:15.571754
2860	5	7	7	0	0:00:15.541282
2880	4	4	4	1	0:00:15.553762
2900	3	5	6	0	0:00:15.536514
2920	2	8	0	0	0:00:15.556213
2940	3	0	8	0	0:00:15.549723
2960	9	7	9	0	0:00:15.563665
2980	8	1	4	0	0:00:15.534864
3000	5	5	5	1	0:00:15.560021
3020	1	1	8	1	0:00:15.541992
3040	7	7	7	1	0:00:15.557357
3060	7	7	7	1	0:00:15.547872
3080	1	2	2	0	0:00:15.552495
3100	0	0	0	1	0:00:15.548150
3120	4	6	6	0	0:00:15.552372
3140	8	8	8	1	0:00:15.550172
3160	6	4	4	0	0:00:15.556818
3180	3	8	8	0	0:00:15.539085
3200	5	1	7	0	0:00:15.558804
3220	3	9	7	0	0:00:15.542805
3240	4	8	8	0	0:00:15.550393
3260	7	0	0	0	0:00:15.545898
3280	3	0	0	0	0:00:15.570817
3300	4	9	4	0	0:00:15.535316
3320	2	9	7	0	0:00:15.562879
3340	6	-1	4	0	0:00:15.534024
3360	4	6	6	0	0:00:15.552223
3380	8	9	8	0	0:00:15.539517
3400	6	4	4	0	0:00:15.552809
3420	5	6	6	0	0:00:15.547599
3440	2	9	9	0	0:00:15.581140
3460	1	1	4	1	0:00:15.552515
3480	2	2	2	1	0:00:15.560974
3500	1	4	4	0	0:00:15.535867
3520	1	1	1	1	0:00:15.564111
3540	6	8	8	0	0:00:15.536556
3560	1	9	8	0	0:00:15.554494
3580	4	1	8	0	0:00:15.542817
3600	4	2	2	0	0:00:15.550930
3620	0	7	7	0	0:00:15.537264
3640	6	0	0	0	0:00:15.556438
3660	0	8	8	0	0:00:15.537137
3680	0	2	2	0	0:00:15.551210
3700	3	5	4	0	0:00:15.542714
3720	2	2	0	1	0:00:15.553745
3740	0	0	0	1	0:00:15.547551
3760	7	7	7	1	0:00:15.552089
3780	4	2	2	0	0:00:15.541479
3800	9	9	8	1	0:00:15.553924
3820	0	0	0	1	0:00:15.548037
3840	6	8	8	0	0:00:15.550984
3860	7	7	7	1	0:00:15.541538
3880	6	4	4	0	0:00:15.556004
3900	3	0	1	0	0:00:15.537725
3920	7	8	8	0	0:00:15.554424
3940	6	7	7	0	0:00:15.538112
3960	2	5	6	0	0:00:15.554455
3980	9	7	7	0	0:00:15.552275
4000	8	7	4	0	0:00:15.561557
4020	8	9	8	0	0:00:15.548536
4040	0	0	0	1	0:00:15.550483
4060	6	0	0	0	0:00:15.532369
4080	1	8	8	0	0:00:15.554279
4100	7	7	7	1	0:00:15.545424
4120	4	0	0	0	0:00:15.552732
4140	5	2	2	0	0:00:15.546899
4160	5	2	2	0	0:00:15.553106
4180	0	8	8	0	0:00:15.541447
4200	4	2	2	0	0:00:15.552789
4220	4	0	0	0	0:00:15.543269
4240	7	8	8	0	0:00:15.550015
4260	8	1	8	0	0:00:15.543228
4280	8	9	8	0	0:00:15.566091
4300	8	9	8	0	0:00:15.551534
4320	1	8	8	0	0:00:15.552400
4340	0	8	8	0	0:00:15.541871
4360	6	9	9	0	0:00:15.559553
4380	9	9	8	1	0:00:15.545653
4400	3	8	8	0	0:00:15.560748
4420	5	8	8	0	0:00:15.554255
4440	2	6	6	0	0:00:15.563852
4460	9	8	8	0	0:00:15.557207
4480	9	6	6	0	0:00:15.569288
4500	3	7	7	0	0:00:15.544606
4520	3	6	6	0	0:00:15.552852
4540	9	9	9	1	0:00:15.542960
4560	1	1	4	1	0:00:15.559281
4580	6	6	4	1	0:00:15.537807
4600	4	1	1	0	0:00:15.563930
4620	7	3	3	0	0:00:15.541791
4640	2	5	4	0	0:00:15.563860
4660	7	9	2	0	0:00:15.539641
4680	9	1	1	0	0:00:15.559344
4700	6	1	4	0	0:00:15.543704
4720	8	0	0	0	0:00:15.561532
4740	5	6	6	0	0:00:15.538949
4760	3	8	8	0	0:00:15.555462
4780	0	8	0	0	0:00:15.549478
4800	9	9	9	1	0:00:15.570369
4820	3	1	6	0	0:00:15.537960
4840	0	0	0	1	0:00:15.561800
4860	5	5	5	1	0:00:15.550108
4880	0	2	2	0	0:00:15.556020
4900	3	6	6	0	0:00:15.548802
4920	7	0	0	0	0:00:15.558941
4940	6	4	2	0	0:00:15.545794
4960	4	6	6	0	0:00:15.557038
4980	1	9	9	0	0:00:15.555448
5000	7	7	7	1	0:00:15.563491
5020	8	8	8	1	0:00:15.539444
5040	3	7	4	0	0:00:15.557275
5060	6	6	6	1	0:00:15.540856
5080	7	7	7	1	0:00:15.559700
5100	3	4	4	0	0:00:15.540858
5120	9	8	8	0	0:00:15.567164
5140	8	8	8	1	0:00:15.542161
5160	0	8	8	0	0:00:15.552360
5180	9	6	4	0	0:00:15.551236
5200	3	3	3	1	0:00:15.560700
5220	0	0	0	1	0:00:15.541275
5240	1	9	4	0	0:00:15.552214
5260	0	0	0	1	0:00:15.544013
5280	0	8	8	0	0:00:15.560595
5300	9	1	6	0	0:00:15.535078
5320	7	7	7	1	0:00:15.554344
5340	3	8	8	0	0:00:15.545642
5360	9	9	9	1	0:00:15.568216
5380	1	9	9	0	0:00:15.543132
5400	9	0	8	0	0:00:15.554468
5420	6	7	6	0	0:00:15.545158
5440	9	9	9	1	0:00:15.557957
5460	0	7	6	0	0:00:15.539481
5480	1	8	8	0	0:00:15.557927
5500	8	9	8	0	0:00:15.543144
5520	4	-1	6	0	0:00:15.561570
5540	5	6	2	0	0:00:15.539150
5560	3	6	6	0	0:00:15.557052
5580	5	6	6	0	0:00:15.548306
5600	6	9	8	0	0:00:15.551443
5620	3	2	2	0	0:00:15.537860
5640	2	3	3	0	0:00:15.561849
5660	9	9	8	1	0:00:15.545243
5680	2	9	8	0	0:00:15.555724
5700	3	9	6	0	0:00:15.534527
5720	9	9	9	1	0:00:15.564080
5740	6	6	4	1	0:00:15.543362
5760	2	8	8	0	0:00:15.552292
5780	7	9	7	0	0:00:15.536634
5800	2	6	4	0	0:00:15.551990
5820	5	6	6	0	0:00:15.549662
5840	2	6	6	0	0:00:15.551590
5860	0	8	8	0	0:00:15.543023
5880	0	8	8	0	0:00:15.553287
5900	4	5	0	0	0:00:15.539603
5920	8	8	8	1	0:00:15.562286
5940	7	4	4	0	0:00:15.545062
5960	2	7	7	0	0:00:15.557974
5980	9	9	8	1	0:00:15.543194
6000	8	9	8	0	0:00:15.559846
6020	6	9	6	0	0:00:15.537660
6040	2	7	7	0	0:00:15.557368
6060	3	4	4	0	0:00:15.535554
6080	1	9	6	0	0:00:15.547491
6100	1	1	8	1	0:00:15.540620
6120	5	5	5	1	0:00:15.566459
6140	9	9	7	1	0:00:15.539778
6160	2	9	8	0	0:00:15.554917
6180	0	-1	8	0	0:00:15.549511
6200	3	0	0	0	0:00:15.555350
6220	2	6	6	0	0:00:15.545907
6240	2	1	6	0	0:00:15.564849
6260	2	9	9	0	0:00:15.539799
6280	8	5	5	0	0:00:15.552054
6300	1	7	4	0	0:00:15.541328
6320	0	0	0	1	0:00:15.556274
6340	3	8	8	0	0:00:15.540579
6360	2	6	2	0	0:00:15.556498
6380	3	1	6	0	0:00:15.541553
6400	0	1	4	0	0:00:15.559546
6420	7	8	8	0	0:00:15.545402
6440	3	8	8	0	0:00:15.555840
6460	3	1	1	0	0:00:15.546138
6480	0	0	0	1	0:00:15.560316
6500	7	0	0	0	0:00:15.543301
6520	6	4	4	0	0:00:15.560971
6540	8	8	8	1	0:00:15.542538
6560	6	6	6	1	0:00:15.553274
6580	1	8	8	0	0:00:15.536635
6600	7	7	7	1	0:00:15.560880
6620	7	7	7	1	0:00:15.537661
6640	5	8	8	0	0:00:15.554775
6660	0	8	8	0	0:00:15.547551
6680	3	3	3	1	0:00:15.554045
6700	6	6	6	1	0:00:15.537591
6720	2	2	2	1	0:00:15.557903
6740	2	6	6	0	0:00:15.535514
6760	5	0	0	0	0:00:15.551765
6780	7	7	7	1	0:00:15.549805
6800	6	6	6	1	0:00:15.571976
6820	1	1	1	1	0:00:15.536093
6840	9	9	6	1	0:00:15.548628
6860	0	0	0	1	0:00:15.544960
6880	2	6	6	0	0:00:15.550469
6900	3	7	7	0	0:00:15.542046
6920	5	2	2	0	0:00:15.560475
6940	1	1	1	1	0:00:15.558937
6960	9	8	8	0	0:00:15.557585
6980	0	9	9	0	0:00:15.548618
7000	2	8	8	0	0:00:15.565945
7020	7	1	1	0	0:00:15.544624
7040	7	8	8	0	0:00:15.564917
7060	8	1	8	0	0:00:15.538404
7080	5	0	0	0	0:00:15.552247
7100	9	8	8	0	0:00:15.537417
7120	7	7	6	1	0:00:15.553348
7140	4	4	4	1	0:00:15.545280
7160	5	7	2	0	0:00:15.562034
7180	6	6	6	1	0:00:15.582397
7200	4	6	2	0	0:00:15.553280
7220	9	8	8	0	0:00:15.538411
7240	0	8	8	0	0:00:15.569248
7260	1	8	8	0	0:00:15.544663
7280	1	9	6	0	0:00:15.551959
7300	3	7	8	0	0:00:15.553133
7320	8	0	0	0	0:00:15.560423
7340	2	4	0	0	0:00:15.546360
7360	2	7	7	0	0:00:15.550748
7380	7	1	7	0	0:00:15.536927
7400	3	9	9	0	0:00:15.560672
7420	3	0	0	0	0:00:15.544122
7440	3	6	6	0	0:00:15.550375
7460	5	5	5	1	0:00:15.538754
7480	1	5	5	0	0:00:15.561192
7500	6	6	6	1	0:00:15.546454
7520	4	6	6	0	0:00:15.551520
7540	5	5	5	1	0:00:15.545297
7560	0	9	2	0	0:00:15.553592
7580	8	9	8	0	0:00:15.543742
7600	8	9	9	0	0:00:15.561797
7620	5	9	1	0	0:00:15.537627
7640	9	8	8	0	0:00:15.555293
7660	7	9	9	0	0:00:15.539945
7680	3	9	9	0	0:00:15.551329
7700	6	6	6	1	0:00:15.534667
7720	5	6	6	0	0:00:15.551586
7740	4	2	2	0	0:00:15.536003
7760	2	9	9	0	0:00:15.559835
7780	3	8	8	0	0:00:15.545562
7800	0	0	0	1	0:00:15.558322
7820	5	8	8	0	0:00:15.537165
7840	1	1	1	1	0:00:15.553508
7860	8	6	4	0	0:00:15.534706
7880	0	8	8	0	0:00:15.555115
7900	0	8	8	0	0:00:15.536019
7920	9	8	8	0	0:00:15.551876
7940	2	6	6	0	0:00:15.542115
7960	0	0	0	1	0:00:15.560555
7980	3	7	4	0	0:00:15.540821
8000	9	0	0	0	0:00:15.553787
8020	6	6	6	1	0:00:15.537473
8040	2	6	6	0	0:00:15.553693
8060	6	6	6	1	0:00:15.537697
8080	4	6	4	0	0:00:15.550940
8100	6	2	2	0	0:00:15.540179
8120	8	9	9	0	0:00:15.569887
8140	5	6	6	0	0:00:15.542790
8160	6	9	8	0	0:00:15.560906
8180	4	6	6	0	0:00:15.544027
8200	3	9	6	0	0:00:15.559623
8220	6	9	2	0	0:00:15.538571
8240	7	7	7	1	0:00:15.565451
8260	1	1	3	1	0:00:15.548313
8280	4	3	3	0	0:00:15.556453
8300	5	2	2	0	0:00:15.538737
8320	7	9	6	0	0:00:15.548327
8340	5	4	4	0	0:00:15.548906
8360	7	6	6	0	0:00:15.565354
8380	9	8	8	0	0:00:15.545698
8400	0	8	8	0	0:00:15.553491
8420	3	6	4	0	0:00:15.537624
8440	5	9	9	0	0:00:15.552326
8460	8	8	8	1	0:00:15.536752
8480	2	1	8	0	0:00:15.549772
8500	4	2	2	0	0:00:15.546475
8520	8	6	6	0	0:00:15.550574
8540	4	6	4	0	0:00:15.535085
8560	7	7	6	1	0:00:15.572786
8580	3	0	0	0	0:00:15.543039
8600	3	7	7	0	0:00:15.558538
8620	3	1	4	0	0:00:15.539270
8640	1	1	1	1	0:00:15.554915
8660	7	5	5	0	0:00:15.549172
8680	3	9	8	0	0:00:15.559492
8700	3	5	3	0	0:00:15.534490
8720	2	0	0	0	0:00:15.561062
8740	2	6	6	0	0:00:15.547852
8760	8	8	5	1	0:00:15.553366
8780	4	7	4	0	0:00:15.538575
8800	0	0	0	1	0:00:15.552806
8820	2	2	2	1	0:00:15.541314
8840	2	1	1	0	0:00:15.550314
8860	2	0	8	0	0:00:15.539357
8880	1	6	6	0	0:00:15.551819
8900	2	1	4	0	0:00:15.540194
8920	6	6	6	1	0:00:15.551463
8940	6	3	3	0	0:00:15.539574
8960	0	0	0	1	0:00:15.557449
8980	9	9	9	1	0:00:15.547380
9000	8	8	8	1	0:00:15.561753
9020	7	9	9	0	0:00:15.542394
9040	2	5	5	0	0:00:15.561237
9060	9	5	5	0	0:00:15.547029
9080	3	0	0	0	0:00:15.576392
9100	9	6	6	0	0:00:15.540635
9120	3	0	0	0	0:00:15.565145
9140	7	8	8	0	0:00:15.542443
9160	5	0	0	0	0:00:15.553167
9180	5	5	5	1	0:00:15.552149
9200	8	8	8	1	0:00:15.555092
9220	8	8	8	1	0:00:15.544982
9240	8	9	8	0	0:00:15.560287
9260	5	5	4	1	0:00:15.536003
9280	9	0	8	0	0:00:15.579339
9300	5	8	8	0	0:00:15.541290
9320	9	9	8	1	0:00:15.554670
9340	1	1	1	1	0:00:15.542145
9360	5	0	0	0	0:00:15.549952
9380	5	9	9	0	0:00:15.538962
9400	6	4	4	0	0:00:15.549678
9420	5	6	6	0	0:00:15.535986
9440	8	8	8	1	0:00:15.551420
9460	3	9	7	0	0:00:15.537396
9480	2	6	6	0	0:00:15.550899
9500	9	6	6	0	0:00:15.539795
9520	1	9	9	0	0:00:15.563446
9540	5	5	4	1	0:00:15.538513
9560	9	7	7	0	0:00:15.572852
9580	1	4	4	0	0:00:15.542950
9600	8	8	8	1	0:00:15.569266
9620	4	7	7	0	0:00:15.542698
9640	5	1	6	0	0:00:15.559950
9660	6	6	6	1	0:00:15.550130
9680	8	9	8	0	0:00:15.558053
9700	0	0	0	1	0:00:15.546681
9720	8	6	4	0	0:00:15.553436
9740	3	6	4	0	0:00:15.545324
9760	9	9	7	1	0:00:15.567807
9780	4	6	6	0	0:00:15.537561
9800	1	1	1	1	0:00:15.556652
9820	0	9	8	0	0:00:15.539375
9840	4	3	3	0	0:00:15.562959
9860	0	8	8	0	0:00:15.535480
9880	7	4	4	0	0:00:15.556177
9900	8	0	0	0	0:00:15.537945
9920	6	6	6	1	0:00:15.550398
9940	4	7	7	0	0:00:15.537084
9960	2	0	0	0	0:00:15.556203
9980	0	0	0	1	0:00:15.539444
