idx	label	predict	basePredict	correct	time
0	3	3	2	1	0:00:07.932305
20	7	7	7	1	0:00:02.644607
40	4	8	8	0	0:00:02.635950
60	7	7	4	1	0:00:02.657114
80	8	8	8	1	0:00:02.663818
100	4	4	4	1	0:00:02.645342
120	8	8	8	1	0:00:02.641786
140	6	2	2	0	0:00:02.634805
160	2	0	2	0	0:00:02.669127
180	0	0	0	1	0:00:02.656085
200	5	3	3	0	0:00:02.636869
220	7	7	7	1	0:00:02.643461
240	1	1	1	1	0:00:02.638396
260	8	3	3	0	0:00:02.640431
280	9	9	9	1	0:00:02.642404
300	6	6	4	1	0:00:02.635292
320	3	3	2	1	0:00:02.639339
340	2	4	4	0	0:00:02.630265
360	9	9	6	1	0:00:02.639463
380	6	6	4	1	0:00:02.638012
400	9	9	8	1	0:00:02.636850
420	4	4	4	1	0:00:02.654172
440	1	1	1	1	0:00:02.642705
460	5	5	5	1	0:00:02.654547
480	8	9	8	0	0:00:02.637217
500	4	6	4	0	0:00:02.643723
520	5	5	5	1	0:00:02.638057
540	1	9	8	0	0:00:02.645312
560	0	0	8	1	0:00:02.678801
580	4	4	4	1	0:00:02.649736
600	8	8	8	1	0:00:02.643280
620	7	7	4	1	0:00:02.657945
640	5	3	3	0	0:00:02.631449
660	9	9	9	1	0:00:02.682001
680	9	9	1	1	0:00:02.645531
700	7	7	4	1	0:00:02.663348
720	4	9	7	0	0:00:02.658356
740	2	5	2	0	0:00:02.672310
760	3	9	3	0	0:00:02.692326
780	9	9	8	1	0:00:02.655730
800	7	7	7	1	0:00:02.645939
820	6	-1	8	0	0:00:02.648392
840	7	7	7	1	0:00:02.678496
860	4	4	4	1	0:00:02.650924
880	8	8	8	1	0:00:02.641838
900	2	6	4	0	0:00:02.654599
920	6	6	2	1	0:00:02.664542
940	9	9	9	1	0:00:02.657030
960	9	9	9	1	0:00:02.697981
980	2	6	2	0	0:00:02.649500
1000	5	5	5	1	0:00:01.947983
1020	1	1	8	1	0:00:01.936573
1040	7	5	5	0	0:00:01.946655
1060	9	9	8	1	0:00:01.966057
1080	6	6	6	1	0:00:01.967436
1100	7	8	8	0	0:00:01.956940
1120	5	2	2	0	0:00:01.949553
1140	6	6	4	1	0:00:01.937223
1160	8	8	8	1	0:00:01.941702
1180	3	3	3	1	0:00:01.977382
1200	8	8	0	1	0:00:01.945874
1220	9	6	6	0	0:00:01.934993
1240	2	6	6	0	0:00:01.939751
1260	1	9	9	0	0:00:01.935558
1280	3	7	7	0	0:00:01.937866
1300	4	3	3	0	0:00:01.936320
1320	7	2	2	0	0:00:01.936516
1340	1	1	1	1	0:00:01.941341
1360	7	7	4	1	0:00:01.972183
1380	4	5	5	0	0:00:01.978512
1400	5	6	2	0	0:00:01.949146
1420	4	7	4	0	0:00:01.951900
1440	0	0	0	1	0:00:01.935465
1460	6	6	4	1	0:00:01.934933
1480	1	5	5	0	0:00:01.948134
1500	1	1	1	1	0:00:01.946165
1520	7	7	4	1	0:00:01.945845
1540	8	8	8	1	0:00:01.960054
1560	7	7	7	1	0:00:01.970388
1580	6	1	1	0	0:00:01.952416
1600	8	9	6	0	0:00:01.946519
1620	5	8	8	0	0:00:01.946950
1640	7	5	3	0	0:00:01.949647
1660	3	3	3	1	0:00:01.936854
1680	6	6	6	1	0:00:01.945251
1700	5	2	2	0	0:00:01.943127
1720	4	2	2	0	0:00:01.945367
1740	1	9	1	0	0:00:01.942279
1760	0	8	8	0	0:00:01.934628
1780	7	7	8	1	0:00:01.947466
1800	4	8	8	0	0:00:01.943107
1820	8	8	8	1	0:00:01.945494
1840	8	9	4	0	0:00:01.936044
1860	8	8	8	1	0:00:01.934106
1880	1	1	8	1	0:00:01.955553
1900	8	8	8	1	0:00:01.938428
1920	2	2	2	1	0:00:01.944042
1940	5	3	3	0	0:00:01.945051
1960	2	5	5	0	0:00:01.934865
1980	9	9	9	1	0:00:01.942064
2000	1	6	6	0	0:00:01.934734
2020	9	9	9	1	0:00:01.934056
2040	0	8	8	0	0:00:01.936189
2060	5	5	5	1	0:00:01.934951
2080	1	1	6	1	0:00:01.950154
2100	2	4	4	0	0:00:01.942323
2120	4	8	8	0	0:00:01.934352
2140	9	9	9	1	0:00:01.935894
2160	0	8	8	0	0:00:01.944340
2180	4	4	4	1	0:00:01.946175
2200	0	0	2	1	0:00:01.935110
2220	1	1	1	1	0:00:01.936165
2240	9	9	9	1	0:00:01.934224
2260	4	-1	4	0	0:00:01.934682
2280	4	8	8	0	0:00:01.946929
2300	3	6	4	0	0:00:01.948649
2320	5	2	8	0	0:00:01.935927
2340	7	7	7	1	0:00:01.940265
2360	7	7	7	1	0:00:01.951738
2380	8	8	8	1	0:00:01.936827
2400	0	0	0	1	0:00:01.955306
2420	8	1	5	0	0:00:01.948601
2440	7	7	7	1	0:00:01.947767
2460	9	9	3	1	0:00:01.961503
2480	8	8	8	1	0:00:01.939776
2500	4	2	2	0	0:00:01.948008
2520	1	1	8	1	0:00:01.937335
2540	2	3	3	0	0:00:01.938082
2560	7	7	4	1	0:00:01.939255
2580	6	4	4	0	0:00:01.938400
2600	8	8	8	1	0:00:01.937668
2620	1	1	4	1	0:00:01.956153
2640	7	7	4	1	0:00:01.953610
2660	3	-1	2	0	0:00:01.949059
2680	0	0	0	1	0:00:01.941875
2700	9	9	0	1	0:00:01.950654
2720	3	2	2	0	0:00:01.944503
2740	1	1	1	1	0:00:01.936030
2760	2	2	4	1	0:00:01.947443
2780	7	7	7	1	0:00:01.938320
2800	4	6	4	0	0:00:01.954727
2820	6	6	6	1	0:00:01.948030
2840	3	3	3	1	0:00:01.943660
2860	5	6	6	0	0:00:01.946201
2880	4	4	4	1	0:00:01.945911
2900	3	2	5	0	0:00:01.955356
2920	2	5	2	0	0:00:01.948028
2940	3	0	0	0	0:00:01.936156
2960	9	9	8	1	0:00:01.940138
2980	8	-1	8	0	0:00:01.947085
3000	5	5	5	1	0:00:01.944212
3020	1	1	8	1	0:00:01.950126
3040	7	7	7	1	0:00:01.938870
3060	7	7	7	1	0:00:01.939709
3080	1	7	4	0	0:00:01.941026
3100	0	0	0	1	0:00:02.035073
3120	4	6	2	0	0:00:01.960599
3140	8	8	8	1	0:00:01.943021
3160	6	4	4	0	0:00:01.942362
3180	3	-1	8	0	0:00:01.934959
3200	5	7	7	0	0:00:01.936251
3220	3	3	3	1	0:00:01.950609
3240	4	-1	8	0	0:00:01.936180
3260	7	0	0	0	0:00:01.937950
3280	3	5	0	0	0:00:01.935070
3300	4	-1	4	0	0:00:01.935715
3320	2	7	7	0	0:00:01.935801
3340	6	6	4	1	0:00:01.936288
3360	4	6	4	0	0:00:01.936478
3380	8	8	8	1	0:00:01.936352
3400	6	4	4	0	0:00:01.937071
3420	5	-1	4	0	0:00:01.933911
3440	2	9	3	0	0:00:01.935356
3460	1	1	1	1	0:00:01.937162
3480	2	2	2	1	0:00:01.935079
3500	1	1	1	1	0:00:01.934565
3520	1	1	1	1	0:00:01.934874
3540	6	6	6	1	0:00:01.934920
3560	1	9	0	0	0:00:01.935905
3580	4	1	4	0	0:00:01.938250
3600	4	2	2	0	0:00:01.939077
3620	0	7	6	0	0:00:01.937235
3640	6	2	2	0	0:00:01.949494
3660	0	8	8	0	0:00:01.938289
3680	0	2	2	0	0:00:01.939849
3700	3	3	4	1	0:00:01.943093
3720	2	2	2	1	0:00:01.937624
3740	0	0	0	1	0:00:01.937102
3760	7	7	7	1	0:00:01.943895
3780	4	4	2	1	0:00:01.936600
3800	9	9	8	1	0:00:01.934920
3820	0	0	0	1	0:00:01.935053
3840	6	3	3	0	0:00:01.933937
3860	7	7	7	1	0:00:01.934298
3880	6	4	4	0	0:00:01.935159
3900	3	3	6	1	0:00:01.935139
3920	7	9	8	0	0:00:01.944531
3940	6	6	4	1	0:00:01.939451
3960	2	2	2	1	0:00:01.937284
3980	9	7	7	0	0:00:01.937829
4000	8	7	0	0	0:00:01.939327
4020	8	1	8	0	0:00:01.958349
4040	0	0	0	1	0:00:01.959451
4060	6	3	3	0	0:00:01.936380
4080	1	8	8	0	0:00:01.951239
4100	7	7	7	1	0:00:01.940719
4120	4	0	4	0	0:00:01.945464
4140	5	3	3	0	0:00:01.944031
4160	5	2	2	0	0:00:01.939130
4180	0	0	8	1	0:00:01.941058
4200	4	4	2	1	0:00:01.939282
4220	4	0	0	0	0:00:01.936881
4240	7	0	0	0	0:00:01.939626
4260	8	8	8	1	0:00:01.951994
4280	8	8	8	1	0:00:01.934106
4300	8	8	8	1	0:00:01.939662
4320	1	8	8	0	0:00:01.940010
4340	0	0	8	1	0:00:01.935611
4360	6	9	6	0	0:00:01.935651
4380	9	9	8	1	0:00:01.936242
4400	3	4	4	0	0:00:01.939389
4420	5	8	8	0	0:00:01.938917
4440	2	2	2	1	0:00:01.938973
4460	9	1	8	0	0:00:01.936365
4480	9	9	3	1	0:00:01.936430
4500	3	3	6	1	0:00:01.937136
4520	3	6	6	0	0:00:01.937553
4540	9	9	9	1	0:00:01.938906
4560	1	1	4	1	0:00:01.940838
4580	6	4	4	0	0:00:01.939509
4600	4	7	4	0	0:00:01.936284
4620	7	3	3	0	0:00:01.937948
4640	2	4	4	0	0:00:01.939054
4660	7	4	2	0	0:00:01.936591
4680	9	1	1	0	0:00:01.936118
4700	6	1	4	0	0:00:01.935226
4720	8	0	0	0	0:00:01.935285
4740	5	3	3	0	0:00:01.934431
4760	3	3	4	1	0:00:01.934341
4780	0	0	0	1	0:00:01.935699
4800	9	9	9	1	0:00:01.935105
4820	3	5	5	0	0:00:01.943340
4840	0	0	0	1	0:00:01.939483
4860	5	5	5	1	0:00:01.946044
4880	0	2	2	0	0:00:01.940305
4900	3	6	6	0	0:00:01.935804
4920	7	7	7	1	0:00:01.941434
4940	6	6	2	1	0:00:01.949726
4960	4	6	4	0	0:00:01.954667
4980	1	9	8	0	0:00:01.945730
5000	7	7	7	1	0:00:01.941082
5020	8	8	8	1	0:00:01.946421
5040	3	3	4	1	0:00:01.944859
5060	6	6	4	1	0:00:01.952248
5080	7	7	7	1	0:00:01.952195
5100	3	3	3	1	0:00:01.951808
5120	9	9	8	1	0:00:01.950485
5140	8	8	8	1	0:00:01.946203
5160	0	0	8	1	0:00:01.945481
5180	9	7	4	0	0:00:01.943852
5200	3	3	3	1	0:00:01.943465
5220	0	0	0	1	0:00:01.946013
5240	1	9	2	0	0:00:01.944086
5260	0	0	0	1	0:00:01.936540
5280	0	8	8	0	0:00:01.940908
5300	9	9	9	1	0:00:01.941524
5320	7	7	7	1	0:00:01.935016
5340	3	4	4	0	0:00:01.934897
5360	9	9	9	1	0:00:01.940774
5380	1	9	9	0	0:00:01.954663
5400	9	9	8	1	0:00:01.939172
5420	6	6	6	1	0:00:01.942204
5440	9	9	9	1	0:00:01.943924
5460	0	7	7	0	0:00:01.949721
5480	1	1	8	1	0:00:01.964934
5500	8	1	8	0	0:00:01.958729
5520	4	3	3	0	0:00:01.947413
5540	5	6	2	0	0:00:01.949437
5560	3	6	6	0	0:00:01.949685
5580	5	6	6	0	0:00:01.957069
5600	6	-1	0	0	0:00:02.174378
5620	3	2	2	0	0:00:01.948977
5640	2	3	3	0	0:00:01.952263
5660	9	9	8	1	0:00:01.948866
5680	2	3	8	0	0:00:01.943020
5700	3	3	3	1	0:00:01.939842
5720	9	9	9	1	0:00:01.937449
5740	6	4	4	0	0:00:01.943249
5760	2	2	2	1	0:00:01.942781
5780	7	7	7	1	0:00:01.941022
5800	2	-1	4	0	0:00:01.938951
5820	5	6	3	0	0:00:01.942460
5840	2	2	6	1	0:00:01.943409
5860	0	8	8	0	0:00:01.953824
5880	0	0	0	1	0:00:01.945585
5900	4	-1	4	0	0:00:01.942600
5920	8	8	8	1	0:00:01.939355
5940	7	4	4	0	0:00:01.938189
5960	2	4	4	0	0:00:01.940670
5980	9	9	9	1	0:00:01.942755
6000	8	9	8	0	0:00:01.937500
6020	6	6	6	1	0:00:01.934553
6040	2	7	7	0	0:00:01.936575
6060	3	4	4	0	0:00:01.933935
6080	1	9	6	0	0:00:01.937193
6100	1	1	8	1	0:00:01.938625
6120	5	5	5	1	0:00:01.947277
6140	9	9	9	1	0:00:01.938934
6160	2	5	5	0	0:00:01.935106
6180	0	9	8	0	0:00:01.936911
6200	3	3	3	1	0:00:01.939387
6220	2	6	4	0	0:00:01.934552
6240	2	2	4	1	0:00:01.934714
6260	2	9	4	0	0:00:01.933258
6280	8	5	4	0	0:00:01.932988
6300	1	7	4	0	0:00:01.933784
6320	0	0	0	1	0:00:01.934473
6340	3	3	3	1	0:00:01.937777
6360	2	2	2	1	0:00:01.934303
6380	3	6	6	0	0:00:01.934129
6400	0	1	8	0	0:00:01.935135
6420	7	7	8	1	0:00:01.934778
6440	3	9	8	0	0:00:01.934458
6460	3	1	4	0	0:00:01.934692
6480	0	0	0	1	0:00:01.934734
6500	7	0	8	0	0:00:01.935878
6520	6	4	4	0	0:00:01.934927
6540	8	8	8	1	0:00:01.934490
6560	6	6	4	1	0:00:01.934921
6580	1	1	2	1	0:00:01.933430
6600	7	7	7	1	0:00:01.934819
6620	7	7	7	1	0:00:01.933746
6640	5	3	8	0	0:00:01.933794
6660	0	0	0	1	0:00:01.937050
6680	3	5	3	0	0:00:01.934639
6700	6	6	2	1	0:00:01.934097
6720	2	2	2	1	0:00:01.946501
6740	2	4	4	0	0:00:01.933990
6760	5	-1	3	0	0:00:01.934382
6780	7	7	7	1	0:00:01.934146
6800	6	6	4	1	0:00:01.933300
6820	1	1	1	1	0:00:01.933430
6840	9	9	9	1	0:00:01.934114
6860	0	0	2	1	0:00:01.934495
6880	2	7	4	0	0:00:01.934109
6900	3	7	4	0	0:00:01.934298
6920	5	2	2	0	0:00:01.934278
6940	1	1	1	1	0:00:01.934711
6960	9	8	8	0	0:00:01.934082
6980	0	9	8	0	0:00:01.934259
7000	2	8	8	0	0:00:01.934022
7020	7	7	7	1	0:00:01.933963
7040	7	8	8	0	0:00:01.933383
7060	8	8	8	1	0:00:01.933787
7080	5	4	4	0	0:00:01.934319
7100	9	3	8	0	0:00:01.935922
7120	7	7	7	1	0:00:01.935366
7140	4	4	4	1	0:00:01.941451
7160	5	4	4	0	0:00:01.934689
7180	6	6	6	1	0:00:01.934570
7200	4	6	2	0	0:00:01.934187
7220	9	9	8	1	0:00:01.934702
7240	0	8	8	0	0:00:01.936528
7260	1	8	8	0	0:00:01.933945
7280	1	1	6	1	0:00:01.938079
7300	3	7	4	0	0:00:01.933784
7320	8	0	8	0	0:00:01.934161
7340	2	4	4	0	0:00:01.937450
7360	2	4	4	0	0:00:01.936743
7380	7	7	7	1	0:00:01.941827
7400	3	3	3	1	0:00:01.937053
7420	3	0	2	0	0:00:01.936035
7440	3	3	2	1	0:00:01.934324
7460	5	5	5	1	0:00:01.936892
7480	1	8	8	0	0:00:01.933827
7500	6	6	6	1	0:00:01.934675
7520	4	4	4	1	0:00:01.936775
7540	5	5	5	1	0:00:01.936899
7560	0	9	4	0	0:00:01.933922
7580	8	8	8	1	0:00:01.934397
7600	8	9	8	0	0:00:01.934440
7620	5	3	3	0	0:00:01.934523
7640	9	9	6	1	0:00:01.937369
7660	7	7	4	1	0:00:01.934084
7680	3	9	3	0	0:00:01.936834
7700	6	6	6	1	0:00:01.937165
7720	5	5	2	1	0:00:01.935743
7740	4	-1	2	0	0:00:01.937070
7760	2	9	3	0	0:00:01.935236
7780	3	1	8	0	0:00:01.937606
7800	0	0	0	1	0:00:01.935096
7820	5	8	8	0	0:00:01.935595
7840	1	1	1	1	0:00:01.934911
7860	8	1	4	0	0:00:01.935282
7880	0	0	0	1	0:00:01.936911
7900	0	8	8	0	0:00:01.945301
7920	9	8	8	0	0:00:01.934013
7940	2	6	6	0	0:00:01.934262
7960	0	0	0	1	0:00:01.946864
7980	3	3	4	1	0:00:01.938330
8000	9	9	9	1	0:00:01.934788
8020	6	3	3	0	0:00:01.934515
8040	2	2	2	1	0:00:01.934529
8060	6	6	4	1	0:00:01.936662
8080	4	6	2	0	0:00:01.934769
8100	6	2	4	0	0:00:01.940586
8120	8	9	8	0	0:00:01.934952
8140	5	4	4	0	0:00:01.942248
8160	6	6	6	1	0:00:01.938637
8180	4	4	4	1	0:00:01.937134
8200	3	6	2	0	0:00:01.939985
8220	6	6	2	1	0:00:01.935134
8240	7	7	7	1	0:00:01.934573
8260	1	1	3	1	0:00:01.940366
8280	4	5	3	0	0:00:01.934668
8300	5	2	2	0	0:00:01.935598
8320	7	4	4	0	0:00:01.936213
8340	5	3	3	0	0:00:01.936318
8360	7	7	4	1	0:00:01.935878
8380	9	9	8	1	0:00:01.936431
8400	0	-1	8	0	0:00:01.934575
8420	3	6	4	0	0:00:01.935034
8440	5	3	4	0	0:00:01.934400
8460	8	8	8	1	0:00:01.934896
8480	2	2	4	1	0:00:01.938131
8500	4	4	4	1	0:00:01.935756
8520	8	1	4	0	0:00:01.934829
8540	4	4	2	1	0:00:01.934202
8560	7	7	4	1	0:00:01.935668
8580	3	0	2	0	0:00:01.935551
8600	3	3	4	1	0:00:01.949502
8620	3	7	4	0	0:00:01.942235
8640	1	1	1	1	0:00:01.935061
8660	7	7	7	1	0:00:01.935414
8680	3	9	8	0	0:00:01.934874
8700	3	3	3	1	0:00:01.935603
8720	2	0	0	0	0:00:01.937744
8740	2	2	4	1	0:00:01.934734
8760	8	8	8	1	0:00:01.940420
8780	4	4	4	1	0:00:01.938420
8800	0	0	0	1	0:00:01.935691
8820	2	2	2	1	0:00:01.936170
8840	2	1	7	0	0:00:01.935504
8860	2	2	2	1	0:00:01.934234
8880	1	1	1	1	0:00:01.938286
8900	2	4	4	0	0:00:01.936339
8920	6	6	6	1	0:00:01.934541
8940	6	3	3	0	0:00:01.934641
8960	0	0	0	1	0:00:01.934907
8980	9	9	9	1	0:00:01.936049
9000	8	8	8	1	0:00:01.935197
9020	7	9	8	0	0:00:01.934669
9040	2	5	5	0	0:00:01.934578
9060	9	5	5	0	0:00:01.934683
9080	3	3	3	1	0:00:01.934599
9100	9	6	6	0	0:00:01.934778
9120	3	3	3	1	0:00:01.934114
9140	7	-1	4	0	0:00:01.934400
9160	5	5	5	1	0:00:01.934458
9180	5	5	5	1	0:00:01.934929
9200	8	8	8	1	0:00:01.936675
9220	8	8	8	1	0:00:01.934504
9240	8	8	8	1	0:00:01.936440
9260	5	5	5	1	0:00:01.942084
9280	9	1	8	0	0:00:01.934170
9300	5	3	2	0	0:00:01.934251
9320	9	9	8	1	0:00:01.934809
9340	1	1	1	1	0:00:01.934730
9360	5	6	6	0	0:00:01.934039
9380	5	3	3	0	0:00:01.934380
9400	6	6	4	1	0:00:01.936222
9420	5	5	6	1	0:00:01.934659
9440	8	8	8	1	0:00:01.934716
9460	3	7	6	0	0:00:01.939927
9480	2	4	4	0	0:00:01.934278
9500	9	-1	6	0	0:00:01.934688
9520	1	1	1	1	0:00:01.935648
9540	5	5	4	1	0:00:01.936797
9560	9	7	7	0	0:00:01.935046
9580	1	4	4	0	0:00:01.937522
9600	8	8	8	1	0:00:01.941970
9620	4	7	4	0	0:00:01.949831
9640	5	0	6	0	0:00:01.950060
9660	6	6	6	1	0:00:01.944490
9680	8	8	8	1	0:00:01.938296
9700	0	0	0	1	0:00:01.935330
9720	8	1	8	0	0:00:01.938817
9740	3	6	4	0	0:00:01.936525
9760	9	9	4	1	0:00:01.938406
9780	4	6	4	0	0:00:01.935448
9800	1	1	1	1	0:00:01.937137
9820	0	8	8	0	0:00:01.935725
9840	4	5	5	0	0:00:01.935630
9860	0	5	8	0	0:00:01.938776
9880	7	7	4	1	0:00:01.934722
9900	8	0	8	0	0:00:01.934639
9920	6	6	2	1	0:00:01.937826
9940	4	7	6	0	0:00:01.941682
9960	2	0	0	0	0:00:01.937488
9980	0	0	0	1	0:00:01.935941
