idx	label	predict	basePredict	correct	time
0	3	4	4	0	0:00:02.061416
20	7	9	9	0	0:00:01.980577
40	4	-1	8	0	0:00:01.969418
60	7	7	4	1	0:00:01.938544
80	8	8	8	1	0:00:01.986537
100	4	5	5	0	0:00:01.960792
120	8	8	8	1	0:00:01.972018
140	6	2	2	0	0:00:01.951488
160	2	2	2	1	0:00:01.986125
180	0	0	0	1	0:00:01.943822
200	5	3	3	0	0:00:01.937641
220	7	7	7	1	0:00:01.973444
240	1	1	1	1	0:00:01.943189
260	8	5	5	0	0:00:01.981602
280	9	9	9	1	0:00:01.991109
300	6	6	6	1	0:00:01.966310
320	3	5	5	0	0:00:01.943172
340	2	4	4	0	0:00:01.947608
360	9	-1	6	0	0:00:01.946836
380	6	6	4	1	0:00:01.948107
400	9	9	9	1	0:00:01.941864
420	4	6	6	0	0:00:01.938812
440	1	1	1	1	0:00:01.964202
460	5	5	5	1	0:00:01.911454
480	8	9	9	0	0:00:01.932432
500	4	6	2	0	0:00:01.942568
520	5	7	7	0	0:00:01.953416
540	1	9	8	0	0:00:01.972069
560	0	0	0	1	0:00:01.938513
580	4	6	4	0	0:00:01.945999
600	8	8	8	1	0:00:01.950590
620	7	-1	4	0	0:00:01.972435
640	5	3	3	0	0:00:01.957617
660	9	9	9	1	0:00:01.934114
680	9	1	1	0	0:00:01.947889
700	7	7	7	1	0:00:01.961858
720	4	9	7	0	0:00:01.952033
740	2	5	5	0	0:00:01.890365
760	3	9	7	0	0:00:01.882852
780	9	9	8	1	0:00:01.908831
800	7	7	7	1	0:00:01.931742
820	6	9	1	0	0:00:01.957670
840	7	7	7	1	0:00:01.980717
860	4	4	4	1	0:00:01.960440
880	8	8	8	1	0:00:01.974151
900	2	6	6	0	0:00:01.995777
920	6	2	2	0	0:00:01.951076
940	9	9	9	1	0:00:01.951186
960	9	9	9	1	0:00:01.973448
980	2	6	6	0	0:00:01.942579
1000	5	5	5	1	0:00:01.803443
1020	1	1	8	1	0:00:01.823233
1040	7	5	5	0	0:00:01.825428
1060	9	9	9	1	0:00:01.873124
1080	6	6	6	1	0:00:01.854965
1100	7	8	8	0	0:00:01.874640
1120	5	2	2	0	0:00:01.859884
1140	6	6	6	1	0:00:01.848769
1160	8	-1	0	0	0:00:01.870156
1180	3	9	9	0	0:00:01.851074
1200	8	-1	0	0	0:00:01.848730
1220	9	7	2	0	0:00:01.861846
1240	2	6	6	0	0:00:01.829316
1260	1	9	9	0	0:00:01.848689
1280	3	7	7	0	0:00:01.858795
1300	4	6	3	0	0:00:01.870332
1320	7	-1	2	0	0:00:01.870408
1340	1	1	1	1	0:00:01.870686
1360	7	7	5	1	0:00:01.868324
1380	4	5	5	0	0:00:01.854087
1400	5	5	5	1	0:00:01.866555
1420	4	7	7	0	0:00:01.853575
1440	0	0	0	1	0:00:01.859744
1460	6	6	4	1	0:00:01.868079
1480	1	1	5	1	0:00:01.855986
1500	1	9	1	0	0:00:01.852514
1520	7	7	4	1	0:00:01.846089
1540	8	8	8	1	0:00:01.856501
1560	7	7	7	1	0:00:01.877428
1580	6	1	1	0	0:00:01.855699
1600	8	-1	4	0	0:00:01.854331
1620	5	8	8	0	0:00:01.855574
1640	7	5	3	0	0:00:01.863486
1660	3	5	5	0	0:00:01.867487
1680	6	6	6	1	0:00:01.855745
1700	5	2	2	0	0:00:01.868311
1720	4	0	0	0	0:00:01.838392
1740	1	9	9	0	0:00:01.862003
1760	0	8	8	0	0:00:01.871336
1780	7	9	8	0	0:00:01.843487
1800	4	8	8	0	0:00:01.839894
1820	8	9	9	0	0:00:01.856846
1840	8	7	7	0	0:00:01.857516
1860	8	8	8	1	0:00:01.861147
1880	1	1	8	1	0:00:01.867387
1900	8	8	8	1	0:00:01.867384
1920	2	2	2	1	0:00:01.833870
1940	5	2	2	0	0:00:01.859332
1960	2	5	5	0	0:00:01.887215
1980	9	9	9	1	0:00:01.857253
2000	1	6	6	0	0:00:01.862775
2020	9	9	9	1	0:00:01.846016
2040	0	8	8	0	0:00:01.858396
2060	5	5	5	1	0:00:01.850748
2080	1	1	1	1	0:00:01.885237
2100	2	4	4	0	0:00:01.867547
2120	4	8	8	0	0:00:01.866740
2140	9	9	9	1	0:00:01.843000
2160	0	8	8	0	0:00:01.869873
2180	4	6	6	0	0:00:01.870674
2200	0	0	0	1	0:00:01.856317
2220	1	1	1	1	0:00:01.820240
2240	9	9	9	1	0:00:01.837027
2260	4	7	4	0	0:00:01.868760
2280	4	8	8	0	0:00:01.839482
2300	3	6	6	0	0:00:01.870550
2320	5	-1	0	0	0:00:01.843576
2340	7	7	7	1	0:00:01.849627
2360	7	7	7	1	0:00:01.863368
2380	8	8	8	1	0:00:01.851495
2400	0	0	0	1	0:00:01.855143
2420	8	8	8	1	0:00:01.853431
2440	7	7	8	1	0:00:01.825242
2460	9	9	3	1	0:00:01.842845
2480	8	8	8	1	0:00:01.857213
2500	4	6	4	0	0:00:01.870727
2520	1	9	8	0	0:00:01.865150
2540	2	3	3	0	0:00:01.854723
2560	7	-1	4	0	0:00:01.865056
2580	6	6	4	1	0:00:01.859197
2600	8	8	8	1	0:00:01.867292
2620	1	4	4	0	0:00:01.866254
2640	7	7	7	1	0:00:01.881828
2660	3	-1	0	0	0:00:01.869882
2680	0	0	0	1	0:00:01.854433
2700	9	9	3	1	0:00:01.874706
2720	3	8	8	0	0:00:01.840724
2740	1	1	1	1	0:00:01.849581
2760	2	6	6	0	0:00:01.869531
2780	7	7	7	1	0:00:01.856861
2800	4	6	6	0	0:00:01.867048
2820	6	6	6	1	0:00:01.858683
2840	3	3	3	1	0:00:01.839723
2860	5	7	7	0	0:00:01.810133
2880	4	4	4	1	0:00:01.819074
2900	3	5	5	0	0:00:01.843944
2920	2	3	8	0	0:00:01.846689
2940	3	0	0	0	0:00:01.854649
2960	9	9	8	1	0:00:01.856643
2980	8	1	8	0	0:00:01.874278
3000	5	5	5	1	0:00:01.867172
3020	1	-1	8	0	0:00:01.867738
3040	7	7	7	1	0:00:01.873249
3060	7	7	7	1	0:00:01.870880
3080	1	2	2	0	0:00:01.860905
3100	0	0	0	1	0:00:01.879311
3120	4	6	6	0	0:00:01.852671
3140	8	8	8	1	0:00:01.843350
3160	6	4	4	0	0:00:01.862248
3180	3	9	8	0	0:00:01.861341
3200	5	7	7	0	0:00:01.862403
3220	3	9	9	0	0:00:01.858522
3240	4	1	8	0	0:00:01.858981
3260	7	7	7	1	0:00:01.875249
3280	3	5	0	0	0:00:01.841282
3300	4	4	4	1	0:00:01.847273
3320	2	7	7	0	0:00:01.865057
3340	6	6	4	1	0:00:01.854989
3360	4	6	6	0	0:00:01.845065
3380	8	8	8	1	0:00:01.861445
3400	6	1	1	0	0:00:01.863271
3420	5	6	6	0	0:00:01.870286
3440	2	9	9	0	0:00:01.881202
3460	1	1	1	1	0:00:01.821909
3480	2	2	2	1	0:00:01.825903
3500	1	1	1	1	0:00:01.855723
3520	1	1	1	1	0:00:01.840881
3540	6	6	8	1	0:00:01.847661
3560	1	9	8	0	0:00:01.826701
3580	4	1	8	0	0:00:01.834465
3600	4	2	2	0	0:00:01.828653
3620	0	7	7	0	0:00:01.839730
3640	6	2	2	0	0:00:01.836861
3660	0	8	8	0	0:00:01.861685
3680	0	2	2	0	0:00:01.795697
3700	3	5	5	0	0:00:01.807494
3720	2	2	2	1	0:00:01.834038
3740	0	0	0	1	0:00:01.863631
3760	7	7	7	1	0:00:01.844353
3780	4	2	2	0	0:00:01.877827
3800	9	9	3	1	0:00:01.870498
3820	0	0	0	1	0:00:01.854971
3840	6	8	8	0	0:00:01.872111
3860	7	7	7	1	0:00:01.856133
3880	6	4	4	0	0:00:01.868719
3900	3	6	6	0	0:00:01.856841
3920	7	9	9	0	0:00:01.856406
3940	6	-1	4	0	0:00:01.863590
3960	2	5	5	0	0:00:01.843957
3980	9	9	9	1	0:00:01.857899
4000	8	7	0	0	0:00:01.876450
4020	8	8	8	1	0:00:01.846088
4040	0	0	0	1	0:00:01.863840
4060	6	3	0	0	0:00:01.851833
4080	1	1	8	1	0:00:01.853378
4100	7	7	7	1	0:00:01.864073
4120	4	0	0	0	0:00:01.858496
4140	5	2	2	0	0:00:01.880762
4160	5	3	2	0	0:00:01.841489
4180	0	-1	8	0	0:00:01.841813
4200	4	2	2	0	0:00:01.834506
4220	4	0	0	0	0:00:01.832007
4240	7	8	8	0	0:00:01.854573
4260	8	8	8	1	0:00:01.799009
4280	8	9	8	0	0:00:01.818917
4300	8	8	8	1	0:00:01.861765
4320	1	8	8	0	0:00:01.844016
4340	0	0	0	1	0:00:01.866918
4360	6	9	9	0	0:00:01.866644
4380	9	9	9	1	0:00:01.849068
4400	3	4	8	0	0:00:01.853143
4420	5	8	8	0	0:00:01.861804
4440	2	6	6	0	0:00:01.852678
4460	9	9	8	1	0:00:01.877094
4480	9	9	6	1	0:00:01.877129
4500	3	7	7	0	0:00:01.873692
4520	3	6	6	0	0:00:01.859668
4540	9	9	9	1	0:00:01.847273
4560	1	1	1	1	0:00:01.871797
4580	6	6	4	1	0:00:01.846915
4600	4	7	7	0	0:00:01.856454
4620	7	3	3	0	0:00:01.868600
4640	2	4	4	0	0:00:01.865705
4660	7	2	2	0	0:00:01.860827
4680	9	1	1	0	0:00:01.852878
4700	6	1	4	0	0:00:01.865122
4720	8	8	8	1	0:00:01.863706
4740	5	6	6	0	0:00:01.835176
4760	3	2	2	0	0:00:01.864759
4780	0	0	0	1	0:00:01.866299
4800	9	9	9	1	0:00:01.872464
4820	3	5	5	0	0:00:01.866781
4840	0	0	0	1	0:00:01.867589
4860	5	5	5	1	0:00:01.833013
4880	0	-1	2	0	0:00:01.872661
4900	3	1	8	0	0:00:01.846092
4920	7	7	7	1	0:00:01.830567
4940	6	6	2	1	0:00:01.865329
4960	4	6	6	0	0:00:01.834008
4980	1	9	9	0	0:00:01.878911
5000	7	7	7	1	0:00:01.867239
5020	8	8	8	1	0:00:01.847690
5040	3	3	3	1	0:00:01.878178
5060	6	6	6	1	0:00:01.872017
5080	7	7	7	1	0:00:01.857928
5100	3	4	4	0	0:00:01.882437
5120	9	8	8	0	0:00:01.864651
5140	8	8	8	1	0:00:01.961637
5160	0	8	8	0	0:00:01.807045
5180	9	7	7	0	0:00:01.849703
5200	3	3	3	1	0:00:01.820518
5220	0	0	0	1	0:00:01.810480
5240	1	-1	3	0	0:00:01.800449
5260	0	0	0	1	0:00:01.826125
5280	0	8	8	0	0:00:01.820923
5300	9	9	9	1	0:00:01.824424
5320	7	7	7	1	0:00:01.819838
5340	3	4	2	0	0:00:01.787314
5360	9	9	9	1	0:00:01.810634
5380	1	9	9	0	0:00:01.812678
5400	9	0	0	0	0:00:01.817641
5420	6	6	6	1	0:00:01.811778
5440	9	9	9	1	0:00:01.834831
5460	0	-1	2	0	0:00:01.826497
5480	1	1	8	1	0:00:01.835522
5500	8	1	8	0	0:00:01.824831
5520	4	5	5	0	0:00:01.837570
5540	5	6	2	0	0:00:01.836037
5560	3	6	5	0	0:00:01.812989
5580	5	6	6	0	0:00:01.742212
5600	6	9	8	0	0:00:01.819526
5620	3	2	2	0	0:00:01.799132
5640	2	3	3	0	0:00:01.805001
5660	9	9	8	1	0:00:01.807310
5680	2	8	8	0	0:00:01.811338
5700	3	-1	2	0	0:00:01.772213
5720	9	9	9	1	0:00:01.805920
5740	6	6	4	1	0:00:01.747398
5760	2	2	8	1	0:00:01.755042
5780	7	7	7	1	0:00:01.744743
5800	2	4	2	0	0:00:01.759138
5820	5	6	6	0	0:00:01.831897
5840	2	6	6	0	0:00:01.861112
5860	0	8	8	0	0:00:01.825595
5880	0	0	0	1	0:00:01.815181
5900	4	4	4	1	0:00:01.790796
5920	8	8	8	1	0:00:01.775277
5940	7	4	4	0	0:00:01.782636
5960	2	7	7	0	0:00:01.839552
5980	9	9	9	1	0:00:01.824937
6000	8	9	8	0	0:00:01.829862
6020	6	6	6	1	0:00:01.811945
6040	2	7	7	0	0:00:01.795290
6060	3	4	4	0	0:00:01.770014
6080	1	1	1	1	0:00:01.752702
6100	1	1	8	1	0:00:01.816926
6120	5	5	5	1	0:00:01.756068
6140	9	9	9	1	0:00:01.757518
6160	2	5	5	0	0:00:01.759539
6180	0	9	0	0	0:00:01.775738
6200	3	3	3	1	0:00:01.819985
6220	2	6	6	0	0:00:01.787299
6240	2	6	4	0	0:00:01.755820
6260	2	-1	1	0	0:00:01.752415
6280	8	5	5	0	0:00:01.759543
6300	1	1	4	1	0:00:01.797481
6320	0	0	0	1	0:00:01.774468
6340	3	-1	3	0	0:00:01.773043
6360	2	2	2	1	0:00:01.765445
6380	3	6	6	0	0:00:01.774691
6400	0	1	8	0	0:00:01.768095
6420	7	7	7	1	0:00:01.814943
6440	3	8	8	0	0:00:01.831773
6460	3	1	0	0	0:00:01.824218
6480	0	0	0	1	0:00:01.818299
6500	7	0	0	0	0:00:01.823979
6520	6	4	4	0	0:00:01.823660
6540	8	8	8	1	0:00:01.850220
6560	6	6	6	1	0:00:01.820183
6580	1	8	8	0	0:00:01.797424
6600	7	7	7	1	0:00:01.784203
6620	7	7	7	1	0:00:01.792331
6640	5	3	3	0	0:00:01.800216
6660	0	0	0	1	0:00:01.829762
6680	3	5	3	0	0:00:01.818002
6700	6	6	6	1	0:00:01.826918
6720	2	2	2	1	0:00:01.853176
6740	2	6	4	0	0:00:01.834827
6760	5	5	5	1	0:00:01.881903
6780	7	7	7	1	0:00:01.800882
6800	6	6	6	1	0:00:01.804270
6820	1	1	1	1	0:00:01.796601
6840	9	1	1	0	0:00:01.822114
6860	0	0	0	1	0:00:01.849026
6880	2	7	7	0	0:00:01.831059
6900	3	7	7	0	0:00:01.836425
6920	5	2	2	0	0:00:01.818813
6940	1	1	1	1	0:00:01.825111
6960	9	8	8	0	0:00:01.828557
6980	0	9	9	0	0:00:01.821829
7000	2	8	8	0	0:00:01.867578
7020	7	7	7	1	0:00:01.817677
7040	7	8	8	0	0:00:01.797755
7060	8	8	8	1	0:00:01.781517
7080	5	4	4	0	0:00:01.792898
7100	9	9	3	1	0:00:01.799114
7120	7	7	7	1	0:00:01.807833
7140	4	4	4	1	0:00:01.821780
7160	5	5	4	1	0:00:01.800916
7180	6	6	6	1	0:00:01.806471
7200	4	6	2	0	0:00:01.810609
7220	9	9	0	1	0:00:01.800858
7240	0	8	8	0	0:00:01.838285
7260	1	8	8	0	0:00:01.818110
7280	1	1	7	1	0:00:01.829052
7300	3	7	7	0	0:00:01.823054
7320	8	0	0	0	0:00:01.834179
7340	2	4	4	0	0:00:01.843280
7360	2	7	7	0	0:00:01.839941
7380	7	7	7	1	0:00:01.821971
7400	3	9	3	0	0:00:01.823787
7420	3	0	0	0	0:00:01.890032
7440	3	6	6	0	0:00:01.824978
7460	5	5	5	1	0:00:01.850374
7480	1	5	5	0	0:00:01.822252
7500	6	6	6	1	0:00:01.824581
7520	4	6	4	0	0:00:01.810703
7540	5	5	5	1	0:00:01.815750
7560	0	-1	2	0	0:00:01.853987
7580	8	8	8	1	0:00:01.880664
7600	8	9	9	0	0:00:01.842563
7620	5	3	3	0	0:00:01.820153
7640	9	9	8	1	0:00:01.850485
7660	7	-1	7	0	0:00:01.839485
7680	3	9	9	0	0:00:01.823179
7700	6	6	6	1	0:00:01.846946
7720	5	4	4	0	0:00:01.827782
7740	4	-1	2	0	0:00:01.861261
7760	2	9	9	0	0:00:01.848465
7780	3	9	9	0	0:00:01.863569
7800	0	0	0	1	0:00:01.863330
7820	5	8	8	0	0:00:01.843361
7840	1	1	1	1	0:00:01.848047
7860	8	1	8	0	0:00:01.856207
7880	0	2	2	0	0:00:01.821759
7900	0	8	8	0	0:00:01.830301
7920	9	8	8	0	0:00:01.827557
7940	2	6	6	0	0:00:01.836757
7960	0	0	0	1	0:00:01.844697
7980	3	7	4	0	0:00:01.826050
8000	9	9	9	1	0:00:01.855910
8020	6	6	6	1	0:00:01.820284
8040	2	6	6	0	0:00:01.842782
8060	6	6	6	1	0:00:01.819644
8080	4	6	4	0	0:00:01.852625
8100	6	2	2	0	0:00:01.828702
8120	8	9	8	0	0:00:01.825463
8140	5	-1	6	0	0:00:01.821681
8160	6	6	6	1	0:00:01.828981
8180	4	6	6	0	0:00:01.821707
8200	3	6	4	0	0:00:01.851588
8220	6	6	2	1	0:00:01.841443
8240	7	7	7	1	0:00:01.846847
8260	1	1	1	1	0:00:01.845767
8280	4	-1	5	0	0:00:01.866084
8300	5	2	2	0	0:00:01.835702
8320	7	9	4	0	0:00:01.841333
8340	5	5	5	1	0:00:01.824302
8360	7	7	7	1	0:00:01.818191
8380	9	9	9	1	0:00:01.853715
8400	0	8	8	0	0:00:01.835388
8420	3	6	4	0	0:00:01.848365
8440	5	3	4	0	0:00:01.847615
8460	8	8	8	1	0:00:01.814197
8480	2	1	8	0	0:00:01.827407
8500	4	2	2	0	0:00:01.798756
8520	8	-1	8	0	0:00:01.815902
8540	4	-1	2	0	0:00:01.819492
8560	7	7	7	1	0:00:01.816682
8580	3	9	9	0	0:00:01.823045
8600	3	7	4	0	0:00:01.822082
8620	3	4	4	0	0:00:01.849560
8640	1	1	1	1	0:00:01.833862
8660	7	5	5	0	0:00:01.828324
8680	3	9	0	0	0:00:01.826040
8700	3	3	3	1	0:00:01.805143
8720	2	0	0	0	0:00:01.839031
8740	2	6	4	0	0:00:01.823934
8760	8	8	8	1	0:00:01.821054
8780	4	4	4	1	0:00:01.820017
8800	0	0	0	1	0:00:01.820550
8820	2	2	2	1	0:00:01.804247
8840	2	1	8	0	0:00:01.854577
8860	2	2	2	1	0:00:01.816837
8880	1	1	1	1	0:00:01.814387
8900	2	4	4	0	0:00:01.801575
8920	6	6	6	1	0:00:01.790305
8940	6	3	3	0	0:00:01.800986
8960	0	0	0	1	0:00:01.822000
8980	9	9	9	1	0:00:01.809694
9000	8	8	8	1	0:00:01.829527
9020	7	7	7	1	0:00:01.818655
9040	2	5	5	0	0:00:01.815165
9060	9	5	5	0	0:00:01.818635
9080	3	0	0	0	0:00:01.772981
9100	9	6	6	0	0:00:01.788200
9120	3	0	0	0	0:00:01.778442
9140	7	7	8	1	0:00:01.778451
9160	5	5	5	1	0:00:01.765252
9180	5	5	5	1	0:00:01.797766
9200	8	8	8	1	0:00:01.837485
9220	8	8	8	1	0:00:01.837201
9240	8	8	8	1	0:00:01.821791
9260	5	5	5	1	0:00:01.819898
9280	9	8	8	0	0:00:01.806039
9300	5	5	5	1	0:00:01.836169
9320	9	9	9	1	0:00:01.827600
9340	1	1	1	1	0:00:01.826570
9360	5	0	0	0	0:00:01.801921
9380	5	9	5	0	0:00:01.806703
9400	6	6	2	1	0:00:01.848636
9420	5	5	5	1	0:00:01.855819
9440	8	8	8	1	0:00:01.837939
9460	3	6	6	0	0:00:01.828253
9480	2	-1	4	0	0:00:01.824116
9500	9	1	5	0	0:00:01.786318
9520	1	1	1	1	0:00:01.795129
9540	5	5	5	1	0:00:01.863030
9560	9	7	7	0	0:00:01.854871
9580	1	1	4	1	0:00:01.852790
9600	8	8	8	1	0:00:01.850832
9620	4	7	7	0	0:00:01.851086
9640	5	0	0	0	0:00:01.840594
9660	6	6	6	1	0:00:01.857178
9680	8	-1	8	0	0:00:01.849943
9700	0	0	0	1	0:00:01.840384
9720	8	1	8	0	0:00:01.852552
9740	3	6	6	0	0:00:01.856462
9760	9	9	7	1	0:00:01.877038
9780	4	6	6	0	0:00:01.852873
9800	1	1	1	1	0:00:01.821324
9820	0	8	8	0	0:00:01.800533
9840	4	3	3	0	0:00:01.798245
9860	0	-1	8	0	0:00:01.860164
9880	7	7	4	1	0:00:01.846548
9900	8	0	0	0	0:00:01.805273
9920	6	6	6	1	0:00:01.824452
9940	4	5	5	0	0:00:01.790587
9960	2	0	0	0	0:00:01.787991
9980	0	0	0	1	0:00:01.800835
