idx	label	predict	basePredict	correct	time
0	3	6	4	0	0:00:15.762346
20	7	9	9	0	0:00:15.691936
40	4	8	8	0	0:00:15.680350
60	7	7	2	1	0:00:15.679206
80	8	8	8	1	0:00:15.658920
100	4	5	5	0	0:00:15.664099
120	8	8	8	1	0:00:15.649538
140	6	2	2	0	0:00:15.656735
160	2	0	0	0	0:00:15.654842
180	0	0	0	1	0:00:15.636027
200	5	3	3	0	0:00:15.662388
220	7	7	7	1	0:00:15.693334
240	1	1	1	1	0:00:15.665591
260	8	5	5	0	0:00:15.688306
280	9	9	9	1	0:00:15.663610
300	6	6	4	1	0:00:15.657974
320	3	5	2	0	0:00:15.644323
340	2	4	4	0	0:00:15.689222
360	9	6	6	0	0:00:15.680090
380	6	6	4	1	0:00:15.667985
400	9	9	9	1	0:00:15.665534
420	4	6	6	0	0:00:15.667679
440	1	1	1	1	0:00:15.679894
460	5	5	5	1	0:00:15.670936
480	8	9	9	0	0:00:15.688046
500	4	6	6	0	0:00:15.689644
520	5	7	7	0	0:00:15.705231
540	1	9	8	0	0:00:15.706383
560	0	0	0	1	0:00:15.671776
580	4	6	6	0	0:00:15.689024
600	8	8	8	1	0:00:15.679893
620	7	6	6	0	0:00:15.657268
640	5	3	3	0	0:00:15.702881
660	9	9	9	1	0:00:15.681787
680	9	1	1	0	0:00:15.655994
700	7	7	7	1	0:00:15.684110
720	4	9	9	0	0:00:15.683248
740	2	5	5	0	0:00:15.668413
760	3	9	9	0	0:00:15.679281
780	9	1	0	0	0:00:15.647986
800	7	7	7	1	0:00:15.685321
820	6	9	9	0	0:00:15.673257
840	7	7	7	1	0:00:15.692326
860	4	6	6	0	0:00:15.682824
880	8	8	8	1	0:00:15.669613
900	2	6	6	0	0:00:15.691425
920	6	2	2	0	0:00:15.695667
940	9	1	1	0	0:00:15.661917
960	9	9	9	1	0:00:15.665751
980	2	6	6	0	0:00:15.684103
1000	5	5	5	1	0:00:14.973233
1020	1	1	1	1	0:00:14.982057
1040	7	5	5	0	0:00:14.957436
1060	9	9	9	1	0:00:14.970530
1080	6	1	6	0	0:00:14.959717
1100	7	8	8	0	0:00:14.970776
1120	5	2	2	0	0:00:14.972125
1140	6	6	6	1	0:00:14.972811
1160	8	0	0	0	0:00:14.963693
1180	3	9	9	0	0:00:14.951973
1200	8	0	0	0	0:00:14.981297
1220	9	6	2	0	0:00:14.952775
1240	2	6	6	0	0:00:14.949433
1260	1	9	9	0	0:00:14.956255
1280	3	7	7	0	0:00:14.952172
1300	4	6	6	0	0:00:14.934299
1320	7	0	0	0	0:00:14.942846
1340	1	1	1	1	0:00:14.945153
1360	7	5	5	0	0:00:14.974596
1380	4	5	5	0	0:00:14.965828
1400	5	4	2	0	0:00:14.941082
1420	4	7	7	0	0:00:14.965411
1440	0	8	0	0	0:00:14.975961
1460	6	6	6	1	0:00:14.965731
1480	1	7	7	0	0:00:14.964847
1500	1	9	9	0	0:00:14.956757
1520	7	6	6	0	0:00:14.976860
1540	8	8	8	1	0:00:15.002599
1560	7	7	7	1	0:00:14.978657
1580	6	1	1	0	0:00:14.992364
1600	8	9	6	0	0:00:14.971922
1620	5	8	8	0	0:00:14.966343
1640	7	5	5	0	0:00:14.965442
1660	3	5	5	0	0:00:15.003984
1680	6	6	6	1	0:00:14.989347
1700	5	2	2	0	0:00:14.978621
1720	4	0	0	0	0:00:14.964423
1740	1	9	9	0	0:00:14.987012
1760	0	8	8	0	0:00:14.983216
1780	7	-1	8	0	0:00:14.970359
1800	4	8	8	0	0:00:14.958836
1820	8	9	9	0	0:00:14.955374
1840	8	7	7	0	0:00:14.965028
1860	8	8	8	1	0:00:14.965845
1880	1	1	8	1	0:00:14.971774
1900	8	8	8	1	0:00:14.963419
1920	2	2	2	1	0:00:14.975629
1940	5	2	2	0	0:00:14.987603
1960	2	5	7	0	0:00:15.010314
1980	9	9	9	1	0:00:14.977166
2000	1	6	6	0	0:00:14.976017
2020	9	9	9	1	0:00:14.965877
2040	0	8	8	0	0:00:14.952524
2060	5	5	5	1	0:00:14.986239
2080	1	1	4	1	0:00:14.958935
2100	2	4	4	0	0:00:14.965083
2120	4	8	8	0	0:00:14.970786
2140	9	-1	1	0	0:00:14.979047
2160	0	8	8	0	0:00:14.971335
2180	4	6	6	0	0:00:14.969330
2200	0	0	0	1	0:00:14.970131
2220	1	1	1	1	0:00:14.973083
2240	9	9	9	1	0:00:14.983033
2260	4	7	4	0	0:00:14.969486
2280	4	8	8	0	0:00:14.947073
2300	3	6	6	0	0:00:14.941340
2320	5	8	8	0	0:00:14.978727
2340	7	7	7	1	0:00:14.992746
2360	7	7	7	1	0:00:14.972170
2380	8	8	8	1	0:00:14.981090
2400	0	0	0	1	0:00:14.963621
2420	8	5	5	0	0:00:14.989422
2440	7	1	7	0	0:00:14.973794
2460	9	9	6	1	0:00:14.971194
2480	8	8	8	1	0:00:14.971438
2500	4	6	4	0	0:00:14.977318
2520	1	9	8	0	0:00:14.961380
2540	2	3	3	0	0:00:14.970143
2560	7	6	2	0	0:00:15.003151
2580	6	4	4	0	0:00:14.969341
2600	8	8	8	1	0:00:14.992541
2620	1	6	6	0	0:00:14.962622
2640	7	7	7	1	0:00:14.970364
2660	3	2	0	0	0:00:14.959256
2680	0	0	0	1	0:00:14.969684
2700	9	1	1	0	0:00:14.970277
2720	3	8	8	0	0:00:14.972820
2740	1	1	9	1	0:00:14.965626
2760	2	6	6	0	0:00:14.970807
2780	7	7	7	1	0:00:14.960824
2800	4	6	6	0	0:00:14.960657
2820	6	6	6	1	0:00:14.960754
2840	3	3	3	1	0:00:14.953556
2860	5	7	7	0	0:00:14.969117
2880	4	4	4	1	0:00:14.961994
2900	3	5	5	0	0:00:14.962895
2920	2	5	8	0	0:00:14.959278
2940	3	8	8	0	0:00:14.971239
2960	9	7	9	0	0:00:14.952042
2980	8	1	1	0	0:00:14.967582
3000	5	5	5	1	0:00:14.973443
3020	1	1	8	1	0:00:14.959983
3040	7	7	7	1	0:00:14.959537
3060	7	7	7	1	0:00:14.962190
3080	1	2	2	0	0:00:14.964427
3100	0	0	0	1	0:00:14.971754
3120	4	6	6	0	0:00:14.964476
3140	8	8	8	1	0:00:14.959817
3160	6	4	4	0	0:00:14.958063
3180	3	9	8	0	0:00:14.965376
3200	5	7	7	0	0:00:14.956350
3220	3	9	9	0	0:00:14.940297
3240	4	1	8	0	0:00:14.938575
3260	7	0	0	0	0:00:14.944538
3280	3	5	0	0	0:00:14.941586
3300	4	4	4	1	0:00:14.949891
3320	2	7	7	0	0:00:14.938205
3340	6	4	4	0	0:00:14.935410
3360	4	6	6	0	0:00:14.944022
3380	8	8	8	1	0:00:14.942335
3400	6	1	1	0	0:00:14.932676
3420	5	6	6	0	0:00:14.935051
3440	2	9	9	0	0:00:14.950163
3460	1	1	1	1	0:00:14.941953
3480	2	2	2	1	0:00:14.941173
3500	1	1	4	1	0:00:14.966481
3520	1	1	1	1	0:00:14.944708
3540	6	6	8	1	0:00:14.939312
3560	1	9	9	0	0:00:14.945958
3580	4	1	1	0	0:00:14.957643
3600	4	2	2	0	0:00:14.936215
3620	0	7	7	0	0:00:14.937636
3640	6	2	0	0	0:00:14.933709
3660	0	8	8	0	0:00:14.932051
3680	0	2	2	0	0:00:14.948762
3700	3	5	5	0	0:00:14.944150
3720	2	2	2	1	0:00:14.938626
3740	0	0	0	1	0:00:14.957097
3760	7	7	7	1	0:00:14.957792
3780	4	2	2	0	0:00:14.960588
3800	9	3	3	0	0:00:14.947660
3820	0	0	0	1	0:00:14.954606
3840	6	8	8	0	0:00:14.945814
3860	7	7	7	1	0:00:14.936525
3880	6	4	4	0	0:00:14.941169
3900	3	0	0	0	0:00:14.955912
3920	7	-1	8	0	0:00:14.943510
3940	6	7	7	0	0:00:14.949676
3960	2	5	5	0	0:00:14.946707
3980	9	7	7	0	0:00:14.956009
4000	8	7	0	0	0:00:14.954947
4020	8	8	8	1	0:00:14.931455
4040	0	8	0	0	0:00:14.952421
4060	6	0	0	0	0:00:14.939812
4080	1	1	8	1	0:00:14.969215
4100	7	7	7	1	0:00:14.965594
4120	4	0	0	0	0:00:14.979917
4140	5	2	2	0	0:00:14.950377
4160	5	2	2	0	0:00:14.952372
4180	0	8	8	0	0:00:14.943925
4200	4	2	2	0	0:00:14.956090
4220	4	0	0	0	0:00:14.934515
4240	7	8	8	0	0:00:14.981869
4260	8	9	9	0	0:00:14.932867
4280	8	9	0	0	0:00:14.939571
4300	8	8	8	1	0:00:14.927771
4320	1	8	8	0	0:00:14.954192
4340	0	0	0	1	0:00:14.951509
4360	6	9	9	0	0:00:14.944281
4380	9	9	9	1	0:00:14.926360
4400	3	4	8	0	0:00:14.925272
4420	5	8	8	0	0:00:14.940133
4440	2	6	6	0	0:00:14.966833
4460	9	1	8	0	0:00:14.960969
4480	9	9	6	1	0:00:14.956772
4500	3	7	6	0	0:00:14.932865
4520	3	6	6	0	0:00:14.946882
4540	9	9	9	1	0:00:14.940507
4560	1	1	4	1	0:00:14.949283
4580	6	6	4	1	0:00:14.933209
4600	4	7	7	0	0:00:14.919557
4620	7	3	3	0	0:00:14.938349
4640	2	5	5	0	0:00:14.937676
4660	7	2	2	0	0:00:14.953856
4680	9	1	1	0	0:00:15.003058
4700	6	1	1	0	0:00:14.926971
4720	8	0	0	0	0:00:14.938498
4740	5	6	6	0	0:00:14.934881
4760	3	2	2	0	0:00:14.938722
4780	0	0	0	1	0:00:14.939917
4800	9	9	9	1	0:00:14.934966
4820	3	5	5	0	0:00:14.914006
4840	0	0	0	1	0:00:14.909298
4860	5	5	5	1	0:00:14.917282
4880	0	2	2	0	0:00:14.941252
4900	3	1	1	0	0:00:14.920177
4920	7	0	0	0	0:00:14.932270
4940	6	2	2	0	0:00:14.938670
4960	4	6	6	0	0:00:14.954660
4980	1	9	9	0	0:00:14.935232
5000	7	7	7	1	0:00:14.950947
5020	8	8	8	1	0:00:14.977104
5040	3	5	5	0	0:00:14.928471
5060	6	6	6	1	0:00:14.923637
5080	7	7	7	1	0:00:14.948694
5100	3	4	4	0	0:00:14.942549
5120	9	8	8	0	0:00:14.928954
5140	8	8	8	1	0:00:14.966065
5160	0	8	8	0	0:00:14.950979
5180	9	6	6	0	0:00:14.937017
5200	3	3	3	1	0:00:14.925003
5220	0	0	0	1	0:00:14.937269
5240	1	9	2	0	0:00:14.920858
5260	0	0	0	1	0:00:14.933302
5280	0	9	8	0	0:00:14.943954
5300	9	1	1	0	0:00:14.948217
5320	7	7	7	1	0:00:14.940284
5340	3	2	2	0	0:00:14.926228
5360	9	9	9	1	0:00:14.932017
5380	1	9	9	0	0:00:14.919607
5400	9	0	0	0	0:00:14.916736
5420	6	5	6	0	0:00:14.927981
5440	9	9	9	1	0:00:14.932119
5460	0	6	6	0	0:00:14.932290
5480	1	8	8	0	0:00:14.941059
5500	8	1	1	0	0:00:14.927166
5520	4	5	5	0	0:00:14.928186
5540	5	6	2	0	0:00:14.915341
5560	3	6	6	0	0:00:14.920520
5580	5	6	6	0	0:00:14.940118
5600	6	8	8	0	0:00:14.930006
5620	3	2	2	0	0:00:14.925623
5640	2	3	3	0	0:00:14.941963
5660	9	9	8	1	0:00:14.914475
5680	2	8	8	0	0:00:14.918269
5700	3	6	6	0	0:00:14.914942
5720	9	9	9	1	0:00:14.918662
5740	6	4	4	0	0:00:14.952248
5760	2	2	8	1	0:00:14.925769
5780	7	7	7	1	0:00:14.911459
5800	2	6	6	0	0:00:14.917035
5820	5	6	6	0	0:00:14.911067
5840	2	6	6	0	0:00:14.896726
5860	0	8	8	0	0:00:14.916144
5880	0	0	0	1	0:00:14.912196
5900	4	5	4	0	0:00:14.913122
5920	8	8	8	1	0:00:14.917088
5940	7	4	4	0	0:00:14.931461
5960	2	7	7	0	0:00:14.941429
5980	9	9	9	1	0:00:14.921608
6000	8	9	8	0	0:00:14.935038
6020	6	6	6	1	0:00:14.924270
6040	2	7	7	0	0:00:14.920135
6060	3	4	4	0	0:00:14.930929
6080	1	1	6	1	0:00:14.938736
6100	1	1	8	1	0:00:14.923472
6120	5	5	5	1	0:00:14.911154
6140	9	9	9	1	0:00:14.924686
6160	2	5	5	0	0:00:14.925779
6180	0	9	8	0	0:00:14.917596
6200	3	0	0	0	0:00:14.906708
6220	2	6	6	0	0:00:14.901558
6240	2	1	6	0	0:00:14.933097
6260	2	9	9	0	0:00:14.931287
6280	8	5	5	0	0:00:14.920824
6300	1	6	6	0	0:00:14.951440
6320	0	0	0	1	0:00:14.911436
6340	3	8	8	0	0:00:14.932332
6360	2	2	2	1	0:00:14.934958
6380	3	1	1	0	0:00:14.958938
6400	0	1	1	0	0:00:14.917190
6420	7	5	5	0	0:00:14.918461
6440	3	8	8	0	0:00:14.939468
6460	3	1	1	0	0:00:14.915938
6480	0	0	0	1	0:00:14.920699
6500	7	0	0	0	0:00:14.926888
6520	6	4	4	0	0:00:14.920323
6540	8	8	8	1	0:00:14.946109
6560	6	6	6	1	0:00:14.921712
6580	1	9	4	0	0:00:14.924640
6600	7	7	7	1	0:00:14.919913
6620	7	7	7	1	0:00:14.949749
6640	5	3	3	0	0:00:14.916992
6660	0	0	8	1	0:00:14.944896
6680	3	5	5	0	0:00:14.922231
6700	6	6	6	1	0:00:14.930996
6720	2	2	2	1	0:00:14.923913
6740	2	6	6	0	0:00:14.965033
6760	5	2	2	0	0:00:14.959144
6780	7	7	7	1	0:00:14.938703
6800	6	6	6	1	0:00:14.948248
6820	1	1	1	1	0:00:14.935192
6840	9	1	1	0	0:00:14.919197
6860	0	0	0	1	0:00:14.952557
6880	2	7	6	0	0:00:14.937118
6900	3	7	7	0	0:00:14.927805
6920	5	2	2	0	0:00:14.920498
6940	1	1	1	1	0:00:14.916842
6960	9	8	8	0	0:00:14.924539
6980	0	9	9	0	0:00:14.981601
7000	2	8	8	0	0:00:14.929592
7020	7	7	7	1	0:00:14.942373
7040	7	8	8	0	0:00:14.918863
7060	8	0	0	0	0:00:14.917797
7080	5	4	4	0	0:00:14.937368
7100	9	3	3	0	0:00:14.927039
7120	7	7	7	1	0:00:14.924291
7140	4	4	4	1	0:00:14.921442
7160	5	4	4	0	0:00:14.907895
7180	6	6	6	1	0:00:14.940064
7200	4	6	6	0	0:00:14.926588
7220	9	0	0	0	0:00:14.932000
7240	0	8	8	0	0:00:14.924045
7260	1	8	8	0	0:00:14.926257
7280	1	1	6	1	0:00:14.919506
7300	3	7	7	0	0:00:14.929809
7320	8	0	0	0	0:00:14.915561
7340	2	4	4	0	0:00:14.972728
7360	2	5	4	0	0:00:14.924978
7380	7	7	7	1	0:00:14.941393
7400	3	9	9	0	0:00:14.930621
7420	3	0	0	0	0:00:14.937255
7440	3	6	6	0	0:00:14.921127
7460	5	5	5	1	0:00:14.953885
7480	1	5	5	0	0:00:14.930365
7500	6	6	6	1	0:00:14.930357
7520	4	6	6	0	0:00:14.937171
7540	5	5	5	1	0:00:14.954493
7560	0	6	2	0	0:00:14.935476
7580	8	0	0	0	0:00:14.931948
7600	8	9	9	0	0:00:14.947712
7620	5	1	3	0	0:00:14.945957
7640	9	9	8	1	0:00:14.912456
7660	7	9	9	0	0:00:14.929817
7680	3	9	9	0	0:00:14.918762
7700	6	6	6	1	0:00:14.952239
7720	5	6	6	0	0:00:14.922009
7740	4	6	2	0	0:00:14.915154
7760	2	9	9	0	0:00:14.913511
7780	3	1	1	0	0:00:14.909889
7800	0	0	0	1	0:00:14.911314
7820	5	8	8	0	0:00:14.935359
7840	1	1	1	1	0:00:14.911408
7860	8	4	4	0	0:00:14.917194
7880	0	0	0	1	0:00:14.900899
7900	0	8	8	0	0:00:14.915388
7920	9	8	8	0	0:00:14.909237
7940	2	6	6	0	0:00:14.935313
7960	0	0	2	1	0:00:14.917276
7980	3	7	4	0	0:00:14.936079
8000	9	9	9	1	0:00:14.924220
8020	6	6	6	1	0:00:14.939568
8040	2	6	6	0	0:00:14.907980
8060	6	6	6	1	0:00:14.938684
8080	4	6	6	0	0:00:14.916923
8100	6	2	2	0	0:00:14.963231
8120	8	9	9	0	0:00:14.927032
8140	5	6	6	0	0:00:14.921751
8160	6	9	6	0	0:00:14.908169
8180	4	6	6	0	0:00:14.940556
8200	3	6	4	0	0:00:14.907206
8220	6	6	6	1	0:00:14.923257
8240	7	7	7	1	0:00:14.912769
8260	1	1	1	1	0:00:14.920684
8280	4	1	3	0	0:00:14.916336
8300	5	2	2	0	0:00:14.911271
8320	7	4	4	0	0:00:14.905647
8340	5	5	5	1	0:00:14.921346
8360	7	7	4	1	0:00:14.924460
8380	9	9	8	1	0:00:14.931638
8400	0	8	8	0	0:00:14.936947
8420	3	6	4	0	0:00:14.935431
8440	5	9	4	0	0:00:14.894795
8460	8	8	8	1	0:00:14.911963
8480	2	1	1	0	0:00:14.911246
8500	4	2	2	0	0:00:14.916503
8520	8	4	4	0	0:00:14.915515
8540	4	6	4	0	0:00:14.902516
8560	7	7	7	1	0:00:14.902388
8580	3	9	9	0	0:00:14.924128
8600	3	7	7	0	0:00:14.902405
8620	3	4	4	0	0:00:14.916924
8640	1	1	1	1	0:00:14.912329
8660	7	5	5	0	0:00:14.905118
8680	3	9	0	0	0:00:14.901572
8700	3	5	5	0	0:00:14.913035
8720	2	0	0	0	0:00:14.919945
8740	2	7	7	0	0:00:14.907637
8760	8	8	8	1	0:00:14.899416
8780	4	4	4	1	0:00:14.915525
8800	0	0	0	1	0:00:14.906342
8820	2	2	2	1	0:00:14.905484
8840	2	1	1	0	0:00:14.894165
8860	2	2	2	1	0:00:14.910700
8880	1	1	6	1	0:00:14.907409
8900	2	4	4	0	0:00:14.946871
8920	6	6	6	1	0:00:14.906132
8940	6	5	5	0	0:00:14.918459
8960	0	0	0	1	0:00:14.925146
8980	9	9	9	1	0:00:14.964045
9000	8	8	8	1	0:00:14.939385
9020	7	9	9	0	0:00:14.931603
9040	2	5	5	0	0:00:14.905519
9060	9	5	5	0	0:00:14.940604
9080	3	0	0	0	0:00:14.927900
9100	9	6	6	0	0:00:14.921043
9120	3	0	0	0	0:00:14.924355
9140	7	8	8	0	0:00:14.925678
9160	5	5	5	1	0:00:14.911263
9180	5	5	5	1	0:00:14.913698
9200	8	8	8	1	0:00:14.918004
9220	8	8	8	1	0:00:14.923640
9240	8	8	8	1	0:00:14.928653
9260	5	5	5	1	0:00:14.908679
9280	9	0	0	0	0:00:14.920374
9300	5	5	2	1	0:00:14.936636
9320	9	9	8	1	0:00:14.912252
9340	1	1	1	1	0:00:14.912153
9360	5	0	6	0	0:00:14.908044
9380	5	9	5	0	0:00:14.909611
9400	6	6	2	1	0:00:14.900443
9420	5	6	6	0	0:00:14.911183
9440	8	8	8	1	0:00:14.907568
9460	3	6	6	0	0:00:14.920942
9480	2	4	4	0	0:00:14.899471
9500	9	1	6	0	0:00:14.916385
9520	1	1	9	1	0:00:14.912582
9540	5	5	5	1	0:00:14.908148
9560	9	7	7	0	0:00:14.908454
9580	1	4	4	0	0:00:14.930104
9600	8	8	8	1	0:00:14.917115
9620	4	7	7	0	0:00:14.938010
9640	5	0	0	0	0:00:14.924244
9660	6	6	6	1	0:00:14.940938
9680	8	9	8	0	0:00:14.912802
9700	0	0	0	1	0:00:14.909070
9720	8	6	6	0	0:00:14.901926
9740	3	6	6	0	0:00:14.902485
9760	9	9	7	1	0:00:14.913508
9780	4	6	6	0	0:00:14.923109
9800	1	1	1	1	0:00:14.918357
9820	0	8	8	0	0:00:14.918777
9840	4	-1	3	0	0:00:14.913290
9860	0	2	2	0	0:00:14.928239
9880	7	7	7	1	0:00:14.925576
9900	8	0	0	0	0:00:14.908317
9920	6	6	6	1	0:00:14.940830
9940	4	7	7	0	0:00:14.913087
9960	2	0	0	0	0:00:14.907547
9980	0	0	0	1	0:00:14.944375
