idx	label	predict	basePredict	correct	time
0	3	3	2	1	0:00:03.085588
20	7	7	7	1	0:00:02.962397
40	4	8	8	0	0:00:02.948696
60	7	7	4	1	0:00:02.932892
80	8	8	8	1	0:00:02.998952
100	4	4	4	1	0:00:02.952599
120	8	8	8	1	0:00:02.977993
140	6	2	2	0	0:00:02.996371
160	2	0	2	0	0:00:02.969519
180	0	0	8	1	0:00:03.083933
200	5	3	3	0	0:00:02.977524
220	7	7	7	1	0:00:02.983338
240	1	1	1	1	0:00:03.405506
260	8	3	3	0	0:00:02.941276
280	9	9	9	1	0:00:03.221314
300	6	6	4	1	0:00:03.053093
320	3	3	2	1	0:00:02.981344
340	2	4	4	0	0:00:04.015481
360	9	9	6	1	0:00:02.947618
380	6	6	4	1	0:00:03.281887
400	9	9	8	1	0:00:02.942324
420	4	4	4	1	0:00:03.195168
440	1	1	1	1	0:00:03.837838
460	5	5	5	1	0:00:02.939094
480	8	9	8	0	0:00:03.014592
500	4	6	4	0	0:00:03.059953
520	5	5	5	1	0:00:03.200349
540	1	9	8	0	0:00:02.957154
560	0	0	8	1	0:00:02.938491
580	4	4	4	1	0:00:03.003826
600	8	8	8	1	0:00:02.946115
620	7	7	4	1	0:00:02.958359
640	5	3	3	0	0:00:03.171626
660	9	9	9	1	0:00:02.936016
680	9	9	4	1	0:00:02.963545
700	7	7	4	1	0:00:02.945362
720	4	9	7	0	0:00:02.967865
740	2	5	3	0	0:00:02.975126
760	3	9	3	0	0:00:02.945442
780	9	9	8	1	0:00:03.172404
800	7	7	7	1	0:00:02.936653
820	6	-1	8	0	0:00:02.949775
840	7	7	7	1	0:00:02.945410
860	4	4	4	1	0:00:02.941670
880	8	8	8	1	0:00:02.965902
900	2	6	4	0	0:00:02.960472
920	6	6	2	1	0:00:02.953148
940	9	9	9	1	0:00:02.970761
960	9	9	9	1	0:00:02.955503
980	2	6	2	0	0:00:02.972361
1000	5	5	5	1	0:00:02.249638
1020	1	1	8	1	0:00:02.253145
1040	7	5	5	0	0:00:02.247093
1060	9	9	8	1	0:00:02.244677
1080	6	6	6	1	0:00:02.250237
1100	7	8	8	0	0:00:02.247483
1120	5	2	2	0	0:00:02.247225
1140	6	6	4	1	0:00:02.245824
1160	8	-1	8	0	0:00:02.246931
1180	3	3	3	1	0:00:02.245501
1200	8	8	0	1	0:00:02.249026
1220	9	6	6	0	0:00:02.246053
1240	2	6	6	0	0:00:02.247269
1260	1	9	9	0	0:00:02.249485
1280	3	7	7	0	0:00:02.244302
1300	4	3	3	0	0:00:02.244730
1320	7	2	2	0	0:00:02.247686
1340	1	1	1	1	0:00:02.247919
1360	7	7	4	1	0:00:02.247097
1380	4	5	5	0	0:00:02.244360
1400	5	6	2	0	0:00:02.247692
1420	4	7	4	0	0:00:02.247180
1440	0	8	0	0	0:00:02.246449
1460	6	6	4	1	0:00:02.246966
1480	1	5	5	0	0:00:02.246667
1500	1	1	1	1	0:00:02.246159
1520	7	7	4	1	0:00:02.247111
1540	8	8	8	1	0:00:02.250340
1560	7	7	7	1	0:00:02.247098
1580	6	1	1	0	0:00:02.246966
1600	8	9	6	0	0:00:02.247952
1620	5	8	8	0	0:00:02.243516
1640	7	5	3	0	0:00:02.245341
1660	3	3	3	1	0:00:02.245123
1680	6	6	6	1	0:00:02.245404
1700	5	2	2	0	0:00:02.247314
1720	4	2	2	0	0:00:02.245292
1740	1	9	1	0	0:00:02.246203
1760	0	8	8	0	0:00:02.247020
1780	7	7	8	1	0:00:02.246309
1800	4	8	8	0	0:00:02.240053
1820	8	8	8	1	0:00:02.241866
1840	8	9	4	0	0:00:02.242423
1860	8	8	8	1	0:00:02.242484
1880	1	1	8	1	0:00:02.243018
1900	8	8	8	1	0:00:02.241672
1920	2	2	2	1	0:00:02.245131
1940	5	3	3	0	0:00:02.243618
1960	2	5	5	0	0:00:02.242479
1980	9	9	4	1	0:00:02.242150
2000	1	6	6	0	0:00:02.240967
2020	9	9	9	1	0:00:02.243128
2040	0	8	8	0	0:00:02.241143
2060	5	5	5	1	0:00:02.244510
2080	1	1	6	1	0:00:02.240751
2100	2	4	4	0	0:00:02.240637
2120	4	8	8	0	0:00:02.246548
2140	9	9	9	1	0:00:02.243466
2160	0	8	8	0	0:00:02.248263
2180	4	4	4	1	0:00:02.247588
2200	0	0	2	1	0:00:02.242044
2220	1	1	1	1	0:00:02.242735
2240	9	9	9	1	0:00:02.245129
2260	4	7	4	0	0:00:02.247460
2280	4	8	8	0	0:00:02.243864
2300	3	6	4	0	0:00:02.243503
2320	5	2	8	0	0:00:02.244191
2340	7	7	7	1	0:00:02.245622
2360	7	7	7	1	0:00:02.244616
2380	8	8	8	1	0:00:02.245016
2400	0	0	0	1	0:00:02.246855
2420	8	1	5	0	0:00:02.246924
2440	7	7	7	1	0:00:02.247737
2460	9	9	3	1	0:00:02.244554
2480	8	8	8	1	0:00:02.250226
2500	4	2	2	0	0:00:02.247445
2520	1	1	8	1	0:00:02.244991
2540	2	3	3	0	0:00:02.245050
2560	7	7	4	1	0:00:02.245708
2580	6	4	4	0	0:00:02.246258
2600	8	8	8	1	0:00:02.245145
2620	1	1	4	1	0:00:02.246145
2640	7	7	4	1	0:00:02.248598
2660	3	4	2	0	0:00:02.244973
2680	0	0	0	1	0:00:02.244969
2700	9	-1	0	0	0:00:02.242368
2720	3	2	2	0	0:00:02.245049
2740	1	1	1	1	0:00:02.243988
2760	2	2	4	1	0:00:02.245802
2780	7	7	7	1	0:00:02.245430
2800	4	6	4	0	0:00:02.244442
2820	6	6	6	1	0:00:02.247674
2840	3	3	3	1	0:00:02.248603
2860	5	6	6	0	0:00:02.245630
2880	4	4	4	1	0:00:02.242899
2900	3	2	5	0	0:00:02.253752
2920	2	5	2	0	0:00:02.245505
2940	3	0	0	0	0:00:02.245107
2960	9	9	8	1	0:00:02.248801
2980	8	1	8	0	0:00:02.246080
3000	5	5	5	1	0:00:02.247660
3020	1	1	8	1	0:00:02.245286
3040	7	7	7	1	0:00:02.251010
3060	7	7	7	1	0:00:02.248694
3080	1	7	2	0	0:00:02.246222
3100	0	0	0	1	0:00:02.248663
3120	4	6	2	0	0:00:02.244393
3140	8	8	8	1	0:00:02.245059
3160	6	4	4	0	0:00:02.242811
3180	3	9	8	0	0:00:02.245314
3200	5	7	7	0	0:00:02.242601
3220	3	-1	3	0	0:00:02.249388
3240	4	1	8	0	0:00:02.245866
3260	7	0	0	0	0:00:02.244535
3280	3	5	0	0	0:00:02.252012
3300	4	-1	4	0	0:00:02.249421
3320	2	7	7	0	0:00:02.245405
3340	6	6	4	1	0:00:02.244852
3360	4	6	4	0	0:00:02.243508
3380	8	8	8	1	0:00:02.244416
3400	6	4	4	0	0:00:02.245038
3420	5	-1	4	0	0:00:02.245485
3440	2	9	3	0	0:00:02.241701
3460	1	1	1	1	0:00:02.245318
3480	2	2	2	1	0:00:02.244514
3500	1	1	1	1	0:00:02.246428
3520	1	1	1	1	0:00:02.243390
3540	6	6	6	1	0:00:02.251437
3560	1	9	0	0	0:00:02.246410
3580	4	1	4	0	0:00:02.245992
3600	4	2	2	0	0:00:02.251472
3620	0	7	6	0	0:00:02.244933
3640	6	2	2	0	0:00:02.243071
3660	0	8	8	0	0:00:02.255480
3680	0	2	2	0	0:00:02.251626
3700	3	3	4	1	0:00:02.246488
3720	2	2	2	1	0:00:02.249086
3740	0	0	0	1	0:00:02.248280
3760	7	7	7	1	0:00:02.250004
3780	4	4	2	1	0:00:02.242878
3800	9	9	8	1	0:00:02.245164
3820	0	0	0	1	0:00:02.245014
3840	6	3	3	0	0:00:02.247415
3860	7	7	7	1	0:00:02.249831
3880	6	4	4	0	0:00:02.248564
3900	3	3	6	1	0:00:02.245878
3920	7	9	8	0	0:00:02.258061
3940	6	6	4	1	0:00:02.245828
3960	2	2	2	1	0:00:02.248398
3980	9	7	7	0	0:00:02.246321
4000	8	7	0	0	0:00:02.244145
4020	8	1	8	0	0:00:02.251908
4040	0	0	0	1	0:00:02.251632
4060	6	3	3	0	0:00:02.248035
4080	1	8	8	0	0:00:02.250176
4100	7	7	7	1	0:00:02.246167
4120	4	0	4	0	0:00:02.244900
4140	5	3	3	0	0:00:02.247055
4160	5	2	2	0	0:00:02.248802
4180	0	0	8	1	0:00:02.251740
4200	4	4	2	1	0:00:02.249435
4220	4	0	0	0	0:00:02.245907
4240	7	0	0	0	0:00:02.250099
4260	8	8	8	1	0:00:02.246256
4280	8	8	8	1	0:00:02.245752
4300	8	8	8	1	0:00:02.246769
4320	1	8	8	0	0:00:02.245709
4340	0	0	8	1	0:00:02.246557
4360	6	9	6	0	0:00:02.244800
4380	9	9	8	1	0:00:02.248955
4400	3	4	4	0	0:00:02.254698
4420	5	8	8	0	0:00:02.242752
4440	2	2	2	1	0:00:02.245998
4460	9	1	8	0	0:00:02.245657
4480	9	9	3	1	0:00:02.248060
4500	3	3	6	1	0:00:02.243362
4520	3	6	6	0	0:00:02.243962
4540	9	9	9	1	0:00:02.245800
4560	1	1	4	1	0:00:02.258629
4580	6	4	4	0	0:00:02.245195
4600	4	7	4	0	0:00:02.252546
4620	7	3	3	0	0:00:02.247095
4640	2	4	4	0	0:00:02.247859
4660	7	4	2	0	0:00:02.251713
4680	9	1	1	0	0:00:02.247085
4700	6	1	4	0	0:00:02.245845
4720	8	0	0	0	0:00:02.248372
4740	5	3	3	0	0:00:02.250253
4760	3	3	4	1	0:00:02.246554
4780	0	0	0	1	0:00:02.251529
4800	9	9	9	1	0:00:02.245223
4820	3	5	5	0	0:00:02.247836
4840	0	0	0	1	0:00:02.245770
4860	5	5	5	1	0:00:02.247862
4880	0	2	2	0	0:00:02.245937
4900	3	6	6	0	0:00:02.251223
4920	7	7	7	1	0:00:02.246158
4940	6	6	2	1	0:00:02.247102
4960	4	-1	6	0	0:00:02.253123
4980	1	9	8	0	0:00:02.248477
5000	7	7	7	1	0:00:02.246901
5020	8	8	8	1	0:00:02.245989
5040	3	3	4	1	0:00:02.247114
5060	6	-1	4	0	0:00:02.245505
5080	7	7	7	1	0:00:02.247589
5100	3	3	3	1	0:00:02.247956
5120	9	9	8	1	0:00:02.248584
5140	8	8	8	1	0:00:02.249374
5160	0	0	8	1	0:00:02.250225
5180	9	7	4	0	0:00:02.247510
5200	3	3	3	1	0:00:02.248524
5220	0	0	0	1	0:00:02.245189
5240	1	9	2	0	0:00:02.248525
5260	0	0	0	1	0:00:02.246666
5280	0	8	8	0	0:00:02.247154
5300	9	9	9	1	0:00:02.247057
5320	7	7	7	1	0:00:02.247869
5340	3	4	4	0	0:00:02.244930
5360	9	9	9	1	0:00:02.246561
5380	1	9	9	0	0:00:02.246816
5400	9	9	8	1	0:00:02.245739
5420	6	6	6	1	0:00:02.244918
5440	9	9	9	1	0:00:02.249099
5460	0	7	7	0	0:00:02.243959
5480	1	1	8	1	0:00:02.249604
5500	8	1	8	0	0:00:02.249783
5520	4	3	3	0	0:00:02.250010
5540	5	6	2	0	0:00:02.246222
5560	3	6	5	0	0:00:02.248289
5580	5	6	6	0	0:00:02.247375
5600	6	-1	0	0	0:00:02.245332
5620	3	2	2	0	0:00:02.248178
5640	2	3	3	0	0:00:02.248933
5660	9	9	8	1	0:00:02.248873
5680	2	3	8	0	0:00:02.250322
5700	3	3	3	1	0:00:02.247373
5720	9	9	9	1	0:00:02.247356
5740	6	4	4	0	0:00:02.245578
5760	2	2	2	1	0:00:02.247023
5780	7	7	7	1	0:00:02.245620
5800	2	-1	2	0	0:00:02.246250
5820	5	6	3	0	0:00:02.251359
5840	2	2	6	1	0:00:02.248971
5860	0	8	8	0	0:00:02.247290
5880	0	0	0	1	0:00:02.247704
5900	4	4	4	1	0:00:02.248595
5920	8	8	8	1	0:00:02.248834
5940	7	4	4	0	0:00:02.247088
5960	2	4	4	0	0:00:02.248683
5980	9	9	9	1	0:00:02.247806
6000	8	9	8	0	0:00:02.247017
6020	6	6	6	1	0:00:02.244896
6040	2	7	7	0	0:00:02.245701
6060	3	4	4	0	0:00:02.246745
6080	1	9	6	0	0:00:02.247339
6100	1	1	8	1	0:00:02.248210
6120	5	5	5	1	0:00:02.248003
6140	9	9	9	1	0:00:02.244288
6160	2	5	5	0	0:00:02.247043
6180	0	9	8	0	0:00:02.248410
6200	3	3	3	1	0:00:02.247665
6220	2	6	4	0	0:00:02.243088
6240	2	2	4	1	0:00:02.242764
6260	2	9	4	0	0:00:02.250712
6280	8	5	4	0	0:00:02.242738
6300	1	7	4	0	0:00:02.244425
6320	0	0	0	1	0:00:02.241746
6340	3	3	3	1	0:00:02.242979
6360	2	2	2	1	0:00:02.243237
6380	3	6	6	0	0:00:02.243408
6400	0	1	4	0	0:00:02.246511
6420	7	7	8	1	0:00:02.246333
6440	3	9	8	0	0:00:02.244233
6460	3	1	4	0	0:00:02.244240
6480	0	0	0	1	0:00:02.248631
6500	7	0	8	0	0:00:02.248476
6520	6	4	4	0	0:00:02.247798
6540	8	8	8	1	0:00:02.247776
6560	6	6	4	1	0:00:02.245435
6580	1	-1	2	0	0:00:02.249413
6600	7	7	7	1	0:00:02.249101
6620	7	7	7	1	0:00:02.245044
6640	5	3	8	0	0:00:02.242444
6660	0	0	0	1	0:00:02.245904
6680	3	5	3	0	0:00:02.248318
6700	6	6	4	1	0:00:02.246044
6720	2	2	2	1	0:00:02.248681
6740	2	4	4	0	0:00:02.245802
6760	5	5	3	1	0:00:02.244730
6780	7	7	7	1	0:00:02.244359
6800	6	6	4	1	0:00:02.252341
6820	1	1	1	1	0:00:02.246876
6840	9	9	9	1	0:00:02.248233
6860	0	0	2	1	0:00:02.262282
6880	2	7	6	0	0:00:02.244462
6900	3	7	4	0	0:00:02.247444
6920	5	2	2	0	0:00:02.249559
6940	1	1	1	1	0:00:02.251656
6960	9	8	8	0	0:00:02.250442
6980	0	9	8	0	0:00:02.257417
7000	2	8	8	0	0:00:02.248488
7020	7	7	7	1	0:00:02.248000
7040	7	8	8	0	0:00:02.247864
7060	8	8	8	1	0:00:02.247642
7080	5	4	4	0	0:00:02.246439
7100	9	3	8	0	0:00:02.246159
7120	7	7	6	1	0:00:02.248501
7140	4	4	4	1	0:00:02.245855
7160	5	4	4	0	0:00:02.244807
7180	6	6	6	1	0:00:02.247164
7200	4	6	2	0	0:00:02.248279
7220	9	9	8	1	0:00:02.248629
7240	0	8	8	0	0:00:02.258079
7260	1	8	8	0	0:00:02.247302
7280	1	1	6	1	0:00:02.249368
7300	3	7	4	0	0:00:02.246553
7320	8	0	8	0	0:00:02.249752
7340	2	4	4	0	0:00:02.248247
7360	2	4	4	0	0:00:02.246357
7380	7	7	7	1	0:00:02.246289
7400	3	3	3	1	0:00:02.247234
7420	3	0	2	0	0:00:02.253887
7440	3	3	2	1	0:00:02.246698
7460	5	5	5	1	0:00:02.250592
7480	1	8	8	0	0:00:02.247617
7500	6	6	6	1	0:00:02.248282
7520	4	4	4	1	0:00:02.249584
7540	5	5	5	1	0:00:02.245119
7560	0	9	4	0	0:00:02.245736
7580	8	8	8	1	0:00:02.247877
7600	8	9	8	0	0:00:02.246437
7620	5	3	3	0	0:00:02.249528
7640	9	9	6	1	0:00:02.247187
7660	7	7	4	1	0:00:02.247169
7680	3	9	3	0	0:00:02.248221
7700	6	6	6	1	0:00:02.246907
7720	5	5	2	1	0:00:02.251630
7740	4	-1	2	0	0:00:02.245831
7760	2	9	3	0	0:00:02.249835
7780	3	1	8	0	0:00:02.250439
7800	0	0	0	1	0:00:02.251201
7820	5	8	8	0	0:00:02.247957
7840	1	1	1	1	0:00:02.251031
7860	8	1	4	0	0:00:02.249181
7880	0	0	0	1	0:00:02.245416
7900	0	8	8	0	0:00:02.247490
7920	9	8	8	0	0:00:02.246313
7940	2	6	6	0	0:00:02.247642
7960	0	0	0	1	0:00:02.253490
7980	3	3	4	1	0:00:02.244354
8000	9	9	9	1	0:00:02.247091
8020	6	3	3	0	0:00:02.246694
8040	2	2	2	1	0:00:02.245589
8060	6	6	4	1	0:00:02.244236
8080	4	6	2	0	0:00:02.244132
8100	6	2	2	0	0:00:02.245628
8120	8	9	8	0	0:00:02.245632
8140	5	4	4	0	0:00:02.247327
8160	6	6	6	1	0:00:02.246683
8180	4	4	4	1	0:00:02.247252
8200	3	6	2	0	0:00:02.245854
8220	6	6	2	1	0:00:02.244823
8240	7	7	7	1	0:00:02.246458
8260	1	1	3	1	0:00:02.245364
8280	4	5	3	0	0:00:02.248566
8300	5	2	2	0	0:00:02.246410
8320	7	4	4	0	0:00:02.248017
8340	5	3	3	0	0:00:02.247858
8360	7	7	4	1	0:00:02.247358
8380	9	9	8	1	0:00:02.249923
8400	0	8	8	0	0:00:02.248997
8420	3	6	4	0	0:00:02.254701
8440	5	3	4	0	0:00:02.244972
8460	8	8	8	1	0:00:02.245645
8480	2	2	4	1	0:00:02.244606
8500	4	4	4	1	0:00:02.255045
8520	8	1	4	0	0:00:02.247370
8540	4	4	2	1	0:00:02.248387
8560	7	7	4	1	0:00:02.245353
8580	3	0	2	0	0:00:02.245875
8600	3	3	4	1	0:00:02.245517
8620	3	7	4	0	0:00:02.243749
8640	1	1	1	1	0:00:02.247558
8660	7	7	7	1	0:00:02.250081
8680	3	9	8	0	0:00:02.251428
8700	3	3	3	1	0:00:02.249855
8720	2	0	0	0	0:00:02.246786
8740	2	2	4	1	0:00:02.247163
8760	8	8	8	1	0:00:02.247279
8780	4	4	4	1	0:00:02.247577
8800	0	0	0	1	0:00:02.245884
8820	2	2	2	1	0:00:02.246603
8840	2	1	7	0	0:00:02.249500
8860	2	2	2	1	0:00:02.250935
8880	1	1	1	1	0:00:02.248247
8900	2	-1	4	0	0:00:02.247655
8920	6	6	6	1	0:00:02.253982
8940	6	3	3	0	0:00:02.249396
8960	0	0	0	1	0:00:02.248550
8980	9	9	9	1	0:00:02.243195
9000	8	8	8	1	0:00:02.246908
9020	7	9	8	0	0:00:02.248519
9040	2	5	5	0	0:00:02.249005
9060	9	5	5	0	0:00:02.245523
9080	3	3	3	1	0:00:02.250811
9100	9	6	6	0	0:00:02.247714
9120	3	-1	3	0	0:00:02.242409
9140	7	9	8	0	0:00:02.251310
9160	5	5	5	1	0:00:02.254535
9180	5	5	5	1	0:00:02.250943
9200	8	8	8	1	0:00:02.246490
9220	8	8	8	1	0:00:02.249921
9240	8	8	8	1	0:00:02.251840
9260	5	5	5	1	0:00:02.247028
9280	9	1	8	0	0:00:02.245862
9300	5	3	2	0	0:00:02.249002
9320	9	9	8	1	0:00:02.251141
9340	1	1	1	1	0:00:02.251649
9360	5	6	4	0	0:00:02.248707
9380	5	3	3	0	0:00:02.252528
9400	6	6	4	1	0:00:02.247968
9420	5	5	6	1	0:00:02.246125
9440	8	8	8	1	0:00:02.245617
9460	3	7	6	0	0:00:02.246093
9480	2	4	4	0	0:00:02.244749
9500	9	1	6	0	0:00:02.250542
9520	1	1	1	1	0:00:02.244417
9540	5	5	4	1	0:00:02.244016
9560	9	7	7	0	0:00:02.250977
9580	1	4	4	0	0:00:02.247732
9600	8	8	8	1	0:00:02.248134
9620	4	7	4	0	0:00:02.246930
9640	5	0	6	0	0:00:02.248775
9660	6	6	6	1	0:00:02.247717
9680	8	8	8	1	0:00:02.247011
9700	0	0	0	1	0:00:02.246564
9720	8	1	8	0	0:00:02.246708
9740	3	6	4	0	0:00:02.247260
9760	9	9	4	1	0:00:02.243963
9780	4	6	4	0	0:00:02.247487
9800	1	1	1	1	0:00:02.250239
9820	0	8	8	0	0:00:02.250117
9840	4	5	5	0	0:00:02.245417
9860	0	5	8	0	0:00:02.246157
9880	7	7	4	1	0:00:02.248513
9900	8	0	8	0	0:00:02.249686
9920	6	6	2	1	0:00:02.244856
9940	4	-1	6	0	0:00:02.246014
9960	2	0	0	0	0:00:02.250215
9980	0	0	0	1	0:00:02.245610
