idx	label	predict	basePredict	correct	time
0	3	-1	5	0	0:00:04.128127
20	7	7	3	1	0:00:04.045612
40	4	4	4	1	0:00:04.068177
60	7	7	7	1	0:00:04.018010
80	8	8	8	1	0:00:03.999719
100	4	4	5	1	0:00:03.997738
120	8	8	8	1	0:00:04.004262
140	6	6	3	1	0:00:04.001789
160	2	2	2	1	0:00:04.023376
180	0	0	0	1	0:00:04.018892
200	5	-1	3	0	0:00:04.007617
220	7	7	7	1	0:00:04.009542
240	1	1	1	1	0:00:03.997592
260	8	8	8	1	0:00:04.009102
280	9	9	9	1	0:00:04.027264
300	6	6	6	1	0:00:04.000541
320	3	3	3	1	0:00:04.016123
340	2	2	2	1	0:00:03.999851
360	9	9	9	1	0:00:04.001484
380	6	6	6	1	0:00:04.000285
400	9	9	9	1	0:00:04.006871
420	4	4	4	1	0:00:04.005351
440	1	1	1	1	0:00:04.009255
460	5	5	5	1	0:00:04.011970
480	8	8	8	1	0:00:04.012940
500	4	-1	4	0	0:00:04.054431
520	5	5	5	1	0:00:04.019670
540	1	1	1	1	0:00:04.007332
560	0	0	0	1	0:00:04.003764
580	4	4	4	1	0:00:04.009471
600	8	8	8	1	0:00:04.011710
620	7	7	7	1	0:00:04.022774
640	5	3	3	0	0:00:04.006324
660	9	9	9	1	0:00:04.013967
680	9	9	9	1	0:00:04.007090
700	7	7	7	1	0:00:04.034024
720	4	4	4	1	0:00:04.017188
740	2	2	2	1	0:00:04.011434
760	3	3	3	1	0:00:04.024986
780	9	9	9	1	0:00:04.007827
800	7	7	7	1	0:00:04.012183
820	6	-1	2	0	0:00:04.014353
840	7	7	7	1	0:00:04.015213
860	4	4	4	1	0:00:04.010180
880	8	8	8	1	0:00:04.007830
900	2	-1	2	0	0:00:04.035714
920	6	6	0	1	0:00:04.042238
940	9	9	9	1	0:00:04.015120
960	9	9	9	1	0:00:04.031837
980	2	2	2	1	0:00:04.015795
1000	5	5	5	1	0:00:03.922844
1020	1	1	1	1	0:00:03.922565
1040	7	2	3	0	0:00:03.924098
1060	9	9	9	1	0:00:03.920883
1080	6	6	6	1	0:00:03.921075
1100	7	7	8	1	0:00:03.920944
1120	5	5	2	1	0:00:03.923959
1140	6	6	3	1	0:00:03.919660
1160	8	8	8	1	0:00:03.920950
1180	3	3	3	1	0:00:03.923170
1200	8	8	8	1	0:00:03.916661
1220	9	6	3	0	0:00:03.917847
1240	2	-1	2	0	0:00:03.914950
1260	1	-1	1	0	0:00:03.923604
1280	3	3	3	1	0:00:03.923832
1300	4	-1	3	0	0:00:03.921445
1320	7	7	7	1	0:00:03.924952
1340	1	1	1	1	0:00:03.921997
1360	7	7	7	1	0:00:03.917172
1380	4	-1	3	0	0:00:03.919175
1400	5	5	5	1	0:00:03.921869
1420	4	-1	7	0	0:00:03.919476
1440	0	-1	2	0	0:00:03.923906
1460	6	6	6	1	0:00:03.922166
1480	1	1	1	1	0:00:03.920893
1500	1	1	1	1	0:00:03.921647
1520	7	7	7	1	0:00:03.916653
1540	8	8	8	1	0:00:03.921574
1560	7	7	7	1	0:00:03.916680
1580	6	-1	5	0	0:00:03.915914
1600	8	-1	8	0	0:00:03.925232
1620	5	3	3	0	0:00:03.925314
1640	7	7	7	1	0:00:03.925470
1660	3	3	3	1	0:00:03.922697
1680	6	6	3	1	0:00:03.918838
1700	5	5	5	1	0:00:03.921777
1720	4	4	4	1	0:00:03.922200
1740	1	1	1	1	0:00:03.923969
1760	0	0	0	1	0:00:03.920245
1780	7	7	7	1	0:00:03.919011
1800	4	4	2	1	0:00:03.919024
1820	8	8	8	1	0:00:03.925913
1840	8	8	8	1	0:00:03.924259
1860	8	8	8	1	0:00:03.925478
1880	1	1	1	1	0:00:03.920013
1900	8	8	8	1	0:00:03.913988
1920	2	2	2	1	0:00:03.924337
1940	5	5	5	1	0:00:03.922406
1960	2	-1	2	0	0:00:03.922915
1980	9	9	9	1	0:00:03.921930
2000	1	1	1	1	0:00:03.921195
2020	9	9	9	1	0:00:03.921204
2040	0	0	0	1	0:00:03.921773
2060	5	3	3	0	0:00:03.924386
2080	1	1	1	1	0:00:03.922381
2100	2	2	2	1	0:00:03.920037
2120	4	4	8	1	0:00:03.924313
2140	9	9	9	1	0:00:03.923766
2160	0	0	0	1	0:00:03.918663
2180	4	4	4	1	0:00:03.920347
2200	0	0	0	1	0:00:03.922464
2220	1	1	1	1	0:00:03.919925
2240	9	9	1	1	0:00:03.919506
2260	4	4	4	1	0:00:03.922336
2280	4	4	2	1	0:00:03.922927
2300	3	-1	0	0	0:00:03.922054
2320	5	3	3	0	0:00:03.921816
2340	7	7	7	1	0:00:03.921459
2360	7	-1	7	0	0:00:03.923445
2380	8	8	8	1	0:00:03.922437
2400	0	0	0	1	0:00:03.924807
2420	8	7	7	0	0:00:03.927456
2440	7	7	7	1	0:00:03.925425
2460	9	9	9	1	0:00:03.925221
2480	8	8	8	1	0:00:03.927742
2500	4	4	4	1	0:00:03.924187
2520	1	1	1	1	0:00:03.923278
2540	2	-1	2	0	0:00:03.922350
2560	7	7	7	1	0:00:03.921808
2580	6	-1	5	0	0:00:03.924154
2600	8	8	8	1	0:00:03.917788
2620	1	1	1	1	0:00:03.921265
2640	7	7	7	1	0:00:03.926090
2660	3	3	3	1	0:00:03.922513
2680	0	0	0	1	0:00:03.916395
2700	9	9	9	1	0:00:03.922944
2720	3	3	3	1	0:00:03.928143
2740	1	1	1	1	0:00:03.917775
2760	2	2	2	1	0:00:03.913749
2780	7	7	7	1	0:00:03.913266
2800	4	4	4	1	0:00:03.912128
2820	6	6	6	1	0:00:03.911620
2840	3	3	3	1	0:00:03.913601
2860	5	4	3	0	0:00:03.911833
2880	4	4	4	1	0:00:03.915366
2900	3	2	2	0	0:00:03.915669
2920	2	2	2	1	0:00:03.918893
2940	3	0	0	0	0:00:03.922419
2960	9	-1	0	0	0:00:03.946629
2980	8	8	8	1	0:00:03.928359
3000	5	5	5	1	0:00:03.919360
3020	1	1	1	1	0:00:03.913574
3040	7	7	7	1	0:00:03.915382
3060	7	7	7	1	0:00:03.921288
3080	1	1	1	1	0:00:03.921606
3100	0	0	0	1	0:00:03.919315
3120	4	4	3	1	0:00:03.919713
3140	8	8	8	1	0:00:03.920987
3160	6	2	2	0	0:00:03.923663
3180	3	6	3	0	0:00:03.923634
3200	5	5	5	1	0:00:03.922620
3220	3	9	9	0	0:00:03.923390
3240	4	4	4	1	0:00:03.921554
3260	7	7	7	1	0:00:03.927955
3280	3	3	5	1	0:00:03.923044
3300	4	4	3	1	0:00:03.922436
3320	2	0	0	0	0:00:03.926062
3340	6	6	6	1	0:00:03.917556
3360	4	4	0	1	0:00:03.915230
3380	8	8	8	1	0:00:03.919456
3400	6	4	4	0	0:00:03.918039
3420	5	-1	3	0	0:00:03.923838
3440	2	3	3	0	0:00:03.926856
3460	1	1	1	1	0:00:03.929075
3480	2	2	2	1	0:00:03.926102
3500	1	-1	1	0	0:00:03.926553
3520	1	1	1	1	0:00:03.927118
3540	6	6	6	1	0:00:03.926010
3560	1	9	9	0	0:00:03.928267
3580	4	4	4	1	0:00:03.922704
3600	4	2	3	0	0:00:03.931092
3620	0	0	0	1	0:00:03.929377
3640	6	6	6	1	0:00:03.926991
3660	0	0	0	1	0:00:03.926098
3680	0	0	0	1	0:00:03.928195
3700	3	3	3	1	0:00:03.924999
3720	2	2	2	1	0:00:03.928289
3740	0	0	0	1	0:00:03.926601
3760	7	7	7	1	0:00:03.925873
3780	4	4	3	1	0:00:03.924421
3800	9	9	9	1	0:00:03.928161
3820	0	-1	0	0	0:00:03.927788
3840	6	6	3	1	0:00:03.927794
3860	7	7	7	1	0:00:03.928705
3880	6	6	6	1	0:00:03.930137
3900	3	3	3	1	0:00:03.927933
3920	7	7	7	1	0:00:03.925482
3940	6	6	3	1	0:00:03.925231
3960	2	2	2	1	0:00:03.925615
3980	9	2	2	0	0:00:03.929706
4000	8	7	7	0	0:00:03.927235
4020	8	8	8	1	0:00:03.924514
4040	0	0	0	1	0:00:03.924844
4060	6	6	6	1	0:00:03.927315
4080	1	1	1	1	0:00:03.928389
4100	7	7	7	1	0:00:03.927923
4120	4	4	4	1	0:00:03.929490
4140	5	5	7	1	0:00:03.929519
4160	5	5	5	1	0:00:03.926284
4180	0	0	8	1	0:00:03.931002
4200	4	4	4	1	0:00:03.926456
4220	4	-1	4	0	0:00:03.921966
4240	7	7	7	1	0:00:03.924012
4260	8	8	8	1	0:00:03.920953
4280	8	0	8	0	0:00:03.922588
4300	8	8	8	1	0:00:03.920889
4320	1	1	1	1	0:00:03.923064
4340	0	0	0	1	0:00:03.922115
4360	6	6	6	1	0:00:03.925926
4380	9	9	9	1	0:00:03.924201
4400	3	-1	3	0	0:00:03.916978
4420	5	5	5	1	0:00:03.914055
4440	2	2	2	1	0:00:03.913298
4460	9	9	9	1	0:00:03.915727
4480	9	9	9	1	0:00:03.921289
4500	3	3	3	1	0:00:03.926059
4520	3	3	3	1	0:00:03.920176
4540	9	9	9	1	0:00:03.925073
4560	1	1	1	1	0:00:03.926551
4580	6	6	4	1	0:00:03.920769
4600	4	4	4	1	0:00:03.923292
4620	7	7	7	1	0:00:03.922937
4640	2	2	2	1	0:00:03.923525
4660	7	7	7	1	0:00:03.924679
4680	9	9	9	1	0:00:03.926076
4700	6	6	5	1	0:00:03.921490
4720	8	8	8	1	0:00:03.918675
4740	5	-1	3	0	0:00:03.922251
4760	3	-1	0	0	0:00:03.922140
4780	0	0	0	1	0:00:03.926796
4800	9	9	9	1	0:00:03.928892
4820	3	3	3	1	0:00:03.920376
4840	0	0	0	1	0:00:03.921692
4860	5	5	5	1	0:00:03.922426
4880	0	0	0	1	0:00:03.923581
4900	3	3	3	1	0:00:03.924121
4920	7	7	7	1	0:00:03.923641
4940	6	6	6	1	0:00:03.924784
4960	4	4	4	1	0:00:03.923928
4980	1	1	1	1	0:00:03.923396
5000	7	7	7	1	0:00:03.917982
5020	8	8	8	1	0:00:03.921192
5040	3	-1	3	0	0:00:03.918284
5060	6	2	2	0	0:00:03.924971
5080	7	7	7	1	0:00:03.923178
5100	3	3	3	1	0:00:03.921507
5120	9	9	9	1	0:00:03.925287
5140	8	8	8	1	0:00:03.922534
5160	0	0	0	1	0:00:03.922933
5180	9	9	9	1	0:00:03.920437
5200	3	-1	0	0	0:00:03.922385
5220	0	0	0	1	0:00:03.921683
5240	1	1	1	1	0:00:03.921854
5260	0	0	0	1	0:00:03.919277
5280	0	-1	4	0	0:00:03.920214
5300	9	9	9	1	0:00:03.923511
5320	7	7	7	1	0:00:03.921545
5340	3	4	5	0	0:00:03.925062
5360	9	9	9	1	0:00:03.924007
5380	1	1	1	1	0:00:03.923193
5400	9	9	9	1	0:00:03.922157
5420	6	6	6	1	0:00:03.928164
5440	9	9	9	1	0:00:03.925142
5460	0	0	0	1	0:00:03.925928
5480	1	1	1	1	0:00:03.924177
5500	8	8	8	1	0:00:03.921594
5520	4	4	4	1	0:00:03.923317
5540	5	5	5	1	0:00:03.922601
5560	3	-1	3	0	0:00:03.921865
5580	5	3	3	0	0:00:03.922524
5600	6	6	3	1	0:00:03.923002
5620	3	3	3	1	0:00:03.922236
5640	2	2	2	1	0:00:03.925537
5660	9	9	9	1	0:00:03.924791
5680	2	2	2	1	0:00:03.923383
5700	3	3	3	1	0:00:03.925616
5720	9	9	9	1	0:00:03.926290
5740	6	-1	4	0	0:00:03.922957
5760	2	2	2	1	0:00:03.921814
5780	7	7	7	1	0:00:03.923516
5800	2	2	2	1	0:00:03.919447
5820	5	5	5	1	0:00:03.923995
5840	2	-1	3	0	0:00:03.924737
5860	0	0	0	1	0:00:03.923018
5880	0	0	0	1	0:00:03.923366
5900	4	3	0	0	0:00:03.923249
5920	8	8	8	1	0:00:03.923187
5940	7	7	0	1	0:00:03.924011
5960	2	6	2	0	0:00:03.926510
5980	9	9	9	1	0:00:03.926767
6000	8	8	8	1	0:00:03.922760
6020	6	6	6	1	0:00:03.922298
6040	2	7	7	0	0:00:03.921057
6060	3	4	2	0	0:00:03.924785
6080	1	1	1	1	0:00:03.923606
6100	1	1	1	1	0:00:03.920594
6120	5	5	5	1	0:00:03.924224
6140	9	9	9	1	0:00:03.923321
6160	2	2	2	1	0:00:03.923818
6180	0	0	0	1	0:00:03.921852
6200	3	2	2	0	0:00:03.924684
6220	2	2	2	1	0:00:03.922299
6240	2	2	2	1	0:00:03.924135
6260	2	2	2	1	0:00:03.920132
6280	8	8	8	1	0:00:03.924835
6300	1	1	1	1	0:00:03.921313
6320	0	0	0	1	0:00:03.922380
6340	3	3	3	1	0:00:03.927335
6360	2	2	2	1	0:00:03.918329
6380	3	-1	7	0	0:00:03.923287
6400	0	0	0	1	0:00:03.919339
6420	7	7	7	1	0:00:03.921619
6440	3	3	3	1	0:00:03.923352
6460	3	3	3	1	0:00:03.923446
6480	0	0	0	1	0:00:03.923295
6500	7	-1	8	0	0:00:03.923111
6520	6	6	2	1	0:00:03.922439
6540	8	8	8	1	0:00:03.924974
6560	6	-1	5	0	0:00:03.923200
6580	1	1	1	1	0:00:03.923328
6600	7	7	7	1	0:00:03.921499
6620	7	7	7	1	0:00:03.922715
6640	5	3	3	0	0:00:03.925759
6660	0	0	0	1	0:00:03.915442
6680	3	5	5	0	0:00:03.925076
6700	6	6	8	1	0:00:03.924503
6720	2	2	2	1	0:00:03.924046
6740	2	2	2	1	0:00:03.923601
6760	5	5	5	1	0:00:03.921841
6780	7	7	7	1	0:00:03.925941
6800	6	6	2	1	0:00:03.925524
6820	1	1	1	1	0:00:03.923317
6840	9	9	9	1	0:00:03.926112
6860	0	0	0	1	0:00:03.925238
6880	2	2	2	1	0:00:03.924173
6900	3	-1	5	0	0:00:03.921637
6920	5	5	5	1	0:00:03.924324
6940	1	1	1	1	0:00:03.922436
6960	9	9	9	1	0:00:03.921384
6980	0	0	0	1	0:00:03.921897
7000	2	0	0	0	0:00:03.924016
7020	7	7	7	1	0:00:03.923924
7040	7	0	0	0	0:00:03.922863
7060	8	8	8	1	0:00:03.924948
7080	5	-1	0	0	0:00:03.922946
7100	9	3	2	0	0:00:03.925976
7120	7	5	5	0	0:00:03.924995
7140	4	4	2	1	0:00:03.923740
7160	5	5	5	1	0:00:03.925565
7180	6	6	6	1	0:00:03.918698
7200	4	4	4	1	0:00:03.923080
7220	9	9	9	1	0:00:03.920537
7240	0	0	0	1	0:00:03.923984
7260	1	1	1	1	0:00:03.923694
7280	1	1	1	1	0:00:03.922135
7300	3	5	5	0	0:00:03.926636
7320	8	8	8	1	0:00:03.918279
7340	2	2	0	1	0:00:03.916527
7360	2	2	2	1	0:00:03.916358
7380	7	7	7	1	0:00:03.919916
7400	3	5	3	0	0:00:03.923812
7420	3	-1	2	0	0:00:03.921202
7440	3	3	3	1	0:00:03.922629
7460	5	5	5	1	0:00:03.920265
7480	1	1	1	1	0:00:03.918652
7500	6	6	6	1	0:00:03.921463
7520	4	4	4	1	0:00:03.918947
7540	5	5	5	1	0:00:03.919012
7560	0	0	0	1	0:00:03.919814
7580	8	8	8	1	0:00:03.918195
7600	8	2	2	0	0:00:03.922960
7620	5	1	3	0	0:00:03.922449
7640	9	-1	9	0	0:00:03.922392
7660	7	7	7	1	0:00:03.921121
7680	3	5	5	0	0:00:03.922131
7700	6	6	6	1	0:00:03.917103
7720	5	5	5	1	0:00:03.924332
7740	4	4	4	1	0:00:03.920927
7760	2	-1	0	0	0:00:03.922125
7780	3	8	8	0	0:00:03.920888
7800	0	0	0	1	0:00:03.915245
7820	5	3	3	0	0:00:03.920289
7840	1	1	1	1	0:00:03.916751
7860	8	8	8	1	0:00:03.920491
7880	0	0	0	1	0:00:03.919978
7900	0	0	0	1	0:00:03.913345
7920	9	9	9	1	0:00:03.914850
7940	2	-1	2	0	0:00:03.911557
7960	0	0	0	1	0:00:03.922996
7980	3	3	3	1	0:00:03.922615
8000	9	9	9	1	0:00:03.919944
8020	6	3	3	0	0:00:03.917740
8040	2	2	2	1	0:00:03.923979
8060	6	6	6	1	0:00:03.925637
8080	4	4	3	1	0:00:03.925319
8100	6	6	6	1	0:00:03.930514
8120	8	-1	8	0	0:00:03.926860
8140	5	-1	5	0	0:00:03.927561
8160	6	6	6	1	0:00:03.932773
8180	4	4	2	1	0:00:03.925508
8200	3	-1	3	0	0:00:03.928259
8220	6	6	5	1	0:00:03.929512
8240	7	7	7	1	0:00:03.927610
8260	1	1	1	1	0:00:03.927544
8280	4	4	4	1	0:00:03.930462
8300	5	5	3	1	0:00:03.928907
8320	7	7	7	1	0:00:03.924972
8340	5	5	5	1	0:00:03.928411
8360	7	7	7	1	0:00:03.928325
8380	9	9	9	1	0:00:03.929313
8400	0	0	0	1	0:00:03.928076
8420	3	6	3	0	0:00:03.929547
8440	5	-1	3	0	0:00:03.927592
8460	8	8	8	1	0:00:03.924364
8480	2	-1	5	0	0:00:03.926294
8500	4	4	4	1	0:00:03.930110
8520	8	8	8	1	0:00:03.928723
8540	4	4	4	1	0:00:03.928594
8560	7	7	7	1	0:00:03.929976
8580	3	5	5	0	0:00:03.928776
8600	3	3	3	1	0:00:03.927871
8620	3	3	3	1	0:00:03.932487
8640	1	-1	1	0	0:00:03.927085
8660	7	7	7	1	0:00:03.926853
8680	3	3	5	1	0:00:03.925426
8700	3	3	3	1	0:00:03.928971
8720	2	0	0	0	0:00:03.926410
8740	2	2	2	1	0:00:03.928559
8760	8	8	8	1	0:00:03.926805
8780	4	4	8	1	0:00:03.926558
8800	0	0	0	1	0:00:03.925884
8820	2	2	2	1	0:00:03.924790
8840	2	-1	2	0	0:00:03.923694
8860	2	2	2	1	0:00:03.921768
8880	1	1	1	1	0:00:03.917886
8900	2	4	3	0	0:00:03.917717
8920	6	6	6	1	0:00:03.921359
8940	6	3	3	0	0:00:03.923443
8960	0	2	2	0	0:00:03.921648
8980	9	9	9	1	0:00:03.923870
9000	8	8	8	1	0:00:03.917464
9020	7	7	7	1	0:00:03.920957
9040	2	5	5	0	0:00:03.924527
9060	9	9	9	1	0:00:03.922457
9080	3	3	3	1	0:00:03.920953
9100	9	-1	1	0	0:00:03.920159
9120	3	5	5	0	0:00:03.920616
9140	7	7	7	1	0:00:03.922169
9160	5	-1	5	0	0:00:03.922247
9180	5	5	5	1	0:00:03.923475
9200	8	8	8	1	0:00:03.922287
9220	8	8	8	1	0:00:03.920723
9240	8	8	8	1	0:00:03.923990
9260	5	5	3	1	0:00:03.920451
9280	9	9	9	1	0:00:03.920635
9300	5	4	4	0	0:00:03.920481
9320	9	9	9	1	0:00:03.920718
9340	1	1	1	1	0:00:03.916308
9360	5	0	0	0	0:00:03.914917
9380	5	3	3	0	0:00:03.921293
9400	6	6	6	1	0:00:03.922274
9420	5	5	5	1	0:00:03.915751
9440	8	8	8	1	0:00:03.920382
9460	3	3	3	1	0:00:03.918498
9480	2	2	2	1	0:00:03.919022
9500	9	9	9	1	0:00:03.914270
9520	1	1	1	1	0:00:03.920859
9540	5	5	5	1	0:00:03.920067
9560	9	9	9	1	0:00:03.918537
9580	1	1	1	1	0:00:03.921925
9600	8	8	8	1	0:00:03.921483
9620	4	4	5	1	0:00:03.928254
9640	5	5	5	1	0:00:03.925199
9660	6	6	6	1	0:00:03.926344
9680	8	8	8	1	0:00:03.927409
9700	0	0	0	1	0:00:03.927492
9720	8	8	8	1	0:00:03.926261
9740	3	6	3	0	0:00:03.923889
9760	9	-1	5	0	0:00:03.926540
9780	4	-1	2	0	0:00:03.925088
9800	1	1	1	1	0:00:03.927603
9820	0	0	0	1	0:00:03.927810
9840	4	7	7	0	0:00:03.928358
9860	0	0	0	1	0:00:03.926969
9880	7	7	7	1	0:00:03.925348
9900	8	8	8	1	0:00:03.925199
9920	6	6	6	1	0:00:03.924805
9940	4	4	5	1	0:00:03.930617
9960	2	0	0	0	0:00:03.924009
9980	0	0	0	1	0:00:03.929157
