idx	label	predict	basePredict	correct	time
0	3	3	5	1	0:00:13.388952
20	7	9	9	0	0:00:13.289661
40	4	4	4	1	0:00:13.293208
60	7	7	7	1	0:00:13.293472
80	8	8	8	1	0:00:13.269490
100	4	5	5	0	0:00:13.302953
120	8	8	8	1	0:00:13.272216
140	6	2	2	0	0:00:13.268723
160	2	2	2	1	0:00:13.283340
180	0	0	0	1	0:00:13.304442
200	5	3	3	0	0:00:13.320318
220	7	7	7	1	0:00:13.295224
240	1	1	1	1	0:00:13.310746
260	8	5	5	0	0:00:13.287135
280	9	9	9	1	0:00:13.289451
300	6	6	6	1	0:00:13.330502
320	3	5	5	0	0:00:13.280805
340	2	6	4	0	0:00:13.283049
360	9	6	6	0	0:00:13.293290
380	6	6	4	1	0:00:13.267550
400	9	9	9	1	0:00:13.286922
420	4	6	6	0	0:00:13.279866
440	1	1	1	1	0:00:13.281480
460	5	5	5	1	0:00:13.276512
480	8	9	9	0	0:00:13.293700
500	4	6	6	0	0:00:13.346130
520	5	7	7	0	0:00:13.274501
540	1	1	1	1	0:00:13.275432
560	0	0	0	1	0:00:13.286602
580	4	6	6	0	0:00:13.270979
600	8	8	8	1	0:00:13.280321
620	7	4	4	0	0:00:13.285825
640	5	3	3	0	0:00:13.315633
660	9	9	9	1	0:00:13.288319
680	9	1	1	0	0:00:13.292296
700	7	7	7	1	0:00:13.293106
720	4	7	7	0	0:00:13.300865
740	2	5	5	0	0:00:13.291746
760	3	7	7	0	0:00:13.311080
780	9	1	1	0	0:00:13.276914
800	7	7	7	1	0:00:13.259200
820	6	1	1	0	0:00:13.265698
840	7	7	7	1	0:00:13.266679
860	4	4	4	1	0:00:13.280190
880	8	8	8	1	0:00:13.264295
900	2	6	6	0	0:00:13.258974
920	6	2	2	0	0:00:13.279626
940	9	9	9	1	0:00:13.263668
960	9	9	9	1	0:00:13.289695
980	2	6	6	0	0:00:13.275040
1000	5	5	5	1	0:00:13.190166
1020	1	1	1	1	0:00:13.187819
1040	7	5	5	0	0:00:13.194103
1060	9	9	9	1	0:00:13.193432
1080	6	6	6	1	0:00:13.194885
1100	7	8	8	0	0:00:13.203561
1120	5	2	2	0	0:00:13.200624
1140	6	6	4	1	0:00:13.198312
1160	8	8	8	1	0:00:13.201556
1180	3	9	1	0	0:00:13.195733
1200	8	8	8	1	0:00:13.200718
1220	9	7	6	0	0:00:13.199401
1240	2	6	6	0	0:00:13.189865
1260	1	9	9	0	0:00:13.184573
1280	3	7	7	0	0:00:13.193610
1300	4	6	6	0	0:00:13.186646
1320	7	7	2	1	0:00:13.189420
1340	1	1	1	1	0:00:13.187649
1360	7	7	7	1	0:00:13.189516
1380	4	5	5	0	0:00:13.187535
1400	5	5	5	1	0:00:13.185962
1420	4	7	7	0	0:00:13.185574
1440	0	8	8	0	0:00:13.185804
1460	6	6	6	1	0:00:13.190777
1480	1	1	1	1	0:00:13.192118
1500	1	9	1	0	0:00:13.191156
1520	7	7	7	1	0:00:13.185447
1540	8	8	8	1	0:00:13.199712
1560	7	7	7	1	0:00:13.205764
1580	6	1	1	0	0:00:13.203991
1600	8	1	1	0	0:00:13.200670
1620	5	8	8	0	0:00:13.196376
1640	7	3	3	0	0:00:13.203267
1660	3	5	5	0	0:00:13.205747
1680	6	6	6	1	0:00:13.195804
1700	5	2	2	0	0:00:13.190913
1720	4	2	0	0	0:00:13.187516
1740	1	9	9	0	0:00:13.183160
1760	0	8	8	0	0:00:13.184657
1780	7	9	7	0	0:00:13.186640
1800	4	8	8	0	0:00:13.187485
1820	8	8	8	1	0:00:13.187765
1840	8	7	7	0	0:00:13.182964
1860	8	8	8	1	0:00:13.185030
1880	1	1	1	1	0:00:13.188856
1900	8	8	8	1	0:00:13.186067
1920	2	2	2	1	0:00:13.188964
1940	5	2	2	0	0:00:13.190265
1960	2	5	5	0	0:00:13.187840
1980	9	9	9	1	0:00:13.194070
2000	1	1	1	1	0:00:13.197970
2020	9	9	9	1	0:00:13.193657
2040	0	8	8	0	0:00:13.193075
2060	5	5	5	1	0:00:13.204886
2080	1	1	1	1	0:00:13.199530
2100	2	4	4	0	0:00:13.201904
2120	4	8	8	0	0:00:13.206535
2140	9	9	9	1	0:00:13.203575
2160	0	8	8	0	0:00:13.185387
2180	4	6	6	0	0:00:13.187007
2200	0	0	0	1	0:00:13.186853
2220	1	1	1	1	0:00:13.190497
2240	9	9	9	1	0:00:13.193520
2260	4	4	4	1	0:00:13.190468
2280	4	8	8	0	0:00:13.189085
2300	3	6	6	0	0:00:13.183568
2320	5	2	2	0	0:00:13.196418
2340	7	7	7	1	0:00:13.191052
2360	7	7	7	1	0:00:13.188085
2380	8	8	8	1	0:00:13.184830
2400	0	0	0	1	0:00:13.191192
2420	8	5	5	0	0:00:13.199346
2440	7	7	7	1	0:00:13.194620
2460	9	9	3	1	0:00:13.199316
2480	8	8	8	1	0:00:13.197924
2500	4	6	2	0	0:00:13.189468
2520	1	8	8	0	0:00:13.197525
2540	2	3	3	0	0:00:13.199708
2560	7	7	5	1	0:00:13.196036
2580	6	6	6	1	0:00:13.198290
2600	8	8	8	1	0:00:13.191253
2620	1	1	1	1	0:00:13.185907
2640	7	7	7	1	0:00:13.191982
2660	3	2	0	0	0:00:13.184110
2680	0	0	0	1	0:00:13.187242
2700	9	1	1	0	0:00:13.192316
2720	3	8	8	0	0:00:13.187106
2740	1	1	1	1	0:00:13.191580
2760	2	6	4	0	0:00:13.190551
2780	7	7	7	1	0:00:13.193802
2800	4	6	6	0	0:00:13.183723
2820	6	6	6	1	0:00:13.186084
2840	3	3	3	1	0:00:13.188453
2860	5	7	7	0	0:00:13.185980
2880	4	4	4	1	0:00:13.188307
2900	3	5	5	0	0:00:13.194207
2920	2	3	0	0	0:00:13.199715
2940	3	0	0	0	0:00:13.202229
2960	9	9	9	1	0:00:13.192854
2980	8	1	1	0	0:00:13.195759
3000	5	5	5	1	0:00:13.201688
3020	1	1	1	1	0:00:13.197631
3040	7	7	7	1	0:00:13.197056
3060	7	7	7	1	0:00:13.189800
3080	1	1	1	1	0:00:13.193381
3100	0	0	0	1	0:00:13.185966
3120	4	6	6	0	0:00:13.188857
3140	8	8	8	1	0:00:13.180774
3160	6	4	4	0	0:00:13.180965
3180	3	9	9	0	0:00:13.183343
3200	5	7	7	0	0:00:13.183497
3220	3	9	9	0	0:00:13.187382
3240	4	1	4	0	0:00:13.191612
3260	7	7	7	1	0:00:13.188206
3280	3	5	5	0	0:00:13.187304
3300	4	4	4	1	0:00:13.192560
3320	2	7	7	0	0:00:13.192056
3340	6	6	4	1	0:00:13.185002
3360	4	6	6	0	0:00:13.198632
3380	8	8	8	1	0:00:13.196410
3400	6	7	4	0	0:00:13.195666
3420	5	6	6	0	0:00:13.199059
3440	2	9	9	0	0:00:13.206573
3460	1	1	1	1	0:00:13.198007
3480	2	2	2	1	0:00:13.193993
3500	1	1	1	1	0:00:13.199106
3520	1	1	1	1	0:00:13.193160
3540	6	6	8	1	0:00:13.185509
3560	1	9	9	0	0:00:13.186646
3580	4	1	1	0	0:00:13.190127
3600	4	2	2	0	0:00:13.192440
3620	0	7	7	0	0:00:13.191117
3640	6	2	2	0	0:00:13.182607
3660	0	8	8	0	0:00:13.185190
3680	0	2	2	0	0:00:13.190369
3700	3	5	5	0	0:00:13.191521
3720	2	2	2	1	0:00:13.186671
3740	0	0	0	1	0:00:13.187675
3760	7	7	7	1	0:00:13.186612
3780	4	2	2	0	0:00:13.182085
3800	9	9	9	1	0:00:13.187885
3820	0	0	0	1	0:00:13.196606
3840	6	8	3	0	0:00:13.202528
3860	7	7	7	1	0:00:13.196911
3880	6	4	4	0	0:00:13.187376
3900	3	1	1	0	0:00:13.194967
3920	7	9	9	0	0:00:13.195352
3940	6	7	7	0	0:00:13.195257
3960	2	5	5	0	0:00:13.197010
3980	9	7	7	0	0:00:13.187626
4000	8	7	0	0	0:00:13.185489
4020	8	8	8	1	0:00:13.185582
4040	0	0	0	1	0:00:13.182079
4060	6	6	6	1	0:00:13.184363
4080	1	1	1	1	0:00:13.186435
4100	7	7	7	1	0:00:13.188497
4120	4	0	0	0	0:00:13.191612
4140	5	2	2	0	0:00:13.193714
4160	5	3	3	0	0:00:13.189456
4180	0	8	8	0	0:00:13.184790
4200	4	2	2	0	0:00:13.181997
4220	4	0	0	0	0:00:13.182846
4240	7	8	8	0	0:00:13.195697
4260	8	8	8	1	0:00:13.191324
4280	8	9	9	0	0:00:13.197016
4300	8	8	8	1	0:00:13.189469
4320	1	8	8	0	0:00:13.191453
4340	0	0	0	1	0:00:13.192558
4360	6	9	9	0	0:00:13.193828
4380	9	9	9	1	0:00:13.197716
4400	3	-1	8	0	0:00:13.197277
4420	5	8	8	0	0:00:13.185577
4440	2	6	6	0	0:00:13.177849
4460	9	1	1	0	0:00:13.186670
4480	9	9	9	1	0:00:13.186457
4500	3	5	5	0	0:00:13.182288
4520	3	6	6	0	0:00:13.184872
4540	9	9	9	1	0:00:13.185761
4560	1	1	1	1	0:00:13.184853
4580	6	6	4	1	0:00:13.181413
4600	4	7	7	0	0:00:13.188140
4620	7	3	3	0	0:00:13.183028
4640	2	4	4	0	0:00:13.181216
4660	7	6	2	0	0:00:13.183070
4680	9	9	9	1	0:00:13.185990
4700	6	1	1	0	0:00:13.187555
4720	8	0	0	0	0:00:13.198306
4740	5	6	6	0	0:00:13.196671
4760	3	2	2	0	0:00:13.200799
4780	0	0	0	1	0:00:13.200253
4800	9	9	9	1	0:00:13.201967
4820	3	5	5	0	0:00:13.203500
4840	0	0	0	1	0:00:13.205755
4860	5	5	5	1	0:00:13.199888
4880	0	8	8	0	0:00:13.189000
4900	3	1	1	0	0:00:13.192494
4920	7	7	7	1	0:00:13.190426
4940	6	6	2	1	0:00:13.186794
4960	4	6	6	0	0:00:13.195358
4980	1	9	9	0	0:00:13.190291
5000	7	7	7	1	0:00:13.190882
5020	8	8	8	1	0:00:13.188314
5040	3	1	1	0	0:00:13.190175
5060	6	6	6	1	0:00:13.191521
5080	7	7	7	1	0:00:13.192442
5100	3	3	3	1	0:00:13.192091
5120	9	9	8	1	0:00:13.191611
5140	8	8	8	1	0:00:13.188440
5160	0	8	8	0	0:00:13.192948
5180	9	7	7	0	0:00:13.203732
5200	3	3	3	1	0:00:13.198615
5220	0	0	0	1	0:00:13.203148
5240	1	1	9	1	0:00:13.205915
5260	0	0	0	1	0:00:13.200814
5280	0	2	2	0	0:00:13.205417
5300	9	9	1	1	0:00:13.203191
5320	7	7	7	1	0:00:13.202247
5340	3	4	4	0	0:00:13.190205
5360	9	9	9	1	0:00:13.189853
5380	1	9	9	0	0:00:13.191598
5400	9	9	9	1	0:00:13.187601
5420	6	6	6	1	0:00:13.190940
5440	9	9	9	1	0:00:13.191649
5460	0	0	0	1	0:00:13.187131
5480	1	1	1	1	0:00:13.185310
5500	8	1	8	0	0:00:13.187315
5520	4	5	5	0	0:00:13.193285
5540	5	6	2	0	0:00:13.188982
5560	3	6	6	0	0:00:13.184685
5580	5	6	6	0	0:00:13.190235
5600	6	9	8	0	0:00:13.188093
5620	3	2	2	0	0:00:13.191946
5640	2	3	3	0	0:00:13.210115
5660	9	9	9	1	0:00:13.203531
5680	2	8	8	0	0:00:13.209040
5700	3	5	5	0	0:00:13.203633
5720	9	9	9	1	0:00:13.204688
5740	6	4	4	0	0:00:13.199354
5760	2	2	8	1	0:00:13.199056
5780	7	7	7	1	0:00:13.191723
5800	2	-1	4	0	0:00:13.187004
5820	5	6	6	0	0:00:13.187404
5840	2	6	6	0	0:00:13.187835
5860	0	0	0	1	0:00:13.185830
5880	0	0	0	1	0:00:13.183951
5900	4	5	4	0	0:00:13.188418
5920	8	8	8	1	0:00:13.192635
5940	7	4	4	0	0:00:13.189795
5960	2	4	4	0	0:00:13.189361
5980	9	9	9	1	0:00:13.185181
6000	8	9	8	0	0:00:13.181001
6020	6	6	6	1	0:00:13.189263
6040	2	7	7	0	0:00:13.192070
6060	3	4	4	0	0:00:13.191189
6080	1	1	1	1	0:00:13.196943
6100	1	1	1	1	0:00:13.208057
6120	5	5	5	1	0:00:13.203113
6140	9	9	9	1	0:00:13.203453
6160	2	5	5	0	0:00:13.204343
6180	0	9	9	0	0:00:13.202575
6200	3	3	3	1	0:00:13.207156
6220	2	6	6	0	0:00:13.200394
6240	2	-1	2	0	0:00:13.195152
6260	2	1	1	0	0:00:13.188697
6280	8	5	5	0	0:00:13.186858
6300	1	1	1	1	0:00:13.187456
6320	0	0	0	1	0:00:13.188348
6340	3	3	3	1	0:00:13.186009
6360	2	2	2	1	0:00:13.187449
6380	3	6	6	0	0:00:13.186409
6400	0	8	8	0	0:00:13.188313
6420	7	7	7	1	0:00:13.180316
6440	3	8	8	0	0:00:13.194152
6460	3	1	0	0	0:00:13.187662
6480	0	0	0	1	0:00:13.191674
6500	7	0	0	0	0:00:13.190144
6520	6	4	2	0	0:00:13.173602
6540	8	8	8	1	0:00:13.181442
6560	6	6	6	1	0:00:13.196357
6580	1	9	7	0	0:00:13.205191
6600	7	7	7	1	0:00:13.203120
6620	7	7	7	1	0:00:13.202083
6640	5	3	3	0	0:00:13.193978
6660	0	0	0	1	0:00:13.202615
6680	3	3	3	1	0:00:13.203353
6700	6	6	6	1	0:00:13.195261
6720	2	2	2	1	0:00:13.188671
6740	2	6	6	0	0:00:13.184113
6760	5	2	2	0	0:00:13.175360
6780	7	7	7	1	0:00:13.177379
6800	6	6	4	1	0:00:13.192793
6820	1	1	1	1	0:00:13.186287
6840	9	9	1	1	0:00:13.192881
6860	0	0	0	1	0:00:13.184333
6880	2	7	7	0	0:00:13.192225
6900	3	3	3	1	0:00:13.187469
6920	5	2	2	0	0:00:13.179305
6940	1	1	1	1	0:00:13.179028
6960	9	8	8	0	0:00:13.180856
6980	0	9	9	0	0:00:13.182488
7000	2	8	8	0	0:00:13.202359
7020	7	7	7	1	0:00:13.198330
7040	7	1	8	0	0:00:13.194835
7060	8	8	8	1	0:00:13.192946
7080	5	4	4	0	0:00:13.191174
7100	9	3	3	0	0:00:13.202764
7120	7	7	7	1	0:00:13.197719
7140	4	4	4	1	0:00:13.181812
7160	5	5	5	1	0:00:13.179796
7180	6	6	6	1	0:00:13.187244
7200	4	6	6	0	0:00:13.186334
7220	9	9	9	1	0:00:13.190708
7240	0	8	8	0	0:00:13.187784
7260	1	1	1	1	0:00:13.185943
7280	1	-1	9	0	0:00:13.186239
7300	3	7	7	0	0:00:13.187876
7320	8	0	0	0	0:00:13.187222
7340	2	4	0	0	0:00:13.189171
7360	2	7	2	0	0:00:13.189181
7380	7	7	7	1	0:00:13.187751
7400	3	9	3	0	0:00:13.191838
7420	3	0	0	0	0:00:13.184548
7440	3	6	6	0	0:00:13.189729
7460	5	5	5	1	0:00:13.201228
7480	1	1	8	1	0:00:13.202621
7500	6	6	6	1	0:00:13.204448
7520	4	6	4	0	0:00:13.199354
7540	5	5	5	1	0:00:13.207067
7560	0	0	0	1	0:00:13.201419
7580	8	8	8	1	0:00:13.203047
7600	8	9	9	0	0:00:13.196784
7620	5	9	9	0	0:00:13.187094
7640	9	9	9	1	0:00:13.190185
7660	7	9	1	0	0:00:13.189237
7680	3	9	9	0	0:00:13.190091
7700	6	6	6	1	0:00:13.181080
7720	5	4	4	0	0:00:13.168115
7740	4	2	2	0	0:00:13.169731
7760	2	9	9	0	0:00:13.175417
7780	3	9	9	0	0:00:13.180037
7800	0	0	0	1	0:00:13.173256
7820	5	8	8	0	0:00:13.170750
7840	1	1	1	1	0:00:13.173418
7860	8	-1	8	0	0:00:13.173346
7880	0	4	4	0	0:00:13.172870
7900	0	8	8	0	0:00:13.176020
7920	9	9	8	1	0:00:13.190120
7940	2	6	6	0	0:00:13.177948
7960	0	0	0	1	0:00:13.185729
7980	3	7	4	0	0:00:13.183887
8000	9	9	9	1	0:00:13.185011
8020	6	6	6	1	0:00:13.180191
8040	2	6	6	0	0:00:13.181285
8060	6	6	6	1	0:00:13.173423
8080	4	6	6	0	0:00:13.167146
8100	6	2	2	0	0:00:13.172381
8120	8	9	9	0	0:00:13.172445
8140	5	4	4	0	0:00:13.172029
8160	6	6	6	1	0:00:13.174585
8180	4	6	6	0	0:00:13.169385
8200	3	0	0	0	0:00:13.171127
8220	6	-1	2	0	0:00:13.169090
8240	7	7	7	1	0:00:13.169682
8260	1	1	1	1	0:00:13.170797
8280	4	3	3	0	0:00:13.176738
8300	5	2	2	0	0:00:13.170136
8320	7	7	7	1	0:00:13.166381
8340	5	5	5	1	0:00:13.172362
8360	7	7	7	1	0:00:13.179747
8380	9	9	9	1	0:00:13.190514
8400	0	8	8	0	0:00:13.178078
8420	3	6	4	0	0:00:13.180779
8440	5	3	3	0	0:00:13.184497
8460	8	8	8	1	0:00:13.178864
8480	2	2	2	1	0:00:13.182882
8500	4	2	2	0	0:00:13.171358
8520	8	8	8	1	0:00:13.168604
8540	4	6	2	0	0:00:13.164560
8560	7	7	7	1	0:00:13.169445
8580	3	9	9	0	0:00:13.171605
8600	3	7	3	0	0:00:13.166361
8620	3	4	4	0	0:00:13.169500
8640	1	1	1	1	0:00:13.168846
8660	7	5	5	0	0:00:13.174415
8680	3	9	0	0	0:00:13.170027
8700	3	3	3	1	0:00:13.169533
8720	2	0	0	0	0:00:13.167862
8740	2	4	4	0	0:00:13.171770
8760	8	8	8	1	0:00:13.171579
8780	4	4	4	1	0:00:13.165391
8800	0	0	0	1	0:00:13.169997
8820	2	2	2	1	0:00:13.184344
8840	2	1	7	0	0:00:13.183609
8860	2	2	2	1	0:00:13.177154
8880	1	1	1	1	0:00:13.180451
8900	2	4	4	0	0:00:13.175472
8920	6	6	6	1	0:00:13.176085
8940	6	3	3	0	0:00:13.186125
8960	0	0	0	1	0:00:13.184119
8980	9	9	9	1	0:00:13.176265
9000	8	8	8	1	0:00:13.168187
9020	7	7	7	1	0:00:13.169554
9040	2	5	5	0	0:00:13.174121
9060	9	5	5	0	0:00:13.172601
9080	3	0	0	0	0:00:13.170265
9100	9	6	6	0	0:00:13.161238
9120	3	0	0	0	0:00:13.164420
9140	7	7	7	1	0:00:13.170427
9160	5	5	5	1	0:00:13.167934
9180	5	5	5	1	0:00:13.169775
9200	8	8	8	1	0:00:13.164288
9220	8	8	8	1	0:00:13.166623
9240	8	8	8	1	0:00:13.170360
9260	5	5	5	1	0:00:13.170615
9280	9	8	8	0	0:00:13.177061
9300	5	5	5	1	0:00:13.183238
9320	9	9	9	1	0:00:13.183299
9340	1	1	1	1	0:00:13.183100
9360	5	0	0	0	0:00:13.175897
9380	5	9	3	0	0:00:13.174983
9400	6	6	2	1	0:00:13.177225
9420	5	5	5	1	0:00:13.169517
9440	8	8	8	1	0:00:13.169311
9460	3	6	6	0	0:00:13.163574
9480	2	4	4	0	0:00:13.167376
9500	9	1	1	0	0:00:13.171088
9520	1	1	1	1	0:00:13.172159
9540	5	5	5	1	0:00:13.168367
9560	9	7	7	0	0:00:13.166881
9580	1	1	1	1	0:00:13.168523
9600	8	8	8	1	0:00:13.169134
9620	4	7	7	0	0:00:13.167897
9640	5	7	7	0	0:00:13.171516
9660	6	6	6	1	0:00:13.172076
9680	8	8	8	1	0:00:13.171010
9700	0	0	0	1	0:00:13.168481
9720	8	6	4	0	0:00:13.168991
9740	3	6	6	0	0:00:13.181499
9760	9	7	7	0	0:00:13.175416
9780	4	6	6	0	0:00:13.177152
9800	1	1	1	1	0:00:13.180325
9820	0	8	8	0	0:00:13.177031
9840	4	3	3	0	0:00:13.182617
9860	0	2	8	0	0:00:13.175558
9880	7	7	4	1	0:00:13.171477
9900	8	8	8	1	0:00:13.166028
9920	6	6	6	1	0:00:13.166248
9940	4	5	5	0	0:00:13.173340
9960	2	0	0	0	0:00:13.170197
9980	0	0	0	1	0:00:13.170014
