idx	label	predict	basePredict	correct	time
0	3	-1	4	0	0:00:01.993692
20	7	9	9	0	0:00:01.828974
40	4	-1	8	0	0:00:01.816172
60	7	7	4	1	0:00:01.847910
80	8	8	8	1	0:00:01.799915
100	4	5	5	0	0:00:01.809019
120	8	8	8	1	0:00:01.815077
140	6	2	2	0	0:00:01.807797
160	2	2	2	1	0:00:01.867208
180	0	0	0	1	0:00:01.816782
200	5	3	3	0	0:00:01.839818
220	7	7	7	1	0:00:01.817574
240	1	1	1	1	0:00:01.802330
260	8	5	5	0	0:00:01.830464
280	9	9	9	1	0:00:01.815278
300	6	6	4	1	0:00:01.815455
320	3	5	2	0	0:00:01.803864
340	2	4	4	0	0:00:01.812237
360	9	6	6	0	0:00:01.805603
380	6	6	4	1	0:00:01.807726
400	9	1	1	0	0:00:01.809022
420	4	6	6	0	0:00:01.813824
440	1	1	1	1	0:00:01.860980
460	5	5	5	1	0:00:01.794453
480	8	9	9	0	0:00:01.803831
500	4	6	6	0	0:00:01.881707
520	5	7	7	0	0:00:01.811567
540	1	8	8	0	0:00:01.816595
560	0	0	0	1	0:00:01.841666
580	4	6	6	0	0:00:01.825529
600	8	8	8	1	0:00:01.810677
620	7	6	6	0	0:00:01.880110
640	5	3	3	0	0:00:01.889199
660	9	9	9	1	0:00:01.831490
680	9	-1	1	0	0:00:01.807061
700	7	7	7	1	0:00:01.802655
720	4	9	9	0	0:00:01.876489
740	2	5	5	0	0:00:01.824832
760	3	9	9	0	0:00:01.810247
780	9	-1	8	0	0:00:01.808744
800	7	7	7	1	0:00:01.810448
820	6	9	9	0	0:00:01.816271
840	7	7	7	1	0:00:01.815453
860	4	6	6	0	0:00:01.837386
880	8	8	8	1	0:00:01.802709
900	2	6	6	0	0:00:01.812624
920	6	2	2	0	0:00:01.832967
940	9	1	1	0	0:00:01.809530
960	9	9	8	1	0:00:01.812981
980	2	6	6	0	0:00:01.808703
1000	5	5	5	1	0:00:01.723702
1020	1	1	1	1	0:00:01.723118
1040	7	5	5	0	0:00:01.724931
1060	9	9	9	1	0:00:01.724471
1080	6	6	6	1	0:00:01.723031
1100	7	8	8	0	0:00:01.721090
1120	5	2	2	0	0:00:01.720593
1140	6	6	6	1	0:00:01.719294
1160	8	0	0	0	0:00:01.718668
1180	3	9	9	0	0:00:01.720498
1200	8	0	0	0	0:00:01.722986
1220	9	-1	2	0	0:00:01.717213
1240	2	6	6	0	0:00:01.721996
1260	1	9	9	0	0:00:01.719740
1280	3	7	7	0	0:00:01.721282
1300	4	6	6	0	0:00:01.720533
1320	7	7	2	1	0:00:01.718967
1340	1	1	1	1	0:00:01.719870
1360	7	-1	2	0	0:00:01.720384
1380	4	5	5	0	0:00:01.719992
1400	5	-1	4	0	0:00:01.715833
1420	4	7	7	0	0:00:01.719427
1440	0	-1	0	0	0:00:01.719856
1460	6	6	6	1	0:00:01.720115
1480	1	5	5	0	0:00:01.722746
1500	1	9	9	0	0:00:01.720515
1520	7	6	6	0	0:00:01.721438
1540	8	8	8	1	0:00:01.717864
1560	7	7	7	1	0:00:01.721891
1580	6	1	1	0	0:00:01.720524
1600	8	-1	6	0	0:00:01.720160
1620	5	8	8	0	0:00:01.717417
1640	7	5	5	0	0:00:01.722353
1660	3	5	5	0	0:00:01.719271
1680	6	6	6	1	0:00:01.718312
1700	5	2	2	0	0:00:01.718629
1720	4	0	0	0	0:00:01.719304
1740	1	9	9	0	0:00:01.718904
1760	0	8	8	0	0:00:01.716144
1780	7	8	8	0	0:00:01.720006
1800	4	8	8	0	0:00:01.717879
1820	8	1	1	0	0:00:01.720895
1840	8	-1	7	0	0:00:01.720421
1860	8	8	8	1	0:00:01.719258
1880	1	1	1	1	0:00:01.719410
1900	8	8	8	1	0:00:01.718539
1920	2	2	2	1	0:00:01.720915
1940	5	-1	2	0	0:00:01.717101
1960	2	5	5	0	0:00:01.720953
1980	9	9	9	1	0:00:01.718011
2000	1	6	6	0	0:00:01.721351
2020	9	9	9	1	0:00:01.719259
2040	0	8	8	0	0:00:01.720151
2060	5	5	5	1	0:00:01.717439
2080	1	1	1	1	0:00:01.716751
2100	2	4	4	0	0:00:01.715660
2120	4	8	8	0	0:00:01.717586
2140	9	-1	1	0	0:00:01.720653
2160	0	8	8	0	0:00:01.718626
2180	4	6	6	0	0:00:01.720636
2200	0	0	0	1	0:00:01.717649
2220	1	1	1	1	0:00:01.719289
2240	9	9	9	1	0:00:01.719243
2260	4	-1	4	0	0:00:01.718393
2280	4	8	8	0	0:00:01.721651
2300	3	6	6	0	0:00:01.721008
2320	5	-1	0	0	0:00:01.718892
2340	7	7	7	1	0:00:01.718894
2360	7	7	7	1	0:00:01.723398
2380	8	8	8	1	0:00:01.719212
2400	0	4	4	0	0:00:01.719510
2420	8	5	5	0	0:00:01.720065
2440	7	1	8	0	0:00:01.723392
2460	9	9	6	1	0:00:01.723280
2480	8	8	8	1	0:00:01.722678
2500	4	6	4	0	0:00:01.720515
2520	1	8	8	0	0:00:01.722165
2540	2	3	3	0	0:00:01.721146
2560	7	6	2	0	0:00:01.719814
2580	6	-1	4	0	0:00:01.719115
2600	8	8	8	1	0:00:01.719402
2620	1	-1	6	0	0:00:01.719855
2640	7	7	7	1	0:00:01.721127
2660	3	0	0	0	0:00:01.716034
2680	0	0	0	1	0:00:01.718423
2700	9	3	3	0	0:00:01.719880
2720	3	8	8	0	0:00:01.719826
2740	1	1	1	1	0:00:01.717715
2760	2	6	6	0	0:00:01.720125
2780	7	7	7	1	0:00:01.715477
2800	4	6	6	0	0:00:01.721078
2820	6	6	6	1	0:00:01.719924
2840	3	7	7	0	0:00:01.722453
2860	5	7	7	0	0:00:01.720122
2880	4	4	4	1	0:00:01.721840
2900	3	5	5	0	0:00:01.720927
2920	2	3	8	0	0:00:01.718889
2940	3	0	0	0	0:00:01.717525
2960	9	-1	9	0	0:00:01.721077
2980	8	1	1	0	0:00:01.720287
3000	5	5	5	1	0:00:01.724213
3020	1	1	8	1	0:00:01.721638
3040	7	7	7	1	0:00:01.722450
3060	7	7	7	1	0:00:01.719601
3080	1	6	2	0	0:00:01.718684
3100	0	0	0	1	0:00:01.719562
3120	4	6	6	0	0:00:01.722149
3140	8	8	8	1	0:00:01.719947
3160	6	4	4	0	0:00:01.722847
3180	3	9	8	0	0:00:01.722834
3200	5	7	7	0	0:00:01.723251
3220	3	9	9	0	0:00:01.722614
3240	4	1	8	0	0:00:01.716432
3260	7	-1	7	0	0:00:01.710777
3280	3	-1	0	0	0:00:01.714111
3300	4	-1	6	0	0:00:01.720617
3320	2	7	7	0	0:00:01.723579
3340	6	6	6	1	0:00:01.720520
3360	4	6	6	0	0:00:01.721934
3380	8	8	8	1	0:00:01.718112
3400	6	1	1	0	0:00:01.721943
3420	5	6	6	0	0:00:01.719835
3440	2	9	9	0	0:00:01.722216
3460	1	1	1	1	0:00:01.720800
3480	2	2	2	1	0:00:01.721159
3500	1	1	1	1	0:00:01.719652
3520	1	1	1	1	0:00:01.720124
3540	6	-1	8	0	0:00:01.719716
3560	1	9	9	0	0:00:01.721885
3580	4	1	1	0	0:00:01.723006
3600	4	2	2	0	0:00:01.720189
3620	0	7	6	0	0:00:01.721905
3640	6	2	0	0	0:00:01.721032
3660	0	8	8	0	0:00:01.721581
3680	0	2	2	0	0:00:01.724639
3700	3	5	5	0	0:00:01.718704
3720	2	2	2	1	0:00:01.720510
3740	0	0	0	1	0:00:01.721855
3760	7	7	7	1	0:00:01.721789
3780	4	-1	2	0	0:00:01.719151
3800	9	3	3	0	0:00:01.722199
3820	0	0	0	1	0:00:01.718206
3840	6	-1	8	0	0:00:01.724349
3860	7	7	7	1	0:00:01.719231
3880	6	4	4	0	0:00:01.720572
3900	3	0	0	0	0:00:01.717608
3920	7	-1	8	0	0:00:01.720201
3940	6	-1	7	0	0:00:01.717681
3960	2	5	5	0	0:00:01.721274
3980	9	-1	7	0	0:00:01.721813
4000	8	7	0	0	0:00:01.715777
4020	8	8	8	1	0:00:01.711857
4040	0	0	0	1	0:00:01.720744
4060	6	-1	0	0	0:00:01.721212
4080	1	-1	8	0	0:00:01.725220
4100	7	7	7	1	0:00:01.720971
4120	4	0	0	0	0:00:01.719980
4140	5	-1	3	0	0:00:01.721107
4160	5	2	2	0	0:00:01.723686
4180	0	-1	8	0	0:00:01.720902
4200	4	2	2	0	0:00:01.719779
4220	4	0	0	0	0:00:01.720077
4240	7	8	8	0	0:00:01.719824
4260	8	8	8	1	0:00:01.720705
4280	8	8	8	1	0:00:01.724257
4300	8	8	8	1	0:00:01.722276
4320	1	8	8	0	0:00:01.720916
4340	0	-1	0	0	0:00:01.713499
4360	6	9	9	0	0:00:01.719793
4380	9	9	9	1	0:00:01.717723
4400	3	-1	8	0	0:00:01.720983
4420	5	8	8	0	0:00:01.723134
4440	2	6	6	0	0:00:01.725825
4460	9	-1	8	0	0:00:01.721653
4480	9	9	6	1	0:00:01.725954
4500	3	7	7	0	0:00:01.721967
4520	3	6	6	0	0:00:01.721665
4540	9	9	9	1	0:00:01.717282
4560	1	1	1	1	0:00:01.720106
4580	6	6	6	1	0:00:01.719908
4600	4	7	7	0	0:00:01.718313
4620	7	3	3	0	0:00:01.717001
4640	2	5	5	0	0:00:01.721577
4660	7	6	2	0	0:00:01.719207
4680	9	1	1	0	0:00:01.723335
4700	6	1	1	0	0:00:01.722367
4720	8	0	0	0	0:00:01.720262
4740	5	6	6	0	0:00:01.719459
4760	3	2	2	0	0:00:01.720431
4780	0	-1	0	0	0:00:01.716690
4800	9	9	9	1	0:00:01.720158
4820	3	5	5	0	0:00:01.720638
4840	0	0	0	1	0:00:01.724046
4860	5	5	5	1	0:00:01.720459
4880	0	2	2	0	0:00:01.720590
4900	3	1	1	0	0:00:01.717836
4920	7	-1	0	0	0:00:01.721560
4940	6	6	2	1	0:00:01.718522
4960	4	6	6	0	0:00:01.724062
4980	1	9	9	0	0:00:01.720388
5000	7	7	7	1	0:00:01.720851
5020	8	8	8	1	0:00:01.718353
5040	3	4	4	0	0:00:01.720606
5060	6	6	6	1	0:00:01.718995
5080	7	7	7	1	0:00:01.721031
5100	3	4	4	0	0:00:01.719372
5120	9	8	8	0	0:00:01.718690
5140	8	8	8	1	0:00:01.715729
5160	0	8	8	0	0:00:01.720310
5180	9	6	6	0	0:00:01.717825
5200	3	3	3	1	0:00:01.721468
5220	0	0	0	1	0:00:01.718570
5240	1	9	3	0	0:00:01.720036
5260	0	0	0	1	0:00:01.719393
5280	0	8	8	0	0:00:01.723932
5300	9	1	1	0	0:00:01.720553
5320	7	7	7	1	0:00:01.718451
5340	3	-1	2	0	0:00:01.721119
5360	9	9	9	1	0:00:01.721996
5380	1	9	9	0	0:00:01.717279
5400	9	0	0	0	0:00:01.716798
5420	6	6	6	1	0:00:01.720598
5440	9	9	9	1	0:00:01.722014
5460	0	-1	2	0	0:00:01.722029
5480	1	-1	8	0	0:00:01.719851
5500	8	1	8	0	0:00:01.720093
5520	4	5	5	0	0:00:01.721016
5540	5	6	6	0	0:00:01.720508
5560	3	6	6	0	0:00:01.722818
5580	5	6	6	0	0:00:01.750934
5600	6	8	8	0	0:00:01.718421
5620	3	4	4	0	0:00:01.717194
5640	2	3	3	0	0:00:01.723557
5660	9	-1	8	0	0:00:01.721947
5680	2	1	8	0	0:00:01.722627
5700	3	6	6	0	0:00:01.751231
5720	9	9	9	1	0:00:01.722529
5740	6	6	6	1	0:00:01.725764
5760	2	2	8	1	0:00:01.724526
5780	7	7	7	1	0:00:01.722488
5800	2	6	6	0	0:00:01.723223
5820	5	6	6	0	0:00:01.720288
5840	2	6	6	0	0:00:01.724200
5860	0	8	8	0	0:00:01.720832
5880	0	8	0	0	0:00:01.724800
5900	4	5	4	0	0:00:01.723923
5920	8	8	8	1	0:00:01.726717
5940	7	4	4	0	0:00:01.720505
5960	2	7	7	0	0:00:01.722964
5980	9	9	9	1	0:00:01.724283
6000	8	-1	8	0	0:00:01.723895
6020	6	6	6	1	0:00:01.725251
6040	2	7	7	0	0:00:01.725386
6060	3	-1	4	0	0:00:01.720343
6080	1	1	1	1	0:00:01.721079
6100	1	1	8	1	0:00:01.720756
6120	5	5	5	1	0:00:01.723769
6140	9	9	9	1	0:00:01.728436
6160	2	5	5	0	0:00:01.724576
6180	0	8	8	0	0:00:01.722039
6200	3	-1	3	0	0:00:01.725035
6220	2	6	6	0	0:00:01.725371
6240	2	-1	6	0	0:00:01.725636
6260	2	9	9	0	0:00:01.776179
6280	8	5	5	0	0:00:01.731947
6300	1	-1	4	0	0:00:01.721405
6320	0	0	0	1	0:00:01.722859
6340	3	3	3	1	0:00:01.724288
6360	2	-1	2	0	0:00:01.721913
6380	3	1	6	0	0:00:01.717020
6400	0	1	1	0	0:00:01.715902
6420	7	-1	7	0	0:00:01.744955
6440	3	8	8	0	0:00:01.721685
6460	3	1	1	0	0:00:01.724095
6480	0	0	0	1	0:00:01.722811
6500	7	0	0	0	0:00:01.718439
6520	6	-1	4	0	0:00:01.721579
6540	8	8	8	1	0:00:01.720422
6560	6	6	6	1	0:00:01.721338
6580	1	8	8	0	0:00:01.719756
6600	7	7	7	1	0:00:01.721000
6620	7	7	7	1	0:00:01.721250
6640	5	3	3	0	0:00:01.719337
6660	0	0	0	1	0:00:01.720989
6680	3	3	3	1	0:00:01.722707
6700	6	6	6	1	0:00:01.719591
6720	2	2	2	1	0:00:01.719816
6740	2	6	6	0	0:00:01.719981
6760	5	-1	2	0	0:00:01.721870
6780	7	7	7	1	0:00:01.719277
6800	6	6	6	1	0:00:01.722180
6820	1	1	1	1	0:00:01.721770
6840	9	1	1	0	0:00:01.721669
6860	0	0	0	1	0:00:01.720228
6880	2	7	7	0	0:00:01.724042
6900	3	7	7	0	0:00:01.720295
6920	5	2	2	0	0:00:01.721577
6940	1	1	1	1	0:00:01.720471
6960	9	8	8	0	0:00:01.720841
6980	0	9	9	0	0:00:01.718681
7000	2	8	8	0	0:00:01.722425
7020	7	7	7	1	0:00:01.720238
7040	7	8	8	0	0:00:01.724375
7060	8	-1	8	0	0:00:01.722265
7080	5	4	4	0	0:00:01.722665
7100	9	3	3	0	0:00:01.720537
7120	7	7	7	1	0:00:01.724579
7140	4	4	4	1	0:00:01.716388
7160	5	4	4	0	0:00:01.717015
7180	6	6	6	1	0:00:01.718910
7200	4	6	6	0	0:00:01.721137
7220	9	8	8	0	0:00:01.721822
7240	0	8	8	0	0:00:01.721108
7260	1	8	8	0	0:00:01.716952
7280	1	1	6	1	0:00:01.719357
7300	3	0	0	0	0:00:01.720373
7320	8	0	0	0	0:00:01.721997
7340	2	4	4	0	0:00:01.719738
7360	2	-1	5	0	0:00:01.722187
7380	7	7	7	1	0:00:01.719008
7400	3	9	9	0	0:00:01.721172
7420	3	0	0	0	0:00:01.720164
7440	3	6	6	0	0:00:01.721201
7460	5	5	5	1	0:00:01.719204
7480	1	5	5	0	0:00:01.721554
7500	6	6	6	1	0:00:01.720320
7520	4	6	6	0	0:00:01.723374
7540	5	5	5	1	0:00:01.721373
7560	0	-1	2	0	0:00:01.719531
7580	8	8	8	1	0:00:01.720347
7600	8	9	9	0	0:00:01.722181
7620	5	3	3	0	0:00:01.721481
7640	9	-1	8	0	0:00:01.722158
7660	7	-1	1	0	0:00:01.719698
7680	3	9	9	0	0:00:01.723691
7700	6	6	6	1	0:00:01.719431
7720	5	-1	6	0	0:00:01.719234
7740	4	6	2	0	0:00:01.721591
7760	2	9	9	0	0:00:01.723546
7780	3	1	1	0	0:00:01.718719
7800	0	0	0	1	0:00:01.717720
7820	5	8	8	0	0:00:01.717065
7840	1	1	1	1	0:00:01.720172
7860	8	-1	4	0	0:00:01.718127
7880	0	-1	2	0	0:00:01.721234
7900	0	8	8	0	0:00:01.721519
7920	9	8	8	0	0:00:01.720111
7940	2	6	6	0	0:00:01.719824
7960	0	0	0	1	0:00:01.720063
7980	3	7	4	0	0:00:01.720109
8000	9	9	9	1	0:00:01.719600
8020	6	6	6	1	0:00:01.719529
8040	2	6	6	0	0:00:01.722789
8060	6	6	6	1	0:00:01.718139
8080	4	6	6	0	0:00:01.720026
8100	6	2	2	0	0:00:01.719199
8120	8	9	8	0	0:00:01.720068
8140	5	6	6	0	0:00:01.719833
8160	6	9	6	0	0:00:01.722620
8180	4	6	6	0	0:00:01.718314
8200	3	6	6	0	0:00:01.721111
8220	6	6	6	1	0:00:01.720074
8240	7	7	7	1	0:00:01.723342
8260	1	1	1	1	0:00:01.717227
8280	4	5	5	0	0:00:01.721800
8300	5	2	2	0	0:00:01.716002
8320	7	4	4	0	0:00:01.721354
8340	5	5	5	1	0:00:01.721016
8360	7	7	7	1	0:00:01.723465
8380	9	8	8	0	0:00:01.717853
8400	0	8	8	0	0:00:01.723501
8420	3	6	4	0	0:00:01.720292
8440	5	-1	4	0	0:00:01.723991
8460	8	8	8	1	0:00:01.719417
8480	2	1	8	0	0:00:01.720942
8500	4	2	2	0	0:00:01.718832
8520	8	6	6	0	0:00:01.722069
8540	4	6	4	0	0:00:01.719633
8560	7	7	7	1	0:00:01.722849
8580	3	1	1	0	0:00:01.720404
8600	3	7	7	0	0:00:01.722179
8620	3	-1	4	0	0:00:01.721612
8640	1	1	1	1	0:00:01.723057
8660	7	5	5	0	0:00:01.720444
8680	3	9	0	0	0:00:01.722215
8700	3	5	5	0	0:00:01.716851
8720	2	0	0	0	0:00:01.719619
8740	2	6	6	0	0:00:01.719062
8760	8	8	8	1	0:00:01.720901
8780	4	4	4	1	0:00:01.720222
8800	0	0	0	1	0:00:01.719424
8820	2	2	2	1	0:00:01.719992
8840	2	1	1	0	0:00:01.721624
8860	2	-1	2	0	0:00:01.719549
8880	1	1	6	1	0:00:01.720457
8900	2	6	4	0	0:00:01.720071
8920	6	6	6	1	0:00:01.723580
8940	6	3	3	0	0:00:01.722936
8960	0	0	0	1	0:00:01.718461
8980	9	9	9	1	0:00:01.719803
9000	8	8	8	1	0:00:01.718450
9020	7	-1	7	0	0:00:01.721691
9040	2	5	5	0	0:00:01.720216
9060	9	5	5	0	0:00:01.718840
9080	3	0	0	0	0:00:01.720793
9100	9	6	6	0	0:00:01.721993
9120	3	0	0	0	0:00:01.720595
9140	7	8	8	0	0:00:01.718315
9160	5	5	5	1	0:00:01.722563
9180	5	5	5	1	0:00:01.720380
9200	8	8	8	1	0:00:01.719554
9220	8	8	8	1	0:00:01.719787
9240	8	8	8	1	0:00:01.720282
9260	5	5	5	1	0:00:01.721554
9280	9	0	8	0	0:00:01.721107
9300	5	5	2	1	0:00:01.717792
9320	9	9	8	1	0:00:01.723711
9340	1	1	1	1	0:00:01.719362
9360	5	-1	6	0	0:00:01.718502
9380	5	9	9	0	0:00:01.723246
9400	6	6	6	1	0:00:01.719249
9420	5	6	6	0	0:00:01.722292
9440	8	8	8	1	0:00:01.722078
9460	3	6	6	0	0:00:01.717570
9480	2	-1	4	0	0:00:01.718736
9500	9	1	1	0	0:00:01.720010
9520	1	1	1	1	0:00:01.715767
9540	5	5	5	1	0:00:01.715189
9560	9	7	7	0	0:00:01.719244
9580	1	4	4	0	0:00:01.721299
9600	8	8	8	1	0:00:01.720323
9620	4	7	7	0	0:00:01.721325
9640	5	0	0	0	0:00:01.719738
9660	6	6	6	1	0:00:01.720000
9680	8	8	8	1	0:00:01.720094
9700	0	0	0	1	0:00:01.721362
9720	8	6	6	0	0:00:01.717319
9740	3	6	6	0	0:00:01.719503
9760	9	9	7	1	0:00:01.719508
9780	4	6	6	0	0:00:01.717855
9800	1	1	1	1	0:00:01.720770
9820	0	8	8	0	0:00:01.719965
9840	4	7	7	0	0:00:01.721944
9860	0	-1	8	0	0:00:01.719787
9880	7	-1	4	0	0:00:01.720100
9900	8	0	0	0	0:00:01.719481
9920	6	6	6	1	0:00:01.719693
9940	4	5	5	0	0:00:01.720952
9960	2	0	0	0	0:00:01.720944
9980	0	0	0	1	0:00:01.717319
