idx	label	predict	basePredict	correct	time
0	3	3	3	1	0:00:02.849783
20	7	5	5	0	0:00:02.808706
40	4	4	4	1	0:00:02.813731
60	7	7	7	1	0:00:02.799991
80	8	8	8	1	0:00:02.890249
100	4	5	5	0	0:00:02.808980
120	8	1	8	0	0:00:02.823215
140	6	6	2	1	0:00:02.851632
160	2	2	2	1	0:00:02.833977
180	0	0	0	1	0:00:02.844761
200	5	5	5	1	0:00:02.890800
220	7	5	5	0	0:00:02.808995
240	1	1	1	1	0:00:02.844493
260	8	8	8	1	0:00:02.806643
280	9	-1	0	0	0:00:02.811439
300	6	6	6	1	0:00:02.802079
320	3	-1	5	0	0:00:02.800155
340	2	4	4	0	0:00:02.787164
360	9	9	3	1	0:00:02.801370
380	6	6	2	1	0:00:02.880023
400	9	9	9	1	0:00:02.800839
420	4	4	4	1	0:00:02.793106
440	1	1	1	1	0:00:02.798733
460	5	5	5	1	0:00:02.785682
480	8	9	8	0	0:00:02.852669
500	4	3	3	0	0:00:02.807036
520	5	5	5	1	0:00:02.797665
540	1	1	1	1	0:00:02.787712
560	0	0	0	1	0:00:02.812625
580	4	4	4	1	0:00:02.803156
600	8	8	8	1	0:00:02.793450
620	7	7	7	1	0:00:02.801831
640	5	3	3	0	0:00:02.813793
660	9	9	8	1	0:00:02.809268
680	9	9	2	1	0:00:02.834692
700	7	7	7	1	0:00:02.784331
720	4	9	4	0	0:00:02.888364
740	2	5	5	0	0:00:02.800582
760	3	3	3	1	0:00:02.795812
780	9	9	9	1	0:00:02.835468
800	7	7	7	1	0:00:02.766914
820	6	6	2	1	0:00:02.783076
840	7	7	7	1	0:00:02.889098
860	4	7	2	0	0:00:02.816941
880	8	8	8	1	0:00:02.817076
900	2	6	6	0	0:00:02.772835
920	6	6	4	1	0:00:02.817673
940	9	9	9	1	0:00:02.824104
960	9	3	3	0	0:00:02.788346
980	2	4	2	0	0:00:02.816387
1000	5	5	5	1	0:00:02.092828
1020	1	1	1	1	0:00:02.184901
1040	7	5	5	0	0:00:02.153059
1060	9	9	9	1	0:00:02.088238
1080	6	6	6	1	0:00:02.177272
1100	7	8	8	0	0:00:02.104713
1120	5	2	2	0	0:00:02.103970
1140	6	6	5	1	0:00:02.144523
1160	8	8	8	1	0:00:02.150882
1180	3	3	3	1	0:00:02.102776
1200	8	8	8	1	0:00:02.111272
1220	9	6	3	0	0:00:02.132773
1240	2	6	6	0	0:00:02.103830
1260	1	9	9	0	0:00:02.103204
1280	3	3	3	1	0:00:02.106538
1300	4	3	3	0	0:00:02.107495
1320	7	7	2	1	0:00:02.089682
1340	1	1	1	1	0:00:02.091277
1360	7	7	4	1	0:00:02.094176
1380	4	5	5	0	0:00:02.088500
1400	5	3	5	0	0:00:02.070733
1420	4	7	7	0	0:00:02.071345
1440	0	0	8	1	0:00:02.093584
1460	6	6	2	1	0:00:02.127006
1480	1	5	5	0	0:00:02.137243
1500	1	1	1	1	0:00:02.105080
1520	7	7	4	1	0:00:02.104723
1540	8	8	8	1	0:00:02.083997
1560	7	7	7	1	0:00:02.093357
1580	6	3	3	0	0:00:02.106094
1600	8	9	3	0	0:00:02.068870
1620	5	-1	2	0	0:00:02.087034
1640	7	3	3	0	0:00:02.131824
1660	3	3	3	1	0:00:02.111119
1680	6	6	3	1	0:00:02.089980
1700	5	3	3	0	0:00:02.089532
1720	4	4	3	1	0:00:02.088224
1740	1	1	1	1	0:00:02.072646
1760	0	0	0	1	0:00:02.087014
1780	7	7	4	1	0:00:02.091598
1800	4	4	2	1	0:00:02.094658
1820	8	8	8	1	0:00:02.098815
1840	8	7	4	0	0:00:02.092390
1860	8	8	8	1	0:00:02.118138
1880	1	1	1	1	0:00:02.089586
1900	8	8	8	1	0:00:02.105869
1920	2	2	2	1	0:00:02.103518
1940	5	2	2	0	0:00:02.078493
1960	2	5	2	0	0:00:02.093354
1980	9	9	9	1	0:00:02.092324
2000	1	1	1	1	0:00:02.087636
2020	9	9	9	1	0:00:02.087918
2040	0	0	0	1	0:00:02.077673
2060	5	3	3	0	0:00:02.104982
2080	1	9	9	0	0:00:02.076708
2100	2	2	2	1	0:00:02.089716
2120	4	8	8	0	0:00:02.122512
2140	9	9	9	1	0:00:02.093012
2160	0	0	8	1	0:00:02.141333
2180	4	4	4	1	0:00:02.190588
2200	0	0	0	1	0:00:02.108770
2220	1	1	1	1	0:00:02.082833
2240	9	9	1	1	0:00:02.096242
2260	4	4	4	1	0:00:02.107234
2280	4	4	8	1	0:00:02.099717
2300	3	4	4	0	0:00:02.086522
2320	5	2	2	0	0:00:02.073367
2340	7	7	7	1	0:00:02.084708
2360	7	5	5	0	0:00:02.096771
2380	8	8	8	1	0:00:02.085652
2400	0	0	0	1	0:00:02.072801
2420	8	1	3	0	0:00:02.102920
2440	7	7	7	1	0:00:02.076078
2460	9	4	4	0	0:00:02.109008
2480	8	8	8	1	0:00:02.121445
2500	4	6	4	0	0:00:02.077009
2520	1	8	8	0	0:00:02.071223
2540	2	6	2	0	0:00:02.081501
2560	7	7	5	1	0:00:02.082330
2580	6	5	5	0	0:00:02.157296
2600	8	8	8	1	0:00:02.079396
2620	1	1	1	1	0:00:02.103166
2640	7	7	7	1	0:00:02.097265
2660	3	2	2	0	0:00:02.143639
2680	0	0	0	1	0:00:02.101027
2700	9	1	1	0	0:00:02.142642
2720	3	3	3	1	0:00:02.120244
2740	1	7	2	0	0:00:02.089842
2760	2	2	2	1	0:00:02.084271
2780	7	7	7	1	0:00:02.174255
2800	4	4	3	1	0:00:02.199509
2820	6	6	6	1	0:00:02.164249
2840	3	3	3	1	0:00:02.164679
2860	5	4	4	0	0:00:02.149210
2880	4	4	4	1	0:00:02.078351
2900	3	7	2	0	0:00:02.071785
2920	2	3	3	0	0:00:02.072011
2940	3	0	0	0	0:00:02.139913
2960	9	0	0	0	0:00:02.169335
2980	8	8	8	1	0:00:02.083347
3000	5	5	5	1	0:00:02.086734
3020	1	1	1	1	0:00:02.092494
3040	7	7	7	1	0:00:02.093132
3060	7	7	7	1	0:00:02.072984
3080	1	9	9	0	0:00:02.101773
3100	0	0	0	1	0:00:02.082080
3120	4	4	3	1	0:00:02.076982
3140	8	8	8	1	0:00:02.072202
3160	6	2	2	0	0:00:02.104317
3180	3	6	3	0	0:00:02.161607
3200	5	5	5	1	0:00:02.085567
3220	3	9	3	0	0:00:02.073877
3240	4	0	0	0	0:00:02.107650
3260	7	7	7	1	0:00:02.071786
3280	3	5	5	0	0:00:02.080845
3300	4	4	2	1	0:00:02.081290
3320	2	7	7	0	0:00:02.089587
3340	6	6	0	1	0:00:02.088078
3360	4	4	3	1	0:00:02.081972
3380	8	8	8	1	0:00:02.090999
3400	6	4	4	0	0:00:02.098400
3420	5	7	7	0	0:00:02.107541
3440	2	3	3	0	0:00:02.124956
3460	1	1	1	1	0:00:02.080534
3480	2	2	2	1	0:00:02.097912
3500	1	9	9	0	0:00:02.105133
3520	1	1	1	1	0:00:02.143430
3540	6	6	3	1	0:00:02.102078
3560	1	9	9	0	0:00:02.087636
3580	4	4	4	1	0:00:02.104365
3600	4	2	2	0	0:00:02.089169
3620	0	0	5	1	0:00:02.131826
3640	6	2	2	0	0:00:02.079920
3660	0	0	8	1	0:00:02.079630
3680	0	4	0	0	0:00:02.089334
3700	3	3	3	1	0:00:02.111558
3720	2	2	2	1	0:00:02.080054
3740	0	0	0	1	0:00:02.078141
3760	7	7	7	1	0:00:02.075662
3780	4	4	2	1	0:00:02.092525
3800	9	9	9	1	0:00:02.099407
3820	0	8	8	0	0:00:02.091187
3840	6	3	3	0	0:00:02.088902
3860	7	7	7	1	0:00:02.077421
3880	6	6	5	1	0:00:02.074788
3900	3	6	6	0	0:00:02.081094
3920	7	7	7	1	0:00:02.084936
3940	6	2	2	0	0:00:02.086764
3960	2	2	2	1	0:00:02.198814
3980	9	-1	3	0	0:00:02.095248
4000	8	4	2	0	0:00:02.102063
4020	8	8	8	1	0:00:02.084885
4040	0	0	0	1	0:00:02.094817
4060	6	6	0	1	0:00:02.175350
4080	1	1	1	1	0:00:02.091359
4100	7	7	7	1	0:00:02.084486
4120	4	4	4	1	0:00:02.106848
4140	5	5	3	1	0:00:02.161396
4160	5	3	2	0	0:00:02.121728
4180	0	8	8	0	0:00:02.129819
4200	4	2	2	0	0:00:02.157066
4220	4	0	0	0	0:00:02.085811
4240	7	0	0	0	0:00:02.086854
4260	8	8	8	1	0:00:02.148751
4280	8	0	0	0	0:00:02.134200
4300	8	8	8	1	0:00:02.120235
4320	1	9	8	0	0:00:02.130371
4340	0	0	0	1	0:00:02.074649
4360	6	6	6	1	0:00:02.077952
4380	9	9	9	1	0:00:02.084645
4400	3	-1	5	0	0:00:02.091885
4420	5	5	5	1	0:00:02.084046
4440	2	4	2	0	0:00:02.081077
4460	9	9	9	1	0:00:02.086837
4480	9	9	9	1	0:00:02.085124
4500	3	5	5	0	0:00:02.080002
4520	3	6	3	0	0:00:02.077014
4540	9	9	9	1	0:00:02.087081
4560	1	1	1	1	0:00:02.090673
4580	6	6	4	1	0:00:02.069808
4600	4	4	4	1	0:00:02.063584
4620	7	3	3	0	0:00:02.061922
4640	2	2	5	1	0:00:02.062709
4660	7	4	4	0	0:00:02.066568
4680	9	9	9	1	0:00:02.069382
4700	6	5	5	0	0:00:02.076795
4720	8	8	8	1	0:00:02.079551
4740	5	3	3	0	0:00:02.071918
4760	3	2	2	0	0:00:02.071237
4780	0	0	0	1	0:00:02.069328
4800	9	9	9	1	0:00:02.076315
4820	3	3	3	1	0:00:02.082824
4840	0	0	0	1	0:00:02.081075
4860	5	5	5	1	0:00:02.070191
4880	0	8	8	0	0:00:02.075255
4900	3	3	3	1	0:00:02.082120
4920	7	7	7	1	0:00:02.101694
4940	6	6	4	1	0:00:02.078987
4960	4	4	3	1	0:00:02.077750
4980	1	9	9	0	0:00:02.068709
5000	7	7	7	1	0:00:02.078151
5020	8	8	8	1	0:00:02.076580
5040	3	3	3	1	0:00:02.077636
5060	6	6	2	1	0:00:02.077466
5080	7	7	7	1	0:00:02.080473
5100	3	3	3	1	0:00:02.080100
5120	9	9	8	1	0:00:02.090784
5140	8	8	8	1	0:00:02.090232
5160	0	0	8	1	0:00:02.098724
5180	9	7	7	0	0:00:02.103573
5200	3	3	3	1	0:00:02.086958
5220	0	0	0	1	0:00:02.094241
5240	1	1	9	1	0:00:02.073959
5260	0	0	0	1	0:00:02.086535
5280	0	4	4	0	0:00:02.082993
5300	9	9	9	1	0:00:02.083551
5320	7	7	7	1	0:00:02.078928
5340	3	4	4	0	0:00:02.093907
5360	9	9	9	1	0:00:02.102779
5380	1	9	9	0	0:00:02.085885
5400	9	9	9	1	0:00:02.080766
5420	6	6	6	1	0:00:02.081858
5440	9	9	9	1	0:00:02.079011
5460	0	0	0	1	0:00:02.083415
5480	1	1	1	1	0:00:02.095555
5500	8	8	8	1	0:00:02.080863
5520	4	4	3	1	0:00:02.077696
5540	5	-1	5	0	0:00:02.077477
5560	3	5	5	0	0:00:02.084497
5580	5	6	3	0	0:00:02.082691
5600	6	5	3	0	0:00:02.093287
5620	3	6	2	0	0:00:02.082922
5640	2	5	2	0	0:00:02.087799
5660	9	1	8	0	0:00:02.086931
5680	2	3	3	0	0:00:02.089824
5700	3	3	3	1	0:00:02.094309
5720	9	9	9	1	0:00:02.102635
5740	6	6	2	1	0:00:02.090733
5760	2	2	0	1	0:00:02.091413
5780	7	7	7	1	0:00:02.080629
5800	2	2	2	1	0:00:02.083733
5820	5	5	5	1	0:00:02.078207
5840	2	2	3	1	0:00:02.088555
5860	0	0	0	1	0:00:02.084115
5880	0	0	0	1	0:00:02.110293
5900	4	3	0	0	0:00:02.090340
5920	8	8	8	1	0:00:02.077643
5940	7	2	3	0	0:00:02.081117
5960	2	6	6	0	0:00:02.077788
5980	9	9	9	1	0:00:02.078148
6000	8	8	8	1	0:00:02.076306
6020	6	6	6	1	0:00:02.098650
6040	2	5	7	0	0:00:02.099575
6060	3	4	5	0	0:00:02.104647
6080	1	1	1	1	0:00:02.109994
6100	1	1	1	1	0:00:02.102266
6120	5	5	5	1	0:00:02.078201
6140	9	9	1	1	0:00:02.082269
6160	2	5	2	0	0:00:02.079022
6180	0	0	8	1	0:00:02.077320
6200	3	2	2	0	0:00:02.077908
6220	2	5	5	0	0:00:02.097564
6240	2	2	0	1	0:00:02.096186
6260	2	2	2	1	0:00:02.094086
6280	8	5	5	0	0:00:02.100608
6300	1	1	1	1	0:00:02.094558
6320	0	0	0	1	0:00:02.077569
6340	3	7	3	0	0:00:02.084059
6360	2	2	2	1	0:00:02.080864
6380	3	6	3	0	0:00:02.078547
6400	0	0	0	1	0:00:02.074049
6420	7	7	7	1	0:00:02.162048
6440	3	6	2	0	0:00:02.090501
6460	3	3	3	1	0:00:02.145349
6480	0	0	0	1	0:00:02.092150
6500	7	6	8	0	0:00:02.122258
6520	6	2	2	0	0:00:02.181860
6540	8	8	8	1	0:00:02.128598
6560	6	5	5	0	0:00:02.174205
6580	1	8	8	0	0:00:02.071134
6600	7	7	7	1	0:00:02.148835
6620	7	7	7	1	0:00:02.125842
6640	5	3	3	0	0:00:02.084815
6660	0	0	1	1	0:00:02.161733
6680	3	5	5	0	0:00:02.116295
6700	6	6	6	1	0:00:02.179574
6720	2	2	2	1	0:00:02.178061
6740	2	4	4	0	0:00:02.169362
6760	5	5	5	1	0:00:02.163714
6780	7	7	7	1	0:00:02.169370
6800	6	4	4	0	0:00:02.146948
6820	1	1	1	1	0:00:02.117439
6840	9	9	9	1	0:00:02.142432
6860	0	0	0	1	0:00:02.098238
6880	2	2	2	1	0:00:02.078823
6900	3	3	3	1	0:00:02.093323
6920	5	4	2	0	0:00:02.082195
6940	1	1	1	1	0:00:02.089594
6960	9	9	8	1	0:00:02.080834
6980	0	0	0	1	0:00:02.084608
7000	2	0	8	0	0:00:02.083066
7020	7	7	7	1	0:00:02.087492
7040	7	-1	8	0	0:00:02.085656
7060	8	8	8	1	0:00:02.071953
7080	5	4	4	0	0:00:02.063759
7100	9	3	3	0	0:00:02.068900
7120	7	-1	5	0	0:00:02.068887
7140	4	3	3	0	0:00:02.068462
7160	5	5	5	1	0:00:02.076617
7180	6	6	3	1	0:00:02.079050
7200	4	3	2	0	0:00:02.082955
7220	9	9	9	1	0:00:02.071624
7240	0	0	8	1	0:00:02.074506
7260	1	1	1	1	0:00:02.064403
7280	1	9	3	0	0:00:02.086292
7300	3	4	5	0	0:00:02.080595
7320	8	0	0	0	0:00:02.069901
7340	2	2	0	1	0:00:02.080434
7360	2	2	2	1	0:00:02.077976
7380	7	7	7	1	0:00:02.100055
7400	3	5	5	0	0:00:02.090204
7420	3	4	4	0	0:00:02.092406
7440	3	3	3	1	0:00:02.098594
7460	5	5	5	1	0:00:02.093245
7480	1	1	8	1	0:00:02.079587
7500	6	6	6	1	0:00:02.079884
7520	4	4	4	1	0:00:02.156109
7540	5	5	5	1	0:00:02.109849
7560	0	0	0	1	0:00:02.089462
7580	8	8	8	1	0:00:02.088007
7600	8	2	2	0	0:00:02.083710
7620	5	3	3	0	0:00:02.084000
7640	9	8	8	0	0:00:02.078328
7660	7	7	4	1	0:00:02.073808
7680	3	5	5	0	0:00:02.071144
7700	6	6	4	1	0:00:02.085019
7720	5	2	2	0	0:00:02.071156
7740	4	4	2	1	0:00:02.075738
7760	2	0	8	0	0:00:02.061335
7780	3	8	8	0	0:00:02.072516
7800	0	0	0	1	0:00:02.072004
7820	5	5	0	1	0:00:02.073843
7840	1	1	1	1	0:00:02.088265
7860	8	8	8	1	0:00:02.090432
7880	0	0	0	1	0:00:02.095258
7900	0	4	8	0	0:00:02.132548
7920	9	9	9	1	0:00:02.133568
7940	2	6	2	0	0:00:02.120942
7960	0	3	0	0	0:00:02.106437
7980	3	3	3	1	0:00:02.114671
8000	9	9	9	1	0:00:02.137037
8020	6	7	3	0	0:00:02.141170
8040	2	2	2	1	0:00:02.128363
8060	6	6	5	1	0:00:02.106058
8080	4	4	3	1	0:00:02.095371
8100	6	2	2	0	0:00:02.086918
8120	8	9	8	0	0:00:02.116825
8140	5	7	3	0	0:00:02.153725
8160	6	6	6	1	0:00:02.128501
8180	4	4	4	1	0:00:02.084739
8200	3	6	3	0	0:00:02.079957
8220	6	5	5	0	0:00:02.110004
8240	7	7	4	1	0:00:02.084795
8260	1	1	1	1	0:00:02.078068
8280	4	4	4	1	0:00:02.077619
8300	5	4	2	0	0:00:02.074652
8320	7	7	7	1	0:00:02.083275
8340	5	3	5	0	0:00:02.063308
8360	7	7	7	1	0:00:02.067506
8380	9	9	9	1	0:00:02.074263
8400	0	9	9	0	0:00:02.066504
8420	3	6	6	0	0:00:02.077242
8440	5	3	3	0	0:00:02.067988
8460	8	8	8	1	0:00:02.072654
8480	2	2	2	1	0:00:02.078001
8500	4	4	4	1	0:00:02.083333
8520	8	8	8	1	0:00:02.072058
8540	4	2	2	0	0:00:02.124847
8560	7	7	7	1	0:00:02.088096
8580	3	5	5	0	0:00:02.077860
8600	3	2	2	0	0:00:02.075110
8620	3	2	5	0	0:00:02.081412
8640	1	1	1	1	0:00:02.076720
8660	7	7	7	1	0:00:02.081234
8680	3	7	3	0	0:00:02.077809
8700	3	3	3	1	0:00:02.091377
8720	2	0	0	0	0:00:02.090649
8740	2	2	5	1	0:00:02.084804
8760	8	8	8	1	0:00:02.093822
8780	4	4	4	1	0:00:02.083102
8800	0	0	0	1	0:00:02.093206
8820	2	2	2	1	0:00:02.095156
8840	2	5	2	0	0:00:02.075518
8860	2	2	2	1	0:00:02.088893
8880	1	1	1	1	0:00:02.076978
8900	2	4	4	0	0:00:02.079130
8920	6	6	3	1	0:00:02.080186
8940	6	3	3	0	0:00:02.078293
8960	0	4	2	0	0:00:02.085202
8980	9	9	9	1	0:00:02.085279
9000	8	8	8	1	0:00:02.076086
9020	7	7	7	1	0:00:02.080486
9040	2	5	5	0	0:00:02.084609
9060	9	9	5	1	0:00:02.100583
9080	3	5	3	0	0:00:02.077587
9100	9	1	1	0	0:00:02.091556
9120	3	0	2	0	0:00:02.084230
9140	7	7	4	1	0:00:02.129527
9160	5	3	3	0	0:00:02.130600
9180	5	5	5	1	0:00:02.126683
9200	8	8	8	1	0:00:02.101304
9220	8	8	8	1	0:00:02.096002
9240	8	8	8	1	0:00:02.091249
9260	5	5	5	1	0:00:02.076070
9280	9	8	8	0	0:00:02.083111
9300	5	-1	2	0	0:00:02.078999
9320	9	9	9	1	0:00:02.078317
9340	1	1	1	1	0:00:02.079682
9360	5	0	0	0	0:00:02.076047
9380	5	3	3	0	0:00:02.084433
9400	6	6	6	1	0:00:02.091665
9420	5	5	5	1	0:00:02.082957
9440	8	8	8	1	0:00:02.083154
9460	3	7	7	0	0:00:02.080262
9480	2	6	2	0	0:00:02.084453
9500	9	9	2	1	0:00:02.078146
9520	1	1	1	1	0:00:02.087025
9540	5	5	5	1	0:00:02.078752
9560	9	7	3	0	0:00:02.073858
9580	1	1	1	1	0:00:02.087279
9600	8	8	8	1	0:00:02.076058
9620	4	4	4	1	0:00:02.079319
9640	5	5	5	1	0:00:02.075044
9660	6	6	6	1	0:00:02.087911
9680	8	8	8	1	0:00:02.106346
9700	0	0	2	1	0:00:02.102939
9720	8	6	8	0	0:00:02.115307
9740	3	6	2	0	0:00:02.104287
9760	9	5	5	0	0:00:02.088044
9780	4	4	2	1	0:00:02.079769
9800	1	1	1	1	0:00:02.080282
9820	0	8	8	0	0:00:02.085575
9840	4	7	7	0	0:00:02.078541
9860	0	3	8	0	0:00:02.084569
9880	7	8	8	0	0:00:02.105878
9900	8	8	8	1	0:00:02.076762
9920	6	6	6	1	0:00:02.067075
9940	4	5	5	0	0:00:02.076023
9960	2	0	0	0	0:00:02.082555
9980	0	0	0	1	0:00:02.086562
