idx	label	predict	basePredict	correct	time
0	3	-1	5	0	0:00:01.456442
20	7	7	3	1	0:00:01.297944
40	4	4	4	1	0:00:01.302600
60	7	7	7	1	0:00:01.303698
80	8	8	8	1	0:00:01.297100
100	4	4	5	1	0:00:01.309971
120	8	8	8	1	0:00:01.307380
140	6	6	3	1	0:00:01.344498
160	2	2	2	1	0:00:01.298678
180	0	0	0	1	0:00:01.305011
200	5	-1	3	0	0:00:01.352931
220	7	7	7	1	0:00:01.327840
240	1	1	1	1	0:00:01.433712
260	8	8	8	1	0:00:01.355886
280	9	9	9	1	0:00:01.330477
300	6	6	6	1	0:00:01.339067
320	3	3	3	1	0:00:01.355765
340	2	2	2	1	0:00:01.336124
360	9	9	9	1	0:00:01.337218
380	6	6	6	1	0:00:01.334225
400	9	9	9	1	0:00:01.333162
420	4	4	4	1	0:00:01.340184
440	1	1	1	1	0:00:01.248678
460	5	5	5	1	0:00:01.287809
480	8	8	8	1	0:00:01.342939
500	4	-1	4	0	0:00:01.294528
520	5	5	5	1	0:00:01.318348
540	1	1	1	1	0:00:01.292364
560	0	0	0	1	0:00:01.322485
580	4	4	4	1	0:00:01.282887
600	8	8	8	1	0:00:01.292680
620	7	7	7	1	0:00:01.302231
640	5	3	3	0	0:00:01.309197
660	9	9	9	1	0:00:01.313226
680	9	9	9	1	0:00:01.279101
700	7	7	7	1	0:00:01.298682
720	4	4	4	1	0:00:01.291394
740	2	2	2	1	0:00:01.288201
760	3	3	3	1	0:00:01.292319
780	9	9	9	1	0:00:01.360518
800	7	7	7	1	0:00:01.304839
820	6	2	2	0	0:00:01.287820
840	7	7	7	1	0:00:01.249233
860	4	4	4	1	0:00:01.234023
880	8	8	8	1	0:00:01.233237
900	2	-1	2	0	0:00:01.247496
920	6	6	0	1	0:00:01.283625
940	9	9	9	1	0:00:01.322944
960	9	9	9	1	0:00:01.400726
980	2	2	2	1	0:00:01.274766
1000	5	5	5	1	0:00:01.177688
1020	1	1	1	1	0:00:01.180619
1040	7	2	3	0	0:00:01.208220
1060	9	9	9	1	0:00:01.165149
1080	6	6	6	1	0:00:01.194973
1100	7	7	8	1	0:00:01.194110
1120	5	5	2	1	0:00:01.232468
1140	6	6	3	1	0:00:01.192319
1160	8	8	8	1	0:00:01.187675
1180	3	3	3	1	0:00:01.196235
1200	8	8	8	1	0:00:01.177022
1220	9	6	3	0	0:00:01.184980
1240	2	2	2	1	0:00:01.185036
1260	1	-1	1	0	0:00:01.176874
1280	3	3	3	1	0:00:01.178915
1300	4	3	3	0	0:00:01.197547
1320	7	7	7	1	0:00:01.186023
1340	1	1	1	1	0:00:01.177742
1360	7	7	7	1	0:00:01.177359
1380	4	-1	3	0	0:00:01.190476
1400	5	5	5	1	0:00:01.197292
1420	4	7	7	0	0:00:01.194480
1440	0	2	2	0	0:00:01.189221
1460	6	6	6	1	0:00:01.187877
1480	1	1	1	1	0:00:01.180258
1500	1	1	1	1	0:00:01.170076
1520	7	7	7	1	0:00:01.170152
1540	8	8	8	1	0:00:01.177972
1560	7	7	7	1	0:00:01.170751
1580	6	6	5	1	0:00:01.184016
1600	8	8	8	1	0:00:01.174707
1620	5	3	3	0	0:00:01.176464
1640	7	7	7	1	0:00:01.191251
1660	3	3	3	1	0:00:01.169907
1680	6	6	3	1	0:00:01.175784
1700	5	5	5	1	0:00:01.182660
1720	4	4	4	1	0:00:01.174436
1740	1	1	1	1	0:00:01.170731
1760	0	0	0	1	0:00:01.188604
1780	7	7	7	1	0:00:01.187764
1800	4	4	2	1	0:00:01.183002
1820	8	8	8	1	0:00:01.208173
1840	8	8	8	1	0:00:01.190623
1860	8	8	8	1	0:00:01.152487
1880	1	1	1	1	0:00:01.162537
1900	8	8	8	1	0:00:01.167080
1920	2	2	2	1	0:00:01.154619
1940	5	5	5	1	0:00:01.154384
1960	2	5	2	0	0:00:01.140563
1980	9	9	9	1	0:00:01.135276
2000	1	1	1	1	0:00:01.201238
2020	9	9	9	1	0:00:01.180863
2040	0	0	0	1	0:00:01.187430
2060	5	3	3	0	0:00:01.177584
2080	1	1	1	1	0:00:01.203196
2100	2	2	2	1	0:00:01.226077
2120	4	4	8	1	0:00:01.214632
2140	9	9	9	1	0:00:01.203474
2160	0	0	0	1	0:00:01.200587
2180	4	4	4	1	0:00:01.184031
2200	0	0	0	1	0:00:01.184436
2220	1	1	1	1	0:00:01.195454
2240	9	9	1	1	0:00:01.204504
2260	4	4	4	1	0:00:01.212267
2280	4	4	2	1	0:00:01.199189
2300	3	8	0	0	0:00:01.198315
2320	5	3	3	0	0:00:01.198349
2340	7	7	7	1	0:00:01.166983
2360	7	7	7	1	0:00:01.145459
2380	8	8	8	1	0:00:01.144987
2400	0	0	0	1	0:00:01.168841
2420	8	7	7	0	0:00:01.167589
2440	7	7	7	1	0:00:01.181852
2460	9	9	9	1	0:00:01.187881
2480	8	8	8	1	0:00:01.181447
2500	4	4	4	1	0:00:01.181271
2520	1	1	1	1	0:00:01.203407
2540	2	3	2	0	0:00:01.169874
2560	7	7	7	1	0:00:01.178201
2580	6	-1	5	0	0:00:01.180412
2600	8	8	8	1	0:00:01.182081
2620	1	1	1	1	0:00:01.173087
2640	7	7	7	1	0:00:01.183868
2660	3	3	3	1	0:00:01.188503
2680	0	0	0	1	0:00:01.191505
2700	9	9	9	1	0:00:01.175168
2720	3	3	3	1	0:00:01.169568
2740	1	1	1	1	0:00:01.170173
2760	2	2	2	1	0:00:01.184191
2780	7	7	7	1	0:00:01.176743
2800	4	4	4	1	0:00:01.167097
2820	6	6	6	1	0:00:01.167725
2840	3	3	3	1	0:00:01.169499
2860	5	4	3	0	0:00:01.196253
2880	4	4	4	1	0:00:01.184330
2900	3	2	2	0	0:00:01.159044
2920	2	2	2	1	0:00:01.126291
2940	3	0	0	0	0:00:01.120854
2960	9	0	0	0	0:00:01.134172
2980	8	8	8	1	0:00:01.134164
3000	5	5	5	1	0:00:01.126738
3020	1	1	1	1	0:00:01.136296
3040	7	7	7	1	0:00:01.185757
3060	7	7	7	1	0:00:01.152172
3080	1	1	1	1	0:00:01.154716
3100	0	0	0	1	0:00:01.158000
3120	4	4	3	1	0:00:01.168221
3140	8	8	8	1	0:00:01.183008
3160	6	2	2	0	0:00:01.186322
3180	3	6	3	0	0:00:01.208641
3200	5	5	5	1	0:00:01.177987
3220	3	9	9	0	0:00:01.187391
3240	4	4	4	1	0:00:01.155425
3260	7	7	7	1	0:00:01.161893
3280	3	3	5	1	0:00:01.164318
3300	4	4	3	1	0:00:01.174858
3320	2	0	0	0	0:00:01.165763
3340	6	6	6	1	0:00:01.162954
3360	4	4	0	1	0:00:01.162728
3380	8	8	8	1	0:00:01.152176
3400	6	4	4	0	0:00:01.161046
3420	5	-1	3	0	0:00:01.132091
3440	2	3	3	0	0:00:01.150451
3460	1	1	1	1	0:00:01.125219
3480	2	2	2	1	0:00:01.108941
3500	1	1	1	1	0:00:01.109824
3520	1	1	1	1	0:00:01.109342
3540	6	6	6	1	0:00:01.114548
3560	1	9	9	0	0:00:01.117641
3580	4	4	4	1	0:00:01.145341
3600	4	2	3	0	0:00:01.108651
3620	0	0	0	1	0:00:01.111954
3640	6	6	6	1	0:00:01.110461
3660	0	0	0	1	0:00:01.108342
3680	0	0	0	1	0:00:01.130974
3700	3	3	3	1	0:00:01.141702
3720	2	2	2	1	0:00:01.148449
3740	0	0	0	1	0:00:01.139148
3760	7	7	7	1	0:00:01.143848
3780	4	4	3	1	0:00:01.112959
3800	9	9	9	1	0:00:01.130288
3820	0	-1	0	0	0:00:01.173432
3840	6	6	3	1	0:00:01.197796
3860	7	7	7	1	0:00:01.185525
3880	6	6	6	1	0:00:01.198791
3900	3	3	3	1	0:00:01.193386
3920	7	7	7	1	0:00:01.189388
3940	6	6	3	1	0:00:01.201938
3960	2	2	2	1	0:00:01.166539
3980	9	2	2	0	0:00:01.179046
4000	8	7	7	0	0:00:01.179528
4020	8	8	8	1	0:00:01.183625
4040	0	0	0	1	0:00:01.187174
4060	6	6	6	1	0:00:01.177928
4080	1	1	1	1	0:00:01.172980
4100	7	7	7	1	0:00:01.186215
4120	4	4	4	1	0:00:01.113258
4140	5	5	7	1	0:00:01.117216
4160	5	5	5	1	0:00:01.132967
4180	0	0	8	1	0:00:01.190503
4200	4	4	4	1	0:00:01.136114
4220	4	-1	4	0	0:00:01.141974
4240	7	7	7	1	0:00:01.154358
4260	8	8	8	1	0:00:01.138828
4280	8	0	8	0	0:00:01.155122
4300	8	8	8	1	0:00:01.168815
4320	1	1	1	1	0:00:01.165277
4340	0	0	0	1	0:00:01.191960
4360	6	6	6	1	0:00:01.172084
4380	9	9	9	1	0:00:01.170596
4400	3	3	3	1	0:00:01.166714
4420	5	5	5	1	0:00:01.162016
4440	2	2	2	1	0:00:01.159732
4460	9	9	9	1	0:00:01.177330
4480	9	9	9	1	0:00:01.167460
4500	3	3	3	1	0:00:01.183352
4520	3	3	3	1	0:00:01.152457
4540	9	9	9	1	0:00:01.155572
4560	1	1	1	1	0:00:01.163223
4580	6	6	4	1	0:00:01.177928
4600	4	4	4	1	0:00:01.183522
4620	7	7	7	1	0:00:01.169830
4640	2	2	2	1	0:00:01.181275
4660	7	7	7	1	0:00:01.120323
4680	9	9	9	1	0:00:01.130997
4700	6	6	5	1	0:00:01.137836
4720	8	8	8	1	0:00:01.179117
4740	5	2	3	0	0:00:01.180318
4760	3	3	0	1	0:00:01.210732
4780	0	0	0	1	0:00:01.208874
4800	9	9	9	1	0:00:01.203930
4820	3	3	3	1	0:00:01.216379
4840	0	0	0	1	0:00:01.157654
4860	5	5	5	1	0:00:01.175376
4880	0	0	0	1	0:00:01.211468
4900	3	3	3	1	0:00:01.202914
4920	7	7	7	1	0:00:01.159719
4940	6	6	6	1	0:00:01.168830
4960	4	4	4	1	0:00:01.192062
4980	1	1	1	1	0:00:01.205488
5000	7	7	7	1	0:00:01.205710
5020	8	8	8	1	0:00:01.182738
5040	3	1	3	0	0:00:01.195709
5060	6	2	2	0	0:00:01.211698
5080	7	7	7	1	0:00:01.180146
5100	3	3	3	1	0:00:01.182214
5120	9	9	9	1	0:00:01.205209
5140	8	8	8	1	0:00:01.200607
5160	0	0	0	1	0:00:01.175556
5180	9	9	9	1	0:00:01.173138
5200	3	0	0	0	0:00:01.181033
5220	0	0	0	1	0:00:01.211809
5240	1	1	1	1	0:00:01.205389
5260	0	0	0	1	0:00:01.184849
5280	0	-1	4	0	0:00:01.201912
5300	9	9	9	1	0:00:01.194496
5320	7	7	7	1	0:00:01.202058
5340	3	4	5	0	0:00:01.183272
5360	9	9	9	1	0:00:01.197830
5380	1	1	1	1	0:00:01.211414
5400	9	9	9	1	0:00:01.190066
5420	6	6	6	1	0:00:01.173202
5440	9	9	9	1	0:00:01.157418
5460	0	0	0	1	0:00:01.185970
5480	1	1	1	1	0:00:01.194768
5500	8	8	8	1	0:00:01.179281
5520	4	4	4	1	0:00:01.125670
5540	5	5	5	1	0:00:01.118749
5560	3	5	3	0	0:00:01.130190
5580	5	3	3	0	0:00:01.121049
5600	6	6	3	1	0:00:01.145981
5620	3	3	3	1	0:00:01.149516
5640	2	2	2	1	0:00:01.163082
5660	9	9	9	1	0:00:01.156662
5680	2	2	2	1	0:00:01.151568
5700	3	3	3	1	0:00:01.159725
5720	9	9	9	1	0:00:01.148204
5740	6	6	4	1	0:00:01.157230
5760	2	2	2	1	0:00:01.163045
5780	7	7	7	1	0:00:01.162236
5800	2	2	2	1	0:00:01.153897
5820	5	5	5	1	0:00:01.152969
5840	2	3	3	0	0:00:01.158434
5860	0	0	0	1	0:00:01.175001
5880	0	0	0	1	0:00:01.234569
5900	4	3	0	0	0:00:01.166285
5920	8	8	8	1	0:00:01.177767
5940	7	7	0	1	0:00:01.171129
5960	2	6	2	0	0:00:01.175690
5980	9	9	9	1	0:00:01.186866
6000	8	8	8	1	0:00:01.184246
6020	6	6	6	1	0:00:01.232795
6040	2	7	7	0	0:00:01.227934
6060	3	4	2	0	0:00:01.188445
6080	1	1	1	1	0:00:01.180021
6100	1	1	1	1	0:00:01.152638
6120	5	5	5	1	0:00:01.145995
6140	9	9	9	1	0:00:01.171018
6160	2	2	2	1	0:00:01.169471
6180	0	0	0	1	0:00:01.165819
6200	3	2	2	0	0:00:01.181318
6220	2	2	2	1	0:00:01.185870
6240	2	2	2	1	0:00:01.221680
6260	2	2	2	1	0:00:01.176091
6280	8	8	8	1	0:00:01.185723
6300	1	1	1	1	0:00:01.193019
6320	0	0	0	1	0:00:01.183506
6340	3	3	3	1	0:00:01.192840
6360	2	2	2	1	0:00:01.197598
6380	3	7	7	0	0:00:01.208524
6400	0	0	0	1	0:00:01.193673
6420	7	7	7	1	0:00:01.194948
6440	3	3	3	1	0:00:01.179755
6460	3	3	3	1	0:00:01.163096
6480	0	0	0	1	0:00:01.164935
6500	7	7	8	1	0:00:01.160895
6520	6	6	2	1	0:00:01.161932
6540	8	8	8	1	0:00:01.185829
6560	6	6	5	1	0:00:01.176284
6580	1	1	1	1	0:00:01.100102
6600	7	7	7	1	0:00:01.111481
6620	7	7	7	1	0:00:01.115561
6640	5	3	3	0	0:00:01.108521
6660	0	0	0	1	0:00:01.112074
6680	3	5	5	0	0:00:01.116996
6700	6	6	8	1	0:00:01.137324
6720	2	2	2	1	0:00:01.144874
6740	2	2	2	1	0:00:01.160707
6760	5	5	5	1	0:00:01.159663
6780	7	7	7	1	0:00:01.179329
6800	6	6	2	1	0:00:01.167494
6820	1	1	1	1	0:00:01.147698
6840	9	9	9	1	0:00:01.163786
6860	0	0	0	1	0:00:01.154903
6880	2	2	2	1	0:00:01.183991
6900	3	5	5	0	0:00:01.180855
6920	5	5	5	1	0:00:01.215625
6940	1	1	1	1	0:00:01.176989
6960	9	9	9	1	0:00:01.184543
6980	0	0	0	1	0:00:01.187211
7000	2	0	0	0	0:00:01.202926
7020	7	7	7	1	0:00:01.191002
7040	7	0	0	0	0:00:01.193261
7060	8	8	8	1	0:00:01.187021
7080	5	4	0	0	0:00:01.185202
7100	9	3	2	0	0:00:01.201777
7120	7	5	5	0	0:00:01.182774
7140	4	4	2	1	0:00:01.200366
7160	5	5	5	1	0:00:01.191228
7180	6	6	6	1	0:00:01.198462
7200	4	4	4	1	0:00:01.189752
7220	9	9	9	1	0:00:01.212924
7240	0	0	0	1	0:00:01.201146
7260	1	1	1	1	0:00:01.214095
7280	1	1	1	1	0:00:01.212501
7300	3	5	5	0	0:00:01.205451
7320	8	8	8	1	0:00:01.186950
7340	2	2	0	1	0:00:01.199051
7360	2	2	2	1	0:00:01.222138
7380	7	7	7	1	0:00:01.208166
7400	3	5	3	0	0:00:01.217722
7420	3	5	2	0	0:00:01.158000
7440	3	3	3	1	0:00:01.163894
7460	5	5	5	1	0:00:01.161621
7480	1	1	1	1	0:00:01.168603
7500	6	6	6	1	0:00:01.176478
7520	4	4	4	1	0:00:01.182277
7540	5	5	5	1	0:00:01.182585
7560	0	0	0	1	0:00:01.188439
7580	8	8	8	1	0:00:01.178870
7600	8	2	2	0	0:00:01.183749
7620	5	1	3	0	0:00:01.168648
7640	9	8	9	0	0:00:01.150389
7660	7	7	7	1	0:00:01.159475
7680	3	5	5	0	0:00:01.181512
7700	6	6	6	1	0:00:01.163260
7720	5	5	5	1	0:00:01.142169
7740	4	4	4	1	0:00:01.144313
7760	2	-1	0	0	0:00:01.145016
7780	3	8	8	0	0:00:01.173022
7800	0	0	0	1	0:00:01.175531
7820	5	3	3	0	0:00:01.181808
7840	1	1	1	1	0:00:01.175345
7860	8	8	8	1	0:00:01.184056
7880	0	0	0	1	0:00:01.189452
7900	0	0	0	1	0:00:01.180099
7920	9	9	9	1	0:00:01.219192
7940	2	6	2	0	0:00:01.189178
7960	0	0	0	1	0:00:01.205944
7980	3	3	3	1	0:00:01.164400
8000	9	9	9	1	0:00:01.173648
8020	6	3	3	0	0:00:01.182569
8040	2	2	2	1	0:00:01.171216
8060	6	6	6	1	0:00:01.170469
8080	4	4	3	1	0:00:01.167810
8100	6	6	6	1	0:00:01.169911
8120	8	8	8	1	0:00:01.177146
8140	5	-1	5	0	0:00:01.201928
8160	6	6	6	1	0:00:01.182518
8180	4	4	2	1	0:00:01.171996
8200	3	-1	3	0	0:00:01.173285
8220	6	6	5	1	0:00:01.177046
8240	7	7	7	1	0:00:01.169463
8260	1	1	1	1	0:00:01.180228
8280	4	4	4	1	0:00:01.175627
8300	5	5	3	1	0:00:01.162788
8320	7	7	7	1	0:00:01.199446
8340	5	5	5	1	0:00:01.186112
8360	7	7	7	1	0:00:01.195483
8380	9	9	9	1	0:00:01.197064
8400	0	0	0	1	0:00:01.204238
8420	3	6	3	0	0:00:01.184263
8440	5	-1	3	0	0:00:01.189125
8460	8	8	8	1	0:00:01.183119
8480	2	5	5	0	0:00:01.190665
8500	4	4	4	1	0:00:01.176894
8520	8	8	8	1	0:00:01.184309
8540	4	4	4	1	0:00:01.181354
8560	7	7	7	1	0:00:01.176730
8580	3	5	5	0	0:00:01.191150
8600	3	3	3	1	0:00:01.181895
8620	3	3	3	1	0:00:01.186671
8640	1	1	1	1	0:00:01.184875
8660	7	7	7	1	0:00:01.222085
8680	3	3	5	1	0:00:01.163197
8700	3	3	3	1	0:00:01.154516
8720	2	0	0	0	0:00:01.168051
8740	2	2	2	1	0:00:01.181213
8760	8	8	8	1	0:00:01.191508
8780	4	4	8	1	0:00:01.198953
8800	0	0	0	1	0:00:01.195770
8820	2	2	2	1	0:00:01.187015
8840	2	-1	2	0	0:00:01.216509
8860	2	2	2	1	0:00:01.173119
8880	1	1	1	1	0:00:01.183658
8900	2	4	3	0	0:00:01.183039
8920	6	6	6	1	0:00:01.182676
8940	6	3	3	0	0:00:01.187094
8960	0	2	2	0	0:00:01.200174
8980	9	9	9	1	0:00:01.198194
9000	8	8	8	1	0:00:01.196088
9020	7	7	7	1	0:00:01.203629
9040	2	5	5	0	0:00:01.206444
9060	9	9	9	1	0:00:01.200907
9080	3	3	3	1	0:00:01.215878
9100	9	9	1	1	0:00:01.210103
9120	3	5	5	0	0:00:01.202946
9140	7	7	7	1	0:00:01.213967
9160	5	5	5	1	0:00:01.214188
9180	5	5	5	1	0:00:01.232226
9200	8	8	8	1	0:00:01.216387
9220	8	8	8	1	0:00:01.206864
9240	8	8	8	1	0:00:01.212734
9260	5	5	3	1	0:00:01.185627
9280	9	9	9	1	0:00:01.196470
9300	5	4	4	0	0:00:01.158825
9320	9	9	9	1	0:00:01.153497
9340	1	1	1	1	0:00:01.192379
9360	5	0	0	0	0:00:01.208727
9380	5	3	3	0	0:00:01.181095
9400	6	6	6	1	0:00:01.179848
9420	5	5	5	1	0:00:01.177301
9440	8	8	8	1	0:00:01.181279
9460	3	3	3	1	0:00:01.175042
9480	2	2	2	1	0:00:01.179461
9500	9	9	9	1	0:00:01.141311
9520	1	1	1	1	0:00:01.160616
9540	5	5	5	1	0:00:01.159414
9560	9	9	9	1	0:00:01.169075
9580	1	1	1	1	0:00:01.164365
9600	8	8	8	1	0:00:01.175448
9620	4	4	5	1	0:00:01.162417
9640	5	5	5	1	0:00:01.186609
9660	6	6	6	1	0:00:01.179063
9680	8	8	8	1	0:00:01.183975
9700	0	0	0	1	0:00:01.208626
9720	8	8	8	1	0:00:01.203827
9740	3	6	3	0	0:00:01.191858
9760	9	5	5	0	0:00:01.196526
9780	4	4	2	1	0:00:01.175295
9800	1	1	1	1	0:00:01.200235
9820	0	0	0	1	0:00:01.163014
9840	4	7	7	0	0:00:01.190508
9860	0	0	0	1	0:00:01.206239
9880	7	7	7	1	0:00:01.192362
9900	8	8	8	1	0:00:01.214501
9920	6	6	6	1	0:00:01.204385
9940	4	4	5	1	0:00:01.207365
9960	2	0	0	0	0:00:01.209720
9980	0	0	0	1	0:00:01.192621
