idx	label	predict	basePredict	correct	time
0	3	2	2	0	0:00:02.202983
20	7	1	9	0	0:00:02.034182
40	4	8	8	0	0:00:02.091141
60	7	-1	4	0	0:00:02.045856
80	8	8	8	1	0:00:02.061962
100	4	-1	3	0	0:00:02.039196
120	8	8	8	1	0:00:02.057624
140	6	2	2	0	0:00:02.059302
160	2	0	2	0	0:00:02.027588
180	0	-1	8	0	0:00:02.029879
200	5	7	3	0	0:00:02.028057
220	7	7	7	1	0:00:02.043492
240	1	1	8	1	0:00:02.041475
260	8	3	6	0	0:00:02.058944
280	9	9	8	1	0:00:02.029126
300	6	7	4	0	0:00:02.064489
320	3	2	4	0	0:00:02.032183
340	2	4	4	0	0:00:02.089533
360	9	-1	4	0	0:00:02.057007
380	6	-1	4	0	0:00:02.046443
400	9	1	1	0	0:00:02.042186
420	4	6	6	0	0:00:02.028673
440	1	1	6	1	0:00:02.025683
460	5	-1	3	0	0:00:02.033339
480	8	9	9	0	0:00:02.037529
500	4	-1	6	0	0:00:02.032671
520	5	7	7	0	0:00:02.030672
540	1	-1	8	0	0:00:02.057043
560	0	-1	8	0	0:00:02.039426
580	4	6	4	0	0:00:02.044079
600	8	-1	8	0	0:00:02.034128
620	7	-1	4	0	0:00:02.028478
640	5	3	3	0	0:00:02.017793
660	9	9	8	1	0:00:02.031207
680	9	7	4	0	0:00:02.037037
700	7	0	4	0	0:00:02.031872
720	4	9	9	0	0:00:02.032309
740	2	5	3	0	0:00:02.045678
760	3	9	9	0	0:00:02.034436
780	9	0	0	0	0:00:02.030270
800	7	7	7	1	0:00:02.037518
820	6	1	8	0	0:00:02.062320
840	7	7	7	1	0:00:02.051340
860	4	4	4	1	0:00:02.051937
880	8	8	8	1	0:00:02.039855
900	2	-1	4	0	0:00:02.055309
920	6	4	2	0	0:00:02.025401
940	9	-1	9	0	0:00:02.029868
960	9	9	4	1	0:00:02.033671
980	2	6	6	0	0:00:02.028848
1000	5	5	5	1	0:00:01.936173
1020	1	8	8	0	0:00:01.936051
1040	7	5	5	0	0:00:01.937695
1060	9	9	8	1	0:00:01.940723
1080	6	-1	6	0	0:00:01.945554
1100	7	8	8	0	0:00:01.942505
1120	5	2	2	0	0:00:01.944703
1140	6	4	4	0	0:00:01.942221
1160	8	0	0	0	0:00:01.941026
1180	3	-1	8	0	0:00:01.941310
1200	8	0	0	0	0:00:01.942570
1220	9	6	6	0	0:00:01.943352
1240	2	6	6	0	0:00:01.939748
1260	1	9	9	0	0:00:01.943002
1280	3	7	7	0	0:00:01.939340
1300	4	3	3	0	0:00:01.940733
1320	7	2	2	0	0:00:01.943527
1340	1	-1	8	0	0:00:01.941165
1360	7	7	4	1	0:00:01.940793
1380	4	5	5	0	0:00:01.945312
1400	5	-1	2	0	0:00:01.941819
1420	4	7	7	0	0:00:01.938455
1440	0	8	8	0	0:00:01.944221
1460	6	6	4	1	0:00:01.940288
1480	1	5	5	0	0:00:01.939819
1500	1	9	8	0	0:00:01.940837
1520	7	6	2	0	0:00:01.943553
1540	8	8	8	1	0:00:01.944159
1560	7	7	7	1	0:00:01.940423
1580	6	1	1	0	0:00:01.945353
1600	8	9	6	0	0:00:01.945837
1620	5	8	8	0	0:00:01.943958
1640	7	5	3	0	0:00:01.948139
1660	3	5	4	0	0:00:01.947485
1680	6	6	6	1	0:00:01.946265
1700	5	2	2	0	0:00:01.948025
1720	4	2	2	0	0:00:01.947545
1740	1	9	9	0	0:00:01.944640
1760	0	8	8	0	0:00:01.948180
1780	7	-1	8	0	0:00:01.949364
1800	4	8	8	0	0:00:01.946809
1820	8	-1	8	0	0:00:01.948007
1840	8	7	4	0	0:00:01.946664
1860	8	8	8	1	0:00:01.949256
1880	1	8	8	0	0:00:01.944338
1900	8	8	8	1	0:00:01.943940
1920	2	5	2	0	0:00:01.946308
1940	5	3	3	0	0:00:01.947760
1960	2	5	5	0	0:00:01.944381
1980	9	9	2	1	0:00:01.946675
2000	1	6	4	0	0:00:01.948634
2020	9	9	1	1	0:00:01.950355
2040	0	8	8	0	0:00:01.948790
2060	5	-1	3	0	0:00:01.952785
2080	1	9	4	0	0:00:01.946882
2100	2	4	4	0	0:00:01.941207
2120	4	8	8	0	0:00:01.944262
2140	9	1	1	0	0:00:01.943542
2160	0	8	8	0	0:00:01.947061
2180	4	-1	4	0	0:00:01.945343
2200	0	2	2	0	0:00:01.946908
2220	1	1	4	1	0:00:01.945348
2240	9	-1	8	0	0:00:01.946063
2260	4	7	4	0	0:00:01.950494
2280	4	8	8	0	0:00:01.945411
2300	3	-1	4	0	0:00:01.946871
2320	5	-1	8	0	0:00:01.948845
2340	7	7	7	1	0:00:01.946709
2360	7	5	3	0	0:00:01.945158
2380	8	0	0	0	0:00:01.949205
2400	0	-1	4	0	0:00:01.944383
2420	8	5	5	0	0:00:01.948170
2440	7	1	8	0	0:00:01.945935
2460	9	3	3	0	0:00:01.946837
2480	8	8	8	1	0:00:01.945669
2500	4	-1	2	0	0:00:01.949532
2520	1	9	8	0	0:00:01.945436
2540	2	3	3	0	0:00:01.944247
2560	7	-1	2	0	0:00:01.947570
2580	6	-1	4	0	0:00:01.947411
2600	8	8	8	1	0:00:01.945021
2620	1	4	4	0	0:00:01.946395
2640	7	-1	6	0	0:00:01.947278
2660	3	-1	2	0	0:00:01.945106
2680	0	0	0	1	0:00:01.944776
2700	9	-1	0	0	0:00:01.948023
2720	3	2	2	0	0:00:01.946469
2740	1	-1	7	0	0:00:01.944213
2760	2	4	4	0	0:00:01.942545
2780	7	7	6	1	0:00:01.946370
2800	4	6	6	0	0:00:01.945520
2820	6	6	4	1	0:00:01.946007
2840	3	3	3	1	0:00:01.944037
2860	5	7	4	0	0:00:01.949193
2880	4	4	4	1	0:00:01.948583
2900	3	2	2	0	0:00:01.952947
2920	2	5	5	0	0:00:01.950456
2940	3	0	0	0	0:00:01.951394
2960	9	-1	8	0	0:00:01.947629
2980	8	1	8	0	0:00:01.949167
3000	5	5	5	1	0:00:01.946574
3020	1	8	8	0	0:00:01.947641
3040	7	7	7	1	0:00:01.944244
3060	7	7	7	1	0:00:01.944884
3080	1	7	4	0	0:00:01.952276
3100	0	0	8	1	0:00:01.950812
3120	4	6	2	0	0:00:01.947862
3140	8	-1	8	0	0:00:01.944220
3160	6	4	4	0	0:00:01.945811
3180	3	7	8	0	0:00:01.946008
3200	5	7	7	0	0:00:01.943628
3220	3	9	9	0	0:00:01.944183
3240	4	1	8	0	0:00:01.944345
3260	7	0	0	0	0:00:01.943497
3280	3	0	0	0	0:00:01.944099
3300	4	6	4	0	0:00:01.944281
3320	2	7	7	0	0:00:01.943389
3340	6	-1	4	0	0:00:01.948846
3360	4	6	6	0	0:00:01.946652
3380	8	1	8	0	0:00:01.945689
3400	6	4	4	0	0:00:01.943507
3420	5	-1	4	0	0:00:01.944942
3440	2	9	3	0	0:00:01.945091
3460	1	1	4	1	0:00:01.946141
3480	2	2	2	1	0:00:01.945650
3500	1	1	4	1	0:00:01.949382
3520	1	1	1	1	0:00:01.946106
3540	6	-1	4	0	0:00:01.948175
3560	1	9	0	0	0:00:01.948148
3580	4	1	8	0	0:00:01.946836
3600	4	2	2	0	0:00:01.948557
3620	0	6	6	0	0:00:01.946510
3640	6	2	2	0	0:00:01.946706
3660	0	8	8	0	0:00:01.947101
3680	0	2	2	0	0:00:01.945261
3700	3	-1	4	0	0:00:01.947106
3720	2	2	2	1	0:00:01.948636
3740	0	8	8	0	0:00:01.945293
3760	7	7	7	1	0:00:01.942433
3780	4	-1	2	0	0:00:01.948495
3800	9	3	3	0	0:00:01.944249
3820	0	2	2	0	0:00:01.944425
3840	6	-1	3	0	0:00:01.943187
3860	7	7	7	1	0:00:01.945278
3880	6	4	4	0	0:00:01.940692
3900	3	1	1	0	0:00:01.942311
3920	7	-1	8	0	0:00:01.944135
3940	6	7	4	0	0:00:01.943245
3960	2	5	5	0	0:00:01.944449
3980	9	7	7	0	0:00:01.941879
4000	8	7	4	0	0:00:01.939316
4020	8	1	8	0	0:00:01.946017
4040	0	0	0	1	0:00:01.946279
4060	6	3	3	0	0:00:01.943587
4080	1	8	8	0	0:00:01.946278
4100	7	7	7	1	0:00:01.946814
4120	4	0	0	0	0:00:01.948452
4140	5	3	3	0	0:00:01.949269
4160	5	2	2	0	0:00:01.950213
4180	0	8	8	0	0:00:01.952924
4200	4	2	2	0	0:00:01.949618
4220	4	0	0	0	0:00:01.943930
4240	7	0	0	0	0:00:01.946532
4260	8	1	1	0	0:00:01.945420
4280	8	-1	8	0	0:00:01.947166
4300	8	-1	8	0	0:00:01.949399
4320	1	8	8	0	0:00:01.948735
4340	0	8	8	0	0:00:01.947295
4360	6	9	9	0	0:00:01.952577
4380	9	-1	8	0	0:00:01.948506
4400	3	4	4	0	0:00:01.947390
4420	5	8	8	0	0:00:01.944902
4440	2	6	2	0	0:00:01.943449
4460	9	8	8	0	0:00:01.944169
4480	9	-1	6	0	0:00:01.944684
4500	3	-1	6	0	0:00:01.943010
4520	3	6	6	0	0:00:01.945353
4540	9	9	1	1	0:00:01.943349
4560	1	-1	4	0	0:00:01.943976
4580	6	4	4	0	0:00:01.942909
4600	4	7	7	0	0:00:01.943892
4620	7	3	3	0	0:00:01.941328
4640	2	3	4	0	0:00:01.943089
4660	7	6	2	0	0:00:01.947197
4680	9	1	1	0	0:00:01.945693
4700	6	1	4	0	0:00:01.948968
4720	8	0	0	0	0:00:01.945867
4740	5	-1	4	0	0:00:01.945858
4760	3	-1	8	0	0:00:01.947228
4780	0	0	8	1	0:00:01.947770
4800	9	9	9	1	0:00:01.946090
4820	3	5	5	0	0:00:01.949838
4840	0	0	0	1	0:00:01.950333
4860	5	3	3	0	0:00:01.953833
4880	0	2	2	0	0:00:01.950074
4900	3	6	6	0	0:00:01.948389
4920	7	7	2	1	0:00:01.947189
4940	6	4	4	0	0:00:01.947447
4960	4	3	3	0	0:00:01.946229
4980	1	9	0	0	0:00:01.943481
5000	7	7	7	1	0:00:01.946036
5020	8	1	8	0	0:00:01.946205
5040	3	-1	4	0	0:00:01.945551
5060	6	2	4	0	0:00:01.945610
5080	7	7	7	1	0:00:01.946657
5100	3	3	4	1	0:00:01.943947
5120	9	8	8	0	0:00:01.941861
5140	8	-1	8	0	0:00:01.946984
5160	0	8	8	0	0:00:01.945904
5180	9	-1	4	0	0:00:01.945758
5200	3	3	3	1	0:00:01.945574
5220	0	0	0	1	0:00:01.947338
5240	1	-1	2	0	0:00:01.949854
5260	0	0	0	1	0:00:01.944338
5280	0	8	8	0	0:00:01.946460
5300	9	1	1	0	0:00:01.944664
5320	7	0	3	0	0:00:01.942947
5340	3	4	4	0	0:00:01.947515
5360	9	9	3	1	0:00:01.947559
5380	1	9	9	0	0:00:01.945305
5400	9	0	4	0	0:00:01.945714
5420	6	5	6	0	0:00:01.947331
5440	9	9	8	1	0:00:01.944990
5460	0	7	7	0	0:00:01.948623
5480	1	-1	8	0	0:00:01.947566
5500	8	1	8	0	0:00:01.945424
5520	4	-1	3	0	0:00:01.945293
5540	5	6	2	0	0:00:01.948511
5560	3	6	6	0	0:00:01.946630
5580	5	6	6	0	0:00:01.946236
5600	6	-1	0	0	0:00:01.945186
5620	3	2	2	0	0:00:01.944909
5640	2	5	3	0	0:00:01.946850
5660	9	-1	8	0	0:00:01.947166
5680	2	1	8	0	0:00:01.944634
5700	3	6	6	0	0:00:01.946499
5720	9	9	9	1	0:00:01.946391
5740	6	4	4	0	0:00:01.944156
5760	2	0	2	0	0:00:01.944748
5780	7	7	4	1	0:00:01.944946
5800	2	6	4	0	0:00:01.946197
5820	5	6	6	0	0:00:01.946388
5840	2	6	6	0	0:00:01.947057
5860	0	8	8	0	0:00:01.949378
5880	0	8	8	0	0:00:01.947156
5900	4	3	4	0	0:00:01.949767
5920	8	8	8	1	0:00:01.945177
5940	7	4	4	0	0:00:01.948214
5960	2	7	4	0	0:00:01.945682
5980	9	9	6	1	0:00:01.948920
6000	8	9	8	0	0:00:01.947376
6020	6	7	6	0	0:00:01.948985
6040	2	7	7	0	0:00:01.945573
6060	3	4	4	0	0:00:01.946759
6080	1	9	6	0	0:00:01.945274
6100	1	1	8	1	0:00:01.949704
6120	5	3	5	0	0:00:02.006099
6140	9	9	7	1	0:00:01.948007
6160	2	5	5	0	0:00:01.946040
6180	0	9	8	0	0:00:01.946002
6200	3	9	8	0	0:00:01.946960
6220	2	6	5	0	0:00:01.947550
6240	2	1	4	0	0:00:01.944406
6260	2	9	8	0	0:00:01.945464
6280	8	5	4	0	0:00:01.945478
6300	1	7	4	0	0:00:01.946517
6320	0	0	0	1	0:00:01.947668
6340	3	7	3	0	0:00:01.951667
6360	2	6	2	0	0:00:01.948501
6380	3	1	6	0	0:00:01.950632
6400	0	1	4	0	0:00:01.942695
6420	7	8	8	0	0:00:01.946738
6440	3	-1	8	0	0:00:01.947539
6460	3	1	4	0	0:00:01.945870
6480	0	-1	2	0	0:00:01.949525
6500	7	0	8	0	0:00:01.953395
6520	6	-1	4	0	0:00:01.947083
6540	8	-1	8	0	0:00:01.948511
6560	6	-1	4	0	0:00:01.949145
6580	1	2	2	0	0:00:01.946016
6600	7	7	7	1	0:00:01.948567
6620	7	7	3	1	0:00:01.950448
6640	5	8	8	0	0:00:01.949508
6660	0	9	8	0	0:00:01.950919
6680	3	5	5	0	0:00:01.951897
6700	6	1	2	0	0:00:01.950698
6720	2	4	2	0	0:00:01.953198
6740	2	6	4	0	0:00:01.949477
6760	5	3	6	0	0:00:01.945393
6780	7	7	7	1	0:00:01.947161
6800	6	2	4	0	0:00:01.948149
6820	1	1	8	1	0:00:01.943188
6840	9	1	1	0	0:00:01.946505
6860	0	2	2	0	0:00:01.943975
6880	2	7	6	0	0:00:01.948761
6900	3	7	4	0	0:00:01.944529
6920	5	2	2	0	0:00:01.947187
6940	1	1	1	1	0:00:01.947036
6960	9	8	8	0	0:00:01.948325
6980	0	-1	8	0	0:00:01.942894
7000	2	8	8	0	0:00:01.949234
7020	7	1	8	0	0:00:01.948657
7040	7	8	8	0	0:00:01.946060
7060	8	0	0	0	0:00:01.946757
7080	5	4	4	0	0:00:01.947380
7100	9	3	3	0	0:00:01.948555
7120	7	-1	6	0	0:00:01.949444
7140	4	3	4	0	0:00:01.946966
7160	5	-1	4	0	0:00:01.950615
7180	6	6	6	1	0:00:02.028065
7200	4	6	2	0	0:00:01.967965
7220	9	-1	8	0	0:00:01.954652
7240	0	8	8	0	0:00:01.948956
7260	1	8	8	0	0:00:01.948045
7280	1	6	4	0	0:00:01.949090
7300	3	7	4	0	0:00:01.946773
7320	8	0	0	0	0:00:01.945318
7340	2	4	4	0	0:00:01.947496
7360	2	7	4	0	0:00:01.943363
7380	7	9	7	0	0:00:01.946086
7400	3	-1	3	0	0:00:01.947590
7420	3	0	0	0	0:00:01.948686
7440	3	6	2	0	0:00:01.943554
7460	5	5	5	1	0:00:01.942527
7480	1	8	5	0	0:00:01.941560
7500	6	6	6	1	0:00:01.943022
7520	4	6	4	0	0:00:01.945012
7540	5	5	5	1	0:00:01.944073
7560	0	6	2	0	0:00:01.942110
7580	8	0	8	0	0:00:01.946393
7600	8	9	8	0	0:00:01.944042
7620	5	-1	4	0	0:00:01.942643
7640	9	-1	6	0	0:00:01.944988
7660	7	-1	4	0	0:00:01.946313
7680	3	9	3	0	0:00:01.945300
7700	6	6	4	1	0:00:01.944066
7720	5	-1	4	0	0:00:01.944905
7740	4	6	2	0	0:00:01.951812
7760	2	9	6	0	0:00:01.949119
7780	3	1	8	0	0:00:01.947619
7800	0	0	8	1	0:00:01.946060
7820	5	8	8	0	0:00:01.946607
7840	1	1	1	1	0:00:01.946634
7860	8	7	4	0	0:00:01.946625
7880	0	0	0	1	0:00:01.948956
7900	0	8	8	0	0:00:01.949421
7920	9	-1	8	0	0:00:01.948972
7940	2	6	6	0	0:00:01.949739
7960	0	-1	3	0	0:00:01.948539
7980	3	7	4	0	0:00:01.951243
8000	9	-1	0	0	0:00:01.947906
8020	6	3	3	0	0:00:01.948239
8040	2	6	4	0	0:00:01.946005
8060	6	4	4	0	0:00:01.948038
8080	4	6	6	0	0:00:01.950987
8100	6	2	2	0	0:00:01.948924
8120	8	9	9	0	0:00:01.947783
8140	5	4	4	0	0:00:01.945611
8160	6	9	6	0	0:00:01.949870
8180	4	-1	4	0	0:00:01.946862
8200	3	-1	2	0	0:00:01.948890
8220	6	2	2	0	0:00:01.947629
8240	7	7	4	1	0:00:01.948619
8260	1	3	3	0	0:00:01.949293
8280	4	-1	3	0	0:00:01.946097
8300	5	2	2	0	0:00:01.951193
8320	7	3	4	0	0:00:01.949509
8340	5	3	4	0	0:00:01.948340
8360	7	-1	4	0	0:00:01.950546
8380	9	8	8	0	0:00:01.950132
8400	0	8	8	0	0:00:01.950306
8420	3	4	4	0	0:00:01.954701
8440	5	3	4	0	0:00:01.955764
8460	8	8	8	1	0:00:01.960069
8480	2	1	8	0	0:00:01.952338
8500	4	2	2	0	0:00:01.982113
8520	8	4	4	0	0:00:01.951744
8540	4	6	2	0	0:00:01.952698
8560	7	4	4	0	0:00:01.949529
8580	3	0	2	0	0:00:01.956655
8600	3	7	4	0	0:00:01.950243
8620	3	-1	4	0	0:00:01.951409
8640	1	1	8	1	0:00:01.951812
8660	7	5	5	0	0:00:01.953300
8680	3	9	8	0	0:00:01.952813
8700	3	3	3	1	0:00:01.953628
8720	2	0	0	0	0:00:01.949374
8740	2	-1	4	0	0:00:01.950313
8760	8	-1	5	0	0:00:01.950459
8780	4	7	4	0	0:00:01.953435
8800	0	0	0	1	0:00:01.949700
8820	2	3	3	0	0:00:01.949944
8840	2	1	1	0	0:00:01.950559
8860	2	6	6	0	0:00:01.949686
8880	1	9	6	0	0:00:01.952526
8900	2	6	4	0	0:00:01.957412
8920	6	6	6	1	0:00:01.953492
8940	6	3	3	0	0:00:01.949902
8960	0	0	0	1	0:00:01.951782
8980	9	9	8	1	0:00:01.953293
9000	8	8	8	1	0:00:01.955220
9020	7	9	8	0	0:00:01.953478
9040	2	5	5	0	0:00:01.956102
9060	9	5	5	0	0:00:01.951979
9080	3	0	0	0	0:00:01.952409
9100	9	6	6	0	0:00:01.952493
9120	3	0	0	0	0:00:01.951871
9140	7	-1	8	0	0:00:01.951440
9160	5	7	4	0	0:00:01.951718
9180	5	5	5	1	0:00:01.953862
9200	8	8	8	1	0:00:01.952559
9220	8	8	8	1	0:00:01.951531
9240	8	9	8	0	0:00:01.952029
9260	5	6	6	0	0:00:01.952277
9280	9	1	8	0	0:00:01.950394
9300	5	-1	2	0	0:00:01.951411
9320	9	9	8	1	0:00:01.952238
9340	1	1	1	1	0:00:01.954408
9360	5	-1	4	0	0:00:01.953794
9380	5	9	3	0	0:00:01.950511
9400	6	4	4	0	0:00:01.954641
9420	5	6	6	0	0:00:01.952385
9440	8	8	8	1	0:00:01.949403
9460	3	7	4	0	0:00:01.952075
9480	2	4	4	0	0:00:01.953870
9500	9	1	4	0	0:00:01.953494
9520	1	-1	1	0	0:00:01.954701
9540	5	3	4	0	0:00:01.953104
9560	9	7	7	0	0:00:01.954476
9580	1	4	4	0	0:00:01.955848
9600	8	-1	8	0	0:00:01.948097
9620	4	7	7	0	0:00:01.952323
9640	5	0	0	0	0:00:01.949827
9660	6	6	6	1	0:00:01.952558
9680	8	-1	8	0	0:00:01.950088
9700	0	-1	2	0	0:00:01.950040
9720	8	6	6	0	0:00:01.955637
9740	3	4	4	0	0:00:01.953825
9760	9	7	4	0	0:00:01.951401
9780	4	6	6	0	0:00:01.950918
9800	1	1	1	1	0:00:01.949121
9820	0	8	8	0	0:00:01.952603
9840	4	-1	5	0	0:00:01.950822
9860	0	5	8	0	0:00:01.951818
9880	7	4	4	0	0:00:01.952842
9900	8	0	6	0	0:00:01.951509
9920	6	4	2	0	0:00:01.949547
9940	4	5	7	0	0:00:01.951882
9960	2	0	0	0	0:00:01.951666
9980	0	0	0	1	0:00:01.951212
