idx	label	predict	basePredict	correct	time
0	3	2	2	0	0:00:01.415588
20	7	1	9	0	0:00:01.266134
40	4	8	8	0	0:00:01.257885
60	7	7	4	1	0:00:01.281179
80	8	8	8	1	0:00:01.319282
100	4	-1	3	0	0:00:01.343644
120	8	8	8	1	0:00:01.276107
140	6	2	2	0	0:00:01.278571
160	2	0	2	0	0:00:01.302496
180	0	0	8	1	0:00:01.285499
200	5	-1	3	0	0:00:01.258914
220	7	7	7	1	0:00:01.270096
240	1	1	8	1	0:00:01.253289
260	8	3	3	0	0:00:01.279010
280	9	9	8	1	0:00:01.251773
300	6	7	4	0	0:00:01.264869
320	3	2	2	0	0:00:01.294108
340	2	4	4	0	0:00:01.319445
360	9	7	6	0	0:00:01.302179
380	6	6	4	1	0:00:01.275235
400	9	9	8	1	0:00:01.279527
420	4	-1	6	0	0:00:01.262353
440	1	1	6	1	0:00:01.293851
460	5	5	3	1	0:00:01.282491
480	8	9	8	0	0:00:01.299513
500	4	6	4	0	0:00:01.284189
520	5	7	7	0	0:00:01.271999
540	1	-1	8	0	0:00:01.278002
560	0	0	8	1	0:00:01.297066
580	4	-1	4	0	0:00:01.293080
600	8	8	8	1	0:00:01.267740
620	7	-1	4	0	0:00:01.274472
640	5	3	3	0	0:00:01.280801
660	9	9	9	1	0:00:01.291459
680	9	7	4	0	0:00:01.283715
700	7	0	4	0	0:00:01.278471
720	4	9	9	0	0:00:01.296951
740	2	5	3	0	0:00:01.292343
760	3	9	9	0	0:00:01.263299
780	9	-1	0	0	0:00:01.282704
800	7	7	7	1	0:00:01.276169
820	6	-1	8	0	0:00:01.290759
840	7	7	7	1	0:00:01.268710
860	4	4	4	1	0:00:01.279702
880	8	8	8	1	0:00:01.285233
900	2	6	4	0	0:00:01.261632
920	6	-1	2	0	0:00:01.258520
940	9	9	9	1	0:00:01.289246
960	9	9	4	1	0:00:01.290334
980	2	6	6	0	0:00:01.299696
1000	5	5	5	1	0:00:01.177053
1020	1	1	8	1	0:00:01.185554
1040	7	5	5	0	0:00:01.186018
1060	9	9	8	1	0:00:01.180310
1080	6	6	6	1	0:00:01.187993
1100	7	8	8	0	0:00:01.198476
1120	5	2	2	0	0:00:01.183916
1140	6	4	4	0	0:00:01.174804
1160	8	0	0	0	0:00:01.191040
1180	3	3	8	1	0:00:01.192657
1200	8	0	0	0	0:00:01.215575
1220	9	6	6	0	0:00:01.190615
1240	2	6	6	0	0:00:01.194255
1260	1	9	9	0	0:00:01.230291
1280	3	7	7	0	0:00:01.166055
1300	4	3	3	0	0:00:01.187461
1320	7	2	2	0	0:00:01.198409
1340	1	1	1	1	0:00:01.192139
1360	7	7	4	1	0:00:01.179702
1380	4	5	5	0	0:00:01.177564
1400	5	-1	2	0	0:00:01.180921
1420	4	7	7	0	0:00:01.192751
1440	0	8	8	0	0:00:01.188651
1460	6	6	4	1	0:00:01.186339
1480	1	-1	5	0	0:00:01.176131
1500	1	9	1	0	0:00:01.208827
1520	7	7	4	1	0:00:01.187389
1540	8	8	8	1	0:00:01.181999
1560	7	7	7	1	0:00:01.159809
1580	6	1	1	0	0:00:01.170055
1600	8	-1	6	0	0:00:01.189838
1620	5	8	8	0	0:00:01.196001
1640	7	5	3	0	0:00:01.193920
1660	3	5	4	0	0:00:01.191195
1680	6	6	6	1	0:00:01.207782
1700	5	2	2	0	0:00:01.187396
1720	4	2	2	0	0:00:01.217902
1740	1	9	9	0	0:00:01.178542
1760	0	8	8	0	0:00:01.167573
1780	7	-1	8	0	0:00:01.186297
1800	4	8	8	0	0:00:01.173270
1820	8	9	8	0	0:00:01.192610
1840	8	-1	4	0	0:00:01.180819
1860	8	8	8	1	0:00:01.218831
1880	1	-1	8	0	0:00:01.170010
1900	8	8	8	1	0:00:01.192147
1920	2	-1	2	0	0:00:01.192814
1940	5	3	3	0	0:00:01.191340
1960	2	5	5	0	0:00:01.189937
1980	9	9	4	1	0:00:01.198612
2000	1	6	6	0	0:00:01.193131
2020	9	9	9	1	0:00:01.219090
2040	0	8	8	0	0:00:01.288937
2060	5	5	3	1	0:00:01.244029
2080	1	-1	4	0	0:00:01.239223
2100	2	4	4	0	0:00:01.204072
2120	4	8	8	0	0:00:01.221215
2140	9	9	1	1	0:00:01.218721
2160	0	8	8	0	0:00:01.214524
2180	4	4	4	1	0:00:01.197782
2200	0	2	2	0	0:00:01.209594
2220	1	1	4	1	0:00:01.189961
2240	9	9	8	1	0:00:01.198363
2260	4	7	4	0	0:00:01.180256
2280	4	8	8	0	0:00:01.188349
2300	3	-1	4	0	0:00:01.177970
2320	5	-1	8	0	0:00:01.184891
2340	7	7	7	1	0:00:01.198881
2360	7	-1	3	0	0:00:01.191679
2380	8	-1	8	0	0:00:01.191743
2400	0	0	0	1	0:00:01.200280
2420	8	-1	5	0	0:00:01.196842
2440	7	7	8	1	0:00:01.211278
2460	9	3	3	0	0:00:01.197216
2480	8	8	8	1	0:00:01.203051
2500	4	-1	2	0	0:00:01.194375
2520	1	9	8	0	0:00:01.176998
2540	2	3	3	0	0:00:01.193791
2560	7	-1	4	0	0:00:01.203694
2580	6	4	4	0	0:00:01.178173
2600	8	8	8	1	0:00:01.180352
2620	1	4	4	0	0:00:01.198971
2640	7	7	6	1	0:00:01.201292
2660	3	4	2	0	0:00:01.205498
2680	0	0	0	1	0:00:01.216801
2700	9	-1	0	0	0:00:01.211234
2720	3	2	2	0	0:00:01.237208
2740	1	1	9	1	0:00:01.217390
2760	2	4	4	0	0:00:01.202930
2780	7	7	7	1	0:00:01.197810
2800	4	6	6	0	0:00:01.211266
2820	6	6	4	1	0:00:01.201746
2840	3	3	3	1	0:00:01.204266
2860	5	7	4	0	0:00:01.203470
2880	4	4	4	1	0:00:01.213594
2900	3	2	2	0	0:00:01.219105
2920	2	5	5	0	0:00:01.197165
2940	3	0	0	0	0:00:01.199299
2960	9	-1	8	0	0:00:01.217544
2980	8	1	8	0	0:00:01.217431
3000	5	5	5	1	0:00:01.203436
3020	1	1	8	1	0:00:01.222822
3040	7	7	7	1	0:00:01.203755
3060	7	7	7	1	0:00:01.209215
3080	1	-1	2	0	0:00:01.210134
3100	0	0	0	1	0:00:01.194256
3120	4	6	2	0	0:00:01.218848
3140	8	8	8	1	0:00:01.210693
3160	6	4	4	0	0:00:01.196023
3180	3	-1	8	0	0:00:01.202903
3200	5	7	7	0	0:00:01.197122
3220	3	9	9	0	0:00:01.208647
3240	4	1	8	0	0:00:01.226204
3260	7	0	0	0	0:00:01.201947
3280	3	5	0	0	0:00:01.212561
3300	4	6	4	0	0:00:01.187684
3320	2	7	7	0	0:00:01.208040
3340	6	-1	4	0	0:00:01.197885
3360	4	6	6	0	0:00:01.211763
3380	8	-1	8	0	0:00:01.214503
3400	6	4	4	0	0:00:01.221801
3420	5	-1	4	0	0:00:01.215910
3440	2	9	3	0	0:00:01.211521
3460	1	1	4	1	0:00:01.206219
3480	2	2	2	1	0:00:01.215278
3500	1	1	4	1	0:00:01.222030
3520	1	1	1	1	0:00:01.214967
3540	6	6	6	1	0:00:01.207305
3560	1	9	0	0	0:00:01.211044
3580	4	1	8	0	0:00:01.223158
3600	4	2	2	0	0:00:01.202154
3620	0	-1	6	0	0:00:01.207007
3640	6	2	2	0	0:00:01.201898
3660	0	8	8	0	0:00:01.203624
3680	0	2	2	0	0:00:01.207097
3700	3	5	4	0	0:00:01.194631
3720	2	2	2	1	0:00:01.224728
3740	0	0	8	1	0:00:01.183380
3760	7	7	7	1	0:00:01.186544
3780	4	-1	2	0	0:00:01.186769
3800	9	-1	3	0	0:00:01.195521
3820	0	2	2	0	0:00:01.191592
3840	6	-1	3	0	0:00:01.196088
3860	7	7	7	1	0:00:01.191809
3880	6	4	4	0	0:00:01.185255
3900	3	1	1	0	0:00:01.201624
3920	7	-1	8	0	0:00:01.167113
3940	6	7	4	0	0:00:01.189292
3960	2	5	5	0	0:00:01.201931
3980	9	7	7	0	0:00:01.203529
4000	8	7	4	0	0:00:01.179470
4020	8	1	8	0	0:00:01.175083
4040	0	0	0	1	0:00:01.195181
4060	6	3	3	0	0:00:01.183154
4080	1	8	8	0	0:00:01.177419
4100	7	7	7	1	0:00:01.180668
4120	4	0	0	0	0:00:01.186885
4140	5	3	3	0	0:00:01.197255
4160	5	2	2	0	0:00:01.197311
4180	0	-1	8	0	0:00:01.189631
4200	4	2	2	0	0:00:01.187984
4220	4	0	0	0	0:00:01.191500
4240	7	0	0	0	0:00:01.191403
4260	8	-1	8	0	0:00:01.194555
4280	8	-1	8	0	0:00:01.189079
4300	8	8	8	1	0:00:01.180147
4320	1	8	8	0	0:00:01.193118
4340	0	-1	8	0	0:00:01.177281
4360	6	9	9	0	0:00:01.181615
4380	9	9	8	1	0:00:01.193464
4400	3	4	4	0	0:00:01.190969
4420	5	8	8	0	0:00:01.177156
4440	2	6	2	0	0:00:01.183761
4460	9	-1	8	0	0:00:01.186698
4480	9	-1	3	0	0:00:01.191929
4500	3	6	6	0	0:00:01.182778
4520	3	6	6	0	0:00:01.181634
4540	9	9	9	1	0:00:01.172747
4560	1	1	4	1	0:00:01.199018
4580	6	4	4	0	0:00:01.192072
4600	4	7	4	0	0:00:01.173700
4620	7	3	3	0	0:00:01.193583
4640	2	3	4	0	0:00:01.197711
4660	7	-1	2	0	0:00:01.184711
4680	9	1	1	0	0:00:01.196379
4700	6	1	4	0	0:00:01.188772
4720	8	0	0	0	0:00:01.178066
4740	5	3	4	0	0:00:01.220548
4760	3	3	4	1	0:00:01.166701
4780	0	0	8	1	0:00:01.196391
4800	9	9	9	1	0:00:01.193199
4820	3	5	5	0	0:00:01.195753
4840	0	0	0	1	0:00:01.189837
4860	5	3	3	0	0:00:01.170010
4880	0	2	2	0	0:00:01.181171
4900	3	6	6	0	0:00:01.185578
4920	7	7	2	1	0:00:01.190851
4940	6	4	2	0	0:00:01.188472
4960	4	3	3	0	0:00:01.202466
4980	1	9	9	0	0:00:01.199317
5000	7	7	7	1	0:00:01.202856
5020	8	1	8	0	0:00:01.192110
5040	3	-1	4	0	0:00:01.202952
5060	6	2	4	0	0:00:01.184577
5080	7	7	7	1	0:00:01.188527
5100	3	3	3	1	0:00:01.202038
5120	9	-1	8	0	0:00:01.172532
5140	8	8	8	1	0:00:01.209797
5160	0	8	8	0	0:00:01.192863
5180	9	-1	4	0	0:00:01.182138
5200	3	3	3	1	0:00:01.200893
5220	0	0	0	1	0:00:01.177464
5240	1	9	2	0	0:00:01.186823
5260	0	0	0	1	0:00:01.205103
5280	0	8	8	0	0:00:01.181252
5300	9	-1	9	0	0:00:01.181389
5320	7	-1	3	0	0:00:01.163479
5340	3	4	4	0	0:00:01.201100
5360	9	9	3	1	0:00:01.201941
5380	1	9	9	0	0:00:01.189245
5400	9	-1	8	0	0:00:01.185478
5420	6	6	6	1	0:00:01.197917
5440	9	9	9	1	0:00:01.181570
5460	0	7	7	0	0:00:01.200721
5480	1	1	8	1	0:00:01.192458
5500	8	1	8	0	0:00:01.204201
5520	4	-1	3	0	0:00:01.195850
5540	5	6	2	0	0:00:01.158821
5560	3	6	6	0	0:00:01.200713
5580	5	6	6	0	0:00:01.197232
5600	6	-1	0	0	0:00:01.175734
5620	3	2	2	0	0:00:01.193204
5640	2	5	3	0	0:00:01.175416
5660	9	-1	8	0	0:00:01.184615
5680	2	1	8	0	0:00:01.178954
5700	3	-1	6	0	0:00:01.203499
5720	9	9	9	1	0:00:01.214883
5740	6	4	4	0	0:00:01.216349
5760	2	-1	2	0	0:00:01.186006
5780	7	7	4	1	0:00:01.179042
5800	2	-1	4	0	0:00:01.185490
5820	5	6	6	0	0:00:01.199679
5840	2	6	6	0	0:00:01.179388
5860	0	8	8	0	0:00:01.190166
5880	0	8	0	0	0:00:01.175913
5900	4	3	4	0	0:00:01.195699
5920	8	8	8	1	0:00:01.185190
5940	7	4	4	0	0:00:01.178519
5960	2	-1	4	0	0:00:01.200030
5980	9	9	6	1	0:00:01.178183
6000	8	9	8	0	0:00:01.195974
6020	6	-1	6	0	0:00:01.199256
6040	2	7	7	0	0:00:01.220567
6060	3	4	4	0	0:00:01.186405
6080	1	9	6	0	0:00:01.189922
6100	1	1	8	1	0:00:01.195929
6120	5	5	5	1	0:00:01.185713
6140	9	9	9	1	0:00:01.183202
6160	2	5	5	0	0:00:01.195441
6180	0	9	8	0	0:00:01.180246
6200	3	-1	3	0	0:00:01.195473
6220	2	6	5	0	0:00:01.200653
6240	2	-1	4	0	0:00:01.195158
6260	2	9	8	0	0:00:01.193023
6280	8	5	4	0	0:00:01.181811
6300	1	7	4	0	0:00:01.210875
6320	0	0	0	1	0:00:01.191065
6340	3	3	3	1	0:00:01.197220
6360	2	6	2	0	0:00:01.189971
6380	3	6	6	0	0:00:01.199169
6400	0	1	4	0	0:00:01.176354
6420	7	-1	8	0	0:00:01.185124
6440	3	9	8	0	0:00:01.177916
6460	3	1	4	0	0:00:01.197509
6480	0	-1	2	0	0:00:01.193040
6500	7	0	8	0	0:00:01.185288
6520	6	4	4	0	0:00:01.191939
6540	8	8	8	1	0:00:01.181185
6560	6	6	4	1	0:00:01.185776
6580	1	2	2	0	0:00:01.189970
6600	7	7	7	1	0:00:01.191925
6620	7	7	7	1	0:00:01.184172
6640	5	-1	8	0	0:00:01.193482
6660	0	0	8	1	0:00:01.207571
6680	3	5	5	0	0:00:01.189699
6700	6	-1	4	0	0:00:01.199324
6720	2	-1	2	0	0:00:01.194438
6740	2	-1	4	0	0:00:01.216912
6760	5	3	6	0	0:00:01.193799
6780	7	7	7	1	0:00:01.187690
6800	6	2	4	0	0:00:01.184976
6820	1	1	1	1	0:00:01.186316
6840	9	9	9	1	0:00:01.195723
6860	0	-1	2	0	0:00:01.213908
6880	2	7	7	0	0:00:01.198650
6900	3	7	4	0	0:00:01.186103
6920	5	2	2	0	0:00:01.205620
6940	1	1	1	1	0:00:01.183343
6960	9	8	8	0	0:00:01.181131
6980	0	9	8	0	0:00:01.173816
7000	2	8	8	0	0:00:01.190610
7020	7	-1	8	0	0:00:01.206062
7040	7	8	8	0	0:00:01.177618
7060	8	0	8	0	0:00:01.199519
7080	5	4	4	0	0:00:01.187109
7100	9	3	3	0	0:00:01.185453
7120	7	-1	6	0	0:00:01.175287
7140	4	3	4	0	0:00:01.187861
7160	5	4	4	0	0:00:01.190016
7180	6	6	6	1	0:00:01.178516
7200	4	6	2	0	0:00:01.184227
7220	9	9	8	1	0:00:01.182431
7240	0	8	8	0	0:00:01.196076
7260	1	8	8	0	0:00:01.199104
7280	1	-1	6	0	0:00:01.186777
7300	3	7	4	0	0:00:01.174231
7320	8	0	0	0	0:00:01.190367
7340	2	4	4	0	0:00:01.185539
7360	2	-1	4	0	0:00:01.190764
7380	7	7	7	1	0:00:01.181146
7400	3	3	3	1	0:00:01.184528
7420	3	0	0	0	0:00:01.194908
7440	3	3	2	1	0:00:01.202196
7460	5	5	5	1	0:00:01.190830
7480	1	8	8	0	0:00:01.192492
7500	6	6	6	1	0:00:01.178643
7520	4	-1	4	0	0:00:01.193549
7540	5	5	5	1	0:00:01.197090
7560	0	9	8	0	0:00:01.203797
7580	8	8	8	1	0:00:01.208352
7600	8	9	8	0	0:00:01.184517
7620	5	9	3	0	0:00:01.215123
7640	9	9	6	1	0:00:01.187624
7660	7	-1	4	0	0:00:01.199941
7680	3	9	3	0	0:00:01.204336
7700	6	6	4	1	0:00:01.207392
7720	5	5	4	1	0:00:01.221971
7740	4	6	2	0	0:00:01.205553
7760	2	9	6	0	0:00:01.229354
7780	3	1	8	0	0:00:01.196618
7800	0	0	8	1	0:00:01.207985
7820	5	8	8	0	0:00:01.209381
7840	1	1	1	1	0:00:01.212661
7860	8	-1	4	0	0:00:01.224720
7880	0	0	0	1	0:00:01.221175
7900	0	-1	8	0	0:00:01.197233
7920	9	8	8	0	0:00:01.206660
7940	2	6	6	0	0:00:01.201469
7960	0	0	3	1	0:00:01.239452
7980	3	7	4	0	0:00:01.215309
8000	9	9	0	1	0:00:01.204006
8020	6	3	3	0	0:00:01.211583
8040	2	-1	4	0	0:00:01.206753
8060	6	6	4	1	0:00:01.197182
8080	4	6	6	0	0:00:01.195350
8100	6	2	2	0	0:00:01.204531
8120	8	9	8	0	0:00:01.205503
8140	5	4	4	0	0:00:01.214636
8160	6	9	6	0	0:00:01.211204
8180	4	4	2	1	0:00:01.204833
8200	3	6	2	0	0:00:01.212327
8220	6	-1	2	0	0:00:01.203305
8240	7	7	7	1	0:00:01.203167
8260	1	3	3	0	0:00:01.202502
8280	4	-1	3	0	0:00:01.211250
8300	5	2	2	0	0:00:01.200639
8320	7	3	4	0	0:00:01.208516
8340	5	3	4	0	0:00:01.211087
8360	7	7	4	1	0:00:01.204018
8380	9	-1	8	0	0:00:01.214782
8400	0	8	8	0	0:00:01.207629
8420	3	-1	4	0	0:00:01.204666
8440	5	3	4	0	0:00:01.210176
8460	8	8	8	1	0:00:01.201610
8480	2	1	8	0	0:00:01.222991
8500	4	2	2	0	0:00:01.213211
8520	8	4	4	0	0:00:01.214496
8540	4	-1	2	0	0:00:01.198882
8560	7	-1	4	0	0:00:01.200362
8580	3	0	2	0	0:00:01.193973
8600	3	-1	4	0	0:00:01.197445
8620	3	7	4	0	0:00:01.196045
8640	1	1	1	1	0:00:01.211883
8660	7	-1	5	0	0:00:01.207896
8680	3	9	8	0	0:00:01.202117
8700	3	3	3	1	0:00:01.202303
8720	2	0	0	0	0:00:01.200309
8740	2	-1	4	0	0:00:01.212982
8760	8	8	8	1	0:00:01.213817
8780	4	7	4	0	0:00:01.195545
8800	0	0	0	1	0:00:01.198632
8820	2	-1	3	0	0:00:01.198838
8840	2	1	7	0	0:00:01.190352
8860	2	6	6	0	0:00:01.191473
8880	1	9	6	0	0:00:01.194674
8900	2	6	4	0	0:00:01.194933
8920	6	6	6	1	0:00:01.203008
8940	6	3	3	0	0:00:01.199601
8960	0	0	0	1	0:00:01.187479
8980	9	9	8	1	0:00:01.191211
9000	8	8	8	1	0:00:01.199828
9020	7	9	8	0	0:00:01.200635
9040	2	5	5	0	0:00:01.197693
9060	9	5	5	0	0:00:01.208059
9080	3	0	0	0	0:00:01.184954
9100	9	6	6	0	0:00:01.195644
9120	3	0	0	0	0:00:01.196960
9140	7	-1	8	0	0:00:01.196054
9160	5	7	4	0	0:00:01.198952
9180	5	5	5	1	0:00:01.201823
9200	8	8	8	1	0:00:01.208275
9220	8	8	8	1	0:00:01.197490
9240	8	8	8	1	0:00:01.204356
9260	5	-1	5	0	0:00:01.199769
9280	9	1	8	0	0:00:01.188301
9300	5	3	2	0	0:00:01.208608
9320	9	9	8	1	0:00:01.189726
9340	1	1	1	1	0:00:01.211649
9360	5	-1	4	0	0:00:01.249118
9380	5	9	3	0	0:00:01.235893
9400	6	4	4	0	0:00:01.201371
9420	5	-1	6	0	0:00:01.183279
9440	8	8	8	1	0:00:01.187613
9460	3	7	6	0	0:00:01.201973
9480	2	4	4	0	0:00:01.209058
9500	9	1	4	0	0:00:01.203354
9520	1	1	1	1	0:00:01.208013
9540	5	3	4	0	0:00:01.199349
9560	9	7	7	0	0:00:01.189156
9580	1	4	4	0	0:00:01.185433
9600	8	8	8	1	0:00:01.204548
9620	4	7	2	0	0:00:01.198739
9640	5	0	6	0	0:00:01.187099
9660	6	6	6	1	0:00:01.190723
9680	8	8	8	1	0:00:01.190941
9700	0	0	2	1	0:00:01.196187
9720	8	1	4	0	0:00:01.187756
9740	3	-1	4	0	0:00:01.205312
9760	9	7	4	0	0:00:01.190061
9780	4	6	4	0	0:00:01.191576
9800	1	1	1	1	0:00:01.196931
9820	0	8	8	0	0:00:01.194085
9840	4	5	5	0	0:00:01.201208
9860	0	5	8	0	0:00:01.194188
9880	7	4	4	0	0:00:01.192064
9900	8	0	8	0	0:00:01.199111
9920	6	4	2	0	0:00:01.183247
9940	4	-1	6	0	0:00:01.192569
9960	2	0	0	0	0:00:01.199426
9980	0	0	0	1	0:00:01.195689
