idx	label	predict	basePredict	correct	time
0	3	2	2	0	0:00:08.446165
20	7	1	9	0	0:00:08.394030
40	4	8	8	0	0:00:08.354404
60	7	2	2	0	0:00:08.359942
80	8	-1	8	0	0:00:08.346016
100	4	-1	3	0	0:00:08.352901
120	8	-1	8	0	0:00:08.356263
140	6	2	2	0	0:00:08.349240
160	2	0	0	0	0:00:08.355449
180	0	9	8	0	0:00:08.351884
200	5	7	3	0	0:00:08.372793
220	7	7	4	1	0:00:08.357770
240	1	1	8	1	0:00:08.347476
260	8	3	6	0	0:00:08.369498
280	9	9	8	1	0:00:08.345069
300	6	7	4	0	0:00:08.349620
320	3	2	4	0	0:00:08.351612
340	2	4	4	0	0:00:08.366709
360	9	-1	4	0	0:00:08.337290
380	6	-1	4	0	0:00:08.362734
400	9	1	1	0	0:00:08.347711
420	4	6	6	0	0:00:08.375907
440	1	1	6	1	0:00:08.341282
460	5	3	4	0	0:00:08.345204
480	8	9	9	0	0:00:08.355162
500	4	9	6	0	0:00:08.347517
520	5	7	7	0	0:00:08.349484
540	1	-1	8	0	0:00:08.333367
560	0	8	8	0	0:00:08.346343
580	4	6	4	0	0:00:08.340547
600	8	-1	4	0	0:00:08.352005
620	7	-1	4	0	0:00:08.361235
640	5	3	3	0	0:00:08.393903
660	9	9	3	1	0:00:08.364925
680	9	7	4	0	0:00:08.354181
700	7	0	0	0	0:00:08.352640
720	4	9	9	0	0:00:08.346207
740	2	5	3	0	0:00:08.380690
760	3	9	9	0	0:00:08.396825
780	9	0	0	0	0:00:08.348029
800	7	7	7	1	0:00:08.350982
820	6	1	8	0	0:00:08.353212
840	7	7	7	1	0:00:08.348627
860	4	4	4	1	0:00:08.345693
880	8	8	8	1	0:00:08.349102
900	2	-1	4	0	0:00:08.393364
920	6	4	2	0	0:00:08.353018
940	9	1	9	0	0:00:08.350952
960	9	9	4	1	0:00:08.346003
980	2	6	6	0	0:00:08.352827
1000	5	5	5	1	0:00:08.254471
1020	1	8	8	0	0:00:08.256839
1040	7	5	5	0	0:00:08.273579
1060	9	9	8	1	0:00:08.266173
1080	6	3	6	0	0:00:08.247905
1100	7	8	8	0	0:00:08.250679
1120	5	2	2	0	0:00:08.260230
1140	6	4	4	0	0:00:08.268239
1160	8	0	0	0	0:00:08.262188
1180	3	-1	8	0	0:00:08.270128
1200	8	0	0	0	0:00:08.263867
1220	9	6	2	0	0:00:08.260767
1240	2	6	6	0	0:00:08.253734
1260	1	9	9	0	0:00:08.269320
1280	3	7	7	0	0:00:08.264982
1300	4	3	3	0	0:00:08.254268
1320	7	2	2	0	0:00:08.275028
1340	1	8	8	0	0:00:08.272084
1360	7	-1	4	0	0:00:08.265527
1380	4	5	5	0	0:00:08.264695
1400	5	-1	2	0	0:00:08.266187
1420	4	7	7	0	0:00:08.263204
1440	0	8	8	0	0:00:08.262008
1460	6	-1	4	0	0:00:08.279064
1480	1	5	5	0	0:00:08.264517
1500	1	9	9	0	0:00:08.267811
1520	7	6	2	0	0:00:08.258057
1540	8	8	8	1	0:00:08.259678
1560	7	7	7	1	0:00:08.261304
1580	6	1	1	0	0:00:08.261299
1600	8	9	6	0	0:00:08.280380
1620	5	8	8	0	0:00:08.267929
1640	7	5	3	0	0:00:08.261625
1660	3	-1	4	0	0:00:08.260872
1680	6	6	6	1	0:00:08.263838
1700	5	2	2	0	0:00:08.267462
1720	4	2	2	0	0:00:08.268277
1740	1	9	9	0	0:00:08.282362
1760	0	8	8	0	0:00:08.269021
1780	7	8	8	0	0:00:08.266689
1800	4	8	8	0	0:00:08.265407
1820	8	9	8	0	0:00:08.265284
1840	8	7	4	0	0:00:08.265970
1860	8	8	8	1	0:00:08.266086
1880	1	8	8	0	0:00:08.271646
1900	8	8	8	1	0:00:08.267892
1920	2	5	2	0	0:00:08.265790
1940	5	3	3	0	0:00:08.269346
1960	2	5	5	0	0:00:08.265765
1980	9	9	2	1	0:00:08.265071
2000	1	6	4	0	0:00:08.260450
2020	9	9	1	1	0:00:08.282808
2040	0	8	8	0	0:00:08.262388
2060	5	3	3	0	0:00:08.260098
2080	1	9	4	0	0:00:08.263753
2100	2	4	4	0	0:00:08.256355
2120	4	8	8	0	0:00:08.264669
2140	9	1	1	0	0:00:08.268955
2160	0	8	8	0	0:00:08.279885
2180	4	2	2	0	0:00:08.263944
2200	0	2	2	0	0:00:08.265155
2220	1	1	4	1	0:00:08.262903
2240	9	1	8	0	0:00:08.263307
2260	4	7	4	0	0:00:08.261240
2280	4	8	8	0	0:00:08.263975
2300	3	-1	4	0	0:00:08.282919
2320	5	8	8	0	0:00:08.268338
2340	7	-1	7	0	0:00:08.261506
2360	7	5	3	0	0:00:08.266545
2380	8	0	0	0	0:00:08.257041
2400	0	4	4	0	0:00:08.264189
2420	8	5	5	0	0:00:08.265175
2440	7	1	8	0	0:00:08.274709
2460	9	3	3	0	0:00:08.265153
2480	8	-1	8	0	0:00:08.264607
2500	4	6	2	0	0:00:08.265691
2520	1	9	8	0	0:00:08.266311
2540	2	3	3	0	0:00:08.261653
2560	7	6	2	0	0:00:08.261872
2580	6	7	4	0	0:00:08.271538
2600	8	8	8	1	0:00:08.270415
2620	1	-1	4	0	0:00:08.263372
2640	7	6	6	0	0:00:08.269577
2660	3	-1	2	0	0:00:08.261743
2680	0	0	0	1	0:00:08.262912
2700	9	-1	0	0	0:00:08.266643
2720	3	2	2	0	0:00:08.279637
2740	1	-1	7	0	0:00:08.261449
2760	2	4	4	0	0:00:08.261600
2780	7	7	6	1	0:00:08.265101
2800	4	6	6	0	0:00:08.265280
2820	6	6	4	1	0:00:08.260560
2840	3	3	3	1	0:00:08.266403
2860	5	7	4	0	0:00:08.275763
2880	4	4	4	1	0:00:08.265128
2900	3	2	2	0	0:00:08.264129
2920	2	5	5	0	0:00:08.262924
2940	3	0	0	0	0:00:08.263809
2960	9	7	8	0	0:00:08.262614
2980	8	1	8	0	0:00:08.264124
3000	5	5	5	1	0:00:08.274280
3020	1	8	8	0	0:00:08.265541
3040	7	7	7	1	0:00:08.267154
3060	7	-1	3	0	0:00:08.268969
3080	1	7	4	0	0:00:08.263293
3100	0	0	8	1	0:00:08.264167
3120	4	6	2	0	0:00:08.264998
3140	8	0	8	0	0:00:08.276473
3160	6	4	4	0	0:00:08.262890
3180	3	7	8	0	0:00:08.265425
3200	5	7	7	0	0:00:08.270358
3220	3	9	9	0	0:00:08.268080
3240	4	1	8	0	0:00:08.264950
3260	7	0	0	0	0:00:08.263649
3280	3	0	0	0	0:00:08.274817
3300	4	6	4	0	0:00:08.261326
3320	2	7	7	0	0:00:08.263657
3340	6	7	4	0	0:00:08.259598
3360	4	6	6	0	0:00:08.269207
3380	8	1	8	0	0:00:08.263477
3400	6	4	4	0	0:00:08.256925
3420	5	-1	4	0	0:00:08.283620
3440	2	9	3	0	0:00:08.273652
3460	1	1	4	1	0:00:08.269797
3480	2	2	2	1	0:00:08.260361
3500	1	1	4	1	0:00:08.268455
3520	1	1	1	1	0:00:08.263717
3540	6	8	4	0	0:00:08.260794
3560	1	9	7	0	0:00:08.280683
3580	4	1	8	0	0:00:08.266114
3600	4	2	2	0	0:00:08.266452
3620	0	6	6	0	0:00:08.264362
3640	6	2	2	0	0:00:08.272943
3660	0	8	8	0	0:00:08.261719
3680	0	2	2	0	0:00:08.266108
3700	3	-1	4	0	0:00:08.278528
3720	2	2	2	1	0:00:08.269449
3740	0	8	8	0	0:00:08.265132
3760	7	7	7	1	0:00:08.261850
3780	4	-1	2	0	0:00:08.264772
3800	9	3	3	0	0:00:08.267468
3820	0	2	2	0	0:00:08.266874
3840	6	-1	3	0	0:00:08.269937
3860	7	7	7	1	0:00:08.274878
3880	6	4	4	0	0:00:08.265947
3900	3	1	1	0	0:00:08.265824
3920	7	-1	8	0	0:00:08.272235
3940	6	7	4	0	0:00:08.262624
3960	2	5	5	0	0:00:08.266809
3980	9	7	7	0	0:00:08.276459
4000	8	7	4	0	0:00:08.257958
4020	8	1	8	0	0:00:08.262421
4040	0	8	8	0	0:00:08.262998
4060	6	3	3	0	0:00:08.266503
4080	1	8	8	0	0:00:08.268838
4100	7	7	7	1	0:00:08.266261
4120	4	0	0	0	0:00:08.278073
4140	5	3	3	0	0:00:08.264309
4160	5	2	2	0	0:00:08.264093
4180	0	8	8	0	0:00:08.264242
4200	4	-1	2	0	0:00:08.267613
4220	4	0	0	0	0:00:08.265641
4240	7	0	0	0	0:00:08.266781
4260	8	1	1	0	0:00:08.280025
4280	8	-1	0	0	0:00:08.270368
4300	8	9	8	0	0:00:08.272380
4320	1	8	8	0	0:00:08.263996
4340	0	8	8	0	0:00:08.268237
4360	6	9	9	0	0:00:08.263777
4380	9	8	8	0	0:00:08.261425
4400	3	4	4	0	0:00:08.274689
4420	5	8	8	0	0:00:08.262105
4440	2	6	2	0	0:00:08.263630
4460	9	8	8	0	0:00:08.267707
4480	9	-1	6	0	0:00:08.257375
4500	3	-1	4	0	0:00:08.269521
4520	3	6	6	0	0:00:08.266389
4540	9	9	1	1	0:00:08.272596
4560	1	-1	4	0	0:00:08.256888
4580	6	4	4	0	0:00:08.265115
4600	4	7	7	0	0:00:08.264371
4620	7	3	3	0	0:00:08.263752
4640	2	3	4	0	0:00:08.270554
4660	7	6	2	0	0:00:08.262235
4680	9	1	1	0	0:00:08.280432
4700	6	1	4	0	0:00:08.265797
4720	8	0	0	0	0:00:08.259596
4740	5	6	4	0	0:00:08.266793
4760	3	-1	8	0	0:00:08.258611
4780	0	-1	8	0	0:00:08.262538
4800	9	9	9	1	0:00:08.268230
4820	3	5	5	0	0:00:08.285120
4840	0	0	0	1	0:00:08.262167
4860	5	3	8	0	0:00:08.259745
4880	0	2	2	0	0:00:08.268925
4900	3	6	6	0	0:00:08.265293
4920	7	-1	2	0	0:00:08.263617
4940	6	4	4	0	0:00:08.264154
4960	4	3	3	0	0:00:08.278030
4980	1	9	9	0	0:00:08.262614
5000	7	7	7	1	0:00:08.265975
5020	8	1	8	0	0:00:08.271388
5040	3	-1	4	0	0:00:08.263308
5060	6	2	4	0	0:00:08.264689
5080	7	7	7	1	0:00:08.258056
5100	3	-1	4	0	0:00:08.278309
5120	9	8	8	0	0:00:08.264521
5140	8	0	8	0	0:00:08.265323
5160	0	8	8	0	0:00:08.265756
5180	9	6	4	0	0:00:08.258320
5200	3	3	3	1	0:00:08.261517
5220	0	0	0	1	0:00:08.261959
5240	1	2	2	0	0:00:08.274855
5260	0	0	0	1	0:00:08.262872
5280	0	8	8	0	0:00:08.261425
5300	9	1	1	0	0:00:08.268873
5320	7	0	3	0	0:00:08.264531
5340	3	4	4	0	0:00:08.267217
5360	9	9	3	1	0:00:08.261233
5380	1	9	9	0	0:00:08.278656
5400	9	0	2	0	0:00:08.261376
5420	6	5	6	0	0:00:08.264193
5440	9	9	8	1	0:00:08.263756
5460	0	7	7	0	0:00:08.263896
5480	1	-1	4	0	0:00:08.269209
5500	8	1	8	0	0:00:08.263350
5520	4	-1	3	0	0:00:08.280270
5540	5	6	2	0	0:00:08.260361
5560	3	6	4	0	0:00:08.260915
5580	5	6	6	0	0:00:08.262894
5600	6	-1	0	0	0:00:08.265798
5620	3	2	2	0	0:00:08.269195
5640	2	5	3	0	0:00:08.270431
5660	9	0	8	0	0:00:08.280679
5680	2	1	8	0	0:00:08.264427
5700	3	6	2	0	0:00:08.266575
5720	9	9	7	1	0:00:08.262587
5740	6	4	4	0	0:00:08.270581
5760	2	0	4	0	0:00:08.266860
5780	7	7	4	1	0:00:08.246926
5800	2	6	4	0	0:00:08.268176
5820	5	6	6	0	0:00:08.266022
5840	2	6	6	0	0:00:08.258900
5860	0	8	8	0	0:00:08.275450
5880	0	8	8	0	0:00:08.271813
5900	4	3	4	0	0:00:08.270625
5920	8	8	6	1	0:00:08.249347
5940	7	4	4	0	0:00:08.258204
5960	2	7	4	0	0:00:08.266157
5980	9	9	6	1	0:00:08.270048
6000	8	9	8	0	0:00:08.272418
6020	6	7	6	0	0:00:08.267824
6040	2	7	7	0	0:00:08.263477
6060	3	4	4	0	0:00:08.265175
6080	1	-1	6	0	0:00:08.283151
6100	1	-1	8	0	0:00:08.267458
6120	5	3	3	0	0:00:08.264640
6140	9	-1	7	0	0:00:08.264748
6160	2	5	5	0	0:00:08.266688
6180	0	9	8	0	0:00:08.266542
6200	3	9	8	0	0:00:08.264900
6220	2	6	6	0	0:00:08.280149
6240	2	1	4	0	0:00:08.268057
6260	2	9	8	0	0:00:08.266023
6280	8	5	4	0	0:00:08.270040
6300	1	7	4	0	0:00:08.261598
6320	0	0	0	1	0:00:08.263895
6340	3	7	3	0	0:00:08.265381
6360	2	6	6	0	0:00:08.279739
6380	3	1	6	0	0:00:08.256128
6400	0	1	8	0	0:00:08.263751
6420	7	8	8	0	0:00:08.268393
6440	3	-1	8	0	0:00:08.264362
6460	3	1	4	0	0:00:08.267790
6480	0	-1	2	0	0:00:08.276080
6500	7	0	8	0	0:00:08.281644
6520	6	-1	4	0	0:00:08.267554
6540	8	1	8	0	0:00:08.255354
6560	6	7	4	0	0:00:08.257424
6580	1	-1	2	0	0:00:08.265682
6600	7	7	7	1	0:00:08.262573
6620	7	7	3	1	0:00:08.255538
6640	5	8	8	0	0:00:08.278842
6660	0	9	8	0	0:00:08.259858
6680	3	5	5	0	0:00:08.264545
6700	6	1	2	0	0:00:08.266027
6720	2	4	2	0	0:00:08.260473
6740	2	6	4	0	0:00:08.261607
6760	5	3	6	0	0:00:08.262945
6780	7	7	7	1	0:00:08.278490
6800	6	2	4	0	0:00:08.265272
6820	1	1	8	1	0:00:08.264152
6840	9	1	1	0	0:00:08.265173
6860	0	2	2	0	0:00:08.258588
6880	2	7	6	0	0:00:08.264750
6900	3	7	4	0	0:00:08.259941
6920	5	2	2	0	0:00:08.280653
6940	1	1	1	1	0:00:08.261950
6960	9	8	8	0	0:00:08.260636
6980	0	-1	8	0	0:00:08.263677
7000	2	8	8	0	0:00:08.260092
7020	7	1	8	0	0:00:08.265637
7040	7	8	8	0	0:00:08.259063
7060	8	0	0	0	0:00:08.269669
7080	5	4	4	0	0:00:08.264383
7100	9	3	3	0	0:00:08.251342
7120	7	6	6	0	0:00:08.261667
7140	4	3	4	0	0:00:08.263166
7160	5	-1	4	0	0:00:08.266224
7180	6	6	6	1	0:00:08.268245
7200	4	6	2	0	0:00:08.289980
7220	9	8	8	0	0:00:08.263773
7240	0	8	8	0	0:00:08.266086
7260	1	8	8	0	0:00:08.264133
7280	1	6	4	0	0:00:08.262947
7300	3	7	7	0	0:00:08.259157
7320	8	0	0	0	0:00:08.269825
7340	2	4	4	0	0:00:08.275029
7360	2	7	4	0	0:00:08.263615
7380	7	9	5	0	0:00:08.259679
7400	3	9	3	0	0:00:08.262147
7420	3	0	0	0	0:00:08.259611
7440	3	6	4	0	0:00:08.258742
7460	5	5	5	1	0:00:08.262220
7480	1	8	5	0	0:00:08.267516
7500	6	6	6	1	0:00:08.264828
7520	4	6	4	0	0:00:08.261220
7540	5	5	5	1	0:00:08.256099
7560	0	6	2	0	0:00:08.265287
7580	8	0	8	0	0:00:08.260269
7600	8	9	8	0	0:00:08.253651
7620	5	1	9	0	0:00:08.276673
7640	9	-1	6	0	0:00:08.258574
7660	7	1	4	0	0:00:08.254876
7680	3	9	3	0	0:00:08.258922
7700	6	6	4	1	0:00:08.260247
7720	5	-1	4	0	0:00:08.261216
7740	4	6	2	0	0:00:08.261020
7760	2	9	9	0	0:00:08.266665
7780	3	1	8	0	0:00:08.267498
7800	0	-1	8	0	0:00:08.262870
7820	5	8	8	0	0:00:08.261941
7840	1	1	1	1	0:00:08.258627
7860	8	7	4	0	0:00:08.261453
7880	0	-1	8	0	0:00:08.261647
7900	0	8	8	0	0:00:08.267732
7920	9	-1	8	0	0:00:08.269061
7940	2	6	6	0	0:00:08.265527
7960	0	3	3	0	0:00:08.258771
7980	3	7	4	0	0:00:08.264353
8000	9	0	0	0	0:00:08.259638
8020	6	3	3	0	0:00:08.258947
8040	2	6	4	0	0:00:08.277819
8060	6	4	4	0	0:00:08.261090
8080	4	6	6	0	0:00:08.263294
8100	6	2	2	0	0:00:08.262518
8120	8	9	9	0	0:00:08.259689
8140	5	4	4	0	0:00:08.261920
8160	6	9	6	0	0:00:08.262932
8180	4	6	2	0	0:00:08.267478
8200	3	-1	2	0	0:00:08.261528
8220	6	-1	2	0	0:00:08.259006
8240	7	7	4	1	0:00:08.263305
8260	1	3	3	0	0:00:08.258766
8280	4	3	3	0	0:00:08.267167
8300	5	2	2	0	0:00:08.260569
8320	7	3	4	0	0:00:08.268012
8340	5	3	4	0	0:00:08.264912
8360	7	4	4	0	0:00:08.259015
8380	9	8	8	0	0:00:08.258008
8400	0	8	8	0	0:00:08.259897
8420	3	4	4	0	0:00:08.261870
8440	5	-1	4	0	0:00:08.267315
8460	8	8	8	1	0:00:08.273426
8480	2	1	8	0	0:00:08.258709
8500	4	2	2	0	0:00:08.259967
8520	8	4	4	0	0:00:08.257144
8540	4	6	2	0	0:00:08.262521
8560	7	4	4	0	0:00:08.253724
8580	3	0	2	0	0:00:08.258286
8600	3	7	4	0	0:00:08.273417
8620	3	1	4	0	0:00:08.262869
8640	1	1	8	1	0:00:08.265273
8660	7	5	5	0	0:00:08.267406
8680	3	9	8	0	0:00:08.254698
8700	3	3	3	1	0:00:08.262930
8720	2	0	0	0	0:00:08.263248
8740	2	-1	4	0	0:00:08.273365
8760	8	5	5	0	0:00:08.267853
8780	4	7	2	0	0:00:08.254644
8800	0	0	0	1	0:00:08.257746
8820	2	3	3	0	0:00:08.262672
8840	2	1	1	0	0:00:08.257555
8860	2	6	6	0	0:00:08.267720
8880	1	9	6	0	0:00:08.270456
8900	2	6	4	0	0:00:08.266843
8920	6	6	6	1	0:00:08.259593
8940	6	3	3	0	0:00:08.261940
8960	0	0	0	1	0:00:08.253057
8980	9	9	8	1	0:00:08.256066
9000	8	8	8	1	0:00:08.265118
9020	7	9	8	0	0:00:08.277039
9040	2	5	5	0	0:00:08.260745
9060	9	5	5	0	0:00:08.258416
9080	3	0	0	0	0:00:08.263056
9100	9	6	6	0	0:00:08.260641
9120	3	0	0	0	0:00:08.253935
9140	7	-1	8	0	0:00:08.261492
9160	5	7	4	0	0:00:08.278660
9180	5	5	5	1	0:00:08.266230
9200	8	8	8	1	0:00:08.255481
9220	8	8	8	1	0:00:08.258773
9240	8	9	8	0	0:00:08.263539
9260	5	6	6	0	0:00:08.249745
9280	9	-1	8	0	0:00:08.257511
9300	5	-1	2	0	0:00:08.274795
9320	9	8	8	0	0:00:08.258579
9340	1	1	1	1	0:00:08.259977
9360	5	1	4	0	0:00:08.260422
9380	5	9	9	0	0:00:08.263345
9400	6	4	4	0	0:00:08.259805
9420	5	6	6	0	0:00:08.258821
9440	8	8	8	1	0:00:08.276945
9460	3	7	4	0	0:00:08.263722
9480	2	4	4	0	0:00:08.263678
9500	9	1	4	0	0:00:08.262100
9520	1	3	8	0	0:00:08.255696
9540	5	-1	4	0	0:00:08.258623
9560	9	7	7	0	0:00:08.258878
9580	1	4	4	0	0:00:08.270648
9600	8	0	8	0	0:00:08.262556
9620	4	7	7	0	0:00:08.260294
9640	5	0	0	0	0:00:08.264247
9660	6	-1	6	0	0:00:08.260532
9680	8	9	8	0	0:00:08.264299
9700	0	2	2	0	0:00:08.262909
9720	8	6	6	0	0:00:08.275593
9740	3	4	4	0	0:00:08.265837
9760	9	7	4	0	0:00:08.257866
9780	4	6	6	0	0:00:08.254909
9800	1	1	1	1	0:00:08.262395
9820	0	8	8	0	0:00:08.261797
9840	4	-1	5	0	0:00:08.257646
9860	0	5	2	0	0:00:08.272077
9880	7	-1	8	0	0:00:08.256113
9900	8	0	6	0	0:00:08.261658
9920	6	4	2	0	0:00:08.261932
9940	4	5	7	0	0:00:08.261628
9960	2	0	0	0	0:00:08.260905
9980	0	0	0	1	0:00:08.255877
