idx	label	predict	basePredict	correct	time
0	3	-1	2	0	0:00:01.178416
20	7	-1	6	0	0:00:01.051565
40	4	-1	8	0	0:00:01.048626
60	7	-1	4	0	0:00:01.049673
80	8	8	8	1	0:00:01.053173
100	4	-1	3	0	0:00:01.067762
120	8	-1	8	0	0:00:01.057790
140	6	2	2	0	0:00:01.068479
160	2	0	2	0	0:00:01.091659
180	0	-1	8	0	0:00:01.163879
200	5	-1	3	0	0:00:01.058660
220	7	7	7	1	0:00:01.054438
240	1	1	8	1	0:00:01.055748
260	8	-1	3	0	0:00:01.052122
280	9	9	8	1	0:00:01.063337
300	6	-1	4	0	0:00:01.053089
320	3	-1	4	0	0:00:01.086600
340	2	4	4	0	0:00:01.082244
360	9	-1	6	0	0:00:01.084620
380	6	-1	4	0	0:00:01.088418
400	9	-1	8	0	0:00:01.080239
420	4	6	6	0	0:00:01.071094
440	1	-1	4	0	0:00:01.045199
460	5	-1	4	0	0:00:01.038926
480	8	9	8	0	0:00:01.052698
500	4	-1	6	0	0:00:01.062591
520	5	7	7	0	0:00:01.052105
540	1	-1	8	0	0:00:01.051106
560	0	-1	8	0	0:00:01.050663
580	4	-1	4	0	0:00:01.076175
600	8	-1	8	0	0:00:01.044233
620	7	-1	4	0	0:00:01.062920
640	5	3	3	0	0:00:01.078840
660	9	9	9	1	0:00:01.048591
680	9	-1	4	0	0:00:01.062970
700	7	-1	4	0	0:00:01.046903
720	4	9	9	0	0:00:01.042400
740	2	5	3	0	0:00:01.052810
760	3	9	9	0	0:00:01.053016
780	9	1	0	0	0:00:01.083323
800	7	7	7	1	0:00:01.070738
820	6	-1	8	0	0:00:01.047524
840	7	7	7	1	0:00:01.047978
860	4	4	4	1	0:00:01.074692
880	8	8	8	1	0:00:01.055229
900	2	-1	4	0	0:00:01.054989
920	6	-1	2	0	0:00:01.052516
940	9	-1	9	0	0:00:01.061863
960	9	9	4	1	0:00:01.049909
980	2	6	6	0	0:00:01.053982
1000	5	5	5	1	0:00:00.974309
1020	1	-1	8	0	0:00:00.962173
1040	7	5	5	0	0:00:00.949866
1060	9	9	8	1	0:00:00.949803
1080	6	-1	6	0	0:00:00.956749
1100	7	8	8	0	0:00:00.958217
1120	5	-1	2	0	0:00:00.955028
1140	6	4	4	0	0:00:00.952819
1160	8	0	0	0	0:00:00.951625
1180	3	-1	8	0	0:00:00.951225
1200	8	0	0	0	0:00:00.951097
1220	9	6	4	0	0:00:00.956973
1240	2	6	6	0	0:00:00.968738
1260	1	9	9	0	0:00:00.958447
1280	3	7	7	0	0:00:00.962445
1300	4	3	3	0	0:00:00.957645
1320	7	-1	2	0	0:00:00.952109
1340	1	-1	8	0	0:00:00.964486
1360	7	-1	4	0	0:00:00.953350
1380	4	5	5	0	0:00:00.953263
1400	5	-1	2	0	0:00:00.961355
1420	4	7	7	0	0:00:00.956886
1440	0	8	8	0	0:00:00.958095
1460	6	-1	4	0	0:00:00.992244
1480	1	-1	5	0	0:00:00.968512
1500	1	9	8	0	0:00:00.948288
1520	7	-1	4	0	0:00:00.948083
1540	8	8	8	1	0:00:00.960443
1560	7	7	7	1	0:00:00.948642
1580	6	1	1	0	0:00:00.955362
1600	8	-1	6	0	0:00:00.946885
1620	5	8	8	0	0:00:00.945527
1640	7	5	3	0	0:00:00.954883
1660	3	-1	4	0	0:00:00.950672
1680	6	6	6	1	0:00:00.959319
1700	5	2	2	0	0:00:00.978118
1720	4	-1	2	0	0:00:00.959978
1740	1	9	9	0	0:00:00.949619
1760	0	8	8	0	0:00:00.948630
1780	7	-1	8	0	0:00:00.948952
1800	4	8	8	0	0:00:00.949351
1820	8	-1	8	0	0:00:00.953028
1840	8	-1	4	0	0:00:00.952481
1860	8	8	8	1	0:00:00.959827
1880	1	-1	8	0	0:00:00.945581
1900	8	8	8	1	0:00:00.953710
1920	2	-1	2	0	0:00:00.974515
1940	5	3	3	0	0:00:00.964544
1960	2	5	5	0	0:00:00.962752
1980	9	9	4	1	0:00:00.949445
2000	1	6	4	0	0:00:00.952696
2020	9	9	9	1	0:00:00.944222
2040	0	8	8	0	0:00:00.951204
2060	5	-1	3	0	0:00:00.955432
2080	1	-1	4	0	0:00:00.952506
2100	2	4	4	0	0:00:00.953104
2120	4	8	8	0	0:00:00.955446
2140	9	-1	1	0	0:00:00.957299
2160	0	8	8	0	0:00:00.975295
2180	4	-1	4	0	0:00:00.951188
2200	0	-1	2	0	0:00:00.962389
2220	1	1	4	1	0:00:00.953678
2240	9	-1	8	0	0:00:00.952114
2260	4	-1	4	0	0:00:00.947864
2280	4	-1	8	0	0:00:00.953505
2300	3	-1	4	0	0:00:00.948500
2320	5	-1	8	0	0:00:00.952618
2340	7	7	7	1	0:00:00.949174
2360	7	-1	3	0	0:00:00.952594
2380	8	-1	8	0	0:00:00.976011
2400	0	-1	4	0	0:00:00.979909
2420	8	-1	5	0	0:00:00.958204
2440	7	-1	8	0	0:00:00.957617
2460	9	-1	3	0	0:00:00.962911
2480	8	-1	8	0	0:00:00.949813
2500	4	2	2	0	0:00:00.956443
2520	1	9	8	0	0:00:00.961374
2540	2	3	3	0	0:00:00.960148
2560	7	-1	4	0	0:00:00.943280
2580	6	-1	4	0	0:00:00.956603
2600	8	8	8	1	0:00:00.953801
2620	1	-1	4	0	0:00:00.981223
2640	7	-1	6	0	0:00:00.952470
2660	3	-1	2	0	0:00:00.952784
2680	0	0	0	1	0:00:00.951648
2700	9	-1	0	0	0:00:00.956901
2720	3	-1	2	0	0:00:00.953617
2740	1	-1	1	0	0:00:00.954125
2760	2	-1	4	0	0:00:00.948980
2780	7	7	6	1	0:00:00.955340
2800	4	-1	4	0	0:00:00.950091
2820	6	6	4	1	0:00:00.951580
2840	3	3	3	1	0:00:00.955563
2860	5	-1	4	0	0:00:00.986987
2880	4	4	4	1	0:00:00.947769
2900	3	-1	2	0	0:00:00.949023
2920	2	5	5	0	0:00:00.953294
2940	3	0	0	0	0:00:00.951780
2960	9	-1	8	0	0:00:00.951555
2980	8	1	8	0	0:00:00.960303
3000	5	5	5	1	0:00:00.951832
3020	1	-1	8	0	0:00:00.957838
3040	7	7	7	1	0:00:00.951978
3060	7	-1	7	0	0:00:00.958040
3080	1	-1	2	0	0:00:00.974964
3100	0	0	0	1	0:00:00.965900
3120	4	6	2	0	0:00:00.947920
3140	8	-1	8	0	0:00:00.953253
3160	6	4	4	0	0:00:00.953149
3180	3	-1	8	0	0:00:00.948525
3200	5	7	7	0	0:00:00.953904
3220	3	9	9	0	0:00:00.948232
3240	4	-1	8	0	0:00:00.948552
3260	7	0	0	0	0:00:00.944784
3280	3	-1	0	0	0:00:00.948408
3300	4	6	4	0	0:00:00.954046
3320	2	7	7	0	0:00:00.986166
3340	6	-1	4	0	0:00:00.950483
3360	4	6	6	0	0:00:00.952228
3380	8	-1	8	0	0:00:00.952359
3400	6	4	4	0	0:00:00.954862
3420	5	-1	4	0	0:00:00.947905
3440	2	9	3	0	0:00:00.948037
3460	1	1	4	1	0:00:00.951852
3480	2	2	2	1	0:00:00.947026
3500	1	1	4	1	0:00:00.944922
3520	1	1	1	1	0:00:00.951371
3540	6	-1	6	0	0:00:00.964489
3560	1	9	0	0	0:00:00.953485
3580	4	1	4	0	0:00:00.942648
3600	4	2	2	0	0:00:00.954457
3620	0	6	6	0	0:00:00.956242
3640	6	2	2	0	0:00:00.952623
3660	0	8	8	0	0:00:00.953839
3680	0	-1	2	0	0:00:00.953551
3700	3	-1	4	0	0:00:00.955397
3720	2	2	2	1	0:00:00.946165
3740	0	-1	8	0	0:00:00.953164
3760	7	7	7	1	0:00:00.942905
3780	4	-1	2	0	0:00:00.958075
3800	9	-1	3	0	0:00:00.958958
3820	0	2	2	0	0:00:00.945899
3840	6	-1	3	0	0:00:00.947376
3860	7	7	7	1	0:00:00.956328
3880	6	4	4	0	0:00:00.950869
3900	3	-1	1	0	0:00:00.944490
3920	7	-1	8	0	0:00:00.963317
3940	6	-1	4	0	0:00:00.945868
3960	2	-1	5	0	0:00:00.958771
3980	9	7	7	0	0:00:00.952523
4000	8	7	0	0	0:00:00.963159
4020	8	-1	8	0	0:00:00.995324
4040	0	-1	0	0	0:00:00.952399
4060	6	3	3	0	0:00:00.952690
4080	1	8	8	0	0:00:00.948805
4100	7	7	7	1	0:00:00.953113
4120	4	0	0	0	0:00:00.951225
4140	5	3	3	0	0:00:00.960572
4160	5	2	2	0	0:00:00.949986
4180	0	-1	8	0	0:00:00.953417
4200	4	-1	2	0	0:00:00.951427
4220	4	0	0	0	0:00:00.947417
4240	7	0	0	0	0:00:00.960291
4260	8	-1	1	0	0:00:00.952794
4280	8	-1	8	0	0:00:00.964409
4300	8	-1	8	0	0:00:00.968600
4320	1	8	8	0	0:00:00.959152
4340	0	-1	8	0	0:00:00.961825
4360	6	9	9	0	0:00:00.959016
4380	9	-1	8	0	0:00:00.957762
4400	3	4	4	0	0:00:00.950650
4420	5	8	8	0	0:00:00.961788
4440	2	-1	2	0	0:00:00.962463
4460	9	-1	8	0	0:00:00.955559
4480	9	-1	6	0	0:00:00.970039
4500	3	6	6	0	0:00:00.958653
4520	3	6	6	0	0:00:00.960864
4540	9	9	9	1	0:00:00.955905
4560	1	-1	4	0	0:00:00.971800
4580	6	4	4	0	0:00:00.972033
4600	4	7	7	0	0:00:00.960236
4620	7	3	3	0	0:00:00.962886
4640	2	3	4	0	0:00:00.961807
4660	7	-1	2	0	0:00:00.961156
4680	9	1	1	0	0:00:00.967531
4700	6	1	4	0	0:00:00.971918
4720	8	0	0	0	0:00:00.977608
4740	5	-1	4	0	0:00:00.954958
4760	3	-1	4	0	0:00:00.958405
4780	0	0	8	1	0:00:00.961657
4800	9	9	9	1	0:00:00.962522
4820	3	5	5	0	0:00:00.963887
4840	0	0	0	1	0:00:00.960920
4860	5	3	3	0	0:00:00.963838
4880	0	2	2	0	0:00:00.964395
4900	3	-1	6	0	0:00:00.958588
4920	7	7	2	1	0:00:00.960780
4940	6	4	4	0	0:00:00.972125
4960	4	3	3	0	0:00:00.960906
4980	1	9	8	0	0:00:00.960748
5000	7	7	7	1	0:00:00.956696
5020	8	-1	8	0	0:00:00.955510
5040	3	-1	4	0	0:00:00.977381
5060	6	2	4	0	0:00:00.966796
5080	7	7	7	1	0:00:00.967284
5100	3	-1	3	0	0:00:00.955283
5120	9	-1	8	0	0:00:00.955419
5140	8	8	8	1	0:00:00.955773
5160	0	8	8	0	0:00:00.981394
5180	9	-1	4	0	0:00:00.975034
5200	3	3	3	1	0:00:00.953370
5220	0	0	0	1	0:00:00.960814
5240	1	-1	2	0	0:00:00.956797
5260	0	0	0	1	0:00:00.961846
5280	0	8	8	0	0:00:00.958462
5300	9	1	1	0	0:00:00.962663
5320	7	-1	3	0	0:00:00.961309
5340	3	4	4	0	0:00:00.956858
5360	9	9	3	1	0:00:00.955525
5380	1	9	9	0	0:00:00.957896
5400	9	-1	8	0	0:00:00.999122
5420	6	-1	6	0	0:00:00.972811
5440	9	9	9	1	0:00:00.957578
5460	0	-1	7	0	0:00:00.960779
5480	1	-1	8	0	0:00:00.962542
5500	8	1	8	0	0:00:00.957554
5520	4	-1	3	0	0:00:00.962756
5540	5	6	2	0	0:00:00.966178
5560	3	6	6	0	0:00:00.956368
5580	5	6	6	0	0:00:00.956043
5600	6	-1	0	0	0:00:00.963741
5620	3	2	2	0	0:00:00.973428
5640	2	5	3	0	0:00:00.967682
5660	9	-1	8	0	0:00:00.958747
5680	2	-1	8	0	0:00:00.956387
5700	3	-1	6	0	0:00:00.955974
5720	9	9	9	1	0:00:00.966039
5740	6	-1	4	0	0:00:00.959601
5760	2	-1	2	0	0:00:00.960151
5780	7	7	4	1	0:00:00.959577
5800	2	-1	4	0	0:00:00.959053
5820	5	6	6	0	0:00:00.968302
5840	2	6	6	0	0:00:00.960226
5860	0	-1	8	0	0:00:00.975087
5880	0	8	0	0	0:00:00.964202
5900	4	3	4	0	0:00:00.952904
5920	8	8	8	1	0:00:00.950714
5940	7	4	4	0	0:00:00.956047
5960	2	-1	4	0	0:00:00.947265
5980	9	9	6	1	0:00:00.948148
6000	8	9	8	0	0:00:00.946660
6020	6	-1	6	0	0:00:00.947930
6040	2	7	7	0	0:00:00.947761
6060	3	4	4	0	0:00:00.945607
6080	1	-1	6	0	0:00:00.950269
6100	1	-1	8	0	0:00:00.979416
6120	5	-1	5	0	0:00:00.954554
6140	9	-1	7	0	0:00:00.950909
6160	2	5	5	0	0:00:00.959213
6180	0	-1	8	0	0:00:00.955449
6200	3	-1	3	0	0:00:00.950753
6220	2	6	6	0	0:00:00.957119
6240	2	-1	4	0	0:00:00.951505
6260	2	9	8	0	0:00:00.949516
6280	8	-1	4	0	0:00:00.972267
6300	1	7	4	0	0:00:00.966078
6320	0	0	0	1	0:00:00.985505
6340	3	3	3	1	0:00:00.965663
6360	2	6	2	0	0:00:00.951493
6380	3	-1	6	0	0:00:00.955481
6400	0	1	4	0	0:00:00.951425
6420	7	-1	8	0	0:00:00.955258
6440	3	-1	8	0	0:00:00.946145
6460	3	1	4	0	0:00:00.953455
6480	0	-1	2	0	0:00:00.962737
6500	7	-1	8	0	0:00:00.957270
6520	6	4	4	0	0:00:00.959038
6540	8	-1	8	0	0:00:00.951824
6560	6	-1	4	0	0:00:00.973390
6580	1	-1	2	0	0:00:00.951154
6600	7	7	7	1	0:00:00.950619
6620	7	7	7	1	0:00:00.948820
6640	5	-1	8	0	0:00:00.957236
6660	0	-1	8	0	0:00:00.948085
6680	3	5	5	0	0:00:00.957258
6700	6	-1	2	0	0:00:00.948024
6720	2	4	2	0	0:00:00.957088
6740	2	-1	4	0	0:00:00.953912
6760	5	-1	2	0	0:00:00.946495
6780	7	7	7	1	0:00:00.968253
6800	6	2	4	0	0:00:00.971209
6820	1	1	1	1	0:00:00.951475
6840	9	-1	1	0	0:00:00.954701
6860	0	-1	2	0	0:00:00.945004
6880	2	7	7	0	0:00:00.948180
6900	3	7	4	0	0:00:00.943454
6920	5	2	2	0	0:00:00.947020
6940	1	1	1	1	0:00:00.951796
6960	9	8	8	0	0:00:00.949147
6980	0	-1	8	0	0:00:00.951593
7000	2	8	8	0	0:00:00.950572
7020	7	-1	8	0	0:00:00.971592
7040	7	8	8	0	0:00:00.955635
7060	8	0	8	0	0:00:00.944929
7080	5	4	4	0	0:00:00.950362
7100	9	3	3	0	0:00:00.948600
7120	7	-1	6	0	0:00:00.951059
7140	4	-1	4	0	0:00:00.953859
7160	5	-1	4	0	0:00:00.953860
7180	6	6	6	1	0:00:00.949485
7200	4	6	2	0	0:00:00.954658
7220	9	-1	8	0	0:00:00.953510
7240	0	8	8	0	0:00:00.970041
7260	1	-1	8	0	0:00:00.978907
7280	1	-1	6	0	0:00:00.956505
7300	3	-1	4	0	0:00:00.953638
7320	8	0	8	0	0:00:00.950137
7340	2	4	4	0	0:00:00.949821
7360	2	-1	4	0	0:00:00.958121
7380	7	-1	7	0	0:00:00.946374
7400	3	-1	3	0	0:00:00.952893
7420	3	0	0	0	0:00:00.958853
7440	3	-1	2	0	0:00:00.945578
7460	5	5	5	1	0:00:00.957326
7480	1	-1	5	0	0:00:00.977236
7500	6	6	6	1	0:00:00.975676
7520	4	-1	4	0	0:00:00.948164
7540	5	5	5	1	0:00:00.971546
7560	0	-1	2	0	0:00:00.946781
7580	8	-1	8	0	0:00:00.949640
7600	8	9	8	0	0:00:00.945884
7620	5	-1	4	0	0:00:00.952226
7640	9	-1	6	0	0:00:00.956219
7660	7	-1	4	0	0:00:00.958347
7680	3	9	3	0	0:00:00.953675
7700	6	6	4	1	0:00:00.951939
7720	5	-1	4	0	0:00:00.982098
7740	4	6	2	0	0:00:00.953274
7760	2	9	6	0	0:00:00.952767
7780	3	1	8	0	0:00:00.946534
7800	0	0	8	1	0:00:00.947268
7820	5	8	8	0	0:00:00.956367
7840	1	1	1	1	0:00:00.951170
7860	8	-1	4	0	0:00:00.951244
7880	0	0	2	1	0:00:00.952963
7900	0	-1	2	0	0:00:00.951629
7920	9	8	8	0	0:00:00.960234
7940	2	6	6	0	0:00:00.972454
7960	0	-1	2	0	0:00:00.949740
7980	3	7	4	0	0:00:00.946106
8000	9	-1	8	0	0:00:00.958421
8020	6	3	3	0	0:00:00.955421
8040	2	-1	2	0	0:00:00.962621
8060	6	-1	4	0	0:00:00.953576
8080	4	6	2	0	0:00:00.962326
8100	6	2	2	0	0:00:00.947625
8120	8	9	8	0	0:00:00.951059
8140	5	4	4	0	0:00:00.949297
8160	6	9	6	0	0:00:00.951806
8180	4	-1	4	0	0:00:00.995451
8200	3	-1	2	0	0:00:00.951198
8220	6	-1	2	0	0:00:00.948295
8240	7	7	7	1	0:00:00.944888
8260	1	3	3	0	0:00:00.952817
8280	4	-1	3	0	0:00:00.968956
8300	5	2	2	0	0:00:00.952626
8320	7	-1	4	0	0:00:00.952676
8340	5	3	4	0	0:00:00.959345
8360	7	7	4	1	0:00:00.943382
8380	9	8	8	0	0:00:00.953125
8400	0	8	8	0	0:00:00.967505
8420	3	-1	4	0	0:00:00.981529
8440	5	-1	4	0	0:00:00.950463
8460	8	8	8	1	0:00:00.951146
8480	2	-1	8	0	0:00:00.945750
8500	4	2	2	0	0:00:00.947512
8520	8	-1	4	0	0:00:00.956750
8540	4	-1	2	0	0:00:00.949861
8560	7	-1	4	0	0:00:00.952003
8580	3	0	2	0	0:00:00.943755
8600	3	7	4	0	0:00:00.951044
8620	3	-1	4	0	0:00:00.955751
8640	1	1	1	1	0:00:00.980088
8660	7	-1	5	0	0:00:00.957018
8680	3	9	8	0	0:00:00.954072
8700	3	3	3	1	0:00:00.951511
8720	2	0	0	0	0:00:00.950120
8740	2	-1	4	0	0:00:00.947939
8760	8	-1	8	0	0:00:00.951763
8780	4	-1	2	0	0:00:00.955631
8800	0	0	0	1	0:00:00.959743
8820	2	3	3	0	0:00:00.956792
8840	2	-1	7	0	0:00:00.951868
8860	2	-1	6	0	0:00:00.960860
8880	1	9	6	0	0:00:00.991485
8900	2	-1	4	0	0:00:00.955425
8920	6	6	6	1	0:00:00.949189
8940	6	3	3	0	0:00:00.958887
8960	0	0	0	1	0:00:00.952704
8980	9	9	8	1	0:00:00.953906
9000	8	8	8	1	0:00:00.955279
9020	7	9	8	0	0:00:00.953070
9040	2	5	5	0	0:00:00.958455
9060	9	5	5	0	0:00:00.954098
9080	3	0	0	0	0:00:00.951442
9100	9	6	6	0	0:00:00.973429
9120	3	0	0	0	0:00:00.959362
9140	7	-1	8	0	0:00:00.953062
9160	5	-1	4	0	0:00:00.950192
9180	5	5	5	1	0:00:00.952852
9200	8	8	8	1	0:00:00.945786
9220	8	8	8	1	0:00:00.951778
9240	8	-1	8	0	0:00:00.958866
9260	5	-1	5	0	0:00:00.950256
9280	9	-1	8	0	0:00:00.951812
9300	5	-1	2	0	0:00:00.956261
9320	9	9	8	1	0:00:00.946662
9340	1	1	1	1	0:00:00.972701
9360	5	-1	4	0	0:00:00.957553
9380	5	9	3	0	0:00:00.954105
9400	6	-1	4	0	0:00:00.954350
9420	5	-1	6	0	0:00:00.954930
9440	8	8	8	1	0:00:00.948640
9460	3	-1	4	0	0:00:00.953678
9480	2	4	4	0	0:00:00.949491
9500	9	-1	4	0	0:00:00.949606
9520	1	-1	1	0	0:00:00.949936
9540	5	3	4	0	0:00:00.952158
9560	9	7	7	0	0:00:00.967843
9580	1	4	4	0	0:00:00.977704
9600	8	-1	8	0	0:00:00.950549
9620	4	7	4	0	0:00:00.962202
9640	5	0	0	0	0:00:00.949055
9660	6	6	6	1	0:00:00.957008
9680	8	-1	8	0	0:00:00.954723
9700	0	0	0	1	0:00:00.947131
9720	8	-1	6	0	0:00:00.949260
9740	3	-1	4	0	0:00:00.949417
9760	9	7	4	0	0:00:00.953071
9780	4	6	4	0	0:00:00.949359
9800	1	1	1	1	0:00:00.957651
9820	0	8	8	0	0:00:00.952095
9840	4	-1	5	0	0:00:00.954041
9860	0	5	8	0	0:00:00.954408
9880	7	-1	4	0	0:00:00.951595
9900	8	0	8	0	0:00:00.950354
9920	6	4	2	0	0:00:00.957132
9940	4	-1	5	0	0:00:00.950876
9960	2	0	0	0	0:00:00.950075
9980	0	0	0	1	0:00:00.947160
