idx	label	predict	basePredict	correct	time
0	3	-1	4	0	0:00:01.246008
20	7	9	9	0	0:00:01.067039
40	4	-1	8	0	0:00:01.076893
60	7	7	4	1	0:00:01.081062
80	8	8	8	1	0:00:01.074444
100	4	5	5	0	0:00:01.092891
120	8	8	8	1	0:00:01.064079
140	6	2	2	0	0:00:01.068400
160	2	2	2	1	0:00:01.075035
180	0	0	0	1	0:00:01.074489
200	5	3	3	0	0:00:01.057876
220	7	7	7	1	0:00:01.115061
240	1	1	1	1	0:00:01.120785
260	8	5	5	0	0:00:01.072958
280	9	9	9	1	0:00:01.060645
300	6	-1	4	0	0:00:01.088437
320	3	5	2	0	0:00:01.067964
340	2	4	4	0	0:00:01.085309
360	9	6	6	0	0:00:01.067203
380	6	6	8	1	0:00:01.059928
400	9	1	1	0	0:00:01.072131
420	4	6	6	0	0:00:01.161402
440	1	1	1	1	0:00:01.082533
460	5	5	5	1	0:00:01.069883
480	8	9	9	0	0:00:01.075086
500	4	6	6	0	0:00:01.150859
520	5	7	7	0	0:00:01.048301
540	1	8	8	0	0:00:01.083139
560	0	0	0	1	0:00:01.075729
580	4	6	6	0	0:00:01.029218
600	8	8	8	1	0:00:01.046362
620	7	6	6	0	0:00:01.045908
640	5	3	3	0	0:00:01.066292
660	9	9	9	1	0:00:01.056701
680	9	-1	1	0	0:00:01.069127
700	7	7	7	1	0:00:01.093134
720	4	9	9	0	0:00:01.065269
740	2	5	5	0	0:00:01.101104
760	3	9	9	0	0:00:01.097617
780	9	-1	8	0	0:00:01.036252
800	7	7	7	1	0:00:01.026585
820	6	9	9	0	0:00:01.014828
840	7	7	7	1	0:00:01.018012
860	4	6	6	0	0:00:01.011365
880	8	8	8	1	0:00:01.049983
900	2	6	6	0	0:00:01.082166
920	6	2	2	0	0:00:01.103541
940	9	-1	1	0	0:00:01.061276
960	9	9	8	1	0:00:01.100525
980	2	6	6	0	0:00:01.082432
1000	5	5	5	1	0:00:00.965480
1020	1	1	8	1	0:00:00.970440
1040	7	5	5	0	0:00:00.977959
1060	9	9	8	1	0:00:00.964099
1080	6	6	6	1	0:00:00.955223
1100	7	8	8	0	0:00:00.979582
1120	5	2	8	0	0:00:00.960288
1140	6	6	6	1	0:00:00.957718
1160	8	0	0	0	0:00:00.946467
1180	3	9	9	0	0:00:00.964313
1200	8	0	0	0	0:00:00.962069
1220	9	-1	2	0	0:00:00.941218
1240	2	6	6	0	0:00:00.939142
1260	1	-1	9	0	0:00:00.931057
1280	3	7	7	0	0:00:00.948038
1300	4	6	6	0	0:00:00.925767
1320	7	7	2	1	0:00:00.937869
1340	1	1	1	1	0:00:00.983238
1360	7	5	2	0	0:00:00.967446
1380	4	5	5	0	0:00:00.965326
1400	5	6	2	0	0:00:00.960918
1420	4	7	7	0	0:00:00.968863
1440	0	-1	8	0	0:00:00.984698
1460	6	6	6	1	0:00:00.994801
1480	1	5	5	0	0:00:00.966678
1500	1	9	9	0	0:00:00.977404
1520	7	6	6	0	0:00:00.978130
1540	8	8	8	1	0:00:00.988732
1560	7	7	7	1	0:00:00.927487
1580	6	1	1	0	0:00:00.932791
1600	8	-1	1	0	0:00:00.958378
1620	5	8	8	0	0:00:00.963446
1640	7	5	5	0	0:00:00.959587
1660	3	5	5	0	0:00:00.957183
1680	6	6	6	1	0:00:00.948109
1700	5	2	0	0	0:00:00.947357
1720	4	0	0	0	0:00:00.964815
1740	1	9	9	0	0:00:00.986956
1760	0	8	8	0	0:00:00.994384
1780	7	8	8	0	0:00:00.958684
1800	4	8	8	0	0:00:00.960914
1820	8	1	1	0	0:00:00.977110
1840	8	7	7	0	0:00:00.970846
1860	8	8	8	1	0:00:00.976894
1880	1	1	8	1	0:00:00.965210
1900	8	8	8	1	0:00:00.970387
1920	2	2	2	1	0:00:00.986646
1940	5	-1	2	0	0:00:00.967599
1960	2	5	5	0	0:00:00.995989
1980	9	9	9	1	0:00:00.992482
2000	1	6	6	0	0:00:00.967346
2020	9	9	9	1	0:00:00.983730
2040	0	8	8	0	0:00:00.985259
2060	5	5	5	1	0:00:00.972679
2080	1	1	1	1	0:00:00.985673
2100	2	4	4	0	0:00:00.989492
2120	4	8	8	0	0:00:00.981961
2140	9	-1	1	0	0:00:00.989182
2160	0	8	8	0	0:00:00.969421
2180	4	6	6	0	0:00:00.988709
2200	0	0	0	1	0:00:00.984474
2220	1	1	1	1	0:00:00.984165
2240	9	9	9	1	0:00:01.001704
2260	4	-1	4	0	0:00:00.974251
2280	4	8	8	0	0:00:00.973712
2300	3	6	6	0	0:00:00.981606
2320	5	-1	0	0	0:00:00.979496
2340	7	7	7	1	0:00:00.981171
2360	7	7	7	1	0:00:00.986159
2380	8	8	8	1	0:00:00.969745
2400	0	4	4	0	0:00:00.954639
2420	8	5	5	0	0:00:00.995327
2440	7	1	8	0	0:00:00.968157
2460	9	9	6	1	0:00:00.966398
2480	8	8	8	1	0:00:00.960887
2500	4	6	4	0	0:00:00.949078
2520	1	8	8	0	0:00:00.932077
2540	2	3	3	0	0:00:00.980203
2560	7	-1	2	0	0:00:00.968889
2580	6	-1	4	0	0:00:00.968722
2600	8	8	8	1	0:00:00.972956
2620	1	-1	4	0	0:00:00.967842
2640	7	7	7	1	0:00:00.980523
2660	3	0	0	0	0:00:00.979002
2680	0	0	0	1	0:00:00.974600
2700	9	-1	3	0	0:00:00.978629
2720	3	8	8	0	0:00:00.978558
2740	1	1	1	1	0:00:00.975976
2760	2	6	6	0	0:00:00.953008
2780	7	7	7	1	0:00:00.985408
2800	4	6	6	0	0:00:00.980716
2820	6	6	6	1	0:00:00.957504
2840	3	7	7	0	0:00:00.983685
2860	5	7	7	0	0:00:00.978750
2880	4	4	4	1	0:00:00.947818
2900	3	5	5	0	0:00:00.967178
2920	2	3	3	0	0:00:00.957667
2940	3	0	0	0	0:00:00.949754
2960	9	-1	8	0	0:00:00.987674
2980	8	1	1	0	0:00:00.977185
3000	5	5	5	1	0:00:00.973493
3020	1	1	8	1	0:00:00.956398
3040	7	7	7	1	0:00:00.968368
3060	7	7	7	1	0:00:00.981607
3080	1	-1	2	0	0:00:00.974409
3100	0	0	0	1	0:00:00.963291
3120	4	6	6	0	0:00:00.944216
3140	8	8	8	1	0:00:00.972914
3160	6	4	4	0	0:00:00.970612
3180	3	9	8	0	0:00:00.992874
3200	5	-1	7	0	0:00:00.956109
3220	3	9	9	0	0:00:00.967769
3240	4	1	8	0	0:00:00.952967
3260	7	-1	7	0	0:00:00.980307
3280	3	-1	0	0	0:00:00.988280
3300	4	6	6	0	0:00:00.985782
3320	2	7	7	0	0:00:00.966299
3340	6	6	6	1	0:00:00.960123
3360	4	6	6	0	0:00:00.938138
3380	8	8	8	1	0:00:00.976088
3400	6	-1	1	0	0:00:00.933508
3420	5	6	6	0	0:00:00.987392
3440	2	9	9	0	0:00:00.974175
3460	1	1	1	1	0:00:00.963510
3480	2	2	2	1	0:00:00.958873
3500	1	1	1	1	0:00:00.968444
3520	1	1	1	1	0:00:00.972858
3540	6	-1	8	0	0:00:00.971978
3560	1	9	9	0	0:00:00.943575
3580	4	1	1	0	0:00:00.978656
3600	4	2	2	0	0:00:00.990912
3620	0	7	6	0	0:00:00.959437
3640	6	-1	0	0	0:00:00.956614
3660	0	8	8	0	0:00:00.988738
3680	0	2	2	0	0:00:00.966570
3700	3	5	5	0	0:00:00.936659
3720	2	2	2	1	0:00:00.965487
3740	0	0	0	1	0:00:00.930974
3760	7	7	7	1	0:00:00.942419
3780	4	2	2	0	0:00:00.923328
3800	9	3	3	0	0:00:00.971049
3820	0	0	0	1	0:00:00.958049
3840	6	8	8	0	0:00:00.975646
3860	7	7	7	1	0:00:00.975904
3880	6	4	4	0	0:00:00.978836
3900	3	0	0	0	0:00:00.970799
3920	7	-1	8	0	0:00:00.968701
3940	6	-1	7	0	0:00:00.983916
3960	2	5	5	0	0:00:00.957682
3980	9	-1	7	0	0:00:00.979902
4000	8	7	0	0	0:00:00.988779
4020	8	8	8	1	0:00:00.967613
4040	0	0	0	1	0:00:00.972800
4060	6	-1	0	0	0:00:00.980922
4080	1	-1	8	0	0:00:00.973423
4100	7	7	7	1	0:00:00.965965
4120	4	0	0	0	0:00:00.977024
4140	5	-1	3	0	0:00:00.977803
4160	5	2	2	0	0:00:00.973674
4180	0	-1	8	0	0:00:00.975383
4200	4	2	2	0	0:00:00.972228
4220	4	0	0	0	0:00:00.989299
4240	7	8	8	0	0:00:01.000288
4260	8	8	8	1	0:00:00.960224
4280	8	8	8	1	0:00:00.959451
4300	8	8	8	1	0:00:00.962352
4320	1	8	8	0	0:00:00.948621
4340	0	-1	0	0	0:00:00.952014
4360	6	9	9	0	0:00:00.963651
4380	9	9	9	1	0:00:00.983071
4400	3	-1	8	0	0:00:00.963650
4420	5	8	8	0	0:00:00.955348
4440	2	6	6	0	0:00:00.951222
4460	9	-1	8	0	0:00:00.952819
4480	9	-1	6	0	0:00:00.967363
4500	3	7	7	0	0:00:00.951682
4520	3	6	6	0	0:00:00.967953
4540	9	9	9	1	0:00:00.963244
4560	1	1	1	1	0:00:00.959301
4580	6	6	6	1	0:00:00.969773
4600	4	7	7	0	0:00:00.980095
4620	7	3	3	0	0:00:00.957536
4640	2	5	5	0	0:00:00.957383
4660	7	6	2	0	0:00:00.960677
4680	9	1	1	0	0:00:00.965337
4700	6	1	1	0	0:00:00.959254
4720	8	0	0	0	0:00:00.976316
4740	5	6	6	0	0:00:00.949247
4760	3	2	2	0	0:00:00.952822
4780	0	-1	0	0	0:00:00.932912
4800	9	9	9	1	0:00:00.934214
4820	3	5	5	0	0:00:00.973628
4840	0	0	0	1	0:00:00.945637
4860	5	5	5	1	0:00:00.949741
4880	0	2	2	0	0:00:00.958354
4900	3	1	1	0	0:00:00.962053
4920	7	7	0	1	0:00:00.944090
4940	6	6	2	1	0:00:00.945555
4960	4	6	6	0	0:00:00.951695
4980	1	9	9	0	0:00:00.913639
5000	7	7	7	1	0:00:00.930874
5020	8	8	8	1	0:00:00.963143
5040	3	4	4	0	0:00:00.981696
5060	6	6	6	1	0:00:00.956754
5080	7	7	7	1	0:00:00.974561
5100	3	4	4	0	0:00:00.969895
5120	9	8	8	0	0:00:00.971417
5140	8	8	8	1	0:00:00.962455
5160	0	8	8	0	0:00:00.964485
5180	9	6	6	0	0:00:00.964732
5200	3	3	3	1	0:00:00.962527
5220	0	0	0	1	0:00:00.956789
5240	1	9	2	0	0:00:00.957173
5260	0	0	0	1	0:00:00.965283
5280	0	8	8	0	0:00:00.939069
5300	9	1	1	0	0:00:00.950005
5320	7	7	7	1	0:00:00.958592
5340	3	-1	2	0	0:00:00.958743
5360	9	9	9	1	0:00:00.961888
5380	1	9	9	0	0:00:00.979053
5400	9	0	0	0	0:00:00.973114
5420	6	6	6	1	0:00:00.959359
5440	9	9	9	1	0:00:00.963070
5460	0	-1	2	0	0:00:00.991377
5480	1	-1	8	0	0:00:00.980614
5500	8	1	8	0	0:00:00.916465
5520	4	5	5	0	0:00:00.952119
5540	5	6	6	0	0:00:00.945086
5560	3	6	6	0	0:00:00.962980
5580	5	6	6	0	0:00:00.959579
5600	6	8	8	0	0:00:00.953497
5620	3	4	4	0	0:00:00.953513
5640	2	3	3	0	0:00:00.962127
5660	9	-1	8	0	0:00:00.960450
5680	2	1	8	0	0:00:00.963201
5700	3	6	6	0	0:00:00.978772
5720	9	9	9	1	0:00:00.960483
5740	6	6	6	1	0:00:00.959032
5760	2	2	8	1	0:00:00.970016
5780	7	7	7	1	0:00:00.975936
5800	2	6	6	0	0:00:00.932491
5820	5	6	6	0	0:00:00.910308
5840	2	6	6	0	0:00:00.904097
5860	0	8	8	0	0:00:00.921140
5880	0	-1	0	0	0:00:00.914907
5900	4	-1	4	0	0:00:00.931626
5920	8	8	8	1	0:00:00.963171
5940	7	4	4	0	0:00:00.960348
5960	2	7	7	0	0:00:00.963938
5980	9	9	9	1	0:00:00.975244
6000	8	-1	8	0	0:00:00.969915
6020	6	6	6	1	0:00:00.961918
6040	2	7	7	0	0:00:00.962063
6060	3	4	4	0	0:00:00.958716
6080	1	1	1	1	0:00:00.965144
6100	1	1	8	1	0:00:00.975301
6120	5	5	5	1	0:00:00.983660
6140	9	9	9	1	0:00:00.965068
6160	2	5	5	0	0:00:00.970005
6180	0	-1	8	0	0:00:00.957946
6200	3	-1	3	0	0:00:00.967882
6220	2	6	6	0	0:00:00.962561
6240	2	-1	6	0	0:00:00.961060
6260	2	9	9	0	0:00:00.957916
6280	8	5	5	0	0:00:00.966220
6300	1	-1	4	0	0:00:00.958341
6320	0	0	0	1	0:00:00.965462
6340	3	3	3	1	0:00:00.971456
6360	2	2	2	1	0:00:00.988408
6380	3	1	6	0	0:00:00.969079
6400	0	1	1	0	0:00:00.972431
6420	7	-1	7	0	0:00:00.984469
6440	3	8	8	0	0:00:00.947737
6460	3	1	1	0	0:00:00.953677
6480	0	0	0	1	0:00:00.971748
6500	7	0	0	0	0:00:00.974376
6520	6	-1	4	0	0:00:00.968929
6540	8	8	8	1	0:00:00.969669
6560	6	6	6	1	0:00:00.985052
6580	1	8	8	0	0:00:00.987626
6600	7	7	7	1	0:00:00.968502
6620	7	7	7	1	0:00:00.966704
6640	5	3	3	0	0:00:00.951193
6660	0	0	8	1	0:00:00.964237
6680	3	3	3	1	0:00:00.963372
6700	6	6	6	1	0:00:00.984485
6720	2	-1	2	0	0:00:00.994988
6740	2	6	6	0	0:00:00.965659
6760	5	-1	2	0	0:00:00.980673
6780	7	7	7	1	0:00:00.977257
6800	6	6	6	1	0:00:00.990470
6820	1	1	1	1	0:00:00.976429
6840	9	1	1	0	0:00:00.955596
6860	0	0	0	1	0:00:00.970526
6880	2	-1	7	0	0:00:00.965650
6900	3	7	7	0	0:00:00.950017
6920	5	2	2	0	0:00:00.959219
6940	1	1	1	1	0:00:00.968706
6960	9	8	8	0	0:00:00.948629
6980	0	9	9	0	0:00:00.951655
7000	2	8	8	0	0:00:00.945905
7020	7	7	7	1	0:00:00.944647
7040	7	8	8	0	0:00:00.906989
7060	8	-1	8	0	0:00:00.938890
7080	5	4	0	0	0:00:00.935747
7100	9	3	3	0	0:00:00.936151
7120	7	7	7	1	0:00:00.951992
7140	4	4	4	1	0:00:00.952687
7160	5	4	4	0	0:00:00.928965
7180	6	6	6	1	0:00:00.884757
7200	4	6	6	0	0:00:00.898550
7220	9	8	8	0	0:00:00.894514
7240	0	8	8	0	0:00:00.935122
7260	1	8	8	0	0:00:00.979913
7280	1	1	6	1	0:00:00.977970
7300	3	0	0	0	0:00:00.940408
7320	8	0	0	0	0:00:00.955675
7340	2	4	4	0	0:00:00.956361
7360	2	5	5	0	0:00:00.950821
7380	7	7	7	1	0:00:00.951804
7400	3	9	9	0	0:00:00.955415
7420	3	0	0	0	0:00:00.965722
7440	3	6	6	0	0:00:00.954451
7460	5	5	5	1	0:00:00.952006
7480	1	5	5	0	0:00:01.000108
7500	6	6	6	1	0:00:00.960740
7520	4	6	6	0	0:00:00.954388
7540	5	5	5	1	0:00:00.956017
7560	0	-1	2	0	0:00:00.957466
7580	8	8	8	1	0:00:00.963604
7600	8	9	9	0	0:00:00.951837
7620	5	3	3	0	0:00:00.965160
7640	9	-1	8	0	0:00:00.954645
7660	7	1	1	0	0:00:00.955457
7680	3	9	9	0	0:00:00.962642
7700	6	6	6	1	0:00:00.969315
7720	5	-1	8	0	0:00:00.956838
7740	4	6	2	0	0:00:00.946601
7760	2	9	9	0	0:00:00.929451
7780	3	1	1	0	0:00:00.933425
7800	0	0	0	1	0:00:00.933901
7820	5	8	8	0	0:00:00.929865
7840	1	1	1	1	0:00:00.949136
7860	8	4	4	0	0:00:00.925118
7880	0	-1	2	0	0:00:00.959435
7900	0	8	8	0	0:00:00.960088
7920	9	8	8	0	0:00:00.994298
7940	2	6	6	0	0:00:00.973415
7960	0	0	0	1	0:00:00.979343
7980	3	7	4	0	0:00:00.986976
8000	9	-1	8	0	0:00:00.970601
8020	6	6	6	1	0:00:00.964593
8040	2	6	6	0	0:00:00.964465
8060	6	6	6	1	0:00:00.961116
8080	4	6	6	0	0:00:00.952635
8100	6	2	2	0	0:00:00.958179
8120	8	9	8	0	0:00:00.943784
8140	5	-1	6	0	0:00:00.952819
8160	6	-1	6	0	0:00:00.936380
8180	4	6	6	0	0:00:00.936794
8200	3	6	6	0	0:00:00.970866
8220	6	6	2	1	0:00:00.975105
8240	7	7	7	1	0:00:00.964541
8260	1	1	1	1	0:00:00.929590
8280	4	5	5	0	0:00:00.987406
8300	5	2	2	0	0:00:00.967061
8320	7	4	4	0	0:00:00.976632
8340	5	5	5	1	0:00:00.975260
8360	7	-1	4	0	0:00:00.995520
8380	9	8	8	0	0:00:00.988339
8400	0	8	8	0	0:00:00.973819
8420	3	6	4	0	0:00:00.994272
8440	5	-1	4	0	0:00:00.989528
8460	8	8	8	1	0:00:00.979986
8480	2	1	8	0	0:00:00.984507
8500	4	2	2	0	0:00:00.955443
8520	8	6	6	0	0:00:00.954972
8540	4	6	4	0	0:00:00.970356
8560	7	7	7	1	0:00:00.959024
8580	3	1	1	0	0:00:00.972595
8600	3	7	7	0	0:00:00.978347
8620	3	4	4	0	0:00:00.906929
8640	1	1	1	1	0:00:00.967207
8660	7	5	5	0	0:00:00.989534
8680	3	9	9	0	0:00:00.991666
8700	3	5	5	0	0:00:00.983787
8720	2	0	0	0	0:00:00.976939
8740	2	6	6	0	0:00:00.968598
8760	8	8	8	1	0:00:00.946737
8780	4	4	4	1	0:00:00.940607
8800	0	0	0	1	0:00:00.961871
8820	2	2	2	1	0:00:00.953706
8840	2	1	1	0	0:00:00.933540
8860	2	-1	2	0	0:00:00.960648
8880	1	1	6	1	0:00:00.974373
8900	2	-1	4	0	0:00:00.989321
8920	6	6	6	1	0:00:00.981948
8940	6	3	3	0	0:00:00.941911
8960	0	0	0	1	0:00:00.935423
8980	9	9	9	1	0:00:00.959355
9000	8	8	8	1	0:00:00.965876
9020	7	-1	9	0	0:00:00.964084
9040	2	5	5	0	0:00:00.968891
9060	9	5	5	0	0:00:00.958043
9080	3	0	0	0	0:00:00.969023
9100	9	6	6	0	0:00:00.967930
9120	3	0	0	0	0:00:00.973907
9140	7	8	8	0	0:00:00.964766
9160	5	5	5	1	0:00:00.971915
9180	5	5	5	1	0:00:00.959201
9200	8	8	8	1	0:00:00.987454
9220	8	8	8	1	0:00:00.982198
9240	8	8	8	1	0:00:00.955540
9260	5	5	5	1	0:00:00.959460
9280	9	0	8	0	0:00:00.979426
9300	5	5	2	1	0:00:00.967181
9320	9	9	8	1	0:00:00.979320
9340	1	1	1	1	0:00:00.975612
9360	5	0	0	0	0:00:00.961961
9380	5	9	9	0	0:00:00.949287
9400	6	6	6	1	0:00:00.948699
9420	5	-1	6	0	0:00:00.985259
9440	8	8	8	1	0:00:00.986496
9460	3	6	6	0	0:00:00.986525
9480	2	4	4	0	0:00:00.993500
9500	9	1	6	0	0:00:00.984769
9520	1	1	1	1	0:00:00.924175
9540	5	5	5	1	0:00:00.951516
9560	9	7	7	0	0:00:00.964942
9580	1	4	4	0	0:00:00.979197
9600	8	8	8	1	0:00:00.974306
9620	4	-1	0	0	0:00:00.938807
9640	5	0	0	0	0:00:00.980338
9660	6	6	6	1	0:00:00.931609
9680	8	8	8	1	0:00:00.936044
9700	0	0	0	1	0:00:00.972692
9720	8	6	6	0	0:00:00.967481
9740	3	6	6	0	0:00:00.962960
9760	9	9	7	1	0:00:00.956115
9780	4	6	6	0	0:00:00.949579
9800	1	1	1	1	0:00:00.939678
9820	0	8	8	0	0:00:00.947625
9840	4	7	7	0	0:00:00.988935
9860	0	-1	8	0	0:00:00.996744
9880	7	4	4	0	0:00:00.985564
9900	8	0	0	0	0:00:00.996394
9920	6	6	6	1	0:00:00.963318
9940	4	5	5	0	0:00:00.985039
9960	2	0	0	0	0:00:00.979653
9980	0	0	0	1	0:00:00.962222
