idx	label	predict	basePredict	correct	time
0	3	2	2	0	0:00:02.918186
20	7	1	9	0	0:00:02.773470
40	4	8	8	0	0:00:02.783208
60	7	7	4	1	0:00:02.825295
80	8	8	8	1	0:00:02.779347
100	4	-1	3	0	0:00:02.837412
120	8	8	8	1	0:00:02.774768
140	6	2	2	0	0:00:02.778863
160	2	0	2	0	0:00:02.805182
180	0	0	8	1	0:00:02.771090
200	5	3	3	0	0:00:02.880603
220	7	7	7	1	0:00:02.774422
240	1	1	8	1	0:00:02.804781
260	8	3	3	0	0:00:02.783505
280	9	9	8	1	0:00:02.757007
300	6	7	4	0	0:00:02.802917
320	3	2	2	0	0:00:02.825712
340	2	4	4	0	0:00:02.815547
360	9	7	6	0	0:00:02.804967
380	6	4	4	0	0:00:02.766320
400	9	9	8	1	0:00:02.803298
420	4	6	6	0	0:00:02.774220
440	1	1	6	1	0:00:02.803268
460	5	5	3	1	0:00:02.791452
480	8	9	8	0	0:00:02.782508
500	4	6	4	0	0:00:02.798693
520	5	7	7	0	0:00:02.853641
540	1	9	8	0	0:00:02.880311
560	0	0	8	1	0:00:02.792219
580	4	-1	4	0	0:00:02.863204
600	8	8	8	1	0:00:02.811767
620	7	6	4	0	0:00:02.849308
640	5	3	3	0	0:00:02.845327
660	9	9	9	1	0:00:02.826122
680	9	7	4	0	0:00:02.801977
700	7	0	4	0	0:00:02.807413
720	4	9	7	0	0:00:02.785429
740	2	5	3	0	0:00:02.872842
760	3	9	9	0	0:00:02.803510
780	9	1	0	0	0:00:02.862120
800	7	7	7	1	0:00:02.879765
820	6	1	8	0	0:00:02.769351
840	7	7	7	1	0:00:02.875437
860	4	4	4	1	0:00:02.800100
880	8	8	8	1	0:00:02.773056
900	2	6	4	0	0:00:02.887264
920	6	4	2	0	0:00:02.813026
940	9	9	9	1	0:00:02.826400
960	9	9	4	1	0:00:02.773210
980	2	6	6	0	0:00:02.806265
1000	5	5	5	1	0:00:02.063428
1020	1	1	8	1	0:00:02.061285
1040	7	5	5	0	0:00:02.074333
1060	9	9	8	1	0:00:02.059206
1080	6	6	6	1	0:00:02.064708
1100	7	8	8	0	0:00:02.061725
1120	5	2	2	0	0:00:02.077546
1140	6	4	4	0	0:00:02.112164
1160	8	0	0	0	0:00:02.092469
1180	3	3	8	1	0:00:02.068193
1200	8	0	0	0	0:00:02.074191
1220	9	6	6	0	0:00:02.065485
1240	2	6	6	0	0:00:02.064630
1260	1	9	9	0	0:00:02.067173
1280	3	7	7	0	0:00:02.070618
1300	4	3	3	0	0:00:02.074150
1320	7	2	2	0	0:00:02.074654
1340	1	1	1	1	0:00:02.064551
1360	7	7	4	1	0:00:02.071778
1380	4	5	5	0	0:00:02.068575
1400	5	6	2	0	0:00:02.069022
1420	4	7	4	0	0:00:02.070436
1440	0	8	8	0	0:00:02.070119
1460	6	6	4	1	0:00:02.073375
1480	1	5	5	0	0:00:02.149855
1500	1	9	8	0	0:00:02.172906
1520	7	7	2	1	0:00:02.161644
1540	8	8	8	1	0:00:02.107646
1560	7	7	7	1	0:00:02.072064
1580	6	1	1	0	0:00:02.064420
1600	8	9	6	0	0:00:02.069905
1620	5	8	8	0	0:00:02.063344
1640	7	5	3	0	0:00:02.067142
1660	3	5	4	0	0:00:02.063744
1680	6	6	6	1	0:00:02.067517
1700	5	2	2	0	0:00:02.070276
1720	4	2	2	0	0:00:02.061979
1740	1	9	9	0	0:00:02.069671
1760	0	8	8	0	0:00:02.067575
1780	7	9	8	0	0:00:02.067924
1800	4	8	8	0	0:00:02.078032
1820	8	-1	8	0	0:00:02.066049
1840	8	9	4	0	0:00:02.074129
1860	8	8	8	1	0:00:02.067436
1880	1	-1	8	0	0:00:02.068451
1900	8	8	8	1	0:00:02.072863
1920	2	2	2	1	0:00:02.066140
1940	5	3	3	0	0:00:02.068601
1960	2	5	5	0	0:00:02.069395
1980	9	9	4	1	0:00:02.068154
2000	1	6	6	0	0:00:02.093379
2020	9	9	9	1	0:00:02.130931
2040	0	8	8	0	0:00:02.087243
2060	5	5	3	1	0:00:02.076905
2080	1	9	6	0	0:00:02.070387
2100	2	4	4	0	0:00:02.073113
2120	4	8	8	0	0:00:02.068963
2140	9	9	1	1	0:00:02.072096
2160	0	8	8	0	0:00:02.073515
2180	4	4	4	1	0:00:02.064691
2200	0	2	2	0	0:00:02.066844
2220	1	1	4	1	0:00:02.070354
2240	9	9	8	1	0:00:02.070559
2260	4	7	4	0	0:00:02.060463
2280	4	8	8	0	0:00:02.066142
2300	3	2	4	0	0:00:02.072361
2320	5	-1	8	0	0:00:02.060820
2340	7	7	7	1	0:00:02.068592
2360	7	5	3	0	0:00:02.075737
2380	8	-1	8	0	0:00:02.070018
2400	0	0	0	1	0:00:02.068395
2420	8	5	5	0	0:00:02.071240
2440	7	7	8	1	0:00:02.067434
2460	9	3	3	0	0:00:02.067777
2480	8	8	8	1	0:00:02.068886
2500	4	2	2	0	0:00:02.077215
2520	1	9	8	0	0:00:02.073293
2540	2	3	3	0	0:00:02.066265
2560	7	7	4	1	0:00:02.067249
2580	6	4	4	0	0:00:02.069289
2600	8	8	8	1	0:00:02.089339
2620	1	4	4	0	0:00:02.089250
2640	7	7	6	1	0:00:02.073088
2660	3	2	2	0	0:00:02.064604
2680	0	0	0	1	0:00:02.072047
2700	9	-1	0	0	0:00:02.071739
2720	3	2	2	0	0:00:02.068829
2740	1	1	1	1	0:00:02.066427
2760	2	4	4	0	0:00:02.081820
2780	7	7	7	1	0:00:02.069040
2800	4	6	4	0	0:00:02.068214
2820	6	6	4	1	0:00:02.072974
2840	3	3	3	1	0:00:02.067724
2860	5	7	6	0	0:00:02.071661
2880	4	4	4	1	0:00:02.070323
2900	3	2	2	0	0:00:02.067353
2920	2	5	5	0	0:00:02.063653
2940	3	0	0	0	0:00:02.069911
2960	9	9	8	1	0:00:02.081495
2980	8	1	8	0	0:00:02.144872
3000	5	5	5	1	0:00:02.069112
3020	1	1	8	1	0:00:02.067557
3040	7	7	7	1	0:00:02.068731
3060	7	7	7	1	0:00:02.122223
3080	1	7	4	0	0:00:02.165813
3100	0	0	0	1	0:00:02.169687
3120	4	6	2	0	0:00:02.058587
3140	8	8	8	1	0:00:02.060508
3160	6	4	4	0	0:00:02.065472
3180	3	7	8	0	0:00:02.073739
3200	5	7	7	0	0:00:02.074197
3220	3	9	9	0	0:00:02.067582
3240	4	1	8	0	0:00:02.070094
3260	7	0	0	0	0:00:02.058145
3280	3	5	0	0	0:00:02.072367
3300	4	6	4	0	0:00:02.064349
3320	2	7	7	0	0:00:02.071732
3340	6	-1	4	0	0:00:02.062608
3360	4	6	6	0	0:00:02.056466
3380	8	1	8	0	0:00:02.057951
3400	6	4	4	0	0:00:02.067034
3420	5	4	4	0	0:00:02.058902
3440	2	9	3	0	0:00:02.065494
3460	1	1	4	1	0:00:02.072070
3480	2	2	2	1	0:00:02.061413
3500	1	1	4	1	0:00:02.085915
3520	1	1	1	1	0:00:02.060985
3540	6	6	4	1	0:00:02.077405
3560	1	9	0	0	0:00:02.088105
3580	4	1	4	0	0:00:02.075870
3600	4	2	2	0	0:00:02.094286
3620	0	6	6	0	0:00:02.102686
3640	6	2	2	0	0:00:02.078937
3660	0	8	8	0	0:00:02.087354
3680	0	2	2	0	0:00:02.069983
3700	3	6	4	0	0:00:02.066921
3720	2	2	2	1	0:00:02.066224
3740	0	0	8	1	0:00:02.061229
3760	7	7	7	1	0:00:02.063579
3780	4	2	2	0	0:00:02.082002
3800	9	-1	3	0	0:00:02.072870
3820	0	2	2	0	0:00:02.065704
3840	6	3	3	0	0:00:02.069965
3860	7	7	7	1	0:00:02.142489
3880	6	4	4	0	0:00:02.137544
3900	3	1	1	0	0:00:02.090170
3920	7	9	8	0	0:00:02.068664
3940	6	7	4	0	0:00:02.079925
3960	2	5	5	0	0:00:02.067292
3980	9	7	7	0	0:00:02.074945
4000	8	7	0	0	0:00:02.070238
4020	8	1	8	0	0:00:02.119774
4040	0	0	0	1	0:00:02.128437
4060	6	3	3	0	0:00:02.066549
4080	1	8	8	0	0:00:02.119213
4100	7	7	7	1	0:00:02.129027
4120	4	0	0	0	0:00:02.067526
4140	5	3	3	0	0:00:02.064158
4160	5	2	2	0	0:00:02.063728
4180	0	8	8	0	0:00:02.069798
4200	4	2	2	0	0:00:02.065532
4220	4	0	0	0	0:00:02.066496
4240	7	0	0	0	0:00:02.087693
4260	8	1	8	0	0:00:02.064580
4280	8	-1	8	0	0:00:02.060901
4300	8	8	8	1	0:00:02.065794
4320	1	8	8	0	0:00:02.060617
4340	0	-1	8	0	0:00:02.094790
4360	6	9	6	0	0:00:02.150278
4380	9	9	8	1	0:00:02.099934
4400	3	4	4	0	0:00:02.073049
4420	5	8	8	0	0:00:02.062181
4440	2	6	2	0	0:00:02.064942
4460	9	-1	8	0	0:00:02.065477
4480	9	-1	6	0	0:00:02.068662
4500	3	6	6	0	0:00:02.065722
4520	3	6	6	0	0:00:02.066780
4540	9	9	9	1	0:00:02.063027
4560	1	1	4	1	0:00:02.070249
4580	6	4	4	0	0:00:02.060024
4600	4	7	4	0	0:00:02.063393
4620	7	3	3	0	0:00:02.065044
4640	2	3	4	0	0:00:02.065961
4660	7	4	2	0	0:00:02.069776
4680	9	1	1	0	0:00:02.067957
4700	6	1	4	0	0:00:02.073946
4720	8	0	0	0	0:00:02.099489
4740	5	3	4	0	0:00:02.066433
4760	3	3	4	1	0:00:02.074369
4780	0	0	8	1	0:00:02.066337
4800	9	9	9	1	0:00:02.067646
4820	3	5	5	0	0:00:02.068372
4840	0	0	0	1	0:00:02.067746
4860	5	3	3	0	0:00:02.065357
4880	0	2	2	0	0:00:02.075291
4900	3	6	6	0	0:00:02.070003
4920	7	7	2	1	0:00:02.073472
4940	6	4	2	0	0:00:02.070235
4960	4	3	3	0	0:00:02.072160
4980	1	9	0	0	0:00:02.066872
5000	7	7	7	1	0:00:02.062307
5020	8	1	8	0	0:00:02.062782
5040	3	3	4	1	0:00:02.063403
5060	6	2	4	0	0:00:02.069236
5080	7	7	7	1	0:00:02.064889
5100	3	3	3	1	0:00:02.064571
5120	9	9	8	1	0:00:02.068903
5140	8	8	8	1	0:00:02.064381
5160	0	8	8	0	0:00:02.062520
5180	9	6	4	0	0:00:02.051754
5200	3	3	3	1	0:00:02.060904
5220	0	0	0	1	0:00:02.066647
5240	1	9	2	0	0:00:02.068280
5260	0	0	0	1	0:00:02.075157
5280	0	8	8	0	0:00:02.072612
5300	9	1	9	0	0:00:02.071822
5320	7	7	3	1	0:00:02.066652
5340	3	4	4	0	0:00:02.080023
5360	9	9	3	1	0:00:02.124086
5380	1	9	9	0	0:00:02.121116
5400	9	0	8	0	0:00:02.067695
5420	6	6	6	1	0:00:02.068001
5440	9	9	9	1	0:00:02.125110
5460	0	7	7	0	0:00:02.082612
5480	1	1	8	1	0:00:02.136117
5500	8	1	8	0	0:00:02.113598
5520	4	3	3	0	0:00:02.078669
5540	5	6	2	0	0:00:02.064483
5560	3	6	6	0	0:00:02.069239
5580	5	6	6	0	0:00:02.070009
5600	6	-1	0	0	0:00:02.075867
5620	3	2	2	0	0:00:02.110267
5640	2	5	3	0	0:00:02.160250
5660	9	8	8	0	0:00:02.107019
5680	2	1	8	0	0:00:02.150725
5700	3	6	6	0	0:00:02.137206
5720	9	9	9	1	0:00:02.124781
5740	6	4	4	0	0:00:02.125610
5760	2	-1	2	0	0:00:02.068519
5780	7	7	4	1	0:00:02.071687
5800	2	6	4	0	0:00:02.072048
5820	5	6	6	0	0:00:02.079262
5840	2	6	6	0	0:00:02.068968
5860	0	8	8	0	0:00:02.072109
5880	0	8	0	0	0:00:02.080938
5900	4	3	4	0	0:00:02.058999
5920	8	8	8	1	0:00:02.071810
5940	7	4	4	0	0:00:02.071973
5960	2	-1	4	0	0:00:02.089048
5980	9	9	6	1	0:00:02.087450
6000	8	9	8	0	0:00:02.144164
6020	6	7	6	0	0:00:02.098024
6040	2	7	7	0	0:00:02.136208
6060	3	4	4	0	0:00:02.090831
6080	1	9	6	0	0:00:02.071032
6100	1	1	8	1	0:00:02.082903
6120	5	5	5	1	0:00:02.063156
6140	9	9	7	1	0:00:02.057802
6160	2	5	5	0	0:00:02.054549
6180	0	9	8	0	0:00:02.061903
6200	3	9	3	0	0:00:02.055229
6220	2	6	5	0	0:00:02.064578
6240	2	1	4	0	0:00:02.051149
6260	2	9	4	0	0:00:02.061205
6280	8	5	4	0	0:00:02.053493
6300	1	7	4	0	0:00:02.051621
6320	0	0	0	1	0:00:02.058281
6340	3	3	3	1	0:00:02.063168
6360	2	6	2	0	0:00:02.063425
6380	3	6	6	0	0:00:02.054133
6400	0	1	4	0	0:00:02.058138
6420	7	-1	8	0	0:00:02.063261
6440	3	9	8	0	0:00:02.055915
6460	3	1	4	0	0:00:02.056562
6480	0	-1	2	0	0:00:02.057461
6500	7	0	8	0	0:00:02.061316
6520	6	4	4	0	0:00:02.082372
6540	8	8	8	1	0:00:02.066613
6560	6	6	4	1	0:00:02.063484
6580	1	2	2	0	0:00:02.066686
6600	7	7	7	1	0:00:02.069715
6620	7	7	7	1	0:00:02.073793
6640	5	3	8	0	0:00:02.065085
6660	0	0	8	1	0:00:02.074175
6680	3	5	5	0	0:00:02.074713
6700	6	-1	2	0	0:00:02.072391
6720	2	-1	2	0	0:00:02.060226
6740	2	-1	4	0	0:00:02.060031
6760	5	3	6	0	0:00:02.061345
6780	7	7	7	1	0:00:02.062692
6800	6	2	4	0	0:00:02.067469
6820	1	1	1	1	0:00:02.066010
6840	9	-1	9	0	0:00:02.070019
6860	0	-1	2	0	0:00:02.067557
6880	2	7	6	0	0:00:02.072227
6900	3	7	4	0	0:00:02.056870
6920	5	2	2	0	0:00:02.060161
6940	1	1	1	1	0:00:02.064754
6960	9	8	8	0	0:00:02.066690
6980	0	9	8	0	0:00:02.090129
7000	2	8	8	0	0:00:02.086723
7020	7	7	8	1	0:00:02.063626
7040	7	8	8	0	0:00:02.070271
7060	8	0	8	0	0:00:02.063004
7080	5	4	4	0	0:00:02.067418
7100	9	3	3	0	0:00:02.073440
7120	7	5	6	0	0:00:02.057014
7140	4	1	4	0	0:00:02.062665
7160	5	4	4	0	0:00:02.068470
7180	6	6	6	1	0:00:02.109279
7200	4	6	2	0	0:00:02.063010
7220	9	9	8	1	0:00:02.086875
7240	0	8	8	0	0:00:02.085247
7260	1	8	8	0	0:00:02.076512
7280	1	9	4	0	0:00:02.073863
7300	3	7	4	0	0:00:02.064797
7320	8	0	8	0	0:00:02.058319
7340	2	4	4	0	0:00:02.063811
7360	2	4	4	0	0:00:02.059032
7380	7	7	7	1	0:00:02.062415
7400	3	3	3	1	0:00:02.067894
7420	3	0	0	0	0:00:02.073919
7440	3	-1	2	0	0:00:02.069486
7460	5	5	5	1	0:00:02.067892
7480	1	8	8	0	0:00:02.070676
7500	6	6	6	1	0:00:02.066493
7520	4	6	4	0	0:00:02.063796
7540	5	5	5	1	0:00:02.071172
7560	0	9	4	0	0:00:02.078194
7580	8	8	8	1	0:00:02.075832
7600	8	9	8	0	0:00:02.063776
7620	5	9	3	0	0:00:02.069121
7640	9	9	6	1	0:00:02.075056
7660	7	9	4	0	0:00:02.076264
7680	3	9	3	0	0:00:02.080039
7700	6	6	6	1	0:00:02.071425
7720	5	5	4	1	0:00:02.069692
7740	4	6	2	0	0:00:02.068863
7760	2	9	6	0	0:00:02.074660
7780	3	1	8	0	0:00:02.069904
7800	0	0	8	1	0:00:02.081253
7820	5	8	8	0	0:00:02.074232
7840	1	1	1	1	0:00:02.117055
7860	8	7	4	0	0:00:02.069254
7880	0	0	0	1	0:00:02.063354
7900	0	8	8	0	0:00:02.058695
7920	9	8	8	0	0:00:02.059552
7940	2	6	6	0	0:00:02.061083
7960	0	0	2	1	0:00:02.065411
7980	3	7	4	0	0:00:02.060722
8000	9	9	9	1	0:00:02.060091
8020	6	3	3	0	0:00:02.069236
8040	2	-1	4	0	0:00:02.061341
8060	6	-1	4	0	0:00:02.060316
8080	4	6	6	0	0:00:02.064149
8100	6	2	2	0	0:00:02.052790
8120	8	9	8	0	0:00:02.068395
8140	5	4	4	0	0:00:02.069725
8160	6	9	6	0	0:00:02.066694
8180	4	4	4	1	0:00:02.053984
8200	3	6	2	0	0:00:02.053908
8220	6	2	2	0	0:00:02.056587
8240	7	7	7	1	0:00:02.055281
8260	1	3	3	0	0:00:02.071986
8280	4	5	3	0	0:00:02.056684
8300	5	2	2	0	0:00:02.058886
8320	7	3	4	0	0:00:02.059167
8340	5	3	4	0	0:00:02.057850
8360	7	7	4	1	0:00:02.055982
8380	9	9	8	1	0:00:02.092986
8400	0	8	8	0	0:00:02.093427
8420	3	-1	4	0	0:00:02.082372
8440	5	3	4	0	0:00:02.067652
8460	8	8	8	1	0:00:02.074361
8480	2	1	8	0	0:00:02.071921
8500	4	-1	2	0	0:00:02.077641
8520	8	1	4	0	0:00:02.069694
8540	4	6	2	0	0:00:02.087388
8560	7	7	4	1	0:00:02.068761
8580	3	0	2	0	0:00:02.066366
8600	3	7	4	0	0:00:02.067789
8620	3	1	4	0	0:00:02.069642
8640	1	1	1	1	0:00:02.109196
8660	7	7	5	1	0:00:02.101875
8680	3	9	8	0	0:00:02.151858
8700	3	3	3	1	0:00:02.169647
8720	2	0	0	0	0:00:02.158100
8740	2	4	4	0	0:00:02.161809
8760	8	8	8	1	0:00:02.135686
8780	4	-1	4	0	0:00:02.152241
8800	0	0	0	1	0:00:02.071004
8820	2	3	3	0	0:00:02.121512
8840	2	1	7	0	0:00:02.071791
8860	2	6	6	0	0:00:02.069321
8880	1	9	6	0	0:00:02.078760
8900	2	6	4	0	0:00:02.066546
8920	6	6	6	1	0:00:02.097128
8940	6	3	3	0	0:00:02.068878
8960	0	0	0	1	0:00:02.076488
8980	9	9	8	1	0:00:02.080246
9000	8	8	8	1	0:00:02.078982
9020	7	9	8	0	0:00:02.071555
9040	2	5	5	0	0:00:02.078228
9060	9	5	5	0	0:00:02.082491
9080	3	0	0	0	0:00:02.068942
9100	9	6	6	0	0:00:02.165526
9120	3	0	0	0	0:00:02.092431
9140	7	9	8	0	0:00:02.082487
9160	5	-1	4	0	0:00:02.159396
9180	5	5	5	1	0:00:02.072889
9200	8	8	8	1	0:00:02.075271
9220	8	8	8	1	0:00:02.158958
9240	8	8	8	1	0:00:02.066434
9260	5	6	5	0	0:00:02.106467
9280	9	0	8	0	0:00:02.064130
9300	5	3	2	0	0:00:02.071056
9320	9	9	8	1	0:00:02.079319
9340	1	1	1	1	0:00:02.075723
9360	5	-1	4	0	0:00:02.065759
9380	5	9	3	0	0:00:02.065478
9400	6	4	4	0	0:00:02.065583
9420	5	6	6	0	0:00:02.063972
9440	8	8	8	1	0:00:02.066293
9460	3	7	6	0	0:00:02.064883
9480	2	4	4	0	0:00:02.065995
9500	9	1	4	0	0:00:02.076886
9520	1	1	1	1	0:00:02.068067
9540	5	3	4	0	0:00:02.085187
9560	9	7	7	0	0:00:02.080051
9580	1	4	4	0	0:00:02.075900
9600	8	8	8	1	0:00:02.085685
9620	4	7	4	0	0:00:02.086909
9640	5	0	6	0	0:00:02.072295
9660	6	6	6	1	0:00:02.076515
9680	8	8	8	1	0:00:02.137492
9700	0	0	2	1	0:00:02.071768
9720	8	6	6	0	0:00:02.071791
9740	3	6	4	0	0:00:02.068683
9760	9	7	4	0	0:00:02.074555
9780	4	6	4	0	0:00:02.071969
9800	1	1	1	1	0:00:02.063878
9820	0	8	8	0	0:00:02.061134
9840	4	5	5	0	0:00:02.064283
9860	0	5	8	0	0:00:02.067402
9880	7	4	4	0	0:00:02.072525
9900	8	0	6	0	0:00:02.072391
9920	6	4	2	0	0:00:02.070723
9940	4	-1	6	0	0:00:02.068871
9960	2	0	0	0	0:00:02.081819
9980	0	0	0	1	0:00:02.070260
