idx	label	predict	basePredict	correct	time
0	3	-1	4	0	0:00:01.491477
20	7	9	9	0	0:00:01.299373
40	4	8	8	0	0:00:01.303619
60	7	7	4	1	0:00:01.308422
80	8	8	8	1	0:00:01.279129
100	4	5	5	0	0:00:01.348894
120	8	8	8	1	0:00:01.290775
140	6	2	2	0	0:00:01.290028
160	2	2	2	1	0:00:01.313192
180	0	0	0	1	0:00:01.294102
200	5	3	3	0	0:00:01.312438
220	7	7	7	1	0:00:01.286048
240	1	1	1	1	0:00:01.313887
260	8	5	5	0	0:00:01.303511
280	9	9	9	1	0:00:01.296627
300	6	6	4	1	0:00:01.323025
320	3	5	2	0	0:00:01.318924
340	2	4	4	0	0:00:01.289760
360	9	6	6	0	0:00:01.309335
380	6	6	8	1	0:00:01.319675
400	9	1	1	0	0:00:01.344207
420	4	6	6	0	0:00:01.322386
440	1	1	1	1	0:00:01.316630
460	5	5	5	1	0:00:01.301369
480	8	9	9	0	0:00:01.292281
500	4	6	6	0	0:00:01.288295
520	5	7	7	0	0:00:01.307954
540	1	8	8	0	0:00:01.307694
560	0	0	0	1	0:00:01.290607
580	4	6	6	0	0:00:01.317076
600	8	8	8	1	0:00:01.300421
620	7	6	6	0	0:00:01.300895
640	5	3	3	0	0:00:01.295013
660	9	9	9	1	0:00:01.318842
680	9	1	1	0	0:00:01.304050
700	7	7	7	1	0:00:01.291619
720	4	9	9	0	0:00:01.292768
740	2	5	5	0	0:00:01.302908
760	3	9	9	0	0:00:01.312289
780	9	9	8	1	0:00:01.301630
800	7	7	7	1	0:00:01.316821
820	6	9	9	0	0:00:01.291338
840	7	7	7	1	0:00:01.326905
860	4	6	6	0	0:00:01.300171
880	8	8	8	1	0:00:01.285242
900	2	6	6	0	0:00:01.300127
920	6	2	2	0	0:00:01.295722
940	9	1	1	0	0:00:01.305271
960	9	9	8	1	0:00:01.314709
980	2	6	6	0	0:00:01.295723
1000	5	5	5	1	0:00:01.204813
1020	1	1	1	1	0:00:01.203231
1040	7	5	5	0	0:00:01.192488
1060	9	9	8	1	0:00:01.205875
1080	6	6	6	1	0:00:01.213870
1100	7	8	8	0	0:00:01.208726
1120	5	2	2	0	0:00:01.204518
1140	6	6	6	1	0:00:01.201452
1160	8	0	0	0	0:00:01.215573
1180	3	9	9	0	0:00:01.234466
1200	8	0	0	0	0:00:01.223978
1220	9	7	2	0	0:00:01.210471
1240	2	6	6	0	0:00:01.199533
1260	1	9	9	0	0:00:01.223745
1280	3	7	7	0	0:00:01.204015
1300	4	6	6	0	0:00:01.192293
1320	7	7	2	1	0:00:01.132282
1340	1	1	1	1	0:00:01.133704
1360	7	5	2	0	0:00:01.138718
1380	4	5	5	0	0:00:01.203140
1400	5	6	2	0	0:00:01.170121
1420	4	7	7	0	0:00:01.136955
1440	0	8	8	0	0:00:01.159980
1460	6	6	6	1	0:00:01.194803
1480	1	5	5	0	0:00:01.183132
1500	1	9	9	0	0:00:01.160489
1520	7	6	6	0	0:00:01.193848
1540	8	8	8	1	0:00:01.192637
1560	7	7	7	1	0:00:01.154820
1580	6	1	1	0	0:00:01.133140
1600	8	-1	6	0	0:00:01.128790
1620	5	8	8	0	0:00:01.177575
1640	7	5	5	0	0:00:01.141743
1660	3	5	5	0	0:00:01.166192
1680	6	6	6	1	0:00:01.175545
1700	5	2	2	0	0:00:01.158774
1720	4	0	0	0	0:00:01.134920
1740	1	9	9	0	0:00:01.141364
1760	0	8	8	0	0:00:01.147065
1780	7	8	8	0	0:00:01.134458
1800	4	8	8	0	0:00:01.135740
1820	8	1	1	0	0:00:01.169832
1840	8	7	7	0	0:00:01.160206
1860	8	8	8	1	0:00:01.199344
1880	1	1	1	1	0:00:01.215281
1900	8	8	8	1	0:00:01.216146
1920	2	2	2	1	0:00:01.211067
1940	5	2	2	0	0:00:01.220750
1960	2	5	5	0	0:00:01.184788
1980	9	9	9	1	0:00:01.171052
2000	1	6	6	0	0:00:01.142181
2020	9	9	9	1	0:00:01.144354
2040	0	8	8	0	0:00:01.199580
2060	5	5	5	1	0:00:01.138060
2080	1	1	1	1	0:00:01.133648
2100	2	4	4	0	0:00:01.145528
2120	4	8	8	0	0:00:01.146911
2140	9	1	1	0	0:00:01.146208
2160	0	8	8	0	0:00:01.191028
2180	4	6	6	0	0:00:01.206311
2200	0	0	0	1	0:00:01.194789
2220	1	1	1	1	0:00:01.201823
2240	9	9	9	1	0:00:01.178892
2260	4	6	4	0	0:00:01.185665
2280	4	8	8	0	0:00:01.226852
2300	3	6	6	0	0:00:01.202596
2320	5	-1	0	0	0:00:01.190446
2340	7	7	7	1	0:00:01.210204
2360	7	7	7	1	0:00:01.212190
2380	8	8	8	1	0:00:01.203417
2400	0	4	4	0	0:00:01.196316
2420	8	5	5	0	0:00:01.196066
2440	7	1	8	0	0:00:01.162189
2460	9	9	6	1	0:00:01.217237
2480	8	8	8	1	0:00:01.224287
2500	4	6	4	0	0:00:01.234529
2520	1	8	8	0	0:00:01.205150
2540	2	3	3	0	0:00:01.197821
2560	7	6	2	0	0:00:01.200839
2580	6	4	4	0	0:00:01.197045
2600	8	8	8	1	0:00:01.196301
2620	1	6	6	0	0:00:01.203397
2640	7	7	7	1	0:00:01.226610
2660	3	0	0	0	0:00:01.181081
2680	0	0	0	1	0:00:01.194071
2700	9	3	3	0	0:00:01.203422
2720	3	8	8	0	0:00:01.212484
2740	1	1	1	1	0:00:01.233408
2760	2	6	6	0	0:00:01.154919
2780	7	7	7	1	0:00:01.212569
2800	4	6	6	0	0:00:01.181295
2820	6	6	6	1	0:00:01.203353
2840	3	7	7	0	0:00:01.227518
2860	5	7	7	0	0:00:01.201717
2880	4	4	4	1	0:00:01.239692
2900	3	5	5	0	0:00:01.212308
2920	2	3	8	0	0:00:01.223747
2940	3	0	0	0	0:00:01.193212
2960	9	7	9	0	0:00:01.181698
2980	8	1	1	0	0:00:01.209133
3000	5	5	5	1	0:00:01.192843
3020	1	1	8	1	0:00:01.205368
3040	7	7	7	1	0:00:01.220337
3060	7	7	7	1	0:00:01.226728
3080	1	6	2	0	0:00:01.201255
3100	0	0	0	1	0:00:01.186050
3120	4	6	6	0	0:00:01.194655
3140	8	8	8	1	0:00:01.188383
3160	6	4	4	0	0:00:01.226629
3180	3	9	8	0	0:00:01.227759
3200	5	7	7	0	0:00:01.223717
3220	3	9	9	0	0:00:01.177529
3240	4	1	8	0	0:00:01.206301
3260	7	7	7	1	0:00:01.180135
3280	3	-1	0	0	0:00:01.191099
3300	4	6	6	0	0:00:01.147825
3320	2	7	7	0	0:00:01.200543
3340	6	6	6	1	0:00:01.218331
3360	4	6	6	0	0:00:01.204556
3380	8	8	8	1	0:00:01.217331
3400	6	1	1	0	0:00:01.236335
3420	5	6	6	0	0:00:01.207159
3440	2	9	9	0	0:00:01.216812
3460	1	1	1	1	0:00:01.194322
3480	2	2	2	1	0:00:01.188939
3500	1	1	1	1	0:00:01.184106
3520	1	1	1	1	0:00:01.194795
3540	6	8	8	0	0:00:01.207267
3560	1	9	9	0	0:00:01.173637
3580	4	1	1	0	0:00:01.199648
3600	4	2	2	0	0:00:01.192706
3620	0	7	6	0	0:00:01.188772
3640	6	2	0	0	0:00:01.183837
3660	0	8	8	0	0:00:01.189376
3680	0	2	2	0	0:00:01.200973
3700	3	5	5	0	0:00:01.202875
3720	2	2	2	1	0:00:01.215676
3740	0	0	0	1	0:00:01.194355
3760	7	7	7	1	0:00:01.207998
3780	4	2	2	0	0:00:01.198252
3800	9	3	3	0	0:00:01.202518
3820	0	0	0	1	0:00:01.185205
3840	6	8	8	0	0:00:01.189230
3860	7	7	7	1	0:00:01.224102
3880	6	4	4	0	0:00:01.203210
3900	3	0	0	0	0:00:01.181136
3920	7	9	8	0	0:00:01.196727
3940	6	7	7	0	0:00:01.204993
3960	2	5	5	0	0:00:01.190717
3980	9	7	7	0	0:00:01.111884
4000	8	7	0	0	0:00:01.108750
4020	8	8	8	1	0:00:01.114279
4040	0	0	0	1	0:00:01.118059
4060	6	-1	0	0	0:00:01.143212
4080	1	-1	8	0	0:00:01.151881
4100	7	7	7	1	0:00:01.186182
4120	4	0	0	0	0:00:01.184753
4140	5	3	3	0	0:00:01.202834
4160	5	2	2	0	0:00:01.215499
4180	0	-1	8	0	0:00:01.206408
4200	4	2	2	0	0:00:01.197779
4220	4	0	0	0	0:00:01.204394
4240	7	8	8	0	0:00:01.199701
4260	8	8	8	1	0:00:01.233694
4280	8	8	8	1	0:00:01.230928
4300	8	8	8	1	0:00:01.222242
4320	1	8	8	0	0:00:01.215142
4340	0	0	0	1	0:00:01.208167
4360	6	9	9	0	0:00:01.199644
4380	9	9	9	1	0:00:01.197200
4400	3	6	8	0	0:00:01.204494
4420	5	8	8	0	0:00:01.202333
4440	2	6	6	0	0:00:01.208509
4460	9	1	8	0	0:00:01.211946
4480	9	9	6	1	0:00:01.201835
4500	3	7	7	0	0:00:01.214565
4520	3	6	6	0	0:00:01.202597
4540	9	9	9	1	0:00:01.210302
4560	1	1	1	1	0:00:01.214186
4580	6	6	6	1	0:00:01.213061
4600	4	7	7	0	0:00:01.207246
4620	7	3	3	0	0:00:01.208890
4640	2	5	5	0	0:00:01.218386
4660	7	6	2	0	0:00:01.201526
4680	9	1	1	0	0:00:01.172813
4700	6	1	1	0	0:00:01.213756
4720	8	0	0	0	0:00:01.210696
4740	5	6	6	0	0:00:01.211663
4760	3	2	2	0	0:00:01.215194
4780	0	-1	0	0	0:00:01.212773
4800	9	9	9	1	0:00:01.203095
4820	3	5	5	0	0:00:01.211483
4840	0	0	0	1	0:00:01.203576
4860	5	5	5	1	0:00:01.206320
4880	0	2	2	0	0:00:01.211772
4900	3	1	1	0	0:00:01.203977
4920	7	7	0	1	0:00:01.206201
4940	6	6	2	1	0:00:01.200230
4960	4	6	6	0	0:00:01.207244
4980	1	9	9	0	0:00:01.202685
5000	7	7	7	1	0:00:01.233244
5020	8	8	8	1	0:00:01.191727
5040	3	4	4	0	0:00:01.192049
5060	6	6	6	1	0:00:01.219242
5080	7	7	7	1	0:00:01.200940
5100	3	4	4	0	0:00:01.200371
5120	9	8	8	0	0:00:01.210488
5140	8	8	8	1	0:00:01.210912
5160	0	8	8	0	0:00:01.206597
5180	9	6	6	0	0:00:01.216218
5200	3	3	3	1	0:00:01.199982
5220	0	0	0	1	0:00:01.207463
5240	1	9	3	0	0:00:01.198450
5260	0	0	0	1	0:00:01.217726
5280	0	8	8	0	0:00:01.214838
5300	9	1	1	0	0:00:01.201089
5320	7	7	7	1	0:00:01.213343
5340	3	2	2	0	0:00:01.205342
5360	9	9	9	1	0:00:01.218186
5380	1	9	9	0	0:00:01.210389
5400	9	0	0	0	0:00:01.211615
5420	6	6	6	1	0:00:01.221583
5440	9	9	9	1	0:00:01.208019
5460	0	0	2	1	0:00:01.205431
5480	1	-1	8	0	0:00:01.212604
5500	8	1	8	0	0:00:01.201254
5520	4	5	5	0	0:00:01.214301
5540	5	6	6	0	0:00:01.215671
5560	3	6	6	0	0:00:01.219330
5580	5	6	6	0	0:00:01.204212
5600	6	8	8	0	0:00:01.195593
5620	3	4	4	0	0:00:01.213767
5640	2	3	3	0	0:00:01.205235
5660	9	-1	8	0	0:00:01.196903
5680	2	1	8	0	0:00:01.206024
5700	3	6	6	0	0:00:01.206630
5720	9	9	9	1	0:00:01.189613
5740	6	6	6	1	0:00:01.209261
5760	2	2	8	1	0:00:01.197093
5780	7	7	7	1	0:00:01.204656
5800	2	6	6	0	0:00:01.204854
5820	5	6	6	0	0:00:01.200847
5840	2	6	6	0	0:00:01.209591
5860	0	8	8	0	0:00:01.199733
5880	0	8	0	0	0:00:01.206633
5900	4	5	4	0	0:00:01.199062
5920	8	8	8	1	0:00:01.214353
5940	7	4	4	0	0:00:01.209281
5960	2	7	7	0	0:00:01.191962
5980	9	9	9	1	0:00:01.220531
6000	8	9	8	0	0:00:01.204822
6020	6	6	6	1	0:00:01.177090
6040	2	7	7	0	0:00:01.206859
6060	3	4	4	0	0:00:01.218225
6080	1	1	1	1	0:00:01.222317
6100	1	1	8	1	0:00:01.206103
6120	5	5	5	1	0:00:01.218446
6140	9	9	9	1	0:00:01.212600
6160	2	5	5	0	0:00:01.221753
6180	0	8	8	0	0:00:01.216606
6200	3	3	3	1	0:00:01.213654
6220	2	6	6	0	0:00:01.190184
6240	2	1	6	0	0:00:01.215095
6260	2	9	9	0	0:00:01.200333
6280	8	5	5	0	0:00:01.211751
6300	1	-1	4	0	0:00:01.187323
6320	0	0	0	1	0:00:01.215348
6340	3	3	3	1	0:00:01.220406
6360	2	6	2	0	0:00:01.214500
6380	3	1	6	0	0:00:01.198092
6400	0	1	1	0	0:00:01.207449
6420	7	-1	7	0	0:00:01.179805
6440	3	8	8	0	0:00:01.201502
6460	3	1	1	0	0:00:01.190183
6480	0	0	0	1	0:00:01.198372
6500	7	0	0	0	0:00:01.190692
6520	6	4	4	0	0:00:01.195559
6540	8	8	8	1	0:00:01.188795
6560	6	6	6	1	0:00:01.179550
6580	1	8	8	0	0:00:01.212126
6600	7	7	7	1	0:00:01.184607
6620	7	7	7	1	0:00:01.183636
6640	5	3	3	0	0:00:01.213875
6660	0	0	8	1	0:00:01.192581
6680	3	3	3	1	0:00:01.190157
6700	6	6	6	1	0:00:01.208544
6720	2	2	2	1	0:00:01.196986
6740	2	6	6	0	0:00:01.201026
6760	5	2	2	0	0:00:01.189842
6780	7	7	7	1	0:00:01.172992
6800	6	6	6	1	0:00:01.149796
6820	1	1	1	1	0:00:01.149736
6840	9	1	1	0	0:00:01.135365
6860	0	0	0	1	0:00:01.184612
6880	2	7	7	0	0:00:01.195027
6900	3	7	7	0	0:00:01.165314
6920	5	2	2	0	0:00:01.161532
6940	1	1	1	1	0:00:01.215027
6960	9	8	8	0	0:00:01.208268
6980	0	9	9	0	0:00:01.208420
7000	2	8	8	0	0:00:01.178421
7020	7	7	7	1	0:00:01.198847
7040	7	8	8	0	0:00:01.211037
7060	8	0	8	0	0:00:01.205730
7080	5	4	0	0	0:00:01.204898
7100	9	3	3	0	0:00:01.200226
7120	7	7	7	1	0:00:01.208000
7140	4	4	4	1	0:00:01.238555
7160	5	4	4	0	0:00:01.216371
7180	6	6	6	1	0:00:01.208612
7200	4	6	6	0	0:00:01.153367
7220	9	8	8	0	0:00:01.198231
7240	0	8	8	0	0:00:01.215847
7260	1	8	8	0	0:00:01.211326
7280	1	1	6	1	0:00:01.216995
7300	3	0	0	0	0:00:01.198377
7320	8	0	0	0	0:00:01.225176
7340	2	4	4	0	0:00:01.204836
7360	2	7	5	0	0:00:01.188551
7380	7	7	7	1	0:00:01.177544
7400	3	9	9	0	0:00:01.177621
7420	3	0	0	0	0:00:01.211547
7440	3	6	6	0	0:00:01.195053
7460	5	5	5	1	0:00:01.169525
7480	1	5	5	0	0:00:01.208993
7500	6	6	6	1	0:00:01.191463
7520	4	6	6	0	0:00:01.210931
7540	5	5	5	1	0:00:01.215057
7560	0	6	2	0	0:00:01.186825
7580	8	8	8	1	0:00:01.210294
7600	8	9	9	0	0:00:01.198053
7620	5	3	3	0	0:00:01.187782
7640	9	8	8	0	0:00:01.202261
7660	7	1	1	0	0:00:01.204709
7680	3	9	9	0	0:00:01.184283
7700	6	6	6	1	0:00:01.182593
7720	5	6	6	0	0:00:01.170437
7740	4	6	2	0	0:00:01.181337
7760	2	9	9	0	0:00:01.177738
7780	3	1	1	0	0:00:01.180710
7800	0	0	0	1	0:00:01.180219
7820	5	8	8	0	0:00:01.182270
7840	1	1	1	1	0:00:01.166171
7860	8	-1	4	0	0:00:01.156617
7880	0	2	2	0	0:00:01.171129
7900	0	8	8	0	0:00:01.207707
7920	9	8	8	0	0:00:01.200079
7940	2	6	6	0	0:00:01.200049
7960	0	0	0	1	0:00:01.165674
7980	3	7	4	0	0:00:01.171391
8000	9	9	8	1	0:00:01.183957
8020	6	6	6	1	0:00:01.197988
8040	2	6	6	0	0:00:01.185436
8060	6	6	6	1	0:00:01.179627
8080	4	6	6	0	0:00:01.205893
8100	6	2	2	0	0:00:01.218055
8120	8	9	8	0	0:00:01.217729
8140	5	6	6	0	0:00:01.212025
8160	6	9	6	0	0:00:01.201781
8180	4	6	6	0	0:00:01.235144
8200	3	6	6	0	0:00:01.219615
8220	6	6	6	1	0:00:01.198662
8240	7	7	7	1	0:00:01.194492
8260	1	1	1	1	0:00:01.196065
8280	4	5	5	0	0:00:01.201277
8300	5	2	2	0	0:00:01.190814
8320	7	4	4	0	0:00:01.160556
8340	5	5	5	1	0:00:01.156060
8360	7	7	4	1	0:00:01.195904
8380	9	8	8	0	0:00:01.163826
8400	0	8	8	0	0:00:01.165597
8420	3	6	4	0	0:00:01.202574
8440	5	9	4	0	0:00:01.197751
8460	8	8	8	1	0:00:01.195101
8480	2	1	8	0	0:00:01.197325
8500	4	2	2	0	0:00:01.208977
8520	8	6	6	0	0:00:01.185324
8540	4	6	4	0	0:00:01.226293
8560	7	7	7	1	0:00:01.225186
8580	3	1	1	0	0:00:01.208373
8600	3	7	7	0	0:00:01.186239
8620	3	-1	4	0	0:00:01.203867
8640	1	1	1	1	0:00:01.200692
8660	7	5	5	0	0:00:01.197830
8680	3	9	0	0	0:00:01.193776
8700	3	5	5	0	0:00:01.198978
8720	2	0	0	0	0:00:01.223529
8740	2	6	6	0	0:00:01.199640
8760	8	8	8	1	0:00:01.201392
8780	4	4	4	1	0:00:01.214700
8800	0	0	0	1	0:00:01.204504
8820	2	2	2	1	0:00:01.189416
8840	2	1	1	0	0:00:01.190747
8860	2	2	2	1	0:00:01.198433
8880	1	1	6	1	0:00:01.227648
8900	2	6	4	0	0:00:01.210019
8920	6	6	6	1	0:00:01.217496
8940	6	3	3	0	0:00:01.231177
8960	0	0	0	1	0:00:01.215087
8980	9	9	9	1	0:00:01.203863
9000	8	8	8	1	0:00:01.209000
9020	7	7	7	1	0:00:01.215425
9040	2	5	5	0	0:00:01.195585
9060	9	5	5	0	0:00:01.191703
9080	3	0	0	0	0:00:01.198565
9100	9	6	6	0	0:00:01.185997
9120	3	0	0	0	0:00:01.192488
9140	7	8	8	0	0:00:01.219452
9160	5	5	5	1	0:00:01.197650
9180	5	5	5	1	0:00:01.204179
9200	8	8	8	1	0:00:01.243842
9220	8	8	8	1	0:00:01.224833
9240	8	8	8	1	0:00:01.246813
9260	5	5	5	1	0:00:01.218817
9280	9	0	8	0	0:00:01.213809
9300	5	5	2	1	0:00:01.211689
9320	9	9	8	1	0:00:01.209064
9340	1	1	1	1	0:00:01.209262
9360	5	0	6	0	0:00:01.212169
9380	5	9	9	0	0:00:01.221064
9400	6	6	6	1	0:00:01.222474
9420	5	6	6	0	0:00:01.219229
9440	8	8	8	1	0:00:01.204622
9460	3	6	6	0	0:00:01.198491
9480	2	4	4	0	0:00:01.234353
9500	9	1	1	0	0:00:01.217381
9520	1	1	1	1	0:00:01.216425
9540	5	5	5	1	0:00:01.228496
9560	9	7	7	0	0:00:01.220681
9580	1	4	4	0	0:00:01.233431
9600	8	8	8	1	0:00:01.229936
9620	4	7	2	0	0:00:01.212896
9640	5	0	0	0	0:00:01.207051
9660	6	6	6	1	0:00:01.218094
9680	8	8	8	1	0:00:01.214672
9700	0	0	0	1	0:00:01.214221
9720	8	6	6	0	0:00:01.214219
9740	3	6	6	0	0:00:01.223462
9760	9	9	7	1	0:00:01.214643
9780	4	6	6	0	0:00:01.288120
9800	1	1	1	1	0:00:01.190730
9820	0	8	8	0	0:00:01.218990
9840	4	7	7	0	0:00:01.217670
9860	0	2	8	0	0:00:01.233687
9880	7	4	4	0	0:00:01.164218
9900	8	0	0	0	0:00:01.150348
9920	6	6	6	1	0:00:01.174006
9940	4	5	5	0	0:00:01.211524
9960	2	0	0	0	0:00:01.217396
9980	0	0	0	1	0:00:01.207610
