idx	label	predict	basePredict	correct	time
0	3	3	3	1	0:00:17.018890
20	7	7	7	1	0:00:15.917213
40	4	4	4	1	0:00:15.752477
60	7	7	7	1	0:00:15.830974
80	8	8	8	1	0:00:15.703482
100	4	3	3	0	0:00:15.807482
120	8	8	8	1	0:00:15.725145
140	6	6	6	1	0:00:15.759897
160	2	2	2	1	0:00:15.960644
180	0	0	0	1	0:00:15.821649
200	5	5	5	1	0:00:15.790243
220	7	5	5	0	0:00:15.788709
240	1	1	1	1	0:00:15.855436
260	8	8	8	1	0:00:15.767284
280	9	9	9	1	0:00:15.893010
300	6	6	6	1	0:00:15.783820
320	3	3	3	1	0:00:15.744995
340	2	4	4	0	0:00:15.844999
360	9	9	9	1	0:00:15.832990
380	6	6	6	1	0:00:15.748872
400	9	9	9	1	0:00:15.710421
420	4	4	4	1	0:00:15.786927
440	1	1	1	1	0:00:15.752201
460	5	5	5	1	0:00:15.856334
480	8	8	8	1	0:00:15.791095
500	4	6	6	0	0:00:15.820149
520	5	5	5	1	0:00:15.927843
540	1	1	1	1	0:00:15.742068
560	0	0	0	1	0:00:15.709365
580	4	4	4	1	0:00:15.771703
600	8	8	8	1	0:00:15.728160
620	7	7	7	1	0:00:15.720174
640	5	3	3	0	0:00:15.736673
660	9	9	9	1	0:00:15.787968
680	9	1	7	0	0:00:15.929955
700	7	7	7	1	0:00:15.833715
720	4	4	4	1	0:00:15.801702
740	2	5	5	0	0:00:15.876069
760	3	3	3	1	0:00:15.879859
780	9	9	9	1	0:00:15.739503
800	7	7	7	1	0:00:15.770669
820	6	5	5	0	0:00:16.002999
840	7	7	7	1	0:00:15.801881
860	4	4	4	1	0:00:15.741417
880	8	8	8	1	0:00:15.783425
900	2	6	6	0	0:00:15.759307
920	6	0	0	0	0:00:15.707316
940	9	9	9	1	0:00:16.123977
960	9	9	3	1	0:00:15.919471
980	2	6	2	0	0:00:15.804629
1000	5	5	5	1	0:00:14.967870
1020	1	1	1	1	0:00:14.972801
1040	7	7	7	1	0:00:15.065639
1060	9	9	9	1	0:00:15.069757
1080	6	6	2	1	0:00:14.959533
1100	7	7	7	1	0:00:14.986808
1120	5	2	2	0	0:00:15.042197
1140	6	6	6	1	0:00:14.978352
1160	8	8	8	1	0:00:14.989572
1180	3	3	2	1	0:00:14.992467
1200	8	8	8	1	0:00:14.994352
1220	9	3	3	0	0:00:15.059986
1240	2	6	6	0	0:00:15.039770
1260	1	9	9	0	0:00:14.995440
1280	3	5	5	0	0:00:14.991909
1300	4	3	3	0	0:00:14.965189
1320	7	7	7	1	0:00:14.965072
1340	1	1	1	1	0:00:14.979037
1360	7	7	7	1	0:00:15.018083
1380	4	4	4	1	0:00:14.987424
1400	5	5	5	1	0:00:14.971152
1420	4	4	4	1	0:00:14.977992
1440	0	8	8	0	0:00:15.000787
1460	6	6	6	1	0:00:14.979311
1480	1	1	1	1	0:00:14.975213
1500	1	1	1	1	0:00:14.979926
1520	7	7	7	1	0:00:15.001207
1540	8	8	8	1	0:00:15.056050
1560	7	7	7	1	0:00:15.004142
1580	6	1	1	0	0:00:14.997432
1600	8	9	9	0	0:00:15.044511
1620	5	3	3	0	0:00:14.988014
1640	7	4	4	0	0:00:14.993793
1660	3	3	3	1	0:00:15.018154
1680	6	6	6	1	0:00:14.993691
1700	5	5	3	1	0:00:14.957347
1720	4	4	3	1	0:00:14.978464
1740	1	1	1	1	0:00:15.034299
1760	0	0	0	1	0:00:15.006740
1780	7	7	7	1	0:00:15.009128
1800	4	4	8	1	0:00:14.989792
1820	8	8	8	1	0:00:15.003235
1840	8	9	4	0	0:00:15.029441
1860	8	8	8	1	0:00:14.966422
1880	1	1	1	1	0:00:14.970704
1900	8	8	8	1	0:00:14.967112
1920	2	2	2	1	0:00:14.994740
1940	5	5	5	1	0:00:15.092127
1960	2	5	5	0	0:00:15.007025
1980	9	9	9	1	0:00:14.985129
2000	1	1	1	1	0:00:14.985237
2020	9	9	9	1	0:00:15.008508
2040	0	0	0	1	0:00:14.970837
2060	5	3	3	0	0:00:14.959346
2080	1	1	1	1	0:00:14.991868
2100	2	2	2	1	0:00:14.975251
2120	4	8	8	0	0:00:14.972991
2140	9	9	9	1	0:00:14.979474
2160	0	0	0	1	0:00:14.999480
2180	4	4	4	1	0:00:14.967247
2200	0	0	6	1	0:00:14.954873
2220	1	1	1	1	0:00:14.962453
2240	9	9	1	1	0:00:14.975162
2260	4	4	4	1	0:00:15.009717
2280	4	3	8	0	0:00:15.009022
2300	3	4	3	0	0:00:14.980579
2320	5	3	3	0	0:00:15.053324
2340	7	7	7	1	0:00:14.975828
2360	7	7	7	1	0:00:14.993356
2380	8	8	8	1	0:00:15.001096
2400	0	0	0	1	0:00:15.022962
2420	8	8	7	1	0:00:15.015303
2440	7	7	7	1	0:00:14.991804
2460	9	9	9	1	0:00:14.991030
2480	8	8	8	1	0:00:15.023916
2500	4	6	4	0	0:00:14.975170
2520	1	3	3	0	0:00:15.001136
2540	2	2	2	1	0:00:15.042442
2560	7	7	7	1	0:00:15.015938
2580	6	6	6	1	0:00:14.990360
2600	8	8	8	1	0:00:14.995698
2620	1	1	1	1	0:00:15.002723
2640	7	7	7	1	0:00:15.015491
2660	3	3	3	1	0:00:14.985397
2680	0	0	0	1	0:00:15.020508
2700	9	1	1	0	0:00:14.987781
2720	3	3	3	1	0:00:15.040628
2740	1	1	1	1	0:00:15.007361
2760	2	2	2	1	0:00:15.015362
2780	7	7	7	1	0:00:14.994155
2800	4	4	4	1	0:00:14.983124
2820	6	6	6	1	0:00:15.001714
2840	3	3	3	1	0:00:15.067404
2860	5	5	5	1	0:00:14.979232
2880	4	4	4	1	0:00:15.003303
2900	3	3	3	1	0:00:14.976592
2920	2	3	0	0	0:00:14.969908
2940	3	0	0	0	0:00:14.990153
2960	9	9	9	1	0:00:15.001671
2980	8	8	8	1	0:00:14.971693
3000	5	5	5	1	0:00:14.999300
3020	1	1	1	1	0:00:14.974663
3040	7	7	7	1	0:00:15.000139
3060	7	7	7	1	0:00:14.997821
3080	1	1	1	1	0:00:14.970398
3100	0	0	0	1	0:00:14.978462
3120	4	4	2	1	0:00:15.010253
3140	8	8	8	1	0:00:14.972647
3160	6	2	2	0	0:00:15.012183
3180	3	3	5	1	0:00:15.044029
3200	5	5	5	1	0:00:15.009899
3220	3	3	3	1	0:00:14.971650
3240	4	4	4	1	0:00:14.983232
3260	7	7	7	1	0:00:14.987358
3280	3	5	5	0	0:00:14.995883
3300	4	4	4	1	0:00:15.010976
3320	2	7	7	0	0:00:14.989094
3340	6	6	6	1	0:00:15.062016
3360	4	4	4	1	0:00:15.033037
3380	8	8	8	1	0:00:14.985756
3400	6	4	4	0	0:00:15.010633
3420	5	5	3	1	0:00:14.977823
3440	2	3	3	0	0:00:15.007014
3460	1	1	1	1	0:00:14.988513
3480	2	2	2	1	0:00:14.971961
3500	1	1	1	1	0:00:14.971458
3520	1	1	1	1	0:00:15.020697
3540	6	6	3	1	0:00:14.968724
3560	1	9	9	0	0:00:14.974113
3580	4	4	4	1	0:00:14.982832
3600	4	3	3	0	0:00:14.993067
3620	0	0	0	1	0:00:14.988731
3640	6	6	6	1	0:00:14.978365
3660	0	0	0	1	0:00:14.983907
3680	0	0	0	1	0:00:15.003540
3700	3	3	3	1	0:00:14.984975
3720	2	2	2	1	0:00:15.003663
3740	0	0	0	1	0:00:15.005668
3760	7	7	7	1	0:00:15.049306
3780	4	4	4	1	0:00:14.966565
3800	9	9	9	1	0:00:14.985039
3820	0	0	0	1	0:00:14.963985
3840	6	6	6	1	0:00:15.036871
3860	7	7	7	1	0:00:14.997950
3880	6	6	6	1	0:00:14.970594
3900	3	6	6	0	0:00:14.981330
3920	7	7	7	1	0:00:15.013476
3940	6	3	3	0	0:00:14.981576
3960	2	2	2	1	0:00:15.041502
3980	9	6	5	0	0:00:15.049481
4000	8	4	4	0	0:00:15.099201
4020	8	8	8	1	0:00:15.022133
4040	0	0	0	1	0:00:14.993089
4060	6	6	6	1	0:00:14.974183
4080	1	1	1	1	0:00:15.058001
4100	7	7	7	1	0:00:15.052737
4120	4	4	4	1	0:00:14.993480
4140	5	5	5	1	0:00:14.977311
4160	5	5	5	1	0:00:15.021707
4180	0	8	8	0	0:00:14.983153
4200	4	4	4	1	0:00:14.958914
4220	4	0	0	0	0:00:15.012291
4240	7	7	7	1	0:00:14.996753
4260	8	8	8	1	0:00:14.969430
4280	8	0	0	0	0:00:14.960752
4300	8	8	8	1	0:00:14.973290
4320	1	1	1	1	0:00:15.025735
4340	0	0	0	1	0:00:14.989383
4360	6	9	9	0	0:00:14.980198
4380	9	9	9	1	0:00:14.983876
4400	3	5	5	0	0:00:14.991897
4420	5	5	5	1	0:00:14.985186
4440	2	2	2	1	0:00:14.976611
4460	9	9	9	1	0:00:15.039067
4480	9	9	9	1	0:00:15.037609
4500	3	3	3	1	0:00:14.972391
4520	3	6	6	0	0:00:14.968232
4540	9	9	9	1	0:00:14.968003
4560	1	1	1	1	0:00:15.008932
4580	6	6	6	1	0:00:14.990165
4600	4	4	4	1	0:00:14.987677
4620	7	3	3	0	0:00:14.984641
4640	2	2	2	1	0:00:15.015376
4660	7	7	7	1	0:00:14.977283
4680	9	9	9	1	0:00:15.016427
4700	6	5	5	0	0:00:14.994059
4720	8	8	8	1	0:00:15.015112
4740	5	3	3	0	0:00:14.990047
4760	3	2	2	0	0:00:15.024799
4780	0	0	0	1	0:00:15.007276
4800	9	9	9	1	0:00:14.999826
4820	3	3	3	1	0:00:15.049679
4840	0	0	0	1	0:00:14.987705
4860	5	5	5	1	0:00:14.983741
4880	0	7	0	0	0:00:15.018872
4900	3	3	3	1	0:00:15.009059
4920	7	7	7	1	0:00:14.977090
4940	6	6	6	1	0:00:14.989591
4960	4	4	3	1	0:00:15.027117
4980	1	1	1	1	0:00:14.983662
5000	7	7	7	1	0:00:14.973964
5020	8	8	8	1	0:00:14.973236
5040	3	3	3	1	0:00:15.032816
5060	6	6	6	1	0:00:15.026153
5080	7	4	4	0	0:00:15.086738
5100	3	3	3	1	0:00:15.039561
5120	9	9	9	1	0:00:15.075670
5140	8	8	8	1	0:00:15.034496
5160	0	0	0	1	0:00:15.003776
5180	9	7	7	0	0:00:14.989162
5200	3	3	3	1	0:00:14.998055
5220	0	0	0	1	0:00:15.002788
5240	1	9	9	0	0:00:15.038407
5260	0	0	0	1	0:00:15.014339
5280	0	3	3	0	0:00:14.996211
5300	9	9	9	1	0:00:15.073017
5320	7	7	7	1	0:00:14.977454
5340	3	3	3	1	0:00:14.977583
5360	9	9	9	1	0:00:15.009975
5380	1	9	9	0	0:00:14.971214
5400	9	9	9	1	0:00:15.001175
5420	6	6	6	1	0:00:14.988393
5440	9	9	9	1	0:00:15.068680
5460	0	0	0	1	0:00:14.997332
5480	1	1	1	1	0:00:14.980636
5500	8	8	8	1	0:00:15.023114
5520	4	4	4	1	0:00:14.995763
5540	5	5	5	1	0:00:14.992772
5560	3	6	5	0	0:00:14.995945
5580	5	6	3	0	0:00:14.997890
5600	6	6	5	1	0:00:14.997625
5620	3	3	2	1	0:00:14.968783
5640	2	3	3	0	0:00:14.988292
5660	9	9	9	1	0:00:15.013328
5680	2	3	3	0	0:00:15.055420
5700	3	5	5	0	0:00:15.029401
5720	9	9	9	1	0:00:14.985794
5740	6	4	4	0	0:00:14.991229
5760	2	2	2	1	0:00:15.110946
5780	7	7	7	1	0:00:15.019282
5800	2	2	2	1	0:00:15.051317
5820	5	5	5	1	0:00:15.068373
5840	2	2	2	1	0:00:15.039224
5860	0	0	0	1	0:00:15.043730
5880	0	0	0	1	0:00:14.982887
5900	4	0	0	0	0:00:14.979573
5920	8	8	8	1	0:00:15.009651
5940	7	7	7	1	0:00:15.012172
5960	2	3	3	0	0:00:14.960934
5980	9	9	9	1	0:00:15.007994
6000	8	8	8	1	0:00:14.987085
6020	6	6	6	1	0:00:15.033489
6040	2	3	3	0	0:00:14.976459
6060	3	4	4	0	0:00:15.023232
6080	1	1	1	1	0:00:15.006150
6100	1	1	1	1	0:00:15.011353
6120	5	5	5	1	0:00:15.016367
6140	9	9	9	1	0:00:14.989591
6160	2	2	2	1	0:00:14.999848
6180	0	0	0	1	0:00:15.012351
6200	3	3	3	1	0:00:14.972598
6220	2	2	2	1	0:00:14.997544
6240	2	2	2	1	0:00:15.011836
6260	2	2	2	1	0:00:14.988560
6280	8	3	5	0	0:00:14.964655
6300	1	1	1	1	0:00:15.033100
6320	0	0	0	1	0:00:15.087544
6340	3	3	3	1	0:00:15.002232
6360	2	2	2	1	0:00:14.968141
6380	3	3	3	1	0:00:15.075074
6400	0	8	8	0	0:00:14.989937
6420	7	7	7	1	0:00:15.002440
6440	3	8	8	0	0:00:15.035991
6460	3	3	3	1	0:00:14.962736
6480	0	0	0	1	0:00:14.979608
6500	7	3	3	0	0:00:14.972142
6520	6	6	4	1	0:00:14.985651
6540	8	8	8	1	0:00:14.963134
6560	6	6	6	1	0:00:15.025395
6580	1	1	1	1	0:00:15.001874
6600	7	7	7	1	0:00:14.979169
6620	7	7	7	1	0:00:14.960155
6640	5	3	3	0	0:00:15.042454
6660	0	0	0	1	0:00:15.035106
6680	3	5	5	0	0:00:14.963670
6700	6	6	6	1	0:00:14.967149
6720	2	2	2	1	0:00:14.992964
6740	2	2	2	1	0:00:14.974181
6760	5	5	5	1	0:00:15.037560
6780	7	7	7	1	0:00:14.989384
6800	6	6	4	1	0:00:15.025645
6820	1	1	1	1	0:00:15.022969
6840	9	9	9	1	0:00:14.955478
6860	0	0	0	1	0:00:14.959183
6880	2	2	2	1	0:00:14.970215
6900	3	3	3	1	0:00:14.969326
6920	5	2	2	0	0:00:14.954793
6940	1	1	1	1	0:00:14.939728
6960	9	9	9	1	0:00:14.978766
6980	0	0	0	1	0:00:14.958098
7000	2	8	8	0	0:00:14.970442
7020	7	7	7	1	0:00:15.048979
7040	7	0	0	0	0:00:14.958127
7060	8	8	8	1	0:00:14.956306
7080	5	4	4	0	0:00:14.953217
7100	9	3	3	0	0:00:14.959946
7120	7	7	7	1	0:00:14.977899
7140	4	4	4	1	0:00:15.042549
7160	5	5	5	1	0:00:14.977113
7180	6	6	6	1	0:00:14.953596
7200	4	4	4	1	0:00:14.997323
7220	9	9	9	1	0:00:14.949882
7240	0	0	0	1	0:00:15.006341
7260	1	1	1	1	0:00:14.976526
7280	1	9	9	0	0:00:15.033480
7300	3	5	5	0	0:00:14.945853
7320	8	0	0	0	0:00:14.965501
7340	2	2	2	1	0:00:14.977973
7360	2	2	2	1	0:00:15.035067
7380	7	7	7	1	0:00:14.953610
7400	3	3	3	1	0:00:14.968397
7420	3	-1	3	0	0:00:14.955487
7440	3	3	3	1	0:00:14.993411
7460	5	5	5	1	0:00:14.947687
7480	1	1	1	1	0:00:14.936756
7500	6	6	6	1	0:00:14.947777
7520	4	4	4	1	0:00:14.981606
7540	5	5	5	1	0:00:14.976243
7560	0	0	0	1	0:00:15.003915
7580	8	8	8	1	0:00:15.011980
7600	8	2	2	0	0:00:14.989984
7620	5	3	3	0	0:00:14.976978
7640	9	9	8	1	0:00:14.936394
7660	7	7	7	1	0:00:14.998636
7680	3	5	5	0	0:00:14.985946
7700	6	6	6	1	0:00:14.966055
7720	5	5	5	1	0:00:14.964542
7740	4	4	4	1	0:00:14.998414
7760	2	0	0	0	0:00:14.999677
7780	3	1	1	0	0:00:14.949046
7800	0	0	0	1	0:00:14.973391
7820	5	5	5	1	0:00:14.952925
7840	1	1	1	1	0:00:14.969048
7860	8	8	8	1	0:00:14.956636
7880	0	0	0	1	0:00:14.935186
7900	0	0	0	1	0:00:14.963613
7920	9	9	9	1	0:00:14.963574
7940	2	6	6	0	0:00:15.017780
7960	0	0	0	1	0:00:14.930990
7980	3	3	3	1	0:00:14.952793
8000	9	9	9	1	0:00:14.971429
8020	6	3	3	0	0:00:14.937456
8040	2	2	2	1	0:00:14.932459
8060	6	6	6	1	0:00:14.932644
8080	4	4	4	1	0:00:14.965096
8100	6	2	2	0	0:00:14.941861
8120	8	8	8	1	0:00:14.956246
8140	5	7	7	0	0:00:14.955914
8160	6	6	6	1	0:00:15.027229
8180	4	4	4	1	0:00:14.934025
8200	3	6	0	0	0:00:14.971544
8220	6	6	6	1	0:00:14.982173
8240	7	7	7	1	0:00:14.959831
8260	1	1	1	1	0:00:14.931356
8280	4	4	4	1	0:00:14.943765
8300	5	3	5	0	0:00:14.937700
8320	7	7	7	1	0:00:14.927616
8340	5	3	3	0	0:00:14.995168
8360	7	7	7	1	0:00:15.005564
8380	9	9	9	1	0:00:14.966918
8400	0	0	0	1	0:00:14.972740
8420	3	6	6	0	0:00:15.002326
8440	5	3	2	0	0:00:14.978198
8460	8	8	8	1	0:00:14.977089
8480	2	2	2	1	0:00:15.027186
8500	4	4	4	1	0:00:14.950994
8520	8	8	8	1	0:00:14.963968
8540	4	6	2	0	0:00:14.965023
8560	7	7	7	1	0:00:14.948992
8580	3	5	5	0	0:00:15.004926
8600	3	3	3	1	0:00:14.994741
8620	3	5	5	0	0:00:14.931014
8640	1	1	1	1	0:00:14.968117
8660	7	7	7	1	0:00:14.921280
8680	3	3	3	1	0:00:14.942440
8700	3	3	3	1	0:00:14.939456
8720	2	0	0	0	0:00:14.951808
8740	2	5	5	0	0:00:14.947521
8760	8	8	8	1	0:00:14.950220
8780	4	4	4	1	0:00:14.950303
8800	0	0	0	1	0:00:14.929985
8820	2	2	2	1	0:00:14.945085
8840	2	7	7	0	0:00:14.951360
8860	2	2	2	1	0:00:14.931369
8880	1	1	1	1	0:00:14.945565
8900	2	4	4	0	0:00:14.991977
8920	6	6	6	1	0:00:14.975322
8940	6	3	3	0	0:00:14.952664
8960	0	0	2	1	0:00:15.005044
8980	9	9	9	1	0:00:14.932196
9000	8	8	8	1	0:00:14.975755
9020	7	7	7	1	0:00:14.945419
9040	2	5	5	0	0:00:14.968569
9060	9	9	9	1	0:00:14.941746
9080	3	3	3	1	0:00:14.946542
9100	9	1	1	0	0:00:14.937369
9120	3	2	2	0	0:00:14.941381
9140	7	7	7	1	0:00:14.944748
9160	5	3	3	0	0:00:14.935155
9180	5	5	5	1	0:00:14.947448
9200	8	8	8	1	0:00:14.927367
9220	8	8	8	1	0:00:14.932475
9240	8	8	8	1	0:00:14.951643
9260	5	5	5	1	0:00:14.929143
9280	9	9	9	1	0:00:14.972448
9300	5	3	3	0	0:00:15.004364
9320	9	9	9	1	0:00:14.947472
9340	1	1	1	1	0:00:14.975470
9360	5	5	5	1	0:00:14.954366
9380	5	3	3	0	0:00:14.945664
9400	6	6	6	1	0:00:14.995623
9420	5	5	5	1	0:00:14.995636
9440	8	8	8	1	0:00:14.930077
9460	3	3	7	1	0:00:14.994872
9480	2	2	2	1	0:00:14.972248
9500	9	9	9	1	0:00:14.965928
9520	1	1	1	1	0:00:15.027826
9540	5	5	5	1	0:00:15.002953
9560	9	7	7	0	0:00:14.947126
9580	1	1	1	1	0:00:15.072340
9600	8	8	8	1	0:00:15.055506
9620	4	4	4	1	0:00:15.023465
9640	5	5	5	1	0:00:14.956571
9660	6	6	6	1	0:00:15.004921
9680	8	8	8	1	0:00:14.979311
9700	0	0	0	1	0:00:14.988681
9720	8	1	1	0	0:00:14.967711
9740	3	6	6	0	0:00:15.004269
9760	9	7	7	0	0:00:14.983773
9780	4	6	4	0	0:00:14.983957
9800	1	1	1	1	0:00:14.978879
9820	0	8	8	0	0:00:15.004249
9840	4	7	7	0	0:00:15.033712
9860	0	0	0	1	0:00:15.029647
9880	7	8	8	0	0:00:15.066840
9900	8	8	8	1	0:00:15.027443
9920	6	6	6	1	0:00:14.948974
9940	4	6	6	0	0:00:14.939368
9960	2	0	0	0	0:00:14.970459
9980	0	0	0	1	0:00:14.972229
