idx	label	predict	basePredict	correct	time
0	3	3	3	1	0:00:03.460857
20	7	9	9	0	0:00:03.372228
40	4	8	8	0	0:00:03.354988
60	7	7	4	1	0:00:03.368975
80	8	8	8	1	0:00:03.359612
100	4	5	5	0	0:00:03.367145
120	8	0	8	0	0:00:03.363756
140	6	3	2	0	0:00:03.360830
160	2	0	2	0	0:00:03.391412
180	0	0	0	1	0:00:03.363747
200	5	7	5	0	0:00:03.359669
220	7	7	7	1	0:00:03.366398
240	1	1	1	1	0:00:03.395601
260	8	6	3	0	0:00:03.363490
280	9	9	9	1	0:00:03.354347
300	6	6	4	1	0:00:03.365972
320	3	3	2	1	0:00:03.379505
340	2	4	4	0	0:00:03.357505
360	9	7	5	0	0:00:03.372634
380	6	-1	4	0	0:00:03.370917
400	9	9	9	1	0:00:03.368933
420	4	4	4	1	0:00:03.360874
440	1	9	9	0	0:00:03.354129
460	5	5	2	1	0:00:03.376339
480	8	9	9	0	0:00:03.378035
500	4	6	6	0	0:00:03.364539
520	5	7	7	0	0:00:03.362780
540	1	8	8	0	0:00:03.385652
560	0	0	0	1	0:00:03.368450
580	4	6	4	0	0:00:03.382090
600	8	8	8	1	0:00:03.372061
620	7	4	2	0	0:00:03.363530
640	5	3	3	0	0:00:03.362325
660	9	9	9	1	0:00:03.393221
680	9	7	7	0	0:00:03.366817
700	7	7	3	1	0:00:03.363775
720	4	9	4	0	0:00:03.482027
740	2	5	3	0	0:00:03.363001
760	3	4	4	0	0:00:03.374801
780	9	1	1	0	0:00:03.356989
800	7	7	7	1	0:00:03.377548
820	6	8	8	0	0:00:03.379675
840	7	7	7	1	0:00:03.357708
860	4	2	2	0	0:00:03.370064
880	8	8	8	1	0:00:03.352371
900	2	6	4	0	0:00:03.378464
920	6	-1	3	0	0:00:03.382456
940	9	9	9	1	0:00:03.358729
960	9	9	3	1	0:00:03.369236
980	2	6	2	0	0:00:03.360475
1000	5	5	5	1	0:00:02.655529
1020	1	1	8	1	0:00:02.656342
1040	7	5	5	0	0:00:02.653660
1060	9	9	9	1	0:00:02.654135
1080	6	1	6	0	0:00:02.654175
1100	7	0	0	0	0:00:02.658579
1120	5	2	2	0	0:00:02.652193
1140	6	4	4	0	0:00:02.655055
1160	8	0	0	0	0:00:02.660797
1180	3	3	3	1	0:00:02.653114
1200	8	0	0	0	0:00:02.652345
1220	9	6	6	0	0:00:02.663512
1240	2	6	6	0	0:00:02.652626
1260	1	9	9	0	0:00:02.654529
1280	3	7	5	0	0:00:02.655451
1300	4	3	3	0	0:00:02.653359
1320	7	2	2	0	0:00:02.650846
1340	1	1	1	1	0:00:02.653183
1360	7	7	2	1	0:00:02.652515
1380	4	5	5	0	0:00:02.659377
1400	5	3	3	0	0:00:02.652098
1420	4	7	7	0	0:00:02.656811
1440	0	8	8	0	0:00:02.654512
1460	6	6	2	1	0:00:02.655309
1480	1	5	5	0	0:00:02.653751
1500	1	1	1	1	0:00:02.657698
1520	7	7	4	1	0:00:02.653800
1540	8	8	8	1	0:00:02.653101
1560	7	7	7	1	0:00:02.652470
1580	6	1	3	0	0:00:02.653764
1600	8	9	6	0	0:00:02.654799
1620	5	8	8	0	0:00:02.653493
1640	7	3	3	0	0:00:02.653384
1660	3	5	5	0	0:00:02.654377
1680	6	6	3	1	0:00:02.652146
1700	5	2	2	0	0:00:02.660345
1720	4	-1	2	0	0:00:02.654321
1740	1	9	9	0	0:00:02.652187
1760	0	8	8	0	0:00:02.651556
1780	7	7	2	1	0:00:02.653145
1800	4	0	8	0	0:00:02.653593
1820	8	9	9	0	0:00:02.653364
1840	8	7	4	0	0:00:02.651592
1860	8	8	3	1	0:00:02.654566
1880	1	1	8	1	0:00:02.652255
1900	8	8	8	1	0:00:02.652329
1920	2	2	2	1	0:00:02.652229
1940	5	2	2	0	0:00:02.656891
1960	2	5	5	0	0:00:02.653343
1980	9	9	9	1	0:00:02.654169
2000	1	6	6	0	0:00:02.653051
2020	9	9	9	1	0:00:02.653110
2040	0	0	0	1	0:00:02.651734
2060	5	3	3	0	0:00:02.654944
2080	1	9	9	0	0:00:02.652308
2100	2	4	2	0	0:00:02.653486
2120	4	8	8	0	0:00:02.652721
2140	9	9	9	1	0:00:02.653585
2160	0	8	8	0	0:00:02.651018
2180	4	4	4	1	0:00:02.653551
2200	0	2	2	0	0:00:02.651512
2220	1	1	1	1	0:00:02.654870
2240	9	1	8	0	0:00:02.656274
2260	4	4	3	1	0:00:02.654954
2280	4	8	8	0	0:00:02.654199
2300	3	4	2	0	0:00:02.653559
2320	5	2	2	0	0:00:02.652201
2340	7	7	7	1	0:00:02.653894
2360	7	5	5	0	0:00:02.653454
2380	8	8	8	1	0:00:02.656234
2400	0	-1	4	0	0:00:02.653044
2420	8	5	5	0	0:00:02.654746
2440	7	7	0	1	0:00:02.652651
2460	9	7	7	0	0:00:02.656133
2480	8	8	8	1	0:00:02.657773
2500	4	6	2	0	0:00:02.653673
2520	1	1	8	1	0:00:02.659365
2540	2	5	5	0	0:00:02.657222
2560	7	4	4	0	0:00:02.652550
2580	6	5	5	0	0:00:02.653720
2600	8	8	8	1	0:00:02.650891
2620	1	-1	8	0	0:00:02.652380
2640	7	7	4	1	0:00:02.652225
2660	3	2	2	0	0:00:02.654502
2680	0	0	0	1	0:00:02.651001
2700	9	1	1	0	0:00:02.653481
2720	3	3	2	1	0:00:02.652115
2740	1	1	7	1	0:00:02.653497
2760	2	4	2	0	0:00:02.653174
2780	7	7	7	1	0:00:02.654533
2800	4	6	6	0	0:00:02.652071
2820	6	6	2	1	0:00:02.653509
2840	3	3	3	1	0:00:02.657593
2860	5	7	6	0	0:00:02.652858
2880	4	4	4	1	0:00:02.651306
2900	3	5	5	0	0:00:02.654346
2920	2	3	3	0	0:00:02.652040
2940	3	0	0	0	0:00:02.653074
2960	9	9	9	1	0:00:02.651644
2980	8	1	8	0	0:00:02.654254
3000	5	5	5	1	0:00:02.652536
3020	1	1	8	1	0:00:02.653786
3040	7	7	7	1	0:00:02.652016
3060	7	7	5	1	0:00:02.653310
3080	1	-1	0	0	0:00:02.651863
3100	0	0	0	1	0:00:02.652062
3120	4	6	2	0	0:00:02.652533
3140	8	-1	8	0	0:00:02.659600
3160	6	2	2	0	0:00:02.652492
3180	3	9	3	0	0:00:02.655305
3200	5	7	7	0	0:00:02.652480
3220	3	9	3	0	0:00:02.654084
3240	4	1	8	0	0:00:02.654914
3260	7	7	7	1	0:00:02.653290
3280	3	5	5	0	0:00:02.655705
3300	4	3	2	0	0:00:02.653763
3320	2	7	7	0	0:00:02.652068
3340	6	-1	2	0	0:00:02.653212
3360	4	6	6	0	0:00:02.653780
3380	8	8	8	1	0:00:02.653663
3400	6	4	4	0	0:00:02.651290
3420	5	3	3	0	0:00:02.653092
3440	2	3	3	0	0:00:02.651525
3460	1	9	9	0	0:00:02.653373
3480	2	2	2	1	0:00:02.652285
3500	1	9	9	0	0:00:02.653803
3520	1	1	1	1	0:00:02.651679
3540	6	6	3	1	0:00:02.654250
3560	1	9	7	0	0:00:02.651908
3580	4	2	2	0	0:00:02.654018
3600	4	2	2	0	0:00:02.653765
3620	0	6	6	0	0:00:02.653157
3640	6	2	2	0	0:00:02.652056
3660	0	-1	8	0	0:00:02.652647
3680	0	4	2	0	0:00:02.653223
3700	3	3	3	1	0:00:02.652930
3720	2	2	2	1	0:00:02.652215
3740	0	0	0	1	0:00:02.653683
3760	7	7	4	1	0:00:02.655125
3780	4	3	2	0	0:00:02.655543
3800	9	3	3	0	0:00:02.652030
3820	0	2	2	0	0:00:02.653368
3840	6	3	3	0	0:00:02.652091
3860	7	7	7	1	0:00:02.662181
3880	6	4	4	0	0:00:02.651798
3900	3	6	6	0	0:00:02.652884
3920	7	9	5	0	0:00:02.653050
3940	6	5	4	0	0:00:02.660391
3960	2	2	2	1	0:00:02.652852
3980	9	7	7	0	0:00:02.654114
4000	8	7	0	0	0:00:02.653144
4020	8	9	8	0	0:00:02.653306
4040	0	0	0	1	0:00:02.652061
4060	6	5	3	0	0:00:02.654219
4080	1	1	8	1	0:00:02.653274
4100	7	7	7	1	0:00:02.660718
4120	4	4	8	1	0:00:02.653095
4140	5	5	3	1	0:00:02.654143
4160	5	2	2	0	0:00:02.652471
4180	0	8	8	0	0:00:02.658263
4200	4	2	2	0	0:00:02.652628
4220	4	0	0	0	0:00:02.653668
4240	7	0	8	0	0:00:02.652872
4260	8	8	8	1	0:00:02.653577
4280	8	1	1	0	0:00:02.654062
4300	8	8	8	1	0:00:02.654073
4320	1	8	8	0	0:00:02.652080
4340	0	0	0	1	0:00:02.653931
4360	6	9	9	0	0:00:02.652971
4380	9	8	8	0	0:00:02.655816
4400	3	4	4	0	0:00:02.652041
4420	5	5	7	1	0:00:02.653166
4440	2	-1	2	0	0:00:02.652437
4460	9	1	8	0	0:00:02.653402
4480	9	9	3	1	0:00:02.652744
4500	3	5	5	0	0:00:02.653600
4520	3	6	6	0	0:00:02.651672
4540	9	9	9	1	0:00:02.653465
4560	1	1	8	1	0:00:02.652453
4580	6	4	4	0	0:00:02.654501
4600	4	7	7	0	0:00:02.652090
4620	7	3	3	0	0:00:02.653411
4640	2	4	2	0	0:00:02.653713
4660	7	4	4	0	0:00:02.654035
4680	9	1	1	0	0:00:02.652774
4700	6	1	5	0	0:00:02.655134
4720	8	0	0	0	0:00:02.654847
4740	5	3	3	0	0:00:02.654167
4760	3	2	2	0	0:00:02.654162
4780	0	0	8	1	0:00:02.653722
4800	9	9	9	1	0:00:02.653498
4820	3	3	3	1	0:00:02.654983
4840	0	0	0	1	0:00:02.652320
4860	5	5	3	1	0:00:02.654227
4880	0	8	2	0	0:00:02.652709
4900	3	6	6	0	0:00:02.653369
4920	7	7	7	1	0:00:02.654323
4940	6	4	2	0	0:00:02.653310
4960	4	3	3	0	0:00:02.653698
4980	1	9	9	0	0:00:02.653438
5000	7	7	7	1	0:00:02.652762
5020	8	8	8	1	0:00:02.654200
5040	3	1	2	0	0:00:02.652019
5060	6	2	2	0	0:00:02.654015
5080	7	7	7	1	0:00:02.651905
5100	3	3	3	1	0:00:02.655140
5120	9	8	8	0	0:00:02.653720
5140	8	8	8	1	0:00:02.653461
5160	0	-1	8	0	0:00:02.651262
5180	9	7	4	0	0:00:02.656670
5200	3	3	3	1	0:00:02.652812
5220	0	0	0	1	0:00:02.653672
5240	1	9	9	0	0:00:02.652157
5260	0	0	0	1	0:00:02.654790
5280	0	9	9	0	0:00:02.651471
5300	9	1	1	0	0:00:02.654419
5320	7	7	7	1	0:00:02.652055
5340	3	4	4	0	0:00:02.655005
5360	9	9	3	1	0:00:02.653314
5380	1	9	9	0	0:00:02.655032
5400	9	9	9	1	0:00:02.653666
5420	6	-1	3	0	0:00:02.659945
5440	9	9	9	1	0:00:02.653075
5460	0	0	0	1	0:00:02.654030
5480	1	1	4	1	0:00:02.652365
5500	8	1	8	0	0:00:02.654830
5520	4	3	3	0	0:00:02.653641
5540	5	6	4	0	0:00:02.653848
5560	3	5	5	0	0:00:02.652759
5580	5	6	3	0	0:00:02.654598
5600	6	9	4	0	0:00:02.653324
5620	3	6	6	0	0:00:02.653371
5640	2	-1	2	0	0:00:02.653984
5660	9	8	8	0	0:00:02.652935
5680	2	3	3	0	0:00:02.658207
5700	3	5	5	0	0:00:02.656095
5720	9	9	9	1	0:00:02.652435
5740	6	4	6	0	0:00:02.653535
5760	2	0	0	0	0:00:02.651449
5780	7	7	7	1	0:00:02.653754
5800	2	4	4	0	0:00:02.652429
5820	5	3	3	0	0:00:02.667787
5840	2	2	5	1	0:00:02.652550
5860	0	1	8	0	0:00:02.654682
5880	0	0	8	1	0:00:02.651479
5900	4	0	0	0	0:00:02.654991
5920	8	8	8	1	0:00:02.652352
5940	7	4	4	0	0:00:02.654145
5960	2	6	6	0	0:00:02.652829
5980	9	9	2	1	0:00:02.653453
6000	8	9	8	0	0:00:02.652666
6020	6	6	6	1	0:00:02.655601
6040	2	7	7	0	0:00:02.654023
6060	3	4	2	0	0:00:02.661695
6080	1	9	9	0	0:00:02.657378
6100	1	1	8	1	0:00:02.664499
6120	5	5	5	1	0:00:02.654670
6140	9	9	1	1	0:00:02.653565
6160	2	5	5	0	0:00:02.652719
6180	0	8	0	0	0:00:02.658678
6200	3	9	3	0	0:00:02.661466
6220	2	5	5	0	0:00:02.656513
6240	2	1	2	0	0:00:02.652881
6260	2	9	6	0	0:00:02.654475
6280	8	5	5	0	0:00:02.652749
6300	1	1	2	1	0:00:02.654234
6320	0	4	0	0	0:00:02.656113
6340	3	3	3	1	0:00:02.654332
6360	2	-1	2	0	0:00:02.652834
6380	3	0	3	0	0:00:02.656215
6400	0	1	8	0	0:00:02.662356
6420	7	7	7	1	0:00:02.654781
6440	3	9	4	0	0:00:02.651875
6460	3	1	3	0	0:00:02.654663
6480	0	0	0	1	0:00:02.652385
6500	7	6	6	0	0:00:02.654394
6520	6	2	2	0	0:00:02.652592
6540	8	8	8	1	0:00:02.652347
6560	6	7	2	0	0:00:02.653375
6580	1	7	4	0	0:00:02.652784
6600	7	7	7	1	0:00:02.653811
6620	7	7	3	1	0:00:02.654062
6640	5	3	3	0	0:00:02.651251
6660	0	0	0	1	0:00:02.654568
6680	3	5	3	0	0:00:02.652487
6700	6	0	0	0	0:00:02.653990
6720	2	4	2	0	0:00:02.652718
6740	2	4	6	0	0:00:02.653639
6760	5	5	5	1	0:00:02.653786
6780	7	7	7	1	0:00:02.657982
6800	6	4	2	0	0:00:02.652705
6820	1	1	1	1	0:00:02.652987
6840	9	1	1	0	0:00:02.652395
6860	0	2	2	0	0:00:02.652704
6880	2	7	7	0	0:00:02.653000
6900	3	7	7	0	0:00:02.654348
6920	5	2	2	0	0:00:02.653600
6940	1	1	1	1	0:00:02.654727
6960	9	8	8	0	0:00:02.654120
6980	0	1	8	0	0:00:02.653224
7000	2	0	8	0	0:00:02.652580
7020	7	7	7	1	0:00:02.654947
7040	7	1	8	0	0:00:02.661907
7060	8	0	8	0	0:00:02.655150
7080	5	4	4	0	0:00:02.653405
7100	9	5	3	0	0:00:02.653928
7120	7	5	5	0	0:00:02.656065
7140	4	9	3	0	0:00:02.654137
7160	5	5	5	1	0:00:02.657031
7180	6	6	3	1	0:00:02.658918
7200	4	6	2	0	0:00:02.653026
7220	9	9	8	1	0:00:02.655897
7240	0	8	8	0	0:00:02.651866
7260	1	-1	8	0	0:00:02.653631
7280	1	9	9	0	0:00:02.652959
7300	3	4	4	0	0:00:02.661447
7320	8	0	0	0	0:00:02.651451
7340	2	4	4	0	0:00:02.656886
7360	2	7	4	0	0:00:02.652966
7380	7	7	2	1	0:00:02.654890
7400	3	5	3	0	0:00:02.653813
7420	3	4	2	0	0:00:02.653613
7440	3	-1	3	0	0:00:02.652458
7460	5	5	5	1	0:00:02.654029
7480	1	8	8	0	0:00:02.652349
7500	6	6	6	1	0:00:02.654223
7520	4	2	2	0	0:00:02.653750
7540	5	5	5	1	0:00:02.655919
7560	0	0	4	1	0:00:02.652650
7580	8	8	8	1	0:00:02.653332
7600	8	9	2	0	0:00:02.652540
7620	5	3	3	0	0:00:02.654182
7640	9	8	8	0	0:00:02.656822
7660	7	9	4	0	0:00:02.654725
7680	3	9	3	0	0:00:02.652333
7700	6	6	4	1	0:00:02.658091
7720	5	2	2	0	0:00:02.653285
7740	4	2	2	0	0:00:02.654146
7760	2	9	9	0	0:00:02.652693
7780	3	-1	8	0	0:00:02.653515
7800	0	0	8	1	0:00:02.650027
7820	5	9	9	0	0:00:02.653109
7840	1	1	1	1	0:00:02.653614
7860	8	-1	2	0	0:00:02.654177
7880	0	4	4	0	0:00:02.651426
7900	0	8	8	0	0:00:02.653683
7920	9	-1	2	0	0:00:02.654908
7940	2	6	4	0	0:00:02.653286
7960	0	0	8	1	0:00:02.651743
7980	3	4	3	0	0:00:02.653375
8000	9	9	8	1	0:00:02.651258
8020	6	3	3	0	0:00:02.653196
8040	2	2	2	1	0:00:02.651886
8060	6	6	5	1	0:00:02.655022
8080	4	6	2	0	0:00:02.652134
8100	6	2	2	0	0:00:02.655745
8120	8	9	9	0	0:00:02.651850
8140	5	4	4	0	0:00:02.660573
8160	6	6	6	1	0:00:02.652172
8180	4	2	4	0	0:00:02.653597
8200	3	4	4	0	0:00:02.655419
8220	6	7	7	0	0:00:02.654459
8240	7	7	7	1	0:00:02.653665
8260	1	1	1	1	0:00:02.654770
8280	4	5	5	0	0:00:02.653220
8300	5	2	2	0	0:00:02.655586
8320	7	4	3	0	0:00:02.652486
8340	5	3	3	0	0:00:02.654171
8360	7	7	7	1	0:00:02.652989
8380	9	9	9	1	0:00:02.653421
8400	0	8	8	0	0:00:02.652880
8420	3	6	6	0	0:00:02.653141
8440	5	3	3	0	0:00:02.652685
8460	8	8	8	1	0:00:02.653838
8480	2	2	4	1	0:00:02.656842
8500	4	4	4	1	0:00:02.653705
8520	8	1	8	0	0:00:02.660088
8540	4	2	2	0	0:00:02.672295
8560	7	7	7	1	0:00:02.673111
8580	3	2	2	0	0:00:02.655228
8600	3	2	4	0	0:00:02.662971
8620	3	4	4	0	0:00:02.654555
8640	1	1	8	1	0:00:02.655752
8660	7	7	7	1	0:00:02.663695
8680	3	7	8	0	0:00:02.690783
8700	3	7	3	0	0:00:02.656777
8720	2	0	0	0	0:00:02.674747
8740	2	-1	5	0	0:00:02.657402
8760	8	8	8	1	0:00:02.654559
8780	4	7	2	0	0:00:02.659618
8800	0	0	0	1	0:00:02.654904
8820	2	2	2	1	0:00:02.664380
8840	2	7	7	0	0:00:02.652205
8860	2	2	6	1	0:00:02.655682
8880	1	1	1	1	0:00:02.653267
8900	2	4	4	0	0:00:02.657645
8920	6	6	2	1	0:00:02.654583
8940	6	3	3	0	0:00:02.656861
8960	0	0	2	1	0:00:02.655756
8980	9	9	9	1	0:00:02.658248
9000	8	8	8	1	0:00:02.656436
9020	7	9	7	0	0:00:02.661698
9040	2	5	5	0	0:00:02.657748
9060	9	9	3	1	0:00:02.655603
9080	3	2	2	0	0:00:02.658356
9100	9	1	3	0	0:00:02.655643
9120	3	0	0	0	0:00:02.665579
9140	7	6	2	0	0:00:02.654268
9160	5	3	3	0	0:00:02.661056
9180	5	5	5	1	0:00:02.672362
9200	8	8	8	1	0:00:02.652462
9220	8	8	8	1	0:00:02.658159
9240	8	8	8	1	0:00:02.653759
9260	5	5	5	1	0:00:02.656351
9280	9	8	8	0	0:00:02.653198
9300	5	2	2	0	0:00:02.654940
9320	9	9	9	1	0:00:02.652885
9340	1	1	1	1	0:00:02.654302
9360	5	0	0	0	0:00:02.656055
9380	5	3	3	0	0:00:02.657003
9400	6	6	4	1	0:00:02.653310
9420	5	5	5	1	0:00:02.654488
9440	8	8	8	1	0:00:02.655743
9460	3	7	7	0	0:00:02.655029
9480	2	6	4	0	0:00:02.656243
9500	9	9	5	1	0:00:02.656205
9520	1	1	1	1	0:00:02.655745
9540	5	3	3	0	0:00:02.656414
9560	9	7	5	0	0:00:02.655268
9580	1	1	4	1	0:00:02.667213
9600	8	0	8	0	0:00:02.657597
9620	4	7	4	0	0:00:02.664358
9640	5	0	2	0	0:00:02.656211
9660	6	6	6	1	0:00:02.655462
9680	8	8	8	1	0:00:02.652599
9700	0	0	0	1	0:00:02.655612
9720	8	1	8	0	0:00:02.659907
9740	3	6	2	0	0:00:02.659385
9760	9	3	3	0	0:00:02.659467
9780	4	6	2	0	0:00:02.654067
9800	1	1	1	1	0:00:02.653026
9820	0	8	8	0	0:00:02.654125
9840	4	5	5	0	0:00:02.654322
9860	0	5	5	0	0:00:02.654072
9880	7	8	8	0	0:00:02.653060
9900	8	0	8	0	0:00:02.659148
9920	6	6	2	1	0:00:02.653854
9940	4	5	5	0	0:00:02.655075
9960	2	0	0	0	0:00:02.653358
9980	0	0	0	1	0:00:02.657337
