idx	label	predict	basePredict	correct	time
0	3	2	2	0	0:00:15.797684
20	7	1	9	0	0:00:15.695487
40	4	8	8	0	0:00:15.682395
60	7	2	4	0	0:00:15.695714
80	8	8	8	1	0:00:15.701619
100	4	3	3	0	0:00:15.694422
120	8	8	8	1	0:00:15.708976
140	6	2	2	0	0:00:15.693221
160	2	0	2	0	0:00:15.704653
180	0	0	8	1	0:00:15.682837
200	5	7	3	0	0:00:15.856950
220	7	7	7	1	0:00:15.721271
240	1	1	8	1	0:00:15.729272
260	8	3	3	0	0:00:15.719485
280	9	9	8	1	0:00:15.676185
300	6	7	4	0	0:00:15.687483
320	3	2	4	0	0:00:15.723666
340	2	4	4	0	0:00:15.690048
360	9	7	6	0	0:00:15.669952
380	6	4	4	0	0:00:15.729257
400	9	1	8	0	0:00:15.681873
420	4	6	6	0	0:00:15.777191
440	1	1	6	1	0:00:15.709285
460	5	3	3	0	0:00:15.706925
480	8	9	9	0	0:00:15.688037
500	4	6	6	0	0:00:15.669785
520	5	7	7	0	0:00:15.734373
540	1	8	8	0	0:00:15.710527
560	0	0	8	1	0:00:15.682544
580	4	6	4	0	0:00:15.693348
600	8	8	8	1	0:00:15.682234
620	7	6	4	0	0:00:15.673316
640	5	3	3	0	0:00:15.664030
660	9	9	9	1	0:00:15.728278
680	9	7	4	0	0:00:15.669604
700	7	0	4	0	0:00:15.679280
720	4	9	7	0	0:00:15.686522
740	2	5	3	0	0:00:15.687744
760	3	9	9	0	0:00:15.714042
780	9	1	0	0	0:00:15.678349
800	7	7	7	1	0:00:15.745258
820	6	1	8	0	0:00:15.703939
840	7	7	7	1	0:00:15.686735
860	4	4	4	1	0:00:15.679463
880	8	8	8	1	0:00:15.684984
900	2	6	4	0	0:00:15.684050
920	6	2	2	0	0:00:15.701279
940	9	1	9	0	0:00:15.692919
960	9	9	4	1	0:00:15.682939
980	2	6	6	0	0:00:15.689913
1000	5	5	5	1	0:00:14.992066
1020	1	8	8	0	0:00:14.993186
1040	7	5	5	0	0:00:14.981512
1060	9	9	8	1	0:00:14.996875
1080	6	6	6	1	0:00:14.975024
1100	7	8	8	0	0:00:14.978177
1120	5	2	2	0	0:00:14.997499
1140	6	4	4	0	0:00:14.983472
1160	8	0	0	0	0:00:14.968903
1180	3	3	8	1	0:00:14.964890
1200	8	0	0	0	0:00:14.970004
1220	9	6	6	0	0:00:14.968312
1240	2	6	6	0	0:00:14.955302
1260	1	9	9	0	0:00:14.957760
1280	3	7	7	0	0:00:15.025070
1300	4	3	3	0	0:00:14.975443
1320	7	2	2	0	0:00:14.977690
1340	1	1	8	1	0:00:14.972013
1360	7	7	4	1	0:00:14.972688
1380	4	5	5	0	0:00:14.970566
1400	5	6	2	0	0:00:14.974492
1420	4	7	7	0	0:00:14.989465
1440	0	8	8	0	0:00:14.969180
1460	6	6	4	1	0:00:14.976773
1480	1	5	5	0	0:00:14.974750
1500	1	9	9	0	0:00:14.970247
1520	7	6	2	0	0:00:15.014967
1540	8	8	8	1	0:00:15.004488
1560	7	7	7	1	0:00:14.978381
1580	6	1	1	0	0:00:14.978219
1600	8	9	6	0	0:00:15.027405
1620	5	8	8	0	0:00:14.972378
1640	7	5	3	0	0:00:14.963336
1660	3	5	4	0	0:00:14.969506
1680	6	6	6	1	0:00:14.960309
1700	5	2	2	0	0:00:14.989578
1720	4	2	2	0	0:00:14.987629
1740	1	9	9	0	0:00:14.965324
1760	0	8	8	0	0:00:14.966626
1780	7	9	8	0	0:00:14.986223
1800	4	8	8	0	0:00:15.004276
1820	8	9	8	0	0:00:14.978855
1840	8	7	4	0	0:00:14.974594
1860	8	8	8	1	0:00:14.985070
1880	1	8	8	0	0:00:15.001356
1900	8	8	8	1	0:00:14.978030
1920	2	5	2	0	0:00:14.970554
1940	5	3	3	0	0:00:14.966581
1960	2	5	5	0	0:00:14.981858
1980	9	9	4	1	0:00:14.975821
2000	1	6	6	0	0:00:14.972753
2020	9	9	9	1	0:00:15.074207
2040	0	8	8	0	0:00:15.072883
2060	5	5	3	1	0:00:15.012830
2080	1	9	4	0	0:00:14.975449
2100	2	4	4	0	0:00:14.970768
2120	4	8	8	0	0:00:14.966446
2140	9	9	1	1	0:00:14.962106
2160	0	8	8	0	0:00:14.978630
2180	4	4	4	1	0:00:15.030030
2200	0	2	2	0	0:00:15.000787
2220	1	1	4	1	0:00:14.976893
2240	9	9	8	1	0:00:14.979564
2260	4	7	4	0	0:00:14.980542
2280	4	8	8	0	0:00:14.982830
2300	3	2	4	0	0:00:14.973935
2320	5	8	8	0	0:00:14.980209
2340	7	7	7	1	0:00:14.988367
2360	7	5	3	0	0:00:14.972283
2380	8	0	8	0	0:00:14.974260
2400	0	0	4	1	0:00:15.045425
2420	8	5	5	0	0:00:14.975340
2440	7	1	8	0	0:00:14.971254
2460	9	3	3	0	0:00:14.974055
2480	8	8	8	1	0:00:14.969448
2500	4	6	2	0	0:00:14.969405
2520	1	9	8	0	0:00:14.977460
2540	2	3	3	0	0:00:14.974936
2560	7	6	4	0	0:00:14.969681
2580	6	4	4	0	0:00:14.976665
2600	8	8	8	1	0:00:14.978935
2620	1	4	4	0	0:00:14.973508
2640	7	7	6	1	0:00:14.984454
2660	3	2	2	0	0:00:14.972707
2680	0	0	0	1	0:00:14.984984
2700	9	7	0	0	0:00:15.009115
2720	3	2	2	0	0:00:14.981810
2740	1	1	7	1	0:00:14.974892
2760	2	4	4	0	0:00:14.967225
2780	7	7	6	1	0:00:14.971683
2800	4	6	6	0	0:00:14.971071
2820	6	6	4	1	0:00:14.977533
2840	3	3	3	1	0:00:15.034850
2860	5	7	4	0	0:00:14.972777
2880	4	4	4	1	0:00:14.979402
2900	3	2	2	0	0:00:14.982676
2920	2	5	5	0	0:00:14.972736
2940	3	0	0	0	0:00:14.985082
2960	9	7	8	0	0:00:14.986142
2980	8	1	8	0	0:00:14.976721
3000	5	5	5	1	0:00:14.981909
3020	1	1	8	1	0:00:15.005203
3040	7	7	7	1	0:00:14.968699
3060	7	7	7	1	0:00:14.972104
3080	1	7	4	0	0:00:14.976393
3100	0	0	0	1	0:00:14.970743
3120	4	6	2	0	0:00:14.969428
3140	8	8	8	1	0:00:14.987727
3160	6	4	4	0	0:00:14.973980
3180	3	-1	8	0	0:00:14.974889
3200	5	7	7	0	0:00:14.974594
3220	3	9	9	0	0:00:14.982347
3240	4	1	8	0	0:00:14.980500
3260	7	0	2	0	0:00:14.990552
3280	3	0	0	0	0:00:14.985173
3300	4	6	4	0	0:00:14.983768
3320	2	7	7	0	0:00:14.988505
3340	6	4	4	0	0:00:14.975396
3360	4	6	6	0	0:00:14.978174
3380	8	1	8	0	0:00:14.963401
3400	6	4	4	0	0:00:14.984712
3420	5	6	4	0	0:00:14.961669
3440	2	9	3	0	0:00:14.968282
3460	1	1	4	1	0:00:14.979018
3480	2	2	2	1	0:00:14.982562
3500	1	1	4	1	0:00:14.964149
3520	1	1	1	1	0:00:14.979832
3540	6	6	4	1	0:00:14.968374
3560	1	9	0	0	0:00:14.989449
3580	4	1	8	0	0:00:14.966989
3600	4	2	2	0	0:00:14.976244
3620	0	6	6	0	0:00:14.971073
3640	6	2	2	0	0:00:14.973220
3660	0	8	8	0	0:00:14.971471
3680	0	2	2	0	0:00:14.970478
3700	3	5	4	0	0:00:14.971175
3720	2	2	2	1	0:00:14.971456
3740	0	0	8	1	0:00:14.968271
3760	7	7	7	1	0:00:14.968704
3780	4	2	2	0	0:00:14.960880
3800	9	3	8	0	0:00:14.970954
3820	0	2	2	0	0:00:14.970718
3840	6	3	3	0	0:00:14.964075
3860	7	7	7	1	0:00:14.995479
3880	6	4	4	0	0:00:14.980036
3900	3	1	1	0	0:00:14.962629
3920	7	9	8	0	0:00:14.978253
3940	6	7	4	0	0:00:14.964694
3960	2	5	5	0	0:00:14.962047
3980	9	7	7	0	0:00:15.029945
4000	8	7	4	0	0:00:14.982720
4020	8	1	8	0	0:00:14.977812
4040	0	0	0	1	0:00:14.997926
4060	6	3	3	0	0:00:14.984191
4080	1	8	8	0	0:00:14.979457
4100	7	7	7	1	0:00:14.984768
4120	4	0	0	0	0:00:14.984561
4140	5	3	3	0	0:00:14.978928
4160	5	2	2	0	0:00:14.976751
4180	0	8	8	0	0:00:14.995901
4200	4	2	2	0	0:00:14.982018
4220	4	0	0	0	0:00:14.978995
4240	7	0	0	0	0:00:14.976299
4260	8	1	8	0	0:00:14.985358
4280	8	0	8	0	0:00:14.980046
4300	8	8	8	1	0:00:14.974270
4320	1	8	8	0	0:00:14.972136
4340	0	8	8	0	0:00:14.979347
4360	6	9	3	0	0:00:14.972456
4380	9	8	8	0	0:00:14.974484
4400	3	4	4	0	0:00:14.978844
4420	5	8	8	0	0:00:14.970195
4440	2	6	2	0	0:00:14.981867
4460	9	8	8	0	0:00:14.973793
4480	9	-1	6	0	0:00:14.991894
4500	3	6	6	0	0:00:15.004536
4520	3	6	6	0	0:00:14.990637
4540	9	9	1	1	0:00:14.975495
4560	1	1	4	1	0:00:14.991404
4580	6	4	4	0	0:00:14.979553
4600	4	7	4	0	0:00:14.988746
4620	7	3	3	0	0:00:14.986528
4640	2	3	4	0	0:00:14.975809
4660	7	4	2	0	0:00:14.972851
4680	9	1	1	0	0:00:14.974895
4700	6	1	4	0	0:00:14.973762
4720	8	0	0	0	0:00:14.975230
4740	5	3	4	0	0:00:14.966639
4760	3	1	4	0	0:00:14.959246
4780	0	0	8	1	0:00:14.973899
4800	9	9	9	1	0:00:14.978265
4820	3	5	5	0	0:00:14.959309
4840	0	0	0	1	0:00:14.979847
4860	5	3	3	0	0:00:14.979190
4880	0	2	2	0	0:00:14.975390
4900	3	6	6	0	0:00:14.973438
4920	7	7	2	1	0:00:14.986897
4940	6	4	2	0	0:00:14.971941
4960	4	3	3	0	0:00:14.977798
4980	1	9	0	0	0:00:14.987494
5000	7	7	7	1	0:00:14.992422
5020	8	1	8	0	0:00:14.993049
5040	3	7	4	0	0:00:14.967390
5060	6	2	4	0	0:00:14.976716
5080	7	7	7	1	0:00:14.999636
5100	3	3	3	1	0:00:14.990594
5120	9	8	8	0	0:00:14.980000
5140	8	8	8	1	0:00:14.974746
5160	0	8	8	0	0:00:14.973426
5180	9	6	4	0	0:00:14.965957
5200	3	3	3	1	0:00:14.966394
5220	0	0	0	1	0:00:14.965465
5240	1	9	2	0	0:00:14.978706
5260	0	0	0	1	0:00:14.977829
5280	0	8	8	0	0:00:15.007306
5300	9	1	1	0	0:00:14.989981
5320	7	3	3	0	0:00:14.999657
5340	3	4	4	0	0:00:14.977129
5360	9	9	3	1	0:00:14.987147
5380	1	9	9	0	0:00:14.979903
5400	9	0	8	0	0:00:14.994228
5420	6	5	6	0	0:00:14.969208
5440	9	9	9	1	0:00:14.977880
5460	0	7	7	0	0:00:14.975657
5480	1	1	8	1	0:00:14.983230
5500	8	1	8	0	0:00:14.969060
5520	4	3	3	0	0:00:14.971783
5540	5	6	2	0	0:00:14.968730
5560	3	6	4	0	0:00:14.987674
5580	5	6	6	0	0:00:14.981911
5600	6	0	0	0	0:00:14.967373
5620	3	2	2	0	0:00:14.971135
5640	2	5	3	0	0:00:14.983572
5660	9	0	8	0	0:00:14.969550
5680	2	1	8	0	0:00:14.978838
5700	3	2	2	0	0:00:14.979997
5720	9	9	9	1	0:00:14.982476
5740	6	4	4	0	0:00:14.980574
5760	2	0	2	0	0:00:14.985505
5780	7	7	4	1	0:00:14.977156
5800	2	6	4	0	0:00:14.980225
5820	5	6	6	0	0:00:14.975353
5840	2	6	6	0	0:00:14.974416
5860	0	8	8	0	0:00:14.973313
5880	0	8	8	0	0:00:14.997934
5900	4	3	4	0	0:00:14.981474
5920	8	8	8	1	0:00:14.974853
5940	7	4	4	0	0:00:14.969960
5960	2	6	4	0	0:00:14.981024
5980	9	9	6	1	0:00:14.959259
6000	8	9	8	0	0:00:14.970614
6020	6	7	6	0	0:00:14.975303
6040	2	7	7	0	0:00:14.991106
6060	3	4	4	0	0:00:14.965266
6080	1	9	6	0	0:00:14.961975
6100	1	1	8	1	0:00:14.975442
6120	5	3	5	0	0:00:14.988728
6140	9	9	7	1	0:00:15.011125
6160	2	5	5	0	0:00:14.996245
6180	0	9	8	0	0:00:14.976465
6200	3	9	3	0	0:00:14.974998
6220	2	6	6	0	0:00:14.970650
6240	2	1	4	0	0:00:14.970260
6260	2	9	8	0	0:00:14.970239
6280	8	5	4	0	0:00:14.996364
6300	1	7	4	0	0:00:14.970391
6320	0	0	0	1	0:00:14.988211
6340	3	3	3	1	0:00:14.982300
6360	2	6	2	0	0:00:14.982427
6380	3	1	6	0	0:00:14.997647
6400	0	1	4	0	0:00:14.976398
6420	7	8	8	0	0:00:14.969887
6440	3	9	8	0	0:00:14.998371
6460	3	1	4	0	0:00:14.975386
6480	0	2	2	0	0:00:14.998508
6500	7	0	8	0	0:00:14.995698
6520	6	4	4	0	0:00:14.984747
6540	8	8	8	1	0:00:14.967733
6560	6	6	4	1	0:00:14.971821
6580	1	2	2	0	0:00:14.968668
6600	7	7	7	1	0:00:14.988578
6620	7	7	7	1	0:00:15.006655
6640	5	8	8	0	0:00:14.973009
6660	0	0	8	1	0:00:14.977487
6680	3	5	5	0	0:00:14.978174
6700	6	1	4	0	0:00:14.971296
6720	2	4	2	0	0:00:14.976350
6740	2	6	4	0	0:00:14.977064
6760	5	3	6	0	0:00:14.995116
6780	7	7	7	1	0:00:14.974869
6800	6	2	4	0	0:00:14.974890
6820	1	1	8	1	0:00:14.974618
6840	9	1	1	0	0:00:14.973220
6860	0	2	2	0	0:00:15.084095
6880	2	7	4	0	0:00:15.000354
6900	3	7	4	0	0:00:14.975380
6920	5	2	2	0	0:00:15.002901
6940	1	1	1	1	0:00:15.011200
6960	9	8	8	0	0:00:14.982751
6980	0	1	8	0	0:00:14.967896
7000	2	8	8	0	0:00:14.986614
7020	7	1	8	0	0:00:14.975065
7040	7	8	8	0	0:00:14.971797
7060	8	0	8	0	0:00:14.977616
7080	5	4	4	0	0:00:14.987684
7100	9	3	3	0	0:00:14.975369
7120	7	5	6	0	0:00:14.978650
7140	4	1	4	0	0:00:14.971071
7160	5	4	4	0	0:00:14.987706
7180	6	6	6	1	0:00:14.974848
7200	4	6	2	0	0:00:14.980126
7220	9	9	8	1	0:00:14.985278
7240	0	8	8	0	0:00:15.000902
7260	1	8	8	0	0:00:14.977918
7280	1	6	6	0	0:00:14.980797
7300	3	7	4	0	0:00:14.980767
7320	8	0	0	0	0:00:14.992129
7340	2	4	4	0	0:00:15.030847
7360	2	7	4	0	0:00:15.001756
7380	7	9	7	0	0:00:14.979091
7400	3	3	3	1	0:00:14.989254
7420	3	0	0	0	0:00:14.993196
7440	3	6	2	0	0:00:14.971150
7460	5	5	5	1	0:00:14.981966
7480	1	8	5	0	0:00:14.998801
7500	6	6	6	1	0:00:14.977637
7520	4	6	4	0	0:00:14.977627
7540	5	5	5	1	0:00:14.992064
7560	0	6	2	0	0:00:14.986528
7580	8	0	8	0	0:00:14.975968
7600	8	9	8	0	0:00:14.988925
7620	5	1	4	0	0:00:15.003670
7640	9	9	6	1	0:00:14.986325
7660	7	9	4	0	0:00:14.970380
7680	3	9	3	0	0:00:14.972109
7700	6	6	4	1	0:00:14.976967
7720	5	2	4	0	0:00:14.970677
7740	4	6	2	0	0:00:14.971394
7760	2	9	6	0	0:00:14.967155
7780	3	1	8	0	0:00:14.981062
7800	0	0	8	1	0:00:14.989555
7820	5	8	8	0	0:00:14.981436
7840	1	1	1	1	0:00:14.969544
7860	8	7	4	0	0:00:14.968881
7880	0	0	0	1	0:00:14.972014
7900	0	8	8	0	0:00:14.963572
7920	9	8	8	0	0:00:14.969551
7940	2	6	6	0	0:00:14.970551
7960	0	0	3	1	0:00:14.974899
7980	3	7	4	0	0:00:14.968304
8000	9	9	8	1	0:00:14.961097
8020	6	3	3	0	0:00:14.971787
8040	2	6	4	0	0:00:15.009302
8060	6	4	4	0	0:00:14.971880
8080	4	6	6	0	0:00:14.963229
8100	6	2	2	0	0:00:14.974314
8120	8	9	8	0	0:00:14.976500
8140	5	4	4	0	0:00:14.982525
8160	6	9	6	0	0:00:14.973628
8180	4	4	4	1	0:00:14.976797
8200	3	6	4	0	0:00:14.981317
8220	6	2	2	0	0:00:14.985210
8240	7	7	4	1	0:00:14.995624
8260	1	3	3	0	0:00:14.971824
8280	4	5	3	0	0:00:14.989177
8300	5	2	2	0	0:00:14.987644
8320	7	3	4	0	0:00:14.974687
8340	5	3	4	0	0:00:14.959160
8360	7	7	4	1	0:00:14.997698
8380	9	8	8	0	0:00:14.977845
8400	0	8	8	0	0:00:14.976571
8420	3	4	4	0	0:00:14.986111
8440	5	3	4	0	0:00:14.980509
8460	8	8	8	1	0:00:14.979944
8480	2	1	8	0	0:00:14.965831
8500	4	2	2	0	0:00:14.958410
8520	8	4	4	0	0:00:14.991348
8540	4	6	2	0	0:00:14.969787
8560	7	4	4	0	0:00:14.974638
8580	3	0	2	0	0:00:14.978240
8600	3	2	4	0	0:00:14.981475
8620	3	1	4	0	0:00:14.973110
8640	1	1	8	1	0:00:14.979113
8660	7	5	5	0	0:00:14.973225
8680	3	9	8	0	0:00:14.999246
8700	3	3	3	1	0:00:14.976761
8720	2	0	0	0	0:00:14.988467
8740	2	6	4	0	0:00:14.985144
8760	8	8	5	1	0:00:14.998927
8780	4	7	2	0	0:00:14.982044
8800	0	0	0	1	0:00:14.977092
8820	2	3	3	0	0:00:14.976278
8840	2	1	1	0	0:00:14.979636
8860	2	6	6	0	0:00:14.978682
8880	1	9	6	0	0:00:14.963884
8900	2	6	4	0	0:00:14.968502
8920	6	6	4	1	0:00:14.978241
8940	6	3	3	0	0:00:14.999742
8960	0	0	0	1	0:00:14.983138
8980	9	9	8	1	0:00:14.979781
9000	8	8	8	1	0:00:14.996275
9020	7	9	8	0	0:00:14.983562
9040	2	5	5	0	0:00:14.974908
9060	9	5	5	0	0:00:14.969501
9080	3	0	0	0	0:00:14.988504
9100	9	6	6	0	0:00:14.968800
9120	3	0	0	0	0:00:14.977673
9140	7	-1	8	0	0:00:14.958266
9160	5	7	4	0	0:00:14.971232
9180	5	5	5	1	0:00:14.970084
9200	8	8	8	1	0:00:14.978263
9220	8	8	8	1	0:00:14.975762
9240	8	9	8	0	0:00:15.003201
9260	5	5	5	1	0:00:14.988264
9280	9	1	8	0	0:00:14.981013
9300	5	3	2	0	0:00:14.965773
9320	9	9	8	1	0:00:14.997389
9340	1	1	1	1	0:00:15.009184
9360	5	-1	4	0	0:00:14.982446
9380	5	9	3	0	0:00:14.986510
9400	6	4	4	0	0:00:14.991477
9420	5	6	6	0	0:00:14.979927
9440	8	8	8	1	0:00:14.987122
9460	3	7	6	0	0:00:14.967981
9480	2	4	4	0	0:00:15.100616
9500	9	1	4	0	0:00:14.985347
9520	1	1	1	1	0:00:14.981893
9540	5	3	4	0	0:00:14.970779
9560	9	7	7	0	0:00:14.985608
9580	1	4	4	0	0:00:14.977475
9600	8	8	8	1	0:00:14.979506
9620	4	7	4	0	0:00:14.974322
9640	5	0	6	0	0:00:14.978188
9660	6	6	6	1	0:00:15.024368
9680	8	8	8	1	0:00:14.981171
9700	0	2	2	0	0:00:14.981400
9720	8	1	6	0	0:00:14.994673
9740	3	4	4	0	0:00:14.985071
9760	9	7	4	0	0:00:14.971818
9780	4	6	6	0	0:00:14.984285
9800	1	1	1	1	0:00:14.990587
9820	0	8	8	0	0:00:15.000667
9840	4	5	5	0	0:00:14.978091
9860	0	5	8	0	0:00:14.983037
9880	7	4	4	0	0:00:14.982732
9900	8	0	6	0	0:00:14.995908
9920	6	4	2	0	0:00:14.981942
9940	4	-1	6	0	0:00:14.964135
9960	2	0	0	0	0:00:14.995214
9980	0	0	0	1	0:00:14.981658
