idx	label	predict	basePredict	correct	time
0	3	6	6	0	0:00:01.133142
20	7	9	9	0	0:00:01.080714
40	4	-1	8	0	0:00:01.061565
60	7	2	2	0	0:00:01.047814
80	8	8	8	1	0:00:01.093997
100	4	5	5	0	0:00:01.047005
120	8	8	8	1	0:00:01.049478
140	6	2	2	0	0:00:01.075592
160	2	0	0	0	0:00:01.069899
180	0	0	0	1	0:00:01.053579
200	5	3	3	0	0:00:01.071737
220	7	7	7	1	0:00:01.064784
240	1	1	1	1	0:00:01.052238
260	8	5	5	0	0:00:01.067163
280	9	9	9	1	0:00:01.061979
300	6	4	4	0	0:00:01.060290
320	3	4	2	0	0:00:01.054105
340	2	4	4	0	0:00:01.071756
360	9	6	6	0	0:00:01.044293
380	6	6	6	1	0:00:01.050663
400	9	9	9	1	0:00:01.037636
420	4	6	6	0	0:00:01.061996
440	1	1	2	1	0:00:01.050166
460	5	5	5	1	0:00:01.058772
480	8	9	9	0	0:00:01.039967
500	4	6	6	0	0:00:01.001066
520	5	-1	7	0	0:00:01.035955
540	1	8	8	0	0:00:01.076099
560	0	-1	8	0	0:00:01.036673
580	4	6	6	0	0:00:01.047438
600	8	-1	8	0	0:00:01.030772
620	7	6	6	0	0:00:01.036926
640	5	6	6	0	0:00:01.040593
660	9	9	9	1	0:00:01.044912
680	9	9	9	1	0:00:01.012514
700	7	7	7	1	0:00:00.999553
720	4	9	9	0	0:00:00.995992
740	2	5	5	0	0:00:01.006723
760	3	9	9	0	0:00:01.001810
780	9	-1	0	0	0:00:01.013141
800	7	7	7	1	0:00:01.003592
820	6	9	9	0	0:00:01.049498
840	7	7	7	1	0:00:01.041260
860	4	6	6	0	0:00:01.043628
880	8	8	8	1	0:00:01.048896
900	2	6	6	0	0:00:01.051781
920	6	2	2	0	0:00:01.045740
940	9	-1	6	0	0:00:01.022343
960	9	9	9	1	0:00:01.053223
980	2	6	6	0	0:00:01.037882
1000	5	5	5	1	0:00:00.935289
1020	1	8	8	0	0:00:00.936373
1040	7	5	5	0	0:00:00.932884
1060	9	-1	8	0	0:00:00.918909
1080	6	6	6	1	0:00:00.951601
1100	7	8	8	0	0:00:00.951440
1120	5	2	8	0	0:00:00.902027
1140	6	-1	6	0	0:00:00.914244
1160	8	0	0	0	0:00:00.927826
1180	3	9	9	0	0:00:00.936038
1200	8	0	0	0	0:00:00.933585
1220	9	-1	2	0	0:00:00.940823
1240	2	6	6	0	0:00:00.942091
1260	1	9	9	0	0:00:00.949524
1280	3	7	7	0	0:00:00.942421
1300	4	6	6	0	0:00:00.948376
1320	7	0	0	0	0:00:00.887731
1340	1	1	1	1	0:00:00.881447
1360	7	9	5	0	0:00:00.895075
1380	4	5	5	0	0:00:00.952480
1400	5	4	2	0	0:00:00.910213
1420	4	7	7	0	0:00:00.902694
1440	0	8	8	0	0:00:00.895820
1460	6	-1	6	0	0:00:00.904519
1480	1	-1	7	0	0:00:00.934879
1500	1	9	9	0	0:00:00.954362
1520	7	6	6	0	0:00:00.960480
1540	8	8	8	1	0:00:00.947381
1560	7	7	7	1	0:00:00.944330
1580	6	1	1	0	0:00:00.942092
1600	8	9	6	0	0:00:00.958342
1620	5	8	8	0	0:00:00.936671
1640	7	5	5	0	0:00:00.936672
1660	3	5	5	0	0:00:00.940964
1680	6	6	6	1	0:00:00.948386
1700	5	2	2	0	0:00:00.927910
1720	4	0	0	0	0:00:00.950362
1740	1	9	9	0	0:00:00.947131
1760	0	8	8	0	0:00:00.951120
1780	7	8	8	0	0:00:00.961868
1800	4	8	8	0	0:00:00.967429
1820	8	9	9	0	0:00:00.920715
1840	8	7	7	0	0:00:00.945488
1860	8	8	8	1	0:00:00.920063
1880	1	-1	8	0	0:00:00.936487
1900	8	8	8	1	0:00:00.958656
1920	2	7	4	0	0:00:00.952192
1940	5	2	2	0	0:00:00.944760
1960	2	5	5	0	0:00:00.945972
1980	9	9	9	1	0:00:00.967779
2000	1	6	6	0	0:00:00.941394
2020	9	9	9	1	0:00:00.934478
2040	0	8	8	0	0:00:00.941590
2060	5	5	5	1	0:00:00.914162
2080	1	-1	6	0	0:00:00.960145
2100	2	4	4	0	0:00:00.917682
2120	4	8	8	0	0:00:00.945490
2140	9	-1	1	0	0:00:00.939173
2160	0	8	8	0	0:00:00.959406
2180	4	6	6	0	0:00:00.961986
2200	0	0	0	1	0:00:00.960124
2220	1	1	1	1	0:00:00.951302
2240	9	9	9	1	0:00:00.957410
2260	4	1	4	0	0:00:00.962044
2280	4	8	8	0	0:00:00.952099
2300	3	6	6	0	0:00:00.951144
2320	5	8	8	0	0:00:00.941225
2340	7	-1	7	0	0:00:00.969152
2360	7	7	7	1	0:00:00.961117
2380	8	8	8	1	0:00:00.966790
2400	0	0	0	1	0:00:00.965017
2420	8	-1	5	0	0:00:00.961402
2440	7	1	1	0	0:00:00.944089
2460	9	-1	6	0	0:00:00.947143
2480	8	8	8	1	0:00:00.919779
2500	4	6	4	0	0:00:00.930615
2520	1	8	8	0	0:00:00.955590
2540	2	3	3	0	0:00:00.939767
2560	7	-1	4	0	0:00:00.952115
2580	6	4	4	0	0:00:00.945602
2600	8	8	8	1	0:00:00.905725
2620	1	6	6	0	0:00:00.981334
2640	7	7	7	1	0:00:00.946311
2660	3	0	0	0	0:00:00.957445
2680	0	0	0	1	0:00:00.961108
2700	9	9	0	1	0:00:00.953366
2720	3	8	8	0	0:00:00.962858
2740	1	1	1	1	0:00:00.953249
2760	2	6	6	0	0:00:00.945889
2780	7	7	7	1	0:00:00.966786
2800	4	6	6	0	0:00:00.952051
2820	6	6	6	1	0:00:00.951303
2840	3	3	3	1	0:00:00.965951
2860	5	7	7	0	0:00:00.938713
2880	4	4	4	1	0:00:00.936989
2900	3	5	5	0	0:00:00.962779
2920	2	-1	8	0	0:00:00.959508
2940	3	8	8	0	0:00:00.945080
2960	9	7	7	0	0:00:00.952373
2980	8	1	1	0	0:00:00.945864
3000	5	5	5	1	0:00:00.943594
3020	1	1	1	1	0:00:00.962656
3040	7	7	7	1	0:00:00.959784
3060	7	7	7	1	0:00:00.941653
3080	1	2	2	0	0:00:00.950864
3100	0	0	0	1	0:00:00.955158
3120	4	6	6	0	0:00:00.928093
3140	8	8	8	1	0:00:00.950994
3160	6	4	4	0	0:00:00.931155
3180	3	9	8	0	0:00:00.947764
3200	5	-1	7	0	0:00:00.933585
3220	3	9	9	0	0:00:00.939448
3240	4	1	8	0	0:00:00.963198
3260	7	0	0	0	0:00:00.975888
3280	3	0	0	0	0:00:00.947742
3300	4	-1	4	0	0:00:00.965842
3320	2	7	7	0	0:00:00.920640
3340	6	4	4	0	0:00:00.958083
3360	4	6	6	0	0:00:00.962354
3380	8	9	8	0	0:00:00.932201
3400	6	4	4	0	0:00:00.955378
3420	5	6	6	0	0:00:00.947930
3440	2	9	9	0	0:00:00.957978
3460	1	1	4	1	0:00:00.969628
3480	2	2	2	1	0:00:00.960354
3500	1	-1	4	0	0:00:00.954697
3520	1	1	1	1	0:00:00.948327
3540	6	8	8	0	0:00:00.944016
3560	1	9	9	0	0:00:00.935524
3580	4	1	1	0	0:00:00.944394
3600	4	2	2	0	0:00:00.931074
3620	0	-1	6	0	0:00:00.963931
3640	6	2	2	0	0:00:00.944960
3660	0	8	8	0	0:00:00.942935
3680	0	-1	2	0	0:00:00.964006
3700	3	-1	4	0	0:00:00.963275
3720	2	2	2	1	0:00:00.932356
3740	0	0	0	1	0:00:00.970577
3760	7	7	7	1	0:00:00.967817
3780	4	-1	2	0	0:00:00.959402
3800	9	-1	3	0	0:00:00.930556
3820	0	0	0	1	0:00:00.946373
3840	6	8	8	0	0:00:00.949111
3860	7	7	7	1	0:00:00.943618
3880	6	4	4	0	0:00:00.962367
3900	3	0	0	0	0:00:00.950778
3920	7	8	8	0	0:00:00.967757
3940	6	-1	6	0	0:00:00.941350
3960	2	5	5	0	0:00:00.946275
3980	9	7	7	0	0:00:00.932188
4000	8	7	7	0	0:00:00.956369
4020	8	9	8	0	0:00:00.938754
4040	0	-1	0	0	0:00:00.926300
4060	6	0	0	0	0:00:00.951866
4080	1	8	8	0	0:00:00.937672
4100	7	7	7	1	0:00:00.931450
4120	4	0	0	0	0:00:00.953954
4140	5	2	2	0	0:00:00.974483
4160	5	-1	6	0	0:00:00.948808
4180	0	-1	8	0	0:00:00.957986
4200	4	2	2	0	0:00:00.953605
4220	4	0	0	0	0:00:00.963331
4240	7	8	8	0	0:00:00.934278
4260	8	-1	8	0	0:00:00.927268
4280	8	-1	8	0	0:00:00.928683
4300	8	8	8	1	0:00:00.944293
4320	1	8	8	0	0:00:00.925437
4340	0	-1	0	0	0:00:00.943695
4360	6	9	9	0	0:00:00.952216
4380	9	9	9	1	0:00:00.938886
4400	3	8	8	0	0:00:00.938993
4420	5	8	8	0	0:00:00.963153
4440	2	6	6	0	0:00:00.913930
4460	9	8	8	0	0:00:00.955697
4480	9	6	6	0	0:00:00.945424
4500	3	7	7	0	0:00:00.921834
4520	3	6	6	0	0:00:00.949600
4540	9	9	9	1	0:00:00.958340
4560	1	-1	6	0	0:00:00.950292
4580	6	6	6	1	0:00:00.966479
4600	4	7	7	0	0:00:00.948163
4620	7	3	3	0	0:00:00.956221
4640	2	5	5	0	0:00:00.940163
4660	7	2	2	0	0:00:00.958847
4680	9	1	1	0	0:00:00.963636
4700	6	1	1	0	0:00:00.975617
4720	8	0	0	0	0:00:00.985353
4740	5	6	6	0	0:00:00.952128
4760	3	2	2	0	0:00:00.952870
4780	0	8	0	0	0:00:00.947320
4800	9	9	9	1	0:00:00.964232
4820	3	5	5	0	0:00:00.948050
4840	0	0	0	1	0:00:00.953699
4860	5	5	5	1	0:00:00.954683
4880	0	2	2	0	0:00:00.950223
4900	3	1	1	0	0:00:00.961186
4920	7	0	0	0	0:00:00.953653
4940	6	4	2	0	0:00:00.959470
4960	4	6	6	0	0:00:00.956624
4980	1	9	9	0	0:00:00.955014
5000	7	7	7	1	0:00:00.959982
5020	8	1	1	0	0:00:00.951738
5040	3	7	7	0	0:00:00.959928
5060	6	6	6	1	0:00:00.956886
5080	7	7	7	1	0:00:00.940962
5100	3	4	4	0	0:00:00.946393
5120	9	8	8	0	0:00:00.951600
5140	8	8	8	1	0:00:00.955062
5160	0	8	8	0	0:00:00.963331
5180	9	6	6	0	0:00:00.972800
5200	3	3	3	1	0:00:00.959689
5220	0	0	0	1	0:00:00.957783
5240	1	-1	3	0	0:00:00.971773
5260	0	0	0	1	0:00:00.936768
5280	0	8	8	0	0:00:00.893898
5300	9	1	1	0	0:00:00.891973
5320	7	7	7	1	0:00:00.909591
5340	3	4	4	0	0:00:00.913130
5360	9	9	9	1	0:00:00.962930
5380	1	9	9	0	0:00:00.940496
5400	9	0	8	0	0:00:00.929840
5420	6	-1	5	0	0:00:00.937979
5440	9	9	9	1	0:00:00.965112
5460	0	7	7	0	0:00:00.959044
5480	1	-1	8	0	0:00:00.973889
5500	8	1	1	0	0:00:00.956292
5520	4	5	5	0	0:00:00.965109
5540	5	6	2	0	0:00:00.959972
5560	3	6	6	0	0:00:00.959527
5580	5	6	6	0	0:00:00.955873
5600	6	8	8	0	0:00:00.951057
5620	3	2	2	0	0:00:00.958771
5640	2	3	3	0	0:00:00.973131
5660	9	9	8	1	0:00:00.949002
5680	2	8	8	0	0:00:00.961131
5700	3	-1	6	0	0:00:00.948634
5720	9	9	9	1	0:00:00.942580
5740	6	6	6	1	0:00:00.945424
5760	2	-1	2	0	0:00:00.972536
5780	7	7	7	1	0:00:00.943406
5800	2	6	6	0	0:00:00.946785
5820	5	6	6	0	0:00:00.946223
5840	2	6	6	0	0:00:00.946449
5860	0	8	8	0	0:00:00.953437
5880	0	8	8	0	0:00:00.963128
5900	4	5	5	0	0:00:00.957922
5920	8	8	8	1	0:00:00.952601
5940	7	4	4	0	0:00:00.938187
5960	2	7	7	0	0:00:00.953689
5980	9	9	9	1	0:00:00.953959
6000	8	9	9	0	0:00:00.974131
6020	6	-1	7	0	0:00:00.944987
6040	2	7	7	0	0:00:00.957633
6060	3	4	4	0	0:00:00.939822
6080	1	-1	6	0	0:00:00.946785
6100	1	-1	8	0	0:00:00.950332
6120	5	5	5	1	0:00:00.954041
6140	9	9	9	1	0:00:00.935539
6160	2	-1	5	0	0:00:00.938864
6180	0	-1	8	0	0:00:00.955272
6200	3	-1	0	0	0:00:00.950209
6220	2	6	6	0	0:00:00.950291
6240	2	1	1	0	0:00:00.937385
6260	2	9	9	0	0:00:00.942719
6280	8	5	5	0	0:00:00.949406
6300	1	7	7	0	0:00:00.943439
6320	0	0	0	1	0:00:00.942196
6340	3	-1	8	0	0:00:00.933729
6360	2	6	2	0	0:00:00.951834
6380	3	1	1	0	0:00:00.947821
6400	0	1	1	0	0:00:00.932012
6420	7	-1	8	0	0:00:00.951277
6440	3	8	8	0	0:00:00.954135
6460	3	1	1	0	0:00:00.944612
6480	0	-1	0	0	0:00:00.952489
6500	7	0	0	0	0:00:00.938699
6520	6	4	4	0	0:00:00.952752
6540	8	8	8	1	0:00:00.937603
6560	6	6	6	1	0:00:00.953574
6580	1	-1	2	0	0:00:00.942360
6600	7	7	7	1	0:00:00.951571
6620	7	-1	4	0	0:00:00.960856
6640	5	8	8	0	0:00:00.948390
6660	0	8	8	0	0:00:00.942343
6680	3	5	5	0	0:00:00.929824
6700	6	6	6	1	0:00:00.933998
6720	2	2	2	1	0:00:00.934253
6740	2	6	6	0	0:00:00.944587
6760	5	2	2	0	0:00:00.934011
6780	7	7	7	1	0:00:00.936674
6800	6	6	6	1	0:00:00.934808
6820	1	1	1	1	0:00:00.936101
6840	9	1	1	0	0:00:00.940391
6860	0	0	0	1	0:00:00.928295
6880	2	7	4	0	0:00:00.932648
6900	3	7	7	0	0:00:00.938961
6920	5	2	2	0	0:00:00.937402
6940	1	1	1	1	0:00:00.933290
6960	9	8	8	0	0:00:00.938005
6980	0	9	9	0	0:00:00.935587
7000	2	8	8	0	0:00:00.938349
7020	7	1	1	0	0:00:00.935757
7040	7	8	8	0	0:00:00.931468
7060	8	-1	8	0	0:00:00.934064
7080	5	4	0	0	0:00:00.942760
7100	9	3	3	0	0:00:00.934278
7120	7	-1	6	0	0:00:00.936770
7140	4	4	4	1	0:00:00.934806
7160	5	4	4	0	0:00:00.934803
7180	6	6	6	1	0:00:00.945693
7200	4	6	6	0	0:00:00.934270
7220	9	8	8	0	0:00:00.937729
7240	0	8	8	0	0:00:00.938047
7260	1	8	8	0	0:00:00.949363
7280	1	6	6	0	0:00:00.933630
7300	3	7	7	0	0:00:00.926164
7320	8	0	0	0	0:00:00.924515
7340	2	4	4	0	0:00:00.940214
7360	2	7	7	0	0:00:00.940946
7380	7	-1	7	0	0:00:00.939782
7400	3	9	9	0	0:00:00.955981
7420	3	0	0	0	0:00:00.942401
7440	3	6	6	0	0:00:00.939974
7460	5	5	5	1	0:00:00.944031
7480	1	5	5	0	0:00:00.939717
7500	6	6	6	1	0:00:00.939004
7520	4	6	6	0	0:00:00.943409
7540	5	5	5	1	0:00:00.947769
7560	0	-1	2	0	0:00:00.949352
7580	8	8	8	1	0:00:00.954366
7600	8	9	9	0	0:00:00.940158
7620	5	-1	1	0	0:00:00.963406
7640	9	-1	8	0	0:00:00.943858
7660	7	9	9	0	0:00:00.944076
7680	3	9	9	0	0:00:00.952601
7700	6	6	6	1	0:00:00.938115
7720	5	6	6	0	0:00:00.973067
7740	4	6	2	0	0:00:00.924442
7760	2	9	9	0	0:00:00.942061
7780	3	8	8	0	0:00:00.936106
7800	0	0	0	1	0:00:00.924574
7820	5	8	8	0	0:00:00.916705
7840	1	1	1	1	0:00:00.945016
7860	8	4	4	0	0:00:00.942284
7880	0	8	8	0	0:00:00.937399
7900	0	8	8	0	0:00:00.944043
7920	9	8	8	0	0:00:00.960545
7940	2	6	6	0	0:00:00.940621
7960	0	0	0	1	0:00:00.934621
7980	3	7	4	0	0:00:00.936108
8000	9	9	8	1	0:00:00.940167
8020	6	6	6	1	0:00:00.932067
8040	2	6	6	0	0:00:00.936343
8060	6	-1	4	0	0:00:00.942043
8080	4	6	6	0	0:00:00.936939
8100	6	2	2	0	0:00:00.926232
8120	8	9	9	0	0:00:00.919093
8140	5	6	6	0	0:00:00.918039
8160	6	9	9	0	0:00:00.934217
8180	4	6	6	0	0:00:00.926926
8200	3	-1	6	0	0:00:00.941889
8220	6	7	2	0	0:00:00.943232
8240	7	7	7	1	0:00:00.950018
8260	1	1	1	1	0:00:00.948612
8280	4	1	1	0	0:00:00.970932
8300	5	2	2	0	0:00:00.906482
8320	7	4	4	0	0:00:00.940871
8340	5	4	4	0	0:00:00.954974
8360	7	-1	6	0	0:00:00.950239
8380	9	8	8	0	0:00:00.952219
8400	0	8	8	0	0:00:00.967021
8420	3	6	4	0	0:00:00.968024
8440	5	9	9	0	0:00:00.941770
8460	8	8	8	1	0:00:00.927701
8480	2	1	1	0	0:00:00.936496
8500	4	2	2	0	0:00:00.951311
8520	8	6	6	0	0:00:00.949405
8540	4	6	4	0	0:00:00.918728
8560	7	7	7	1	0:00:00.927667
8580	3	0	0	0	0:00:00.947265
8600	3	7	7	0	0:00:00.899150
8620	3	1	4	0	0:00:00.949089
8640	1	1	1	1	0:00:00.922298
8660	7	5	5	0	0:00:00.930372
8680	3	9	9	0	0:00:00.964183
8700	3	5	5	0	0:00:00.964504
8720	2	0	0	0	0:00:00.961536
8740	2	6	6	0	0:00:00.955527
8760	8	8	8	1	0:00:00.944133
8780	4	4	4	1	0:00:00.935936
8800	0	0	0	1	0:00:00.908524
8820	2	-1	2	0	0:00:00.927283
8840	2	1	1	0	0:00:00.935614
8860	2	0	0	0	0:00:00.928648
8880	1	6	6	0	0:00:00.923826
8900	2	1	6	0	0:00:00.967076
8920	6	6	6	1	0:00:00.941545
8940	6	3	3	0	0:00:00.977163
8960	0	0	0	1	0:00:00.949382
8980	9	9	9	1	0:00:00.967543
9000	8	8	8	1	0:00:00.975921
9020	7	9	9	0	0:00:00.936278
9040	2	5	5	0	0:00:00.931880
9060	9	5	5	0	0:00:00.956944
9080	3	0	0	0	0:00:00.954010
9100	9	6	6	0	0:00:00.953758
9120	3	0	0	0	0:00:00.934970
9140	7	8	8	0	0:00:00.944805
9160	5	-1	5	0	0:00:00.954948
9180	5	5	5	1	0:00:00.959271
9200	8	8	8	1	0:00:00.930810
9220	8	8	8	1	0:00:00.964704
9240	8	8	8	1	0:00:00.960221
9260	5	5	5	1	0:00:00.947604
9280	9	0	0	0	0:00:00.968462
9300	5	-1	6	0	0:00:00.959742
9320	9	-1	8	0	0:00:00.972481
9340	1	1	1	1	0:00:00.956864
9360	5	-1	0	0	0:00:00.987227
9380	5	-1	5	0	0:00:00.947275
9400	6	6	4	1	0:00:00.958670
9420	5	6	6	0	0:00:00.970447
9440	8	8	8	1	0:00:00.956407
9460	3	9	7	0	0:00:00.948928
9480	2	-1	6	0	0:00:00.941564
9500	9	-1	6	0	0:00:00.960768
9520	1	9	9	0	0:00:00.942769
9540	5	4	4	0	0:00:00.955395
9560	9	7	7	0	0:00:00.943156
9580	1	4	4	0	0:00:00.969578
9600	8	8	8	1	0:00:00.940320
9620	4	7	7	0	0:00:00.967752
9640	5	6	6	0	0:00:00.922681
9660	6	6	6	1	0:00:00.931417
9680	8	9	9	0	0:00:00.935368
9700	0	0	0	1	0:00:00.928967
9720	8	6	6	0	0:00:00.952008
9740	3	6	6	0	0:00:00.953557
9760	9	9	9	1	0:00:00.959249
9780	4	6	6	0	0:00:00.963862
9800	1	1	1	1	0:00:00.957792
9820	0	9	8	0	0:00:00.934705
9840	4	3	3	0	0:00:00.964396
9860	0	2	2	0	0:00:00.950197
9880	7	-1	4	0	0:00:00.953687
9900	8	0	0	0	0:00:00.959760
9920	6	6	6	1	0:00:01.005663
9940	4	7	7	0	0:00:00.965599
9960	2	0	0	0	0:00:00.922562
9980	0	0	0	1	0:00:00.930193
