idx	label	predict	basePredict	correct	time
0	3	3	3	1	0:00:02.563650
20	7	7	5	1	0:00:02.507418
40	4	4	4	1	0:00:02.509019
60	7	7	7	1	0:00:02.488917
80	8	8	8	1	0:00:02.498248
100	4	5	5	0	0:00:02.496316
120	8	8	8	1	0:00:02.507338
140	6	6	2	1	0:00:02.505625
160	2	2	2	1	0:00:02.505713
180	0	0	0	1	0:00:02.525817
200	5	5	5	1	0:00:02.491940
220	7	7	5	1	0:00:02.493806
240	1	1	1	1	0:00:02.494508
260	8	8	8	1	0:00:02.490878
280	9	9	9	1	0:00:02.501103
300	6	6	6	1	0:00:02.487793
320	3	3	5	1	0:00:02.501365
340	2	4	4	0	0:00:02.497724
360	9	9	5	1	0:00:02.487220
380	6	6	2	1	0:00:02.525038
400	9	9	9	1	0:00:02.494217
420	4	4	4	1	0:00:02.537386
440	1	1	1	1	0:00:02.553939
460	5	5	5	1	0:00:02.485725
480	8	9	8	0	0:00:02.564262
500	4	3	3	0	0:00:02.575438
520	5	5	5	1	0:00:02.612808
540	1	1	1	1	0:00:02.510039
560	0	0	0	1	0:00:02.486447
580	4	4	4	1	0:00:02.625461
600	8	8	8	1	0:00:02.499278
620	7	7	7	1	0:00:02.498362
640	5	3	3	0	0:00:02.499881
660	9	9	8	1	0:00:02.495771
680	9	9	9	1	0:00:02.596083
700	7	7	7	1	0:00:02.509789
720	4	4	4	1	0:00:02.497651
740	2	5	5	0	0:00:02.500111
760	3	3	3	1	0:00:02.489837
780	9	9	9	1	0:00:02.518019
800	7	7	7	1	0:00:03.010788
820	6	6	6	1	0:00:02.497523
840	7	7	7	1	0:00:02.499339
860	4	4	4	1	0:00:02.493954
880	8	8	8	1	0:00:02.501568
900	2	6	5	0	0:00:02.497216
920	6	6	4	1	0:00:02.494568
940	9	9	9	1	0:00:02.497395
960	9	9	3	1	0:00:02.486484
980	2	2	2	1	0:00:02.503863
1000	5	5	5	1	0:00:01.804261
1020	1	1	1	1	0:00:01.806369
1040	7	5	3	0	0:00:01.807346
1060	9	9	9	1	0:00:01.811484
1080	6	6	6	1	0:00:01.810218
1100	7	0	8	0	0:00:01.806198
1120	5	2	2	0	0:00:01.816944
1140	6	6	6	1	0:00:01.800594
1160	8	8	8	1	0:00:01.803888
1180	3	3	3	1	0:00:01.803931
1200	8	8	8	1	0:00:01.800251
1220	9	6	3	0	0:00:01.807917
1240	2	6	2	0	0:00:01.800144
1260	1	-1	1	0	0:00:01.805539
1280	3	3	3	1	0:00:01.801928
1300	4	3	3	0	0:00:01.807321
1320	7	7	7	1	0:00:01.806500
1340	1	1	1	1	0:00:01.805146
1360	7	7	7	1	0:00:01.806096
1380	4	4	4	1	0:00:01.827062
1400	5	3	5	0	0:00:01.809024
1420	4	4	4	1	0:00:01.810573
1440	0	0	0	1	0:00:01.814379
1460	6	6	6	1	0:00:01.813242
1480	1	1	1	1	0:00:01.801773
1500	1	1	1	1	0:00:01.799816
1520	7	7	7	1	0:00:01.808253
1540	8	8	8	1	0:00:01.805083
1560	7	7	7	1	0:00:01.809909
1580	6	3	3	0	0:00:01.802341
1600	8	9	8	0	0:00:01.802220
1620	5	3	2	0	0:00:01.806681
1640	7	3	3	0	0:00:01.805262
1660	3	3	3	1	0:00:01.806497
1680	6	6	3	1	0:00:01.803273
1700	5	5	5	1	0:00:01.803705
1720	4	4	4	1	0:00:01.804556
1740	1	1	1	1	0:00:01.804781
1760	0	0	0	1	0:00:01.808326
1780	7	7	4	1	0:00:01.806831
1800	4	4	4	1	0:00:01.803869
1820	8	8	8	1	0:00:01.805776
1840	8	4	2	0	0:00:01.806605
1860	8	8	8	1	0:00:01.807751
1880	1	1	1	1	0:00:01.803158
1900	8	8	8	1	0:00:01.804738
1920	2	2	2	1	0:00:01.804161
1940	5	5	2	1	0:00:01.802538
1960	2	-1	2	0	0:00:01.799698
1980	9	9	9	1	0:00:01.804850
2000	1	1	1	1	0:00:01.804791
2020	9	9	9	1	0:00:01.803621
2040	0	0	0	1	0:00:01.805488
2060	5	3	3	0	0:00:01.822039
2080	1	9	9	0	0:00:01.820630
2100	2	2	2	1	0:00:01.822062
2120	4	8	8	0	0:00:01.806334
2140	9	9	9	1	0:00:01.805733
2160	0	0	0	1	0:00:01.802274
2180	4	4	4	1	0:00:01.801321
2200	0	0	0	1	0:00:01.802473
2220	1	1	1	1	0:00:01.806526
2240	9	9	9	1	0:00:01.801331
2260	4	4	4	1	0:00:01.806128
2280	4	4	4	1	0:00:01.800997
2300	3	3	3	1	0:00:01.800201
2320	5	2	2	0	0:00:01.807747
2340	7	7	7	1	0:00:01.803786
2360	7	-1	5	0	0:00:01.805350
2380	8	8	8	1	0:00:01.805835
2400	0	0	0	1	0:00:01.806561
2420	8	8	8	1	0:00:01.802471
2440	7	7	7	1	0:00:01.814395
2460	9	9	4	1	0:00:01.803874
2480	8	8	8	1	0:00:01.801385
2500	4	4	4	1	0:00:01.807420
2520	1	1	8	1	0:00:01.800272
2540	2	6	2	0	0:00:01.801915
2560	7	7	5	1	0:00:01.800336
2580	6	5	5	0	0:00:01.804200
2600	8	8	8	1	0:00:01.807181
2620	1	1	1	1	0:00:01.801241
2640	7	7	7	1	0:00:01.800000
2660	3	-1	2	0	0:00:01.801401
2680	0	0	0	1	0:00:01.802611
2700	9	-1	1	0	0:00:01.813652
2720	3	3	3	1	0:00:01.816204
2740	1	1	2	1	0:00:01.821984
2760	2	2	2	1	0:00:01.811487
2780	7	7	7	1	0:00:01.810157
2800	4	4	4	1	0:00:01.800303
2820	6	6	6	1	0:00:01.798605
2840	3	3	3	1	0:00:01.804787
2860	5	4	4	0	0:00:01.807492
2880	4	4	4	1	0:00:01.804090
2900	3	7	2	0	0:00:01.816257
2920	2	3	2	0	0:00:01.800426
2940	3	0	0	0	0:00:01.801044
2960	9	0	0	0	0:00:01.801125
2980	8	8	8	1	0:00:01.800894
3000	5	5	5	1	0:00:01.802347
3020	1	1	1	1	0:00:01.798604
3040	7	7	7	1	0:00:01.801280
3060	7	7	7	1	0:00:01.804104
3080	1	1	9	1	0:00:01.813191
3100	0	0	0	1	0:00:01.806246
3120	4	4	3	1	0:00:01.812897
3140	8	8	8	1	0:00:01.802257
3160	6	2	2	0	0:00:01.807524
3180	3	3	3	1	0:00:01.808384
3200	5	5	5	1	0:00:01.802047
3220	3	9	3	0	0:00:01.824586
3240	4	0	0	0	0:00:01.804447
3260	7	7	7	1	0:00:01.806049
3280	3	5	5	0	0:00:01.800014
3300	4	4	4	1	0:00:01.807657
3320	2	7	7	0	0:00:01.807341
3340	6	6	0	1	0:00:01.800609
3360	4	4	4	1	0:00:01.804763
3380	8	8	8	1	0:00:01.804224
3400	6	4	4	0	0:00:01.804560
3420	5	5	3	1	0:00:01.810596
3440	2	3	3	0	0:00:01.804755
3460	1	1	1	1	0:00:01.807236
3480	2	2	2	1	0:00:01.807969
3500	1	1	1	1	0:00:01.808749
3520	1	1	1	1	0:00:01.804082
3540	6	6	3	1	0:00:01.805721
3560	1	1	1	1	0:00:01.799443
3580	4	4	4	1	0:00:01.800038
3600	4	2	2	0	0:00:01.802808
3620	0	0	0	1	0:00:01.800693
3640	6	6	6	1	0:00:01.802966
3660	0	0	0	1	0:00:01.802338
3680	0	0	0	1	0:00:01.801838
3700	3	3	3	1	0:00:01.804756
3720	2	2	2	1	0:00:01.808260
3740	0	0	0	1	0:00:01.803313
3760	7	7	7	1	0:00:01.803169
3780	4	4	2	1	0:00:01.811361
3800	9	9	9	1	0:00:01.800636
3820	0	0	0	1	0:00:01.800480
3840	6	3	3	0	0:00:01.805046
3860	7	7	7	1	0:00:01.803677
3880	6	6	5	1	0:00:01.808752
3900	3	3	3	1	0:00:01.802427
3920	7	7	7	1	0:00:01.816661
3940	6	6	2	1	0:00:01.801570
3960	2	2	2	1	0:00:01.805075
3980	9	9	9	1	0:00:01.806432
4000	8	4	8	0	0:00:01.804299
4020	8	8	8	1	0:00:01.806129
4040	0	0	0	1	0:00:01.806785
4060	6	6	6	1	0:00:01.804207
4080	1	1	1	1	0:00:01.803452
4100	7	7	7	1	0:00:01.807097
4120	4	4	4	1	0:00:01.810691
4140	5	5	5	1	0:00:01.803375
4160	5	5	2	1	0:00:01.806210
4180	0	8	8	0	0:00:01.800599
4200	4	4	2	1	0:00:01.805422
4220	4	0	0	0	0:00:01.802343
4240	7	7	0	1	0:00:01.804054
4260	8	8	8	1	0:00:01.806114
4280	8	0	8	0	0:00:01.801013
4300	8	8	8	1	0:00:01.803006
4320	1	9	8	0	0:00:01.802623
4340	0	0	0	1	0:00:01.804424
4360	6	6	6	1	0:00:01.806774
4380	9	9	9	1	0:00:01.802615
4400	3	3	3	1	0:00:01.806797
4420	5	5	5	1	0:00:01.805451
4440	2	2	2	1	0:00:01.807053
4460	9	9	9	1	0:00:01.805887
4480	9	9	9	1	0:00:01.804329
4500	3	5	3	0	0:00:01.806052
4520	3	3	3	1	0:00:01.810532
4540	9	9	9	1	0:00:01.804643
4560	1	1	1	1	0:00:01.804048
4580	6	6	6	1	0:00:01.804502
4600	4	4	4	1	0:00:01.803651
4620	7	7	3	1	0:00:01.809134
4640	2	2	2	1	0:00:01.806919
4660	7	7	5	1	0:00:01.801553
4680	9	9	9	1	0:00:01.802246
4700	6	5	5	0	0:00:01.802123
4720	8	8	8	1	0:00:01.800552
4740	5	3	3	0	0:00:01.810872
4760	3	2	2	0	0:00:01.803126
4780	0	0	0	1	0:00:01.804017
4800	9	9	9	1	0:00:01.801918
4820	3	3	3	1	0:00:01.802838
4840	0	0	0	1	0:00:01.806382
4860	5	5	5	1	0:00:01.807578
4880	0	8	8	0	0:00:01.803190
4900	3	3	3	1	0:00:01.806219
4920	7	7	7	1	0:00:01.807738
4940	6	6	4	1	0:00:01.806811
4960	4	4	3	1	0:00:01.801615
4980	1	9	9	0	0:00:01.801355
5000	7	7	7	1	0:00:01.800532
5020	8	8	8	1	0:00:01.803967
5040	3	3	3	1	0:00:01.803993
5060	6	6	6	1	0:00:01.807564
5080	7	7	7	1	0:00:01.803655
5100	3	3	3	1	0:00:01.806002
5120	9	9	9	1	0:00:01.805536
5140	8	8	8	1	0:00:01.804822
5160	0	0	0	1	0:00:01.805907
5180	9	9	7	1	0:00:01.801520
5200	3	3	3	1	0:00:01.802532
5220	0	0	0	1	0:00:01.805490
5240	1	1	1	1	0:00:01.807056
5260	0	0	0	1	0:00:01.806310
5280	0	4	4	0	0:00:01.801970
5300	9	9	9	1	0:00:01.804840
5320	7	7	7	1	0:00:01.809546
5340	3	4	5	0	0:00:01.806579
5360	9	9	9	1	0:00:01.803289
5380	1	9	9	0	0:00:01.808066
5400	9	9	9	1	0:00:01.804282
5420	6	6	6	1	0:00:01.801465
5440	9	9	9	1	0:00:01.802232
5460	0	0	0	1	0:00:01.803134
5480	1	1	1	1	0:00:01.824443
5500	8	8	8	1	0:00:01.803319
5520	4	4	4	1	0:00:01.810269
5540	5	5	5	1	0:00:01.808822
5560	3	5	5	0	0:00:01.807180
5580	5	-1	3	0	0:00:01.805525
5600	6	6	3	1	0:00:01.806675
5620	3	6	2	0	0:00:01.805422
5640	2	5	2	0	0:00:01.808270
5660	9	9	8	1	0:00:01.807219
5680	2	3	3	0	0:00:01.801772
5700	3	3	3	1	0:00:01.809781
5720	9	9	9	1	0:00:01.802538
5740	6	6	2	1	0:00:01.812928
5760	2	2	2	1	0:00:01.803408
5780	7	7	7	1	0:00:01.807799
5800	2	2	2	1	0:00:01.807638
5820	5	5	5	1	0:00:01.816045
5840	2	2	2	1	0:00:01.809412
5860	0	0	0	1	0:00:01.805145
5880	0	0	0	1	0:00:01.803922
5900	4	3	0	0	0:00:01.803104
5920	8	8	8	1	0:00:01.809196
5940	7	7	3	1	0:00:01.803136
5960	2	6	2	0	0:00:01.805209
5980	9	9	9	1	0:00:01.802585
6000	8	8	8	1	0:00:01.810109
6020	6	6	6	1	0:00:01.817563
6040	2	-1	2	0	0:00:01.806628
6060	3	4	5	0	0:00:01.808218
6080	1	1	1	1	0:00:01.806763
6100	1	1	1	1	0:00:01.806224
6120	5	5	5	1	0:00:01.804334
6140	9	9	9	1	0:00:01.813627
6160	2	5	2	0	0:00:01.802376
6180	0	0	0	1	0:00:01.805870
6200	3	3	2	1	0:00:01.808210
6220	2	5	2	0	0:00:01.808374
6240	2	2	2	1	0:00:01.802612
6260	2	2	2	1	0:00:01.802257
6280	8	5	5	0	0:00:01.801056
6300	1	1	1	1	0:00:01.801783
6320	0	0	0	1	0:00:01.804508
6340	3	3	3	1	0:00:01.804060
6360	2	2	2	1	0:00:01.803449
6380	3	6	3	0	0:00:01.803698
6400	0	0	0	1	0:00:01.808129
6420	7	7	7	1	0:00:01.815123
6440	3	3	2	1	0:00:01.805774
6460	3	3	3	1	0:00:01.807723
6480	0	0	0	1	0:00:01.815364
6500	7	6	8	0	0:00:01.801236
6520	6	6	2	1	0:00:01.802551
6540	8	8	8	1	0:00:01.805202
6560	6	6	5	1	0:00:01.805214
6580	1	1	8	1	0:00:01.800925
6600	7	7	7	1	0:00:01.805776
6620	7	7	7	1	0:00:01.804880
6640	5	3	3	0	0:00:01.801731
6660	0	0	0	1	0:00:01.803722
6680	3	5	5	0	0:00:01.813566
6700	6	6	6	1	0:00:01.803858
6720	2	2	2	1	0:00:01.802887
6740	2	2	2	1	0:00:01.802384
6760	5	5	5	1	0:00:01.800555
6780	7	7	7	1	0:00:01.794040
6800	6	-1	4	0	0:00:01.798450
6820	1	1	1	1	0:00:01.797765
6840	9	9	9	1	0:00:01.799021
6860	0	0	0	1	0:00:01.796282
6880	2	2	2	1	0:00:01.785842
6900	3	3	3	1	0:00:01.787071
6920	5	4	2	0	0:00:01.788335
6940	1	1	1	1	0:00:01.797841
6960	9	9	9	1	0:00:01.876454
6980	0	0	0	1	0:00:01.874696
7000	2	0	8	0	0:00:01.790836
7020	7	7	7	1	0:00:01.790610
7040	7	-1	8	0	0:00:01.792894
7060	8	8	8	1	0:00:01.785288
7080	5	4	2	0	0:00:01.788099
7100	9	3	3	0	0:00:01.795022
7120	7	7	7	1	0:00:01.787941
7140	4	4	3	1	0:00:01.785683
7160	5	5	5	1	0:00:01.787902
7180	6	6	6	1	0:00:01.789849
7200	4	4	2	1	0:00:01.787047
7220	9	9	9	1	0:00:01.788721
7240	0	0	8	1	0:00:01.785239
7260	1	1	1	1	0:00:01.791901
7280	1	1	3	1	0:00:01.790314
7300	3	5	5	0	0:00:01.788443
7320	8	0	0	0	0:00:01.790668
7340	2	2	0	1	0:00:01.787049
7360	2	2	2	1	0:00:01.790838
7380	7	7	7	1	0:00:01.787593
7400	3	5	3	0	0:00:01.788076
7420	3	4	2	0	0:00:01.784731
7440	3	3	3	1	0:00:01.786506
7460	5	5	5	1	0:00:01.790886
7480	1	1	1	1	0:00:01.785567
7500	6	6	6	1	0:00:01.789741
7520	4	4	4	1	0:00:01.785756
7540	5	5	5	1	0:00:01.787186
7560	0	0	0	1	0:00:01.811745
7580	8	8	8	1	0:00:01.789393
7600	8	2	2	0	0:00:01.787518
7620	5	3	3	0	0:00:01.790691
7640	9	9	8	1	0:00:01.788548
7660	7	7	7	1	0:00:01.788520
7680	3	5	5	0	0:00:01.788427
7700	6	6	6	1	0:00:01.788407
7720	5	2	2	0	0:00:01.785271
7740	4	4	2	1	0:00:01.790067
7760	2	0	8	0	0:00:01.789718
7780	3	8	8	0	0:00:01.788613
7800	0	0	0	1	0:00:01.788236
7820	5	5	3	1	0:00:01.801663
7840	1	1	1	1	0:00:01.790469
7860	8	8	8	1	0:00:01.788622
7880	0	0	0	1	0:00:01.793156
7900	0	2	0	0	0:00:01.797173
7920	9	9	9	1	0:00:01.787321
7940	2	2	2	1	0:00:01.790255
7960	0	0	0	1	0:00:01.797256
7980	3	3	3	1	0:00:01.790521
8000	9	9	9	1	0:00:01.787159
8020	6	3	3	0	0:00:01.802962
8040	2	2	2	1	0:00:01.799184
8060	6	6	6	1	0:00:01.795511
8080	4	4	3	1	0:00:01.794541
8100	6	2	2	0	0:00:01.803101
8120	8	8	8	1	0:00:01.794172
8140	5	7	5	0	0:00:01.787689
8160	6	6	6	1	0:00:01.789154
8180	4	4	4	1	0:00:01.788643
8200	3	6	3	0	0:00:01.786963
8220	6	5	5	0	0:00:01.788617
8240	7	7	7	1	0:00:01.788054
8260	1	1	1	1	0:00:01.788285
8280	4	4	4	1	0:00:01.789270
8300	5	4	3	0	0:00:01.781303
8320	7	7	7	1	0:00:01.784604
8340	5	5	5	1	0:00:01.781334
8360	7	7	7	1	0:00:01.788751
8380	9	9	9	1	0:00:01.788508
8400	0	0	0	1	0:00:01.789946
8420	3	6	3	0	0:00:01.789702
8440	5	5	3	1	0:00:01.787313
8460	8	8	8	1	0:00:01.789556
8480	2	2	2	1	0:00:01.784019
8500	4	4	4	1	0:00:01.783842
8520	8	8	8	1	0:00:01.779844
8540	4	4	2	1	0:00:01.786996
8560	7	7	7	1	0:00:01.785322
8580	3	5	5	0	0:00:01.792445
8600	3	-1	3	0	0:00:01.788139
8620	3	5	5	0	0:00:01.778359
8640	1	1	1	1	0:00:01.786905
8660	7	7	7	1	0:00:01.780034
8680	3	3	3	1	0:00:01.779433
8700	3	3	3	1	0:00:01.783708
8720	2	0	0	0	0:00:01.794113
8740	2	2	5	1	0:00:01.784399
8760	8	8	8	1	0:00:01.782980
8780	4	4	4	1	0:00:01.788502
8800	0	0	0	1	0:00:01.795879
8820	2	2	2	1	0:00:01.787147
8840	2	2	2	1	0:00:01.786320
8860	2	2	2	1	0:00:01.791075
8880	1	1	1	1	0:00:01.788842
8900	2	4	2	0	0:00:01.787181
8920	6	6	3	1	0:00:01.794155
8940	6	3	3	0	0:00:01.787681
8960	0	0	2	1	0:00:01.791497
8980	9	9	9	1	0:00:01.789961
9000	8	8	8	1	0:00:01.787731
9020	7	7	7	1	0:00:01.785679
9040	2	5	5	0	0:00:01.787411
9060	9	9	9	1	0:00:01.791187
9080	3	3	3	1	0:00:01.787134
9100	9	1	1	0	0:00:01.807571
9120	3	3	3	1	0:00:01.788307
9140	7	7	4	1	0:00:01.789413
9160	5	3	3	0	0:00:01.794852
9180	5	5	5	1	0:00:01.792140
9200	8	8	8	1	0:00:01.791869
9220	8	8	8	1	0:00:01.793009
9240	8	8	8	1	0:00:01.786313
9260	5	5	5	1	0:00:01.788002
9280	9	8	8	0	0:00:01.788452
9300	5	5	2	1	0:00:01.791671
9320	9	9	9	1	0:00:01.788800
9340	1	1	1	1	0:00:01.789261
9360	5	0	5	0	0:00:01.793525
9380	5	3	3	0	0:00:01.793177
9400	6	6	6	1	0:00:01.794762
9420	5	5	5	1	0:00:01.792252
9440	8	8	8	1	0:00:01.793211
9460	3	3	3	1	0:00:01.793845
9480	2	2	2	1	0:00:01.788315
9500	9	9	9	1	0:00:01.788102
9520	1	1	1	1	0:00:01.789382
9540	5	5	5	1	0:00:01.787401
9560	9	7	3	0	0:00:01.792468
9580	1	1	1	1	0:00:01.791076
9600	8	8	8	1	0:00:01.786565
9620	4	4	4	1	0:00:01.790633
9640	5	5	5	1	0:00:01.787298
9660	6	6	6	1	0:00:01.785229
9680	8	8	8	1	0:00:01.785839
9700	0	0	0	1	0:00:01.788190
9720	8	8	8	1	0:00:01.791053
9740	3	6	2	0	0:00:01.786244
9760	9	9	5	1	0:00:01.790371
9780	4	4	2	1	0:00:01.789718
9800	1	1	1	1	0:00:01.780479
9820	0	8	8	0	0:00:01.783122
9840	4	7	7	0	0:00:01.783668
9860	0	0	8	1	0:00:01.779256
9880	7	7	7	1	0:00:01.787882
9900	8	8	8	1	0:00:01.785232
9920	6	6	6	1	0:00:01.791317
9940	4	4	4	1	0:00:01.789674
9960	2	0	0	0	0:00:01.788300
9980	0	0	0	1	0:00:01.788301
