idx	label	predict	basePredict	correct	time
0	3	-1	2	0	0:00:01.255270
20	7	-1	4	0	0:00:01.066574
40	4	-1	8	0	0:00:01.123276
60	7	-1	4	0	0:00:01.115344
80	8	8	8	1	0:00:01.149286
100	4	-1	4	0	0:00:01.132141
120	8	8	8	1	0:00:01.128869
140	6	-1	2	0	0:00:01.105067
160	2	0	2	0	0:00:01.125612
180	0	-1	8	0	0:00:01.091869
200	5	-1	3	0	0:00:01.045143
220	7	7	7	1	0:00:01.045161
240	1	1	8	1	0:00:01.027987
260	8	3	3	0	0:00:01.102194
280	9	9	9	1	0:00:01.093430
300	6	6	4	1	0:00:01.119952
320	3	-1	4	0	0:00:01.110803
340	2	4	4	0	0:00:01.124531
360	9	-1	4	0	0:00:01.092417
380	6	6	4	1	0:00:01.079124
400	9	9	9	1	0:00:01.093623
420	4	-1	6	0	0:00:01.098110
440	1	1	4	1	0:00:01.081478
460	5	5	3	1	0:00:01.120904
480	8	9	8	0	0:00:01.136922
500	4	6	4	0	0:00:01.051895
520	5	-1	5	0	0:00:01.092905
540	1	-1	8	0	0:00:01.100562
560	0	0	8	1	0:00:01.109338
580	4	-1	4	0	0:00:01.105197
600	8	-1	8	0	0:00:01.104169
620	7	-1	4	0	0:00:01.135099
640	5	3	3	0	0:00:01.051345
660	9	9	9	1	0:00:01.099312
680	9	-1	4	0	0:00:01.111951
700	7	-1	4	0	0:00:01.158025
720	4	9	4	0	0:00:01.043083
740	2	-1	3	0	0:00:01.106172
760	3	9	9	0	0:00:01.096409
780	9	-1	8	0	0:00:01.107488
800	7	7	7	1	0:00:01.107009
820	6	-1	8	0	0:00:01.079622
840	7	7	7	1	0:00:01.111153
860	4	4	4	1	0:00:01.129496
880	8	8	8	1	0:00:01.112307
900	2	-1	4	0	0:00:01.129785
920	6	-1	2	0	0:00:01.120360
940	9	9	9	1	0:00:01.117653
960	9	9	8	1	0:00:01.116330
980	2	6	6	0	0:00:01.108297
1000	5	5	5	1	0:00:01.009373
1020	1	1	8	1	0:00:01.007851
1040	7	5	5	0	0:00:01.034700
1060	9	9	8	1	0:00:01.037350
1080	6	6	6	1	0:00:01.033004
1100	7	8	8	0	0:00:01.033587
1120	5	-1	2	0	0:00:01.018045
1140	6	-1	4	0	0:00:01.013022
1160	8	-1	0	0	0:00:01.006415
1180	3	-1	8	0	0:00:01.009241
1200	8	-1	0	0	0:00:01.029338
1220	9	-1	6	0	0:00:01.040546
1240	2	6	6	0	0:00:01.039688
1260	1	9	9	0	0:00:01.011418
1280	3	7	7	0	0:00:01.038016
1300	4	3	3	0	0:00:00.978969
1320	7	2	2	0	0:00:01.064485
1340	1	1	1	1	0:00:01.052129
1360	7	7	4	1	0:00:01.027350
1380	4	5	5	0	0:00:00.942575
1400	5	-1	2	0	0:00:00.987281
1420	4	7	4	0	0:00:00.992586
1440	0	8	8	0	0:00:00.996097
1460	6	6	4	1	0:00:01.028631
1480	1	-1	5	0	0:00:01.009111
1500	1	-1	8	0	0:00:01.035333
1520	7	7	4	1	0:00:01.017980
1540	8	8	8	1	0:00:01.014557
1560	7	7	7	1	0:00:00.981615
1580	6	1	1	0	0:00:00.990018
1600	8	-1	6	0	0:00:01.015238
1620	5	8	8	0	0:00:00.970117
1640	7	-1	3	0	0:00:00.981108
1660	3	-1	3	0	0:00:01.002546
1680	6	6	6	1	0:00:01.062765
1700	5	2	2	0	0:00:01.023569
1720	4	2	2	0	0:00:00.986904
1740	1	-1	9	0	0:00:00.995898
1760	0	8	8	0	0:00:01.051079
1780	7	-1	8	0	0:00:01.025888
1800	4	8	8	0	0:00:01.007976
1820	8	-1	8	0	0:00:01.009198
1840	8	-1	4	0	0:00:00.997616
1860	8	8	8	1	0:00:01.027244
1880	1	1	8	1	0:00:01.029871
1900	8	8	8	1	0:00:01.007418
1920	2	-1	2	0	0:00:01.004677
1940	5	3	3	0	0:00:01.030828
1960	2	5	5	0	0:00:01.025308
1980	9	9	4	1	0:00:00.999221
2000	1	6	6	0	0:00:01.026358
2020	9	9	9	1	0:00:00.992506
2040	0	8	8	0	0:00:01.005324
2060	5	5	5	1	0:00:01.005076
2080	1	-1	6	0	0:00:01.017936
2100	2	4	4	0	0:00:01.026214
2120	4	8	8	0	0:00:00.999685
2140	9	-1	1	0	0:00:00.954842
2160	0	8	8	0	0:00:00.946494
2180	4	4	4	1	0:00:00.979059
2200	0	-1	2	0	0:00:00.963861
2220	1	1	4	1	0:00:01.025799
2240	9	9	9	1	0:00:00.967117
2260	4	-1	4	0	0:00:00.978446
2280	4	-1	8	0	0:00:00.965499
2300	3	6	4	0	0:00:01.002348
2320	5	-1	8	0	0:00:00.983461
2340	7	7	7	1	0:00:00.980872
2360	7	7	3	1	0:00:01.023904
2380	8	-1	8	0	0:00:01.023820
2400	0	-1	0	0	0:00:00.980238
2420	8	-1	5	0	0:00:01.012776
2440	7	-1	7	0	0:00:00.997775
2460	9	-1	3	0	0:00:00.983590
2480	8	8	8	1	0:00:01.003383
2500	4	2	2	0	0:00:01.008912
2520	1	-1	8	0	0:00:00.977673
2540	2	3	3	0	0:00:01.002085
2560	7	-1	4	0	0:00:01.006338
2580	6	-1	4	0	0:00:00.984421
2600	8	8	8	1	0:00:01.005142
2620	1	-1	4	0	0:00:00.951742
2640	7	7	6	1	0:00:01.003850
2660	3	-1	2	0	0:00:00.952087
2680	0	0	0	1	0:00:00.950448
2700	9	-1	0	0	0:00:01.017180
2720	3	-1	2	0	0:00:01.005904
2740	1	1	1	1	0:00:01.029625
2760	2	-1	4	0	0:00:00.994932
2780	7	7	7	1	0:00:00.995158
2800	4	6	4	0	0:00:00.955554
2820	6	6	4	1	0:00:00.980251
2840	3	3	3	1	0:00:00.997199
2860	5	-1	6	0	0:00:00.994709
2880	4	4	4	1	0:00:00.985562
2900	3	-1	2	0	0:00:00.996039
2920	2	-1	8	0	0:00:01.001591
2940	3	0	0	0	0:00:00.984147
2960	9	9	8	1	0:00:00.993508
2980	8	-1	8	0	0:00:00.979507
3000	5	5	5	1	0:00:01.020742
3020	1	1	8	1	0:00:01.013252
3040	7	7	7	1	0:00:00.973094
3060	7	7	7	1	0:00:01.000103
3080	1	-1	2	0	0:00:00.984521
3100	0	0	0	1	0:00:01.024518
3120	4	6	2	0	0:00:01.011711
3140	8	8	8	1	0:00:00.958914
3160	6	4	4	0	0:00:00.949180
3180	3	7	8	0	0:00:00.985206
3200	5	-1	7	0	0:00:00.945682
3220	3	9	9	0	0:00:00.988292
3240	4	-1	8	0	0:00:01.011915
3260	7	0	0	0	0:00:01.015397
3280	3	-1	0	0	0:00:01.009318
3300	4	-1	4	0	0:00:01.011387
3320	2	7	7	0	0:00:01.042953
3340	6	-1	4	0	0:00:01.004554
3360	4	6	6	0	0:00:00.986782
3380	8	8	8	1	0:00:01.025046
3400	6	4	4	0	0:00:01.017037
3420	5	-1	4	0	0:00:00.983016
3440	2	9	3	0	0:00:01.042888
3460	1	1	4	1	0:00:01.040044
3480	2	2	2	1	0:00:01.008330
3500	1	1	4	1	0:00:01.007133
3520	1	1	1	1	0:00:00.959783
3540	6	6	6	1	0:00:00.993733
3560	1	-1	0	0	0:00:00.970181
3580	4	1	4	0	0:00:00.995301
3600	4	2	2	0	0:00:01.014875
3620	0	-1	6	0	0:00:01.015707
3640	6	2	2	0	0:00:01.045109
3660	0	8	8	0	0:00:01.044920
3680	0	2	2	0	0:00:01.003284
3700	3	-1	4	0	0:00:01.026654
3720	2	2	2	1	0:00:01.023610
3740	0	0	8	1	0:00:01.025099
3760	7	7	7	1	0:00:01.025062
3780	4	-1	2	0	0:00:01.032311
3800	9	9	8	1	0:00:01.025391
3820	0	-1	0	0	0:00:01.032973
3840	6	3	3	0	0:00:01.036022
3860	7	7	7	1	0:00:01.056420
3880	6	4	4	0	0:00:01.006705
3900	3	-1	1	0	0:00:01.021937
3920	7	-1	8	0	0:00:01.007239
3940	6	-1	4	0	0:00:01.018670
3960	2	-1	2	0	0:00:01.016889
3980	9	7	7	0	0:00:01.014424
4000	8	-1	0	0	0:00:01.019238
4020	8	-1	8	0	0:00:01.017133
4040	0	0	0	1	0:00:01.019651
4060	6	3	3	0	0:00:01.003284
4080	1	8	8	0	0:00:01.015072
4100	7	7	7	1	0:00:01.025308
4120	4	0	0	0	0:00:01.025026
4140	5	3	3	0	0:00:01.030232
4160	5	-1	2	0	0:00:01.014609
4180	0	0	8	1	0:00:01.020771
4200	4	-1	2	0	0:00:01.001069
4220	4	0	0	0	0:00:01.001964
4240	7	0	0	0	0:00:01.020315
4260	8	-1	8	0	0:00:01.005487
4280	8	-1	8	0	0:00:01.001633
4300	8	8	8	1	0:00:01.018136
4320	1	8	8	0	0:00:01.020038
4340	0	-1	8	0	0:00:01.010831
4360	6	-1	6	0	0:00:01.008418
4380	9	-1	8	0	0:00:01.013780
4400	3	4	4	0	0:00:01.022915
4420	5	8	8	0	0:00:01.033482
4440	2	-1	2	0	0:00:01.016654
4460	9	-1	8	0	0:00:01.011241
4480	9	-1	6	0	0:00:01.001644
4500	3	-1	6	0	0:00:01.017576
4520	3	6	6	0	0:00:01.008976
4540	9	9	9	1	0:00:01.025640
4560	1	1	4	1	0:00:01.000085
4580	6	-1	4	0	0:00:00.995577
4600	4	7	4	0	0:00:01.001885
4620	7	3	3	0	0:00:01.004586
4640	2	-1	4	0	0:00:01.014975
4660	7	-1	2	0	0:00:01.006029
4680	9	1	1	0	0:00:01.003597
4700	6	1	4	0	0:00:01.015840
4720	8	0	0	0	0:00:01.014157
4740	5	3	4	0	0:00:00.995405
4760	3	3	4	1	0:00:01.008622
4780	0	0	8	1	0:00:00.985397
4800	9	9	9	1	0:00:00.998111
4820	3	5	5	0	0:00:00.981342
4840	0	0	0	1	0:00:00.989481
4860	5	-1	3	0	0:00:01.014268
4880	0	2	2	0	0:00:01.004594
4900	3	6	6	0	0:00:01.013118
4920	7	7	7	1	0:00:01.020697
4940	6	-1	4	0	0:00:01.012632
4960	4	-1	3	0	0:00:01.032672
4980	1	9	8	0	0:00:01.011522
5000	7	7	7	1	0:00:00.996856
5020	8	-1	8	0	0:00:01.018314
5040	3	-1	4	0	0:00:01.009793
5060	6	-1	4	0	0:00:01.015902
5080	7	7	7	1	0:00:01.022188
5100	3	3	3	1	0:00:01.004936
5120	9	-1	8	0	0:00:01.003208
5140	8	8	8	1	0:00:01.007366
5160	0	-1	8	0	0:00:01.010487
5180	9	-1	4	0	0:00:01.011710
5200	3	3	3	1	0:00:01.014683
5220	0	0	0	1	0:00:01.010076
5240	1	-1	2	0	0:00:01.006204
5260	0	0	0	1	0:00:01.000210
5280	0	8	8	0	0:00:01.008554
5300	9	-1	9	0	0:00:01.002512
5320	7	7	7	1	0:00:01.007389
5340	3	4	4	0	0:00:01.004292
5360	9	9	9	1	0:00:00.995791
5380	1	9	9	0	0:00:01.002906
5400	9	-1	8	0	0:00:01.010350
5420	6	6	6	1	0:00:01.010394
5440	9	9	9	1	0:00:00.995635
5460	0	7	7	0	0:00:01.016228
5480	1	1	8	1	0:00:01.019923
5500	8	1	8	0	0:00:01.027131
5520	4	-1	3	0	0:00:01.028000
5540	5	-1	2	0	0:00:01.009184
5560	3	6	6	0	0:00:01.024856
5580	5	6	6	0	0:00:01.022252
5600	6	-1	0	0	0:00:01.053219
5620	3	2	2	0	0:00:01.021231
5640	2	-1	3	0	0:00:01.051938
5660	9	-1	8	0	0:00:01.033031
5680	2	3	8	0	0:00:01.020376
5700	3	-1	6	0	0:00:01.026061
5720	9	9	9	1	0:00:01.026717
5740	6	-1	4	0	0:00:01.018400
5760	2	-1	2	0	0:00:01.023893
5780	7	7	7	1	0:00:01.020545
5800	2	-1	4	0	0:00:01.023889
5820	5	6	6	0	0:00:01.005547
5840	2	-1	6	0	0:00:01.021113
5860	0	8	8	0	0:00:00.995879
5880	0	-1	0	0	0:00:01.040675
5900	4	3	4	0	0:00:01.039194
5920	8	8	8	1	0:00:01.044168
5940	7	4	4	0	0:00:01.016897
5960	2	-1	4	0	0:00:00.995947
5980	9	9	9	1	0:00:01.011504
6000	8	-1	8	0	0:00:01.008105
6020	6	6	6	1	0:00:01.006551
6040	2	7	7	0	0:00:00.994166
6060	3	4	4	0	0:00:01.012018
6080	1	9	6	0	0:00:01.023405
6100	1	1	8	1	0:00:01.052524
6120	5	5	5	1	0:00:01.021682
6140	9	9	9	1	0:00:01.029704
6160	2	5	5	0	0:00:01.010521
6180	0	-1	8	0	0:00:01.012399
6200	3	-1	3	0	0:00:01.016453
6220	2	6	4	0	0:00:01.021312
6240	2	-1	4	0	0:00:01.013902
6260	2	9	4	0	0:00:01.023170
6280	8	-1	4	0	0:00:01.020240
6300	1	-1	4	0	0:00:00.989627
6320	0	0	0	1	0:00:00.990489
6340	3	3	3	1	0:00:00.978530
6360	2	-1	2	0	0:00:00.985605
6380	3	-1	6	0	0:00:01.042818
6400	0	1	4	0	0:00:01.052173
6420	7	-1	8	0	0:00:01.047825
6440	3	-1	8	0	0:00:01.009457
6460	3	1	4	0	0:00:01.020309
6480	0	-1	2	0	0:00:01.044209
6500	7	-1	8	0	0:00:01.000463
6520	6	4	4	0	0:00:01.005658
6540	8	8	8	1	0:00:01.031595
6560	6	6	4	1	0:00:01.024124
6580	1	-1	2	0	0:00:01.019414
6600	7	7	7	1	0:00:01.016062
6620	7	7	7	1	0:00:01.010267
6640	5	-1	8	0	0:00:01.011200
6660	0	0	0	1	0:00:01.004031
6680	3	5	5	0	0:00:00.992736
6700	6	-1	4	0	0:00:01.014561
6720	2	-1	2	0	0:00:01.038491
6740	2	-1	4	0	0:00:01.017527
6760	5	-1	6	0	0:00:01.036050
6780	7	7	7	1	0:00:01.033022
6800	6	-1	4	0	0:00:01.000786
6820	1	1	1	1	0:00:01.008923
6840	9	9	9	1	0:00:01.055065
6860	0	-1	2	0	0:00:00.968388
6880	2	7	4	0	0:00:01.041817
6900	3	-1	4	0	0:00:01.031104
6920	5	2	2	0	0:00:01.002070
6940	1	1	1	1	0:00:01.042694
6960	9	8	8	0	0:00:01.014358
6980	0	-1	8	0	0:00:01.033759
7000	2	8	8	0	0:00:01.024781
7020	7	7	7	1	0:00:00.996093
7040	7	8	8	0	0:00:01.001527
7060	8	-1	8	0	0:00:00.987441
7080	5	4	4	0	0:00:00.957807
7100	9	3	3	0	0:00:00.973222
7120	7	-1	6	0	0:00:01.006463
7140	4	-1	4	0	0:00:01.012086
7160	5	-1	4	0	0:00:00.982231
7180	6	6	6	1	0:00:01.016538
7200	4	6	2	0	0:00:01.016949
7220	9	9	8	1	0:00:01.019352
7240	0	8	8	0	0:00:01.055557
7260	1	-1	8	0	0:00:01.034425
7280	1	-1	6	0	0:00:01.043868
7300	3	7	4	0	0:00:00.993186
7320	8	0	8	0	0:00:01.003030
7340	2	4	4	0	0:00:01.014839
7360	2	-1	4	0	0:00:00.985477
7380	7	-1	7	0	0:00:01.039934
7400	3	3	3	1	0:00:01.018998
7420	3	0	0	0	0:00:01.015773
7440	3	3	3	1	0:00:00.997165
7460	5	5	5	1	0:00:01.001725
7480	1	8	5	0	0:00:01.004101
7500	6	6	6	1	0:00:01.009967
7520	4	-1	4	0	0:00:01.019541
7540	5	5	5	1	0:00:01.003423
7560	0	-1	8	0	0:00:01.045340
7580	8	-1	8	0	0:00:01.026549
7600	8	9	8	0	0:00:01.040842
7620	5	-1	3	0	0:00:01.034774
7640	9	9	6	1	0:00:01.026177
7660	7	-1	4	0	0:00:01.027843
7680	3	9	3	0	0:00:01.031161
7700	6	6	4	1	0:00:01.028816
7720	5	5	8	1	0:00:00.954876
7740	4	6	2	0	0:00:00.982429
7760	2	9	6	0	0:00:01.000149
7780	3	1	8	0	0:00:00.975971
7800	0	0	8	1	0:00:00.994586
7820	5	8	8	0	0:00:01.000913
7840	1	1	1	1	0:00:00.985244
7860	8	-1	4	0	0:00:01.040666
7880	0	0	0	1	0:00:01.051543
7900	0	-1	8	0	0:00:01.012026
7920	9	8	8	0	0:00:01.001077
7940	2	-1	6	0	0:00:00.968115
7960	0	0	2	1	0:00:01.009400
7980	3	-1	4	0	0:00:00.997981
8000	9	9	8	1	0:00:00.996324
8020	6	3	3	0	0:00:01.007664
8040	2	-1	2	0	0:00:01.042816
8060	6	6	4	1	0:00:01.005102
8080	4	6	2	0	0:00:01.020882
8100	6	-1	2	0	0:00:01.044976
8120	8	9	8	0	0:00:00.991272
8140	5	4	4	0	0:00:00.965024
8160	6	-1	6	0	0:00:01.018480
8180	4	4	4	1	0:00:00.957228
8200	3	-1	2	0	0:00:00.986494
8220	6	-1	2	0	0:00:00.923426
8240	7	7	7	1	0:00:00.988642
8260	1	-1	3	0	0:00:01.005340
8280	4	-1	3	0	0:00:01.018681
8300	5	2	2	0	0:00:01.030354
8320	7	-1	4	0	0:00:01.026983
8340	5	3	3	0	0:00:00.997489
8360	7	7	4	1	0:00:01.013882
8380	9	-1	8	0	0:00:01.024788
8400	0	-1	8	0	0:00:00.964453
8420	3	-1	4	0	0:00:01.007975
8440	5	-1	4	0	0:00:01.019531
8460	8	8	8	1	0:00:00.994687
8480	2	-1	4	0	0:00:00.989894
8500	4	2	2	0	0:00:00.982272
8520	8	-1	4	0	0:00:01.009900
8540	4	-1	2	0	0:00:01.017432
8560	7	-1	4	0	0:00:01.000432
8580	3	0	2	0	0:00:00.962615
8600	3	-1	4	0	0:00:00.981907
8620	3	-1	4	0	0:00:01.005175
8640	1	1	1	1	0:00:01.041933
8660	7	-1	5	0	0:00:00.952739
8680	3	9	8	0	0:00:00.931051
8700	3	3	3	1	0:00:01.042845
8720	2	0	0	0	0:00:00.933591
8740	2	-1	4	0	0:00:00.976403
8760	8	8	8	1	0:00:00.951988
8780	4	-1	4	0	0:00:00.903154
8800	0	0	0	1	0:00:00.961688
8820	2	-1	3	0	0:00:00.954243
8840	2	1	7	0	0:00:00.966173
8860	2	-1	2	0	0:00:00.927396
8880	1	-1	6	0	0:00:00.908695
8900	2	-1	4	0	0:00:00.950784
8920	6	6	6	1	0:00:00.914003
8940	6	3	3	0	0:00:00.957861
8960	0	0	0	1	0:00:00.966536
8980	9	9	9	1	0:00:00.955513
9000	8	8	8	1	0:00:00.950138
9020	7	9	8	0	0:00:00.941992
9040	2	5	5	0	0:00:00.945754
9060	9	5	5	0	0:00:00.939552
9080	3	-1	0	0	0:00:00.914374
9100	9	-1	6	0	0:00:00.925085
9120	3	-1	0	0	0:00:00.947652
9140	7	-1	8	0	0:00:00.928000
9160	5	-1	5	0	0:00:00.955620
9180	5	5	5	1	0:00:00.959290
9200	8	8	8	1	0:00:00.927726
9220	8	8	8	1	0:00:00.961153
9240	8	8	8	1	0:00:00.905483
9260	5	5	5	1	0:00:00.935898
9280	9	-1	8	0	0:00:00.909010
9300	5	-1	2	0	0:00:00.948379
9320	9	9	8	1	0:00:00.937781
9340	1	1	1	1	0:00:00.945784
9360	5	-1	4	0	0:00:00.892794
9380	5	-1	3	0	0:00:00.895364
9400	6	-1	4	0	0:00:00.934493
9420	5	-1	6	0	0:00:00.940078
9440	8	8	8	1	0:00:00.952570
9460	3	-1	6	0	0:00:00.959239
9480	2	4	4	0	0:00:00.940295
9500	9	-1	6	0	0:00:00.939046
9520	1	1	1	1	0:00:00.929588
9540	5	-1	4	0	0:00:00.943049
9560	9	7	7	0	0:00:00.951872
9580	1	4	4	0	0:00:00.935533
9600	8	8	8	1	0:00:00.947097
9620	4	7	4	0	0:00:00.972235
9640	5	0	6	0	0:00:00.956493
9660	6	6	6	1	0:00:00.963096
9680	8	8	8	1	0:00:00.926037
9700	0	0	0	1	0:00:00.933097
9720	8	-1	4	0	0:00:00.928627
9740	3	-1	4	0	0:00:00.897077
9760	9	-1	4	0	0:00:00.936543
9780	4	6	4	0	0:00:00.933400
9800	1	1	1	1	0:00:00.943588
9820	0	8	8	0	0:00:00.990128
9840	4	5	5	0	0:00:00.996474
9860	0	-1	8	0	0:00:00.987174
9880	7	-1	4	0	0:00:00.945709
9900	8	0	8	0	0:00:00.909523
9920	6	-1	2	0	0:00:00.953071
9940	4	-1	4	0	0:00:00.927048
9960	2	0	0	0	0:00:00.982541
9980	0	0	0	1	0:00:00.974756
