idx	label	predict	basePredict	correct	time
0	3	-1	5	0	0:00:01.175157
20	7	7	3	1	0:00:01.053356
40	4	4	4	1	0:00:01.042762
60	7	7	7	1	0:00:01.036775
80	8	8	8	1	0:00:01.025578
100	4	4	5	1	0:00:01.035386
120	8	8	8	1	0:00:01.027455
140	6	6	3	1	0:00:01.047220
160	2	2	2	1	0:00:01.049894
180	0	0	0	1	0:00:01.044553
200	5	-1	3	0	0:00:01.281950
220	7	7	7	1	0:00:01.058240
240	1	1	1	1	0:00:01.133151
260	8	8	8	1	0:00:01.053172
280	9	9	9	1	0:00:01.050702
300	6	6	6	1	0:00:01.041490
320	3	3	3	1	0:00:01.048116
340	2	2	2	1	0:00:01.050365
360	9	9	9	1	0:00:01.045082
380	6	6	6	1	0:00:01.041407
400	9	9	9	1	0:00:01.046118
420	4	4	4	1	0:00:01.055949
440	1	1	1	1	0:00:01.042313
460	5	5	5	1	0:00:01.042318
480	8	8	8	1	0:00:01.039669
500	4	-1	4	0	0:00:01.043263
520	5	5	5	1	0:00:01.038795
540	1	1	1	1	0:00:01.032557
560	0	0	0	1	0:00:01.060158
580	4	4	4	1	0:00:01.034303
600	8	8	8	1	0:00:01.046614
620	7	7	7	1	0:00:01.032971
640	5	3	3	0	0:00:01.029108
660	9	9	9	1	0:00:01.036249
680	9	9	9	1	0:00:01.032199
700	7	7	7	1	0:00:01.055827
720	4	4	4	1	0:00:01.031390
740	2	2	2	1	0:00:01.060429
760	3	3	3	1	0:00:01.038847
780	9	9	9	1	0:00:01.031322
800	7	7	7	1	0:00:01.037529
820	6	2	2	0	0:00:01.046998
840	7	7	7	1	0:00:01.034325
860	4	4	4	1	0:00:01.034691
880	8	8	8	1	0:00:01.051847
900	2	-1	2	0	0:00:01.038476
920	6	6	0	1	0:00:01.037810
940	9	9	9	1	0:00:01.041921
960	9	9	9	1	0:00:01.042854
980	2	2	2	1	0:00:01.041835
1000	5	5	5	1	0:00:00.937182
1020	1	1	1	1	0:00:00.937719
1040	7	-1	3	0	0:00:00.949557
1060	9	9	9	1	0:00:00.942702
1080	6	6	6	1	0:00:00.930317
1100	7	7	8	1	0:00:00.949825
1120	5	5	2	1	0:00:00.933690
1140	6	6	3	1	0:00:00.939002
1160	8	8	8	1	0:00:00.940147
1180	3	3	3	1	0:00:00.940263
1200	8	8	8	1	0:00:00.946715
1220	9	6	3	0	0:00:00.933943
1240	2	-1	2	0	0:00:00.932439
1260	1	-1	1	0	0:00:00.946184
1280	3	3	3	1	0:00:00.937239
1300	4	-1	3	0	0:00:00.934368
1320	7	7	7	1	0:00:00.932527
1340	1	1	1	1	0:00:00.924455
1360	7	7	7	1	0:00:00.924850
1380	4	-1	3	0	0:00:00.926700
1400	5	5	5	1	0:00:00.925941
1420	4	-1	7	0	0:00:00.928123
1440	0	2	2	0	0:00:00.936070
1460	6	6	6	1	0:00:00.930269
1480	1	1	1	1	0:00:00.944233
1500	1	1	1	1	0:00:00.939721
1520	7	7	7	1	0:00:00.933247
1540	8	8	8	1	0:00:00.942412
1560	7	7	7	1	0:00:00.946763
1580	6	-1	5	0	0:00:00.934575
1600	8	8	8	1	0:00:00.936578
1620	5	3	3	0	0:00:00.945753
1640	7	7	7	1	0:00:00.943526
1660	3	3	3	1	0:00:00.937142
1680	6	6	3	1	0:00:00.938789
1700	5	5	5	1	0:00:00.942304
1720	4	4	4	1	0:00:00.942664
1740	1	1	1	1	0:00:00.954432
1760	0	0	0	1	0:00:00.941383
1780	7	7	7	1	0:00:00.953927
1800	4	4	2	1	0:00:00.937298
1820	8	8	8	1	0:00:00.936974
1840	8	8	8	1	0:00:00.935965
1860	8	8	8	1	0:00:00.942191
1880	1	1	1	1	0:00:00.935849
1900	8	8	8	1	0:00:00.935709
1920	2	2	2	1	0:00:00.938625
1940	5	5	5	1	0:00:00.945264
1960	2	-1	2	0	0:00:00.952634
1980	9	9	9	1	0:00:00.943105
2000	1	1	1	1	0:00:00.944471
2020	9	9	9	1	0:00:00.949814
2040	0	0	0	1	0:00:00.944669
2060	5	3	3	0	0:00:00.941145
2080	1	1	1	1	0:00:00.954985
2100	2	2	2	1	0:00:00.950062
2120	4	4	8	1	0:00:00.942705
2140	9	9	9	1	0:00:00.945292
2160	0	0	0	1	0:00:00.945164
2180	4	4	4	1	0:00:00.954927
2200	0	0	0	1	0:00:00.946997
2220	1	1	1	1	0:00:00.937651
2240	9	9	1	1	0:00:00.946117
2260	4	4	4	1	0:00:00.938670
2280	4	4	2	1	0:00:00.936418
2300	3	-1	0	0	0:00:00.938071
2320	5	-1	3	0	0:00:00.941088
2340	7	7	7	1	0:00:00.945309
2360	7	-1	7	0	0:00:00.933339
2380	8	8	8	1	0:00:00.940289
2400	0	0	0	1	0:00:00.952970
2420	8	7	7	0	0:00:00.954210
2440	7	7	7	1	0:00:00.940251
2460	9	9	9	1	0:00:00.944718
2480	8	8	8	1	0:00:00.941587
2500	4	4	4	1	0:00:00.942138
2520	1	1	1	1	0:00:00.938156
2540	2	-1	2	0	0:00:00.944736
2560	7	7	7	1	0:00:00.944842
2580	6	-1	5	0	0:00:00.948103
2600	8	8	8	1	0:00:00.937093
2620	1	1	1	1	0:00:00.938453
2640	7	7	7	1	0:00:00.948452
2660	3	3	3	1	0:00:00.953018
2680	0	0	0	1	0:00:00.944792
2700	9	9	9	1	0:00:00.941655
2720	3	3	3	1	0:00:00.937693
2740	1	1	1	1	0:00:00.943801
2760	2	2	2	1	0:00:00.934633
2780	7	7	7	1	0:00:00.946249
2800	4	4	4	1	0:00:00.944311
2820	6	6	6	1	0:00:00.943295
2840	3	3	3	1	0:00:00.943068
2860	5	4	3	0	0:00:00.934069
2880	4	4	4	1	0:00:00.939940
2900	3	2	2	0	0:00:00.942775
2920	2	2	2	1	0:00:00.940384
2940	3	0	0	0	0:00:00.948582
2960	9	-1	0	0	0:00:00.948174
2980	8	8	8	1	0:00:00.940490
3000	5	5	5	1	0:00:00.940598
3020	1	1	1	1	0:00:00.949901
3040	7	7	7	1	0:00:00.947487
3060	7	7	7	1	0:00:00.956861
3080	1	1	1	1	0:00:00.945442
3100	0	0	0	1	0:00:00.946041
3120	4	4	3	1	0:00:00.943418
3140	8	8	8	1	0:00:00.938752
3160	6	2	2	0	0:00:00.935410
3180	3	6	3	0	0:00:00.951209
3200	5	5	5	1	0:00:00.949905
3220	3	9	9	0	0:00:00.946743
3240	4	4	4	1	0:00:00.946638
3260	7	7	7	1	0:00:00.938900
3280	3	3	5	1	0:00:00.945759
3300	4	4	3	1	0:00:00.945420
3320	2	0	0	0	0:00:00.941756
3340	6	6	6	1	0:00:00.956106
3360	4	4	0	1	0:00:00.948025
3380	8	8	8	1	0:00:00.946128
3400	6	4	4	0	0:00:00.955320
3420	5	-1	3	0	0:00:00.949723
3440	2	3	3	0	0:00:00.946672
3460	1	1	1	1	0:00:00.947119
3480	2	2	2	1	0:00:00.946965
3500	1	1	1	1	0:00:00.940387
3520	1	1	1	1	0:00:00.940799
3540	6	6	6	1	0:00:00.948232
3560	1	9	9	0	0:00:00.945870
3580	4	4	4	1	0:00:00.952357
3600	4	-1	3	0	0:00:00.945940
3620	0	0	0	1	0:00:00.948663
3640	6	6	6	1	0:00:00.956336
3660	0	0	0	1	0:00:00.945823
3680	0	0	0	1	0:00:00.950043
3700	3	3	3	1	0:00:00.943171
3720	2	2	2	1	0:00:00.949491
3740	0	0	0	1	0:00:00.953668
3760	7	7	7	1	0:00:00.936949
3780	4	4	3	1	0:00:00.940015
3800	9	9	9	1	0:00:00.964651
3820	0	-1	0	0	0:00:00.944541
3840	6	6	3	1	0:00:00.943707
3860	7	7	7	1	0:00:00.943149
3880	6	6	6	1	0:00:00.940279
3900	3	3	3	1	0:00:00.941819
3920	7	7	7	1	0:00:00.947088
3940	6	6	3	1	0:00:00.939165
3960	2	2	2	1	0:00:00.933247
3980	9	2	2	0	0:00:00.942468
4000	8	7	7	0	0:00:00.938571
4020	8	8	8	1	0:00:00.938865
4040	0	0	0	1	0:00:00.944448
4060	6	6	6	1	0:00:00.945630
4080	1	1	1	1	0:00:00.936655
4100	7	7	7	1	0:00:00.928422
4120	4	4	4	1	0:00:00.931492
4140	5	5	7	1	0:00:00.938585
4160	5	5	5	1	0:00:00.947428
4180	0	0	8	1	0:00:00.941933
4200	4	4	4	1	0:00:00.934249
4220	4	-1	4	0	0:00:00.947031
4240	7	7	7	1	0:00:00.939352
4260	8	8	8	1	0:00:00.938766
4280	8	0	8	0	0:00:00.940719
4300	8	8	8	1	0:00:00.934538
4320	1	1	1	1	0:00:00.953192
4340	0	0	0	1	0:00:00.935687
4360	6	6	6	1	0:00:00.935807
4380	9	9	9	1	0:00:00.930089
4400	3	3	3	1	0:00:00.934401
4420	5	5	5	1	0:00:00.933614
4440	2	2	2	1	0:00:00.923325
4460	9	9	9	1	0:00:00.923572
4480	9	9	9	1	0:00:00.935034
4500	3	3	3	1	0:00:00.942610
4520	3	3	3	1	0:00:00.942208
4540	9	9	9	1	0:00:00.939977
4560	1	1	1	1	0:00:00.938880
4580	6	6	4	1	0:00:00.941092
4600	4	4	4	1	0:00:00.936657
4620	7	7	7	1	0:00:00.935288
4640	2	2	2	1	0:00:00.935807
4660	7	7	7	1	0:00:00.940158
4680	9	9	9	1	0:00:00.933894
4700	6	6	5	1	0:00:00.940571
4720	8	8	8	1	0:00:00.937611
4740	5	-1	3	0	0:00:00.951051
4760	3	-1	0	0	0:00:00.942266
4780	0	0	0	1	0:00:00.944867
4800	9	9	9	1	0:00:00.934408
4820	3	3	3	1	0:00:00.932434
4840	0	0	0	1	0:00:00.933153
4860	5	5	5	1	0:00:00.938805
4880	0	0	0	1	0:00:00.944075
4900	3	3	3	1	0:00:00.935003
4920	7	7	7	1	0:00:00.937864
4940	6	6	6	1	0:00:00.934278
4960	4	4	4	1	0:00:00.935207
4980	1	1	1	1	0:00:00.935005
5000	7	7	7	1	0:00:00.929457
5020	8	8	8	1	0:00:00.927148
5040	3	1	3	0	0:00:00.933798
5060	6	2	2	0	0:00:00.938957
5080	7	7	7	1	0:00:00.948977
5100	3	3	3	1	0:00:00.944650
5120	9	9	9	1	0:00:00.936878
5140	8	8	8	1	0:00:00.930836
5160	0	0	0	1	0:00:00.933102
5180	9	9	9	1	0:00:00.932419
5200	3	-1	0	0	0:00:00.939715
5220	0	0	0	1	0:00:00.937515
5240	1	1	1	1	0:00:00.935365
5260	0	0	0	1	0:00:00.949340
5280	0	-1	4	0	0:00:00.944268
5300	9	9	9	1	0:00:00.942491
5320	7	7	7	1	0:00:00.946361
5340	3	4	5	0	0:00:00.946212
5360	9	9	9	1	0:00:00.946266
5380	1	1	1	1	0:00:00.944786
5400	9	9	9	1	0:00:00.949243
5420	6	6	6	1	0:00:00.942113
5440	9	9	9	1	0:00:00.941972
5460	0	0	0	1	0:00:00.931689
5480	1	1	1	1	0:00:00.933517
5500	8	8	8	1	0:00:00.941140
5520	4	4	4	1	0:00:00.950341
5540	5	5	5	1	0:00:00.934553
5560	3	5	3	0	0:00:00.942875
5580	5	3	3	0	0:00:00.937081
5600	6	6	3	1	0:00:00.948443
5620	3	3	3	1	0:00:00.962734
5640	2	2	2	1	0:00:00.933772
5660	9	9	9	1	0:00:00.944515
5680	2	2	2	1	0:00:00.933644
5700	3	3	3	1	0:00:00.923905
5720	9	9	9	1	0:00:00.941605
5740	6	6	4	1	0:00:00.958102
5760	2	2	2	1	0:00:00.944928
5780	7	7	7	1	0:00:00.944241
5800	2	2	2	1	0:00:00.955143
5820	5	5	5	1	0:00:00.944056
5840	2	-1	3	0	0:00:00.942190
5860	0	0	0	1	0:00:00.937589
5880	0	0	0	1	0:00:00.941940
5900	4	-1	0	0	0:00:00.940910
5920	8	8	8	1	0:00:00.946105
5940	7	7	0	1	0:00:00.936997
5960	2	6	2	0	0:00:00.938071
5980	9	9	9	1	0:00:00.943235
6000	8	8	8	1	0:00:00.949081
6020	6	6	6	1	0:00:00.936659
6040	2	-1	7	0	0:00:00.928933
6060	3	4	2	0	0:00:00.942877
6080	1	1	1	1	0:00:00.940168
6100	1	1	1	1	0:00:00.947009
6120	5	5	5	1	0:00:00.940558
6140	9	9	9	1	0:00:00.933252
6160	2	2	2	1	0:00:00.936192
6180	0	0	0	1	0:00:00.941566
6200	3	2	2	0	0:00:00.939939
6220	2	-1	2	0	0:00:00.945266
6240	2	2	2	1	0:00:00.941492
6260	2	2	2	1	0:00:00.945435
6280	8	8	8	1	0:00:00.939499
6300	1	1	1	1	0:00:00.935791
6320	0	0	0	1	0:00:00.939221
6340	3	3	3	1	0:00:00.949510
6360	2	2	2	1	0:00:00.936182
6380	3	-1	7	0	0:00:00.951402
6400	0	0	0	1	0:00:00.940719
6420	7	7	7	1	0:00:00.929310
6440	3	-1	3	0	0:00:00.940207
6460	3	3	3	1	0:00:00.943188
6480	0	0	0	1	0:00:00.940624
6500	7	-1	8	0	0:00:00.947105
6520	6	6	2	1	0:00:00.949803
6540	8	8	8	1	0:00:00.942918
6560	6	-1	5	0	0:00:00.934426
6580	1	1	1	1	0:00:00.939621
6600	7	7	7	1	0:00:00.937118
6620	7	7	7	1	0:00:00.937946
6640	5	3	3	0	0:00:00.933487
6660	0	0	0	1	0:00:00.933659
6680	3	5	5	0	0:00:00.930021
6700	6	6	8	1	0:00:00.945325
6720	2	2	2	1	0:00:00.942760
6740	2	2	2	1	0:00:00.933199
6760	5	5	5	1	0:00:00.949023
6780	7	7	7	1	0:00:00.948559
6800	6	6	2	1	0:00:00.936687
6820	1	1	1	1	0:00:00.939628
6840	9	9	9	1	0:00:00.936970
6860	0	0	0	1	0:00:00.931875
6880	2	2	2	1	0:00:00.945199
6900	3	5	5	0	0:00:00.928342
6920	5	5	5	1	0:00:00.930564
6940	1	1	1	1	0:00:00.937587
6960	9	9	9	1	0:00:00.935052
6980	0	0	0	1	0:00:00.933509
7000	2	0	0	0	0:00:00.929329
7020	7	7	7	1	0:00:00.930596
7040	7	0	0	0	0:00:00.934506
7060	8	8	8	1	0:00:00.944050
7080	5	-1	0	0	0:00:00.929626
7100	9	-1	2	0	0:00:00.924299
7120	7	5	5	0	0:00:00.932026
7140	4	4	2	1	0:00:00.929251
7160	5	5	5	1	0:00:00.930229
7180	6	6	6	1	0:00:00.928607
7200	4	4	4	1	0:00:00.939555
7220	9	9	9	1	0:00:00.936284
7240	0	0	0	1	0:00:00.927945
7260	1	1	1	1	0:00:00.943013
7280	1	1	1	1	0:00:00.943522
7300	3	5	5	0	0:00:00.938729
7320	8	8	8	1	0:00:00.942020
7340	2	2	0	1	0:00:00.932980
7360	2	2	2	1	0:00:00.934782
7380	7	7	7	1	0:00:00.930849
7400	3	5	3	0	0:00:00.930969
7420	3	-1	2	0	0:00:00.936851
7440	3	3	3	1	0:00:00.931974
7460	5	5	5	1	0:00:00.940188
7480	1	1	1	1	0:00:00.930274
7500	6	6	6	1	0:00:00.935216
7520	4	4	4	1	0:00:00.948413
7540	5	5	5	1	0:00:00.946230
7560	0	0	0	1	0:00:00.944641
7580	8	8	8	1	0:00:00.939102
7600	8	2	2	0	0:00:00.937943
7620	5	1	3	0	0:00:00.937243
7640	9	-1	9	0	0:00:00.943954
7660	7	7	7	1	0:00:00.945870
7680	3	-1	5	0	0:00:00.943628
7700	6	6	6	1	0:00:00.940175
7720	5	5	5	1	0:00:00.935226
7740	4	4	4	1	0:00:00.933568
7760	2	-1	0	0	0:00:00.942749
7780	3	8	8	0	0:00:00.936658
7800	0	0	0	1	0:00:00.932551
7820	5	3	3	0	0:00:00.928109
7840	1	1	1	1	0:00:00.936657
7860	8	8	8	1	0:00:00.937016
7880	0	0	0	1	0:00:00.938073
7900	0	0	0	1	0:00:00.943174
7920	9	9	9	1	0:00:00.941647
7940	2	-1	2	0	0:00:00.937088
7960	0	0	0	1	0:00:00.932138
7980	3	3	3	1	0:00:00.936219
8000	9	9	9	1	0:00:00.942897
8020	6	3	3	0	0:00:00.941732
8040	2	2	2	1	0:00:00.938175
8060	6	6	6	1	0:00:00.945769
8080	4	4	3	1	0:00:00.946706
8100	6	6	6	1	0:00:00.941082
8120	8	8	8	1	0:00:00.930191
8140	5	-1	5	0	0:00:00.938021
8160	6	6	6	1	0:00:00.960724
8180	4	4	2	1	0:00:00.930939
8200	3	-1	3	0	0:00:00.948531
8220	6	6	5	1	0:00:00.945271
8240	7	7	7	1	0:00:00.950140
8260	1	1	1	1	0:00:00.944833
8280	4	4	4	1	0:00:00.945008
8300	5	5	3	1	0:00:00.936700
8320	7	7	7	1	0:00:00.948647
8340	5	5	5	1	0:00:00.934570
8360	7	7	7	1	0:00:00.945032
8380	9	9	9	1	0:00:00.943565
8400	0	0	0	1	0:00:00.939562
8420	3	6	3	0	0:00:00.944168
8440	5	-1	3	0	0:00:00.951841
8460	8	8	8	1	0:00:00.953938
8480	2	-1	5	0	0:00:00.942837
8500	4	4	4	1	0:00:00.942245
8520	8	8	8	1	0:00:00.952095
8540	4	4	4	1	0:00:00.943841
8560	7	7	7	1	0:00:00.936338
8580	3	5	5	0	0:00:00.948929
8600	3	3	3	1	0:00:00.943952
8620	3	3	3	1	0:00:00.945570
8640	1	-1	1	0	0:00:00.954682
8660	7	7	7	1	0:00:00.949962
8680	3	3	5	1	0:00:00.940370
8700	3	3	3	1	0:00:00.947617
8720	2	0	0	0	0:00:00.942902
8740	2	2	2	1	0:00:00.938136
8760	8	8	8	1	0:00:00.932099
8780	4	4	8	1	0:00:00.947139
8800	0	0	0	1	0:00:00.947267
8820	2	2	2	1	0:00:00.946718
8840	2	-1	2	0	0:00:00.940281
8860	2	2	2	1	0:00:00.949474
8880	1	1	1	1	0:00:00.941115
8900	2	-1	3	0	0:00:00.943352
8920	6	6	6	1	0:00:00.950880
8940	6	3	3	0	0:00:00.947862
8960	0	2	2	0	0:00:00.945219
8980	9	9	9	1	0:00:00.943034
9000	8	8	8	1	0:00:00.946513
9020	7	7	7	1	0:00:00.941502
9040	2	5	5	0	0:00:00.947338
9060	9	9	9	1	0:00:00.941730
9080	3	3	3	1	0:00:00.944519
9100	9	-1	1	0	0:00:00.938848
9120	3	5	5	0	0:00:00.946678
9140	7	7	7	1	0:00:00.950379
9160	5	5	5	1	0:00:00.946632
9180	5	5	5	1	0:00:00.943530
9200	8	8	8	1	0:00:00.945401
9220	8	8	8	1	0:00:00.950375
9240	8	8	8	1	0:00:00.947952
9260	5	5	3	1	0:00:00.948499
9280	9	9	9	1	0:00:00.937604
9300	5	4	4	0	0:00:00.943077
9320	9	9	9	1	0:00:00.954162
9340	1	1	1	1	0:00:00.940932
9360	5	0	0	0	0:00:00.948451
9380	5	3	3	0	0:00:00.972529
9400	6	6	6	1	0:00:00.944181
9420	5	5	5	1	0:00:00.959267
9440	8	8	8	1	0:00:00.948843
9460	3	3	3	1	0:00:00.934740
9480	2	2	2	1	0:00:00.941349
9500	9	9	9	1	0:00:00.943291
9520	1	1	1	1	0:00:00.946909
9540	5	5	5	1	0:00:00.945728
9560	9	9	9	1	0:00:00.939139
9580	1	1	1	1	0:00:00.939563
9600	8	8	8	1	0:00:00.946072
9620	4	4	5	1	0:00:00.949305
9640	5	5	5	1	0:00:00.939016
9660	6	6	6	1	0:00:00.939623
9680	8	8	8	1	0:00:00.945954
9700	0	0	0	1	0:00:00.945499
9720	8	8	8	1	0:00:00.950112
9740	3	6	3	0	0:00:00.940035
9760	9	-1	5	0	0:00:00.947003
9780	4	-1	2	0	0:00:00.945158
9800	1	1	1	1	0:00:00.962964
9820	0	0	0	1	0:00:00.958804
9840	4	7	7	0	0:00:00.958361
9860	0	0	0	1	0:00:00.943693
9880	7	7	7	1	0:00:00.941951
9900	8	8	8	1	0:00:00.943667
9920	6	6	6	1	0:00:00.943436
9940	4	4	5	1	0:00:00.947679
9960	2	0	0	0	0:00:00.946518
9980	0	0	0	1	0:00:00.941993
