idx	label	predict	basePredict	correct	time
0	3	2	2	0	0:00:02.075662
20	7	1	9	0	0:00:01.978658
40	4	8	8	0	0:00:01.988526
60	7	7	4	1	0:00:01.990014
80	8	8	8	1	0:00:01.988437
100	4	-1	4	0	0:00:01.979395
120	8	8	8	1	0:00:01.944257
140	6	2	2	0	0:00:01.946796
160	2	0	2	0	0:00:01.929818
180	0	0	8	1	0:00:01.942954
200	5	3	3	0	0:00:01.934151
220	7	7	7	1	0:00:01.949037
240	1	1	8	1	0:00:01.934186
260	8	3	3	0	0:00:01.928421
280	9	9	8	1	0:00:01.949619
300	6	-1	4	0	0:00:01.964095
320	3	2	2	0	0:00:01.949023
340	2	4	4	0	0:00:01.963465
360	9	7	6	0	0:00:01.949476
380	6	6	4	1	0:00:01.964789
400	9	9	8	1	0:00:01.975528
420	4	-1	6	0	0:00:01.938085
440	1	1	9	1	0:00:01.949570
460	5	-1	3	0	0:00:01.944808
480	8	9	8	0	0:00:01.943617
500	4	6	4	0	0:00:01.940404
520	5	7	7	0	0:00:01.953188
540	1	9	8	0	0:00:01.956897
560	0	0	8	1	0:00:01.943497
580	4	6	4	0	0:00:01.952463
600	8	8	8	1	0:00:01.940797
620	7	6	4	0	0:00:01.961578
640	5	3	3	0	0:00:01.936952
660	9	9	9	1	0:00:01.936907
680	9	7	4	0	0:00:01.954080
700	7	-1	4	0	0:00:01.949429
720	4	9	9	0	0:00:01.972493
740	2	5	3	0	0:00:01.965522
760	3	9	9	0	0:00:01.950933
780	9	1	0	0	0:00:01.951104
800	7	7	7	1	0:00:01.943177
820	6	-1	8	0	0:00:01.961069
840	7	7	7	1	0:00:01.940457
860	4	4	4	1	0:00:01.950443
880	8	8	8	1	0:00:01.953699
900	2	6	4	0	0:00:01.946800
920	6	-1	2	0	0:00:01.942188
940	9	9	9	1	0:00:01.962727
960	9	9	4	1	0:00:01.938586
980	2	6	6	0	0:00:02.002727
1000	5	5	5	1	0:00:01.857786
1020	1	1	8	1	0:00:01.861223
1040	7	5	5	0	0:00:01.882790
1060	9	9	8	1	0:00:01.851977
1080	6	6	6	1	0:00:01.862174
1100	7	8	8	0	0:00:01.873837
1120	5	2	2	0	0:00:01.834783
1140	6	4	4	0	0:00:01.822545
1160	8	0	0	0	0:00:01.852689
1180	3	3	8	1	0:00:01.849747
1200	8	0	0	0	0:00:01.844160
1220	9	6	6	0	0:00:01.863104
1240	2	6	6	0	0:00:01.795445
1260	1	9	9	0	0:00:01.790422
1280	3	7	7	0	0:00:01.813511
1300	4	3	3	0	0:00:01.815350
1320	7	2	2	0	0:00:01.806396
1340	1	1	1	1	0:00:01.805218
1360	7	7	4	1	0:00:01.808207
1380	4	5	5	0	0:00:01.842183
1400	5	6	2	0	0:00:01.834157
1420	4	7	7	0	0:00:01.797457
1440	0	8	8	0	0:00:01.805420
1460	6	6	4	1	0:00:01.803109
1480	1	-1	5	0	0:00:01.804618
1500	1	9	8	0	0:00:01.878884
1520	7	7	2	1	0:00:01.856295
1540	8	8	8	1	0:00:01.840403
1560	7	7	7	1	0:00:01.852055
1580	6	1	1	0	0:00:01.861318
1600	8	-1	6	0	0:00:01.845484
1620	5	8	8	0	0:00:01.848725
1640	7	5	3	0	0:00:01.822127
1660	3	-1	4	0	0:00:01.847989
1680	6	6	6	1	0:00:01.851965
1700	5	2	2	0	0:00:01.841307
1720	4	2	2	0	0:00:01.857701
1740	1	9	9	0	0:00:01.851177
1760	0	8	8	0	0:00:01.870430
1780	7	-1	8	0	0:00:01.888996
1800	4	8	8	0	0:00:01.868709
1820	8	9	8	0	0:00:01.897867
1840	8	9	4	0	0:00:01.892004
1860	8	8	8	1	0:00:01.893872
1880	1	-1	8	0	0:00:01.901090
1900	8	8	8	1	0:00:01.893260
1920	2	-1	2	0	0:00:01.860843
1940	5	3	3	0	0:00:01.894758
1960	2	5	5	0	0:00:01.898291
1980	9	9	2	1	0:00:01.864344
2000	1	6	6	0	0:00:01.888991
2020	9	9	9	1	0:00:01.858308
2040	0	8	8	0	0:00:01.871752
2060	5	5	3	1	0:00:01.882068
2080	1	-1	4	0	0:00:01.887966
2100	2	4	4	0	0:00:01.855260
2120	4	8	8	0	0:00:01.885533
2140	9	9	1	1	0:00:01.842775
2160	0	8	8	0	0:00:01.905186
2180	4	4	4	1	0:00:01.871642
2200	0	2	2	0	0:00:01.878774
2220	1	1	4	1	0:00:01.887825
2240	9	9	8	1	0:00:01.895443
2260	4	7	4	0	0:00:01.881653
2280	4	8	8	0	0:00:01.867523
2300	3	-1	4	0	0:00:01.888239
2320	5	-1	8	0	0:00:01.847992
2340	7	7	7	1	0:00:01.882163
2360	7	-1	3	0	0:00:01.875746
2380	8	-1	8	0	0:00:01.834837
2400	0	0	0	1	0:00:01.853599
2420	8	-1	5	0	0:00:01.894542
2440	7	7	8	1	0:00:01.905473
2460	9	3	3	0	0:00:01.872822
2480	8	8	8	1	0:00:01.872564
2500	4	-1	2	0	0:00:01.905603
2520	1	9	8	0	0:00:01.854118
2540	2	3	3	0	0:00:01.872513
2560	7	-1	4	0	0:00:01.883700
2580	6	4	4	0	0:00:01.885752
2600	8	8	8	1	0:00:01.872020
2620	1	4	4	0	0:00:01.890143
2640	7	7	6	1	0:00:01.837039
2660	3	4	2	0	0:00:01.870851
2680	0	0	0	1	0:00:01.896382
2700	9	-1	0	0	0:00:01.873544
2720	3	2	2	0	0:00:01.904641
2740	1	1	9	1	0:00:01.834968
2760	2	-1	4	0	0:00:01.881920
2780	7	7	7	1	0:00:01.881049
2800	4	6	6	0	0:00:01.882833
2820	6	6	4	1	0:00:01.884815
2840	3	3	3	1	0:00:01.882968
2860	5	7	4	0	0:00:01.876899
2880	4	4	4	1	0:00:01.862671
2900	3	2	2	0	0:00:01.856987
2920	2	5	8	0	0:00:01.889368
2940	3	0	0	0	0:00:01.896092
2960	9	-1	8	0	0:00:01.867807
2980	8	1	8	0	0:00:01.853427
3000	5	5	5	1	0:00:01.888399
3020	1	1	8	1	0:00:01.888912
3040	7	7	7	1	0:00:01.887061
3060	7	7	7	1	0:00:01.897900
3080	1	-1	2	0	0:00:01.880151
3100	0	0	0	1	0:00:01.888704
3120	4	6	2	0	0:00:01.885691
3140	8	8	8	1	0:00:01.881315
3160	6	4	4	0	0:00:01.905078
3180	3	9	8	0	0:00:01.893666
3200	5	7	7	0	0:00:01.895537
3220	3	9	9	0	0:00:01.899921
3240	4	1	8	0	0:00:01.903645
3260	7	0	0	0	0:00:01.882053
3280	3	5	0	0	0:00:01.895086
3300	4	6	4	0	0:00:01.912646
3320	2	7	7	0	0:00:01.863366
3340	6	-1	4	0	0:00:01.869506
3360	4	6	6	0	0:00:01.846085
3380	8	-1	8	0	0:00:01.876257
3400	6	4	4	0	0:00:01.861944
3420	5	-1	4	0	0:00:01.844994
3440	2	9	3	0	0:00:01.840450
3460	1	1	4	1	0:00:01.852985
3480	2	2	2	1	0:00:01.814694
3500	1	1	4	1	0:00:01.810569
3520	1	1	1	1	0:00:01.823187
3540	6	6	6	1	0:00:01.806003
3560	1	9	0	0	0:00:01.838408
3580	4	1	8	0	0:00:01.873077
3600	4	2	2	0	0:00:01.870797
3620	0	6	6	0	0:00:01.844373
3640	6	2	2	0	0:00:01.845166
3660	0	8	8	0	0:00:01.835948
3680	0	2	2	0	0:00:01.859328
3700	3	-1	4	0	0:00:01.841632
3720	2	2	2	1	0:00:01.883123
3740	0	0	8	1	0:00:01.862700
3760	7	7	7	1	0:00:01.875165
3780	4	-1	2	0	0:00:01.869232
3800	9	-1	3	0	0:00:01.869699
3820	0	2	2	0	0:00:01.866369
3840	6	-1	3	0	0:00:01.867476
3860	7	7	7	1	0:00:01.872781
3880	6	4	4	0	0:00:01.867085
3900	3	-1	1	0	0:00:01.874984
3920	7	9	8	0	0:00:01.868558
3940	6	7	4	0	0:00:01.884752
3960	2	5	5	0	0:00:01.865251
3980	9	7	7	0	0:00:01.848138
4000	8	7	4	0	0:00:01.860946
4020	8	1	8	0	0:00:01.856791
4040	0	0	0	1	0:00:01.868936
4060	6	3	3	0	0:00:01.866284
4080	1	8	8	0	0:00:01.860007
4100	7	7	7	1	0:00:01.823588
4120	4	0	0	0	0:00:01.837534
4140	5	3	3	0	0:00:01.840371
4160	5	2	2	0	0:00:01.863825
4180	0	0	8	1	0:00:01.882432
4200	4	2	2	0	0:00:01.864434
4220	4	0	0	0	0:00:01.869227
4240	7	0	0	0	0:00:01.842715
4260	8	1	8	0	0:00:01.827823
4280	8	-1	8	0	0:00:01.846494
4300	8	8	8	1	0:00:01.827435
4320	1	8	8	0	0:00:01.831116
4340	0	8	8	0	0:00:01.834531
4360	6	9	6	0	0:00:01.830619
4380	9	9	8	1	0:00:01.828518
4400	3	4	4	0	0:00:01.858147
4420	5	8	8	0	0:00:01.862718
4440	2	6	2	0	0:00:01.881850
4460	9	1	8	0	0:00:01.873051
4480	9	-1	3	0	0:00:01.869675
4500	3	6	6	0	0:00:01.865272
4520	3	6	6	0	0:00:01.835576
4540	9	9	9	1	0:00:01.872440
4560	1	1	4	1	0:00:01.865349
4580	6	4	4	0	0:00:01.862971
4600	4	7	4	0	0:00:01.865741
4620	7	3	3	0	0:00:01.879305
4640	2	3	4	0	0:00:01.857736
4660	7	-1	2	0	0:00:01.860251
4680	9	1	1	0	0:00:01.864295
4700	6	1	4	0	0:00:01.843751
4720	8	0	0	0	0:00:01.851079
4740	5	3	4	0	0:00:01.872093
4760	3	-1	4	0	0:00:01.879889
4780	0	0	8	1	0:00:01.875496
4800	9	9	9	1	0:00:01.872351
4820	3	5	5	0	0:00:01.867273
4840	0	0	0	1	0:00:01.909348
4860	5	3	3	0	0:00:01.878264
4880	0	2	2	0	0:00:01.871905
4900	3	6	6	0	0:00:01.877182
4920	7	7	4	1	0:00:01.858383
4940	6	4	4	0	0:00:01.885884
4960	4	3	3	0	0:00:01.890061
4980	1	9	9	0	0:00:01.888706
5000	7	7	7	1	0:00:01.862216
5020	8	1	8	0	0:00:01.913402
5040	3	-1	4	0	0:00:01.861611
5060	6	2	4	0	0:00:01.887588
5080	7	7	7	1	0:00:01.900814
5100	3	3	3	1	0:00:01.862379
5120	9	-1	8	0	0:00:01.903969
5140	8	8	8	1	0:00:01.833202
5160	0	8	8	0	0:00:01.894066
5180	9	-1	4	0	0:00:01.868061
5200	3	3	3	1	0:00:01.856090
5220	0	0	0	1	0:00:01.885705
5240	1	9	2	0	0:00:01.897341
5260	0	0	0	1	0:00:01.904760
5280	0	8	8	0	0:00:01.891702
5300	9	-1	9	0	0:00:01.897073
5320	7	-1	3	0	0:00:01.892897
5340	3	4	4	0	0:00:01.844655
5360	9	9	3	1	0:00:01.888144
5380	1	9	9	0	0:00:01.882037
5400	9	-1	8	0	0:00:01.868131
5420	6	6	6	1	0:00:01.878772
5440	9	9	9	1	0:00:01.854904
5460	0	7	7	0	0:00:01.897864
5480	1	1	8	1	0:00:01.862825
5500	8	1	8	0	0:00:01.904007
5520	4	-1	3	0	0:00:01.898472
5540	5	6	2	0	0:00:01.884380
5560	3	6	6	0	0:00:01.864500
5580	5	6	6	0	0:00:01.851032
5600	6	-1	0	0	0:00:01.877336
5620	3	2	2	0	0:00:01.871221
5640	2	5	3	0	0:00:01.872589
5660	9	-1	8	0	0:00:01.879090
5680	2	1	8	0	0:00:01.886326
5700	3	-1	2	0	0:00:01.846666
5720	9	9	9	1	0:00:01.924577
5740	6	4	4	0	0:00:01.882391
5760	2	-1	2	0	0:00:01.845228
5780	7	7	4	1	0:00:01.895588
5800	2	-1	4	0	0:00:01.893726
5820	5	6	6	0	0:00:01.850268
5840	2	6	6	0	0:00:01.874571
5860	0	8	8	0	0:00:01.842947
5880	0	8	0	0	0:00:01.879159
5900	4	3	4	0	0:00:01.844356
5920	8	8	8	1	0:00:01.886379
5940	7	4	4	0	0:00:01.865524
5960	2	-1	4	0	0:00:01.867881
5980	9	9	6	1	0:00:01.891155
6000	8	9	8	0	0:00:01.847118
6020	6	-1	6	0	0:00:01.856976
6040	2	7	7	0	0:00:01.866972
6060	3	4	4	0	0:00:01.921307
6080	1	9	6	0	0:00:01.881416
6100	1	1	8	1	0:00:01.841615
6120	5	5	5	1	0:00:01.862295
6140	9	9	9	1	0:00:01.883165
6160	2	5	5	0	0:00:01.884491
6180	0	9	8	0	0:00:01.883655
6200	3	9	3	0	0:00:01.842973
6220	2	6	5	0	0:00:01.850534
6240	2	-1	4	0	0:00:01.891863
6260	2	9	8	0	0:00:01.883791
6280	8	5	4	0	0:00:01.912283
6300	1	7	4	0	0:00:01.864781
6320	0	0	0	1	0:00:01.876367
6340	3	3	3	1	0:00:01.884865
6360	2	6	2	0	0:00:01.895676
6380	3	6	6	0	0:00:01.876214
6400	0	1	4	0	0:00:01.866957
6420	7	-1	8	0	0:00:01.884211
6440	3	9	8	0	0:00:01.879886
6460	3	1	4	0	0:00:01.873908
6480	0	-1	2	0	0:00:01.872287
6500	7	0	8	0	0:00:01.861959
6520	6	4	4	0	0:00:01.857632
6540	8	8	8	1	0:00:01.826806
6560	6	6	4	1	0:00:01.874372
6580	1	2	2	0	0:00:01.937496
6600	7	7	7	1	0:00:01.943887
6620	7	7	7	1	0:00:01.938864
6640	5	3	8	0	0:00:01.965261
6660	0	0	8	1	0:00:01.942518
6680	3	5	5	0	0:00:01.934156
6700	6	-1	2	0	0:00:01.931008
6720	2	4	2	0	0:00:01.927698
6740	2	-1	4	0	0:00:01.918138
6760	5	3	6	0	0:00:01.950753
6780	7	7	7	1	0:00:01.930226
6800	6	2	4	0	0:00:01.904352
6820	1	1	8	1	0:00:02.021315
6840	9	9	9	1	0:00:01.934647
6860	0	-1	2	0	0:00:01.921311
6880	2	7	6	0	0:00:01.878388
6900	3	7	4	0	0:00:01.877945
6920	5	2	2	0	0:00:01.887243
6940	1	1	1	1	0:00:01.888223
6960	9	8	8	0	0:00:01.873824
6980	0	9	8	0	0:00:01.897392
7000	2	8	8	0	0:00:01.875108
7020	7	-1	8	0	0:00:01.861018
7040	7	8	8	0	0:00:01.868699
7060	8	0	8	0	0:00:01.878324
7080	5	4	4	0	0:00:01.871271
7100	9	3	3	0	0:00:01.885885
7120	7	-1	6	0	0:00:01.866232
7140	4	3	4	0	0:00:01.873313
7160	5	4	4	0	0:00:01.895788
7180	6	6	6	1	0:00:01.875705
7200	4	6	2	0	0:00:01.879306
7220	9	9	8	1	0:00:01.881967
7240	0	8	8	0	0:00:01.867250
7260	1	8	8	0	0:00:01.868373
7280	1	-1	6	0	0:00:01.875605
7300	3	7	4	0	0:00:01.877810
7320	8	0	0	0	0:00:01.872351
7340	2	4	4	0	0:00:01.881263
7360	2	-1	4	0	0:00:01.884351
7380	7	-1	7	0	0:00:01.888229
7400	3	3	3	1	0:00:01.884182
7420	3	0	0	0	0:00:01.870714
7440	3	-1	2	0	0:00:01.860403
7460	5	5	5	1	0:00:01.858639
7480	1	8	8	0	0:00:01.854866
7500	6	6	6	1	0:00:01.866259
7520	4	6	4	0	0:00:01.872987
7540	5	5	5	1	0:00:01.874818
7560	0	9	8	0	0:00:01.881050
7580	8	8	8	1	0:00:01.879467
7600	8	9	8	0	0:00:01.884179
7620	5	9	3	0	0:00:01.890681
7640	9	9	6	1	0:00:01.869968
7660	7	-1	4	0	0:00:01.868622
7680	3	9	3	0	0:00:01.867500
7700	6	6	4	1	0:00:01.871644
7720	5	5	4	1	0:00:01.886798
7740	4	6	2	0	0:00:01.886997
7760	2	9	6	0	0:00:01.891827
7780	3	1	8	0	0:00:01.889115
7800	0	0	8	1	0:00:01.884471
7820	5	8	8	0	0:00:01.889456
7840	1	1	1	1	0:00:01.879935
7860	8	7	4	0	0:00:01.879515
7880	0	0	0	1	0:00:01.884578
7900	0	-1	8	0	0:00:01.890252
7920	9	8	8	0	0:00:01.877413
7940	2	6	6	0	0:00:01.872670
7960	0	0	3	1	0:00:01.880657
7980	3	7	4	0	0:00:01.864129
8000	9	9	8	1	0:00:01.860672
8020	6	3	3	0	0:00:01.865827
8040	2	-1	4	0	0:00:01.884826
8060	6	6	4	1	0:00:01.878157
8080	4	6	6	0	0:00:01.876623
8100	6	2	2	0	0:00:01.886943
8120	8	9	8	0	0:00:01.879495
8140	5	4	4	0	0:00:01.890019
8160	6	9	6	0	0:00:01.870426
8180	4	4	2	1	0:00:01.869283
8200	3	6	2	0	0:00:01.893293
8220	6	-1	2	0	0:00:01.893660
8240	7	7	7	1	0:00:01.882077
8260	1	3	3	0	0:00:01.895525
8280	4	-1	3	0	0:00:01.885054
8300	5	2	2	0	0:00:01.887281
8320	7	3	4	0	0:00:01.884097
8340	5	3	4	0	0:00:01.869783
8360	7	7	4	1	0:00:01.877151
8380	9	-1	8	0	0:00:01.893624
8400	0	8	8	0	0:00:01.884781
8420	3	-1	4	0	0:00:01.898327
8440	5	3	4	0	0:00:01.891466
8460	8	8	8	1	0:00:01.884646
8480	2	1	8	0	0:00:01.875518
8500	4	2	2	0	0:00:01.877491
8520	8	-1	4	0	0:00:01.875762
8540	4	-1	2	0	0:00:01.887201
8560	7	-1	4	0	0:00:01.869107
8580	3	-1	2	0	0:00:01.862544
8600	3	-1	4	0	0:00:01.884436
8620	3	7	4	0	0:00:01.863166
8640	1	1	1	1	0:00:01.877694
8660	7	-1	5	0	0:00:01.871049
8680	3	9	8	0	0:00:01.861815
8700	3	3	3	1	0:00:01.887980
8720	2	0	0	0	0:00:01.878634
8740	2	4	4	0	0:00:01.873165
8760	8	8	8	1	0:00:01.881155
8780	4	7	4	0	0:00:01.869760
8800	0	0	0	1	0:00:01.895485
8820	2	-1	3	0	0:00:01.886873
8840	2	1	1	0	0:00:01.877603
8860	2	6	6	0	0:00:01.867560
8880	1	9	6	0	0:00:01.863870
8900	2	6	4	0	0:00:01.910945
8920	6	6	6	1	0:00:01.887633
8940	6	3	3	0	0:00:01.867459
8960	0	0	0	1	0:00:01.892368
8980	9	9	8	1	0:00:01.891979
9000	8	8	8	1	0:00:01.884417
9020	7	9	8	0	0:00:01.886890
9040	2	5	5	0	0:00:01.878478
9060	9	5	5	0	0:00:01.886894
9080	3	0	0	0	0:00:01.864081
9100	9	6	6	0	0:00:01.875348
9120	3	0	0	0	0:00:01.862744
9140	7	-1	8	0	0:00:01.872062
9160	5	7	4	0	0:00:01.882010
9180	5	5	5	1	0:00:01.891187
9200	8	8	8	1	0:00:01.885081
9220	8	8	8	1	0:00:01.883525
9240	8	8	8	1	0:00:01.885844
9260	5	-1	5	0	0:00:01.898521
9280	9	1	8	0	0:00:01.873580
9300	5	3	2	0	0:00:01.876026
9320	9	9	8	1	0:00:01.894644
9340	1	1	1	1	0:00:01.870974
9360	5	-1	4	0	0:00:01.875633
9380	5	9	3	0	0:00:01.873364
9400	6	4	4	0	0:00:01.886536
9420	5	-1	6	0	0:00:01.867012
9440	8	8	8	1	0:00:01.871126
9460	3	7	6	0	0:00:01.879030
9480	2	4	4	0	0:00:01.894101
9500	9	1	4	0	0:00:01.879657
9520	1	1	1	1	0:00:01.864786
9540	5	3	4	0	0:00:01.897067
9560	9	7	7	0	0:00:01.875083
9580	1	4	4	0	0:00:01.874067
9600	8	8	8	1	0:00:01.877703
9620	4	7	4	0	0:00:01.874853
9640	5	0	6	0	0:00:01.874720
9660	6	6	6	1	0:00:01.889678
9680	8	8	8	1	0:00:01.857008
9700	0	0	2	1	0:00:01.879749
9720	8	1	4	0	0:00:01.857828
9740	3	-1	4	0	0:00:01.868873
9760	9	-1	4	0	0:00:01.865368
9780	4	6	4	0	0:00:01.870745
9800	1	1	1	1	0:00:01.868065
9820	0	8	8	0	0:00:01.860340
9840	4	5	5	0	0:00:01.862299
9860	0	5	8	0	0:00:01.875475
9880	7	4	4	0	0:00:01.873533
9900	8	0	8	0	0:00:01.866695
9920	6	4	2	0	0:00:01.877959
9940	4	-1	7	0	0:00:01.880214
9960	2	0	0	0	0:00:01.882645
9980	0	0	0	1	0:00:01.873810
