idx	label	predict	basePredict	correct	time
0	3	4	4	0	0:00:16.847816
20	7	9	9	0	0:00:15.724776
40	4	8	8	0	0:00:15.775168
60	7	2	2	0	0:00:15.704802
80	8	8	8	1	0:00:15.750725
100	4	5	5	0	0:00:15.696641
120	8	8	8	1	0:00:15.691276
140	6	2	2	0	0:00:15.760194
160	2	0	0	0	0:00:15.758576
180	0	0	0	1	0:00:15.759655
200	5	3	3	0	0:00:15.777838
220	7	7	7	1	0:00:15.706651
240	1	1	6	1	0:00:15.748854
260	8	5	5	0	0:00:15.702857
280	9	9	8	1	0:00:15.739150
300	6	4	4	0	0:00:15.733691
320	3	2	2	0	0:00:15.751472
340	2	5	4	0	0:00:15.731992
360	9	6	6	0	0:00:15.704103
380	6	8	8	0	0:00:16.010190
400	9	9	9	1	0:00:15.718275
420	4	6	6	0	0:00:15.704255
440	1	1	2	1	0:00:15.703226
460	5	5	4	1	0:00:15.686497
480	8	9	9	0	0:00:15.704285
500	4	6	2	0	0:00:15.734427
520	5	7	8	0	0:00:15.733683
540	1	8	8	0	0:00:15.715096
560	0	8	8	0	0:00:15.741819
580	4	6	6	0	0:00:15.747346
600	8	0	0	0	0:00:15.695351
620	7	4	2	0	0:00:15.717859
640	5	6	6	0	0:00:15.742479
660	9	9	9	1	0:00:15.799263
680	9	9	9	1	0:00:15.747480
700	7	7	2	1	0:00:15.730082
720	4	9	9	0	0:00:15.787464
740	2	5	5	0	0:00:15.767183
760	3	9	9	0	0:00:15.772717
780	9	0	0	0	0:00:15.745767
800	7	7	7	1	0:00:15.756278
820	6	9	9	0	0:00:15.769290
840	7	7	7	1	0:00:15.742372
860	4	4	6	1	0:00:15.695027
880	8	8	8	1	0:00:15.698654
900	2	6	6	0	0:00:15.777845
920	6	2	2	0	0:00:15.769905
940	9	6	4	0	0:00:15.707073
960	9	9	4	1	0:00:15.714622
980	2	6	6	0	0:00:15.786152
1000	5	5	5	1	0:00:15.028891
1020	1	8	8	0	0:00:14.985620
1040	7	5	5	0	0:00:15.000767
1060	9	8	8	0	0:00:15.026391
1080	6	6	6	1	0:00:14.983473
1100	7	8	8	0	0:00:14.993477
1120	5	8	8	0	0:00:14.980360
1140	6	4	4	0	0:00:14.956207
1160	8	0	0	0	0:00:14.958478
1180	3	9	9	0	0:00:14.961320
1200	8	0	0	0	0:00:14.994140
1220	9	2	2	0	0:00:14.958191
1240	2	6	6	0	0:00:15.061026
1260	1	9	9	0	0:00:14.983334
1280	3	7	7	0	0:00:14.983380
1300	4	6	6	0	0:00:14.974322
1320	7	7	0	1	0:00:14.965584
1340	1	1	1	1	0:00:15.066006
1360	7	-1	2	0	0:00:15.016541
1380	4	5	8	0	0:00:14.973365
1400	5	2	2	0	0:00:14.975727
1420	4	7	7	0	0:00:14.966935
1440	0	8	8	0	0:00:14.975904
1460	6	6	4	1	0:00:15.024673
1480	1	5	5	0	0:00:15.012904
1500	1	9	8	0	0:00:15.022357
1520	7	6	4	0	0:00:14.969368
1540	8	8	8	1	0:00:14.955673
1560	7	7	7	1	0:00:14.964195
1580	6	9	9	0	0:00:14.960177
1600	8	9	4	0	0:00:14.968473
1620	5	8	8	0	0:00:14.972485
1640	7	5	5	0	0:00:14.966000
1660	3	5	4	0	0:00:14.959509
1680	6	6	6	1	0:00:14.975506
1700	5	0	0	0	0:00:14.961344
1720	4	0	0	0	0:00:14.954484
1740	1	-1	0	0	0:00:14.956136
1760	0	8	8	0	0:00:14.962824
1780	7	8	8	0	0:00:14.944571
1800	4	8	8	0	0:00:14.964077
1820	8	9	9	0	0:00:14.969954
1840	8	7	7	0	0:00:15.025115
1860	8	8	8	1	0:00:14.957323
1880	1	1	4	1	0:00:15.033489
1900	8	8	8	1	0:00:14.991467
1920	2	7	2	0	0:00:14.949069
1940	5	2	2	0	0:00:14.955005
1960	2	5	5	0	0:00:14.957901
1980	9	9	2	1	0:00:14.946963
2000	1	6	6	0	0:00:14.971045
2020	9	9	9	1	0:00:14.996614
2040	0	8	8	0	0:00:14.958391
2060	5	5	5	1	0:00:15.024364
2080	1	2	2	0	0:00:14.970791
2100	2	4	4	0	0:00:14.955999
2120	4	8	8	0	0:00:14.978592
2140	9	9	1	1	0:00:15.030960
2160	0	8	8	0	0:00:15.024056
2180	4	6	6	0	0:00:14.961796
2200	0	0	0	1	0:00:14.996457
2220	1	1	4	1	0:00:14.968274
2240	9	9	9	1	0:00:14.979553
2260	4	7	4	0	0:00:14.951179
2280	4	8	8	0	0:00:14.955219
2300	3	6	4	0	0:00:14.970285
2320	5	8	8	0	0:00:14.953520
2340	7	7	7	1	0:00:14.950552
2360	7	7	0	1	0:00:14.965731
2380	8	8	8	1	0:00:14.999022
2400	0	0	0	1	0:00:14.982974
2420	8	5	5	0	0:00:14.980341
2440	7	8	8	0	0:00:14.951914
2460	9	9	6	1	0:00:14.950526
2480	8	8	8	1	0:00:14.956335
2500	4	2	2	0	0:00:14.952878
2520	1	8	8	0	0:00:14.977890
2540	2	3	3	0	0:00:14.947059
2560	7	5	0	0	0:00:14.960981
2580	6	4	4	0	0:00:14.948315
2600	8	8	8	1	0:00:14.949754
2620	1	6	4	0	0:00:14.954178
2640	7	7	2	1	0:00:14.956364
2660	3	0	0	0	0:00:14.953750
2680	0	0	0	1	0:00:15.002145
2700	9	0	0	0	0:00:14.977684
2720	3	8	8	0	0:00:14.963907
2740	1	1	6	1	0:00:14.959734
2760	2	6	6	0	0:00:15.030246
2780	7	7	6	1	0:00:14.962328
2800	4	6	6	0	0:00:15.031412
2820	6	6	6	1	0:00:14.968071
2840	3	3	3	1	0:00:14.960171
2860	5	7	7	0	0:00:14.968982
2880	4	4	4	1	0:00:14.976714
2900	3	5	4	0	0:00:14.949238
2920	2	8	8	0	0:00:14.964066
2940	3	8	8	0	0:00:14.960749
2960	9	7	7	0	0:00:15.010913
2980	8	1	4	0	0:00:14.974849
3000	5	5	5	1	0:00:14.952601
3020	1	1	4	1	0:00:14.994694
3040	7	7	7	1	0:00:14.978624
3060	7	7	7	1	0:00:15.009716
3080	1	2	2	0	0:00:14.982551
3100	0	0	0	1	0:00:14.959049
3120	4	6	4	0	0:00:15.063310
3140	8	8	8	1	0:00:14.971874
3160	6	4	4	0	0:00:14.982856
3180	3	8	8	0	0:00:15.003225
3200	5	1	6	0	0:00:14.989681
3220	3	7	7	0	0:00:15.014330
3240	4	0	0	0	0:00:15.004870
3260	7	0	0	0	0:00:14.965257
3280	3	0	0	0	0:00:14.958385
3300	4	4	2	1	0:00:15.013737
3320	2	7	7	0	0:00:14.971824
3340	6	4	4	0	0:00:15.007850
3360	4	6	6	0	0:00:14.979786
3380	8	9	8	0	0:00:14.961929
3400	6	4	4	0	0:00:14.982105
3420	5	6	6	0	0:00:14.987342
3440	2	9	9	0	0:00:14.988157
3460	1	1	4	1	0:00:14.976934
3480	2	2	2	1	0:00:14.949805
3500	1	4	4	0	0:00:14.949931
3520	1	1	1	1	0:00:14.968576
3540	6	8	8	0	0:00:15.014892
3560	1	9	8	0	0:00:14.963062
3580	4	1	8	0	0:00:14.958711
3600	4	2	2	0	0:00:14.972722
3620	0	7	7	0	0:00:14.949091
3640	6	2	0	0	0:00:14.964506
3660	0	8	8	0	0:00:14.984215
3680	0	2	2	0	0:00:14.964417
3700	3	-1	4	0	0:00:14.967185
3720	2	2	0	1	0:00:14.956858
3740	0	0	8	1	0:00:14.943293
3760	7	7	7	1	0:00:14.994399
3780	4	2	2	0	0:00:14.958888
3800	9	9	0	1	0:00:14.962835
3820	0	0	0	1	0:00:14.994445
3840	6	8	5	0	0:00:14.958889
3860	7	7	7	1	0:00:15.011851
3880	6	4	4	0	0:00:14.981295
3900	3	0	0	0	0:00:14.972592
3920	7	8	8	0	0:00:15.027566
3940	6	7	4	0	0:00:14.965103
3960	2	5	5	0	0:00:14.964444
3980	9	7	7	0	0:00:14.959551
4000	8	7	4	0	0:00:14.968283
4020	8	9	8	0	0:00:14.984687
4040	0	0	0	1	0:00:15.004471
4060	6	0	0	0	0:00:14.971417
4080	1	8	8	0	0:00:14.977567
4100	7	7	7	1	0:00:14.964084
4120	4	0	0	0	0:00:14.968444
4140	5	2	2	0	0:00:14.991821
4160	5	2	2	0	0:00:14.965395
4180	0	0	8	1	0:00:14.961182
4200	4	2	2	0	0:00:15.041620
4220	4	0	0	0	0:00:14.954697
4240	7	8	8	0	0:00:14.965685
4260	8	9	9	0	0:00:14.967870
4280	8	8	8	1	0:00:14.965537
4300	8	8	8	1	0:00:14.957901
4320	1	8	8	0	0:00:14.974494
4340	0	8	0	0	0:00:14.985752
4360	6	9	9	0	0:00:14.967827
4380	9	9	8	1	0:00:14.988734
4400	3	8	8	0	0:00:14.962339
4420	5	8	8	0	0:00:15.056667
4440	2	6	6	0	0:00:15.003275
4460	9	8	8	0	0:00:14.959241
4480	9	6	6	0	0:00:14.969423
4500	3	7	7	0	0:00:14.994020
4520	3	6	6	0	0:00:14.975392
4540	9	9	9	1	0:00:15.009097
4560	1	6	4	0	0:00:14.958469
4580	6	-1	4	0	0:00:14.954854
4600	4	7	7	0	0:00:14.963436
4620	7	3	3	0	0:00:14.959891
4640	2	5	5	0	0:00:15.030431
4660	7	2	2	0	0:00:15.033729
4680	9	1	1	0	0:00:14.965254
4700	6	1	4	0	0:00:14.991801
4720	8	0	0	0	0:00:14.977519
4740	5	6	6	0	0:00:14.992952
4760	3	8	8	0	0:00:14.970935
4780	0	8	8	0	0:00:15.063455
4800	9	9	9	1	0:00:15.061176
4820	3	5	6	0	0:00:15.023593
4840	0	0	0	1	0:00:14.962444
4860	5	5	5	1	0:00:15.009551
4880	0	2	2	0	0:00:14.988024
4900	3	6	6	0	0:00:14.957465
4920	7	0	0	0	0:00:14.973058
4940	6	2	2	0	0:00:14.987735
4960	4	6	6	0	0:00:14.974816
4980	1	9	8	0	0:00:14.984539
5000	7	7	7	1	0:00:14.986695
5020	8	8	8	1	0:00:15.065369
5040	3	7	4	0	0:00:15.000087
5060	6	6	4	1	0:00:15.051584
5080	7	7	7	1	0:00:15.050641
5100	3	4	4	0	0:00:15.006458
5120	9	8	8	0	0:00:14.995600
5140	8	8	8	1	0:00:15.042253
5160	0	8	8	0	0:00:15.034281
5180	9	6	4	0	0:00:14.970411
5200	3	3	3	1	0:00:14.997515
5220	0	0	0	1	0:00:15.006685
5240	1	2	2	0	0:00:15.016893
5260	0	0	0	1	0:00:14.969026
5280	0	8	8	0	0:00:15.021241
5300	9	1	6	0	0:00:15.062155
5320	7	7	7	1	0:00:15.012116
5340	3	2	8	0	0:00:15.023327
5360	9	9	9	1	0:00:14.991454
5380	1	9	9	0	0:00:14.959496
5400	9	0	0	0	0:00:14.952492
5420	6	7	7	0	0:00:15.000969
5440	9	9	8	1	0:00:14.966297
5460	0	6	6	0	0:00:14.983520
5480	1	8	8	0	0:00:14.972580
5500	8	1	8	0	0:00:14.954386
5520	4	5	5	0	0:00:14.960776
5540	5	2	2	0	0:00:14.969676
5560	3	6	4	0	0:00:14.965226
5580	5	6	6	0	0:00:14.970694
5600	6	8	8	0	0:00:14.965200
5620	3	2	2	0	0:00:14.964630
5640	2	3	3	0	0:00:14.987692
5660	9	8	8	0	0:00:14.962344
5680	2	9	8	0	0:00:14.961775
5700	3	2	2	0	0:00:14.976104
5720	9	9	9	1	0:00:14.972465
5740	6	4	4	0	0:00:14.989071
5760	2	8	8	0	0:00:15.021173
5780	7	7	7	1	0:00:14.946419
5800	2	6	4	0	0:00:14.955153
5820	5	6	6	0	0:00:14.958061
5840	2	6	6	0	0:00:14.964890
5860	0	8	8	0	0:00:14.991663
5880	0	8	8	0	0:00:14.959684
5900	4	0	0	0	0:00:14.973006
5920	8	8	8	1	0:00:14.973010
5940	7	4	4	0	0:00:15.009827
5960	2	7	7	0	0:00:14.984505
5980	9	9	8	1	0:00:14.967626
6000	8	9	8	0	0:00:14.994609
6020	6	6	4	1	0:00:14.975025
6040	2	7	7	0	0:00:15.048526
6060	3	4	4	0	0:00:15.008898
6080	1	1	2	1	0:00:14.968879
6100	1	1	8	1	0:00:14.976432
6120	5	5	5	1	0:00:14.948266
6140	9	9	7	1	0:00:15.035754
6160	2	5	5	0	0:00:14.984826
6180	0	8	8	0	0:00:15.074398
6200	3	0	0	0	0:00:14.967465
6220	2	6	6	0	0:00:14.982696
6240	2	1	4	0	0:00:14.989439
6260	2	9	7	0	0:00:14.970674
6280	8	5	4	0	0:00:15.005391
6300	1	7	2	0	0:00:15.025006
6320	0	0	0	1	0:00:14.993636
6340	3	8	8	0	0:00:15.002608
6360	2	2	2	1	0:00:14.988744
6380	3	1	6	0	0:00:14.955389
6400	0	1	4	0	0:00:14.975977
6420	7	5	8	0	0:00:15.005693
6440	3	8	8	0	0:00:15.011565
6460	3	1	1	0	0:00:14.961512
6480	0	5	0	0	0:00:14.970491
6500	7	0	0	0	0:00:14.964028
6520	6	2	2	0	0:00:14.964820
6540	8	8	8	1	0:00:14.983691
6560	6	6	4	1	0:00:14.982101
6580	1	2	2	0	0:00:14.987209
6600	7	7	7	1	0:00:14.956837
6620	7	7	4	1	0:00:15.000844
6640	5	3	8	0	0:00:15.002675
6660	0	8	8	0	0:00:15.044307
6680	3	5	3	0	0:00:15.072747
6700	6	6	4	1	0:00:14.997955
6720	2	2	2	1	0:00:14.988031
6740	2	6	6	0	0:00:14.976310
6760	5	0	0	0	0:00:14.980959
6780	7	7	7	1	0:00:14.956917
6800	6	6	6	1	0:00:15.021386
6820	1	1	8	1	0:00:14.970481
6840	9	9	6	1	0:00:14.976761
6860	0	0	0	1	0:00:15.032058
6880	2	7	6	0	0:00:14.959820
6900	3	7	7	0	0:00:14.973502
6920	5	2	2	0	0:00:14.954932
6940	1	1	1	1	0:00:14.994907
6960	9	8	8	0	0:00:14.967600
6980	0	9	9	0	0:00:15.046885
7000	2	8	8	0	0:00:14.991205
7020	7	1	4	0	0:00:14.968065
7040	7	8	8	0	0:00:14.971859
7060	8	8	8	1	0:00:15.012954
7080	5	0	0	0	0:00:15.029259
7100	9	8	8	0	0:00:15.028145
7120	7	5	5	0	0:00:15.000973
7140	4	4	4	1	0:00:14.983590
7160	5	4	2	0	0:00:14.982700
7180	6	6	6	1	0:00:14.960313
7200	4	2	2	0	0:00:14.983967
7220	9	8	8	0	0:00:15.015233
7240	0	8	8	0	0:00:14.977815
7260	1	8	8	0	0:00:15.021808
7280	1	6	4	0	0:00:15.050194
7300	3	-1	8	0	0:00:14.970004
7320	8	0	0	0	0:00:14.968300
7340	2	4	0	0	0:00:14.954308
7360	2	7	4	0	0:00:14.965554
7380	7	1	7	0	0:00:14.960832
7400	3	9	3	0	0:00:14.947765
7420	3	0	0	0	0:00:14.980562
7440	3	6	4	0	0:00:15.036112
7460	5	5	5	1	0:00:15.006037
7480	1	5	5	0	0:00:14.986691
7500	6	6	6	1	0:00:14.974304
7520	4	6	4	0	0:00:15.002911
7540	5	5	5	1	0:00:14.967935
7560	0	2	2	0	0:00:14.993201
7580	8	9	8	0	0:00:14.954814
7600	8	9	7	0	0:00:14.980252
7620	5	1	4	0	0:00:14.977741
7640	9	8	8	0	0:00:14.964489
7660	7	9	4	0	0:00:14.955090
7680	3	9	9	0	0:00:14.999867
7700	6	6	6	1	0:00:15.001694
7720	5	6	4	0	0:00:14.975115
7740	4	2	2	0	0:00:14.953651
7760	2	9	8	0	0:00:14.972541
7780	3	8	8	0	0:00:14.987368
7800	0	0	0	1	0:00:14.950064
7820	5	8	8	0	0:00:14.997511
7840	1	1	1	1	0:00:14.965578
7860	8	4	4	0	0:00:15.042584
7880	0	8	8	0	0:00:15.026614
7900	0	8	8	0	0:00:14.955659
7920	9	8	8	0	0:00:14.972370
7940	2	6	6	0	0:00:15.043908
7960	0	0	0	1	0:00:15.014261
7980	3	7	4	0	0:00:14.959060
8000	9	0	0	0	0:00:15.003348
8020	6	6	4	1	0:00:15.049153
8040	2	6	6	0	0:00:14.968845
8060	6	4	4	0	0:00:14.976419
8080	4	4	4	1	0:00:14.997798
8100	6	2	2	0	0:00:15.034852
8120	8	9	8	0	0:00:14.960016
8140	5	6	6	0	0:00:14.978315
8160	6	9	8	0	0:00:14.970819
8180	4	6	4	0	0:00:14.966525
8200	3	6	4	0	0:00:14.980849
8220	6	2	2	0	0:00:14.955181
8240	7	7	7	1	0:00:14.980675
8260	1	1	3	1	0:00:14.993112
8280	4	2	2	0	0:00:14.980985
8300	5	2	2	0	0:00:14.953783
8320	7	4	4	0	0:00:14.953475
8340	5	5	4	1	0:00:14.974713
8360	7	6	4	0	0:00:14.963592
8380	9	8	8	0	0:00:14.948394
8400	0	8	8	0	0:00:14.999256
8420	3	2	2	0	0:00:14.998426
8440	5	9	4	0	0:00:15.021589
8460	8	8	8	1	0:00:14.945807
8480	2	1	8	0	0:00:14.965391
8500	4	2	2	0	0:00:14.957821
8520	8	4	4	0	0:00:15.001424
8540	4	2	2	0	0:00:14.980392
8560	7	7	6	1	0:00:14.971274
8580	3	0	0	0	0:00:14.978729
8600	3	7	7	0	0:00:14.965596
8620	3	1	4	0	0:00:14.978765
8640	1	1	4	1	0:00:14.973220
8660	7	5	5	0	0:00:14.984748
8680	3	9	0	0	0:00:14.980566
8700	3	5	3	0	0:00:14.960611
8720	2	0	0	0	0:00:14.994482
8740	2	4	4	0	0:00:14.992259
8760	8	8	5	1	0:00:14.974209
8780	4	7	4	0	0:00:14.991624
8800	0	0	0	1	0:00:14.999267
8820	2	2	2	1	0:00:14.975138
8840	2	1	1	0	0:00:14.969029
8860	2	0	8	0	0:00:14.969464
8880	1	6	4	0	0:00:15.002285
8900	2	1	4	0	0:00:15.030052
8920	6	6	4	1	0:00:14.960779
8940	6	3	3	0	0:00:14.966112
8960	0	0	0	1	0:00:14.964095
8980	9	9	8	1	0:00:14.992402
9000	8	8	8	1	0:00:14.963591
9020	7	9	8	0	0:00:14.986499
9040	2	5	5	0	0:00:14.968134
9060	9	5	5	0	0:00:14.985737
9080	3	0	0	0	0:00:14.978383
9100	9	6	6	0	0:00:14.997964
9120	3	0	0	0	0:00:14.969275
9140	7	8	8	0	0:00:14.984942
9160	5	5	4	1	0:00:14.953172
9180	5	5	5	1	0:00:14.961267
9200	8	8	8	1	0:00:14.969076
9220	8	8	8	1	0:00:14.972473
9240	8	8	8	1	0:00:14.957386
9260	5	5	4	1	0:00:14.955504
9280	9	0	8	0	0:00:14.959017
9300	5	2	2	0	0:00:15.001208
9320	9	8	8	0	0:00:14.956588
9340	1	1	1	1	0:00:14.952783
9360	5	0	0	0	0:00:14.950632
9380	5	5	5	1	0:00:14.950183
9400	6	2	2	0	0:00:14.958852
9420	5	6	6	0	0:00:15.007889
9440	8	8	8	1	0:00:15.020711
9460	3	-1	4	0	0:00:14.981386
9480	2	4	4	0	0:00:14.956455
9500	9	6	6	0	0:00:14.948425
9520	1	9	9	0	0:00:14.961626
9540	5	5	4	1	0:00:15.023762
9560	9	7	7	0	0:00:14.974279
9580	1	4	4	0	0:00:15.013666
9600	8	8	8	1	0:00:15.012797
9620	4	0	0	0	0:00:14.983024
9640	5	6	6	0	0:00:14.979076
9660	6	6	6	1	0:00:14.975277
9680	8	9	8	0	0:00:14.968291
9700	0	0	0	1	0:00:14.983141
9720	8	6	2	0	0:00:14.955616
9740	3	6	4	0	0:00:14.961342
9760	9	9	4	1	0:00:14.992551
9780	4	6	6	0	0:00:15.031877
9800	1	1	9	1	0:00:14.971552
9820	0	9	8	0	0:00:15.002025
9840	4	3	3	0	0:00:14.992786
9860	0	2	2	0	0:00:14.988280
9880	7	7	4	1	0:00:14.961179
9900	8	0	0	0	0:00:14.965452
9920	6	6	2	1	0:00:14.962925
9940	4	7	7	0	0:00:15.057830
9960	2	0	0	0	0:00:14.969805
9980	0	0	0	1	0:00:14.975982
