idx	label	predict	basePredict	correct	time
0	3	3	3	1	0:00:01.452846
20	7	5	5	0	0:00:01.308559
40	4	4	4	1	0:00:01.294396
60	7	7	7	1	0:00:01.283530
80	8	8	8	1	0:00:01.309174
100	4	5	5	0	0:00:01.278325
120	8	8	8	1	0:00:01.286721
140	6	6	2	1	0:00:01.270503
160	2	2	2	1	0:00:01.284610
180	0	0	0	1	0:00:01.305658
200	5	5	5	1	0:00:01.300035
220	7	5	5	0	0:00:01.308164
240	1	1	1	1	0:00:01.318578
260	8	8	8	1	0:00:01.328801
280	9	-1	0	0	0:00:01.338040
300	6	6	6	1	0:00:01.308176
320	3	-1	5	0	0:00:01.289211
340	2	4	4	0	0:00:01.296564
360	9	9	5	1	0:00:01.252481
380	6	6	2	1	0:00:01.284093
400	9	9	9	1	0:00:01.290410
420	4	4	4	1	0:00:01.314331
440	1	1	1	1	0:00:01.314619
460	5	5	5	1	0:00:01.325535
480	8	9	8	0	0:00:01.283310
500	4	-1	3	0	0:00:01.379132
520	5	5	5	1	0:00:01.252427
540	1	1	1	1	0:00:01.264025
560	0	0	0	1	0:00:01.293279
580	4	4	4	1	0:00:01.254761
600	8	8	8	1	0:00:01.287618
620	7	7	7	1	0:00:01.295969
640	5	3	3	0	0:00:01.293490
660	9	9	8	1	0:00:01.274935
680	9	9	2	1	0:00:01.290103
700	7	7	7	1	0:00:01.308827
720	4	-1	4	0	0:00:01.308462
740	2	5	5	0	0:00:01.300300
760	3	-1	3	0	0:00:01.306236
780	9	9	9	1	0:00:01.297138
800	7	7	7	1	0:00:01.313487
820	6	6	6	1	0:00:01.280007
840	7	7	7	1	0:00:01.295438
860	4	7	2	0	0:00:01.280476
880	8	8	8	1	0:00:01.311683
900	2	6	6	0	0:00:01.279550
920	6	6	4	1	0:00:01.298098
940	9	9	9	1	0:00:01.311005
960	9	3	3	0	0:00:01.265878
980	2	4	2	0	0:00:01.386794
1000	5	5	5	1	0:00:01.159477
1020	1	1	1	1	0:00:01.196515
1040	7	5	5	0	0:00:01.179386
1060	9	9	9	1	0:00:01.190692
1080	6	6	6	1	0:00:01.216998
1100	7	0	8	0	0:00:01.228846
1120	5	2	2	0	0:00:01.204923
1140	6	6	5	1	0:00:01.195259
1160	8	8	8	1	0:00:01.182245
1180	3	3	3	1	0:00:01.160953
1200	8	8	8	1	0:00:01.187969
1220	9	6	3	0	0:00:01.194290
1240	2	6	6	0	0:00:01.190779
1260	1	9	9	0	0:00:01.197902
1280	3	3	3	1	0:00:01.192190
1300	4	3	3	0	0:00:01.193677
1320	7	7	2	1	0:00:01.192721
1340	1	1	1	1	0:00:01.206442
1360	7	7	4	1	0:00:01.198448
1380	4	5	5	0	0:00:01.189862
1400	5	3	5	0	0:00:01.193182
1420	4	7	7	0	0:00:01.211102
1440	0	0	8	1	0:00:01.204427
1460	6	6	6	1	0:00:01.200268
1480	1	-1	5	0	0:00:01.203681
1500	1	1	1	1	0:00:01.222069
1520	7	7	4	1	0:00:01.199470
1540	8	8	8	1	0:00:01.200123
1560	7	7	7	1	0:00:01.192502
1580	6	-1	3	0	0:00:01.196902
1600	8	9	3	0	0:00:01.211419
1620	5	8	8	0	0:00:01.224066
1640	7	3	3	0	0:00:01.214149
1660	3	3	3	1	0:00:01.207780
1680	6	6	3	1	0:00:01.214049
1700	5	3	3	0	0:00:01.205407
1720	4	4	3	1	0:00:01.193476
1740	1	1	1	1	0:00:01.200864
1760	0	0	0	1	0:00:01.209535
1780	7	7	4	1	0:00:01.198300
1800	4	4	2	1	0:00:01.207343
1820	8	8	8	1	0:00:01.222976
1840	8	-1	4	0	0:00:01.205023
1860	8	8	8	1	0:00:01.201239
1880	1	1	1	1	0:00:01.182420
1900	8	8	8	1	0:00:01.207067
1920	2	2	2	1	0:00:01.206605
1940	5	-1	2	0	0:00:01.198007
1960	2	5	2	0	0:00:01.195434
1980	9	9	9	1	0:00:01.219449
2000	1	1	1	1	0:00:01.210190
2020	9	9	9	1	0:00:01.218925
2040	0	0	0	1	0:00:01.217108
2060	5	3	3	0	0:00:01.214646
2080	1	9	9	0	0:00:01.214863
2100	2	2	2	1	0:00:01.206483
2120	4	8	8	0	0:00:01.243933
2140	9	9	9	1	0:00:01.211173
2160	0	0	8	1	0:00:01.207978
2180	4	4	4	1	0:00:01.226505
2200	0	0	0	1	0:00:01.212302
2220	1	1	1	1	0:00:01.196692
2240	9	9	8	1	0:00:01.207643
2260	4	4	4	1	0:00:01.207304
2280	4	-1	8	0	0:00:01.191362
2300	3	4	4	0	0:00:01.202579
2320	5	2	2	0	0:00:01.202862
2340	7	7	7	1	0:00:01.213996
2360	7	5	5	0	0:00:01.220817
2380	8	8	8	1	0:00:01.205024
2400	0	0	0	1	0:00:01.206457
2420	8	1	3	0	0:00:01.199733
2440	7	7	7	1	0:00:01.188338
2460	9	-1	4	0	0:00:01.207724
2480	8	8	8	1	0:00:01.188866
2500	4	6	4	0	0:00:01.200342
2520	1	8	8	0	0:00:01.198817
2540	2	6	2	0	0:00:01.193879
2560	7	7	5	1	0:00:01.196153
2580	6	5	5	0	0:00:01.211926
2600	8	8	8	1	0:00:01.213912
2620	1	1	1	1	0:00:01.220076
2640	7	7	7	1	0:00:01.208995
2660	3	2	2	0	0:00:01.220632
2680	0	0	0	1	0:00:01.219053
2700	9	1	1	0	0:00:01.195855
2720	3	3	3	1	0:00:01.196527
2740	1	7	2	0	0:00:01.201589
2760	2	2	2	1	0:00:01.206311
2780	7	7	7	1	0:00:01.193936
2800	4	4	3	1	0:00:01.196084
2820	6	6	6	1	0:00:01.201437
2840	3	3	3	1	0:00:01.210254
2860	5	4	4	0	0:00:01.202653
2880	4	4	4	1	0:00:01.196748
2900	3	7	2	0	0:00:01.203172
2920	2	3	2	0	0:00:01.207340
2940	3	0	0	0	0:00:01.222895
2960	9	0	0	0	0:00:01.211464
2980	8	8	8	1	0:00:01.199442
3000	5	5	5	1	0:00:01.204663
3020	1	1	1	1	0:00:01.191371
3040	7	7	7	1	0:00:01.208946
3060	7	7	7	1	0:00:01.197530
3080	1	9	9	0	0:00:01.197161
3100	0	0	0	1	0:00:01.199925
3120	4	4	3	1	0:00:01.192246
3140	8	8	8	1	0:00:01.201282
3160	6	2	2	0	0:00:01.179302
3180	3	6	3	0	0:00:01.188896
3200	5	5	5	1	0:00:01.178649
3220	3	9	3	0	0:00:01.213522
3240	4	-1	0	0	0:00:01.199033
3260	7	7	7	1	0:00:01.199225
3280	3	5	5	0	0:00:01.192415
3300	4	4	2	1	0:00:01.206138
3320	2	7	7	0	0:00:01.194096
3340	6	6	0	1	0:00:01.195798
3360	4	4	3	1	0:00:01.199189
3380	8	8	8	1	0:00:01.198822
3400	6	4	4	0	0:00:01.190643
3420	5	7	7	0	0:00:01.205566
3440	2	3	3	0	0:00:01.192765
3460	1	1	1	1	0:00:01.199834
3480	2	2	2	1	0:00:01.188884
3500	1	9	9	0	0:00:01.205305
3520	1	1	1	1	0:00:01.193014
3540	6	6	3	1	0:00:01.188937
3560	1	9	9	0	0:00:01.193716
3580	4	4	4	1	0:00:01.187121
3600	4	2	2	0	0:00:01.180966
3620	0	0	5	1	0:00:01.186137
3640	6	2	2	0	0:00:01.212345
3660	0	0	8	1	0:00:01.196722
3680	0	4	0	0	0:00:01.190011
3700	3	3	3	1	0:00:01.208425
3720	2	2	2	1	0:00:01.200234
3740	0	0	0	1	0:00:01.196590
3760	7	7	7	1	0:00:01.200066
3780	4	4	2	1	0:00:01.208497
3800	9	9	9	1	0:00:01.210705
3820	0	8	8	0	0:00:01.199735
3840	6	3	3	0	0:00:01.197193
3860	7	7	7	1	0:00:01.197944
3880	6	6	5	1	0:00:01.197517
3900	3	6	6	0	0:00:01.203212
3920	7	7	7	1	0:00:01.210804
3940	6	2	2	0	0:00:01.209335
3960	2	2	2	1	0:00:01.202463
3980	9	9	9	1	0:00:01.200578
4000	8	4	8	0	0:00:01.200279
4020	8	8	8	1	0:00:01.218632
4040	0	0	0	1	0:00:01.211733
4060	6	6	6	1	0:00:01.225687
4080	1	1	1	1	0:00:01.224369
4100	7	7	7	1	0:00:01.190718
4120	4	4	4	1	0:00:01.200735
4140	5	5	3	1	0:00:01.202469
4160	5	3	2	0	0:00:01.155372
4180	0	8	8	0	0:00:01.189367
4200	4	-1	2	0	0:00:01.200593
4220	4	0	0	0	0:00:01.185766
4240	7	0	0	0	0:00:01.183288
4260	8	8	8	1	0:00:01.204219
4280	8	0	0	0	0:00:01.215343
4300	8	8	8	1	0:00:01.197777
4320	1	9	8	0	0:00:01.205254
4340	0	0	0	1	0:00:01.206753
4360	6	6	6	1	0:00:01.178885
4380	9	9	9	1	0:00:01.155026
4400	3	-1	5	0	0:00:01.164303
4420	5	5	5	1	0:00:01.176348
4440	2	-1	2	0	0:00:01.205451
4460	9	9	9	1	0:00:01.179667
4480	9	9	9	1	0:00:01.227093
4500	3	5	3	0	0:00:01.218704
4520	3	-1	3	0	0:00:01.211132
4540	9	9	9	1	0:00:01.181037
4560	1	1	1	1	0:00:01.188722
4580	6	6	4	1	0:00:01.200381
4600	4	4	4	1	0:00:01.190901
4620	7	3	3	0	0:00:01.167029
4640	2	2	2	1	0:00:01.193988
4660	7	4	5	0	0:00:01.174401
4680	9	9	9	1	0:00:01.181787
4700	6	5	5	0	0:00:01.173522
4720	8	8	8	1	0:00:01.174548
4740	5	3	3	0	0:00:01.183557
4760	3	2	2	0	0:00:01.218944
4780	0	0	0	1	0:00:01.196347
4800	9	9	9	1	0:00:01.146046
4820	3	3	3	1	0:00:01.157866
4840	0	0	0	1	0:00:01.137346
4860	5	5	5	1	0:00:01.170485
4880	0	8	8	0	0:00:01.201798
4900	3	3	3	1	0:00:01.210243
4920	7	7	7	1	0:00:01.236544
4940	6	6	4	1	0:00:01.174736
4960	4	4	3	1	0:00:01.193140
4980	1	9	9	0	0:00:01.167532
5000	7	7	7	1	0:00:01.184569
5020	8	8	8	1	0:00:01.182758
5040	3	3	3	1	0:00:01.180995
5060	6	6	2	1	0:00:01.177461
5080	7	7	7	1	0:00:01.184510
5100	3	3	3	1	0:00:01.188640
5120	9	9	8	1	0:00:01.185635
5140	8	8	8	1	0:00:01.202479
5160	0	0	8	1	0:00:01.153679
5180	9	7	7	0	0:00:01.151656
5200	3	3	3	1	0:00:01.134739
5220	0	0	0	1	0:00:01.132119
5240	1	1	1	1	0:00:01.149427
5260	0	0	0	1	0:00:01.123160
5280	0	4	4	0	0:00:01.129808
5300	9	9	9	1	0:00:01.130341
5320	7	7	7	1	0:00:01.154876
5340	3	4	4	0	0:00:01.129288
5360	9	9	9	1	0:00:01.137707
5380	1	9	9	0	0:00:01.142994
5400	9	9	9	1	0:00:01.156755
5420	6	6	6	1	0:00:01.188265
5440	9	9	9	1	0:00:01.183227
5460	0	0	0	1	0:00:01.205130
5480	1	1	1	1	0:00:01.174972
5500	8	8	8	1	0:00:01.164651
5520	4	4	3	1	0:00:01.182906
5540	5	5	5	1	0:00:01.185045
5560	3	5	5	0	0:00:01.177499
5580	5	6	3	0	0:00:01.178185
5600	6	-1	3	0	0:00:01.197019
5620	3	6	2	0	0:00:01.177557
5640	2	5	2	0	0:00:01.183491
5660	9	1	8	0	0:00:01.189471
5680	2	3	3	0	0:00:01.159027
5700	3	3	3	1	0:00:01.165573
5720	9	9	9	1	0:00:01.157581
5740	6	6	2	1	0:00:01.167211
5760	2	2	2	1	0:00:01.151132
5780	7	7	7	1	0:00:01.145878
5800	2	2	2	1	0:00:01.155501
5820	5	5	5	1	0:00:01.151667
5840	2	2	3	1	0:00:01.149266
5860	0	0	0	1	0:00:01.132796
5880	0	0	0	1	0:00:01.166933
5900	4	3	0	0	0:00:01.203873
5920	8	8	8	1	0:00:01.180775
5940	7	-1	3	0	0:00:01.178404
5960	2	6	2	0	0:00:01.177726
5980	9	9	9	1	0:00:01.187028
6000	8	8	8	1	0:00:01.182667
6020	6	6	6	1	0:00:01.181581
6040	2	-1	7	0	0:00:01.147195
6060	3	4	5	0	0:00:01.147671
6080	1	1	1	1	0:00:01.147982
6100	1	1	1	1	0:00:01.157676
6120	5	5	5	1	0:00:01.148218
6140	9	9	1	1	0:00:01.152908
6160	2	5	2	0	0:00:01.193704
6180	0	0	0	1	0:00:01.179115
6200	3	2	2	0	0:00:01.188689
6220	2	5	5	0	0:00:01.185286
6240	2	2	0	1	0:00:01.210743
6260	2	2	2	1	0:00:01.234678
6280	8	5	5	0	0:00:01.189156
6300	1	1	1	1	0:00:01.187136
6320	0	0	0	1	0:00:01.181930
6340	3	7	3	0	0:00:01.184252
6360	2	2	2	1	0:00:01.175468
6380	3	6	3	0	0:00:01.200761
6400	0	0	0	1	0:00:01.182951
6420	7	7	7	1	0:00:01.183202
6440	3	6	2	0	0:00:01.200599
6460	3	3	3	1	0:00:01.173743
6480	0	0	0	1	0:00:01.183244
6500	7	6	8	0	0:00:01.175884
6520	6	-1	2	0	0:00:01.185683
6540	8	8	8	1	0:00:01.190089
6560	6	5	5	0	0:00:01.192523
6580	1	8	8	0	0:00:01.183142
6600	7	7	7	1	0:00:01.173607
6620	7	7	7	1	0:00:01.187187
6640	5	3	3	0	0:00:01.183499
6660	0	0	1	1	0:00:01.186372
6680	3	5	5	0	0:00:01.177315
6700	6	6	6	1	0:00:01.162035
6720	2	2	2	1	0:00:01.198310
6740	2	4	4	0	0:00:01.204781
6760	5	5	5	1	0:00:01.185133
6780	7	7	7	1	0:00:01.200367
6800	6	4	4	0	0:00:01.197738
6820	1	1	1	1	0:00:01.194105
6840	9	9	9	1	0:00:01.152876
6860	0	0	0	1	0:00:01.207772
6880	2	2	2	1	0:00:01.149586
6900	3	3	3	1	0:00:01.204663
6920	5	4	4	0	0:00:01.194714
6940	1	1	1	1	0:00:01.210787
6960	9	9	8	1	0:00:01.195287
6980	0	0	0	1	0:00:01.175751
7000	2	0	8	0	0:00:01.192289
7020	7	7	7	1	0:00:01.201539
7040	7	0	8	0	0:00:01.250836
7060	8	8	8	1	0:00:01.261968
7080	5	4	4	0	0:00:01.204892
7100	9	3	3	0	0:00:01.220478
7120	7	-1	5	0	0:00:01.201404
7140	4	3	3	0	0:00:01.204063
7160	5	5	5	1	0:00:01.223561
7180	6	6	3	1	0:00:01.205233
7200	4	-1	2	0	0:00:01.207458
7220	9	9	9	1	0:00:01.220722
7240	0	0	8	1	0:00:01.201019
7260	1	1	1	1	0:00:01.209939
7280	1	-1	3	0	0:00:01.200556
7300	3	4	5	0	0:00:01.206577
7320	8	0	0	0	0:00:01.211213
7340	2	2	0	1	0:00:01.209804
7360	2	2	2	1	0:00:01.208872
7380	7	7	7	1	0:00:01.199957
7400	3	5	5	0	0:00:01.224939
7420	3	4	4	0	0:00:01.217878
7440	3	3	3	1	0:00:01.191839
7460	5	5	5	1	0:00:01.185688
7480	1	1	8	1	0:00:01.202182
7500	6	6	6	1	0:00:01.190847
7520	4	4	4	1	0:00:01.198033
7540	5	5	5	1	0:00:01.206266
7560	0	0	0	1	0:00:01.205835
7580	8	8	8	1	0:00:01.220678
7600	8	2	2	0	0:00:01.204671
7620	5	3	3	0	0:00:01.195919
7640	9	8	8	0	0:00:01.194575
7660	7	7	4	1	0:00:01.187117
7680	3	5	5	0	0:00:01.195627
7700	6	6	6	1	0:00:01.203772
7720	5	2	2	0	0:00:01.198627
7740	4	4	2	1	0:00:01.195499
7760	2	0	8	0	0:00:01.199785
7780	3	8	8	0	0:00:01.184891
7800	0	0	0	1	0:00:01.198038
7820	5	5	0	1	0:00:01.192663
7840	1	1	1	1	0:00:01.198847
7860	8	8	8	1	0:00:01.193558
7880	0	0	0	1	0:00:01.203026
7900	0	-1	8	0	0:00:01.204497
7920	9	9	9	1	0:00:01.191287
7940	2	6	2	0	0:00:01.178221
7960	0	3	0	0	0:00:01.198795
7980	3	3	3	1	0:00:01.198785
8000	9	9	9	1	0:00:01.194487
8020	6	-1	3	0	0:00:01.202190
8040	2	2	2	1	0:00:01.198082
8060	6	6	5	1	0:00:01.194625
8080	4	4	3	1	0:00:01.204558
8100	6	2	2	0	0:00:01.212229
8120	8	9	8	0	0:00:01.187100
8140	5	7	3	0	0:00:01.199313
8160	6	6	6	1	0:00:01.209487
8180	4	-1	4	0	0:00:01.218651
8200	3	6	3	0	0:00:01.201436
8220	6	5	5	0	0:00:01.205915
8240	7	7	4	1	0:00:01.217283
8260	1	1	1	1	0:00:01.198409
8280	4	4	4	1	0:00:01.210626
8300	5	4	2	0	0:00:01.217360
8320	7	7	7	1	0:00:01.201969
8340	5	3	5	0	0:00:01.187916
8360	7	7	7	1	0:00:01.200847
8380	9	9	9	1	0:00:01.207320
8400	0	9	9	0	0:00:01.193263
8420	3	6	6	0	0:00:01.184144
8440	5	3	3	0	0:00:01.198658
8460	8	8	8	1	0:00:01.202804
8480	2	2	2	1	0:00:01.193424
8500	4	4	4	1	0:00:01.185059
8520	8	8	8	1	0:00:01.196465
8540	4	2	2	0	0:00:01.192161
8560	7	7	7	1	0:00:01.199802
8580	3	5	5	0	0:00:01.195854
8600	3	2	2	0	0:00:01.193479
8620	3	-1	5	0	0:00:01.206279
8640	1	1	1	1	0:00:01.189494
8660	7	7	7	1	0:00:01.193036
8680	3	7	3	0	0:00:01.192317
8700	3	3	3	1	0:00:01.196269
8720	2	0	0	0	0:00:01.210027
8740	2	-1	5	0	0:00:01.195509
8760	8	8	8	1	0:00:01.192535
8780	4	4	4	1	0:00:01.191687
8800	0	0	0	1	0:00:01.205723
8820	2	2	2	1	0:00:01.209358
8840	2	-1	2	0	0:00:01.202945
8860	2	2	2	1	0:00:01.205824
8880	1	1	1	1	0:00:01.201674
8900	2	4	4	0	0:00:01.190252
8920	6	6	3	1	0:00:01.189588
8940	6	3	3	0	0:00:01.188095
8960	0	4	2	0	0:00:01.198436
8980	9	9	9	1	0:00:01.197358
9000	8	8	8	1	0:00:01.219881
9020	7	7	7	1	0:00:01.199592
9040	2	5	5	0	0:00:01.202013
9060	9	9	5	1	0:00:01.221163
9080	3	5	3	0	0:00:01.192960
9100	9	1	1	0	0:00:01.204705
9120	3	0	2	0	0:00:01.207250
9140	7	7	4	1	0:00:01.211125
9160	5	3	3	0	0:00:01.214297
9180	5	5	5	1	0:00:01.189641
9200	8	8	8	1	0:00:01.206250
9220	8	8	8	1	0:00:01.200302
9240	8	8	8	1	0:00:01.198474
9260	5	5	5	1	0:00:01.182578
9280	9	8	8	0	0:00:01.202685
9300	5	2	2	0	0:00:01.208315
9320	9	9	9	1	0:00:01.200970
9340	1	1	1	1	0:00:01.198631
9360	5	0	0	0	0:00:01.197967
9380	5	3	3	0	0:00:01.191901
9400	6	6	6	1	0:00:01.195878
9420	5	5	5	1	0:00:01.201992
9440	8	8	8	1	0:00:01.202886
9460	3	7	7	0	0:00:01.202324
9480	2	2	2	1	0:00:01.190498
9500	9	9	2	1	0:00:01.201454
9520	1	1	1	1	0:00:01.201273
9540	5	5	5	1	0:00:01.205312
9560	9	7	3	0	0:00:01.212144
9580	1	1	1	1	0:00:01.178447
9600	8	8	8	1	0:00:01.185169
9620	4	4	4	1	0:00:01.207773
9640	5	5	5	1	0:00:01.204982
9660	6	6	6	1	0:00:01.193607
9680	8	8	8	1	0:00:01.195526
9700	0	0	2	1	0:00:01.198898
9720	8	6	8	0	0:00:01.197916
9740	3	6	2	0	0:00:01.186928
9760	9	5	5	0	0:00:01.204722
9780	4	-1	2	0	0:00:01.196398
9800	1	1	1	1	0:00:01.187926
9820	0	8	8	0	0:00:01.204099
9840	4	7	7	0	0:00:01.193548
9860	0	3	8	0	0:00:01.205078
9880	7	8	8	0	0:00:01.201183
9900	8	8	8	1	0:00:01.208250
9920	6	6	6	1	0:00:01.186130
9940	4	5	5	0	0:00:01.192810
9960	2	0	0	0	0:00:01.197253
9980	0	0	0	1	0:00:01.191363
