idx	label	predict	basePredict	correct	time
0	3	3	2	1	0:00:02.622426
20	7	7	7	1	0:00:02.496980
40	4	8	8	0	0:00:02.519933
60	7	7	4	1	0:00:02.606574
80	8	8	8	1	0:00:02.540338
100	4	4	4	1	0:00:02.501154
120	8	8	8	1	0:00:02.504267
140	6	6	2	1	0:00:02.505607
160	2	0	2	0	0:00:02.511122
180	0	0	0	1	0:00:02.506521
200	5	3	3	0	0:00:02.527188
220	7	7	7	1	0:00:02.523181
240	1	1	1	1	0:00:02.612854
260	8	3	3	0	0:00:02.599084
280	9	9	9	1	0:00:02.601876
300	6	6	4	1	0:00:02.501620
320	3	3	2	1	0:00:02.575859
340	2	4	4	0	0:00:02.514674
360	9	9	6	1	0:00:02.500625
380	6	6	4	1	0:00:02.515557
400	9	9	9	1	0:00:02.527226
420	4	4	4	1	0:00:02.495706
440	1	1	1	1	0:00:02.491308
460	5	5	5	1	0:00:02.491796
480	8	9	8	0	0:00:02.527243
500	4	6	4	0	0:00:02.507809
520	5	5	5	1	0:00:02.493897
540	1	-1	8	0	0:00:02.485731
560	0	0	8	1	0:00:02.483974
580	4	4	4	1	0:00:02.487277
600	8	8	8	1	0:00:02.506405
620	7	7	4	1	0:00:02.488016
640	5	3	3	0	0:00:02.491216
660	9	9	9	1	0:00:02.509250
680	9	9	1	1	0:00:02.630920
700	7	7	4	1	0:00:02.506499
720	4	9	4	0	0:00:02.491821
740	2	5	2	0	0:00:02.526835
760	3	9	3	0	0:00:02.491828
780	9	9	8	1	0:00:02.504974
800	7	7	7	1	0:00:02.496010
820	6	-1	8	0	0:00:02.514199
840	7	7	7	1	0:00:02.515514
860	4	4	4	1	0:00:02.498549
880	8	8	8	1	0:00:02.507235
900	2	6	4	0	0:00:02.500922
920	6	6	2	1	0:00:02.505327
940	9	9	9	1	0:00:02.501580
960	9	9	9	1	0:00:02.511825
980	2	6	2	0	0:00:02.537381
1000	5	5	5	1	0:00:01.803616
1020	1	1	8	1	0:00:01.802262
1040	7	5	5	0	0:00:01.798350
1060	9	9	8	1	0:00:01.802650
1080	6	6	6	1	0:00:01.801441
1100	7	8	8	0	0:00:01.805875
1120	5	2	2	0	0:00:01.795799
1140	6	6	4	1	0:00:01.798061
1160	8	8	8	1	0:00:01.804125
1180	3	3	3	1	0:00:01.798842
1200	8	8	0	1	0:00:01.797957
1220	9	6	6	0	0:00:01.798013
1240	2	6	6	0	0:00:01.801530
1260	1	9	9	0	0:00:01.798706
1280	3	7	7	0	0:00:01.797465
1300	4	3	8	0	0:00:01.796355
1320	7	2	2	0	0:00:01.799113
1340	1	1	1	1	0:00:01.802125
1360	7	7	4	1	0:00:01.800662
1380	4	5	4	0	0:00:01.802456
1400	5	-1	2	0	0:00:01.795436
1420	4	7	4	0	0:00:01.796052
1440	0	0	0	1	0:00:01.795443
1460	6	6	4	1	0:00:01.799585
1480	1	-1	5	0	0:00:01.800674
1500	1	1	1	1	0:00:01.796188
1520	7	7	4	1	0:00:01.796619
1540	8	8	8	1	0:00:01.803875
1560	7	7	7	1	0:00:01.816720
1580	6	1	1	0	0:00:01.817935
1600	8	9	4	0	0:00:01.814893
1620	5	8	8	0	0:00:01.801836
1640	7	5	3	0	0:00:01.796525
1660	3	3	3	1	0:00:01.795678
1680	6	6	6	1	0:00:01.800981
1700	5	2	2	0	0:00:01.798724
1720	4	2	2	0	0:00:01.815086
1740	1	-1	1	0	0:00:01.799390
1760	0	8	8	0	0:00:01.797038
1780	7	7	8	1	0:00:01.797574
1800	4	8	8	0	0:00:01.794041
1820	8	8	8	1	0:00:01.796990
1840	8	9	4	0	0:00:01.800677
1860	8	8	8	1	0:00:01.796324
1880	1	1	8	1	0:00:01.797578
1900	8	8	8	1	0:00:01.796741
1920	2	2	2	1	0:00:01.806995
1940	5	3	3	0	0:00:01.804208
1960	2	5	5	0	0:00:01.802490
1980	9	9	9	1	0:00:01.797737
2000	1	6	6	0	0:00:01.796007
2020	9	9	9	1	0:00:01.798656
2040	0	8	8	0	0:00:01.797829
2060	5	5	5	1	0:00:01.803100
2080	1	1	6	1	0:00:01.802278
2100	2	4	4	0	0:00:01.796177
2120	4	8	8	0	0:00:01.794677
2140	9	9	9	1	0:00:01.801452
2160	0	8	8	0	0:00:01.798920
2180	4	4	4	1	0:00:01.802623
2200	0	0	2	1	0:00:01.791001
2220	1	1	1	1	0:00:01.799405
2240	9	9	9	1	0:00:01.799178
2260	4	-1	4	0	0:00:01.821336
2280	4	8	8	0	0:00:01.799103
2300	3	6	2	0	0:00:01.798255
2320	5	2	8	0	0:00:01.797507
2340	7	7	7	1	0:00:01.799027
2360	7	7	7	1	0:00:01.796864
2380	8	8	8	1	0:00:01.796317
2400	0	0	0	1	0:00:01.796485
2420	8	1	8	0	0:00:01.799394
2440	7	7	7	1	0:00:01.797621
2460	9	9	3	1	0:00:01.798459
2480	8	8	8	1	0:00:01.800751
2500	4	2	2	0	0:00:01.803965
2520	1	1	8	1	0:00:01.799970
2540	2	3	3	0	0:00:01.797817
2560	7	7	4	1	0:00:01.801239
2580	6	-1	4	0	0:00:01.799257
2600	8	8	8	1	0:00:01.796599
2620	1	1	4	1	0:00:01.799948
2640	7	7	4	1	0:00:01.794387
2660	3	-1	2	0	0:00:01.797686
2680	0	0	0	1	0:00:01.803227
2700	9	9	0	1	0:00:01.808410
2720	3	2	2	0	0:00:01.795572
2740	1	1	1	1	0:00:01.795799
2760	2	2	4	1	0:00:01.808852
2780	7	7	7	1	0:00:01.798588
2800	4	6	4	0	0:00:01.798452
2820	6	6	6	1	0:00:01.799897
2840	3	3	3	1	0:00:01.798986
2860	5	6	6	0	0:00:01.798574
2880	4	4	4	1	0:00:01.812917
2900	3	2	5	0	0:00:01.811801
2920	2	-1	2	0	0:00:01.820301
2940	3	0	0	0	0:00:01.815808
2960	9	9	8	1	0:00:01.796003
2980	8	8	8	1	0:00:01.797779
3000	5	5	5	1	0:00:01.799727
3020	1	1	8	1	0:00:01.798815
3040	7	7	7	1	0:00:01.797895
3060	7	7	7	1	0:00:01.803914
3080	1	7	2	0	0:00:01.803719
3100	0	0	0	1	0:00:01.797849
3120	4	6	2	0	0:00:01.794651
3140	8	8	8	1	0:00:01.795384
3160	6	4	4	0	0:00:01.797210
3180	3	9	8	0	0:00:01.797178
3200	5	7	7	0	0:00:01.799013
3220	3	3	3	1	0:00:01.802783
3240	4	2	8	0	0:00:01.799659
3260	7	-1	7	0	0:00:01.798235
3280	3	5	0	0	0:00:01.800125
3300	4	4	4	1	0:00:01.799417
3320	2	7	2	0	0:00:01.800483
3340	6	6	4	1	0:00:01.796110
3360	4	6	4	0	0:00:01.796763
3380	8	8	8	1	0:00:01.799940
3400	6	4	4	0	0:00:01.793350
3420	5	3	4	0	0:00:01.794460
3440	2	9	3	0	0:00:01.795175
3460	1	1	1	1	0:00:01.799193
3480	2	2	2	1	0:00:01.798120
3500	1	1	1	1	0:00:01.795660
3520	1	1	1	1	0:00:01.798548
3540	6	6	6	1	0:00:01.796779
3560	1	9	0	0	0:00:01.797754
3580	4	1	4	0	0:00:01.801205
3600	4	2	2	0	0:00:01.800578
3620	0	-1	6	0	0:00:01.797980
3640	6	2	2	0	0:00:01.793904
3660	0	8	8	0	0:00:01.802820
3680	0	2	2	0	0:00:01.797979
3700	3	3	4	1	0:00:01.803668
3720	2	2	2	1	0:00:01.797903
3740	0	0	0	1	0:00:01.806868
3760	7	7	7	1	0:00:01.800003
3780	4	4	2	1	0:00:01.798745
3800	9	9	8	1	0:00:01.794966
3820	0	0	0	1	0:00:01.796828
3840	6	3	3	0	0:00:01.801076
3860	7	7	7	1	0:00:01.801430
3880	6	4	4	0	0:00:01.798434
3900	3	3	6	1	0:00:01.796763
3920	7	9	8	0	0:00:01.802399
3940	6	6	4	1	0:00:01.806344
3960	2	2	2	1	0:00:01.803035
3980	9	7	7	0	0:00:01.800158
4000	8	-1	0	0	0:00:01.796576
4020	8	1	8	0	0:00:01.796738
4040	0	0	0	1	0:00:01.796934
4060	6	3	3	0	0:00:01.798968
4080	1	-1	8	0	0:00:01.797918
4100	7	7	7	1	0:00:01.805338
4120	4	0	4	0	0:00:01.803093
4140	5	3	3	0	0:00:01.794822
4160	5	2	2	0	0:00:01.797310
4180	0	0	8	1	0:00:01.802828
4200	4	4	2	1	0:00:01.798783
4220	4	0	0	0	0:00:01.800739
4240	7	0	0	0	0:00:01.811187
4260	8	8	8	1	0:00:01.808540
4280	8	8	8	1	0:00:01.798174
4300	8	8	8	1	0:00:01.799252
4320	1	8	8	0	0:00:01.802944
4340	0	0	8	1	0:00:01.796878
4360	6	-1	6	0	0:00:01.796361
4380	9	9	8	1	0:00:01.800158
4400	3	4	4	0	0:00:01.813856
4420	5	8	8	0	0:00:01.795761
4440	2	2	2	1	0:00:01.794967
4460	9	1	8	0	0:00:01.800666
4480	9	9	3	1	0:00:01.796830
4500	3	3	6	1	0:00:01.801381
4520	3	6	6	0	0:00:01.797537
4540	9	9	9	1	0:00:01.795907
4560	1	1	4	1	0:00:01.797120
4580	6	4	4	0	0:00:01.798307
4600	4	7	4	0	0:00:01.796069
4620	7	3	3	0	0:00:01.802069
4640	2	4	4	0	0:00:01.797017
4660	7	4	2	0	0:00:01.803212
4680	9	1	1	0	0:00:01.801664
4700	6	1	4	0	0:00:01.797683
4720	8	-1	0	0	0:00:01.802769
4740	5	3	3	0	0:00:01.797350
4760	3	3	4	1	0:00:01.796357
4780	0	0	0	1	0:00:01.797375
4800	9	9	9	1	0:00:01.795484
4820	3	5	5	0	0:00:01.796187
4840	0	0	0	1	0:00:01.802733
4860	5	5	5	1	0:00:01.807558
4880	0	2	2	0	0:00:01.796586
4900	3	6	6	0	0:00:01.798420
4920	7	7	7	1	0:00:01.801185
4940	6	6	2	1	0:00:01.801388
4960	4	6	4	0	0:00:01.795901
4980	1	9	8	0	0:00:01.799722
5000	7	7	7	1	0:00:01.797875
5020	8	8	8	1	0:00:01.796828
5040	3	3	4	1	0:00:01.795628
5060	6	6	4	1	0:00:01.798427
5080	7	7	7	1	0:00:01.796112
5100	3	3	3	1	0:00:01.796159
5120	9	9	8	1	0:00:01.798136
5140	8	8	8	1	0:00:01.798528
5160	0	0	8	1	0:00:01.801094
5180	9	7	4	0	0:00:01.797336
5200	3	3	3	1	0:00:01.805542
5220	0	0	0	1	0:00:01.802847
5240	1	9	2	0	0:00:01.808291
5260	0	0	0	1	0:00:01.796969
5280	0	8	8	0	0:00:01.798074
5300	9	9	9	1	0:00:01.798776
5320	7	7	7	1	0:00:01.795732
5340	3	4	4	0	0:00:01.797699
5360	9	9	9	1	0:00:01.799943
5380	1	9	9	0	0:00:01.793544
5400	9	9	8	1	0:00:01.789213
5420	6	6	6	1	0:00:01.800712
5440	9	9	9	1	0:00:01.795223
5460	0	7	7	0	0:00:01.800094
5480	1	1	8	1	0:00:01.798644
5500	8	1	8	0	0:00:01.799921
5520	4	3	3	0	0:00:01.795130
5540	5	6	2	0	0:00:01.795780
5560	3	6	5	0	0:00:01.806230
5580	5	6	6	0	0:00:01.805633
5600	6	-1	0	0	0:00:01.816934
5620	3	2	2	0	0:00:01.798741
5640	2	3	2	0	0:00:01.800742
5660	9	9	8	1	0:00:01.799109
5680	2	3	8	0	0:00:01.801822
5700	3	3	3	1	0:00:01.796191
5720	9	9	9	1	0:00:01.797986
5740	6	4	4	0	0:00:01.798640
5760	2	2	2	1	0:00:01.804743
5780	7	7	7	1	0:00:01.795759
5800	2	4	2	0	0:00:01.798924
5820	5	-1	3	0	0:00:01.797763
5840	2	2	6	1	0:00:01.795696
5860	0	-1	8	0	0:00:01.797369
5880	0	0	0	1	0:00:01.803270
5900	4	4	4	1	0:00:01.797123
5920	8	8	8	1	0:00:01.795726
5940	7	4	4	0	0:00:01.806898
5960	2	4	4	0	0:00:01.804852
5980	9	9	9	1	0:00:01.798204
6000	8	9	8	0	0:00:01.797401
6020	6	6	6	1	0:00:01.796295
6040	2	7	7	0	0:00:01.796432
6060	3	4	4	0	0:00:01.796680
6080	1	9	6	0	0:00:01.798636
6100	1	1	8	1	0:00:01.800021
6120	5	5	5	1	0:00:01.797309
6140	9	9	9	1	0:00:01.801103
6160	2	5	5	0	0:00:01.802418
6180	0	9	8	0	0:00:01.797011
6200	3	3	3	1	0:00:01.797109
6220	2	6	4	0	0:00:01.804570
6240	2	2	4	1	0:00:01.797004
6260	2	9	4	0	0:00:01.800153
6280	8	5	4	0	0:00:01.800067
6300	1	7	4	0	0:00:01.795335
6320	0	0	0	1	0:00:01.796368
6340	3	3	3	1	0:00:01.799759
6360	2	2	2	1	0:00:01.797584
6380	3	6	6	0	0:00:01.799373
6400	0	1	8	0	0:00:01.798513
6420	7	7	8	1	0:00:01.801602
6440	3	9	8	0	0:00:01.796702
6460	3	1	4	0	0:00:01.796515
6480	0	0	0	1	0:00:01.798170
6500	7	0	8	0	0:00:01.799627
6520	6	4	4	0	0:00:01.799304
6540	8	8	8	1	0:00:01.795840
6560	6	6	4	1	0:00:01.794858
6580	1	1	2	1	0:00:01.798584
6600	7	7	7	1	0:00:01.798850
6620	7	7	7	1	0:00:01.804710
6640	5	3	8	0	0:00:01.797642
6660	0	0	0	1	0:00:01.798804
6680	3	5	3	0	0:00:01.805371
6700	6	6	2	1	0:00:01.796294
6720	2	2	2	1	0:00:01.796714
6740	2	4	4	0	0:00:01.800316
6760	5	5	3	1	0:00:01.799822
6780	7	7	7	1	0:00:01.796999
6800	6	6	4	1	0:00:01.795802
6820	1	1	1	1	0:00:01.801581
6840	9	9	9	1	0:00:01.795794
6860	0	0	2	1	0:00:01.798007
6880	2	7	4	0	0:00:01.810622
6900	3	7	4	0	0:00:01.799616
6920	5	2	2	0	0:00:01.797052
6940	1	1	1	1	0:00:01.799018
6960	9	8	8	0	0:00:01.794764
6980	0	9	0	0	0:00:01.797803
7000	2	8	8	0	0:00:01.795973
7020	7	7	7	1	0:00:01.797879
7040	7	8	8	0	0:00:01.801317
7060	8	8	8	1	0:00:01.802863
7080	5	4	4	0	0:00:01.798451
7100	9	3	8	0	0:00:01.796743
7120	7	7	7	1	0:00:01.795707
7140	4	4	4	1	0:00:01.800277
7160	5	-1	4	0	0:00:01.802022
7180	6	6	6	1	0:00:01.796395
7200	4	6	2	0	0:00:01.799458
7220	9	9	8	1	0:00:01.806257
7240	0	8	8	0	0:00:01.797142
7260	1	-1	8	0	0:00:01.806350
7280	1	1	6	1	0:00:01.798605
7300	3	7	4	0	0:00:01.799588
7320	8	-1	8	0	0:00:01.796939
7340	2	4	4	0	0:00:01.802287
7360	2	4	4	0	0:00:01.797753
7380	7	7	7	1	0:00:01.797481
7400	3	3	3	1	0:00:01.794820
7420	3	0	2	0	0:00:01.804746
7440	3	3	2	1	0:00:01.799237
7460	5	5	5	1	0:00:01.800182
7480	1	8	8	0	0:00:01.796726
7500	6	6	6	1	0:00:01.795966
7520	4	4	4	1	0:00:01.802072
7540	5	5	5	1	0:00:01.798540
7560	0	9	4	0	0:00:01.809166
7580	8	8	8	1	0:00:01.804813
7600	8	9	8	0	0:00:01.803564
7620	5	3	3	0	0:00:01.799563
7640	9	9	6	1	0:00:01.795936
7660	7	7	4	1	0:00:01.799286
7680	3	-1	3	0	0:00:01.797064
7700	6	6	6	1	0:00:01.795378
7720	5	5	5	1	0:00:01.803461
7740	4	4	2	1	0:00:01.796852
7760	2	9	2	0	0:00:01.796100
7780	3	1	8	0	0:00:01.797317
7800	0	0	0	1	0:00:01.794706
7820	5	8	8	0	0:00:01.797403
7840	1	1	1	1	0:00:01.794063
7860	8	1	4	0	0:00:01.800255
7880	0	0	0	1	0:00:01.800391
7900	0	8	8	0	0:00:01.795773
7920	9	8	8	0	0:00:01.798422
7940	2	6	6	0	0:00:01.800806
7960	0	0	0	1	0:00:01.796609
7980	3	3	4	1	0:00:01.812443
8000	9	9	9	1	0:00:01.798063
8020	6	3	3	0	0:00:01.799294
8040	2	2	2	1	0:00:01.797586
8060	6	6	4	1	0:00:01.809884
8080	4	6	4	0	0:00:01.799182
8100	6	2	4	0	0:00:01.799727
8120	8	9	8	0	0:00:01.803645
8140	5	4	4	0	0:00:01.795243
8160	6	6	6	1	0:00:01.796420
8180	4	4	4	1	0:00:01.799493
8200	3	6	2	0	0:00:01.797801
8220	6	6	2	1	0:00:01.807786
8240	7	7	7	1	0:00:01.804954
8260	1	1	3	1	0:00:01.829338
8280	4	5	2	0	0:00:01.801105
8300	5	2	2	0	0:00:01.804871
8320	7	4	4	0	0:00:01.798727
8340	5	3	3	0	0:00:01.806303
8360	7	7	4	1	0:00:01.798131
8380	9	9	8	1	0:00:01.799764
8400	0	0	8	1	0:00:01.795625
8420	3	6	4	0	0:00:01.797712
8440	5	3	4	0	0:00:01.801769
8460	8	8	8	1	0:00:01.800248
8480	2	2	4	1	0:00:01.801880
8500	4	4	4	1	0:00:01.795584
8520	8	1	4	0	0:00:01.802085
8540	4	4	2	1	0:00:01.795617
8560	7	7	4	1	0:00:01.799126
8580	3	0	2	0	0:00:01.800466
8600	3	3	4	1	0:00:01.795839
8620	3	7	4	0	0:00:01.806463
8640	1	1	1	1	0:00:01.795348
8660	7	7	7	1	0:00:01.817604
8680	3	9	4	0	0:00:01.804400
8700	3	3	3	1	0:00:01.797319
8720	2	0	0	0	0:00:01.799127
8740	2	2	4	1	0:00:01.796909
8760	8	8	8	1	0:00:01.802654
8780	4	4	4	1	0:00:01.796737
8800	0	0	0	1	0:00:01.801163
8820	2	2	2	1	0:00:01.797570
8840	2	1	7	0	0:00:01.794539
8860	2	2	2	1	0:00:01.800098
8880	1	1	1	1	0:00:01.802157
8900	2	-1	4	0	0:00:01.798486
8920	6	6	6	1	0:00:01.795962
8940	6	3	6	0	0:00:01.808851
8960	0	0	0	1	0:00:01.801119
8980	9	9	9	1	0:00:01.807228
9000	8	8	8	1	0:00:01.797773
9020	7	9	8	0	0:00:01.800168
9040	2	5	5	0	0:00:01.799785
9060	9	5	5	0	0:00:01.809646
9080	3	3	3	1	0:00:01.799410
9100	9	6	6	0	0:00:01.795660
9120	3	3	3	1	0:00:01.798769
9140	7	7	4	1	0:00:01.795173
9160	5	5	5	1	0:00:01.799271
9180	5	5	5	1	0:00:01.802208
9200	8	8	8	1	0:00:01.798120
9220	8	8	8	1	0:00:01.800318
9240	8	8	8	1	0:00:01.795425
9260	5	5	5	1	0:00:01.796460
9280	9	1	8	0	0:00:01.797857
9300	5	3	2	0	0:00:01.799713
9320	9	9	8	1	0:00:01.797523
9340	1	1	1	1	0:00:01.805059
9360	5	6	6	0	0:00:01.796215
9380	5	3	3	0	0:00:01.797100
9400	6	6	4	1	0:00:01.794616
9420	5	5	6	1	0:00:01.796519
9440	8	8	8	1	0:00:01.798148
9460	3	7	6	0	0:00:01.803098
9480	2	4	4	0	0:00:01.798909
9500	9	9	6	1	0:00:01.797616
9520	1	1	1	1	0:00:01.797984
9540	5	5	4	1	0:00:01.799077
9560	9	7	7	0	0:00:01.802880
9580	1	-1	4	0	0:00:01.799607
9600	8	8	8	1	0:00:01.812125
9620	4	7	4	0	0:00:01.796772
9640	5	0	6	0	0:00:01.795036
9660	6	6	6	1	0:00:01.809069
9680	8	8	8	1	0:00:01.797282
9700	0	0	0	1	0:00:01.797625
9720	8	1	8	0	0:00:01.799525
9740	3	6	4	0	0:00:01.802267
9760	9	9	7	1	0:00:01.796871
9780	4	6	4	0	0:00:01.794466
9800	1	1	1	1	0:00:01.799209
9820	0	8	8	0	0:00:01.799401
9840	4	5	5	0	0:00:01.797398
9860	0	5	8	0	0:00:01.803716
9880	7	7	4	1	0:00:01.797617
9900	8	0	8	0	0:00:01.802633
9920	6	6	2	1	0:00:01.798506
9940	4	7	4	0	0:00:01.806759
9960	2	0	0	0	0:00:01.797974
9980	0	0	0	1	0:00:01.796780
