idx	label	predict	basePredict	correct	time
0	3	3	3	1	0:00:03.838713
20	7	1	1	0	0:00:03.702881
40	4	4	4	1	0:00:03.654631
60	7	7	7	1	0:00:03.661387
80	8	8	8	1	0:00:03.671508
100	4	5	5	0	0:00:03.728033
120	8	8	8	1	0:00:03.711792
140	6	6	6	1	0:00:03.677455
160	2	2	2	1	0:00:03.660505
180	0	0	0	1	0:00:03.644047
200	5	5	5	1	0:00:03.662825
220	7	7	7	1	0:00:03.665886
240	1	1	1	1	0:00:03.692797
260	8	8	5	1	0:00:03.686297
280	9	9	9	1	0:00:03.728658
300	6	6	6	1	0:00:03.706980
320	3	5	5	0	0:00:03.712271
340	2	6	4	0	0:00:03.727363
360	9	9	9	1	0:00:03.710858
380	6	6	4	1	0:00:03.728818
400	9	9	9	1	0:00:03.754570
420	4	4	2	1	0:00:03.695457
440	1	1	1	1	0:00:03.717954
460	5	5	5	1	0:00:03.751010
480	8	9	9	0	0:00:03.700637
500	4	6	4	0	0:00:03.721195
520	5	5	5	1	0:00:03.765416
540	1	1	1	1	0:00:03.724196
560	0	0	0	1	0:00:03.711572
580	4	4	4	1	0:00:03.712889
600	8	8	8	1	0:00:03.721613
620	7	7	7	1	0:00:03.696813
640	5	3	3	0	0:00:03.727532
660	9	9	9	1	0:00:03.738132
680	9	0	5	0	0:00:03.729056
700	7	7	7	1	0:00:03.717870
720	4	9	9	0	0:00:03.703259
740	2	3	3	0	0:00:03.736524
760	3	3	3	1	0:00:03.801349
780	9	1	1	0	0:00:03.756990
800	7	7	7	1	0:00:03.707326
820	6	1	8	0	0:00:03.764374
840	7	7	7	1	0:00:03.738128
860	4	4	4	1	0:00:03.707793
880	8	8	8	1	0:00:03.747725
900	2	6	4	0	0:00:03.712688
920	6	4	4	0	0:00:03.732670
940	9	9	9	1	0:00:03.747629
960	9	3	3	0	0:00:03.739188
980	2	6	6	0	0:00:03.746428
1000	5	5	5	1	0:00:03.655671
1020	1	1	1	1	0:00:03.654083
1040	7	5	5	0	0:00:03.658349
1060	9	9	9	1	0:00:03.686928
1080	6	6	2	1	0:00:03.678489
1100	7	8	8	0	0:00:03.635726
1120	5	2	2	0	0:00:03.655432
1140	6	6	4	1	0:00:03.660541
1160	8	8	8	1	0:00:03.649412
1180	3	3	3	1	0:00:03.619958
1200	8	8	8	1	0:00:03.647215
1220	9	6	3	0	0:00:03.663775
1240	2	6	6	0	0:00:03.632658
1260	1	9	9	0	0:00:03.649106
1280	3	3	3	1	0:00:03.640131
1300	4	3	3	0	0:00:03.599943
1320	7	7	2	1	0:00:03.630159
1340	1	1	1	1	0:00:03.645992
1360	7	7	7	1	0:00:03.645217
1380	4	5	5	0	0:00:03.649690
1400	5	5	5	1	0:00:03.654499
1420	4	-1	4	0	0:00:03.602248
1440	0	0	0	1	0:00:03.600538
1460	6	6	6	1	0:00:03.648765
1480	1	1	1	1	0:00:03.650576
1500	1	1	1	1	0:00:03.658236
1520	7	7	7	1	0:00:03.652385
1540	8	8	8	1	0:00:03.647947
1560	7	7	7	1	0:00:03.635225
1580	6	1	1	0	0:00:03.606325
1600	8	9	9	0	0:00:03.668434
1620	5	3	3	0	0:00:03.648286
1640	7	3	3	0	0:00:03.650974
1660	3	3	5	1	0:00:03.647801
1680	6	6	6	1	0:00:03.636915
1700	5	3	3	0	0:00:03.644006
1720	4	2	3	0	0:00:03.659292
1740	1	9	9	0	0:00:03.642928
1760	0	0	8	1	0:00:03.650677
1780	7	7	7	1	0:00:03.645716
1800	4	8	8	0	0:00:03.643937
1820	8	9	9	0	0:00:03.629578
1840	8	4	4	0	0:00:03.620858
1860	8	8	8	1	0:00:03.589962
1880	1	1	1	1	0:00:03.609868
1900	8	8	8	1	0:00:03.651698
1920	2	2	2	1	0:00:03.651320
1940	5	5	5	1	0:00:03.651429
1960	2	5	5	0	0:00:03.664467
1980	9	9	9	1	0:00:03.664373
2000	1	1	1	1	0:00:03.662974
2020	9	9	9	1	0:00:03.661882
2040	0	0	0	1	0:00:03.661382
2060	5	5	5	1	0:00:03.659294
2080	1	1	1	1	0:00:03.660875
2100	2	2	2	1	0:00:03.653883
2120	4	8	8	0	0:00:03.654267
2140	9	9	9	1	0:00:03.655902
2160	0	8	8	0	0:00:03.646926
2180	4	4	4	1	0:00:03.618102
2200	0	0	0	1	0:00:03.663548
2220	1	1	1	1	0:00:03.650957
2240	9	1	1	0	0:00:03.640535
2260	4	2	3	0	0:00:03.668075
2280	4	8	8	0	0:00:03.649703
2300	3	3	3	1	0:00:03.664320
2320	5	3	3	0	0:00:03.656253
2340	7	7	7	1	0:00:03.657924
2360	7	5	5	0	0:00:03.665226
2380	8	8	8	1	0:00:03.657892
2400	0	0	0	1	0:00:03.652728
2420	8	5	5	0	0:00:03.674790
2440	7	-1	5	0	0:00:03.653439
2460	9	3	3	0	0:00:03.659269
2480	8	8	8	1	0:00:03.664941
2500	4	6	2	0	0:00:03.664732
2520	1	8	8	0	0:00:03.681655
2540	2	3	3	0	0:00:03.705260
2560	7	7	5	1	0:00:03.660333
2580	6	6	6	1	0:00:03.669566
2600	8	8	8	1	0:00:03.668240
2620	1	1	1	1	0:00:03.668286
2640	7	7	7	1	0:00:03.656579
2660	3	2	2	0	0:00:03.670413
2680	0	0	0	1	0:00:03.669279
2700	9	1	1	0	0:00:03.672385
2720	3	3	3	1	0:00:03.662150
2740	1	1	1	1	0:00:03.663543
2760	2	2	2	1	0:00:03.662654
2780	7	7	7	1	0:00:03.719054
2800	4	6	4	0	0:00:03.676678
2820	6	6	6	1	0:00:03.667997
2840	3	3	3	1	0:00:03.650593
2860	5	6	6	0	0:00:03.653716
2880	4	4	4	1	0:00:03.714573
2900	3	5	5	0	0:00:03.734654
2920	2	3	5	0	0:00:03.721820
2940	3	0	0	0	0:00:03.760402
2960	9	0	9	0	0:00:03.745549
2980	8	8	8	1	0:00:03.791227
3000	5	5	5	1	0:00:03.792158
3020	1	1	1	1	0:00:03.874644
3040	7	7	7	1	0:00:03.927443
3060	7	7	7	1	0:00:03.968492
3080	1	1	1	1	0:00:03.858324
3100	0	0	0	1	0:00:03.762464
3120	4	6	2	0	0:00:03.764240
3140	8	8	8	1	0:00:03.675913
3160	6	2	2	0	0:00:03.645839
3180	3	6	3	0	0:00:03.650964
3200	5	5	5	1	0:00:03.651924
3220	3	9	9	0	0:00:03.649472
3240	4	0	0	0	0:00:03.653828
3260	7	7	7	1	0:00:03.652735
3280	3	5	5	0	0:00:03.671232
3300	4	4	2	1	0:00:03.667324
3320	2	7	7	0	0:00:03.663883
3340	6	6	4	1	0:00:03.647515
3360	4	6	3	0	0:00:03.639414
3380	8	8	8	1	0:00:03.649398
3400	6	7	4	0	0:00:03.689320
3420	5	3	3	0	0:00:03.717518
3440	2	3	3	0	0:00:03.676683
3460	1	1	1	1	0:00:03.652463
3480	2	2	2	1	0:00:03.699828
3500	1	1	1	1	0:00:03.724219
3520	1	1	1	1	0:00:03.716398
3540	6	6	3	1	0:00:03.785462
3560	1	0	0	0	0:00:03.885216
3580	4	2	2	0	0:00:03.797622
3600	4	2	2	0	0:00:03.782421
3620	0	3	3	0	0:00:03.726738
3640	6	2	2	0	0:00:03.701350
3660	0	0	8	1	0:00:03.745348
3680	0	2	2	0	0:00:03.810083
3700	3	3	3	1	0:00:03.882819
3720	2	2	2	1	0:00:03.866387
3740	0	0	0	1	0:00:03.877269
3760	7	7	7	1	0:00:03.842134
3780	4	2	2	0	0:00:03.795759
3800	9	9	9	1	0:00:03.809765
3820	0	0	0	1	0:00:03.845568
3840	6	3	3	0	0:00:03.887295
3860	7	7	7	1	0:00:03.812773
3880	6	4	4	0	0:00:03.743717
3900	3	-1	6	0	0:00:03.753435
3920	7	1	5	0	0:00:03.728732
3940	6	3	2	0	0:00:03.729448
3960	2	2	2	1	0:00:03.695739
3980	9	3	3	0	0:00:03.719388
4000	8	0	0	0	0:00:03.706741
4020	8	8	8	1	0:00:03.704289
4040	0	0	0	1	0:00:03.727087
4060	6	3	3	0	0:00:03.814644
4080	1	1	1	1	0:00:03.876559
4100	7	7	7	1	0:00:03.860830
4120	4	4	4	1	0:00:03.887363
4140	5	5	5	1	0:00:03.893000
4160	5	5	5	1	0:00:03.884204
4180	0	0	8	1	0:00:03.825508
4200	4	4	2	1	0:00:03.748932
4220	4	0	0	0	0:00:03.704780
4240	7	0	0	0	0:00:03.680292
4260	8	8	8	1	0:00:03.689110
4280	8	9	9	0	0:00:03.676484
4300	8	8	8	1	0:00:03.660836
4320	1	8	8	0	0:00:03.651475
4340	0	0	0	1	0:00:03.671226
4360	6	3	3	0	0:00:03.652557
4380	9	9	9	1	0:00:03.662964
4400	3	4	2	0	0:00:03.653725
4420	5	5	7	1	0:00:03.652792
4440	2	2	2	1	0:00:03.684618
4460	9	9	9	1	0:00:03.702782
4480	9	9	9	1	0:00:03.669367
4500	3	5	5	0	0:00:03.686394
4520	3	3	3	1	0:00:03.798307
4540	9	9	9	1	0:00:03.766304
4560	1	1	1	1	0:00:03.774713
4580	6	4	4	0	0:00:03.720218
4600	4	4	4	1	0:00:03.731907
4620	7	3	3	0	0:00:03.800918
4640	2	2	2	1	0:00:03.841820
4660	7	7	7	1	0:00:03.911565
4680	9	9	9	1	0:00:03.881957
4700	6	6	3	1	0:00:03.792362
4720	8	0	0	0	0:00:03.722041
4740	5	3	3	0	0:00:03.765834
4760	3	2	2	0	0:00:03.776732
4780	0	0	0	1	0:00:03.770841
4800	9	9	9	1	0:00:03.848196
4820	3	5	5	0	0:00:03.847482
4840	0	0	0	1	0:00:03.870588
4860	5	5	5	1	0:00:03.822916
4880	0	0	0	1	0:00:03.741785
4900	3	1	5	0	0:00:03.748175
4920	7	7	7	1	0:00:03.726010
4940	6	6	2	1	0:00:03.752566
4960	4	3	3	0	0:00:03.819046
4980	1	9	9	0	0:00:03.796377
5000	7	7	7	1	0:00:03.826812
5020	8	8	8	1	0:00:03.896179
5040	3	3	3	1	0:00:04.039300
5060	6	6	6	1	0:00:04.327058
5080	7	7	7	1	0:00:04.620358
5100	3	3	3	1	0:00:05.552385
5120	9	9	8	1	0:00:05.560705
5140	8	8	8	1	0:00:05.197813
5160	0	0	0	1	0:00:04.146466
5180	9	7	7	0	0:00:03.876550
5200	3	3	3	1	0:00:03.910988
5220	0	0	0	1	0:00:03.830035
5240	1	1	1	1	0:00:03.832104
5260	0	0	0	1	0:00:03.782008
5280	0	8	8	0	0:00:03.744803
5300	9	9	9	1	0:00:03.743549
5320	7	7	7	1	0:00:03.811780
5340	3	4	3	0	0:00:03.886254
5360	9	9	9	1	0:00:03.927810
5380	1	9	9	0	0:00:03.792845
5400	9	9	9	1	0:00:03.725798
5420	6	6	6	1	0:00:03.792669
5440	9	9	9	1	0:00:03.723082
5460	0	0	0	1	0:00:03.693731
5480	1	1	1	1	0:00:03.686850
5500	8	8	8	1	0:00:03.644226
5520	4	5	3	0	0:00:03.657577
5540	5	6	2	0	0:00:03.656695
5560	3	5	5	0	0:00:03.660834
5580	5	6	3	0	0:00:03.705530
5600	6	3	0	0	0:00:03.725388
5620	3	2	2	0	0:00:03.769074
5640	2	5	2	0	0:00:03.865883
5660	9	9	9	1	0:00:03.845387
5680	2	3	3	0	0:00:03.852007
5700	3	5	5	0	0:00:03.723332
5720	9	9	9	1	0:00:03.712583
5740	6	4	4	0	0:00:03.743397
5760	2	2	2	1	0:00:03.717829
5780	7	7	7	1	0:00:03.696086
5800	2	2	2	1	0:00:03.698451
5820	5	5	3	1	0:00:03.691939
5840	2	5	5	0	0:00:03.684802
5860	0	0	0	1	0:00:03.712426
5880	0	0	0	1	0:00:03.678187
5900	4	0	5	0	0:00:03.688658
5920	8	8	8	1	0:00:03.692777
5940	7	4	4	0	0:00:03.664435
5960	2	6	6	0	0:00:03.652545
5980	9	9	9	1	0:00:03.658652
6000	8	1	8	0	0:00:03.653196
6020	6	6	6	1	0:00:03.654275
6040	2	7	7	0	0:00:03.642886
6060	3	4	4	0	0:00:03.665169
6080	1	1	1	1	0:00:03.720064
6100	1	1	1	1	0:00:03.714976
6120	5	5	5	1	0:00:03.723711
6140	9	9	9	1	0:00:03.699202
6160	2	5	5	0	0:00:03.668646
6180	0	0	0	1	0:00:03.638820
6200	3	3	3	1	0:00:03.652169
6220	2	5	5	0	0:00:03.655184
6240	2	2	2	1	0:00:03.691406
6260	2	1	0	0	0:00:03.701270
6280	8	5	5	0	0:00:03.705936
6300	1	1	1	1	0:00:03.701483
6320	0	0	0	1	0:00:03.728068
6340	3	5	5	0	0:00:03.668962
6360	2	2	2	1	0:00:03.642304
6380	3	6	5	0	0:00:03.662825
6400	0	8	0	0	0:00:03.694272
6420	7	7	7	1	0:00:03.740843
6440	3	8	8	0	0:00:03.744266
6460	3	0	0	0	0:00:03.702007
6480	0	0	0	1	0:00:03.650653
6500	7	6	6	0	0:00:03.645008
6520	6	4	2	0	0:00:03.646739
6540	8	8	8	1	0:00:03.678057
6560	6	6	4	1	0:00:03.695370
6580	1	1	3	1	0:00:03.704628
6600	7	7	7	1	0:00:03.840692
6620	7	7	7	1	0:00:03.914636
6640	5	3	3	0	0:00:03.950410
6660	0	0	0	1	0:00:03.977852
6680	3	5	5	0	0:00:03.909190
6700	6	6	6	1	0:00:03.882478
6720	2	2	2	1	0:00:03.996241
6740	2	4	4	0	0:00:03.816823
6760	5	5	3	1	0:00:03.796035
6780	7	7	7	1	0:00:03.747729
6800	6	6	2	1	0:00:03.760868
6820	1	1	1	1	0:00:03.764145
6840	9	9	9	1	0:00:03.747491
6860	0	0	0	1	0:00:03.824581
6880	2	2	2	1	0:00:03.915931
6900	3	3	3	1	0:00:03.980048
6920	5	2	2	0	0:00:03.820859
6940	1	1	1	1	0:00:03.782781
6960	9	9	8	1	0:00:03.736090
6980	0	0	8	1	0:00:03.779562
7000	2	8	8	0	0:00:03.830266
7020	7	7	7	1	0:00:03.792600
7040	7	1	8	0	0:00:03.759465
7060	8	8	8	1	0:00:03.832168
7080	5	4	4	0	0:00:03.970296
7100	9	3	3	0	0:00:04.014230
7120	7	7	7	1	0:00:03.966784
7140	4	4	3	1	0:00:04.066840
7160	5	5	5	1	0:00:04.306921
7180	6	6	6	1	0:00:04.098698
7200	4	6	2	0	0:00:03.813143
7220	9	9	9	1	0:00:03.777362
7240	0	8	8	0	0:00:03.727211
7260	1	1	1	1	0:00:03.700021
7280	1	9	0	0	0:00:03.783094
7300	3	4	4	0	0:00:03.809762
7320	8	0	0	0	0:00:03.792053
7340	2	4	4	0	0:00:03.750255
7360	2	2	2	1	0:00:03.756889
7380	7	7	7	1	0:00:03.684004
7400	3	5	5	0	0:00:03.679561
7420	3	2	2	0	0:00:03.661769
7440	3	3	3	1	0:00:03.646689
7460	5	5	5	1	0:00:03.663406
7480	1	1	3	1	0:00:03.657767
7500	6	6	6	1	0:00:03.659342
7520	4	4	4	1	0:00:03.689323
7540	5	5	5	1	0:00:03.732930
7560	0	0	0	1	0:00:03.713040
7580	8	8	8	1	0:00:03.662059
7600	8	9	2	0	0:00:03.708884
7620	5	3	3	0	0:00:03.732885
7640	9	8	8	0	0:00:03.769987
7660	7	4	7	0	0:00:03.834296
7680	3	9	5	0	0:00:03.917993
7700	6	6	6	1	0:00:04.073729
7720	5	5	5	1	0:00:04.319268
7740	4	2	2	0	0:00:04.618755
7760	2	9	8	0	0:00:04.796518
7780	3	1	1	0	0:00:03.998704
7800	0	0	0	1	0:00:03.859615
7820	5	8	8	0	0:00:03.872232
7840	1	1	1	1	0:00:03.896706
7860	8	8	8	1	0:00:03.848696
7880	0	0	0	1	0:00:03.863949
7900	0	2	2	0	0:00:03.867633
7920	9	9	9	1	0:00:03.794150
7940	2	6	6	0	0:00:03.778429
7960	0	0	0	1	0:00:03.790838
7980	3	3	5	1	0:00:03.799872
8000	9	9	9	1	0:00:03.842634
8020	6	3	3	0	0:00:03.858578
8040	2	2	2	1	0:00:03.872293
8060	6	6	6	1	0:00:03.815584
8080	4	6	4	0	0:00:03.783497
8100	6	2	2	0	0:00:03.797765
8120	8	9	9	0	0:00:03.830147
8140	5	4	4	0	0:00:03.918679
8160	6	6	6	1	0:00:04.021632
8180	4	4	4	1	0:00:04.145350
8200	3	0	0	0	0:00:04.015602
8220	6	6	2	1	0:00:03.926055
8240	7	7	7	1	0:00:03.841648
8260	1	1	1	1	0:00:03.907129
8280	4	3	3	0	0:00:03.977583
8300	5	2	2	0	0:00:03.910497
8320	7	4	3	0	0:00:03.929547
8340	5	5	5	1	0:00:04.088900
8360	7	7	7	1	0:00:03.974691
8380	9	9	9	1	0:00:04.002073
8400	0	0	0	1	0:00:03.828323
8420	3	6	2	0	0:00:03.886666
8440	5	3	3	0	0:00:03.924297
8460	8	8	8	1	0:00:03.824140
8480	2	2	2	1	0:00:03.744504
8500	4	4	4	1	0:00:03.715388
8520	8	8	8	1	0:00:03.720877
8540	4	2	2	0	0:00:03.752761
8560	7	7	7	1	0:00:03.867462
8580	3	5	5	0	0:00:03.838651
8600	3	5	5	0	0:00:03.755709
8620	3	3	3	1	0:00:03.813744
8640	1	1	1	1	0:00:03.888767
8660	7	7	7	1	0:00:03.947132
8680	3	3	2	1	0:00:04.084031
8700	3	5	5	0	0:00:03.860260
8720	2	0	0	0	0:00:03.775258
8740	2	4	4	0	0:00:03.747522
8760	8	8	8	1	0:00:03.724406
8780	4	4	4	1	0:00:03.711734
8800	0	0	0	1	0:00:03.731451
8820	2	2	2	1	0:00:03.745781
8840	2	2	2	1	0:00:03.763117
8860	2	2	2	1	0:00:03.752658
8880	1	1	1	1	0:00:03.837965
8900	2	2	2	1	0:00:03.847337
8920	6	6	6	1	0:00:03.837515
8940	6	3	5	0	0:00:03.777343
8960	0	0	0	1	0:00:03.831333
8980	9	9	9	1	0:00:03.926119
9000	8	8	8	1	0:00:03.926458
9020	7	7	7	1	0:00:03.879790
9040	2	5	5	0	0:00:03.834635
9060	9	9	9	1	0:00:03.822878
9080	3	2	2	0	0:00:03.747711
9100	9	1	1	0	0:00:03.707560
9120	3	5	5	0	0:00:03.694398
9140	7	7	7	1	0:00:03.658345
9160	5	5	5	1	0:00:03.658471
9180	5	5	5	1	0:00:03.644168
9200	8	8	8	1	0:00:03.666860
9220	8	8	8	1	0:00:03.678381
9240	8	8	8	1	0:00:03.773509
9260	5	5	5	1	0:00:03.823958
9280	9	9	8	1	0:00:03.880067
9300	5	3	3	0	0:00:03.962190
9320	9	9	9	1	0:00:04.125776
9340	1	1	1	1	0:00:04.473303
9360	5	0	0	0	0:00:04.657586
9380	5	3	3	0	0:00:04.540983
9400	6	6	2	1	0:00:04.510922
9420	5	5	5	1	0:00:04.583995
9440	8	8	8	1	0:00:04.843189
9460	3	7	7	0	0:00:05.151817
9480	2	4	4	0	0:00:05.147709
9500	9	9	9	1	0:00:04.604564
9520	1	1	1	1	0:00:04.457217
9540	5	5	5	1	0:00:04.222603
9560	9	2	8	0	0:00:03.984279
9580	1	1	1	1	0:00:03.765754
9600	8	8	8	1	0:00:03.800556
9620	4	4	4	1	0:00:03.875870
9640	5	5	5	1	0:00:03.976752
9660	6	6	6	1	0:00:03.977207
9680	8	8	8	1	0:00:03.871618
9700	0	0	0	1	0:00:03.902562
9720	8	-1	3	0	0:00:03.983629
9740	3	6	2	0	0:00:04.092567
9760	9	9	9	1	0:00:04.199978
9780	4	6	4	0	0:00:04.524453
9800	1	1	1	1	0:00:04.532063
9820	0	1	1	0	0:00:03.944039
9840	4	3	3	0	0:00:03.733231
9860	0	0	0	1	0:00:03.680497
9880	7	3	3	0	0:00:03.630075
9900	8	8	8	1	0:00:03.674890
9920	6	6	6	1	0:00:03.703507
9940	4	4	4	1	0:00:03.713614
9960	2	0	0	0	0:00:03.712662
9980	0	0	0	1	0:00:03.732936
