idx	label	predict	basePredict	correct	time
0	3	3	3	1	0:00:04.771745
20	7	1	1	0	0:00:04.319326
40	4	4	4	1	0:00:04.319989
60	7	7	7	1	0:00:04.375020
80	8	8	8	1	0:00:04.326366
100	4	5	5	0	0:00:04.330789
120	8	8	8	1	0:00:04.329914
140	6	6	6	1	0:00:04.313075
160	2	2	2	1	0:00:04.311915
180	0	0	0	1	0:00:04.348870
200	5	5	3	1	0:00:04.310036
220	7	7	7	1	0:00:04.307578
240	1	1	1	1	0:00:04.320087
260	8	8	5	1	0:00:04.310353
280	9	9	9	1	0:00:04.313541
300	6	6	6	1	0:00:04.331640
320	3	5	5	0	0:00:04.342332
340	2	6	4	0	0:00:04.318853
360	9	9	9	1	0:00:04.319300
380	6	6	4	1	0:00:04.321873
400	9	9	9	1	0:00:04.318352
420	4	4	2	1	0:00:04.323414
440	1	1	1	1	0:00:04.323137
460	5	5	5	1	0:00:04.331887
480	8	9	9	0	0:00:04.327972
500	4	6	4	0	0:00:04.327650
520	5	5	5	1	0:00:04.318104
540	1	1	1	1	0:00:04.319841
560	0	0	0	1	0:00:04.312507
580	4	4	4	1	0:00:04.309321
600	8	8	8	1	0:00:04.301992
620	7	7	7	1	0:00:04.348018
640	5	3	3	0	0:00:04.318454
660	9	9	9	1	0:00:04.332241
680	9	0	5	0	0:00:04.342635
700	7	7	7	1	0:00:04.333890
720	4	9	9	0	0:00:04.329083
740	2	3	3	0	0:00:04.313168
760	3	3	3	1	0:00:04.319746
780	9	1	1	0	0:00:04.318772
800	7	7	7	1	0:00:04.316540
820	6	1	8	0	0:00:04.333658
840	7	7	7	1	0:00:04.310736
860	4	4	4	1	0:00:04.315681
880	8	8	8	1	0:00:04.318873
900	2	6	4	0	0:00:04.321461
920	6	4	4	0	0:00:04.330371
940	9	9	9	1	0:00:04.322431
960	9	3	3	0	0:00:04.314405
980	2	6	6	0	0:00:04.316379
1000	5	5	5	1	0:00:04.233012
1020	1	1	1	1	0:00:04.232541
1040	7	5	5	0	0:00:04.234040
1060	9	9	9	1	0:00:04.234591
1080	6	6	2	1	0:00:04.233233
1100	7	8	8	0	0:00:04.235034
1120	5	2	2	0	0:00:04.231918
1140	6	6	4	1	0:00:04.230158
1160	8	8	8	1	0:00:04.229661
1180	3	3	3	1	0:00:04.232060
1200	8	8	8	1	0:00:04.233025
1220	9	6	3	0	0:00:04.230393
1240	2	6	6	0	0:00:04.232409
1260	1	9	9	0	0:00:04.228822
1280	3	3	3	1	0:00:04.231197
1300	4	3	3	0	0:00:04.234125
1320	7	7	2	1	0:00:04.228593
1340	1	1	1	1	0:00:04.231807
1360	7	7	7	1	0:00:04.233140
1380	4	5	5	0	0:00:04.232104
1400	5	5	5	1	0:00:04.226398
1420	4	-1	4	0	0:00:04.235403
1440	0	0	0	1	0:00:04.233864
1460	6	6	6	1	0:00:04.229712
1480	1	1	1	1	0:00:04.220029
1500	1	1	1	1	0:00:04.230854
1520	7	7	7	1	0:00:04.228714
1540	8	8	8	1	0:00:04.231497
1560	7	7	7	1	0:00:04.235127
1580	6	1	1	0	0:00:04.230106
1600	8	9	9	0	0:00:04.225940
1620	5	3	3	0	0:00:04.227621
1640	7	3	3	0	0:00:04.233923
1660	3	3	5	1	0:00:04.231898
1680	6	6	6	1	0:00:04.225959
1700	5	3	3	0	0:00:04.227866
1720	4	2	2	0	0:00:04.224247
1740	1	9	9	0	0:00:04.224772
1760	0	0	8	1	0:00:04.214159
1780	7	7	7	1	0:00:04.222520
1800	4	8	8	0	0:00:04.224703
1820	8	9	9	0	0:00:04.232364
1840	8	4	4	0	0:00:04.219641
1860	8	8	8	1	0:00:04.240185
1880	1	1	1	1	0:00:04.245625
1900	8	8	8	1	0:00:04.243676
1920	2	2	2	1	0:00:04.246851
1940	5	5	5	1	0:00:04.239946
1960	2	5	5	0	0:00:04.229670
1980	9	9	9	1	0:00:04.234090
2000	1	1	1	1	0:00:04.230226
2020	9	9	9	1	0:00:04.232174
2040	0	0	0	1	0:00:04.223762
2060	5	5	5	1	0:00:04.227086
2080	1	1	1	1	0:00:04.224865
2100	2	2	2	1	0:00:04.225389
2120	4	8	8	0	0:00:04.223508
2140	9	9	9	1	0:00:04.226574
2160	0	8	8	0	0:00:04.224394
2180	4	4	4	1	0:00:04.222234
2200	0	0	0	1	0:00:04.221215
2220	1	1	1	1	0:00:04.231931
2240	9	1	1	0	0:00:04.227610
2260	4	2	3	0	0:00:04.225094
2280	4	8	8	0	0:00:04.219975
2300	3	3	3	1	0:00:04.223403
2320	5	3	3	0	0:00:04.222820
2340	7	7	7	1	0:00:04.224856
2360	7	5	5	0	0:00:04.225077
2380	8	8	8	1	0:00:04.225675
2400	0	0	0	1	0:00:04.225234
2420	8	5	5	0	0:00:04.226964
2440	7	7	5	1	0:00:04.230998
2460	9	3	3	0	0:00:04.227831
2480	8	8	8	1	0:00:04.230039
2500	4	6	2	0	0:00:04.233445
2520	1	8	8	0	0:00:04.233949
2540	2	3	3	0	0:00:04.231190
2560	7	7	5	1	0:00:04.227721
2580	6	6	6	1	0:00:04.231914
2600	8	8	8	1	0:00:04.227577
2620	1	1	1	1	0:00:04.228808
2640	7	7	7	1	0:00:04.221793
2660	3	2	2	0	0:00:04.220251
2680	0	0	0	1	0:00:04.226557
2700	9	1	1	0	0:00:04.230660
2720	3	3	3	1	0:00:04.226618
2740	1	1	1	1	0:00:04.230682
2760	2	2	2	1	0:00:04.233958
2780	7	7	7	1	0:00:04.233098
2800	4	6	4	0	0:00:04.232568
2820	6	6	6	1	0:00:04.231819
2840	3	3	3	1	0:00:04.235068
2860	5	6	6	0	0:00:04.234368
2880	4	4	4	1	0:00:04.230830
2900	3	5	5	0	0:00:04.233704
2920	2	3	5	0	0:00:04.232219
2940	3	0	0	0	0:00:04.231679
2960	9	0	9	0	0:00:04.224168
2980	8	8	8	1	0:00:04.231155
3000	5	5	5	1	0:00:04.241982
3020	1	1	1	1	0:00:04.241109
3040	7	7	7	1	0:00:04.238402
3060	7	7	7	1	0:00:04.234590
3080	1	1	1	1	0:00:04.229910
3100	0	0	0	1	0:00:04.227504
3120	4	6	2	0	0:00:04.226172
3140	8	8	8	1	0:00:04.226598
3160	6	2	2	0	0:00:04.227784
3180	3	6	3	0	0:00:04.241395
3200	5	5	5	1	0:00:04.233985
3220	3	9	9	0	0:00:04.233624
3240	4	0	0	0	0:00:04.232391
3260	7	7	7	1	0:00:04.233616
3280	3	5	5	0	0:00:04.232503
3300	4	4	2	1	0:00:04.234269
3320	2	7	7	0	0:00:04.234964
3340	6	6	4	1	0:00:04.227210
3360	4	6	3	0	0:00:04.226750
3380	8	8	8	1	0:00:04.228842
3400	6	7	4	0	0:00:04.224767
3420	5	3	3	0	0:00:04.226721
3440	2	3	3	0	0:00:04.227004
3460	1	1	1	1	0:00:04.226382
3480	2	2	2	1	0:00:04.225190
3500	1	1	1	1	0:00:04.227082
3520	1	1	1	1	0:00:04.226407
3540	6	6	3	1	0:00:04.227036
3560	1	0	0	0	0:00:04.228003
3580	4	2	2	0	0:00:04.226368
3600	4	2	2	0	0:00:04.224707
3620	0	3	3	0	0:00:04.224945
3640	6	2	2	0	0:00:04.227750
3660	0	0	8	1	0:00:04.223102
3680	0	2	2	0	0:00:04.224682
3700	3	3	3	1	0:00:04.222660
3720	2	2	2	1	0:00:04.222441
3740	0	0	0	1	0:00:04.224238
3760	7	7	7	1	0:00:04.223211
3780	4	2	2	0	0:00:04.231493
3800	9	9	9	1	0:00:04.239567
3820	0	0	0	1	0:00:04.238106
3840	6	3	3	0	0:00:04.237426
3860	7	7	7	1	0:00:04.227728
3880	6	4	4	0	0:00:04.227648
3900	3	6	6	0	0:00:04.231384
3920	7	1	5	0	0:00:04.233851
3940	6	3	2	0	0:00:04.238408
3960	2	2	2	1	0:00:04.240199
3980	9	3	3	0	0:00:04.241490
4000	8	0	0	0	0:00:04.237114
4020	8	8	8	1	0:00:04.243306
4040	0	0	0	1	0:00:04.238088
4060	6	3	3	0	0:00:04.235517
4080	1	1	1	1	0:00:04.229027
4100	7	7	7	1	0:00:04.232214
4120	4	4	4	1	0:00:04.240541
4140	5	5	5	1	0:00:04.242811
4160	5	5	5	1	0:00:04.237737
4180	0	0	8	1	0:00:04.239310
4200	4	4	2	1	0:00:04.238783
4220	4	0	0	0	0:00:04.239797
4240	7	0	0	0	0:00:04.242709
4260	8	8	8	1	0:00:04.243327
4280	8	9	9	0	0:00:04.240120
4300	8	8	8	1	0:00:04.242744
4320	1	8	8	0	0:00:04.237897
4340	0	0	0	1	0:00:04.239778
4360	6	3	3	0	0:00:04.239490
4380	9	9	9	1	0:00:04.239225
4400	3	4	2	0	0:00:04.236585
4420	5	5	7	1	0:00:04.242069
4440	2	2	2	1	0:00:04.241913
4460	9	9	9	1	0:00:04.241659
4480	9	9	9	1	0:00:04.240964
4500	3	5	5	0	0:00:04.241963
4520	3	3	3	1	0:00:04.240164
4540	9	9	9	1	0:00:04.236975
4560	1	1	1	1	0:00:04.233314
4580	6	4	4	0	0:00:04.240925
4600	4	4	4	1	0:00:04.246600
4620	7	3	3	0	0:00:04.247456
4640	2	2	2	1	0:00:04.241645
4660	7	7	7	1	0:00:04.242523
4680	9	9	9	1	0:00:04.240049
4700	6	6	3	1	0:00:04.241740
4720	8	0	0	0	0:00:04.242062
4740	5	3	3	0	0:00:04.242682
4760	3	2	2	0	0:00:04.243124
4780	0	0	0	1	0:00:04.238588
4800	9	9	9	1	0:00:04.242004
4820	3	5	5	0	0:00:04.240304
4840	0	0	0	1	0:00:04.237559
4860	5	5	5	1	0:00:04.239444
4880	0	0	0	1	0:00:04.238574
4900	3	1	5	0	0:00:04.242330
4920	7	7	7	1	0:00:04.239010
4940	6	6	2	1	0:00:04.242165
4960	4	3	3	0	0:00:04.239112
4980	1	9	9	0	0:00:04.244087
5000	7	7	7	1	0:00:04.241019
5020	8	8	8	1	0:00:04.233614
5040	3	3	3	1	0:00:04.234202
5060	6	6	6	1	0:00:04.234730
5080	7	7	7	1	0:00:04.233708
5100	3	3	3	1	0:00:04.243605
5120	9	9	8	1	0:00:04.233535
5140	8	8	8	1	0:00:04.231975
5160	0	0	0	1	0:00:04.227793
5180	9	7	7	0	0:00:04.227265
5200	3	3	3	1	0:00:04.226878
5220	0	0	0	1	0:00:04.225450
5240	1	1	1	1	0:00:04.232651
5260	0	0	0	1	0:00:04.234157
5280	0	8	8	0	0:00:04.241731
5300	9	9	9	1	0:00:04.242704
5320	7	7	7	1	0:00:04.241370
5340	3	4	3	0	0:00:04.240065
5360	9	9	9	1	0:00:04.242749
5380	1	9	9	0	0:00:04.243848
5400	9	9	9	1	0:00:04.236205
5420	6	6	6	1	0:00:04.242125
5440	9	9	9	1	0:00:04.241424
5460	0	0	0	1	0:00:04.244685
5480	1	1	1	1	0:00:04.239334
5500	8	8	8	1	0:00:04.234771
5520	4	5	3	0	0:00:04.236167
5540	5	6	2	0	0:00:04.245666
5560	3	-1	5	0	0:00:04.241775
5580	5	6	3	0	0:00:04.243695
5600	6	3	0	0	0:00:04.236951
5620	3	2	2	0	0:00:04.241617
5640	2	5	2	0	0:00:04.239110
5660	9	9	9	1	0:00:04.235500
5680	2	3	3	0	0:00:04.237432
5700	3	5	5	0	0:00:04.240810
5720	9	9	9	1	0:00:04.241266
5740	6	4	4	0	0:00:04.237927
5760	2	2	2	1	0:00:04.238351
5780	7	7	7	1	0:00:04.242614
5800	2	2	2	1	0:00:04.240931
5820	5	5	3	1	0:00:04.239752
5840	2	5	5	0	0:00:04.233370
5860	0	0	0	1	0:00:04.235422
5880	0	0	0	1	0:00:04.233225
5900	4	0	5	0	0:00:04.237661
5920	8	8	8	1	0:00:04.238965
5940	7	4	4	0	0:00:04.236897
5960	2	6	6	0	0:00:04.242134
5980	9	9	9	1	0:00:04.246697
6000	8	1	8	0	0:00:04.244466
6020	6	6	6	1	0:00:04.241565
6040	2	7	7	0	0:00:04.245054
6060	3	4	4	0	0:00:04.243993
6080	1	1	1	1	0:00:04.240790
6100	1	1	1	1	0:00:04.241438
6120	5	5	5	1	0:00:04.233803
6140	9	9	9	1	0:00:04.235528
6160	2	5	5	0	0:00:04.238048
6180	0	0	0	1	0:00:04.241407
6200	3	3	3	1	0:00:04.240382
6220	2	5	5	0	0:00:04.229789
6240	2	2	2	1	0:00:04.229438
6260	2	1	0	0	0:00:04.227705
6280	8	5	5	0	0:00:04.232619
6300	1	1	1	1	0:00:04.242166
6320	0	0	0	1	0:00:04.237702
6340	3	5	5	0	0:00:04.242070
6360	2	2	2	1	0:00:04.237902
6380	3	6	5	0	0:00:04.237780
6400	0	8	0	0	0:00:04.233551
6420	7	7	7	1	0:00:04.232236
6440	3	8	8	0	0:00:04.229995
6460	3	0	0	0	0:00:04.231884
6480	0	0	0	1	0:00:04.232995
6500	7	6	6	0	0:00:04.234777
6520	6	4	2	0	0:00:04.235353
6540	8	8	8	1	0:00:04.236243
6560	6	6	4	1	0:00:04.238437
6580	1	1	3	1	0:00:04.239379
6600	7	7	7	1	0:00:04.242549
6620	7	7	7	1	0:00:04.243893
6640	5	3	3	0	0:00:04.245657
6660	0	0	0	1	0:00:04.240135
6680	3	5	5	0	0:00:04.243832
6700	6	6	6	1	0:00:04.241057
6720	2	2	2	1	0:00:04.238243
6740	2	4	4	0	0:00:04.243010
6760	5	5	3	1	0:00:04.240150
6780	7	7	7	1	0:00:04.244422
6800	6	6	2	1	0:00:04.241785
6820	1	1	1	1	0:00:04.245033
6840	9	9	9	1	0:00:04.239701
6860	0	0	0	1	0:00:04.240413
6880	2	2	2	1	0:00:04.241946
6900	3	3	3	1	0:00:04.236656
6920	5	2	2	0	0:00:04.232497
6940	1	1	1	1	0:00:04.240670
6960	9	9	8	1	0:00:04.239424
6980	0	0	8	1	0:00:04.240588
7000	2	8	8	0	0:00:04.238715
7020	7	7	7	1	0:00:04.241591
7040	7	1	8	0	0:00:04.241996
7060	8	8	8	1	0:00:04.242209
7080	5	4	4	0	0:00:04.238447
7100	9	3	3	0	0:00:04.239968
7120	7	7	7	1	0:00:04.245489
7140	4	4	3	1	0:00:04.242260
7160	5	5	5	1	0:00:04.242257
7180	6	6	6	1	0:00:04.249694
7200	4	6	2	0	0:00:04.239675
7220	9	9	9	1	0:00:04.241853
7240	0	8	8	0	0:00:04.240020
7260	1	1	1	1	0:00:04.245005
7280	1	9	9	0	0:00:04.243248
7300	3	4	4	0	0:00:04.244679
7320	8	0	0	0	0:00:04.244102
7340	2	4	4	0	0:00:04.239650
7360	2	2	2	1	0:00:04.240177
7380	7	7	7	1	0:00:04.243545
7400	3	5	5	0	0:00:04.242173
7420	3	2	2	0	0:00:04.240708
7440	3	3	3	1	0:00:04.233881
7460	5	5	5	1	0:00:04.232501
7480	1	1	3	1	0:00:04.236221
7500	6	6	6	1	0:00:04.239663
7520	4	4	4	1	0:00:04.239944
7540	5	5	5	1	0:00:04.245296
7560	0	0	0	1	0:00:04.239183
7580	8	8	8	1	0:00:04.247044
7600	8	9	2	0	0:00:04.244886
7620	5	3	3	0	0:00:04.242241
7640	9	8	8	0	0:00:04.241339
7660	7	4	7	0	0:00:04.242965
7680	3	9	5	0	0:00:04.239370
7700	6	6	6	1	0:00:04.239249
7720	5	5	5	1	0:00:04.241336
7740	4	2	2	0	0:00:04.242007
7760	2	9	8	0	0:00:04.240317
7780	3	1	1	0	0:00:04.228885
7800	0	0	0	1	0:00:04.228969
7820	5	8	8	0	0:00:04.228087
7840	1	1	1	1	0:00:04.225965
7860	8	8	8	1	0:00:04.230569
7880	0	0	0	1	0:00:04.231606
7900	0	2	2	0	0:00:04.226484
7920	9	9	9	1	0:00:04.225805
7940	2	6	6	0	0:00:04.227021
7960	0	0	0	1	0:00:04.228246
7980	3	3	5	1	0:00:04.225724
8000	9	9	9	1	0:00:04.226074
8020	6	3	3	0	0:00:04.232672
8040	2	2	2	1	0:00:04.221889
8060	6	6	6	1	0:00:04.229513
8080	4	6	4	0	0:00:04.231477
8100	6	2	2	0	0:00:04.239471
8120	8	9	9	0	0:00:04.243046
8140	5	4	4	0	0:00:04.246527
8160	6	6	6	1	0:00:04.248541
8180	4	4	4	1	0:00:04.244801
8200	3	0	0	0	0:00:04.249235
8220	6	6	2	1	0:00:04.248460
8240	7	7	7	1	0:00:04.239768
8260	1	1	1	1	0:00:04.248227
8280	4	3	3	0	0:00:04.247009
8300	5	2	2	0	0:00:04.243347
8320	7	4	3	0	0:00:04.239490
8340	5	5	5	1	0:00:04.237348
8360	7	7	7	1	0:00:04.235410
8380	9	9	9	1	0:00:04.230522
8400	0	0	0	1	0:00:04.230522
8420	3	6	2	0	0:00:04.225159
8440	5	3	3	0	0:00:04.224410
8460	8	8	8	1	0:00:04.218517
8480	2	2	2	1	0:00:04.219469
8500	4	4	4	1	0:00:04.224645
8520	8	8	8	1	0:00:04.219214
8540	4	2	2	0	0:00:04.220590
8560	7	7	7	1	0:00:04.223246
8580	3	5	5	0	0:00:04.227312
8600	3	5	5	0	0:00:04.230509
8620	3	3	3	1	0:00:04.227739
8640	1	1	1	1	0:00:04.226378
8660	7	7	7	1	0:00:04.226861
8680	3	3	2	1	0:00:04.225384
8700	3	5	5	0	0:00:04.229220
8720	2	0	0	0	0:00:04.225904
8740	2	4	4	0	0:00:04.229865
8760	8	8	8	1	0:00:04.227331
8780	4	4	4	1	0:00:04.225218
8800	0	0	0	1	0:00:04.223033
8820	2	2	2	1	0:00:04.226818
8840	2	2	2	1	0:00:04.227285
8860	2	2	2	1	0:00:04.225024
8880	1	1	1	1	0:00:04.228495
8900	2	2	2	1	0:00:04.221134
8920	6	6	6	1	0:00:04.218608
8940	6	3	5	0	0:00:04.225252
8960	0	0	0	1	0:00:04.218105
8980	9	9	9	1	0:00:04.223155
9000	8	8	8	1	0:00:04.221794
9020	7	7	7	1	0:00:04.224826
9040	2	5	5	0	0:00:04.223997
9060	9	9	9	1	0:00:04.224352
9080	3	2	2	0	0:00:04.229426
9100	9	1	1	0	0:00:04.227889
9120	3	5	5	0	0:00:04.225425
9140	7	7	7	1	0:00:04.228871
9160	5	5	5	1	0:00:04.225754
9180	5	5	5	1	0:00:04.228435
9200	8	8	8	1	0:00:04.225935
9220	8	8	8	1	0:00:04.229270
9240	8	8	8	1	0:00:04.220551
9260	5	5	5	1	0:00:04.219374
9280	9	9	8	1	0:00:04.221507
9300	5	3	3	0	0:00:04.231342
9320	9	9	9	1	0:00:04.230476
9340	1	1	1	1	0:00:04.228192
9360	5	0	0	0	0:00:04.226987
9380	5	3	3	0	0:00:04.229657
9400	6	6	2	1	0:00:04.225772
9420	5	5	5	1	0:00:04.225587
9440	8	8	8	1	0:00:04.226848
9460	3	7	7	0	0:00:04.227449
9480	2	4	4	0	0:00:04.226656
9500	9	9	9	1	0:00:04.227528
9520	1	1	1	1	0:00:04.232221
9540	5	5	5	1	0:00:04.231436
9560	9	2	8	0	0:00:04.230070
9580	1	1	1	1	0:00:04.235114
9600	8	8	8	1	0:00:04.233157
9620	4	4	4	1	0:00:04.233683
9640	5	5	5	1	0:00:04.232407
9660	6	6	6	1	0:00:04.233684
9680	8	8	8	1	0:00:04.234702
9700	0	0	0	1	0:00:04.231946
9720	8	-1	3	0	0:00:04.231524
9740	3	6	2	0	0:00:04.224628
9760	9	9	9	1	0:00:04.220628
9780	4	6	4	0	0:00:04.223519
9800	1	1	1	1	0:00:04.222490
9820	0	1	1	0	0:00:04.238475
9840	4	3	3	0	0:00:04.233720
9860	0	0	8	1	0:00:04.226893
9880	7	3	3	0	0:00:04.229577
9900	8	8	8	1	0:00:04.229412
9920	6	6	6	1	0:00:04.229308
9940	4	4	4	1	0:00:04.231942
9960	2	0	0	0	0:00:04.227103
9980	0	0	0	1	0:00:04.230580
