idx	label	predict	basePredict	correct	time
0	3	1	4	0	0:00:15.775716
20	7	9	9	0	0:00:15.726909
40	4	8	8	0	0:00:15.703925
60	7	2	2	0	0:00:15.690756
80	8	8	8	1	0:00:15.702628
100	4	5	0	0	0:00:15.739662
120	8	8	8	1	0:00:15.725185
140	6	2	2	0	0:00:15.710068
160	2	0	0	0	0:00:15.768139
180	0	0	0	1	0:00:15.735575
200	5	7	7	0	0:00:15.835529
220	7	7	7	1	0:00:15.703734
240	1	1	1	1	0:00:15.911140
260	8	5	5	0	0:00:15.731221
280	9	9	8	1	0:00:15.716857
300	6	4	4	0	0:00:15.705062
320	3	5	2	0	0:00:15.776695
340	2	5	4	0	0:00:15.812224
360	9	6	6	0	0:00:15.692367
380	6	8	8	0	0:00:15.731583
400	9	9	8	1	0:00:15.710073
420	4	6	6	0	0:00:15.733929
440	1	-1	2	0	0:00:15.784751
460	5	7	4	0	0:00:15.744689
480	8	9	9	0	0:00:15.724249
500	4	9	6	0	0:00:15.702006
520	5	7	8	0	0:00:15.689008
540	1	8	8	0	0:00:15.711013
560	0	8	0	0	0:00:15.704432
580	4	6	6	0	0:00:15.719706
600	8	9	0	0	0:00:15.736560
620	7	6	4	0	0:00:15.688603
640	5	6	6	0	0:00:15.713519
660	9	9	9	1	0:00:15.758531
680	9	9	9	1	0:00:15.748129
700	7	7	7	1	0:00:15.778843
720	4	9	9	0	0:00:15.768198
740	2	5	5	0	0:00:15.743009
760	3	9	9	0	0:00:15.784003
780	9	9	8	1	0:00:15.723376
800	7	7	7	1	0:00:15.708434
820	6	9	9	0	0:00:15.733898
840	7	7	7	1	0:00:15.700557
860	4	6	6	0	0:00:15.784140
880	8	8	8	1	0:00:15.715689
900	2	6	6	0	0:00:15.712790
920	6	0	2	0	0:00:15.729396
940	9	6	6	0	0:00:15.715658
960	9	9	6	1	0:00:15.719716
980	2	6	6	0	0:00:15.728350
1000	5	5	8	1	0:00:15.074509
1020	1	8	8	0	0:00:15.048711
1040	7	5	5	0	0:00:15.087338
1060	9	8	8	0	0:00:14.985869
1080	6	6	6	1	0:00:15.058663
1100	7	8	8	0	0:00:14.989320
1120	5	8	8	0	0:00:15.061027
1140	6	4	4	0	0:00:14.986155
1160	8	0	0	0	0:00:15.042757
1180	3	9	9	0	0:00:15.135997
1200	8	0	0	0	0:00:15.022013
1220	9	7	2	0	0:00:15.050780
1240	2	6	6	0	0:00:15.033078
1260	1	9	9	0	0:00:14.995440
1280	3	7	7	0	0:00:15.034825
1300	4	6	6	0	0:00:15.000652
1320	7	0	0	0	0:00:14.976345
1340	1	1	1	1	0:00:15.081239
1360	7	9	2	0	0:00:14.975559
1380	4	8	8	0	0:00:15.011870
1400	5	2	2	0	0:00:15.097667
1420	4	7	7	0	0:00:15.069966
1440	0	8	0	0	0:00:15.027716
1460	6	9	4	0	0:00:15.046691
1480	1	5	5	0	0:00:14.999840
1500	1	9	9	0	0:00:15.027203
1520	7	6	6	0	0:00:15.108714
1540	8	8	8	1	0:00:15.010262
1560	7	7	7	1	0:00:15.067729
1580	6	9	9	0	0:00:15.211885
1600	8	9	6	0	0:00:15.020603
1620	5	8	8	0	0:00:15.087070
1640	7	5	5	0	0:00:15.120578
1660	3	4	4	0	0:00:15.072002
1680	6	6	6	1	0:00:15.085312
1700	5	0	0	0	0:00:15.038689
1720	4	0	0	0	0:00:15.039661
1740	1	9	9	0	0:00:15.012891
1760	0	8	8	0	0:00:14.989581
1780	7	8	8	0	0:00:15.018854
1800	4	8	8	0	0:00:15.019454
1820	8	9	8	0	0:00:15.053172
1840	8	7	7	0	0:00:14.986915
1860	8	8	8	1	0:00:15.073129
1880	1	4	4	0	0:00:15.027308
1900	8	8	8	1	0:00:15.012186
1920	2	7	6	0	0:00:14.962701
1940	5	2	2	0	0:00:14.997123
1960	2	7	7	0	0:00:15.015246
1980	9	9	8	1	0:00:15.124512
2000	1	6	6	0	0:00:15.009410
2020	9	9	9	1	0:00:15.082916
2040	0	8	8	0	0:00:15.062982
2060	5	5	0	1	0:00:15.075690
2080	1	2	2	0	0:00:15.101688
2100	2	4	4	0	0:00:15.001808
2120	4	8	8	0	0:00:15.098951
2140	9	9	1	1	0:00:15.020268
2160	0	8	8	0	0:00:15.083858
2180	4	6	6	0	0:00:15.118710
2200	0	0	0	1	0:00:15.150681
2220	1	1	4	1	0:00:15.071873
2240	9	9	9	1	0:00:15.049376
2260	4	1	4	0	0:00:15.113364
2280	4	-1	8	0	0:00:15.012219
2300	3	6	6	0	0:00:15.081168
2320	5	8	8	0	0:00:15.031985
2340	7	9	9	0	0:00:14.967360
2360	7	9	9	0	0:00:14.968173
2380	8	8	8	1	0:00:15.046052
2400	0	0	0	1	0:00:14.972629
2420	8	5	5	0	0:00:15.076525
2440	7	1	8	0	0:00:15.079180
2460	9	6	6	0	0:00:15.084097
2480	8	8	8	1	0:00:15.030969
2500	4	6	4	0	0:00:15.007317
2520	1	8	8	0	0:00:15.052929
2540	2	4	4	0	0:00:15.014645
2560	7	2	2	0	0:00:15.027535
2580	6	4	4	0	0:00:15.037717
2600	8	8	8	1	0:00:15.041152
2620	1	6	6	0	0:00:15.076925
2640	7	7	8	1	0:00:15.105935
2660	3	0	0	0	0:00:15.046413
2680	0	0	0	1	0:00:15.085909
2700	9	0	0	0	0:00:15.103198
2720	3	8	8	0	0:00:15.010739
2740	1	1	1	1	0:00:15.036101
2760	2	6	6	0	0:00:15.035878
2780	7	7	6	1	0:00:15.049815
2800	4	6	6	0	0:00:15.055652
2820	6	6	6	1	0:00:15.002578
2840	3	3	3	1	0:00:15.061711
2860	5	7	7	0	0:00:15.091770
2880	4	4	4	1	0:00:15.111822
2900	3	5	6	0	0:00:15.090847
2920	2	8	8	0	0:00:15.049256
2940	3	0	8	0	0:00:15.103630
2960	9	7	7	0	0:00:15.080353
2980	8	1	4	0	0:00:15.032128
3000	5	5	5	1	0:00:15.060566
3020	1	8	8	0	0:00:14.991144
3040	7	7	7	1	0:00:15.061266
3060	7	7	7	1	0:00:15.070773
3080	1	2	2	0	0:00:15.027987
3100	0	0	0	1	0:00:15.077657
3120	4	6	6	0	0:00:15.047293
3140	8	8	8	1	0:00:15.003014
3160	6	4	4	0	0:00:15.016004
3180	3	8	8	0	0:00:15.040067
3200	5	1	7	0	0:00:14.970733
3220	3	9	7	0	0:00:14.973513
3240	4	8	8	0	0:00:15.021802
3260	7	0	0	0	0:00:15.007780
3280	3	0	0	0	0:00:15.054168
3300	4	9	4	0	0:00:15.040273
3320	2	9	7	0	0:00:15.034363
3340	6	4	4	0	0:00:15.078609
3360	4	6	6	0	0:00:15.023971
3380	8	9	8	0	0:00:15.096314
3400	6	4	4	0	0:00:15.050482
3420	5	6	6	0	0:00:15.139817
3440	2	9	9	0	0:00:15.045223
3460	1	1	4	1	0:00:15.080281
3480	2	2	2	1	0:00:15.080684
3500	1	4	4	0	0:00:15.029426
3520	1	1	1	1	0:00:15.032865
3540	6	8	8	0	0:00:15.090967
3560	1	9	8	0	0:00:15.069897
3580	4	1	8	0	0:00:15.033778
3600	4	2	2	0	0:00:15.110542
3620	0	7	7	0	0:00:15.017228
3640	6	0	0	0	0:00:15.056018
3660	0	8	8	0	0:00:15.045342
3680	0	7	2	0	0:00:14.969767
3700	3	5	4	0	0:00:14.997284
3720	2	2	0	1	0:00:15.072615
3740	0	0	0	1	0:00:14.978252
3760	7	7	7	1	0:00:15.026583
3780	4	2	2	0	0:00:15.072152
3800	9	9	0	1	0:00:14.983877
3820	0	0	0	1	0:00:14.999804
3840	6	8	8	0	0:00:14.980096
3860	7	7	7	1	0:00:14.993106
3880	6	4	4	0	0:00:15.062253
3900	3	1	1	0	0:00:15.061695
3920	7	8	8	0	0:00:15.087286
3940	6	-1	7	0	0:00:15.124102
3960	2	5	6	0	0:00:15.146915
3980	9	7	7	0	0:00:15.040093
4000	8	7	4	0	0:00:15.106935
4020	8	9	8	0	0:00:15.114160
4040	0	0	0	1	0:00:15.132208
4060	6	0	0	0	0:00:15.028139
4080	1	8	8	0	0:00:15.122012
4100	7	7	7	1	0:00:15.065830
4120	4	0	0	0	0:00:15.103925
4140	5	2	2	0	0:00:15.092973
4160	5	2	2	0	0:00:15.046933
4180	0	8	8	0	0:00:15.123346
4200	4	2	2	0	0:00:15.099040
4220	4	0	0	0	0:00:15.065979
4240	7	8	8	0	0:00:15.011275
4260	8	1	1	0	0:00:14.996534
4280	8	9	8	0	0:00:15.021438
4300	8	9	8	0	0:00:14.970688
4320	1	8	8	0	0:00:14.966274
4340	0	8	8	0	0:00:14.958848
4360	6	9	9	0	0:00:14.979280
4380	9	9	8	1	0:00:15.010019
4400	3	8	8	0	0:00:15.020706
4420	5	8	8	0	0:00:15.005187
4440	2	6	6	0	0:00:15.097668
4460	9	8	8	0	0:00:15.067087
4480	9	6	6	0	0:00:14.971193
4500	3	7	7	0	0:00:15.021067
4520	3	6	6	0	0:00:15.059760
4540	9	9	9	1	0:00:15.069985
4560	1	1	4	1	0:00:15.058127
4580	6	6	4	1	0:00:15.016298
4600	4	1	1	0	0:00:15.030296
4620	7	3	3	0	0:00:15.127038
4640	2	5	4	0	0:00:15.043580
4660	7	9	8	0	0:00:14.999871
4680	9	1	1	0	0:00:15.046312
4700	6	1	4	0	0:00:15.113998
4720	8	0	0	0	0:00:15.309853
4740	5	6	6	0	0:00:15.074412
4760	3	8	8	0	0:00:15.006837
4780	0	8	0	0	0:00:15.084889
4800	9	9	9	1	0:00:15.024240
4820	3	1	6	0	0:00:15.077992
4840	0	0	0	1	0:00:15.015706
4860	5	5	5	1	0:00:15.150763
4880	0	2	2	0	0:00:15.118822
4900	3	6	6	0	0:00:14.994900
4920	7	0	0	0	0:00:15.030889
4940	6	4	2	0	0:00:15.024373
4960	4	6	6	0	0:00:14.975120
4980	1	9	9	0	0:00:15.068851
5000	7	7	7	1	0:00:15.036274
5020	8	8	8	1	0:00:15.072781
5040	3	7	4	0	0:00:14.994455
5060	6	6	6	1	0:00:15.072566
5080	7	7	7	1	0:00:15.064568
5100	3	4	4	0	0:00:15.029651
5120	9	8	8	0	0:00:14.975261
5140	8	8	8	1	0:00:15.030107
5160	0	8	8	0	0:00:15.033545
5180	9	6	4	0	0:00:15.026047
5200	3	3	3	1	0:00:15.062453
5220	0	0	0	1	0:00:15.170929
5240	1	9	4	0	0:00:15.252746
5260	0	0	0	1	0:00:15.043695
5280	0	8	8	0	0:00:15.084364
5300	9	1	6	0	0:00:15.090746
5320	7	7	7	1	0:00:15.154098
5340	3	8	8	0	0:00:15.090626
5360	9	9	9	1	0:00:15.050683
5380	1	9	9	0	0:00:15.049120
5400	9	0	0	0	0:00:15.144200
5420	6	7	6	0	0:00:15.041065
5440	9	9	9	1	0:00:15.039885
5460	0	7	6	0	0:00:15.121274
5480	1	8	8	0	0:00:15.062014
5500	8	9	8	0	0:00:14.985885
5520	4	5	6	0	0:00:15.126340
5540	5	6	2	0	0:00:15.040869
5560	3	6	6	0	0:00:15.005863
5580	5	6	6	0	0:00:15.014000
5600	6	9	8	0	0:00:15.051576
5620	3	2	2	0	0:00:15.065380
5640	2	3	3	0	0:00:15.101383
5660	9	9	8	1	0:00:14.987542
5680	2	8	8	0	0:00:15.005733
5700	3	9	2	0	0:00:14.994374
5720	9	9	9	1	0:00:15.052277
5740	6	4	4	0	0:00:15.007729
5760	2	8	8	0	0:00:15.036441
5780	7	9	9	0	0:00:15.075084
5800	2	6	4	0	0:00:14.992291
5820	5	6	6	0	0:00:15.047090
5840	2	6	6	0	0:00:15.038987
5860	0	8	8	0	0:00:15.052905
5880	0	8	8	0	0:00:15.063950
5900	4	5	4	0	0:00:15.052079
5920	8	8	8	1	0:00:15.032539
5940	7	4	4	0	0:00:15.154233
5960	2	7	7	0	0:00:15.074744
5980	9	9	8	1	0:00:15.055254
6000	8	9	8	0	0:00:15.006273
6020	6	9	6	0	0:00:15.097109
6040	2	1	7	0	0:00:15.101250
6060	3	4	4	0	0:00:15.082555
6080	1	9	2	0	0:00:15.036869
6100	1	8	8	0	0:00:15.036706
6120	5	5	5	1	0:00:15.076433
6140	9	9	7	1	0:00:15.118143
6160	2	9	8	0	0:00:15.071662
6180	0	8	8	0	0:00:15.082122
6200	3	0	0	0	0:00:15.110562
6220	2	6	6	0	0:00:15.084964
6240	2	1	6	0	0:00:15.040855
6260	2	9	9	0	0:00:15.064292
6280	8	5	5	0	0:00:15.110026
6300	1	7	4	0	0:00:15.096471
6320	0	0	0	1	0:00:15.125917
6340	3	8	8	0	0:00:15.182724
6360	2	6	2	0	0:00:15.043187
6380	3	1	6	0	0:00:15.010414
6400	0	1	4	0	0:00:14.996878
6420	7	8	8	0	0:00:14.996851
6440	3	8	8	0	0:00:15.003779
6460	3	1	1	0	0:00:15.013567
6480	0	0	0	1	0:00:15.042861
6500	7	0	0	0	0:00:15.000265
6520	6	4	2	0	0:00:14.988215
6540	8	9	8	0	0:00:15.049845
6560	6	6	6	1	0:00:15.034586
6580	1	7	8	0	0:00:14.992163
6600	7	7	7	1	0:00:14.972289
6620	7	7	4	1	0:00:15.001671
6640	5	8	8	0	0:00:15.032863
6660	0	8	8	0	0:00:15.051853
6680	3	3	3	1	0:00:15.052446
6700	6	1	6	0	0:00:15.048070
6720	2	2	2	1	0:00:15.000811
6740	2	6	6	0	0:00:15.079966
6760	5	0	0	0	0:00:15.100255
6780	7	7	7	1	0:00:15.058386
6800	6	6	6	1	0:00:15.108739
6820	1	1	1	1	0:00:15.044428
6840	9	9	6	1	0:00:15.152147
6860	0	0	0	1	0:00:15.066742
6880	2	6	6	0	0:00:15.095743
6900	3	7	7	0	0:00:15.016119
6920	5	2	2	0	0:00:15.063006
6940	1	1	1	1	0:00:15.094167
6960	9	8	8	0	0:00:15.083669
6980	0	9	9	0	0:00:15.035353
7000	2	8	8	0	0:00:15.068137
7020	7	1	1	0	0:00:15.071917
7040	7	8	8	0	0:00:15.067086
7060	8	1	8	0	0:00:15.125891
7080	5	0	0	0	0:00:15.086834
7100	9	8	8	0	0:00:15.044612
7120	7	7	6	1	0:00:15.060339
7140	4	4	4	1	0:00:15.051934
7160	5	7	2	0	0:00:15.076541
7180	6	6	6	1	0:00:14.990920
7200	4	6	2	0	0:00:15.130378
7220	9	8	8	0	0:00:14.980967
7240	0	8	8	0	0:00:15.068901
7260	1	8	8	0	0:00:15.046319
7280	1	6	6	0	0:00:14.969299
7300	3	7	8	0	0:00:15.031449
7320	8	0	0	0	0:00:15.080416
7340	2	4	0	0	0:00:14.983226
7360	2	7	7	0	0:00:14.991710
7380	7	1	7	0	0:00:14.971735
7400	3	9	9	0	0:00:14.978680
7420	3	0	0	0	0:00:15.035993
7440	3	6	6	0	0:00:14.983018
7460	5	5	5	1	0:00:15.071887
7480	1	5	5	0	0:00:15.100690
7500	6	6	6	1	0:00:15.029622
7520	4	6	6	0	0:00:15.102631
7540	5	5	5	1	0:00:15.134800
7560	0	9	2	0	0:00:15.076028
7580	8	9	8	0	0:00:15.031667
7600	8	9	9	0	0:00:15.069496
7620	5	9	1	0	0:00:15.122422
7640	9	8	8	0	0:00:15.098103
7660	7	9	9	0	0:00:15.118428
7680	3	9	9	0	0:00:15.016107
7700	6	6	6	1	0:00:15.063473
7720	5	6	6	0	0:00:15.064752
7740	4	2	2	0	0:00:14.992275
7760	2	9	9	0	0:00:15.043316
7780	3	8	8	0	0:00:15.040926
7800	0	0	0	1	0:00:15.095901
7820	5	8	8	0	0:00:15.046225
7840	1	1	1	1	0:00:14.996403
7860	8	4	4	0	0:00:14.990433
7880	0	8	8	0	0:00:14.988192
7900	0	8	8	0	0:00:15.017449
7920	9	8	8	0	0:00:15.013750
7940	2	6	6	0	0:00:15.004127
7960	0	0	0	1	0:00:15.005965
7980	3	7	4	0	0:00:14.985097
8000	9	0	0	0	0:00:15.045079
8020	6	6	6	1	0:00:15.056880
8040	2	6	6	0	0:00:15.096323
8060	6	6	6	1	0:00:15.101959
8080	4	6	4	0	0:00:15.043289
8100	6	2	2	0	0:00:15.144329
8120	8	9	9	0	0:00:15.075936
8140	5	6	6	0	0:00:14.990480
8160	6	9	8	0	0:00:15.128266
8180	4	6	6	0	0:00:15.177052
8200	3	9	6	0	0:00:15.068097
8220	6	9	2	0	0:00:15.089825
8240	7	7	7	1	0:00:15.107695
8260	1	3	3	0	0:00:15.064593
8280	4	3	3	0	0:00:15.102114
8300	5	8	8	0	0:00:15.047360
8320	7	9	6	0	0:00:15.077530
8340	5	4	4	0	0:00:15.091271
8360	7	6	6	0	0:00:15.094800
8380	9	8	8	0	0:00:15.053670
8400	0	8	8	0	0:00:15.122878
8420	3	6	4	0	0:00:15.055760
8440	5	9	9	0	0:00:15.093456
8460	8	8	8	1	0:00:15.074378
8480	2	1	8	0	0:00:15.038711
8500	4	2	2	0	0:00:14.998070
8520	8	6	6	0	0:00:14.966762
8540	4	6	4	0	0:00:15.007612
8560	7	7	6	1	0:00:14.965762
8580	3	9	0	0	0:00:15.028909
8600	3	7	7	0	0:00:15.014869
8620	3	1	4	0	0:00:14.974277
8640	1	1	1	1	0:00:15.043270
8660	7	5	5	0	0:00:15.029203
8680	3	9	8	0	0:00:14.995216
8700	3	5	3	0	0:00:15.067418
8720	2	0	0	0	0:00:15.036024
8740	2	6	6	0	0:00:15.051345
8760	8	8	5	1	0:00:15.039274
8780	4	7	4	0	0:00:15.220987
8800	0	0	0	1	0:00:15.122530
8820	2	-1	2	0	0:00:15.053382
8840	2	1	1	0	0:00:15.126245
8860	2	0	8	0	0:00:15.235106
8880	1	6	6	0	0:00:15.083519
8900	2	1	4	0	0:00:15.145149
8920	6	6	6	1	0:00:15.039256
8940	6	3	3	0	0:00:15.060106
8960	0	0	0	1	0:00:14.995940
8980	9	9	8	1	0:00:15.067628
9000	8	8	8	1	0:00:15.024834
9020	7	9	9	0	0:00:15.093908
9040	2	5	5	0	0:00:15.003066
9060	9	5	5	0	0:00:15.030739
9080	3	0	0	0	0:00:15.198920
9100	9	6	6	0	0:00:15.056207
9120	3	0	0	0	0:00:15.091711
9140	7	8	8	0	0:00:15.068545
9160	5	0	0	0	0:00:15.022572
9180	5	5	5	1	0:00:15.061095
9200	8	8	8	1	0:00:15.038990
9220	8	8	8	1	0:00:15.060146
9240	8	9	8	0	0:00:15.055742
9260	5	5	4	1	0:00:14.977128
9280	9	0	8	0	0:00:14.999233
9300	5	8	8	0	0:00:15.064605
9320	9	8	8	0	0:00:15.013748
9340	1	1	1	1	0:00:15.059810
9360	5	0	0	0	0:00:14.967201
9380	5	9	9	0	0:00:15.051523
9400	6	4	2	0	0:00:15.066122
9420	5	6	6	0	0:00:15.042280
9440	8	8	8	1	0:00:14.976866
9460	3	9	7	0	0:00:15.035547
9480	2	6	6	0	0:00:15.050177
9500	9	6	6	0	0:00:15.019413
9520	1	9	8	0	0:00:15.049824
9540	5	5	4	1	0:00:15.047208
9560	9	7	7	0	0:00:15.031614
9580	1	4	4	0	0:00:15.130915
9600	8	8	8	1	0:00:15.031770
9620	4	7	7	0	0:00:15.011954
9640	5	1	6	0	0:00:15.093550
9660	6	9	6	0	0:00:15.032751
9680	8	9	8	0	0:00:15.050991
9700	0	0	0	1	0:00:15.064260
9720	8	6	4	0	0:00:15.086016
9740	3	6	4	0	0:00:15.113290
9760	9	9	6	1	0:00:15.044400
9780	4	6	6	0	0:00:15.107200
9800	1	1	1	1	0:00:15.057591
9820	0	9	8	0	0:00:15.075238
9840	4	3	3	0	0:00:14.999279
9860	0	8	8	0	0:00:14.990121
9880	7	4	4	0	0:00:14.980717
9900	8	0	0	0	0:00:15.074364
9920	6	6	6	1	0:00:15.036805
9940	4	7	7	0	0:00:14.990711
9960	2	0	0	0	0:00:15.027369
9980	0	0	0	1	0:00:15.022172
