idx	label	predict	basePredict	correct	time
0	3	6	6	0	0:00:03.636326
20	7	9	9	0	0:00:03.598571
40	4	8	8	0	0:00:03.520354
60	7	2	2	0	0:00:03.531081
80	8	8	8	1	0:00:03.547902
100	4	5	5	0	0:00:03.537300
120	8	8	8	1	0:00:03.535652
140	6	2	2	0	0:00:03.540408
160	2	0	0	0	0:00:03.568521
180	0	0	0	1	0:00:03.550252
200	5	3	3	0	0:00:03.554538
220	7	7	7	1	0:00:03.565647
240	1	1	1	1	0:00:03.569872
260	8	5	5	0	0:00:03.548055
280	9	9	9	1	0:00:03.572283
300	6	4	4	0	0:00:03.529939
320	3	4	2	0	0:00:03.534308
340	2	4	4	0	0:00:03.539586
360	9	6	6	0	0:00:03.546412
380	6	6	6	1	0:00:03.557040
400	9	9	9	1	0:00:03.587328
420	4	6	6	0	0:00:03.546285
440	1	1	1	1	0:00:03.559117
460	5	5	5	1	0:00:03.578036
480	8	9	9	0	0:00:03.551097
500	4	6	6	0	0:00:03.541782
520	5	7	7	0	0:00:03.544117
540	1	8	8	0	0:00:03.541179
560	0	0	0	1	0:00:03.579599
580	4	6	6	0	0:00:03.565926
600	8	8	8	1	0:00:03.539554
620	7	6	6	0	0:00:03.592786
640	5	6	6	0	0:00:03.586425
660	9	9	9	1	0:00:03.540246
680	9	9	9	1	0:00:03.526052
700	7	7	7	1	0:00:03.591800
720	4	9	9	0	0:00:03.566263
740	2	5	5	0	0:00:03.543465
760	3	9	9	0	0:00:03.562474
780	9	1	0	0	0:00:03.751671
800	7	7	7	1	0:00:03.575914
820	6	9	9	0	0:00:03.594490
840	7	7	7	1	0:00:03.565512
860	4	6	6	0	0:00:03.564980
880	8	8	8	1	0:00:03.575854
900	2	6	6	0	0:00:03.558406
920	6	2	2	0	0:00:03.555509
940	9	1	6	0	0:00:03.574948
960	9	9	9	1	0:00:03.567531
980	2	6	6	0	0:00:03.537054
1000	5	5	5	1	0:00:03.409178
1020	1	8	8	0	0:00:03.460024
1040	7	5	5	0	0:00:03.467423
1060	9	8	8	0	0:00:03.463159
1080	6	6	6	1	0:00:03.465656
1100	7	8	8	0	0:00:03.469859
1120	5	2	8	0	0:00:03.447014
1140	6	4	6	0	0:00:03.459508
1160	8	0	0	0	0:00:03.441665
1180	3	9	9	0	0:00:03.456967
1200	8	0	0	0	0:00:03.449760
1220	9	2	2	0	0:00:03.466872
1240	2	6	6	0	0:00:03.458991
1260	1	9	9	0	0:00:03.460964
1280	3	7	7	0	0:00:03.451018
1300	4	6	6	0	0:00:03.438022
1320	7	0	0	0	0:00:03.451514
1340	1	1	1	1	0:00:03.449161
1360	7	9	5	0	0:00:03.447333
1380	4	5	5	0	0:00:03.454134
1400	5	4	2	0	0:00:03.459669
1420	4	7	7	0	0:00:03.466543
1440	0	8	8	0	0:00:03.464958
1460	6	6	6	1	0:00:03.472570
1480	1	5	5	0	0:00:03.442298
1500	1	9	9	0	0:00:03.428911
1520	7	6	6	0	0:00:03.464129
1540	8	8	8	1	0:00:03.433141
1560	7	7	7	1	0:00:03.446685
1580	6	1	1	0	0:00:03.480593
1600	8	9	6	0	0:00:03.430403
1620	5	8	8	0	0:00:03.413047
1640	7	5	5	0	0:00:03.446259
1660	3	5	5	0	0:00:03.431353
1680	6	6	6	1	0:00:03.442671
1700	5	2	2	0	0:00:03.455225
1720	4	0	0	0	0:00:03.470101
1740	1	9	9	0	0:00:03.462875
1760	0	8	8	0	0:00:03.467991
1780	7	8	8	0	0:00:03.479809
1800	4	8	8	0	0:00:03.452497
1820	8	9	9	0	0:00:03.463682
1840	8	7	7	0	0:00:03.465358
1860	8	8	8	1	0:00:03.462627
1880	1	1	8	1	0:00:03.459316
1900	8	8	8	1	0:00:03.454988
1920	2	7	4	0	0:00:03.463775
1940	5	2	2	0	0:00:03.467887
1960	2	5	5	0	0:00:03.470366
1980	9	9	9	1	0:00:03.455122
2000	1	6	6	0	0:00:03.400258
2020	9	9	9	1	0:00:03.446097
2040	0	8	8	0	0:00:03.484919
2060	5	5	5	1	0:00:03.471844
2080	1	6	4	0	0:00:03.483116
2100	2	4	4	0	0:00:03.496363
2120	4	8	8	0	0:00:03.493411
2140	9	9	1	1	0:00:03.477098
2160	0	8	8	0	0:00:03.490945
2180	4	6	6	0	0:00:03.479630
2200	0	0	0	1	0:00:03.494340
2220	1	1	1	1	0:00:03.493406
2240	9	9	9	1	0:00:03.479340
2260	4	1	4	0	0:00:03.458294
2280	4	8	8	0	0:00:03.449786
2300	3	6	6	0	0:00:03.439978
2320	5	8	8	0	0:00:03.471470
2340	7	9	7	0	0:00:03.478592
2360	7	7	7	1	0:00:03.490607
2380	8	8	8	1	0:00:03.500570
2400	0	0	0	1	0:00:03.493970
2420	8	5	5	0	0:00:03.470963
2440	7	1	1	0	0:00:03.484766
2460	9	6	6	0	0:00:03.480751
2480	8	8	8	1	0:00:03.471825
2500	4	6	4	0	0:00:03.502151
2520	1	8	8	0	0:00:03.475505
2540	2	3	3	0	0:00:03.480939
2560	7	4	4	0	0:00:03.484362
2580	6	4	4	0	0:00:03.471001
2600	8	8	8	1	0:00:03.486567
2620	1	6	6	0	0:00:03.497854
2640	7	7	7	1	0:00:03.460954
2660	3	0	0	0	0:00:03.480452
2680	0	0	0	1	0:00:03.458715
2700	9	9	0	1	0:00:03.477320
2720	3	8	8	0	0:00:03.472554
2740	1	1	1	1	0:00:03.439172
2760	2	6	6	0	0:00:03.459401
2780	7	7	7	1	0:00:03.477757
2800	4	6	6	0	0:00:03.469513
2820	6	6	6	1	0:00:03.480423
2840	3	3	3	1	0:00:03.462452
2860	5	7	7	0	0:00:03.484941
2880	4	4	4	1	0:00:03.466245
2900	3	5	5	0	0:00:03.454905
2920	2	8	8	0	0:00:03.463518
2940	3	8	8	0	0:00:03.464347
2960	9	7	7	0	0:00:03.485392
2980	8	1	1	0	0:00:03.484291
3000	5	5	5	1	0:00:03.468152
3020	1	1	1	1	0:00:03.464573
3040	7	7	7	1	0:00:03.470700
3060	7	7	7	1	0:00:03.471880
3080	1	2	2	0	0:00:03.500871
3100	0	0	0	1	0:00:03.487095
3120	4	6	6	0	0:00:03.476979
3140	8	8	8	1	0:00:03.492280
3160	6	4	4	0	0:00:03.465994
3180	3	9	8	0	0:00:03.475231
3200	5	7	7	0	0:00:03.479914
3220	3	9	9	0	0:00:03.479658
3240	4	1	8	0	0:00:03.470453
3260	7	0	0	0	0:00:03.491871
3280	3	0	0	0	0:00:03.497926
3300	4	4	4	1	0:00:03.484115
3320	2	7	7	0	0:00:03.497946
3340	6	4	4	0	0:00:03.492086
3360	4	6	6	0	0:00:03.491372
3380	8	9	8	0	0:00:03.487495
3400	6	4	4	0	0:00:03.495682
3420	5	6	6	0	0:00:03.481258
3440	2	9	9	0	0:00:03.480058
3460	1	1	4	1	0:00:03.474088
3480	2	2	2	1	0:00:03.479700
3500	1	1	4	1	0:00:03.474613
3520	1	1	1	1	0:00:03.485941
3540	6	8	8	0	0:00:03.486206
3560	1	9	9	0	0:00:03.494464
3580	4	1	1	0	0:00:03.483515
3600	4	2	2	0	0:00:03.502475
3620	0	7	7	0	0:00:03.495006
3640	6	2	2	0	0:00:03.496873
3660	0	8	8	0	0:00:03.500215
3680	0	-1	2	0	0:00:03.480368
3700	3	4	4	0	0:00:03.494368
3720	2	2	2	1	0:00:03.482491
3740	0	0	0	1	0:00:03.479786
3760	7	7	7	1	0:00:03.488996
3780	4	2	2	0	0:00:03.494761
3800	9	9	3	1	0:00:03.490720
3820	0	0	0	1	0:00:03.467513
3840	6	8	8	0	0:00:03.489079
3860	7	7	7	1	0:00:03.481441
3880	6	4	4	0	0:00:03.490756
3900	3	0	1	0	0:00:03.488560
3920	7	8	8	0	0:00:03.463007
3940	6	7	6	0	0:00:03.492361
3960	2	5	5	0	0:00:03.483349
3980	9	7	7	0	0:00:03.477663
4000	8	7	7	0	0:00:03.487635
4020	8	9	8	0	0:00:03.475110
4040	0	0	0	1	0:00:03.477456
4060	6	0	0	0	0:00:03.478254
4080	1	8	8	0	0:00:03.472234
4100	7	7	7	1	0:00:03.486580
4120	4	0	0	0	0:00:03.471782
4140	5	2	2	0	0:00:03.478721
4160	5	2	2	0	0:00:03.494435
4180	0	8	8	0	0:00:03.491442
4200	4	2	2	0	0:00:03.486808
4220	4	0	0	0	0:00:03.485678
4240	7	8	8	0	0:00:03.485025
4260	8	9	8	0	0:00:03.482145
4280	8	9	8	0	0:00:03.501291
4300	8	8	8	1	0:00:03.480576
4320	1	8	8	0	0:00:03.496296
4340	0	8	0	0	0:00:03.492390
4360	6	9	9	0	0:00:03.496010
4380	9	9	9	1	0:00:03.481071
4400	3	8	8	0	0:00:03.477577
4420	5	8	8	0	0:00:03.479283
4440	2	6	6	0	0:00:03.457124
4460	9	8	8	0	0:00:03.503757
4480	9	6	6	0	0:00:03.445921
4500	3	7	7	0	0:00:03.467369
4520	3	6	6	0	0:00:03.493800
4540	9	9	9	1	0:00:03.485899
4560	1	1	6	1	0:00:03.480008
4580	6	6	6	1	0:00:03.479655
4600	4	7	7	0	0:00:03.480076
4620	7	3	3	0	0:00:03.493316
4640	2	5	5	0	0:00:03.484489
4660	7	2	2	0	0:00:03.479987
4680	9	1	1	0	0:00:03.472262
4700	6	1	1	0	0:00:03.489379
4720	8	0	0	0	0:00:03.486532
4740	5	6	6	0	0:00:03.476856
4760	3	2	2	0	0:00:03.469653
4780	0	8	0	0	0:00:03.472743
4800	9	9	9	1	0:00:03.472408
4820	3	5	5	0	0:00:03.466667
4840	0	0	0	1	0:00:03.480202
4860	5	5	5	1	0:00:03.471555
4880	0	2	2	0	0:00:03.471243
4900	3	1	1	0	0:00:03.488631
4920	7	0	0	0	0:00:03.481093
4940	6	4	2	0	0:00:03.487298
4960	4	6	6	0	0:00:03.480709
4980	1	9	9	0	0:00:03.478741
5000	7	7	7	1	0:00:03.484320
5020	8	1	1	0	0:00:03.473523
5040	3	7	7	0	0:00:03.474112
5060	6	6	6	1	0:00:03.472064
5080	7	7	7	1	0:00:03.473436
5100	3	4	4	0	0:00:03.470918
5120	9	8	8	0	0:00:03.475299
5140	8	8	8	1	0:00:03.468215
5160	0	8	8	0	0:00:03.478363
5180	9	6	6	0	0:00:03.475257
5200	3	3	3	1	0:00:03.474770
5220	0	0	0	1	0:00:03.471204
5240	1	9	3	0	0:00:03.478979
5260	0	0	0	1	0:00:03.473543
5280	0	8	8	0	0:00:03.482945
5300	9	1	1	0	0:00:03.479631
5320	7	7	7	1	0:00:03.480014
5340	3	4	4	0	0:00:03.483194
5360	9	9	9	1	0:00:03.476371
5380	1	9	9	0	0:00:03.478264
5400	9	0	0	0	0:00:03.474182
5420	6	5	6	0	0:00:03.479590
5440	9	9	9	1	0:00:03.470928
5460	0	7	7	0	0:00:03.476470
5480	1	8	8	0	0:00:03.472644
5500	8	1	1	0	0:00:03.481824
5520	4	5	5	0	0:00:03.481900
5540	5	6	2	0	0:00:03.485617
5560	3	6	6	0	0:00:03.495574
5580	5	6	6	0	0:00:03.472465
5600	6	8	8	0	0:00:03.481982
5620	3	2	2	0	0:00:03.488451
5640	2	3	3	0	0:00:03.477787
5660	9	9	8	1	0:00:03.449489
5680	2	8	8	0	0:00:03.464918
5700	3	6	6	0	0:00:03.465609
5720	9	9	9	1	0:00:03.474143
5740	6	6	6	1	0:00:03.497495
5760	2	2	2	1	0:00:03.499979
5780	7	7	7	1	0:00:03.507197
5800	2	6	6	0	0:00:03.498175
5820	5	6	6	0	0:00:03.482287
5840	2	6	6	0	0:00:03.487906
5860	0	8	8	0	0:00:03.484107
5880	0	8	8	0	0:00:03.482246
5900	4	5	5	0	0:00:03.500293
5920	8	8	8	1	0:00:03.491560
5940	7	4	4	0	0:00:03.492335
5960	2	7	7	0	0:00:03.480078
5980	9	9	9	1	0:00:03.479530
6000	8	9	9	0	0:00:03.454053
6020	6	7	7	0	0:00:03.489873
6040	2	7	7	0	0:00:03.499537
6060	3	4	4	0	0:00:03.484907
6080	1	9	6	0	0:00:03.456824
6100	1	1	8	1	0:00:03.487389
6120	5	5	5	1	0:00:03.479903
6140	9	9	9	1	0:00:03.494206
6160	2	9	5	0	0:00:03.492059
6180	0	9	8	0	0:00:03.473760
6200	3	-1	0	0	0:00:03.493717
6220	2	6	6	0	0:00:03.474736
6240	2	1	1	0	0:00:03.495960
6260	2	9	9	0	0:00:03.492755
6280	8	5	5	0	0:00:03.492598
6300	1	7	7	0	0:00:03.479691
6320	0	0	0	1	0:00:03.481058
6340	3	8	8	0	0:00:03.487118
6360	2	6	2	0	0:00:03.496202
6380	3	1	1	0	0:00:03.515225
6400	0	1	1	0	0:00:03.482541
6420	7	8	8	0	0:00:03.467677
6440	3	8	8	0	0:00:03.469082
6460	3	1	1	0	0:00:03.453208
6480	0	5	0	0	0:00:03.473633
6500	7	0	0	0	0:00:03.476045
6520	6	4	4	0	0:00:03.471823
6540	8	8	8	1	0:00:03.489322
6560	6	6	6	1	0:00:03.463933
6580	1	2	2	0	0:00:03.477198
6600	7	7	7	1	0:00:03.499704
6620	7	7	4	1	0:00:03.474675
6640	5	8	8	0	0:00:03.475456
6660	0	8	8	0	0:00:03.494522
6680	3	5	5	0	0:00:03.472119
6700	6	6	6	1	0:00:03.478787
6720	2	2	2	1	0:00:03.485208
6740	2	6	6	0	0:00:03.450777
6760	5	2	2	0	0:00:03.486176
6780	7	7	7	1	0:00:03.495078
6800	6	6	6	1	0:00:03.493001
6820	1	1	1	1	0:00:03.489895
6840	9	1	1	0	0:00:03.491591
6860	0	0	0	1	0:00:03.497207
6880	2	-1	4	0	0:00:03.486212
6900	3	7	7	0	0:00:03.498142
6920	5	2	2	0	0:00:03.470550
6940	1	1	1	1	0:00:03.478004
6960	9	8	8	0	0:00:03.474966
6980	0	9	9	0	0:00:03.481857
7000	2	8	8	0	0:00:03.483447
7020	7	1	1	0	0:00:03.488957
7040	7	8	8	0	0:00:03.491750
7060	8	8	8	1	0:00:03.495895
7080	5	4	4	0	0:00:03.495736
7100	9	3	3	0	0:00:03.488585
7120	7	6	6	0	0:00:03.489275
7140	4	4	4	1	0:00:03.483619
7160	5	4	4	0	0:00:03.482365
7180	6	6	6	1	0:00:03.456929
7200	4	6	6	0	0:00:03.452672
7220	9	8	8	0	0:00:03.469617
7240	0	8	8	0	0:00:03.475406
7260	1	8	8	0	0:00:03.474910
7280	1	6	6	0	0:00:03.476409
7300	3	7	7	0	0:00:03.469738
7320	8	0	0	0	0:00:03.476789
7340	2	4	4	0	0:00:03.472262
7360	2	7	7	0	0:00:03.470361
7380	7	1	7	0	0:00:03.470797
7400	3	9	9	0	0:00:03.475335
7420	3	0	0	0	0:00:03.472103
7440	3	6	6	0	0:00:03.484122
7460	5	5	5	1	0:00:03.485290
7480	1	5	5	0	0:00:03.496464
7500	6	6	6	1	0:00:03.480447
7520	4	6	6	0	0:00:03.478443
7540	5	5	5	1	0:00:03.474060
7560	0	6	2	0	0:00:03.466164
7580	8	8	8	1	0:00:03.479707
7600	8	9	9	0	0:00:03.466000
7620	5	1	1	0	0:00:03.474876
7640	9	-1	8	0	0:00:03.494795
7660	7	9	9	0	0:00:03.472492
7680	3	9	9	0	0:00:03.474849
7700	6	6	6	1	0:00:03.492011
7720	5	6	6	0	0:00:03.488401
7740	4	6	2	0	0:00:03.491345
7760	2	9	9	0	0:00:03.501213
7780	3	8	8	0	0:00:03.483234
7800	0	0	0	1	0:00:03.484057
7820	5	8	8	0	0:00:03.500592
7840	1	1	1	1	0:00:03.495660
7860	8	4	4	0	0:00:03.482877
7880	0	8	8	0	0:00:03.462250
7900	0	8	8	0	0:00:03.480867
7920	9	8	8	0	0:00:03.463381
7940	2	6	6	0	0:00:03.469577
7960	0	0	0	1	0:00:03.477686
7980	3	7	4	0	0:00:03.481496
8000	9	9	8	1	0:00:03.466887
8020	6	6	6	1	0:00:03.499039
8040	2	6	6	0	0:00:03.452514
8060	6	4	4	0	0:00:03.490249
8080	4	6	6	0	0:00:03.485625
8100	6	2	2	0	0:00:03.476848
8120	8	9	9	0	0:00:03.491187
8140	5	6	6	0	0:00:03.485476
8160	6	9	9	0	0:00:03.455364
8180	4	6	6	0	0:00:03.484771
8200	3	6	6	0	0:00:03.476130
8220	6	7	2	0	0:00:03.487048
8240	7	7	7	1	0:00:03.474702
8260	1	1	1	1	0:00:03.479328
8280	4	1	1	0	0:00:03.479021
8300	5	2	2	0	0:00:03.438425
8320	7	4	4	0	0:00:03.493380
8340	5	4	4	0	0:00:03.487221
8360	7	-1	6	0	0:00:03.501661
8380	9	8	8	0	0:00:03.492457
8400	0	8	8	0	0:00:03.468832
8420	3	6	4	0	0:00:03.497181
8440	5	9	9	0	0:00:03.498040
8460	8	8	8	1	0:00:03.487191
8480	2	1	1	0	0:00:03.452915
8500	4	2	2	0	0:00:03.496342
8520	8	6	6	0	0:00:03.496938
8540	4	6	4	0	0:00:03.485087
8560	7	7	7	1	0:00:03.495472
8580	3	0	0	0	0:00:03.495053
8600	3	7	7	0	0:00:03.486328
8620	3	1	4	0	0:00:03.497615
8640	1	1	1	1	0:00:03.482595
8660	7	5	5	0	0:00:03.470540
8680	3	9	9	0	0:00:03.484935
8700	3	5	5	0	0:00:03.487004
8720	2	0	0	0	0:00:03.470571
8740	2	6	6	0	0:00:03.474508
8760	8	8	8	1	0:00:03.459899
8780	4	4	4	1	0:00:03.462851
8800	0	0	0	1	0:00:03.507252
8820	2	2	2	1	0:00:03.469749
8840	2	1	1	0	0:00:03.477624
8860	2	0	0	0	0:00:03.453287
8880	1	6	6	0	0:00:03.463527
8900	2	1	6	0	0:00:03.482221
8920	6	6	6	1	0:00:03.475420
8940	6	3	3	0	0:00:03.472756
8960	0	0	0	1	0:00:03.479193
8980	9	9	9	1	0:00:03.478364
9000	8	8	8	1	0:00:03.474002
9020	7	9	9	0	0:00:03.459372
9040	2	5	5	0	0:00:03.468081
9060	9	5	5	0	0:00:03.467767
9080	3	0	0	0	0:00:03.461170
9100	9	6	6	0	0:00:03.464558
9120	3	0	0	0	0:00:03.483921
9140	7	8	8	0	0:00:03.475188
9160	5	5	5	1	0:00:03.484129
9180	5	5	5	1	0:00:03.488459
9200	8	8	8	1	0:00:03.498713
9220	8	8	8	1	0:00:03.503062
9240	8	8	8	1	0:00:03.462318
9260	5	5	5	1	0:00:03.471648
9280	9	0	0	0	0:00:03.474881
9300	5	-1	6	0	0:00:03.498827
9320	9	8	8	0	0:00:03.450657
9340	1	1	1	1	0:00:03.473099
9360	5	6	6	0	0:00:03.469397
9380	5	5	5	1	0:00:03.476609
9400	6	6	4	1	0:00:03.474331
9420	5	6	6	0	0:00:03.482313
9440	8	8	8	1	0:00:03.500752
9460	3	9	7	0	0:00:03.495268
9480	2	4	6	0	0:00:03.496810
9500	9	6	6	0	0:00:03.500508
9520	1	9	9	0	0:00:03.499203
9540	5	4	4	0	0:00:03.499662
9560	9	7	7	0	0:00:03.471008
9580	1	4	4	0	0:00:03.476831
9600	8	8	8	1	0:00:03.443681
9620	4	7	7	0	0:00:03.423827
9640	5	-1	6	0	0:00:03.476614
9660	6	6	6	1	0:00:03.486040
9680	8	9	9	0	0:00:03.485581
9700	0	0	0	1	0:00:03.490721
9720	8	6	6	0	0:00:03.484415
9740	3	6	6	0	0:00:03.506709
9760	9	9	9	1	0:00:03.469797
9780	4	6	6	0	0:00:03.475580
9800	1	1	1	1	0:00:03.469745
9820	0	9	8	0	0:00:03.465635
9840	4	3	3	0	0:00:03.477755
9860	0	2	2	0	0:00:03.469664
9880	7	4	4	0	0:00:03.476653
9900	8	0	0	0	0:00:03.484752
9920	6	6	6	1	0:00:03.478764
9940	4	7	7	0	0:00:03.454900
9960	2	0	0	0	0:00:03.464407
9980	0	0	0	1	0:00:03.469656
