idx	label	predict	basePredict	correct	time
0	3	3	3	1	0:00:01.308507
20	7	7	7	1	0:00:01.286581
40	4	4	4	1	0:00:01.190869
60	7	7	7	1	0:00:01.287023
80	8	8	8	1	0:00:01.270670
100	4	3	3	0	0:00:01.294504
120	8	-1	8	0	0:00:01.239410
140	6	6	6	1	0:00:01.264946
160	2	2	2	1	0:00:01.232561
180	0	0	0	1	0:00:01.267840
200	5	5	5	1	0:00:01.264577
220	7	5	5	0	0:00:01.283983
240	1	1	1	1	0:00:01.274716
260	8	8	8	1	0:00:01.280539
280	9	9	9	1	0:00:01.309316
300	6	6	6	1	0:00:01.270420
320	3	3	3	1	0:00:01.274421
340	2	4	4	0	0:00:01.287554
360	9	9	9	1	0:00:01.269116
380	6	6	6	1	0:00:01.263145
400	9	9	9	1	0:00:01.256130
420	4	4	4	1	0:00:01.247147
440	1	1	1	1	0:00:01.334209
460	5	5	5	1	0:00:01.250193
480	8	-1	8	0	0:00:01.262486
500	4	6	6	0	0:00:01.261268
520	5	5	5	1	0:00:01.264122
540	1	1	1	1	0:00:01.247763
560	0	0	0	1	0:00:01.227058
580	4	4	2	1	0:00:01.230696
600	8	8	8	1	0:00:01.236357
620	7	7	7	1	0:00:01.319403
640	5	3	3	0	0:00:01.242451
660	9	9	9	1	0:00:01.243236
680	9	-1	7	0	0:00:01.253057
700	7	7	7	1	0:00:01.233661
720	4	4	4	1	0:00:01.238025
740	2	5	5	0	0:00:01.243331
760	3	3	3	1	0:00:01.271689
780	9	9	9	1	0:00:01.260377
800	7	7	7	1	0:00:01.284976
820	6	5	5	0	0:00:01.361998
840	7	7	7	1	0:00:01.277412
860	4	4	4	1	0:00:01.235387
880	8	8	8	1	0:00:01.243366
900	2	6	6	0	0:00:01.258452
920	6	-1	0	0	0:00:01.233447
940	9	9	9	1	0:00:01.236316
960	9	9	3	1	0:00:01.254504
980	2	6	2	0	0:00:01.297440
1000	5	5	5	1	0:00:01.149703
1020	1	1	1	1	0:00:01.111752
1040	7	7	7	1	0:00:01.117847
1060	9	9	9	1	0:00:01.120258
1080	6	6	2	1	0:00:01.143292
1100	7	7	7	1	0:00:01.121202
1120	5	2	2	0	0:00:01.127818
1140	6	6	6	1	0:00:01.132419
1160	8	8	8	1	0:00:01.211805
1180	3	-1	2	0	0:00:01.165942
1200	8	8	8	1	0:00:01.172384
1220	9	3	3	0	0:00:01.150750
1240	2	6	6	0	0:00:01.176024
1260	1	9	9	0	0:00:01.164651
1280	3	5	5	0	0:00:01.158369
1300	4	3	3	0	0:00:01.106555
1320	7	7	7	1	0:00:01.155951
1340	1	1	1	1	0:00:01.185991
1360	7	7	7	1	0:00:01.171233
1380	4	5	5	0	0:00:01.183373
1400	5	5	5	1	0:00:01.173558
1420	4	4	4	1	0:00:01.146402
1440	0	8	8	0	0:00:01.120867
1460	6	6	6	1	0:00:01.114604
1480	1	1	1	1	0:00:01.114418
1500	1	1	1	1	0:00:01.120645
1520	7	7	7	1	0:00:01.120676
1540	8	8	8	1	0:00:01.203718
1560	7	7	7	1	0:00:01.158288
1580	6	1	1	0	0:00:01.155583
1600	8	9	9	0	0:00:01.186973
1620	5	3	3	0	0:00:01.160402
1640	7	4	4	0	0:00:01.168978
1660	3	3	3	1	0:00:01.159344
1680	6	6	6	1	0:00:01.112521
1700	5	3	3	0	0:00:01.116625
1720	4	3	3	0	0:00:01.119501
1740	1	1	1	1	0:00:01.161647
1760	0	0	0	1	0:00:01.109508
1780	7	7	7	1	0:00:01.121131
1800	4	8	8	0	0:00:01.127761
1820	8	8	1	1	0:00:01.131659
1840	8	9	4	0	0:00:01.134504
1860	8	8	8	1	0:00:01.154422
1880	1	1	1	1	0:00:01.167567
1900	8	8	8	1	0:00:01.160344
1920	2	2	2	1	0:00:01.172474
1940	5	5	5	1	0:00:01.165347
1960	2	5	5	0	0:00:01.167218
1980	9	9	9	1	0:00:01.158705
2000	1	1	1	1	0:00:01.120683
2020	9	9	9	1	0:00:01.113345
2040	0	0	0	1	0:00:01.110033
2060	5	3	3	0	0:00:01.122664
2080	1	1	1	1	0:00:01.118340
2100	2	2	2	1	0:00:01.106341
2120	4	8	8	0	0:00:01.213882
2140	9	9	9	1	0:00:01.189420
2160	0	0	0	1	0:00:01.182619
2180	4	4	4	1	0:00:01.186961
2200	0	-1	2	0	0:00:01.126675
2220	1	1	1	1	0:00:01.112983
2240	9	9	1	1	0:00:01.118165
2260	4	4	4	1	0:00:01.098931
2280	4	-1	8	0	0:00:01.094213
2300	3	3	3	1	0:00:01.108635
2320	5	3	3	0	0:00:01.147183
2340	7	7	7	1	0:00:01.095146
2360	7	7	7	1	0:00:01.124272
2380	8	8	8	1	0:00:01.192939
2400	0	0	0	1	0:00:01.187589
2420	8	8	7	1	0:00:01.191133
2440	7	7	7	1	0:00:01.180789
2460	9	9	9	1	0:00:01.196245
2480	8	8	8	1	0:00:01.181306
2500	4	6	6	0	0:00:01.217793
2520	1	-1	3	0	0:00:01.216352
2540	2	2	2	1	0:00:01.157998
2560	7	7	4	1	0:00:01.185714
2580	6	6	6	1	0:00:01.179001
2600	8	8	8	1	0:00:01.155311
2620	1	1	1	1	0:00:01.127597
2640	7	7	7	1	0:00:01.155622
2660	3	3	3	1	0:00:01.170352
2680	0	0	0	1	0:00:01.188332
2700	9	1	1	0	0:00:01.212982
2720	3	3	3	1	0:00:01.196852
2740	1	1	1	1	0:00:01.175577
2760	2	2	2	1	0:00:01.186115
2780	7	7	7	1	0:00:01.182232
2800	4	4	4	1	0:00:01.180126
2820	6	6	6	1	0:00:01.191146
2840	3	3	3	1	0:00:01.185657
2860	5	5	5	1	0:00:01.185828
2880	4	4	4	1	0:00:01.229811
2900	3	3	3	1	0:00:01.185100
2920	2	3	0	0	0:00:01.165545
2940	3	0	0	0	0:00:01.158494
2960	9	9	9	1	0:00:01.191171
2980	8	8	8	1	0:00:01.161932
3000	5	5	5	1	0:00:01.159325
3020	1	1	1	1	0:00:01.174893
3040	7	7	7	1	0:00:01.184975
3060	7	7	7	1	0:00:01.222423
3080	1	1	1	1	0:00:01.209066
3100	0	0	0	1	0:00:01.165876
3120	4	6	2	0	0:00:01.167852
3140	8	8	8	1	0:00:01.185141
3160	6	2	2	0	0:00:01.144209
3180	3	6	5	0	0:00:01.160882
3200	5	5	5	1	0:00:01.190714
3220	3	3	9	1	0:00:01.182207
3240	4	4	4	1	0:00:01.208402
3260	7	7	7	1	0:00:01.222383
3280	3	5	5	0	0:00:01.205771
3300	4	4	4	1	0:00:01.186748
3320	2	7	7	0	0:00:01.300220
3340	6	6	6	1	0:00:01.217468
3360	4	4	4	1	0:00:01.225292
3380	8	8	8	1	0:00:01.222715
3400	6	4	4	0	0:00:01.219000
3420	5	3	3	0	0:00:01.210522
3440	2	3	3	0	0:00:01.196289
3460	1	1	1	1	0:00:01.205372
3480	2	2	2	1	0:00:01.198827
3500	1	1	9	1	0:00:01.200245
3520	1	1	1	1	0:00:01.177958
3540	6	6	3	1	0:00:01.175314
3560	1	9	9	0	0:00:01.159249
3580	4	4	2	1	0:00:01.175676
3600	4	3	3	0	0:00:01.183503
3620	0	0	0	1	0:00:01.196561
3640	6	6	6	1	0:00:01.186613
3660	0	0	0	1	0:00:01.186872
3680	0	0	0	1	0:00:01.197134
3700	3	3	3	1	0:00:01.192696
3720	2	2	2	1	0:00:01.200893
3740	0	0	0	1	0:00:01.158710
3760	7	7	7	1	0:00:01.203818
3780	4	4	4	1	0:00:01.186556
3800	9	9	9	1	0:00:01.207071
3820	0	0	0	1	0:00:01.195896
3840	6	6	6	1	0:00:01.167867
3860	7	7	7	1	0:00:01.180122
3880	6	6	6	1	0:00:01.202635
3900	3	6	6	0	0:00:01.203481
3920	7	7	7	1	0:00:01.199063
3940	6	3	3	0	0:00:01.199867
3960	2	2	2	1	0:00:01.189850
3980	9	6	2	0	0:00:01.226137
4000	8	4	7	0	0:00:01.209564
4020	8	8	8	1	0:00:01.197497
4040	0	0	0	1	0:00:01.201463
4060	6	6	6	1	0:00:01.207915
4080	1	1	1	1	0:00:01.206405
4100	7	7	7	1	0:00:01.206503
4120	4	4	4	1	0:00:01.200316
4140	5	5	5	1	0:00:01.202023
4160	5	5	5	1	0:00:01.204324
4180	0	8	8	0	0:00:01.198927
4200	4	4	4	1	0:00:01.193204
4220	4	0	0	0	0:00:01.197468
4240	7	7	7	1	0:00:01.197885
4260	8	8	8	1	0:00:01.199701
4280	8	0	0	0	0:00:01.175139
4300	8	8	8	1	0:00:01.204159
4320	1	1	1	1	0:00:01.195845
4340	0	0	0	1	0:00:01.202874
4360	6	9	9	0	0:00:01.218824
4380	9	9	9	1	0:00:01.210831
4400	3	5	5	0	0:00:01.196794
4420	5	5	5	1	0:00:01.206565
4440	2	2	2	1	0:00:01.202722
4460	9	9	9	1	0:00:01.182864
4480	9	9	9	1	0:00:01.163980
4500	3	3	5	1	0:00:01.140774
4520	3	6	6	0	0:00:01.149765
4540	9	9	9	1	0:00:01.185043
4560	1	1	1	1	0:00:01.122699
4580	6	6	6	1	0:00:01.109746
4600	4	4	4	1	0:00:01.118414
4620	7	3	3	0	0:00:01.127138
4640	2	2	2	1	0:00:01.129125
4660	7	7	7	1	0:00:01.121665
4680	9	9	9	1	0:00:01.114789
4700	6	5	5	0	0:00:01.120189
4720	8	8	8	1	0:00:01.149526
4740	5	3	3	0	0:00:01.189819
4760	3	2	2	0	0:00:01.182061
4780	0	0	0	1	0:00:01.194005
4800	9	9	9	1	0:00:01.175915
4820	3	3	3	1	0:00:01.181922
4840	0	0	0	1	0:00:01.193392
4860	5	5	5	1	0:00:01.196602
4880	0	7	7	0	0:00:01.161269
4900	3	3	3	1	0:00:01.165704
4920	7	7	7	1	0:00:01.195380
4940	6	6	6	1	0:00:01.111349
4960	4	4	3	1	0:00:01.132402
4980	1	1	1	1	0:00:01.128538
5000	7	7	7	1	0:00:01.145073
5020	8	8	8	1	0:00:01.157202
5040	3	3	3	1	0:00:01.152190
5060	6	6	6	1	0:00:01.160424
5080	7	4	4	0	0:00:01.158743
5100	3	3	3	1	0:00:01.157688
5120	9	9	9	1	0:00:01.152872
5140	8	8	8	1	0:00:01.121940
5160	0	0	0	1	0:00:01.116217
5180	9	7	7	0	0:00:01.140460
5200	3	3	3	1	0:00:01.135435
5220	0	0	0	1	0:00:01.132410
5240	1	9	9	0	0:00:01.153412
5260	0	0	0	1	0:00:01.157158
5280	0	3	3	0	0:00:01.176569
5300	9	9	9	1	0:00:01.229676
5320	7	7	7	1	0:00:01.181492
5340	3	3	3	1	0:00:01.171495
5360	9	9	9	1	0:00:01.169713
5380	1	9	9	0	0:00:01.178734
5400	9	9	9	1	0:00:01.175041
5420	6	6	6	1	0:00:01.200783
5440	9	9	9	1	0:00:01.201356
5460	0	0	0	1	0:00:01.190755
5480	1	1	1	1	0:00:01.222417
5500	8	8	8	1	0:00:01.191772
5520	4	4	4	1	0:00:01.194383
5540	5	5	5	1	0:00:01.185841
5560	3	6	5	0	0:00:01.197189
5580	5	6	3	0	0:00:01.192327
5600	6	6	5	1	0:00:01.183285
5620	3	3	2	1	0:00:01.176896
5640	2	3	3	0	0:00:01.181508
5660	9	9	9	1	0:00:01.197325
5680	2	3	3	0	0:00:01.211738
5700	3	5	5	0	0:00:01.176242
5720	9	9	9	1	0:00:01.173453
5740	6	4	4	0	0:00:01.179224
5760	2	2	2	1	0:00:01.188078
5780	7	7	7	1	0:00:01.179158
5800	2	2	2	1	0:00:01.165703
5820	5	5	3	1	0:00:01.180477
5840	2	2	2	1	0:00:01.180457
5860	0	0	8	1	0:00:01.222259
5880	0	0	0	1	0:00:01.174164
5900	4	0	3	0	0:00:01.170495
5920	8	8	8	1	0:00:01.183894
5940	7	7	7	1	0:00:01.166774
5960	2	3	3	0	0:00:01.166420
5980	9	9	9	1	0:00:01.189776
6000	8	8	8	1	0:00:01.200685
6020	6	6	6	1	0:00:01.189353
6040	2	-1	7	0	0:00:01.223830
6060	3	4	4	0	0:00:01.211093
6080	1	1	1	1	0:00:01.198136
6100	1	1	1	1	0:00:01.195831
6120	5	5	5	1	0:00:01.199550
6140	9	9	9	1	0:00:01.198227
6160	2	2	2	1	0:00:01.210743
6180	0	-1	8	0	0:00:01.202070
6200	3	3	3	1	0:00:01.198146
6220	2	2	2	1	0:00:01.235456
6240	2	2	2	1	0:00:01.202806
6260	2	2	3	1	0:00:01.196938
6280	8	3	5	0	0:00:01.200931
6300	1	1	1	1	0:00:01.183872
6320	0	0	0	1	0:00:01.209249
6340	3	3	3	1	0:00:01.204780
6360	2	2	2	1	0:00:01.194052
6380	3	3	3	1	0:00:01.191618
6400	0	8	8	0	0:00:01.204731
6420	7	7	7	1	0:00:01.213505
6440	3	8	8	0	0:00:01.194378
6460	3	3	3	1	0:00:01.183306
6480	0	0	0	1	0:00:01.200775
6500	7	6	3	0	0:00:01.187738
6520	6	6	4	1	0:00:01.200941
6540	8	8	8	1	0:00:01.187785
6560	6	6	6	1	0:00:01.184309
6580	1	1	1	1	0:00:01.190707
6600	7	7	7	1	0:00:01.232271
6620	7	7	7	1	0:00:01.191047
6640	5	3	3	0	0:00:01.190385
6660	0	0	0	1	0:00:01.200660
6680	3	-1	5	0	0:00:01.206276
6700	6	6	6	1	0:00:01.191936
6720	2	2	2	1	0:00:01.203900
6740	2	2	2	1	0:00:01.193835
6760	5	3	5	0	0:00:01.193761
6780	7	7	7	1	0:00:01.244007
6800	6	6	4	1	0:00:01.201262
6820	1	1	1	1	0:00:01.198870
6840	9	9	9	1	0:00:01.193330
6860	0	0	0	1	0:00:01.200369
6880	2	2	2	1	0:00:01.189501
6900	3	3	3	1	0:00:01.180092
6920	5	2	2	0	0:00:01.182414
6940	1	1	1	1	0:00:01.211357
6960	9	9	9	1	0:00:01.220212
6980	0	0	0	1	0:00:01.189513
7000	2	8	8	0	0:00:01.191432
7020	7	7	7	1	0:00:01.183692
7040	7	0	0	0	0:00:01.191511
7060	8	8	8	1	0:00:01.193770
7080	5	4	4	0	0:00:01.178507
7100	9	3	3	0	0:00:01.127235
7120	7	7	7	1	0:00:01.130965
7140	4	7	7	0	0:00:01.182357
7160	5	5	5	1	0:00:01.169074
7180	6	6	6	1	0:00:01.157458
7200	4	4	4	1	0:00:01.183773
7220	9	9	9	1	0:00:01.213256
7240	0	0	8	1	0:00:01.196475
7260	1	1	1	1	0:00:01.191212
7280	1	9	9	0	0:00:01.204771
7300	3	5	5	0	0:00:01.199175
7320	8	0	0	0	0:00:01.187393
7340	2	-1	2	0	0:00:01.246804
7360	2	2	2	1	0:00:01.205174
7380	7	7	7	1	0:00:01.204387
7400	3	3	3	1	0:00:01.214596
7420	3	4	3	0	0:00:01.210291
7440	3	3	3	1	0:00:01.211644
7460	5	5	5	1	0:00:01.207817
7480	1	1	1	1	0:00:01.203601
7500	6	6	6	1	0:00:01.147289
7520	4	4	4	1	0:00:01.189690
7540	5	5	5	1	0:00:01.140746
7560	0	0	0	1	0:00:01.167629
7580	8	8	8	1	0:00:01.198424
7600	8	2	2	0	0:00:01.186033
7620	5	3	3	0	0:00:01.192749
7640	9	9	8	1	0:00:01.177438
7660	7	7	7	1	0:00:01.170389
7680	3	5	5	0	0:00:01.209096
7700	6	6	6	1	0:00:01.195809
7720	5	5	5	1	0:00:01.208790
7740	4	4	4	1	0:00:01.174513
7760	2	0	0	0	0:00:01.178870
7780	3	1	8	0	0:00:01.194758
7800	0	0	0	1	0:00:01.196982
7820	5	5	5	1	0:00:01.180794
7840	1	1	1	1	0:00:01.197520
7860	8	8	8	1	0:00:01.189670
7880	0	0	0	1	0:00:01.201277
7900	0	0	0	1	0:00:01.222262
7920	9	9	9	1	0:00:01.215437
7940	2	6	6	0	0:00:01.177802
7960	0	0	0	1	0:00:01.200838
7980	3	3	3	1	0:00:01.205884
8000	9	9	9	1	0:00:01.207660
8020	6	3	3	0	0:00:01.187846
8040	2	2	2	1	0:00:01.186351
8060	6	6	6	1	0:00:01.194869
8080	4	4	4	1	0:00:01.221659
8100	6	2	2	0	0:00:01.162781
8120	8	8	8	1	0:00:01.179338
8140	5	7	7	0	0:00:01.210576
8160	6	6	6	1	0:00:01.200639
8180	4	4	4	1	0:00:01.194520
8200	3	6	6	0	0:00:01.199531
8220	6	6	6	1	0:00:01.196342
8240	7	7	7	1	0:00:01.204959
8260	1	1	1	1	0:00:01.237098
8280	4	4	4	1	0:00:01.185495
8300	5	5	5	1	0:00:01.174098
8320	7	7	7	1	0:00:01.168120
8340	5	3	3	0	0:00:01.155318
8360	7	7	7	1	0:00:01.187934
8380	9	9	9	1	0:00:01.175196
8400	0	0	0	1	0:00:01.186461
8420	3	6	6	0	0:00:01.188429
8440	5	3	2	0	0:00:01.218025
8460	8	8	8	1	0:00:01.205949
8480	2	2	2	1	0:00:01.190820
8500	4	4	4	1	0:00:01.177340
8520	8	8	8	1	0:00:01.203657
8540	4	6	2	0	0:00:01.181134
8560	7	7	7	1	0:00:01.196924
8580	3	5	5	0	0:00:01.177068
8600	3	3	3	1	0:00:01.156439
8620	3	5	5	0	0:00:01.174084
8640	1	1	1	1	0:00:01.229193
8660	7	7	7	1	0:00:01.177209
8680	3	3	3	1	0:00:01.196696
8700	3	3	3	1	0:00:01.172924
8720	2	0	0	0	0:00:01.193011
8740	2	5	5	0	0:00:01.179277
8760	8	8	8	1	0:00:01.187259
8780	4	4	4	1	0:00:01.186086
8800	0	0	0	1	0:00:01.192592
8820	2	2	2	1	0:00:01.236484
8840	2	7	7	0	0:00:01.214233
8860	2	2	2	1	0:00:01.198195
8880	1	1	1	1	0:00:01.190602
8900	2	4	4	0	0:00:01.174655
8920	6	6	6	1	0:00:01.175849
8940	6	3	3	0	0:00:01.185318
8960	0	2	2	0	0:00:01.180398
8980	9	9	9	1	0:00:01.202845
9000	8	8	8	1	0:00:01.225232
9020	7	7	7	1	0:00:01.215486
9040	2	5	5	0	0:00:01.202526
9060	9	9	9	1	0:00:01.193578
9080	3	3	3	1	0:00:01.185440
9100	9	1	1	0	0:00:01.189718
9120	3	3	2	1	0:00:01.191577
9140	7	7	7	1	0:00:01.174030
9160	5	3	3	0	0:00:01.208040
9180	5	5	5	1	0:00:01.208673
9200	8	8	8	1	0:00:01.178411
9220	8	8	8	1	0:00:01.135313
9240	8	8	8	1	0:00:01.129824
9260	5	5	5	1	0:00:01.130713
9280	9	9	8	1	0:00:01.125880
9300	5	3	3	0	0:00:01.122839
9320	9	9	9	1	0:00:01.186257
9340	1	1	1	1	0:00:01.191866
9360	5	-1	0	0	0:00:01.204117
9380	5	3	3	0	0:00:01.213793
9400	6	6	6	1	0:00:01.191376
9420	5	5	5	1	0:00:01.194561
9440	8	8	8	1	0:00:01.208760
9460	3	-1	7	0	0:00:01.193353
9480	2	2	2	1	0:00:01.208404
9500	9	9	9	1	0:00:01.185032
9520	1	1	1	1	0:00:01.188852
9540	5	5	5	1	0:00:01.189011
9560	9	7	7	0	0:00:01.240793
9580	1	1	1	1	0:00:01.195039
9600	8	8	8	1	0:00:01.193348
9620	4	4	4	1	0:00:01.189005
9640	5	5	5	1	0:00:01.206995
9660	6	6	6	1	0:00:01.193925
9680	8	8	8	1	0:00:01.194863
9700	0	0	0	1	0:00:01.168085
9720	8	1	1	0	0:00:01.171386
9740	3	6	6	0	0:00:01.191710
9760	9	7	7	0	0:00:01.160185
9780	4	6	4	0	0:00:01.157230
9800	1	1	1	1	0:00:01.158643
9820	0	8	8	0	0:00:01.169390
9840	4	7	7	0	0:00:01.192215
9860	0	0	0	1	0:00:01.191990
9880	7	8	8	0	0:00:01.189317
9900	8	8	8	1	0:00:01.204627
9920	6	6	6	1	0:00:01.221309
9940	4	6	6	0	0:00:01.221150
9960	2	0	0	0	0:00:01.193156
9980	0	0	0	1	0:00:01.156760
