idx	label	predict	basePredict	correct	time
0	3	3	3	1	0:00:15.814737
20	7	7	7	1	0:00:15.679424
40	4	4	4	1	0:00:15.668065
60	7	7	7	1	0:00:15.678752
80	8	8	8	1	0:00:15.671214
100	4	4	3	1	0:00:15.694114
120	8	8	8	1	0:00:15.762302
140	6	6	6	1	0:00:15.689120
160	2	2	2	1	0:00:15.682472
180	0	0	0	1	0:00:15.721329
200	5	5	5	1	0:00:15.678299
220	7	7	7	1	0:00:15.735236
240	1	1	1	1	0:00:15.742375
260	8	8	8	1	0:00:15.698206
280	9	9	9	1	0:00:15.754211
300	6	6	6	1	0:00:15.788894
320	3	3	3	1	0:00:15.682472
340	2	2	2	1	0:00:15.711872
360	9	9	9	1	0:00:15.697229
380	6	6	6	1	0:00:15.663379
400	9	9	9	1	0:00:15.696784
420	4	4	4	1	0:00:15.688073
440	1	1	1	1	0:00:15.671189
460	5	5	5	1	0:00:15.698660
480	8	8	8	1	0:00:15.749626
500	4	4	4	1	0:00:15.758553
520	5	5	5	1	0:00:15.737612
540	1	1	1	1	0:00:15.698823
560	0	0	0	1	0:00:15.731570
580	4	4	4	1	0:00:15.838501
600	8	8	8	1	0:00:15.682778
620	7	7	7	1	0:00:15.708692
640	5	3	3	0	0:00:15.691720
660	9	9	9	1	0:00:15.693249
680	9	3	3	0	0:00:15.668394
700	7	7	7	1	0:00:15.683458
720	4	4	4	1	0:00:15.700187
740	2	2	2	1	0:00:15.708533
760	3	3	3	1	0:00:15.714765
780	9	9	9	1	0:00:15.742078
800	7	7	7	1	0:00:15.761293
820	6	1	2	0	0:00:15.760233
840	7	7	7	1	0:00:15.746399
860	4	4	4	1	0:00:15.679930
880	8	8	8	1	0:00:15.724173
900	2	2	2	1	0:00:15.751627
920	6	6	6	1	0:00:15.652647
940	9	9	9	1	0:00:15.724995
960	9	9	9	1	0:00:15.706299
980	2	2	2	1	0:00:15.681183
1000	5	5	5	1	0:00:15.000414
1020	1	1	1	1	0:00:15.021619
1040	7	2	2	0	0:00:15.013293
1060	9	9	9	1	0:00:14.989883
1080	6	6	6	1	0:00:15.036925
1100	7	7	7	1	0:00:15.032289
1120	5	2	2	0	0:00:15.074805
1140	6	6	6	1	0:00:15.094733
1160	8	8	8	1	0:00:15.053046
1180	3	3	3	1	0:00:15.034589
1200	8	8	8	1	0:00:14.984212
1220	9	3	3	0	0:00:14.993603
1240	2	2	2	1	0:00:15.045845
1260	1	9	9	0	0:00:15.004825
1280	3	3	3	1	0:00:15.116447
1300	4	3	3	0	0:00:15.043907
1320	7	7	7	1	0:00:15.056865
1340	1	1	1	1	0:00:15.048223
1360	7	7	7	1	0:00:14.965709
1380	4	4	4	1	0:00:15.084740
1400	5	5	5	1	0:00:14.975736
1420	4	4	4	1	0:00:15.067490
1440	0	8	8	0	0:00:14.972626
1460	6	6	6	1	0:00:14.974220
1480	1	1	1	1	0:00:14.976412
1500	1	1	1	1	0:00:14.980895
1520	7	7	7	1	0:00:14.959380
1540	8	8	8	1	0:00:15.133574
1560	7	7	7	1	0:00:15.035958
1580	6	6	6	1	0:00:15.031308
1600	8	8	8	1	0:00:15.015824
1620	5	3	2	0	0:00:15.025039
1640	7	7	7	1	0:00:15.019078
1660	3	3	3	1	0:00:14.959056
1680	6	6	6	1	0:00:14.974894
1700	5	5	5	1	0:00:14.982823
1720	4	4	4	1	0:00:14.984052
1740	1	1	1	1	0:00:14.941886
1760	0	0	0	1	0:00:14.972518
1780	7	7	7	1	0:00:14.989212
1800	4	4	4	1	0:00:15.032870
1820	8	8	8	1	0:00:14.975371
1840	8	8	8	1	0:00:15.060618
1860	8	8	8	1	0:00:15.040303
1880	1	1	1	1	0:00:15.067370
1900	8	8	8	1	0:00:14.977131
1920	2	2	2	1	0:00:15.049028
1940	5	5	5	1	0:00:15.014394
1960	2	2	2	1	0:00:15.046804
1980	9	9	9	1	0:00:15.121215
2000	1	1	1	1	0:00:14.998778
2020	9	9	9	1	0:00:15.051534
2040	0	0	0	1	0:00:14.957613
2060	5	3	3	0	0:00:14.970769
2080	1	1	1	1	0:00:14.985849
2100	2	2	2	1	0:00:14.962177
2120	4	8	8	0	0:00:14.972207
2140	9	9	9	1	0:00:14.970916
2160	0	0	0	1	0:00:15.021114
2180	4	4	4	1	0:00:15.102388
2200	0	0	0	1	0:00:14.991827
2220	1	1	1	1	0:00:14.993172
2240	9	9	9	1	0:00:14.974295
2260	4	4	4	1	0:00:15.129919
2280	4	4	5	1	0:00:15.108190
2300	3	3	3	1	0:00:14.991239
2320	5	3	3	0	0:00:15.005550
2340	7	7	7	1	0:00:15.090441
2360	7	7	7	1	0:00:15.071134
2380	8	8	8	1	0:00:15.008797
2400	0	0	0	1	0:00:15.017428
2420	8	8	8	1	0:00:14.977036
2440	7	7	7	1	0:00:14.944322
2460	9	9	9	1	0:00:14.967214
2480	8	8	8	1	0:00:14.943437
2500	4	6	2	0	0:00:14.991631
2520	1	1	1	1	0:00:15.072317
2540	2	2	2	1	0:00:15.005291
2560	7	7	7	1	0:00:15.093112
2580	6	6	3	1	0:00:15.015657
2600	8	8	8	1	0:00:15.004259
2620	1	1	1	1	0:00:15.008554
2640	7	7	7	1	0:00:15.045861
2660	3	3	3	1	0:00:15.119658
2680	0	0	0	1	0:00:15.032244
2700	9	9	9	1	0:00:14.969443
2720	3	3	3	1	0:00:15.013760
2740	1	1	1	1	0:00:14.976284
2760	2	2	2	1	0:00:15.007043
2780	7	7	7	1	0:00:15.076145
2800	4	4	4	1	0:00:14.965453
2820	6	6	6	1	0:00:15.004523
2840	3	2	2	0	0:00:15.027590
2860	5	5	3	1	0:00:14.991090
2880	4	4	4	1	0:00:14.980371
2900	3	3	3	1	0:00:15.197400
2920	2	2	2	1	0:00:15.034865
2940	3	5	5	0	0:00:15.035121
2960	9	3	3	0	0:00:15.055567
2980	8	8	8	1	0:00:15.038277
3000	5	5	3	1	0:00:15.000147
3020	1	1	1	1	0:00:15.003140
3040	7	7	7	1	0:00:15.037457
3060	7	7	7	1	0:00:15.083335
3080	1	1	1	1	0:00:14.979258
3100	0	0	0	1	0:00:14.951751
3120	4	4	4	1	0:00:14.971850
3140	8	8	8	1	0:00:14.963705
3160	6	2	2	0	0:00:14.990459
3180	3	3	3	1	0:00:14.953515
3200	5	5	5	1	0:00:14.995475
3220	3	3	3	1	0:00:15.150625
3240	4	4	4	1	0:00:15.132122
3260	7	7	7	1	0:00:15.091368
3280	3	3	3	1	0:00:15.147295
3300	4	4	4	1	0:00:15.174631
3320	2	2	2	1	0:00:15.037739
3340	6	6	6	1	0:00:14.966718
3360	4	4	4	1	0:00:14.943687
3380	8	8	8	1	0:00:14.984325
3400	6	1	1	0	0:00:14.982033
3420	5	3	3	0	0:00:15.028377
3440	2	3	3	0	0:00:15.086029
3460	1	1	1	1	0:00:14.979652
3480	2	2	2	1	0:00:15.039001
3500	1	9	9	0	0:00:15.091588
3520	1	1	1	1	0:00:15.034025
3540	6	6	3	1	0:00:15.190371
3560	1	9	9	0	0:00:15.036340
3580	4	4	4	1	0:00:15.067790
3600	4	3	3	0	0:00:15.026640
3620	0	0	0	1	0:00:15.055115
3640	6	6	6	1	0:00:14.955917
3660	0	0	0	1	0:00:14.967694
3680	0	0	0	1	0:00:15.003696
3700	3	3	3	1	0:00:15.035472
3720	2	2	2	1	0:00:14.980179
3740	0	0	0	1	0:00:15.032519
3760	7	7	7	1	0:00:14.972210
3780	4	4	4	1	0:00:14.989598
3800	9	9	9	1	0:00:14.946079
3820	0	8	8	0	0:00:15.001207
3840	6	3	3	0	0:00:15.021796
3860	7	7	7	1	0:00:15.102035
3880	6	6	6	1	0:00:15.025220
3900	3	3	3	1	0:00:15.043430
3920	7	7	3	1	0:00:15.052386
3940	6	3	3	0	0:00:15.025825
3960	2	2	2	1	0:00:14.985466
3980	9	9	9	1	0:00:15.018790
4000	8	2	2	0	0:00:15.018929
4020	8	8	8	1	0:00:15.003361
4040	0	0	0	1	0:00:14.981986
4060	6	6	6	1	0:00:14.954416
4080	1	1	1	1	0:00:14.951439
4100	7	7	7	1	0:00:15.011028
4120	4	4	4	1	0:00:15.012976
4140	5	3	3	0	0:00:15.021406
4160	5	5	5	1	0:00:15.029552
4180	0	0	8	1	0:00:14.978047
4200	4	4	4	1	0:00:15.031658
4220	4	3	3	0	0:00:15.032877
4240	7	7	7	1	0:00:14.960909
4260	8	8	8	1	0:00:15.042612
4280	8	8	8	1	0:00:15.088729
4300	8	8	8	1	0:00:14.977431
4320	1	1	1	1	0:00:15.064037
4340	0	0	0	1	0:00:14.988012
4360	6	6	6	1	0:00:15.062844
4380	9	9	9	1	0:00:15.037208
4400	3	3	3	1	0:00:15.033131
4420	5	5	5	1	0:00:15.035148
4440	2	2	2	1	0:00:14.962691
4460	9	9	9	1	0:00:14.984408
4480	9	9	9	1	0:00:15.105753
4500	3	3	3	1	0:00:15.089714
4520	3	3	3	1	0:00:14.982196
4540	9	9	9	1	0:00:15.004557
4560	1	1	1	1	0:00:15.094775
4580	6	6	6	1	0:00:15.111378
4600	4	4	4	1	0:00:15.003987
4620	7	7	7	1	0:00:15.076362
4640	2	2	2	1	0:00:15.022228
4660	7	7	7	1	0:00:14.984571
4680	9	9	9	1	0:00:15.061119
4700	6	6	6	1	0:00:15.050776
4720	8	8	8	1	0:00:14.963152
4740	5	3	3	0	0:00:15.015085
4760	3	2	2	0	0:00:14.962173
4780	0	0	0	1	0:00:15.039385
4800	9	9	9	1	0:00:14.984807
4820	3	3	3	1	0:00:15.103484
4840	0	0	0	1	0:00:15.057222
4860	5	5	5	1	0:00:15.035786
4880	0	0	0	1	0:00:15.016629
4900	3	3	3	1	0:00:15.086981
4920	7	7	7	1	0:00:14.999397
4940	6	6	6	1	0:00:15.042668
4960	4	4	4	1	0:00:14.972525
4980	1	1	1	1	0:00:14.979788
5000	7	7	7	1	0:00:15.059185
5020	8	8	8	1	0:00:14.990940
5040	3	3	3	1	0:00:15.238888
5060	6	6	6	1	0:00:15.083077
5080	7	7	7	1	0:00:15.092131
5100	3	3	3	1	0:00:15.018138
5120	9	9	9	1	0:00:14.979661
5140	8	8	8	1	0:00:15.047125
5160	0	0	0	1	0:00:14.973280
5180	9	7	7	0	0:00:15.008658
5200	3	3	3	1	0:00:15.003241
5220	0	0	0	1	0:00:15.061518
5240	1	1	1	1	0:00:15.029197
5260	0	0	0	1	0:00:15.081112
5280	0	-1	8	0	0:00:15.034654
5300	9	9	9	1	0:00:15.024388
5320	7	7	7	1	0:00:15.011589
5340	3	3	3	1	0:00:14.951451
5360	9	9	9	1	0:00:14.951366
5380	1	1	1	1	0:00:15.048053
5400	9	9	9	1	0:00:14.994169
5420	6	6	6	1	0:00:15.013727
5440	9	9	9	1	0:00:14.977585
5460	0	0	0	1	0:00:15.010785
5480	1	1	1	1	0:00:15.006609
5500	8	8	8	1	0:00:15.056609
5520	4	4	4	1	0:00:15.062259
5540	5	5	5	1	0:00:15.000826
5560	3	3	6	1	0:00:15.070833
5580	5	3	3	0	0:00:14.984370
5600	6	3	3	0	0:00:14.975035
5620	3	3	3	1	0:00:14.976907
5640	2	2	2	1	0:00:14.977139
5660	9	9	9	1	0:00:14.953409
5680	2	2	2	1	0:00:15.047617
5700	3	3	3	1	0:00:15.035317
5720	9	9	9	1	0:00:15.054065
5740	6	6	6	1	0:00:14.971007
5760	2	2	2	1	0:00:14.978067
5780	7	7	7	1	0:00:15.013101
5800	2	2	2	1	0:00:15.019805
5820	5	5	5	1	0:00:14.985461
5840	2	2	7	1	0:00:14.969256
5860	0	8	8	0	0:00:15.033268
5880	0	0	0	1	0:00:15.063639
5900	4	4	4	1	0:00:15.013905
5920	8	8	8	1	0:00:14.977970
5940	7	7	7	1	0:00:14.985568
5960	2	6	5	0	0:00:14.955818
5980	9	9	9	1	0:00:15.010956
6000	8	8	8	1	0:00:14.994060
6020	6	6	6	1	0:00:15.047056
6040	2	7	2	0	0:00:14.965586
6060	3	3	3	1	0:00:15.004098
6080	1	1	1	1	0:00:15.045635
6100	1	1	1	1	0:00:15.063897
6120	5	5	5	1	0:00:15.039607
6140	9	9	9	1	0:00:15.058429
6160	2	2	2	1	0:00:15.143777
6180	0	0	0	1	0:00:15.006112
6200	3	3	3	1	0:00:15.013939
6220	2	2	2	1	0:00:15.094625
6240	2	2	2	1	0:00:14.983972
6260	2	2	2	1	0:00:15.067826
6280	8	8	8	1	0:00:14.954548
6300	1	1	1	1	0:00:14.961862
6320	0	0	0	1	0:00:14.997161
6340	3	3	3	1	0:00:14.998358
6360	2	2	2	1	0:00:14.990912
6380	3	3	3	1	0:00:15.061423
6400	0	0	0	1	0:00:15.047542
6420	7	7	7	1	0:00:15.028995
6440	3	3	3	1	0:00:14.986621
6460	3	3	3	1	0:00:15.074948
6480	0	0	0	1	0:00:14.999794
6500	7	3	3	0	0:00:15.033217
6520	6	6	2	1	0:00:15.076281
6540	8	8	8	1	0:00:15.019024
6560	6	6	6	1	0:00:14.968370
6580	1	1	1	1	0:00:14.978079
6600	7	7	7	1	0:00:14.962382
6620	7	7	7	1	0:00:15.062678
6640	5	3	3	0	0:00:14.997420
6660	0	0	0	1	0:00:14.997200
6680	3	3	3	1	0:00:14.999384
6700	6	6	6	1	0:00:15.022731
6720	2	2	2	1	0:00:14.944078
6740	2	2	2	1	0:00:15.057825
6760	5	5	5	1	0:00:15.040433
6780	7	7	7	1	0:00:14.982559
6800	6	6	2	1	0:00:15.030462
6820	1	1	1	1	0:00:15.049293
6840	9	9	9	1	0:00:15.016546
6860	0	0	0	1	0:00:15.081688
6880	2	2	2	1	0:00:15.059192
6900	3	3	3	1	0:00:14.977361
6920	5	5	2	1	0:00:14.965787
6940	1	1	1	1	0:00:14.966172
6960	9	9	9	1	0:00:15.007216
6980	0	0	0	1	0:00:15.034373
7000	2	8	8	0	0:00:14.950214
7020	7	7	7	1	0:00:14.965526
7040	7	0	0	0	0:00:14.999501
7060	8	8	8	1	0:00:14.981412
7080	5	3	3	0	0:00:14.997005
7100	9	9	3	1	0:00:14.969405
7120	7	7	7	1	0:00:15.051053
7140	4	4	4	1	0:00:15.012049
7160	5	5	5	1	0:00:15.049525
7180	6	6	6	1	0:00:15.040700
7200	4	3	3	0	0:00:15.058657
7220	9	9	9	1	0:00:15.008844
7240	0	0	0	1	0:00:14.985329
7260	1	1	1	1	0:00:15.024614
7280	1	9	9	0	0:00:15.066103
7300	3	3	3	1	0:00:15.053508
7320	8	8	8	1	0:00:15.022403
7340	2	2	2	1	0:00:15.011834
7360	2	2	2	1	0:00:15.003395
7380	7	7	7	1	0:00:15.003078
7400	3	3	3	1	0:00:14.964834
7420	3	3	3	1	0:00:14.975976
7440	3	3	3	1	0:00:14.979281
7460	5	5	5	1	0:00:14.990170
7480	1	1	1	1	0:00:15.014366
7500	6	6	6	1	0:00:15.091854
7520	4	4	4	1	0:00:15.035473
7540	5	5	5	1	0:00:15.078822
7560	0	0	0	1	0:00:15.066173
7580	8	8	8	1	0:00:14.997756
7600	8	2	2	0	0:00:14.999836
7620	5	3	3	0	0:00:15.039621
7640	9	8	8	0	0:00:14.955886
7660	7	7	7	1	0:00:15.019014
7680	3	5	5	0	0:00:15.041642
7700	6	6	6	1	0:00:15.056174
7720	5	5	5	1	0:00:15.015177
7740	4	4	4	1	0:00:14.976067
7760	2	2	2	1	0:00:14.972021
7780	3	8	8	0	0:00:15.047441
7800	0	0	0	1	0:00:15.029487
7820	5	3	3	0	0:00:15.112087
7840	1	1	1	1	0:00:15.035399
7860	8	8	8	1	0:00:15.009334
7880	0	0	0	1	0:00:15.031013
7900	0	0	0	1	0:00:14.994266
7920	9	9	9	1	0:00:14.957985
7940	2	2	2	1	0:00:15.037886
7960	0	0	0	1	0:00:15.052998
7980	3	3	3	1	0:00:14.954515
8000	9	9	9	1	0:00:15.024204
8020	6	3	3	0	0:00:15.092905
8040	2	2	2	1	0:00:15.007917
8060	6	6	6	1	0:00:15.017757
8080	4	4	4	1	0:00:14.954269
8100	6	6	6	1	0:00:14.981781
8120	8	8	8	1	0:00:14.981803
8140	5	5	5	1	0:00:15.093531
8160	6	6	6	1	0:00:15.073737
8180	4	-1	2	0	0:00:15.015954
8200	3	0	0	0	0:00:15.070338
8220	6	6	6	1	0:00:15.052487
8240	7	7	7	1	0:00:15.024562
8260	1	1	1	1	0:00:15.072069
8280	4	4	4	1	0:00:15.003513
8300	5	7	3	0	0:00:14.952401
8320	7	7	7	1	0:00:14.942986
8340	5	5	5	1	0:00:14.983283
8360	7	7	7	1	0:00:14.965515
8380	9	9	9	1	0:00:14.975371
8400	0	0	0	1	0:00:14.927827
8420	3	6	3	0	0:00:15.041937
8440	5	5	5	1	0:00:14.960607
8460	8	8	8	1	0:00:14.939676
8480	2	2	2	1	0:00:14.927526
8500	4	4	4	1	0:00:14.941759
8520	8	8	8	1	0:00:15.019866
8540	4	4	2	1	0:00:15.035562
8560	7	7	7	1	0:00:15.015108
8580	3	5	5	0	0:00:15.022333
8600	3	3	3	1	0:00:15.043254
8620	3	3	3	1	0:00:15.070930
8640	1	1	1	1	0:00:15.045435
8660	7	7	7	1	0:00:14.968170
8680	3	3	3	1	0:00:14.943715
8700	3	5	5	0	0:00:14.953196
8720	2	2	2	1	0:00:15.017685
8740	2	2	2	1	0:00:14.962991
8760	8	8	8	1	0:00:14.948189
8780	4	4	4	1	0:00:14.966848
8800	0	0	0	1	0:00:14.961004
8820	2	2	2	1	0:00:15.033714
8840	2	7	2	0	0:00:14.963258
8860	2	2	2	1	0:00:15.027464
8880	1	1	1	1	0:00:14.926604
8900	2	2	2	1	0:00:14.947988
8920	6	6	6	1	0:00:15.033047
8940	6	6	6	1	0:00:15.106278
8960	0	0	0	1	0:00:15.050009
8980	9	9	9	1	0:00:14.948359
9000	8	8	8	1	0:00:14.940285
9020	7	7	7	1	0:00:15.041606
9040	2	5	2	0	0:00:15.031780
9060	9	9	9	1	0:00:14.967423
9080	3	3	3	1	0:00:14.961432
9100	9	1	1	0	0:00:14.930988
9120	3	3	3	1	0:00:14.992175
9140	7	7	7	1	0:00:14.961177
9160	5	3	3	0	0:00:14.947625
9180	5	5	5	1	0:00:14.992225
9200	8	8	8	1	0:00:14.928253
9220	8	8	8	1	0:00:14.993437
9240	8	8	8	1	0:00:14.973321
9260	5	3	3	0	0:00:15.056107
9280	9	9	9	1	0:00:15.041094
9300	5	4	4	0	0:00:15.074560
9320	9	9	9	1	0:00:14.984174
9340	1	1	1	1	0:00:14.971882
9360	5	5	5	1	0:00:15.018157
9380	5	3	3	0	0:00:15.026976
9400	6	6	6	1	0:00:14.940628
9420	5	5	5	1	0:00:14.991990
9440	8	8	8	1	0:00:15.025437
9460	3	3	3	1	0:00:14.959170
9480	2	2	2	1	0:00:14.937780
9500	9	9	9	1	0:00:14.953745
9520	1	1	1	1	0:00:15.041250
9540	5	5	5	1	0:00:14.948036
9560	9	7	9	0	0:00:14.963465
9580	1	1	1	1	0:00:14.933841
9600	8	8	8	1	0:00:14.975319
9620	4	4	4	1	0:00:15.018424
9640	5	5	5	1	0:00:15.058228
9660	6	6	6	1	0:00:15.026021
9680	8	8	8	1	0:00:15.017453
9700	0	0	0	1	0:00:15.022646
9720	8	8	8	1	0:00:15.027123
9740	3	6	3	0	0:00:15.022492
9760	9	9	2	1	0:00:15.032648
9780	4	4	2	1	0:00:14.964069
9800	1	1	1	1	0:00:14.951152
9820	0	0	0	1	0:00:14.978660
9840	4	7	7	0	0:00:14.939538
9860	0	0	0	1	0:00:15.024166
9880	7	7	7	1	0:00:15.044182
9900	8	8	8	1	0:00:14.991716
9920	6	6	6	1	0:00:15.075774
9940	4	4	4	1	0:00:15.040634
9960	2	0	0	0	0:00:15.051395
9980	0	0	0	1	0:00:14.950246
