idx	label	predict	basePredict	correct	time
0	3	4	4	0	0:00:16.907590
20	7	9	9	0	0:00:15.739157
40	4	-1	8	0	0:00:16.054801
60	7	7	4	1	0:00:15.777074
80	8	8	8	1	0:00:15.747644
100	4	5	5	0	0:00:15.728098
120	8	8	8	1	0:00:15.930552
140	6	2	2	0	0:00:15.708347
160	2	2	2	1	0:00:15.797237
180	0	0	0	1	0:00:15.863107
200	5	3	3	0	0:00:15.711310
220	7	7	7	1	0:00:15.816756
240	1	1	1	1	0:00:15.759043
260	8	5	5	0	0:00:15.758326
280	9	9	9	1	0:00:15.784560
300	6	6	6	1	0:00:15.733991
320	3	5	2	0	0:00:15.747926
340	2	4	4	0	0:00:15.667591
360	9	6	6	0	0:00:15.713908
380	6	6	4	1	0:00:15.754563
400	9	1	1	0	0:00:15.723149
420	4	6	6	0	0:00:15.681694
440	1	1	1	1	0:00:15.680557
460	5	5	5	1	0:00:15.845241
480	8	9	9	0	0:00:15.700723
500	4	6	6	0	0:00:15.817552
520	5	7	7	0	0:00:16.048454
540	1	8	8	0	0:00:15.812736
560	0	0	0	1	0:00:15.753384
580	4	6	6	0	0:00:15.767318
600	8	8	8	1	0:00:15.703023
620	7	6	6	0	0:00:15.729545
640	5	3	3	0	0:00:15.766672
660	9	9	9	1	0:00:15.705083
680	9	1	1	0	0:00:15.714607
700	7	7	7	1	0:00:15.847276
720	4	9	7	0	0:00:15.801018
740	2	5	5	0	0:00:15.988870
760	3	9	9	0	0:00:15.875460
780	9	9	8	1	0:00:15.818392
800	7	7	7	1	0:00:15.856516
820	6	9	9	0	0:00:16.112858
840	7	7	7	1	0:00:15.731037
860	4	6	6	0	0:00:15.743733
880	8	8	8	1	0:00:15.753803
900	2	6	6	0	0:00:16.454789
920	6	2	2	0	0:00:15.836087
940	9	1	1	0	0:00:15.770896
960	9	9	8	1	0:00:15.727283
980	2	6	6	0	0:00:15.742694
1000	5	5	5	1	0:00:14.970450
1020	1	1	1	1	0:00:15.018893
1040	7	5	5	0	0:00:14.968706
1060	9	9	9	1	0:00:14.978433
1080	6	6	6	1	0:00:14.972700
1100	7	8	8	0	0:00:14.977473
1120	5	2	2	0	0:00:15.016614
1140	6	6	6	1	0:00:15.011236
1160	8	0	0	0	0:00:15.000094
1180	3	9	9	0	0:00:15.030720
1200	8	0	0	0	0:00:14.995113
1220	9	7	2	0	0:00:14.973059
1240	2	6	6	0	0:00:14.927826
1260	1	9	9	0	0:00:14.966245
1280	3	7	7	0	0:00:14.988090
1300	4	6	6	0	0:00:14.960500
1320	7	7	7	1	0:00:15.031647
1340	1	1	1	1	0:00:14.973671
1360	7	-1	2	0	0:00:15.033982
1380	4	5	5	0	0:00:15.059717
1400	5	5	6	1	0:00:15.051911
1420	4	7	7	0	0:00:14.961507
1440	0	8	0	0	0:00:14.986310
1460	6	6	6	1	0:00:14.997115
1480	1	5	5	0	0:00:14.993105
1500	1	9	9	0	0:00:15.007103
1520	7	6	6	0	0:00:14.997701
1540	8	8	8	1	0:00:15.033488
1560	7	7	7	1	0:00:14.950472
1580	6	1	1	0	0:00:15.008967
1600	8	9	6	0	0:00:14.963370
1620	5	8	8	0	0:00:14.972031
1640	7	5	5	0	0:00:14.955842
1660	3	5	5	0	0:00:15.022867
1680	6	6	6	1	0:00:14.985665
1700	5	2	2	0	0:00:14.985226
1720	4	0	0	0	0:00:14.942800
1740	1	9	9	0	0:00:14.978184
1760	0	8	8	0	0:00:14.996804
1780	7	8	8	0	0:00:15.010616
1800	4	8	8	0	0:00:15.018789
1820	8	1	1	0	0:00:14.978656
1840	8	7	7	0	0:00:15.002657
1860	8	8	8	1	0:00:14.997139
1880	1	1	1	1	0:00:14.966402
1900	8	8	8	1	0:00:14.936553
1920	2	2	2	1	0:00:14.985726
1940	5	2	2	0	0:00:14.979782
1960	2	5	5	0	0:00:14.979647
1980	9	9	9	1	0:00:15.023085
2000	1	6	6	0	0:00:14.994962
2020	9	9	9	1	0:00:14.974674
2040	0	8	8	0	0:00:15.019278
2060	5	5	5	1	0:00:14.960555
2080	1	1	1	1	0:00:15.018984
2100	2	4	4	0	0:00:14.971430
2120	4	8	8	0	0:00:15.025239
2140	9	9	1	1	0:00:15.024458
2160	0	8	8	0	0:00:14.964946
2180	4	6	6	0	0:00:14.964226
2200	0	0	0	1	0:00:14.963122
2220	1	1	1	1	0:00:15.013119
2240	9	9	9	1	0:00:14.998087
2260	4	-1	4	0	0:00:14.988293
2280	4	8	8	0	0:00:14.978457
2300	3	6	6	0	0:00:14.955797
2320	5	2	0	0	0:00:14.970164
2340	7	7	7	1	0:00:15.048584
2360	7	7	7	1	0:00:14.954816
2380	8	8	8	1	0:00:14.999291
2400	0	4	4	0	0:00:14.975632
2420	8	5	5	0	0:00:14.971580
2440	7	1	8	0	0:00:14.948638
2460	9	9	6	1	0:00:14.947067
2480	8	8	8	1	0:00:14.998913
2500	4	6	4	0	0:00:14.987805
2520	1	8	8	0	0:00:14.966976
2540	2	3	3	0	0:00:14.951429
2560	7	6	2	0	0:00:14.952066
2580	6	6	4	1	0:00:14.974635
2600	8	8	8	1	0:00:14.956661
2620	1	6	4	0	0:00:14.958983
2640	7	7	7	1	0:00:14.950229
2660	3	0	0	0	0:00:15.000924
2680	0	0	0	1	0:00:14.987557
2700	9	3	3	0	0:00:14.965706
2720	3	8	8	0	0:00:15.019615
2740	1	1	1	1	0:00:14.971219
2760	2	6	6	0	0:00:14.968343
2780	7	7	7	1	0:00:14.961686
2800	4	6	6	0	0:00:14.978745
2820	6	6	6	1	0:00:15.029291
2840	3	7	7	0	0:00:14.994815
2860	5	7	7	0	0:00:15.003820
2880	4	4	4	1	0:00:14.949124
2900	3	5	5	0	0:00:14.980655
2920	2	3	8	0	0:00:14.989082
2940	3	0	0	0	0:00:15.012660
2960	9	9	9	1	0:00:15.002119
2980	8	1	1	0	0:00:14.991583
3000	5	5	5	1	0:00:14.987518
3020	1	1	1	1	0:00:14.985438
3040	7	7	7	1	0:00:15.026366
3060	7	7	7	1	0:00:15.005812
3080	1	6	2	0	0:00:14.994131
3100	0	0	0	1	0:00:14.960422
3120	4	6	6	0	0:00:14.971503
3140	8	8	8	1	0:00:14.971358
3160	6	4	4	0	0:00:14.941324
3180	3	9	8	0	0:00:14.947839
3200	5	7	7	0	0:00:14.992289
3220	3	9	9	0	0:00:14.993724
3240	4	1	8	0	0:00:14.936312
3260	7	7	7	1	0:00:14.949871
3280	3	5	0	0	0:00:14.956532
3300	4	6	6	0	0:00:15.015449
3320	2	7	7	0	0:00:14.941240
3340	6	6	6	1	0:00:14.988541
3360	4	6	6	0	0:00:14.997756
3380	8	8	8	1	0:00:14.974082
3400	6	1	1	0	0:00:14.935137
3420	5	6	6	0	0:00:14.937500
3440	2	9	9	0	0:00:14.942411
3460	1	1	1	1	0:00:14.974850
3480	2	2	2	1	0:00:14.948931
3500	1	1	1	1	0:00:15.005443
3520	1	1	1	1	0:00:14.945565
3540	6	6	8	1	0:00:14.989351
3560	1	9	9	0	0:00:15.004664
3580	4	1	1	0	0:00:14.959455
3600	4	2	2	0	0:00:14.976345
3620	0	7	6	0	0:00:14.979441
3640	6	2	2	0	0:00:14.971204
3660	0	8	8	0	0:00:14.972136
3680	0	2	2	0	0:00:14.949043
3700	3	5	5	0	0:00:14.973023
3720	2	2	2	1	0:00:14.960208
3740	0	0	0	1	0:00:14.944551
3760	7	7	7	1	0:00:15.015719
3780	4	2	2	0	0:00:15.001720
3800	9	3	3	0	0:00:14.964445
3820	0	0	0	1	0:00:14.953079
3840	6	5	5	0	0:00:14.949561
3860	7	7	7	1	0:00:14.957726
3880	6	4	4	0	0:00:14.949961
3900	3	0	6	0	0:00:14.951074
3920	7	8	8	0	0:00:14.972779
3940	6	6	4	1	0:00:14.958908
3960	2	5	5	0	0:00:14.951117
3980	9	7	7	0	0:00:14.954000
4000	8	7	0	0	0:00:14.979656
4020	8	8	8	1	0:00:15.042861
4040	0	0	0	1	0:00:14.947652
4060	6	6	0	1	0:00:14.960808
4080	1	1	8	1	0:00:14.970041
4100	7	7	7	1	0:00:15.017448
4120	4	0	0	0	0:00:14.967352
4140	5	5	3	1	0:00:14.970752
4160	5	2	2	0	0:00:14.972544
4180	0	0	8	1	0:00:14.968043
4200	4	2	2	0	0:00:14.988977
4220	4	0	0	0	0:00:15.042446
4240	7	8	8	0	0:00:15.063392
4260	8	8	8	1	0:00:15.023841
4280	8	8	8	1	0:00:15.016573
4300	8	8	8	1	0:00:14.998421
4320	1	8	8	0	0:00:14.995234
4340	0	0	0	1	0:00:14.976935
4360	6	9	9	0	0:00:14.987636
4380	9	9	9	1	0:00:14.992844
4400	3	6	8	0	0:00:14.983621
4420	5	8	8	0	0:00:15.044245
4440	2	6	6	0	0:00:15.013323
4460	9	1	8	0	0:00:15.002283
4480	9	9	6	1	0:00:15.054654
4500	3	7	6	0	0:00:14.974082
4520	3	6	6	0	0:00:15.032096
4540	9	9	9	1	0:00:14.987863
4560	1	1	1	1	0:00:14.971633
4580	6	6	6	1	0:00:15.038656
4600	4	7	7	0	0:00:15.003830
4620	7	3	3	0	0:00:14.994492
4640	2	5	5	0	0:00:15.016566
4660	7	6	2	0	0:00:15.015660
4680	9	1	1	0	0:00:14.983710
4700	6	1	4	0	0:00:14.979063
4720	8	0	0	0	0:00:14.965145
4740	5	6	6	0	0:00:14.971323
4760	3	2	2	0	0:00:14.965298
4780	0	0	0	1	0:00:14.948560
4800	9	9	9	1	0:00:15.003181
4820	3	5	5	0	0:00:15.009391
4840	0	0	0	1	0:00:14.980371
4860	5	5	5	1	0:00:14.955110
4880	0	2	2	0	0:00:14.960054
4900	3	1	1	0	0:00:14.952192
4920	7	7	7	1	0:00:14.970127
4940	6	6	2	1	0:00:14.995074
4960	4	6	6	0	0:00:14.957871
4980	1	9	9	0	0:00:14.995234
5000	7	7	7	1	0:00:15.035053
5020	8	8	8	1	0:00:14.955135
5040	3	4	4	0	0:00:14.961969
5060	6	6	6	1	0:00:14.971039
5080	7	7	7	1	0:00:14.961725
5100	3	4	4	0	0:00:15.010653
5120	9	8	8	0	0:00:15.011319
5140	8	8	8	1	0:00:14.968502
5160	0	8	8	0	0:00:14.956728
5180	9	6	6	0	0:00:14.937237
5200	3	3	3	1	0:00:14.939586
5220	0	0	0	1	0:00:14.993737
5240	1	9	9	0	0:00:14.973696
5260	0	0	0	1	0:00:15.051078
5280	0	8	8	0	0:00:14.947500
5300	9	1	1	0	0:00:14.956478
5320	7	7	7	1	0:00:14.950481
5340	3	2	2	0	0:00:14.969258
5360	9	9	9	1	0:00:14.995451
5380	1	9	9	0	0:00:14.965416
5400	9	0	0	0	0:00:14.987458
5420	6	6	6	1	0:00:14.952193
5440	9	9	9	1	0:00:15.006694
5460	0	0	2	1	0:00:14.976439
5480	1	1	8	1	0:00:14.997478
5500	8	1	8	0	0:00:14.962253
5520	4	5	5	0	0:00:14.954373
5540	5	6	6	0	0:00:14.980391
5560	3	6	6	0	0:00:14.985503
5580	5	6	6	0	0:00:14.962078
5600	6	8	8	0	0:00:14.976141
5620	3	4	4	0	0:00:14.980773
5640	2	3	3	0	0:00:14.946064
5660	9	9	8	1	0:00:14.959626
5680	2	1	8	0	0:00:14.944662
5700	3	6	6	0	0:00:14.990663
5720	9	9	9	1	0:00:14.984073
5740	6	6	6	1	0:00:14.960458
5760	2	2	8	1	0:00:14.956009
5780	7	7	7	1	0:00:14.959550
5800	2	6	6	0	0:00:14.943045
5820	5	6	6	0	0:00:14.975354
5840	2	6	6	0	0:00:14.962976
5860	0	8	8	0	0:00:14.962426
5880	0	8	0	0	0:00:14.975831
5900	4	4	4	1	0:00:14.953583
5920	8	8	8	1	0:00:14.955953
5940	7	4	4	0	0:00:14.946840
5960	2	7	7	0	0:00:15.006672
5980	9	9	9	1	0:00:14.966141
6000	8	9	8	0	0:00:15.013916
6020	6	6	6	1	0:00:14.986574
6040	2	7	7	0	0:00:14.993103
6060	3	6	4	0	0:00:15.018949
6080	1	1	1	1	0:00:14.965123
6100	1	1	8	1	0:00:14.952122
6120	5	5	5	1	0:00:14.997881
6140	9	9	9	1	0:00:14.945919
6160	2	5	5	0	0:00:14.946135
6180	0	8	8	0	0:00:14.958921
6200	3	3	3	1	0:00:14.951614
6220	2	6	6	0	0:00:14.939706
6240	2	6	6	0	0:00:14.976465
6260	2	9	9	0	0:00:14.972534
6280	8	5	5	0	0:00:14.954521
6300	1	7	4	0	0:00:15.006582
6320	0	0	0	1	0:00:14.981297
6340	3	3	3	1	0:00:15.019277
6360	2	2	2	1	0:00:15.006775
6380	3	1	6	0	0:00:14.993691
6400	0	1	1	0	0:00:15.012234
6420	7	7	7	1	0:00:14.977077
6440	3	8	8	0	0:00:14.955583
6460	3	1	1	0	0:00:14.988427
6480	0	0	0	1	0:00:14.988885
6500	7	0	0	0	0:00:14.980998
6520	6	6	4	1	0:00:14.986986
6540	8	8	8	1	0:00:15.039856
6560	6	6	6	1	0:00:14.986157
6580	1	8	8	0	0:00:14.983032
6600	7	7	7	1	0:00:14.959696
6620	7	7	7	1	0:00:14.948073
6640	5	3	3	0	0:00:15.015984
6660	0	0	0	1	0:00:15.009158
6680	3	3	3	1	0:00:14.957282
6700	6	6	6	1	0:00:14.962371
6720	2	2	2	1	0:00:14.939275
6740	2	6	6	0	0:00:14.951995
6760	5	5	2	1	0:00:14.939393
6780	7	7	7	1	0:00:14.956217
6800	6	6	6	1	0:00:14.955634
6820	1	1	1	1	0:00:14.991241
6840	9	1	1	0	0:00:14.994222
6860	0	0	0	1	0:00:14.969198
6880	2	7	7	0	0:00:14.962928
6900	3	7	7	0	0:00:14.951233
6920	5	2	2	0	0:00:14.938031
6940	1	1	1	1	0:00:14.944472
6960	9	8	8	0	0:00:14.948391
6980	0	9	9	0	0:00:15.015349
7000	2	8	8	0	0:00:14.944875
7020	7	7	7	1	0:00:14.953556
7040	7	8	8	0	0:00:14.958773
7060	8	8	8	1	0:00:14.953970
7080	5	4	4	0	0:00:14.947380
7100	9	3	3	0	0:00:14.948857
7120	7	7	7	1	0:00:14.944894
7140	4	4	4	1	0:00:14.955465
7160	5	4	4	0	0:00:14.940262
7180	6	6	6	1	0:00:14.949170
7200	4	6	6	0	0:00:14.936553
7220	9	8	8	0	0:00:14.960246
7240	0	8	8	0	0:00:14.940373
7260	1	8	8	0	0:00:15.010699
7280	1	1	6	1	0:00:14.977791
7300	3	7	0	0	0:00:14.953549
7320	8	0	0	0	0:00:14.953742
7340	2	4	4	0	0:00:14.961231
7360	2	7	5	0	0:00:14.985151
7380	7	7	7	1	0:00:15.004514
7400	3	9	9	0	0:00:15.048941
7420	3	0	0	0	0:00:15.029925
7440	3	6	6	0	0:00:14.987903
7460	5	5	5	1	0:00:14.979708
7480	1	5	5	0	0:00:15.002567
7500	6	6	6	1	0:00:14.993587
7520	4	6	6	0	0:00:14.965355
7540	5	5	5	1	0:00:15.009527
7560	0	6	2	0	0:00:15.039177
7580	8	8	8	1	0:00:14.981357
7600	8	9	9	0	0:00:14.961029
7620	5	3	3	0	0:00:15.002042
7640	9	9	8	1	0:00:14.952269
7660	7	1	1	0	0:00:14.952055
7680	3	9	9	0	0:00:14.967158
7700	6	6	6	1	0:00:14.972633
7720	5	6	6	0	0:00:14.957386
7740	4	6	2	0	0:00:14.965696
7760	2	9	9	0	0:00:14.944246
7780	3	1	1	0	0:00:14.962890
7800	0	0	0	1	0:00:14.945550
7820	5	8	8	0	0:00:14.952011
7840	1	1	1	1	0:00:14.982153
7860	8	1	4	0	0:00:14.984967
7880	0	2	2	0	0:00:14.946534
7900	0	8	8	0	0:00:14.955098
7920	9	8	8	0	0:00:14.941622
7940	2	6	6	0	0:00:14.966161
7960	0	0	0	1	0:00:15.004254
7980	3	7	7	0	0:00:14.948078
8000	9	9	9	1	0:00:14.967724
8020	6	6	6	1	0:00:14.990291
8040	2	6	6	0	0:00:14.949850
8060	6	6	6	1	0:00:14.947475
8080	4	6	6	0	0:00:14.947990
8100	6	2	2	0	0:00:14.952130
8120	8	9	8	0	0:00:14.989317
8140	5	6	6	0	0:00:15.018411
8160	6	9	6	0	0:00:14.966084
8180	4	6	6	0	0:00:15.026007
8200	3	6	6	0	0:00:14.952180
8220	6	6	6	1	0:00:14.952118
8240	7	7	7	1	0:00:14.960715
8260	1	1	1	1	0:00:14.961597
8280	4	5	5	0	0:00:14.934312
8300	5	2	2	0	0:00:14.945476
8320	7	4	4	0	0:00:14.986719
8340	5	5	5	1	0:00:15.012987
8360	7	7	7	1	0:00:14.940900
8380	9	8	8	0	0:00:14.963668
8400	0	8	8	0	0:00:14.988900
8420	3	6	4	0	0:00:14.983507
8440	5	3	4	0	0:00:14.941808
8460	8	8	8	1	0:00:14.962193
8480	2	1	8	0	0:00:14.936937
8500	4	2	2	0	0:00:15.030572
8520	8	6	6	0	0:00:14.963622
8540	4	6	4	0	0:00:14.996049
8560	7	7	7	1	0:00:14.988436
8580	3	1	1	0	0:00:14.981789
8600	3	7	7	0	0:00:15.013408
8620	3	4	4	0	0:00:14.981243
8640	1	1	1	1	0:00:14.971968
8660	7	5	5	0	0:00:15.003918
8680	3	9	9	0	0:00:14.980186
8700	3	5	5	0	0:00:14.937235
8720	2	0	0	0	0:00:14.948514
8740	2	6	6	0	0:00:14.974804
8760	8	8	8	1	0:00:14.958569
8780	4	4	4	1	0:00:15.005468
8800	0	0	0	1	0:00:14.972012
8820	2	2	2	1	0:00:14.962925
8840	2	1	1	0	0:00:14.970759
8860	2	2	2	1	0:00:14.963189
8880	1	1	6	1	0:00:14.944623
8900	2	6	4	0	0:00:14.965128
8920	6	6	6	1	0:00:14.945590
8940	6	3	3	0	0:00:14.959038
8960	0	0	0	1	0:00:14.960599
8980	9	9	9	1	0:00:14.990093
9000	8	8	8	1	0:00:14.947511
9020	7	7	7	1	0:00:15.000609
9040	2	5	5	0	0:00:15.005352
9060	9	5	5	0	0:00:14.950582
9080	3	0	0	0	0:00:14.956435
9100	9	6	6	0	0:00:14.950524
9120	3	0	0	0	0:00:14.942302
9140	7	8	8	0	0:00:14.950586
9160	5	5	5	1	0:00:14.950955
9180	5	5	5	1	0:00:14.952222
9200	8	8	8	1	0:00:15.010909
9220	8	8	8	1	0:00:14.945834
9240	8	8	8	1	0:00:14.947102
9260	5	5	5	1	0:00:14.956652
9280	9	0	8	0	0:00:14.943213
9300	5	5	5	1	0:00:14.961659
9320	9	9	8	1	0:00:14.956578
9340	1	1	1	1	0:00:14.953960
9360	5	0	6	0	0:00:14.987923
9380	5	9	9	0	0:00:14.974766
9400	6	6	6	1	0:00:14.961300
9420	5	5	6	1	0:00:14.984552
9440	8	8	8	1	0:00:14.981409
9460	3	6	6	0	0:00:14.952027
9480	2	4	4	0	0:00:14.939354
9500	9	1	1	0	0:00:14.957750
9520	1	1	1	1	0:00:14.970045
9540	5	5	5	1	0:00:15.030009
9560	9	7	7	0	0:00:14.950599
9580	1	4	4	0	0:00:14.956756
9600	8	8	8	1	0:00:14.947660
9620	4	7	7	0	0:00:15.007972
9640	5	-1	0	0	0:00:14.961231
9660	6	6	6	1	0:00:14.958729
9680	8	8	8	1	0:00:14.978651
9700	0	0	0	1	0:00:15.019946
9720	8	6	6	0	0:00:14.985001
9740	3	6	6	0	0:00:14.962205
9760	9	9	7	1	0:00:14.963636
9780	4	6	6	0	0:00:14.973138
9800	1	1	1	1	0:00:14.967877
9820	0	8	8	0	0:00:15.016656
9840	4	7	7	0	0:00:15.037352
9860	0	2	8	0	0:00:15.048756
9880	7	4	4	0	0:00:15.038341
9900	8	0	0	0	0:00:15.005291
9920	6	6	6	1	0:00:14.990165
9940	4	5	5	0	0:00:14.980070
9960	2	0	0	0	0:00:14.991737
9980	0	0	0	1	0:00:15.004122
