idx	label	predict	basePredict	correct	time
0	3	4	4	0	0:00:01.145930
20	7	9	9	0	0:00:01.089330
40	4	-1	8	0	0:00:01.060072
60	7	7	2	1	0:00:01.031654
80	8	8	8	1	0:00:01.063299
100	4	5	5	0	0:00:01.066674
120	8	8	8	1	0:00:01.045641
140	6	2	2	0	0:00:01.043124
160	2	2	2	1	0:00:01.057496
180	0	0	0	1	0:00:01.062173
200	5	3	3	0	0:00:01.055965
220	7	7	7	1	0:00:01.109015
240	1	1	1	1	0:00:01.076941
260	8	5	5	0	0:00:01.062694
280	9	9	9	1	0:00:01.067805
300	6	6	4	1	0:00:01.063563
320	3	5	5	0	0:00:01.072051
340	2	4	4	0	0:00:01.063402
360	9	-1	6	0	0:00:01.061531
380	6	6	8	1	0:00:01.057628
400	9	9	9	1	0:00:01.065037
420	4	6	6	0	0:00:01.060260
440	1	1	1	1	0:00:01.047579
460	5	5	5	1	0:00:01.045895
480	8	9	9	0	0:00:01.063357
500	4	-1	2	0	0:00:01.038477
520	5	7	7	0	0:00:01.046440
540	1	9	8	0	0:00:01.033942
560	0	0	0	1	0:00:01.049533
580	4	6	4	0	0:00:01.059591
600	8	8	8	1	0:00:01.058610
620	7	-1	4	0	0:00:01.161686
640	5	3	3	0	0:00:01.014993
660	9	9	9	1	0:00:01.046394
680	9	-1	1	0	0:00:01.035450
700	7	7	7	1	0:00:01.055389
720	4	9	7	0	0:00:01.046611
740	2	5	5	0	0:00:01.045831
760	3	9	7	0	0:00:01.038640
780	9	9	8	1	0:00:01.029680
800	7	7	7	1	0:00:01.058925
820	6	9	1	0	0:00:01.040362
840	7	7	7	1	0:00:01.061166
860	4	-1	4	0	0:00:01.092053
880	8	8	8	1	0:00:01.071559
900	2	6	6	0	0:00:01.045139
920	6	2	2	0	0:00:01.179050
940	9	9	9	1	0:00:01.081348
960	9	9	8	1	0:00:01.122226
980	2	6	6	0	0:00:01.099213
1000	5	5	5	1	0:00:00.983102
1020	1	1	8	1	0:00:00.977006
1040	7	5	5	0	0:00:00.967555
1060	9	9	9	1	0:00:00.948719
1080	6	6	3	1	0:00:00.957953
1100	7	8	8	0	0:00:00.957923
1120	5	2	2	0	0:00:00.956590
1140	6	6	4	1	0:00:00.958997
1160	8	-1	0	0	0:00:00.950982
1180	3	9	9	0	0:00:00.940835
1200	8	0	0	0	0:00:00.932720
1220	9	7	2	0	0:00:00.966708
1240	2	6	6	0	0:00:00.963595
1260	1	9	9	0	0:00:00.943523
1280	3	7	7	0	0:00:00.948008
1300	4	6	3	0	0:00:00.953673
1320	7	-1	0	0	0:00:00.952864
1340	1	1	1	1	0:00:00.948890
1360	7	-1	5	0	0:00:00.952698
1380	4	5	5	0	0:00:00.954814
1400	5	5	5	1	0:00:00.967010
1420	4	7	7	0	0:00:00.944074
1440	0	0	0	1	0:00:00.953724
1460	6	6	4	1	0:00:00.927765
1480	1	-1	5	0	0:00:00.929856
1500	1	-1	1	0	0:00:00.923099
1520	7	-1	4	0	0:00:00.945272
1540	8	8	8	1	0:00:00.928700
1560	7	7	7	1	0:00:00.938411
1580	6	1	1	0	0:00:00.933037
1600	8	-1	1	0	0:00:00.943388
1620	5	8	8	0	0:00:00.958158
1640	7	5	3	0	0:00:00.953110
1660	3	5	5	0	0:00:00.952343
1680	6	6	6	1	0:00:00.946085
1700	5	2	2	0	0:00:00.948505
1720	4	0	0	0	0:00:00.970684
1740	1	9	9	0	0:00:00.958270
1760	0	8	8	0	0:00:00.959935
1780	7	9	8	0	0:00:00.970930
1800	4	8	8	0	0:00:00.978940
1820	8	9	9	0	0:00:01.049447
1840	8	7	7	0	0:00:00.965775
1860	8	8	8	1	0:00:00.986127
1880	1	1	8	1	0:00:00.974993
1900	8	8	8	1	0:00:00.937633
1920	2	2	2	1	0:00:00.958332
1940	5	2	2	0	0:00:00.967752
1960	2	5	5	0	0:00:00.963234
1980	9	9	9	1	0:00:00.950494
2000	1	6	6	0	0:00:00.970123
2020	9	9	9	1	0:00:00.986928
2040	0	8	8	0	0:00:00.964131
2060	5	5	5	1	0:00:00.972550
2080	1	1	1	1	0:00:00.975789
2100	2	4	4	0	0:00:00.974555
2120	4	8	8	0	0:00:00.970227
2140	9	9	9	1	0:00:00.975598
2160	0	8	8	0	0:00:00.973683
2180	4	6	6	0	0:00:00.973772
2200	0	0	0	1	0:00:00.966375
2220	1	1	1	1	0:00:00.963239
2240	9	9	9	1	0:00:00.972843
2260	4	-1	4	0	0:00:00.972297
2280	4	8	8	0	0:00:00.967150
2300	3	6	4	0	0:00:00.970693
2320	5	-1	0	0	0:00:00.921786
2340	7	7	7	1	0:00:00.943937
2360	7	7	7	1	0:00:00.939283
2380	8	8	8	1	0:00:00.951332
2400	0	0	0	1	0:00:00.958791
2420	8	5	5	0	0:00:00.971662
2440	7	-1	8	0	0:00:00.958318
2460	9	9	4	1	0:00:00.947367
2480	8	8	8	1	0:00:00.961484
2500	4	6	4	0	0:00:00.960981
2520	1	9	8	0	0:00:00.976251
2540	2	-1	3	0	0:00:00.964595
2560	7	-1	4	0	0:00:00.969776
2580	6	-1	4	0	0:00:00.969696
2600	8	8	8	1	0:00:00.969200
2620	1	4	4	0	0:00:00.973489
2640	7	7	7	1	0:00:00.977118
2660	3	-1	0	0	0:00:00.973080
2680	0	0	0	1	0:00:00.977816
2700	9	-1	3	0	0:00:00.973507
2720	3	8	8	0	0:00:00.977641
2740	1	1	1	1	0:00:00.934142
2760	2	6	6	0	0:00:00.909005
2780	7	7	7	1	0:00:00.941410
2800	4	6	6	0	0:00:00.949292
2820	6	6	6	1	0:00:00.939822
2840	3	3	3	1	0:00:00.937211
2860	5	7	6	0	0:00:00.950853
2880	4	4	4	1	0:00:00.938956
2900	3	5	5	0	0:00:00.963244
2920	2	3	8	0	0:00:00.975852
2940	3	0	0	0	0:00:00.982107
2960	9	9	8	1	0:00:00.969109
2980	8	1	8	0	0:00:00.949075
3000	5	5	5	1	0:00:00.950715
3020	1	-1	8	0	0:00:00.962358
3040	7	7	7	1	0:00:00.978964
3060	7	7	7	1	0:00:00.970766
3080	1	2	2	0	0:00:00.979258
3100	0	0	0	1	0:00:00.965703
3120	4	6	6	0	0:00:00.966216
3140	8	8	8	1	0:00:00.963974
3160	6	4	4	0	0:00:00.965899
3180	3	9	8	0	0:00:00.972113
3200	5	7	7	0	0:00:00.976955
3220	3	9	9	0	0:00:00.946650
3240	4	4	8	1	0:00:00.970101
3260	7	7	7	1	0:00:00.970382
3280	3	5	0	0	0:00:00.973625
3300	4	4	4	1	0:00:00.973592
3320	2	7	7	0	0:00:00.986037
3340	6	6	4	1	0:00:00.963939
3360	4	6	6	0	0:00:00.970587
3380	8	8	8	1	0:00:00.972597
3400	6	1	1	0	0:00:00.971298
3420	5	6	6	0	0:00:00.972589
3440	2	9	9	0	0:00:00.969243
3460	1	1	1	1	0:00:00.964502
3480	2	2	2	1	0:00:00.973406
3500	1	1	1	1	0:00:00.970251
3520	1	1	1	1	0:00:00.961528
3540	6	6	8	1	0:00:00.958108
3560	1	9	9	0	0:00:00.957712
3580	4	1	8	0	0:00:00.969361
3600	4	2	2	0	0:00:00.992857
3620	0	7	7	0	0:00:00.974387
3640	6	2	2	0	0:00:00.968840
3660	0	8	8	0	0:00:00.969550
3680	0	2	2	0	0:00:00.969367
3700	3	5	5	0	0:00:00.962038
3720	2	2	0	1	0:00:00.965640
3740	0	0	0	1	0:00:00.964813
3760	7	7	7	1	0:00:00.966502
3780	4	2	2	0	0:00:00.970121
3800	9	9	3	1	0:00:00.963801
3820	0	0	0	1	0:00:00.963733
3840	6	8	8	0	0:00:00.960726
3860	7	7	7	1	0:00:00.955453
3880	6	4	4	0	0:00:00.952802
3900	3	6	6	0	0:00:00.958475
3920	7	9	9	0	0:00:00.978844
3940	6	-1	4	0	0:00:00.967199
3960	2	5	5	0	0:00:00.963561
3980	9	-1	7	0	0:00:00.961796
4000	8	-1	0	0	0:00:00.967071
4020	8	8	8	1	0:00:00.963352
4040	0	0	0	1	0:00:00.982741
4060	6	-1	0	0	0:00:00.967125
4080	1	-1	8	0	0:00:00.967929
4100	7	7	7	1	0:00:00.970315
4120	4	0	0	0	0:00:00.970364
4140	5	2	2	0	0:00:00.959024
4160	5	-1	2	0	0:00:00.960921
4180	0	-1	8	0	0:00:00.970283
4200	4	2	2	0	0:00:00.964279
4220	4	0	0	0	0:00:00.963286
4240	7	8	8	0	0:00:00.967589
4260	8	8	1	1	0:00:00.974510
4280	8	9	8	0	0:00:00.968257
4300	8	8	8	1	0:00:00.967231
4320	1	8	8	0	0:00:00.970326
4340	0	0	8	1	0:00:00.970217
4360	6	9	9	0	0:00:00.968606
4380	9	9	9	1	0:00:00.977060
4400	3	-1	8	0	0:00:00.974739
4420	5	8	8	0	0:00:00.961372
4440	2	6	6	0	0:00:00.959645
4460	9	-1	8	0	0:00:00.968271
4480	9	9	6	1	0:00:00.973374
4500	3	7	7	0	0:00:00.969054
4520	3	6	6	0	0:00:00.965757
4540	9	9	9	1	0:00:00.951396
4560	1	1	1	1	0:00:00.962685
4580	6	6	4	1	0:00:00.952113
4600	4	7	7	0	0:00:00.972250
4620	7	3	3	0	0:00:00.974255
4640	2	-1	5	0	0:00:00.963984
4660	7	-1	2	0	0:00:00.958927
4680	9	1	1	0	0:00:00.969635
4700	6	1	1	0	0:00:00.970788
4720	8	8	8	1	0:00:00.968836
4740	5	6	6	0	0:00:00.940500
4760	3	2	2	0	0:00:00.966163
4780	0	0	0	1	0:00:00.977710
4800	9	9	9	1	0:00:00.964346
4820	3	5	5	0	0:00:00.967391
4840	0	0	0	1	0:00:00.971625
4860	5	5	5	1	0:00:00.973390
4880	0	-1	2	0	0:00:00.972153
4900	3	8	8	0	0:00:00.983595
4920	7	7	7	1	0:00:00.954470
4940	6	6	2	1	0:00:00.945214
4960	4	6	6	0	0:00:00.956607
4980	1	9	9	0	0:00:00.965220
5000	7	7	7	1	0:00:00.969629
5020	8	8	8	1	0:00:00.981109
5040	3	3	2	1	0:00:00.968590
5060	6	6	6	1	0:00:00.983140
5080	7	7	7	1	0:00:00.975353
5100	3	4	4	0	0:00:00.981529
5120	9	8	8	0	0:00:00.981133
5140	8	8	8	1	0:00:00.944908
5160	0	8	8	0	0:00:00.953971
5180	9	7	7	0	0:00:00.942493
5200	3	3	3	1	0:00:00.951734
5220	0	0	0	1	0:00:00.946380
5240	1	1	2	1	0:00:00.939511
5260	0	0	0	1	0:00:00.937969
5280	0	8	8	0	0:00:00.962924
5300	9	9	9	1	0:00:00.971602
5320	7	7	7	1	0:00:00.982002
5340	3	4	2	0	0:00:00.961812
5360	9	9	9	1	0:00:00.982362
5380	1	9	9	0	0:00:00.973403
5400	9	0	0	0	0:00:00.964857
5420	6	-1	6	0	0:00:00.964333
5440	9	9	9	1	0:00:00.970752
5460	0	2	2	0	0:00:00.985092
5480	1	1	8	1	0:00:00.978522
5500	8	-1	8	0	0:00:00.973126
5520	4	5	5	0	0:00:00.971583
5540	5	6	2	0	0:00:00.979703
5560	3	6	5	0	0:00:00.984675
5580	5	6	6	0	0:00:00.976554
5600	6	-1	8	0	0:00:00.960176
5620	3	2	2	0	0:00:00.979865
5640	2	3	3	0	0:00:00.978456
5660	9	9	8	1	0:00:00.971104
5680	2	-1	8	0	0:00:00.968284
5700	3	-1	2	0	0:00:00.975429
5720	9	9	9	1	0:00:00.983789
5740	6	6	4	1	0:00:00.966936
5760	2	2	8	1	0:00:00.979789
5780	7	7	7	1	0:00:00.962747
5800	2	4	4	0	0:00:00.971317
5820	5	6	6	0	0:00:00.981859
5840	2	6	6	0	0:00:00.962737
5860	0	8	8	0	0:00:00.958326
5880	0	0	8	1	0:00:00.945322
5900	4	4	4	1	0:00:00.973970
5920	8	8	8	1	0:00:00.976015
5940	7	4	4	0	0:00:00.981509
5960	2	7	7	0	0:00:00.998516
5980	9	9	9	1	0:00:00.984652
6000	8	9	8	0	0:00:00.981673
6020	6	6	6	1	0:00:00.977278
6040	2	7	7	0	0:00:00.960450
6060	3	4	4	0	0:00:00.960816
6080	1	1	9	1	0:00:00.943903
6100	1	1	8	1	0:00:00.956732
6120	5	5	5	1	0:00:00.966337
6140	9	9	9	1	0:00:00.950546
6160	2	5	5	0	0:00:00.964307
6180	0	9	2	0	0:00:00.964019
6200	3	-1	0	0	0:00:00.970263
6220	2	6	6	0	0:00:00.969374
6240	2	-1	4	0	0:00:00.962492
6260	2	-1	1	0	0:00:00.974086
6280	8	5	5	0	0:00:00.974552
6300	1	-1	4	0	0:00:00.953920
6320	0	0	0	1	0:00:00.954274
6340	3	-1	3	0	0:00:00.970330
6360	2	2	2	1	0:00:00.948836
6380	3	-1	4	0	0:00:00.969013
6400	0	1	1	0	0:00:00.978244
6420	7	-1	5	0	0:00:00.985201
6440	3	8	8	0	0:00:00.972622
6460	3	1	0	0	0:00:00.961166
6480	0	-1	0	0	0:00:00.952435
6500	7	0	0	0	0:00:00.956079
6520	6	4	4	0	0:00:01.019887
6540	8	8	8	1	0:00:00.926898
6560	6	6	6	1	0:00:00.940618
6580	1	9	9	0	0:00:00.926653
6600	7	7	7	1	0:00:00.919329
6620	7	7	7	1	0:00:00.971308
6640	5	3	3	0	0:00:00.953569
6660	0	0	0	1	0:00:00.955426
6680	3	5	5	0	0:00:00.954062
6700	6	6	4	1	0:00:00.951957
6720	2	2	2	1	0:00:00.971643
6740	2	6	4	0	0:00:00.969212
6760	5	-1	2	0	0:00:00.951841
6780	7	7	7	1	0:00:00.947284
6800	6	6	6	1	0:00:00.936903
6820	1	1	1	1	0:00:00.933344
6840	9	1	1	0	0:00:00.965439
6860	0	0	0	1	0:00:00.947529
6880	2	7	7	0	0:00:00.951151
6900	3	7	7	0	0:00:00.940435
6920	5	2	2	0	0:00:00.938905
6940	1	1	1	1	0:00:00.935068
6960	9	8	8	0	0:00:00.939783
6980	0	9	9	0	0:00:00.942110
7000	2	8	8	0	0:00:00.944800
7020	7	7	7	1	0:00:00.948796
7040	7	8	8	0	0:00:00.946628
7060	8	8	8	1	0:00:00.937703
7080	5	4	0	0	0:00:00.939961
7100	9	-1	3	0	0:00:00.965620
7120	7	7	7	1	0:00:00.978195
7140	4	4	4	1	0:00:00.964906
7160	5	-1	4	0	0:00:00.952564
7180	6	6	6	1	0:00:00.953365
7200	4	6	2	0	0:00:00.958875
7220	9	9	8	1	0:00:00.948388
7240	0	8	8	0	0:00:00.945369
7260	1	8	8	0	0:00:00.965597
7280	1	1	7	1	0:00:00.903207
7300	3	7	7	0	0:00:00.899107
7320	8	0	0	0	0:00:00.883983
7340	2	4	0	0	0:00:00.885034
7360	2	-1	5	0	0:00:00.895782
7380	7	7	7	1	0:00:00.892007
7400	3	9	3	0	0:00:00.883361
7420	3	0	0	0	0:00:00.883646
7440	3	6	6	0	0:00:00.956299
7460	5	5	5	1	0:00:00.958074
7480	1	5	5	0	0:00:00.956249
7500	6	6	6	1	0:00:00.953806
7520	4	-1	4	0	0:00:00.957009
7540	5	5	5	1	0:00:00.950178
7560	0	-1	2	0	0:00:00.952024
7580	8	8	8	1	0:00:00.951208
7600	8	9	9	0	0:00:00.939462
7620	5	3	3	0	0:00:00.954155
7640	9	9	8	1	0:00:00.966491
7660	7	-1	4	0	0:00:00.941478
7680	3	9	9	0	0:00:00.957569
7700	6	6	6	1	0:00:00.954320
7720	5	-1	4	0	0:00:00.970918
7740	4	-1	2	0	0:00:00.951493
7760	2	9	9	0	0:00:00.950440
7780	3	9	9	0	0:00:00.954841
7800	0	0	0	1	0:00:00.942729
7820	5	8	8	0	0:00:00.960568
7840	1	1	1	1	0:00:00.963593
7860	8	-1	4	0	0:00:00.948301
7880	0	2	2	0	0:00:00.942286
7900	0	-1	8	0	0:00:00.944684
7920	9	8	8	0	0:00:00.950683
7940	2	6	6	0	0:00:00.952720
7960	0	-1	2	0	0:00:00.952868
7980	3	7	4	0	0:00:00.958793
8000	9	9	9	1	0:00:00.941950
8020	6	6	6	1	0:00:00.934240
8040	2	6	6	0	0:00:00.954273
8060	6	6	6	1	0:00:00.952248
8080	4	6	4	0	0:00:00.945270
8100	6	2	2	0	0:00:00.946519
8120	8	9	8	0	0:00:00.956502
8140	5	-1	6	0	0:00:00.951409
8160	6	6	6	1	0:00:00.964738
8180	4	6	6	0	0:00:00.952922
8200	3	6	4	0	0:00:00.970939
8220	6	6	2	1	0:00:00.947221
8240	7	7	7	1	0:00:00.953923
8260	1	1	1	1	0:00:00.947404
8280	4	-1	2	0	0:00:00.961744
8300	5	2	2	0	0:00:00.966663
8320	7	-1	4	0	0:00:00.957301
8340	5	5	5	1	0:00:00.964685
8360	7	7	7	1	0:00:00.958776
8380	9	9	8	1	0:00:00.951502
8400	0	8	8	0	0:00:00.942624
8420	3	-1	4	0	0:00:00.938315
8440	5	-1	4	0	0:00:00.940630
8460	8	8	8	1	0:00:00.948282
8480	2	1	8	0	0:00:00.965459
8500	4	2	2	0	0:00:00.949503
8520	8	-1	4	0	0:00:00.950651
8540	4	2	2	0	0:00:00.948577
8560	7	7	7	1	0:00:00.947518
8580	3	9	9	0	0:00:00.944467
8600	3	7	7	0	0:00:00.958554
8620	3	4	4	0	0:00:00.939158
8640	1	1	1	1	0:00:00.935464
8660	7	5	5	0	0:00:00.940327
8680	3	-1	0	0	0:00:00.947019
8700	3	-1	3	0	0:00:00.956459
8720	2	0	0	0	0:00:00.947877
8740	2	-1	4	0	0:00:00.949774
8760	8	8	8	1	0:00:00.941738
8780	4	4	4	1	0:00:00.955690
8800	0	0	0	1	0:00:00.963319
8820	2	2	2	1	0:00:00.968217
8840	2	1	8	0	0:00:00.953346
8860	2	2	2	1	0:00:00.957083
8880	1	1	1	1	0:00:00.949181
8900	2	4	4	0	0:00:00.939400
8920	6	6	6	1	0:00:00.953021
8940	6	3	3	0	0:00:00.951481
8960	0	0	0	1	0:00:00.953061
8980	9	9	9	1	0:00:00.964034
9000	8	8	8	1	0:00:00.954609
9020	7	7	7	1	0:00:00.952887
9040	2	5	5	0	0:00:00.914041
9060	9	5	5	0	0:00:00.908763
9080	3	0	0	0	0:00:00.920818
9100	9	-1	6	0	0:00:00.930316
9120	3	0	0	0	0:00:00.928574
9140	7	7	8	1	0:00:00.935183
9160	5	5	5	1	0:00:00.957487
9180	5	5	5	1	0:00:00.951471
9200	8	8	8	1	0:00:00.947207
9220	8	8	8	1	0:00:00.956523
9240	8	8	8	1	0:00:00.964701
9260	5	5	5	1	0:00:00.942255
9280	9	-1	8	0	0:00:00.939207
9300	5	5	2	1	0:00:00.946110
9320	9	9	9	1	0:00:00.961736
9340	1	1	1	1	0:00:00.909226
9360	5	0	0	0	0:00:00.936550
9380	5	9	5	0	0:00:00.965978
9400	6	6	2	1	0:00:00.957127
9420	5	5	5	1	0:00:00.914985
9440	8	8	8	1	0:00:00.931308
9460	3	-1	4	0	0:00:00.935408
9480	2	-1	4	0	0:00:00.922078
9500	9	1	5	0	0:00:00.915442
9520	1	1	1	1	0:00:00.932153
9540	5	5	5	1	0:00:00.948994
9560	9	7	7	0	0:00:00.951869
9580	1	-1	4	0	0:00:00.917625
9600	8	8	8	1	0:00:00.972587
9620	4	7	7	0	0:00:00.953745
9640	5	0	0	0	0:00:00.930278
9660	6	6	6	1	0:00:00.941086
9680	8	-1	8	0	0:00:00.951446
9700	0	0	0	1	0:00:00.946810
9720	8	1	4	0	0:00:00.970429
9740	3	6	4	0	0:00:00.954208
9760	9	-1	7	0	0:00:00.896824
9780	4	6	6	0	0:00:00.931297
9800	1	1	1	1	0:00:00.939719
9820	0	8	8	0	0:00:00.923667
9840	4	3	3	0	0:00:00.944733
9860	0	-1	8	0	0:00:00.928171
9880	7	-1	4	0	0:00:00.911002
9900	8	0	0	0	0:00:00.934576
9920	6	6	6	1	0:00:00.944256
9940	4	5	5	0	0:00:00.959518
9960	2	0	0	0	0:00:00.944745
9980	0	0	0	1	0:00:00.962248
