idx	label	predict	basePredict	correct	time
0	3	3	3	1	0:00:01.463439
20	7	7	9	1	0:00:01.075607
40	4	-1	0	0	0:00:01.097218
60	7	7	7	1	0:00:01.087011
80	8	8	8	1	0:00:01.071454
100	4	5	5	0	0:00:01.140660
120	8	-1	8	0	0:00:01.101354
140	6	-1	2	0	0:00:01.073255
160	2	0	2	0	0:00:01.098919
180	0	0	0	1	0:00:01.097549
200	5	-1	5	0	0:00:01.087266
220	7	7	7	1	0:00:01.080427
240	1	1	1	1	0:00:01.093872
260	8	-1	3	0	0:00:01.090370
280	9	9	9	1	0:00:01.087074
300	6	6	6	1	0:00:01.081570
320	3	3	3	1	0:00:01.098203
340	2	4	4	0	0:00:01.073092
360	9	-1	5	0	0:00:01.077371
380	6	6	2	1	0:00:01.086473
400	9	9	9	1	0:00:01.046978
420	4	4	4	1	0:00:01.056636
440	1	-1	1	0	0:00:01.081966
460	5	5	2	1	0:00:01.080739
480	8	9	9	0	0:00:01.064210
500	4	6	2	0	0:00:01.080009
520	5	7	7	0	0:00:01.082669
540	1	-1	8	0	0:00:01.095051
560	0	0	0	1	0:00:01.075442
580	4	4	4	1	0:00:01.079640
600	8	8	8	1	0:00:01.090783
620	7	7	5	1	0:00:01.081218
640	5	3	3	0	0:00:01.081584
660	9	9	9	1	0:00:01.088298
680	9	-1	2	0	0:00:01.070282
700	7	7	3	1	0:00:01.105609
720	4	9	4	0	0:00:01.068728
740	2	-1	3	0	0:00:01.070698
760	3	-1	3	0	0:00:01.121928
780	9	-1	9	0	0:00:01.075149
800	7	7	7	1	0:00:01.185954
820	6	-1	8	0	0:00:01.113257
840	7	7	7	1	0:00:01.054817
860	4	4	4	1	0:00:01.067216
880	8	8	8	1	0:00:01.134288
900	2	-1	2	0	0:00:01.107223
920	6	6	3	1	0:00:01.121901
940	9	9	9	1	0:00:01.118270
960	9	9	9	1	0:00:01.100945
980	2	6	2	0	0:00:01.218073
1000	5	5	5	1	0:00:01.035120
1020	1	1	1	1	0:00:01.040010
1040	7	5	5	0	0:00:01.020535
1060	9	9	9	1	0:00:00.971249
1080	6	-1	6	0	0:00:01.017377
1100	7	-1	8	0	0:00:01.026596
1120	5	-1	2	0	0:00:00.980684
1140	6	-1	4	0	0:00:00.983863
1160	8	-1	0	0	0:00:00.975338
1180	3	3	3	1	0:00:00.995617
1200	8	-1	0	0	0:00:00.978088
1220	9	-1	6	0	0:00:00.985443
1240	2	6	6	0	0:00:00.987817
1260	1	9	9	0	0:00:00.967279
1280	3	7	5	0	0:00:00.995584
1300	4	3	3	0	0:00:00.974453
1320	7	2	2	0	0:00:01.015520
1340	1	1	1	1	0:00:00.960957
1360	7	7	2	1	0:00:00.964171
1380	4	5	5	0	0:00:00.991822
1400	5	3	3	0	0:00:00.952049
1420	4	7	4	0	0:00:01.018159
1440	0	-1	8	0	0:00:01.003942
1460	6	6	2	1	0:00:00.988211
1480	1	-1	5	0	0:00:01.007715
1500	1	1	1	1	0:00:01.009277
1520	7	7	4	1	0:00:00.988988
1540	8	8	8	1	0:00:01.002570
1560	7	7	7	1	0:00:00.980778
1580	6	1	3	0	0:00:00.976903
1600	8	-1	6	0	0:00:00.988353
1620	5	8	8	0	0:00:00.994232
1640	7	3	3	0	0:00:00.997571
1660	3	-1	3	0	0:00:00.977318
1680	6	6	3	1	0:00:00.939377
1700	5	-1	3	0	0:00:00.972257
1720	4	-1	2	0	0:00:01.013510
1740	1	-1	9	0	0:00:01.003263
1760	0	-1	8	0	0:00:01.020933
1780	7	7	7	1	0:00:01.006345
1800	4	-1	8	0	0:00:01.014014
1820	8	-1	8	0	0:00:00.997958
1840	8	9	4	0	0:00:00.954430
1860	8	8	3	1	0:00:00.992800
1880	1	1	8	1	0:00:01.004938
1900	8	8	8	1	0:00:01.005106
1920	2	2	2	1	0:00:01.012088
1940	5	-1	2	0	0:00:00.996780
1960	2	5	5	0	0:00:00.995130
1980	9	9	9	1	0:00:01.006225
2000	1	6	6	0	0:00:01.004890
2020	9	9	9	1	0:00:01.003740
2040	0	0	0	1	0:00:01.007892
2060	5	3	3	0	0:00:01.002048
2080	1	-1	9	0	0:00:00.976211
2100	2	2	2	1	0:00:00.986102
2120	4	8	8	0	0:00:00.993516
2140	9	9	9	1	0:00:00.984941
2160	0	-1	8	0	0:00:00.997499
2180	4	4	4	1	0:00:00.987373
2200	0	2	2	0	0:00:01.007846
2220	1	1	1	1	0:00:00.974887
2240	9	1	1	0	0:00:00.996778
2260	4	4	3	1	0:00:01.012957
2280	4	-1	3	0	0:00:00.992230
2300	3	-1	2	0	0:00:00.998486
2320	5	2	2	0	0:00:00.996490
2340	7	7	7	1	0:00:00.969426
2360	7	5	5	0	0:00:00.986045
2380	8	8	8	1	0:00:01.030808
2400	0	-1	0	0	0:00:01.003175
2420	8	-1	5	0	0:00:00.999694
2440	7	7	7	1	0:00:01.021662
2460	9	7	7	0	0:00:00.996130
2480	8	8	8	1	0:00:01.005353
2500	4	-1	4	0	0:00:00.944557
2520	1	-1	8	0	0:00:00.992062
2540	2	-1	5	0	0:00:00.989980
2560	7	-1	4	0	0:00:00.975972
2580	6	5	5	0	0:00:00.990911
2600	8	8	8	1	0:00:01.001702
2620	1	-1	4	0	0:00:01.007060
2640	7	7	4	1	0:00:01.028580
2660	3	2	2	0	0:00:01.020562
2680	0	0	0	1	0:00:00.987051
2700	9	-1	1	0	0:00:00.998756
2720	3	3	3	1	0:00:00.995140
2740	1	1	1	1	0:00:00.996309
2760	2	-1	2	0	0:00:01.013422
2780	7	7	7	1	0:00:00.992243
2800	4	-1	4	0	0:00:00.987411
2820	6	6	2	1	0:00:00.959643
2840	3	3	3	1	0:00:01.047766
2860	5	-1	6	0	0:00:00.999264
2880	4	4	4	1	0:00:01.000979
2900	3	-1	7	0	0:00:00.946178
2920	2	3	3	0	0:00:00.987219
2940	3	0	0	0	0:00:00.973316
2960	9	9	9	1	0:00:00.986414
2980	8	-1	8	0	0:00:00.986408
3000	5	5	5	1	0:00:00.993545
3020	1	1	8	1	0:00:00.988435
3040	7	7	7	1	0:00:00.990874
3060	7	7	7	1	0:00:00.951275
3080	1	-1	2	0	0:00:00.999254
3100	0	0	0	1	0:00:00.974409
3120	4	-1	2	0	0:00:00.970527
3140	8	8	8	1	0:00:00.979133
3160	6	-1	2	0	0:00:00.999132
3180	3	-1	3	0	0:00:01.038214
3200	5	7	7	0	0:00:01.018415
3220	3	9	3	0	0:00:00.993262
3240	4	1	8	0	0:00:01.002536
3260	7	7	7	1	0:00:01.008638
3280	3	5	5	0	0:00:00.999599
3300	4	-1	2	0	0:00:00.984652
3320	2	7	7	0	0:00:00.996203
3340	6	6	2	1	0:00:01.005562
3360	4	-1	2	0	0:00:01.019421
3380	8	8	8	1	0:00:01.001234
3400	6	4	4	0	0:00:00.966104
3420	5	-1	3	0	0:00:00.962033
3440	2	3	3	0	0:00:00.973968
3460	1	-1	9	0	0:00:00.968558
3480	2	2	2	1	0:00:00.997496
3500	1	-1	9	0	0:00:00.989686
3520	1	1	1	1	0:00:01.031432
3540	6	6	3	1	0:00:01.004620
3560	1	9	7	0	0:00:01.025491
3580	4	-1	4	0	0:00:01.035718
3600	4	2	2	0	0:00:01.006840
3620	0	6	6	0	0:00:00.996789
3640	6	2	2	0	0:00:00.989264
3660	0	0	8	1	0:00:00.986436
3680	0	-1	2	0	0:00:01.019542
3700	3	-1	3	0	0:00:00.973279
3720	2	2	2	1	0:00:00.993853
3740	0	0	0	1	0:00:01.010113
3760	7	7	4	1	0:00:01.006860
3780	4	-1	2	0	0:00:00.987018
3800	9	9	9	1	0:00:01.003965
3820	0	2	2	0	0:00:00.998930
3840	6	3	3	0	0:00:01.020854
3860	7	7	7	1	0:00:01.029989
3880	6	4	4	0	0:00:01.019608
3900	3	6	6	0	0:00:00.961179
3920	7	9	7	0	0:00:00.942085
3940	6	5	4	0	0:00:01.010894
3960	2	2	2	1	0:00:01.016137
3980	9	-1	4	0	0:00:01.011881
4000	8	-1	0	0	0:00:01.029024
4020	8	8	8	1	0:00:01.018910
4040	0	0	0	1	0:00:01.011320
4060	6	-1	3	0	0:00:01.012128
4080	1	1	8	1	0:00:01.007104
4100	7	7	7	1	0:00:01.017299
4120	4	4	8	1	0:00:00.985812
4140	5	5	3	1	0:00:01.022334
4160	5	-1	2	0	0:00:01.021641
4180	0	-1	8	0	0:00:01.006350
4200	4	2	2	0	0:00:00.978240
4220	4	0	0	0	0:00:01.000206
4240	7	0	0	0	0:00:00.994969
4260	8	8	8	1	0:00:00.993789
4280	8	-1	1	0	0:00:00.999411
4300	8	8	8	1	0:00:00.979284
4320	1	8	8	0	0:00:00.999284
4340	0	0	0	1	0:00:00.989217
4360	6	9	9	0	0:00:01.011805
4380	9	-1	8	0	0:00:01.026865
4400	3	-1	4	0	0:00:01.009307
4420	5	-1	7	0	0:00:01.004162
4440	2	2	2	1	0:00:00.994946
4460	9	-1	8	0	0:00:00.991491
4480	9	9	3	1	0:00:01.014367
4500	3	5	5	0	0:00:01.017710
4520	3	6	6	0	0:00:01.002406
4540	9	9	9	1	0:00:00.969189
4560	1	1	1	1	0:00:01.005150
4580	6	-1	4	0	0:00:00.997782
4600	4	7	7	0	0:00:01.006062
4620	7	3	3	0	0:00:01.008790
4640	2	-1	2	0	0:00:00.998396
4660	7	-1	4	0	0:00:00.992134
4680	9	1	1	0	0:00:01.024337
4700	6	1	5	0	0:00:00.991664
4720	8	0	8	0	0:00:01.019736
4740	5	3	3	0	0:00:01.036671
4760	3	2	2	0	0:00:00.963848
4780	0	0	8	1	0:00:00.964775
4800	9	9	9	1	0:00:00.992392
4820	3	3	3	1	0:00:01.008213
4840	0	0	0	1	0:00:00.984648
4860	5	5	5	1	0:00:01.006900
4880	0	8	8	0	0:00:01.028498
4900	3	6	6	0	0:00:01.013032
4920	7	7	7	1	0:00:01.032148
4940	6	-1	2	0	0:00:00.984061
4960	4	3	3	0	0:00:01.009072
4980	1	9	9	0	0:00:00.999033
5000	7	7	7	1	0:00:00.934634
5020	8	8	8	1	0:00:01.002284
5040	3	1	2	0	0:00:01.011424
5060	6	-1	2	0	0:00:01.000969
5080	7	7	7	1	0:00:01.002849
5100	3	3	3	1	0:00:01.008767
5120	9	-1	8	0	0:00:01.013452
5140	8	8	8	1	0:00:00.997186
5160	0	-1	8	0	0:00:00.978865
5180	9	7	4	0	0:00:01.015587
5200	3	3	3	1	0:00:01.019919
5220	0	0	0	1	0:00:01.003414
5240	1	9	8	0	0:00:01.011217
5260	0	0	0	1	0:00:01.002248
5280	0	-1	8	0	0:00:01.001771
5300	9	-1	9	0	0:00:01.025507
5320	7	-1	7	0	0:00:01.001942
5340	3	4	4	0	0:00:01.021107
5360	9	9	3	1	0:00:01.025298
5380	1	9	9	0	0:00:01.017740
5400	9	9	9	1	0:00:01.018487
5420	6	6	6	1	0:00:01.008633
5440	9	9	9	1	0:00:01.006986
5460	0	0	0	1	0:00:01.010383
5480	1	1	4	1	0:00:00.992951
5500	8	-1	8	0	0:00:01.008422
5520	4	-1	3	0	0:00:00.997849
5540	5	6	4	0	0:00:01.002424
5560	3	5	5	0	0:00:01.014707
5580	5	6	3	0	0:00:01.012758
5600	6	-1	4	0	0:00:01.013295
5620	3	6	6	0	0:00:01.011769
5640	2	-1	2	0	0:00:01.000415
5660	9	-1	8	0	0:00:01.026782
5680	2	3	3	0	0:00:01.031869
5700	3	5	3	0	0:00:01.010157
5720	9	9	9	1	0:00:01.008691
5740	6	6	6	1	0:00:00.998821
5760	2	-1	0	0	0:00:01.021924
5780	7	7	7	1	0:00:01.008774
5800	2	-1	4	0	0:00:01.009406
5820	5	-1	2	0	0:00:01.011657
5840	2	2	2	1	0:00:00.995790
5860	0	-1	8	0	0:00:01.006169
5880	0	0	0	1	0:00:01.001800
5900	4	-1	2	0	0:00:01.010379
5920	8	8	8	1	0:00:01.002205
5940	7	4	4	0	0:00:01.009144
5960	2	6	6	0	0:00:01.015373
5980	9	9	9	1	0:00:01.006574
6000	8	-1	8	0	0:00:01.004327
6020	6	6	6	1	0:00:01.012301
6040	2	7	7	0	0:00:00.998563
6060	3	4	2	0	0:00:01.009814
6080	1	-1	9	0	0:00:00.997074
6100	1	1	8	1	0:00:01.011306
6120	5	5	5	1	0:00:01.020321
6140	9	9	9	1	0:00:01.021777
6160	2	-1	5	0	0:00:01.019805
6180	0	-1	0	0	0:00:01.018881
6200	3	3	3	1	0:00:01.017429
6220	2	5	5	0	0:00:01.022547
6240	2	-1	2	0	0:00:01.009247
6260	2	-1	6	0	0:00:00.989312
6280	8	5	5	0	0:00:01.026965
6300	1	1	2	1	0:00:01.017678
6320	0	-1	0	0	0:00:01.008429
6340	3	3	3	1	0:00:01.019645
6360	2	-1	2	0	0:00:01.021096
6380	3	-1	3	0	0:00:01.010918
6400	0	1	8	0	0:00:00.999691
6420	7	7	7	1	0:00:01.008982
6440	3	-1	4	0	0:00:01.016562
6460	3	-1	3	0	0:00:01.025536
6480	0	0	0	1	0:00:01.001613
6500	7	6	6	0	0:00:01.006620
6520	6	-1	2	0	0:00:01.010946
6540	8	8	8	1	0:00:01.006350
6560	6	6	2	1	0:00:01.006077
6580	1	-1	4	0	0:00:01.003124
6600	7	7	7	1	0:00:01.020759
6620	7	7	7	1	0:00:01.008794
6640	5	3	3	0	0:00:01.017447
6660	0	0	0	1	0:00:01.014182
6680	3	-1	3	0	0:00:01.019190
6700	6	0	0	0	0:00:00.994902
6720	2	-1	2	0	0:00:01.015931
6740	2	-1	6	0	0:00:01.004797
6760	5	5	5	1	0:00:01.002033
6780	7	7	7	1	0:00:01.009204
6800	6	-1	2	0	0:00:01.014990
6820	1	1	1	1	0:00:00.997273
6840	9	-1	1	0	0:00:00.959445
6860	0	-1	2	0	0:00:01.018506
6880	2	-1	2	0	0:00:01.009852
6900	3	-1	5	0	0:00:01.004358
6920	5	-1	2	0	0:00:00.997596
6940	1	1	1	1	0:00:00.988204
6960	9	-1	8	0	0:00:00.968240
6980	0	9	8	0	0:00:01.005666
7000	2	-1	8	0	0:00:00.990301
7020	7	7	7	1	0:00:01.000447
7040	7	1	8	0	0:00:00.997519
7060	8	-1	8	0	0:00:00.989546
7080	5	4	4	0	0:00:00.997790
7100	9	-1	3	0	0:00:00.997730
7120	7	5	5	0	0:00:01.009737
7140	4	-1	3	0	0:00:00.976892
7160	5	5	5	1	0:00:00.971660
7180	6	-1	3	0	0:00:00.966769
7200	4	-1	2	0	0:00:01.006799
7220	9	9	8	1	0:00:00.987622
7240	0	-1	8	0	0:00:01.002475
7260	1	-1	8	0	0:00:00.996023
7280	1	9	5	0	0:00:01.015806
7300	3	4	4	0	0:00:00.995523
7320	8	-1	8	0	0:00:00.994391
7340	2	4	4	0	0:00:01.003916
7360	2	4	4	0	0:00:01.002899
7380	7	7	7	1	0:00:01.017087
7400	3	-1	3	0	0:00:00.991974
7420	3	4	2	0	0:00:00.998853
7440	3	3	3	1	0:00:00.996590
7460	5	5	5	1	0:00:00.999125
7480	1	8	8	0	0:00:00.992085
7500	6	6	6	1	0:00:01.017691
7520	4	4	2	1	0:00:00.989671
7540	5	5	5	1	0:00:00.970607
7560	0	0	0	1	0:00:00.989075
7580	8	8	8	1	0:00:00.993951
7600	8	9	2	0	0:00:00.984585
7620	5	-1	3	0	0:00:00.972391
7640	9	8	8	0	0:00:00.987722
7660	7	-1	4	0	0:00:00.983320
7680	3	9	3	0	0:00:00.993303
7700	6	6	6	1	0:00:01.005634
7720	5	-1	2	0	0:00:01.023289
7740	4	-1	2	0	0:00:00.980715
7760	2	9	6	0	0:00:01.005575
7780	3	-1	8	0	0:00:01.035323
7800	0	0	0	1	0:00:01.062131
7820	5	-1	5	0	0:00:01.011409
7840	1	1	1	1	0:00:00.979595
7860	8	-1	8	0	0:00:00.986844
7880	0	-1	2	0	0:00:01.029935
7900	0	8	8	0	0:00:01.020657
7920	9	9	8	1	0:00:00.993337
7940	2	6	6	0	0:00:00.997091
7960	0	0	0	1	0:00:00.984715
7980	3	-1	3	0	0:00:01.010853
8000	9	9	9	1	0:00:01.004589
8020	6	3	3	0	0:00:00.989464
8040	2	2	2	1	0:00:00.987375
8060	6	6	6	1	0:00:01.022724
8080	4	6	2	0	0:00:01.019848
8100	6	-1	4	0	0:00:01.019383
8120	8	9	9	0	0:00:01.014948
8140	5	4	4	0	0:00:00.968600
8160	6	6	6	1	0:00:01.000831
8180	4	-1	2	0	0:00:00.969856
8200	3	4	4	0	0:00:00.972027
8220	6	7	4	0	0:00:00.984820
8240	7	7	7	1	0:00:01.019166
8260	1	1	1	1	0:00:01.009104
8280	4	5	5	0	0:00:01.030285
8300	5	2	2	0	0:00:01.032253
8320	7	-1	4	0	0:00:01.034472
8340	5	3	3	0	0:00:01.044990
8360	7	7	7	1	0:00:01.020648
8380	9	9	9	1	0:00:01.033971
8400	0	-1	8	0	0:00:00.998475
8420	3	6	6	0	0:00:01.014646
8440	5	-1	3	0	0:00:01.007396
8460	8	8	8	1	0:00:01.044325
8480	2	2	4	1	0:00:01.018711
8500	4	-1	4	0	0:00:00.994746
8520	8	1	8	0	0:00:00.989174
8540	4	-1	2	0	0:00:01.000398
8560	7	7	7	1	0:00:01.001882
8580	3	2	2	0	0:00:00.997028
8600	3	-1	3	0	0:00:01.034666
8620	3	4	4	0	0:00:00.952889
8640	1	1	8	1	0:00:01.025549
8660	7	7	7	1	0:00:00.976720
8680	3	-1	8	0	0:00:00.940378
8700	3	-1	3	0	0:00:01.002982
8720	2	0	0	0	0:00:00.998415
8740	2	2	2	1	0:00:00.969363
8760	8	8	8	1	0:00:00.982447
8780	4	-1	4	0	0:00:00.999135
8800	0	0	0	1	0:00:01.006549
8820	2	2	2	1	0:00:01.004751
8840	2	-1	7	0	0:00:00.987338
8860	2	2	2	1	0:00:00.997265
8880	1	1	1	1	0:00:00.990200
8900	2	4	4	0	0:00:00.979789
8920	6	6	2	1	0:00:00.983936
8940	6	3	3	0	0:00:01.000839
8960	0	0	0	1	0:00:00.991723
8980	9	9	9	1	0:00:01.013074
9000	8	8	8	1	0:00:00.991259
9020	7	-1	7	0	0:00:00.940851
9040	2	-1	5	0	0:00:00.995494
9060	9	9	5	1	0:00:00.994426
9080	3	-1	2	0	0:00:00.970376
9100	9	1	3	0	0:00:01.018013
9120	3	-1	5	0	0:00:01.018639
9140	7	-1	5	0	0:00:00.990311
9160	5	3	3	0	0:00:00.992028
9180	5	5	5	1	0:00:00.986344
9200	8	8	8	1	0:00:01.026809
9220	8	8	8	1	0:00:01.007428
9240	8	8	8	1	0:00:00.959376
9260	5	5	5	1	0:00:01.006907
9280	9	8	8	0	0:00:00.991035
9300	5	-1	2	0	0:00:00.981384
9320	9	9	9	1	0:00:00.989138
9340	1	1	1	1	0:00:00.969285
9360	5	0	5	0	0:00:00.980983
9380	5	3	3	0	0:00:01.002103
9400	6	6	2	1	0:00:00.993507
9420	5	5	5	1	0:00:00.965563
9440	8	8	8	1	0:00:00.952762
9460	3	7	7	0	0:00:00.970397
9480	2	-1	4	0	0:00:00.950894
9500	9	-1	1	0	0:00:00.992003
9520	1	1	1	1	0:00:00.933879
9540	5	3	3	0	0:00:00.978027
9560	9	7	7	0	0:00:00.990782
9580	1	1	8	1	0:00:00.971732
9600	8	-1	8	0	0:00:00.996147
9620	4	-1	4	0	0:00:00.981352
9640	5	0	2	0	0:00:00.987118
9660	6	6	6	1	0:00:01.000751
9680	8	8	8	1	0:00:00.995204
9700	0	0	0	1	0:00:00.957327
9720	8	1	8	0	0:00:00.986909
9740	3	6	2	0	0:00:01.020887
9760	9	3	3	0	0:00:00.995056
9780	4	6	2	0	0:00:01.014238
9800	1	1	1	1	0:00:01.011637
9820	0	8	8	0	0:00:00.983410
9840	4	-1	5	0	0:00:01.014982
9860	0	5	8	0	0:00:00.999543
9880	7	8	3	0	0:00:01.020284
9900	8	-1	8	0	0:00:00.990245
9920	6	6	2	1	0:00:01.013631
9940	4	5	5	0	0:00:00.992891
9960	2	0	0	0	0:00:00.991586
9980	0	0	0	1	0:00:00.926442
