idx	label	predict	basePredict	correct	time
0	3	-1	4	0	0:00:01.178730
20	7	9	9	0	0:00:01.097496
40	4	-1	8	0	0:00:01.093568
60	7	7	4	1	0:00:01.130423
80	8	8	8	1	0:00:01.086211
100	4	5	5	0	0:00:01.072433
120	8	8	8	1	0:00:01.093724
140	6	2	2	0	0:00:01.095765
160	2	2	2	1	0:00:01.088217
180	0	0	0	1	0:00:01.098896
200	5	3	3	0	0:00:01.110868
220	7	7	7	1	0:00:01.113615
240	1	1	1	1	0:00:01.086397
260	8	5	5	0	0:00:01.074003
280	9	9	9	1	0:00:01.087628
300	6	6	6	1	0:00:01.092257
320	3	5	2	0	0:00:01.067398
340	2	4	4	0	0:00:01.102371
360	9	6	6	0	0:00:01.192222
380	6	6	4	1	0:00:01.085421
400	9	1	1	0	0:00:01.106937
420	4	6	6	0	0:00:01.081378
440	1	1	1	1	0:00:01.098825
460	5	5	5	1	0:00:01.084953
480	8	9	9	0	0:00:01.090811
500	4	6	6	0	0:00:01.092208
520	5	7	7	0	0:00:01.087945
540	1	8	8	0	0:00:01.082238
560	0	0	0	1	0:00:01.084687
580	4	6	6	0	0:00:01.085538
600	8	8	8	1	0:00:01.103040
620	7	6	6	0	0:00:01.085788
640	5	3	3	0	0:00:01.084094
660	9	9	9	1	0:00:01.087831
680	9	-1	1	0	0:00:01.104827
700	7	7	7	1	0:00:01.079755
720	4	9	9	0	0:00:01.097340
740	2	5	5	0	0:00:01.067422
760	3	9	9	0	0:00:01.089511
780	9	-1	8	0	0:00:01.077945
800	7	7	7	1	0:00:01.085049
820	6	9	9	0	0:00:01.075181
840	7	7	7	1	0:00:01.150869
860	4	6	6	0	0:00:01.070101
880	8	8	8	1	0:00:01.069962
900	2	6	6	0	0:00:01.094198
920	6	2	2	0	0:00:01.105233
940	9	1	1	0	0:00:01.088530
960	9	9	8	1	0:00:01.070126
980	2	6	6	0	0:00:01.060344
1000	5	5	5	1	0:00:00.966723
1020	1	1	1	1	0:00:00.977737
1040	7	5	5	0	0:00:00.973828
1060	9	9	9	1	0:00:00.972522
1080	6	6	6	1	0:00:00.971953
1100	7	8	8	0	0:00:00.980499
1120	5	2	2	0	0:00:00.994752
1140	6	6	6	1	0:00:00.999672
1160	8	0	0	0	0:00:00.989076
1180	3	9	9	0	0:00:00.992980
1200	8	0	0	0	0:00:00.986049
1220	9	-1	2	0	0:00:00.999934
1240	2	6	6	0	0:00:00.996459
1260	1	9	9	0	0:00:00.990004
1280	3	7	7	0	0:00:00.992453
1300	4	6	3	0	0:00:00.983428
1320	7	7	2	1	0:00:01.010797
1340	1	1	1	1	0:00:00.998536
1360	7	-1	2	0	0:00:00.988352
1380	4	5	5	0	0:00:01.003156
1400	5	-1	4	0	0:00:01.002516
1420	4	7	7	0	0:00:00.997771
1440	0	-1	0	0	0:00:00.990056
1460	6	6	6	1	0:00:00.998595
1480	1	5	5	0	0:00:01.000551
1500	1	9	9	0	0:00:00.991676
1520	7	6	6	0	0:00:01.004491
1540	8	8	8	1	0:00:01.000836
1560	7	7	7	1	0:00:01.002685
1580	6	1	1	0	0:00:00.987197
1600	8	-1	9	0	0:00:00.990543
1620	5	8	8	0	0:00:00.992605
1640	7	5	5	0	0:00:00.978542
1660	3	5	5	0	0:00:00.979794
1680	6	6	6	1	0:00:00.983654
1700	5	2	2	0	0:00:00.991115
1720	4	0	0	0	0:00:00.992594
1740	1	9	9	0	0:00:00.993207
1760	0	8	8	0	0:00:00.981187
1780	7	8	8	0	0:00:00.975543
1800	4	8	8	0	0:00:00.970464
1820	8	1	1	0	0:00:00.976918
1840	8	-1	7	0	0:00:00.984436
1860	8	8	8	1	0:00:00.986876
1880	1	1	1	1	0:00:00.987487
1900	8	8	8	1	0:00:00.991145
1920	2	2	2	1	0:00:00.997959
1940	5	-1	2	0	0:00:00.995115
1960	2	5	5	0	0:00:00.985432
1980	9	9	9	1	0:00:00.990062
2000	1	6	6	0	0:00:00.987432
2020	9	9	9	1	0:00:00.991230
2040	0	8	8	0	0:00:00.986363
2060	5	5	5	1	0:00:01.003730
2080	1	1	1	1	0:00:01.006555
2100	2	4	4	0	0:00:01.002696
2120	4	8	8	0	0:00:01.006410
2140	9	-1	1	0	0:00:00.989735
2160	0	8	8	0	0:00:00.989615
2180	4	6	6	0	0:00:00.984622
2200	0	0	0	1	0:00:00.996766
2220	1	1	1	1	0:00:00.989167
2240	9	9	9	1	0:00:00.995524
2260	4	-1	4	0	0:00:01.003494
2280	4	8	8	0	0:00:00.995205
2300	3	6	6	0	0:00:01.001909
2320	5	-1	0	0	0:00:01.000330
2340	7	7	7	1	0:00:00.987369
2360	7	7	7	1	0:00:01.006763
2380	8	8	8	1	0:00:01.001124
2400	0	4	4	0	0:00:00.982227
2420	8	5	5	0	0:00:01.001038
2440	7	1	8	0	0:00:00.994829
2460	9	9	6	1	0:00:00.989432
2480	8	8	8	1	0:00:00.991864
2500	4	6	6	0	0:00:00.996179
2520	1	8	8	0	0:00:01.006481
2540	2	3	3	0	0:00:00.985743
2560	7	-1	2	0	0:00:00.990505
2580	6	-1	4	0	0:00:00.989053
2600	8	8	8	1	0:00:00.995410
2620	1	-1	4	0	0:00:01.003664
2640	7	7	7	1	0:00:01.002630
2660	3	0	0	0	0:00:00.993850
2680	0	0	0	1	0:00:00.988645
2700	9	-1	3	0	0:00:01.007802
2720	3	8	8	0	0:00:00.993203
2740	1	1	1	1	0:00:00.981468
2760	2	6	6	0	0:00:00.986271
2780	7	7	7	1	0:00:00.996958
2800	4	6	6	0	0:00:00.998535
2820	6	6	6	1	0:00:00.989980
2840	3	7	7	0	0:00:00.989385
2860	5	7	7	0	0:00:00.998708
2880	4	4	4	1	0:00:00.996154
2900	3	5	5	0	0:00:00.979088
2920	2	3	3	0	0:00:00.996438
2940	3	0	0	0	0:00:00.994357
2960	9	-1	9	0	0:00:00.992602
2980	8	1	1	0	0:00:00.987746
3000	5	5	5	1	0:00:00.991544
3020	1	1	8	1	0:00:00.990220
3040	7	7	7	1	0:00:01.009811
3060	7	7	7	1	0:00:00.993123
3080	1	6	2	0	0:00:00.990654
3100	0	0	0	1	0:00:00.981264
3120	4	6	6	0	0:00:00.993659
3140	8	8	8	1	0:00:00.982545
3160	6	4	4	0	0:00:01.001606
3180	3	9	8	0	0:00:01.009323
3200	5	-1	7	0	0:00:00.998116
3220	3	9	9	0	0:00:01.005659
3240	4	-1	8	0	0:00:00.998953
3260	7	7	7	1	0:00:01.001526
3280	3	-1	0	0	0:00:01.012180
3300	4	-1	4	0	0:00:00.996631
3320	2	7	7	0	0:00:00.979781
3340	6	6	6	1	0:00:00.990734
3360	4	6	6	0	0:00:00.998542
3380	8	8	8	1	0:00:00.989651
3400	6	1	1	0	0:00:00.985538
3420	5	6	6	0	0:00:00.982746
3440	2	9	9	0	0:00:01.002738
3460	1	1	1	1	0:00:00.993153
3480	2	2	2	1	0:00:01.007806
3500	1	1	1	1	0:00:01.001977
3520	1	1	1	1	0:00:00.988921
3540	6	-1	8	0	0:00:00.989862
3560	1	9	9	0	0:00:00.992913
3580	4	1	1	0	0:00:00.987803
3600	4	2	2	0	0:00:00.997949
3620	0	7	6	0	0:00:00.996157
3640	6	2	0	0	0:00:00.995120
3660	0	8	8	0	0:00:01.001393
3680	0	2	2	0	0:00:00.996004
3700	3	5	5	0	0:00:01.005602
3720	2	2	2	1	0:00:01.005006
3740	0	0	0	1	0:00:01.003983
3760	7	7	7	1	0:00:00.995740
3780	4	2	2	0	0:00:00.994609
3800	9	3	3	0	0:00:00.996213
3820	0	0	0	1	0:00:00.987541
3840	6	-1	8	0	0:00:00.991756
3860	7	7	7	1	0:00:00.989435
3880	6	4	4	0	0:00:00.981690
3900	3	0	6	0	0:00:00.992088
3920	7	-1	8	0	0:00:01.002333
3940	6	-1	7	0	0:00:00.993032
3960	2	5	5	0	0:00:00.992581
3980	9	7	7	0	0:00:00.990420
4000	8	7	0	0	0:00:01.000058
4020	8	8	8	1	0:00:00.982924
4040	0	0	0	1	0:00:00.987472
4060	6	6	6	1	0:00:00.991297
4080	1	-1	8	0	0:00:00.984476
4100	7	7	7	1	0:00:00.982508
4120	4	0	0	0	0:00:00.999111
4140	5	-1	3	0	0:00:00.988595
4160	5	2	2	0	0:00:00.997869
4180	0	0	8	1	0:00:00.990021
4200	4	2	2	0	0:00:00.987271
4220	4	0	0	0	0:00:00.973082
4240	7	8	8	0	0:00:00.975719
4260	8	8	8	1	0:00:00.984285
4280	8	8	8	1	0:00:00.929938
4300	8	8	8	1	0:00:00.981073
4320	1	8	8	0	0:00:00.983333
4340	0	0	0	1	0:00:00.991246
4360	6	9	9	0	0:00:00.986059
4380	9	9	9	1	0:00:00.986882
4400	3	6	8	0	0:00:00.996790
4420	5	8	8	0	0:00:00.990887
4440	2	6	6	0	0:00:00.995302
4460	9	-1	8	0	0:00:00.993111
4480	9	9	6	1	0:00:01.011073
4500	3	7	7	0	0:00:00.982733
4520	3	6	6	0	0:00:00.988982
4540	9	9	9	1	0:00:00.994030
4560	1	1	1	1	0:00:00.990956
4580	6	6	6	1	0:00:00.991949
4600	4	7	7	0	0:00:00.991446
4620	7	3	3	0	0:00:00.988657
4640	2	5	5	0	0:00:01.005498
4660	7	6	2	0	0:00:00.992193
4680	9	1	1	0	0:00:00.995666
4700	6	1	4	0	0:00:00.986401
4720	8	0	0	0	0:00:00.999350
4740	5	6	6	0	0:00:00.997102
4760	3	2	2	0	0:00:00.996499
4780	0	-1	0	0	0:00:00.981832
4800	9	9	9	1	0:00:00.978294
4820	3	5	5	0	0:00:00.999685
4840	0	0	0	1	0:00:00.997220
4860	5	5	5	1	0:00:00.998827
4880	0	2	2	0	0:00:00.998649
4900	3	1	1	0	0:00:00.983643
4920	7	7	0	1	0:00:00.976594
4940	6	6	6	1	0:00:00.985988
4960	4	6	6	0	0:00:01.000940
4980	1	9	9	0	0:00:01.001129
5000	7	7	7	1	0:00:00.990504
5020	8	8	8	1	0:00:00.976610
5040	3	4	4	0	0:00:00.981699
5060	6	6	6	1	0:00:00.974698
5080	7	7	7	1	0:00:00.995341
5100	3	4	4	0	0:00:00.993336
5120	9	8	8	0	0:00:00.986726
5140	8	8	8	1	0:00:00.984702
5160	0	8	8	0	0:00:00.990404
5180	9	6	6	0	0:00:00.978135
5200	3	3	3	1	0:00:00.990601
5220	0	0	0	1	0:00:00.992397
5240	1	9	3	0	0:00:00.986410
5260	0	0	0	1	0:00:00.993585
5280	0	8	8	0	0:00:00.994739
5300	9	1	1	0	0:00:00.990072
5320	7	7	7	1	0:00:00.996711
5340	3	-1	2	0	0:00:00.991760
5360	9	9	9	1	0:00:00.992010
5380	1	9	9	0	0:00:00.990437
5400	9	0	0	0	0:00:00.987094
5420	6	6	6	1	0:00:00.985110
5440	9	9	9	1	0:00:00.979982
5460	0	-1	2	0	0:00:00.988094
5480	1	-1	8	0	0:00:00.997486
5500	8	1	8	0	0:00:00.993157
5520	4	5	5	0	0:00:00.990814
5540	5	6	6	0	0:00:00.986756
5560	3	6	6	0	0:00:00.989196
5580	5	6	6	0	0:00:00.987502
5600	6	8	8	0	0:00:00.977334
5620	3	-1	4	0	0:00:00.982468
5640	2	3	3	0	0:00:00.989778
5660	9	8	8	0	0:00:00.988423
5680	2	1	8	0	0:00:00.988498
5700	3	6	6	0	0:00:00.989500
5720	9	9	9	1	0:00:00.983180
5740	6	6	6	1	0:00:00.972667
5760	2	2	8	1	0:00:00.994950
5780	7	7	7	1	0:00:00.994855
5800	2	6	6	0	0:00:00.984332
5820	5	6	6	0	0:00:00.998257
5840	2	6	6	0	0:00:01.002163
5860	0	8	8	0	0:00:00.993586
5880	0	-1	0	0	0:00:00.981745
5900	4	-1	4	0	0:00:00.975437
5920	8	8	8	1	0:00:00.980963
5940	7	4	4	0	0:00:00.989996
5960	2	7	7	0	0:00:00.990823
5980	9	9	9	1	0:00:00.990171
6000	8	-1	8	0	0:00:00.994552
6020	6	6	6	1	0:00:00.986804
6040	2	7	7	0	0:00:00.993969
6060	3	-1	4	0	0:00:00.995896
6080	1	1	1	1	0:00:00.998258
6100	1	1	8	1	0:00:00.990943
6120	5	5	5	1	0:00:01.000219
6140	9	9	9	1	0:00:00.995591
6160	2	5	5	0	0:00:00.995249
6180	0	-1	8	0	0:00:00.996765
6200	3	-1	3	0	0:00:00.995003
6220	2	6	6	0	0:00:01.003391
6240	2	-1	6	0	0:00:00.994578
6260	2	9	9	0	0:00:01.007975
6280	8	5	5	0	0:00:01.011720
6300	1	-1	4	0	0:00:00.997382
6320	0	0	0	1	0:00:00.992242
6340	3	3	3	1	0:00:00.993432
6360	2	-1	2	0	0:00:00.997878
6380	3	1	6	0	0:00:00.993563
6400	0	1	1	0	0:00:00.995165
6420	7	-1	7	0	0:00:00.996350
6440	3	8	8	0	0:00:01.007506
6460	3	1	1	0	0:00:01.006379
6480	0	0	0	1	0:00:00.997169
6500	7	0	0	0	0:00:00.999820
6520	6	-1	4	0	0:00:01.008476
6540	8	8	8	1	0:00:00.996037
6560	6	6	6	1	0:00:00.992370
6580	1	8	8	0	0:00:00.984560
6600	7	7	7	1	0:00:00.992643
6620	7	7	7	1	0:00:00.991760
6640	5	3	3	0	0:00:00.996066
6660	0	0	0	1	0:00:00.990532
6680	3	3	3	1	0:00:00.987414
6700	6	6	6	1	0:00:01.009314
6720	2	2	2	1	0:00:00.999737
6740	2	6	6	0	0:00:00.993517
6760	5	-1	2	0	0:00:00.996655
6780	7	7	7	1	0:00:00.992908
6800	6	6	6	1	0:00:00.994977
6820	1	1	1	1	0:00:01.000365
6840	9	1	1	0	0:00:00.997162
6860	0	0	0	1	0:00:00.996216
6880	2	7	7	0	0:00:00.998411
6900	3	7	7	0	0:00:00.988214
6920	5	2	2	0	0:00:00.978818
6940	1	1	1	1	0:00:01.000279
6960	9	8	8	0	0:00:00.980543
6980	0	9	9	0	0:00:00.987393
7000	2	8	8	0	0:00:00.987633
7020	7	7	7	1	0:00:00.998318
7040	7	8	8	0	0:00:00.990113
7060	8	-1	8	0	0:00:00.990298
7080	5	4	4	0	0:00:00.993364
7100	9	3	3	0	0:00:00.989197
7120	7	7	7	1	0:00:00.985873
7140	4	4	4	1	0:00:00.987306
7160	5	4	4	0	0:00:00.981946
7180	6	6	6	1	0:00:00.980251
7200	4	6	6	0	0:00:00.993968
7220	9	8	8	0	0:00:00.984803
7240	0	8	8	0	0:00:00.964747
7260	1	8	8	0	0:00:00.991642
7280	1	1	6	1	0:00:00.981564
7300	3	-1	0	0	0:00:00.975256
7320	8	0	0	0	0:00:01.016519
7340	2	4	4	0	0:00:00.990736
7360	2	5	5	0	0:00:00.996545
7380	7	7	7	1	0:00:00.995857
7400	3	9	9	0	0:00:00.999443
7420	3	0	0	0	0:00:00.984051
7440	3	6	6	0	0:00:00.994009
7460	5	5	5	1	0:00:01.001472
7480	1	5	5	0	0:00:00.994077
7500	6	6	6	1	0:00:00.983893
7520	4	6	6	0	0:00:00.977098
7540	5	5	5	1	0:00:00.980532
7560	0	-1	2	0	0:00:00.977728
7580	8	8	8	1	0:00:00.973614
7600	8	9	9	0	0:00:00.973401
7620	5	3	3	0	0:00:00.972742
7640	9	-1	8	0	0:00:00.979942
7660	7	1	1	0	0:00:00.982206
7680	3	9	9	0	0:00:00.982805
7700	6	6	6	1	0:00:00.988605
7720	5	-1	8	0	0:00:00.995100
7740	4	6	2	0	0:00:00.987856
7760	2	9	9	0	0:00:00.989481
7780	3	1	1	0	0:00:00.993441
7800	0	0	0	1	0:00:00.979885
7820	5	8	8	0	0:00:00.987111
7840	1	1	1	1	0:00:00.996646
7860	8	1	4	0	0:00:01.002143
7880	0	4	4	0	0:00:01.001060
7900	0	8	8	0	0:00:00.986949
7920	9	8	8	0	0:00:01.007653
7940	2	6	6	0	0:00:00.989597
7960	0	0	0	1	0:00:00.980269
7980	3	7	4	0	0:00:00.988356
8000	9	9	9	1	0:00:00.983727
8020	6	6	6	1	0:00:00.977503
8040	2	6	6	0	0:00:00.994225
8060	6	6	6	1	0:00:00.991872
8080	4	6	6	0	0:00:00.997993
8100	6	2	2	0	0:00:00.994669
8120	8	9	8	0	0:00:00.994054
8140	5	-1	6	0	0:00:00.996306
8160	6	-1	6	0	0:00:00.972733
8180	4	6	6	0	0:00:00.984152
8200	3	6	6	0	0:00:01.005442
8220	6	6	6	1	0:00:00.985833
8240	7	7	7	1	0:00:00.982852
8260	1	1	1	1	0:00:00.986628
8280	4	5	5	0	0:00:01.003414
8300	5	2	2	0	0:00:01.007207
8320	7	4	4	0	0:00:01.004713
8340	5	5	5	1	0:00:00.986063
8360	7	7	7	1	0:00:00.993266
8380	9	8	8	0	0:00:00.995326
8400	0	8	8	0	0:00:01.003975
8420	3	6	4	0	0:00:00.993064
8440	5	-1	4	0	0:00:01.003693
8460	8	8	8	1	0:00:00.998760
8480	2	1	8	0	0:00:00.990937
8500	4	2	2	0	0:00:00.983452
8520	8	6	6	0	0:00:01.013888
8540	4	6	4	0	0:00:01.009383
8560	7	7	7	1	0:00:01.000170
8580	3	1	1	0	0:00:01.010870
8600	3	7	7	0	0:00:00.999523
8620	3	-1	4	0	0:00:01.006320
8640	1	1	1	1	0:00:00.989569
8660	7	5	5	0	0:00:00.991230
8680	3	9	0	0	0:00:01.002570
8700	3	5	5	0	0:00:00.994776
8720	2	0	0	0	0:00:00.998948
8740	2	6	6	0	0:00:00.992710
8760	8	8	8	1	0:00:00.996508
8780	4	4	4	1	0:00:00.988836
8800	0	0	0	1	0:00:00.993769
8820	2	2	2	1	0:00:01.013442
8840	2	1	1	0	0:00:01.001752
8860	2	-1	2	0	0:00:00.993787
8880	1	1	6	1	0:00:00.997133
8900	2	-1	4	0	0:00:00.982626
8920	6	6	6	1	0:00:00.986933
8940	6	3	3	0	0:00:00.994769
8960	0	0	0	1	0:00:00.995770
8980	9	9	9	1	0:00:00.982350
9000	8	8	8	1	0:00:00.996888
9020	7	-1	7	0	0:00:00.992177
9040	2	5	5	0	0:00:00.998993
9060	9	5	5	0	0:00:00.998243
9080	3	0	0	0	0:00:00.990216
9100	9	6	6	0	0:00:00.992459
9120	3	0	0	0	0:00:00.992442
9140	7	8	8	0	0:00:01.002624
9160	5	5	5	1	0:00:01.006335
9180	5	5	5	1	0:00:00.999507
9200	8	8	8	1	0:00:00.998746
9220	8	8	8	1	0:00:00.989962
9240	8	8	8	1	0:00:01.000876
9260	5	5	5	1	0:00:01.002799
9280	9	0	8	0	0:00:01.004200
9300	5	5	2	1	0:00:01.010818
9320	9	9	8	1	0:00:00.999318
9340	1	1	1	1	0:00:00.989834
9360	5	-1	6	0	0:00:00.989504
9380	5	9	9	0	0:00:01.002960
9400	6	6	6	1	0:00:00.996134
9420	5	-1	6	0	0:00:00.996526
9440	8	8	8	1	0:00:01.012697
9460	3	6	6	0	0:00:01.003147
9480	2	6	4	0	0:00:00.999372
9500	9	1	1	0	0:00:01.005488
9520	1	1	1	1	0:00:00.982627
9540	5	5	5	1	0:00:00.985258
9560	9	7	7	0	0:00:01.004176
9580	1	4	4	0	0:00:01.052252
9600	8	8	8	1	0:00:00.998245
9620	4	7	7	0	0:00:00.980542
9640	5	0	0	0	0:00:00.996120
9660	6	6	6	1	0:00:00.984811
9680	8	8	8	1	0:00:01.008749
9700	0	0	0	1	0:00:00.988667
9720	8	-1	6	0	0:00:00.993640
9740	3	6	6	0	0:00:01.004248
9760	9	9	7	1	0:00:01.017130
9780	4	6	6	0	0:00:01.027012
9800	1	1	1	1	0:00:01.010973
9820	0	8	8	0	0:00:00.987721
9840	4	7	7	0	0:00:00.992786
9860	0	-1	8	0	0:00:00.982675
9880	7	-1	4	0	0:00:01.002948
9900	8	0	0	0	0:00:01.001301
9920	6	6	6	1	0:00:00.988441
9940	4	5	5	0	0:00:00.975331
9960	2	0	0	0	0:00:00.968633
9980	0	0	0	1	0:00:00.966057
