idx	label	predict	basePredict	correct	time
0	3	3	3	1	0:00:15.834456
20	7	5	5	0	0:00:15.727020
40	4	4	4	1	0:00:15.688391
60	7	7	7	1	0:00:15.810129
80	8	8	8	1	0:00:15.751544
100	4	5	5	0	0:00:15.750851
120	8	1	8	0	0:00:15.758959
140	6	6	2	1	0:00:15.701098
160	2	2	2	1	0:00:16.103143
180	0	0	0	1	0:00:15.723187
200	5	5	5	1	0:00:15.963766
220	7	5	5	0	0:00:15.786791
240	1	1	1	1	0:00:15.792849
260	8	8	8	1	0:00:16.261913
280	9	0	0	0	0:00:15.718925
300	6	6	6	1	0:00:15.853601
320	3	5	5	0	0:00:15.752368
340	2	4	4	0	0:00:15.721466
360	9	9	5	1	0:00:15.828271
380	6	6	2	1	0:00:15.719056
400	9	9	9	1	0:00:15.765810
420	4	4	4	1	0:00:15.777879
440	1	1	1	1	0:00:15.833985
460	5	5	5	1	0:00:15.751768
480	8	9	8	0	0:00:15.703289
500	4	3	3	0	0:00:15.774215
520	5	5	5	1	0:00:15.752598
540	1	1	1	1	0:00:15.777036
560	0	0	0	1	0:00:15.721640
580	4	4	4	1	0:00:15.701957
600	8	8	8	1	0:00:15.786868
620	7	7	7	1	0:00:15.732292
640	5	3	3	0	0:00:15.747965
660	9	9	8	1	0:00:15.775270
680	9	9	2	1	0:00:15.699239
700	7	7	7	1	0:00:15.718930
720	4	4	4	1	0:00:15.810089
740	2	5	5	0	0:00:15.731837
760	3	3	3	1	0:00:15.742826
780	9	9	9	1	0:00:15.725059
800	7	7	7	1	0:00:15.752980
820	6	6	2	1	0:00:15.810665
840	7	7	7	1	0:00:15.759442
860	4	7	2	0	0:00:15.747643
880	8	8	8	1	0:00:15.801184
900	2	6	6	0	0:00:15.713648
920	6	6	4	1	0:00:15.720064
940	9	9	9	1	0:00:15.735163
960	9	3	3	0	0:00:15.737197
980	2	4	2	0	0:00:15.704734
1000	5	5	5	1	0:00:15.050740
1020	1	1	1	1	0:00:15.103767
1040	7	5	5	0	0:00:15.096163
1060	9	9	9	1	0:00:15.197984
1080	6	6	6	1	0:00:15.044159
1100	7	8	8	0	0:00:15.032666
1120	5	2	2	0	0:00:15.066661
1140	6	6	5	1	0:00:15.052393
1160	8	8	8	1	0:00:15.119574
1180	3	3	3	1	0:00:15.026387
1200	8	8	8	1	0:00:15.032029
1220	9	6	3	0	0:00:15.070978
1240	2	6	6	0	0:00:15.028592
1260	1	9	9	0	0:00:15.033732
1280	3	3	3	1	0:00:15.047634
1300	4	3	3	0	0:00:15.027906
1320	7	7	2	1	0:00:15.063720
1340	1	1	1	1	0:00:15.069003
1360	7	7	4	1	0:00:15.161465
1380	4	5	5	0	0:00:14.980153
1400	5	3	5	0	0:00:15.031265
1420	4	7	7	0	0:00:15.055871
1440	0	0	8	1	0:00:15.104894
1460	6	6	2	1	0:00:15.053566
1480	1	5	5	0	0:00:15.042947
1500	1	1	1	1	0:00:15.051960
1520	7	7	4	1	0:00:15.010065
1540	8	8	8	1	0:00:15.042802
1560	7	7	7	1	0:00:15.102493
1580	6	3	3	0	0:00:15.095731
1600	8	9	3	0	0:00:15.073442
1620	5	8	8	0	0:00:15.107727
1640	7	3	3	0	0:00:15.120347
1660	3	3	3	1	0:00:15.083697
1680	6	6	3	1	0:00:15.060219
1700	5	3	3	0	0:00:15.042337
1720	4	4	3	1	0:00:15.052870
1740	1	1	1	1	0:00:15.210083
1760	0	0	0	1	0:00:15.032980
1780	7	7	4	1	0:00:15.188153
1800	4	4	2	1	0:00:15.028371
1820	8	8	8	1	0:00:15.057972
1840	8	7	4	0	0:00:15.093725
1860	8	8	8	1	0:00:15.128426
1880	1	1	1	1	0:00:15.184136
1900	8	8	8	1	0:00:15.136181
1920	2	2	2	1	0:00:15.091002
1940	5	2	2	0	0:00:15.084723
1960	2	5	5	0	0:00:15.049514
1980	9	9	9	1	0:00:15.108463
2000	1	1	1	1	0:00:15.050938
2020	9	9	9	1	0:00:15.147960
2040	0	0	0	1	0:00:15.087263
2060	5	3	3	0	0:00:15.123231
2080	1	9	9	0	0:00:14.990602
2100	2	2	2	1	0:00:14.998345
2120	4	8	8	0	0:00:15.004910
2140	9	9	9	1	0:00:15.065574
2160	0	0	8	1	0:00:15.079650
2180	4	4	4	1	0:00:15.088714
2200	0	0	0	1	0:00:15.058254
2220	1	1	1	1	0:00:15.122333
2240	9	9	1	1	0:00:15.104496
2260	4	4	4	1	0:00:15.054220
2280	4	4	8	1	0:00:15.028269
2300	3	4	4	0	0:00:15.094990
2320	5	2	2	0	0:00:15.105347
2340	7	7	7	1	0:00:15.169453
2360	7	5	5	0	0:00:15.058613
2380	8	8	8	1	0:00:15.172886
2400	0	0	0	1	0:00:15.168936
2420	8	1	3	0	0:00:15.038016
2440	7	7	7	1	0:00:15.089284
2460	9	4	4	0	0:00:15.055826
2480	8	8	8	1	0:00:15.031168
2500	4	6	4	0	0:00:15.062585
2520	1	8	8	0	0:00:15.039303
2540	2	6	2	0	0:00:15.026033
2560	7	7	5	1	0:00:14.993867
2580	6	5	5	0	0:00:15.020753
2600	8	8	8	1	0:00:15.044353
2620	1	1	1	1	0:00:15.089395
2640	7	7	7	1	0:00:15.044495
2660	3	2	2	0	0:00:15.165980
2680	0	0	0	1	0:00:15.036660
2700	9	1	1	0	0:00:15.072438
2720	3	3	3	1	0:00:15.095870
2740	1	7	2	0	0:00:15.073895
2760	2	2	2	1	0:00:15.038944
2780	7	7	7	1	0:00:15.021865
2800	4	4	3	1	0:00:15.016556
2820	6	6	6	1	0:00:15.063143
2840	3	3	3	1	0:00:15.103799
2860	5	4	4	0	0:00:15.123745
2880	4	4	4	1	0:00:15.108174
2900	3	7	2	0	0:00:15.069473
2920	2	3	2	0	0:00:15.018673
2940	3	0	0	0	0:00:15.062665
2960	9	0	0	0	0:00:15.049389
2980	8	8	8	1	0:00:15.007956
3000	5	5	5	1	0:00:15.073803
3020	1	1	1	1	0:00:15.067188
3040	7	7	7	1	0:00:15.179731
3060	7	7	7	1	0:00:15.092789
3080	1	9	9	0	0:00:15.088922
3100	0	0	0	1	0:00:15.132757
3120	4	4	3	1	0:00:15.076742
3140	8	8	8	1	0:00:15.045755
3160	6	2	2	0	0:00:15.119864
3180	3	6	3	0	0:00:15.143887
3200	5	5	5	1	0:00:15.090771
3220	3	9	3	0	0:00:15.186270
3240	4	0	0	0	0:00:15.067462
3260	7	7	7	1	0:00:15.117366
3280	3	5	5	0	0:00:15.078069
3300	4	4	2	1	0:00:15.112416
3320	2	7	7	0	0:00:15.097251
3340	6	6	0	1	0:00:15.033350
3360	4	4	3	1	0:00:15.012100
3380	8	8	8	1	0:00:15.094542
3400	6	4	4	0	0:00:15.128033
3420	5	7	7	0	0:00:15.044848
3440	2	3	3	0	0:00:15.136525
3460	1	1	1	1	0:00:15.029235
3480	2	2	2	1	0:00:15.049121
3500	1	9	9	0	0:00:15.035655
3520	1	1	1	1	0:00:15.008649
3540	6	6	3	1	0:00:15.010418
3560	1	9	9	0	0:00:15.172944
3580	4	4	4	1	0:00:15.096085
3600	4	2	2	0	0:00:15.122849
3620	0	0	5	1	0:00:15.077910
3640	6	2	2	0	0:00:15.101664
3660	0	0	8	1	0:00:15.075046
3680	0	4	0	0	0:00:15.030499
3700	3	3	3	1	0:00:15.075987
3720	2	2	2	1	0:00:15.139591
3740	0	0	0	1	0:00:15.095862
3760	7	7	7	1	0:00:15.031204
3780	4	4	2	1	0:00:15.104401
3800	9	9	9	1	0:00:15.083848
3820	0	0	2	1	0:00:15.095663
3840	6	3	3	0	0:00:15.133277
3860	7	7	7	1	0:00:15.029148
3880	6	6	5	1	0:00:15.008404
3900	3	6	6	0	0:00:15.042167
3920	7	7	7	1	0:00:15.122786
3940	6	2	2	0	0:00:15.070412
3960	2	2	2	1	0:00:15.033238
3980	9	9	2	1	0:00:15.055974
4000	8	4	8	0	0:00:15.034983
4020	8	8	8	1	0:00:15.098220
4040	0	0	0	1	0:00:15.084131
4060	6	6	6	1	0:00:14.988929
4080	1	1	1	1	0:00:15.031987
4100	7	7	7	1	0:00:15.026695
4120	4	4	4	1	0:00:15.021534
4140	5	5	3	1	0:00:15.016901
4160	5	3	2	0	0:00:15.081345
4180	0	8	8	0	0:00:15.001798
4200	4	2	2	0	0:00:15.104848
4220	4	0	0	0	0:00:15.085966
4240	7	0	0	0	0:00:15.066269
4260	8	8	8	1	0:00:15.036232
4280	8	0	0	0	0:00:15.143239
4300	8	8	8	1	0:00:15.141646
4320	1	9	8	0	0:00:15.099750
4340	0	0	0	1	0:00:14.996570
4360	6	6	6	1	0:00:15.063726
4380	9	9	9	1	0:00:15.186980
4400	3	4	5	0	0:00:15.060907
4420	5	5	5	1	0:00:15.003116
4440	2	4	2	0	0:00:15.070107
4460	9	9	9	1	0:00:15.013406
4480	9	9	9	1	0:00:15.052623
4500	3	5	5	0	0:00:15.006199
4520	3	6	3	0	0:00:15.068906
4540	9	9	9	1	0:00:15.086281
4560	1	1	1	1	0:00:15.040467
4580	6	6	4	1	0:00:14.995158
4600	4	4	4	1	0:00:15.087637
4620	7	3	3	0	0:00:15.059590
4640	2	2	2	1	0:00:15.120674
4660	7	4	4	0	0:00:15.075354
4680	9	9	9	1	0:00:15.029172
4700	6	5	5	0	0:00:15.007782
4720	8	8	8	1	0:00:15.062161
4740	5	3	3	0	0:00:15.031442
4760	3	2	2	0	0:00:15.137423
4780	0	0	0	1	0:00:15.043012
4800	9	9	9	1	0:00:15.161860
4820	3	3	3	1	0:00:15.149256
4840	0	0	0	1	0:00:15.083370
4860	5	5	5	1	0:00:15.034936
4880	0	8	8	0	0:00:15.066870
4900	3	3	3	1	0:00:15.019583
4920	7	7	7	1	0:00:15.127304
4940	6	6	4	1	0:00:15.044756
4960	4	4	3	1	0:00:15.008023
4980	1	9	9	0	0:00:15.028413
5000	7	7	7	1	0:00:15.055714
5020	8	8	8	1	0:00:15.053123
5040	3	3	3	1	0:00:15.069118
5060	6	6	2	1	0:00:15.007328
5080	7	7	7	1	0:00:15.095822
5100	3	3	3	1	0:00:15.078727
5120	9	9	8	1	0:00:15.028066
5140	8	8	8	1	0:00:15.085853
5160	0	0	8	1	0:00:15.054752
5180	9	7	7	0	0:00:15.011717
5200	3	3	3	1	0:00:15.084773
5220	0	0	0	1	0:00:15.084020
5240	1	1	1	1	0:00:15.046025
5260	0	0	0	1	0:00:15.000348
5280	0	4	4	0	0:00:15.173191
5300	9	9	9	1	0:00:15.127171
5320	7	7	7	1	0:00:15.099792
5340	3	4	4	0	0:00:15.101504
5360	9	9	9	1	0:00:15.019252
5380	1	9	9	0	0:00:15.099125
5400	9	9	9	1	0:00:15.029621
5420	6	6	6	1	0:00:15.103220
5440	9	9	9	1	0:00:15.017850
5460	0	0	0	1	0:00:15.140113
5480	1	1	1	1	0:00:15.064792
5500	8	8	8	1	0:00:15.008112
5520	4	4	3	1	0:00:15.045853
5540	5	-1	5	0	0:00:15.078436
5560	3	5	5	0	0:00:15.066628
5580	5	6	3	0	0:00:15.045153
5600	6	5	3	0	0:00:15.169846
5620	3	6	2	0	0:00:15.071748
5640	2	5	2	0	0:00:15.012008
5660	9	1	8	0	0:00:15.007911
5680	2	3	3	0	0:00:15.112627
5700	3	3	3	1	0:00:15.098465
5720	9	9	9	1	0:00:15.161477
5740	6	6	2	1	0:00:14.994027
5760	2	2	2	1	0:00:15.109980
5780	7	7	7	1	0:00:15.106026
5800	2	2	2	1	0:00:15.174210
5820	5	5	5	1	0:00:15.112833
5840	2	2	3	1	0:00:15.158999
5860	0	0	0	1	0:00:15.152594
5880	0	0	0	1	0:00:15.107460
5900	4	3	0	0	0:00:15.137799
5920	8	8	8	1	0:00:15.087376
5940	7	2	3	0	0:00:15.107733
5960	2	6	2	0	0:00:15.046655
5980	9	9	9	1	0:00:15.077737
6000	8	8	8	1	0:00:15.033585
6020	6	6	6	1	0:00:15.083858
6040	2	5	7	0	0:00:15.082011
6060	3	4	5	0	0:00:15.070798
6080	1	1	1	1	0:00:15.058871
6100	1	1	1	1	0:00:15.072469
6120	5	5	5	1	0:00:15.092518
6140	9	9	1	1	0:00:15.033070
6160	2	5	2	0	0:00:15.166781
6180	0	0	8	1	0:00:15.146703
6200	3	2	2	0	0:00:15.034425
6220	2	5	5	0	0:00:15.073202
6240	2	2	0	1	0:00:15.038542
6260	2	2	2	1	0:00:15.085064
6280	8	5	5	0	0:00:15.032954
6300	1	1	1	1	0:00:15.007231
6320	0	0	0	1	0:00:15.072436
6340	3	7	3	0	0:00:15.080763
6360	2	2	2	1	0:00:15.251874
6380	3	6	3	0	0:00:15.163569
6400	0	0	0	1	0:00:15.018141
6420	7	7	7	1	0:00:15.040282
6440	3	6	2	0	0:00:15.092727
6460	3	3	3	1	0:00:15.047958
6480	0	0	0	1	0:00:15.036482
6500	7	6	8	0	0:00:15.069154
6520	6	2	2	0	0:00:15.146811
6540	8	8	8	1	0:00:15.045047
6560	6	5	5	0	0:00:15.112257
6580	1	8	8	0	0:00:15.105201
6600	7	7	7	1	0:00:15.138356
6620	7	7	7	1	0:00:15.116219
6640	5	3	3	0	0:00:15.002230
6660	0	0	1	1	0:00:15.025961
6680	3	5	5	0	0:00:15.182885
6700	6	6	6	1	0:00:14.996804
6720	2	2	2	1	0:00:15.027357
6740	2	4	4	0	0:00:15.057142
6760	5	5	5	1	0:00:15.121523
6780	7	7	7	1	0:00:15.077727
6800	6	4	4	0	0:00:15.145310
6820	1	1	1	1	0:00:15.108540
6840	9	9	9	1	0:00:15.139384
6860	0	0	0	1	0:00:15.089041
6880	2	2	2	1	0:00:15.025093
6900	3	3	3	1	0:00:15.056242
6920	5	4	2	0	0:00:15.160651
6940	1	1	1	1	0:00:15.087300
6960	9	9	8	1	0:00:15.063744
6980	0	0	0	1	0:00:15.165043
7000	2	8	8	0	0:00:15.036099
7020	7	7	7	1	0:00:15.027715
7040	7	8	8	0	0:00:15.038136
7060	8	8	8	1	0:00:15.045815
7080	5	4	4	0	0:00:15.059029
7100	9	3	3	0	0:00:15.023139
7120	7	-1	5	0	0:00:15.077035
7140	4	3	3	0	0:00:15.084208
7160	5	5	5	1	0:00:15.041168
7180	6	6	3	1	0:00:15.104162
7200	4	3	2	0	0:00:15.154719
7220	9	9	9	1	0:00:15.041566
7240	0	0	8	1	0:00:15.016806
7260	1	1	1	1	0:00:15.045931
7280	1	9	3	0	0:00:15.047344
7300	3	4	5	0	0:00:15.086521
7320	8	0	0	0	0:00:15.126692
7340	2	2	0	1	0:00:15.188017
7360	2	2	2	1	0:00:15.095426
7380	7	7	7	1	0:00:15.081166
7400	3	5	5	0	0:00:15.081350
7420	3	4	4	0	0:00:15.021665
7440	3	3	3	1	0:00:15.061933
7460	5	5	5	1	0:00:15.068228
7480	1	1	8	1	0:00:15.024930
7500	6	6	6	1	0:00:15.011867
7520	4	4	4	1	0:00:15.047358
7540	5	5	5	1	0:00:15.013904
7560	0	0	0	1	0:00:15.025268
7580	8	8	8	1	0:00:15.039222
7600	8	2	2	0	0:00:15.011747
7620	5	3	3	0	0:00:15.087390
7640	9	8	8	0	0:00:15.107366
7660	7	7	4	1	0:00:15.081532
7680	3	5	5	0	0:00:15.014782
7700	6	6	6	1	0:00:15.023899
7720	5	2	2	0	0:00:15.114819
7740	4	4	2	1	0:00:15.103951
7760	2	0	8	0	0:00:15.110082
7780	3	8	8	0	0:00:15.116189
7800	0	0	0	1	0:00:15.119324
7820	5	5	0	1	0:00:15.128778
7840	1	1	1	1	0:00:15.097783
7860	8	8	8	1	0:00:15.033937
7880	0	0	0	1	0:00:15.016010
7900	0	4	8	0	0:00:15.070705
7920	9	9	9	1	0:00:15.098106
7940	2	6	6	0	0:00:15.145278
7960	0	3	0	0	0:00:15.176035
7980	3	3	3	1	0:00:15.088152
8000	9	9	9	1	0:00:15.118180
8020	6	7	3	0	0:00:15.062164
8040	2	2	2	1	0:00:15.046169
8060	6	6	5	1	0:00:15.018728
8080	4	4	3	1	0:00:15.065063
8100	6	2	2	0	0:00:15.106085
8120	8	9	8	0	0:00:15.053057
8140	5	7	3	0	0:00:15.053925
8160	6	6	6	1	0:00:15.075652
8180	4	4	4	1	0:00:15.007975
8200	3	6	3	0	0:00:15.085422
8220	6	5	5	0	0:00:15.147311
8240	7	7	4	1	0:00:15.144006
8260	1	1	1	1	0:00:15.094360
8280	4	4	4	1	0:00:15.169527
8300	5	4	2	0	0:00:14.995237
8320	7	7	7	1	0:00:15.063054
8340	5	3	5	0	0:00:15.025598
8360	7	7	7	1	0:00:15.067725
8380	9	9	9	1	0:00:15.147523
8400	0	9	9	0	0:00:15.105044
8420	3	6	6	0	0:00:15.022867
8440	5	3	3	0	0:00:15.034816
8460	8	8	8	1	0:00:15.036579
8480	2	2	2	1	0:00:15.048387
8500	4	4	4	1	0:00:15.092805
8520	8	8	8	1	0:00:15.084161
8540	4	2	2	0	0:00:15.040799
8560	7	7	7	1	0:00:15.043227
8580	3	5	5	0	0:00:15.095564
8600	3	2	2	0	0:00:15.056113
8620	3	2	5	0	0:00:15.161503
8640	1	1	1	1	0:00:15.099852
8660	7	7	7	1	0:00:15.058423
8680	3	7	3	0	0:00:15.080926
8700	3	3	3	1	0:00:15.053333
8720	2	0	0	0	0:00:15.013188
8740	2	2	5	1	0:00:15.035758
8760	8	8	8	1	0:00:15.120157
8780	4	4	4	1	0:00:15.115531
8800	0	0	0	1	0:00:15.124920
8820	2	2	2	1	0:00:15.015760
8840	2	5	2	0	0:00:15.012989
8860	2	2	2	1	0:00:15.007016
8880	1	1	1	1	0:00:15.127131
8900	2	4	4	0	0:00:15.031977
8920	6	6	3	1	0:00:15.005115
8940	6	3	3	0	0:00:15.053050
8960	0	4	2	0	0:00:15.011321
8980	9	9	9	1	0:00:15.021734
9000	8	8	8	1	0:00:15.117718
9020	7	7	7	1	0:00:15.071411
9040	2	5	5	0	0:00:15.127671
9060	9	9	5	1	0:00:15.027321
9080	3	5	3	0	0:00:15.020395
9100	9	1	1	0	0:00:15.027101
9120	3	0	2	0	0:00:15.082871
9140	7	7	4	1	0:00:15.047347
9160	5	3	3	0	0:00:15.058182
9180	5	5	5	1	0:00:15.032204
9200	8	8	8	1	0:00:15.091193
9220	8	8	8	1	0:00:15.065142
9240	8	8	8	1	0:00:15.054938
9260	5	5	5	1	0:00:15.126270
9280	9	8	8	0	0:00:15.183543
9300	5	4	2	0	0:00:15.162265
9320	9	9	9	1	0:00:15.073532
9340	1	1	1	1	0:00:15.089835
9360	5	0	0	0	0:00:15.184115
9380	5	3	3	0	0:00:15.083570
9400	6	6	6	1	0:00:15.108909
9420	5	5	5	1	0:00:15.155810
9440	8	8	8	1	0:00:15.046138
9460	3	7	7	0	0:00:15.043881
9480	2	6	6	0	0:00:15.144815
9500	9	9	2	1	0:00:15.119995
9520	1	1	1	1	0:00:15.027254
9540	5	5	5	1	0:00:15.059357
9560	9	7	3	0	0:00:15.044704
9580	1	1	1	1	0:00:15.056761
9600	8	8	8	1	0:00:15.061968
9620	4	4	4	1	0:00:15.070869
9640	5	5	5	1	0:00:15.020816
9660	6	6	6	1	0:00:15.073859
9680	8	8	8	1	0:00:15.001464
9700	0	0	2	1	0:00:15.063736
9720	8	6	8	0	0:00:15.084318
9740	3	6	2	0	0:00:15.106696
9760	9	5	5	0	0:00:15.139350
9780	4	4	2	1	0:00:15.208807
9800	1	1	1	1	0:00:15.055353
9820	0	8	8	0	0:00:15.097910
9840	4	7	7	0	0:00:15.044745
9860	0	3	8	0	0:00:15.022854
9880	7	8	8	0	0:00:15.024414
9900	8	8	8	1	0:00:15.002377
9920	6	6	6	1	0:00:15.005895
9940	4	5	5	0	0:00:15.134633
9960	2	0	0	0	0:00:15.042274
9980	0	0	0	1	0:00:15.038942
