idx	label	predict	basePredict	correct	time
0	3	4	4	0	0:00:01.001647
20	7	9	9	0	0:00:00.835584
40	4	4	8	1	0:00:00.857483
60	7	7	4	1	0:00:00.840391
80	8	8	8	1	0:00:00.847861
100	4	5	5	0	0:00:00.844898
120	8	8	8	1	0:00:00.839157
140	6	2	2	0	0:00:00.842196
160	2	2	2	1	0:00:00.841876
180	0	0	0	1	0:00:00.879982
200	5	3	3	0	0:00:00.844153
220	7	7	7	1	0:00:00.870868
240	1	1	1	1	0:00:00.848629
260	8	5	5	0	0:00:00.861450
280	9	9	9	1	0:00:00.845935
300	6	6	6	1	0:00:00.857990
320	3	5	5	0	0:00:00.843438
340	2	4	4	0	0:00:00.862868
360	9	4	6	0	0:00:00.846760
380	6	6	8	1	0:00:00.837816
400	9	9	9	1	0:00:00.850243
420	4	6	6	0	0:00:00.864008
440	1	1	1	1	0:00:00.835359
460	5	5	5	1	0:00:00.842203
480	8	9	9	0	0:00:00.847088
500	4	6	2	0	0:00:00.842710
520	5	7	7	0	0:00:00.852063
540	1	9	8	0	0:00:00.857345
560	0	0	0	1	0:00:00.856269
580	4	6	4	0	0:00:00.843689
600	8	8	8	1	0:00:00.867810
620	7	-1	4	0	0:00:00.873465
640	5	3	3	0	0:00:00.836456
660	9	9	9	1	0:00:00.846451
680	9	1	1	0	0:00:00.840715
700	7	7	7	1	0:00:00.863307
720	4	9	9	0	0:00:00.843587
740	2	5	5	0	0:00:00.847820
760	3	9	7	0	0:00:00.840770
780	9	9	8	1	0:00:00.869100
800	7	7	7	1	0:00:00.850398
820	6	9	9	0	0:00:00.847257
840	7	7	7	1	0:00:00.844844
860	4	-1	4	0	0:00:00.852313
880	8	8	8	1	0:00:00.940220
900	2	6	6	0	0:00:00.841145
920	6	2	2	0	0:00:00.864101
940	9	9	9	1	0:00:00.872251
960	9	9	9	1	0:00:00.858329
980	2	6	6	0	0:00:00.875875
1000	5	5	5	1	0:00:00.768896
1020	1	1	8	1	0:00:00.777106
1040	7	5	5	0	0:00:00.760948
1060	9	9	9	1	0:00:00.755399
1080	6	6	6	1	0:00:00.754439
1100	7	8	8	0	0:00:00.760838
1120	5	2	2	0	0:00:00.752944
1140	6	6	4	1	0:00:00.749411
1160	8	0	0	0	0:00:00.761642
1180	3	9	9	0	0:00:00.751549
1200	8	0	0	0	0:00:00.753450
1220	9	7	2	0	0:00:00.759510
1240	2	6	6	0	0:00:00.764518
1260	1	9	9	0	0:00:00.759455
1280	3	7	7	0	0:00:00.754637
1300	4	6	3	0	0:00:00.760079
1320	7	2	2	0	0:00:00.753610
1340	1	1	1	1	0:00:00.760271
1360	7	7	5	1	0:00:00.756459
1380	4	5	5	0	0:00:00.753730
1400	5	5	5	1	0:00:00.754161
1420	4	7	7	0	0:00:00.753016
1440	0	0	0	1	0:00:00.754595
1460	6	6	4	1	0:00:00.756339
1480	1	1	5	1	0:00:00.759648
1500	1	9	1	0	0:00:00.753716
1520	7	-1	4	0	0:00:00.754909
1540	8	8	8	1	0:00:00.753955
1560	7	7	7	1	0:00:00.750764
1580	6	1	1	0	0:00:00.758761
1600	8	9	4	0	0:00:00.757127
1620	5	8	8	0	0:00:00.763412
1640	7	5	3	0	0:00:00.752988
1660	3	5	5	0	0:00:00.752406
1680	6	6	6	1	0:00:00.755098
1700	5	2	2	0	0:00:00.758045
1720	4	0	0	0	0:00:00.758689
1740	1	9	9	0	0:00:00.759580
1760	0	8	8	0	0:00:00.762779
1780	7	9	8	0	0:00:00.757858
1800	4	8	8	0	0:00:00.753254
1820	8	9	9	0	0:00:00.754174
1840	8	7	7	0	0:00:00.758431
1860	8	8	8	1	0:00:00.752378
1880	1	1	8	1	0:00:00.752817
1900	8	8	8	1	0:00:00.762516
1920	2	2	2	1	0:00:00.755482
1940	5	2	2	0	0:00:00.760560
1960	2	5	5	0	0:00:00.748033
1980	9	9	9	1	0:00:00.747435
2000	1	6	6	0	0:00:00.753845
2020	9	9	9	1	0:00:00.754099
2040	0	8	8	0	0:00:00.755358
2060	5	5	5	1	0:00:00.748697
2080	1	1	1	1	0:00:00.751464
2100	2	4	4	0	0:00:00.759025
2120	4	8	8	0	0:00:00.758413
2140	9	9	9	1	0:00:00.746557
2160	0	8	8	0	0:00:00.753289
2180	4	6	6	0	0:00:00.761013
2200	0	0	0	1	0:00:00.757818
2220	1	1	1	1	0:00:00.753509
2240	9	9	9	1	0:00:00.755275
2260	4	-1	4	0	0:00:00.746280
2280	4	8	8	0	0:00:00.749249
2300	3	6	6	0	0:00:00.756847
2320	5	-1	0	0	0:00:00.757047
2340	7	7	7	1	0:00:00.751881
2360	7	7	7	1	0:00:00.755338
2380	8	8	8	1	0:00:00.750876
2400	0	0	0	1	0:00:00.756049
2420	8	5	5	0	0:00:00.755628
2440	7	-1	7	0	0:00:00.759320
2460	9	9	3	1	0:00:00.764023
2480	8	8	8	1	0:00:00.754546
2500	4	6	4	0	0:00:00.756865
2520	1	9	8	0	0:00:00.748586
2540	2	3	3	0	0:00:00.756852
2560	7	-1	4	0	0:00:00.748940
2580	6	6	4	1	0:00:00.743990
2600	8	8	8	1	0:00:00.747615
2620	1	4	4	0	0:00:00.746861
2640	7	7	7	1	0:00:00.749959
2660	3	2	0	0	0:00:00.749089
2680	0	0	0	1	0:00:00.746438
2700	9	-1	3	0	0:00:00.750566
2720	3	8	8	0	0:00:00.755250
2740	1	1	1	1	0:00:00.748259
2760	2	6	6	0	0:00:00.753539
2780	7	7	7	1	0:00:00.752463
2800	4	6	6	0	0:00:00.756502
2820	6	6	6	1	0:00:00.751239
2840	3	3	3	1	0:00:00.755728
2860	5	7	7	0	0:00:00.758166
2880	4	4	4	1	0:00:00.751965
2900	3	5	5	0	0:00:00.757142
2920	2	3	8	0	0:00:00.750529
2940	3	0	0	0	0:00:00.746134
2960	9	9	8	1	0:00:00.742375
2980	8	1	8	0	0:00:00.740008
3000	5	5	5	1	0:00:00.748143
3020	1	-1	8	0	0:00:00.752214
3040	7	7	7	1	0:00:00.755064
3060	7	7	7	1	0:00:00.749572
3080	1	2	2	0	0:00:00.749813
3100	0	0	0	1	0:00:00.751606
3120	4	6	6	0	0:00:00.751909
3140	8	8	8	1	0:00:00.748541
3160	6	4	4	0	0:00:00.758410
3180	3	9	8	0	0:00:00.752284
3200	5	7	7	0	0:00:00.754370
3220	3	9	9	0	0:00:00.763555
3240	4	1	8	0	0:00:00.755758
3260	7	7	7	1	0:00:00.747746
3280	3	5	0	0	0:00:00.753067
3300	4	4	4	1	0:00:00.756328
3320	2	7	7	0	0:00:00.751582
3340	6	6	4	1	0:00:00.753134
3360	4	6	6	0	0:00:00.752081
3380	8	8	8	1	0:00:00.753742
3400	6	1	1	0	0:00:00.748767
3420	5	6	6	0	0:00:00.748204
3440	2	9	9	0	0:00:00.751904
3460	1	1	1	1	0:00:00.752574
3480	2	2	2	1	0:00:00.750551
3500	1	1	1	1	0:00:00.750564
3520	1	1	1	1	0:00:00.757024
3540	6	6	8	1	0:00:00.750304
3560	1	9	8	0	0:00:00.754453
3580	4	1	8	0	0:00:00.759256
3600	4	2	2	0	0:00:00.752861
3620	0	7	7	0	0:00:00.754504
3640	6	2	2	0	0:00:00.751645
3660	0	8	8	0	0:00:00.755202
3680	0	2	2	0	0:00:00.749887
3700	3	5	5	0	0:00:00.750815
3720	2	2	2	1	0:00:00.759644
3740	0	0	0	1	0:00:00.758631
3760	7	7	7	1	0:00:00.760780
3780	4	2	2	0	0:00:00.753095
3800	9	9	3	1	0:00:00.763762
3820	0	0	0	1	0:00:00.755727
3840	6	8	8	0	0:00:00.753370
3860	7	7	7	1	0:00:00.750813
3880	6	4	4	0	0:00:00.763814
3900	3	6	6	0	0:00:00.758892
3920	7	9	9	0	0:00:00.756972
3940	6	-1	4	0	0:00:00.762090
3960	2	5	5	0	0:00:00.752158
3980	9	9	9	1	0:00:00.760381
4000	8	7	0	0	0:00:00.751943
4020	8	8	8	1	0:00:00.757247
4040	0	0	0	1	0:00:00.762432
4060	6	3	0	0	0:00:00.754201
4080	1	1	8	1	0:00:00.754426
4100	7	7	7	1	0:00:00.757868
4120	4	0	0	0	0:00:00.752249
4140	5	2	2	0	0:00:00.756327
4160	5	3	2	0	0:00:00.764740
4180	0	0	8	1	0:00:00.762675
4200	4	2	2	0	0:00:00.761122
4220	4	0	0	0	0:00:00.758519
4240	7	8	8	0	0:00:00.756047
4260	8	8	8	1	0:00:00.757565
4280	8	9	8	0	0:00:00.760112
4300	8	8	8	1	0:00:00.763052
4320	1	8	8	0	0:00:00.757374
4340	0	0	0	1	0:00:00.760662
4360	6	9	9	0	0:00:00.759509
4380	9	9	9	1	0:00:00.757439
4400	3	4	8	0	0:00:00.766407
4420	5	8	8	0	0:00:00.763959
4440	2	6	6	0	0:00:00.764392
4460	9	1	1	0	0:00:00.756139
4480	9	9	6	1	0:00:00.761596
4500	3	7	7	0	0:00:00.758932
4520	3	6	6	0	0:00:00.765327
4540	9	9	9	1	0:00:00.757686
4560	1	1	1	1	0:00:00.759246
4580	6	6	4	1	0:00:00.762844
4600	4	7	7	0	0:00:00.764689
4620	7	3	3	0	0:00:00.764186
4640	2	-1	4	0	0:00:00.764999
4660	7	2	2	0	0:00:00.763392
4680	9	1	1	0	0:00:00.761174
4700	6	1	4	0	0:00:00.756467
4720	8	8	8	1	0:00:00.756996
4740	5	6	6	0	0:00:00.763000
4760	3	2	2	0	0:00:00.760184
4780	0	0	0	1	0:00:00.759351
4800	9	9	9	1	0:00:00.763600
4820	3	5	5	0	0:00:00.766302
4840	0	0	0	1	0:00:00.760388
4860	5	5	5	1	0:00:00.762884
4880	0	-1	2	0	0:00:00.755347
4900	3	1	8	0	0:00:00.760182
4920	7	7	7	1	0:00:00.761023
4940	6	6	2	1	0:00:00.760439
4960	4	6	6	0	0:00:00.758632
4980	1	9	9	0	0:00:00.757881
5000	7	7	7	1	0:00:00.756773
5020	8	8	8	1	0:00:00.759949
5040	3	3	3	1	0:00:00.764339
5060	6	6	6	1	0:00:00.759681
5080	7	7	7	1	0:00:00.760705
5100	3	4	4	0	0:00:00.760737
5120	9	8	8	0	0:00:00.758494
5140	8	8	8	1	0:00:00.762520
5160	0	8	8	0	0:00:00.763771
5180	9	7	7	0	0:00:00.762468
5200	3	3	3	1	0:00:00.759395
5220	0	0	0	1	0:00:00.763026
5240	1	-1	3	0	0:00:00.757921
5260	0	0	0	1	0:00:00.763265
5280	0	8	8	0	0:00:00.765713
5300	9	9	9	1	0:00:00.756908
5320	7	7	7	1	0:00:00.760217
5340	3	4	2	0	0:00:00.761926
5360	9	9	9	1	0:00:00.766400
5380	1	9	9	0	0:00:00.765380
5400	9	0	0	0	0:00:00.755015
5420	6	6	6	1	0:00:00.764652
5440	9	9	9	1	0:00:00.765378
5460	0	2	2	0	0:00:00.762516
5480	1	1	8	1	0:00:00.765697
5500	8	1	8	0	0:00:00.759419
5520	4	5	5	0	0:00:00.759903
5540	5	6	2	0	0:00:00.759011
5560	3	6	5	0	0:00:00.759990
5580	5	6	6	0	0:00:00.761827
5600	6	9	8	0	0:00:00.755661
5620	3	2	2	0	0:00:00.761612
5640	2	3	3	0	0:00:00.762874
5660	9	9	8	1	0:00:00.763493
5680	2	8	8	0	0:00:00.757430
5700	3	6	2	0	0:00:00.762602
5720	9	9	9	1	0:00:00.761269
5740	6	6	4	1	0:00:00.763722
5760	2	2	8	1	0:00:00.755869
5780	7	7	7	1	0:00:00.754977
5800	2	4	4	0	0:00:00.760923
5820	5	6	6	0	0:00:00.762901
5840	2	6	6	0	0:00:00.756235
5860	0	8	8	0	0:00:00.757689
5880	0	0	0	1	0:00:00.757879
5900	4	4	4	1	0:00:00.769645
5920	8	8	8	1	0:00:00.768919
5940	7	4	4	0	0:00:00.769906
5960	2	7	7	0	0:00:00.762392
5980	9	9	9	1	0:00:00.762374
6000	8	9	8	0	0:00:00.764175
6020	6	6	6	1	0:00:00.760694
6040	2	7	7	0	0:00:00.757077
6060	3	4	4	0	0:00:00.758228
6080	1	1	1	1	0:00:00.766090
6100	1	1	8	1	0:00:00.762717
6120	5	5	5	1	0:00:00.758834
6140	9	9	9	1	0:00:00.765173
6160	2	5	5	0	0:00:00.757150
6180	0	9	0	0	0:00:00.762866
6200	3	3	3	1	0:00:00.824605
6220	2	6	6	0	0:00:00.764362
6240	2	6	4	0	0:00:00.763064
6260	2	9	1	0	0:00:00.761523
6280	8	5	5	0	0:00:00.760831
6300	1	1	4	1	0:00:00.765913
6320	0	0	0	1	0:00:00.822707
6340	3	-1	3	0	0:00:00.760675
6360	2	2	2	1	0:00:00.769693
6380	3	-1	4	0	0:00:00.760537
6400	0	1	8	0	0:00:00.763054
6420	7	-1	7	0	0:00:00.764877
6440	3	8	8	0	0:00:00.755996
6460	3	1	0	0	0:00:00.764067
6480	0	0	0	1	0:00:00.761373
6500	7	0	0	0	0:00:00.756225
6520	6	4	4	0	0:00:00.758732
6540	8	8	8	1	0:00:00.762858
6560	6	6	6	1	0:00:00.764893
6580	1	-1	8	0	0:00:00.763737
6600	7	7	7	1	0:00:00.756624
6620	7	7	7	1	0:00:00.761286
6640	5	3	3	0	0:00:00.763367
6660	0	0	0	1	0:00:00.762574
6680	3	5	3	0	0:00:00.758877
6700	6	6	6	1	0:00:00.766909
6720	2	2	2	1	0:00:00.755851
6740	2	6	6	0	0:00:00.756905
6760	5	5	2	1	0:00:00.743806
6780	7	7	7	1	0:00:00.746654
6800	6	6	6	1	0:00:00.755095
6820	1	1	1	1	0:00:00.750921
6840	9	1	1	0	0:00:00.748894
6860	0	0	0	1	0:00:00.749913
6880	2	7	7	0	0:00:00.751787
6900	3	7	7	0	0:00:00.748943
6920	5	2	2	0	0:00:00.750520
6940	1	1	1	1	0:00:00.759028
6960	9	8	8	0	0:00:00.743362
6980	0	9	9	0	0:00:00.748394
7000	2	8	8	0	0:00:00.752009
7020	7	7	7	1	0:00:00.758377
7040	7	8	8	0	0:00:00.751440
7060	8	8	8	1	0:00:00.751353
7080	5	4	4	0	0:00:00.753952
7100	9	-1	3	0	0:00:00.749213
7120	7	7	7	1	0:00:00.745198
7140	4	4	4	1	0:00:00.744909
7160	5	5	4	1	0:00:00.752855
7180	6	6	6	1	0:00:00.753128
7200	4	6	2	0	0:00:00.751711
7220	9	9	0	1	0:00:00.753557
7240	0	8	8	0	0:00:00.754179
7260	1	8	8	0	0:00:00.747372
7280	1	1	7	1	0:00:00.750110
7300	3	7	7	0	0:00:00.761242
7320	8	0	0	0	0:00:00.753925
7340	2	4	4	0	0:00:00.748211
7360	2	7	7	0	0:00:00.745050
7380	7	7	7	1	0:00:00.752534
7400	3	9	3	0	0:00:00.755193
7420	3	0	0	0	0:00:00.750261
7440	3	6	6	0	0:00:00.743786
7460	5	5	5	1	0:00:00.743972
7480	1	5	5	0	0:00:00.747123
7500	6	6	6	1	0:00:00.749427
7520	4	6	4	0	0:00:00.749132
7540	5	5	5	1	0:00:00.746290
7560	0	2	2	0	0:00:00.754498
7580	8	8	8	1	0:00:00.748201
7600	8	9	9	0	0:00:00.745812
7620	5	3	3	0	0:00:00.746757
7640	9	9	8	1	0:00:00.745386
7660	7	1	7	0	0:00:00.749261
7680	3	9	9	0	0:00:00.756948
7700	6	6	6	1	0:00:00.748830
7720	5	4	4	0	0:00:00.746532
7740	4	-1	2	0	0:00:00.751865
7760	2	9	9	0	0:00:00.750558
7780	3	9	9	0	0:00:00.751617
7800	0	0	0	1	0:00:00.739734
7820	5	8	8	0	0:00:00.746938
7840	1	1	1	1	0:00:00.757068
7860	8	1	8	0	0:00:00.744729
7880	0	2	2	0	0:00:00.748415
7900	0	-1	8	0	0:00:00.746737
7920	9	8	8	0	0:00:00.747767
7940	2	6	6	0	0:00:00.746440
7960	0	0	2	1	0:00:00.752158
7980	3	7	4	0	0:00:00.755793
8000	9	9	9	1	0:00:00.748193
8020	6	6	6	1	0:00:00.750586
8040	2	6	6	0	0:00:00.751898
8060	6	6	6	1	0:00:00.748714
8080	4	6	4	0	0:00:00.751520
8100	6	2	2	0	0:00:00.746183
8120	8	9	8	0	0:00:00.757483
8140	5	-1	6	0	0:00:00.753809
8160	6	6	6	1	0:00:00.750759
8180	4	6	6	0	0:00:00.748286
8200	3	6	4	0	0:00:00.756866
8220	6	-1	2	0	0:00:00.749436
8240	7	7	7	1	0:00:00.751042
8260	1	1	1	1	0:00:00.748186
8280	4	5	2	0	0:00:00.745161
8300	5	2	2	0	0:00:00.749349
8320	7	-1	4	0	0:00:00.752253
8340	5	5	5	1	0:00:00.754631
8360	7	7	7	1	0:00:00.751778
8380	9	9	9	1	0:00:00.755276
8400	0	8	8	0	0:00:00.749125
8420	3	6	4	0	0:00:00.750432
8440	5	3	4	0	0:00:00.754419
8460	8	8	8	1	0:00:00.747396
8480	2	1	8	0	0:00:00.748104
8500	4	2	2	0	0:00:00.748948
8520	8	-1	4	0	0:00:00.751064
8540	4	-1	2	0	0:00:00.751194
8560	7	7	7	1	0:00:00.764014
8580	3	9	0	0	0:00:00.751517
8600	3	7	4	0	0:00:00.750595
8620	3	4	4	0	0:00:00.748818
8640	1	1	1	1	0:00:00.755608
8660	7	5	5	0	0:00:00.753452
8680	3	9	0	0	0:00:00.751356
8700	3	3	3	1	0:00:00.756610
8720	2	0	0	0	0:00:00.752712
8740	2	6	4	0	0:00:00.752651
8760	8	8	8	1	0:00:00.753382
8780	4	4	4	1	0:00:00.754966
8800	0	0	0	1	0:00:00.749316
8820	2	2	2	1	0:00:00.746740
8840	2	1	1	0	0:00:00.751202
8860	2	2	2	1	0:00:00.754366
8880	1	1	1	1	0:00:00.756199
8900	2	4	4	0	0:00:00.748111
8920	6	6	6	1	0:00:00.753760
8940	6	3	3	0	0:00:00.760672
8960	0	0	0	1	0:00:00.753921
8980	9	9	9	1	0:00:00.750265
9000	8	8	8	1	0:00:00.752010
9020	7	7	7	1	0:00:00.753400
9040	2	5	5	0	0:00:00.752357
9060	9	5	5	0	0:00:00.751213
9080	3	0	0	0	0:00:00.758900
9100	9	6	6	0	0:00:00.752439
9120	3	0	0	0	0:00:00.747924
9140	7	7	8	1	0:00:00.749782
9160	5	5	5	1	0:00:00.752997
9180	5	5	5	1	0:00:00.753701
9200	8	8	8	1	0:00:00.755149
9220	8	8	8	1	0:00:00.750842
9240	8	8	8	1	0:00:00.748351
9260	5	5	5	1	0:00:00.750727
9280	9	8	8	0	0:00:00.752106
9300	5	5	5	1	0:00:00.749268
9320	9	9	9	1	0:00:00.757182
9340	1	1	1	1	0:00:00.758231
9360	5	0	0	0	0:00:00.757820
9380	5	9	5	0	0:00:00.757230
9400	6	6	2	1	0:00:00.755745
9420	5	5	5	1	0:00:00.752241
9440	8	8	8	1	0:00:00.747462
9460	3	-1	6	0	0:00:00.749784
9480	2	4	4	0	0:00:00.758994
9500	9	1	5	0	0:00:00.746036
9520	1	1	1	1	0:00:00.746245
9540	5	5	5	1	0:00:00.754290
9560	9	7	7	0	0:00:00.757032
9580	1	1	4	1	0:00:00.751009
9600	8	8	8	1	0:00:00.754608
9620	4	7	7	0	0:00:00.753070
9640	5	0	0	0	0:00:00.749510
9660	6	6	6	1	0:00:00.750098
9680	8	-1	8	0	0:00:00.746954
9700	0	0	0	1	0:00:00.746728
9720	8	1	8	0	0:00:00.749518
9740	3	6	6	0	0:00:00.752696
9760	9	9	7	1	0:00:00.761163
9780	4	6	6	0	0:00:00.750080
9800	1	1	1	1	0:00:00.752260
9820	0	8	8	0	0:00:00.751164
9840	4	3	3	0	0:00:00.751151
9860	0	5	8	0	0:00:00.747357
9880	7	7	4	1	0:00:00.742493
9900	8	0	0	0	0:00:00.745059
9920	6	6	6	1	0:00:00.741272
9940	4	5	5	0	0:00:00.747000
9960	2	0	0	0	0:00:00.748553
9980	0	0	0	1	0:00:00.751107
