idx	label	predict	basePredict	correct	time
0	3	3	3	1	0:00:15.970432
20	7	7	7	1	0:00:15.798269
40	4	4	4	1	0:00:15.746380
60	7	7	7	1	0:00:15.772926
80	8	8	8	1	0:00:15.724727
100	4	4	5	1	0:00:15.760019
120	8	8	8	1	0:00:15.731089
140	6	6	6	1	0:00:15.715765
160	2	2	2	1	0:00:15.693216
180	0	0	0	1	0:00:15.683116
200	5	5	5	1	0:00:15.708882
220	7	7	7	1	0:00:15.740763
240	1	1	1	1	0:00:15.715533
260	8	8	8	1	0:00:15.731505
280	9	9	9	1	0:00:15.691423
300	6	6	6	1	0:00:15.807815
320	3	3	3	1	0:00:15.711921
340	2	2	2	1	0:00:15.818706
360	9	9	9	1	0:00:15.928509
380	6	6	6	1	0:00:15.717474
400	9	9	9	1	0:00:15.802672
420	4	4	3	1	0:00:15.776357
440	1	1	1	1	0:00:15.769270
460	5	5	5	1	0:00:15.738879
480	8	8	8	1	0:00:15.711352
500	4	6	4	0	0:00:15.773124
520	5	5	5	1	0:00:15.781515
540	1	1	1	1	0:00:15.763297
560	0	0	0	1	0:00:15.795800
580	4	4	4	1	0:00:15.785918
600	8	8	8	1	0:00:15.799107
620	7	7	7	1	0:00:15.737478
640	5	3	3	0	0:00:15.795110
660	9	9	9	1	0:00:15.789403
680	9	9	5	1	0:00:15.696446
700	7	7	7	1	0:00:15.698700
720	4	4	4	1	0:00:15.712583
740	2	2	5	1	0:00:15.770001
760	3	3	3	1	0:00:15.730592
780	9	9	9	1	0:00:15.743306
800	7	7	7	1	0:00:15.769057
820	6	6	5	1	0:00:15.776920
840	7	7	7	1	0:00:15.792711
860	4	4	2	1	0:00:15.724203
880	8	8	8	1	0:00:15.736417
900	2	6	3	0	0:00:15.778206
920	6	4	4	0	0:00:15.759879
940	9	9	9	1	0:00:15.938118
960	9	9	9	1	0:00:15.749609
980	2	2	2	1	0:00:15.737572
1000	5	5	5	1	0:00:15.052482
1020	1	1	1	1	0:00:15.055708
1040	7	7	7	1	0:00:15.080346
1060	9	9	9	1	0:00:15.034196
1080	6	2	2	0	0:00:15.093046
1100	7	5	5	0	0:00:15.001817
1120	5	5	2	1	0:00:15.071198
1140	6	6	3	1	0:00:15.013399
1160	8	8	8	1	0:00:15.085781
1180	3	3	3	1	0:00:15.018004
1200	8	8	8	1	0:00:14.991313
1220	9	3	3	0	0:00:14.984071
1240	2	2	2	1	0:00:15.059055
1260	1	9	9	0	0:00:15.084882
1280	3	3	3	1	0:00:15.040445
1300	4	3	3	0	0:00:15.088542
1320	7	7	7	1	0:00:15.101673
1340	1	1	1	1	0:00:15.048664
1360	7	7	7	1	0:00:15.075041
1380	4	4	4	1	0:00:15.080278
1400	5	5	5	1	0:00:15.072506
1420	4	2	2	0	0:00:15.050400
1440	0	0	0	1	0:00:15.052973
1460	6	6	6	1	0:00:15.062963
1480	1	1	1	1	0:00:15.073217
1500	1	1	1	1	0:00:15.004420
1520	7	7	7	1	0:00:15.081369
1540	8	8	8	1	0:00:15.088142
1560	7	7	7	1	0:00:15.113953
1580	6	6	6	1	0:00:15.050864
1600	8	8	8	1	0:00:15.008988
1620	5	3	3	0	0:00:15.029545
1640	7	7	7	1	0:00:14.982626
1660	3	3	3	1	0:00:14.976169
1680	6	6	6	1	0:00:15.044455
1700	5	5	5	1	0:00:15.022311
1720	4	4	4	1	0:00:15.102530
1740	1	1	1	1	0:00:15.059958
1760	0	0	0	1	0:00:15.064010
1780	7	7	7	1	0:00:15.104542
1800	4	4	4	1	0:00:15.168267
1820	8	8	8	1	0:00:15.069467
1840	8	8	8	1	0:00:15.043637
1860	8	8	8	1	0:00:15.214187
1880	1	1	1	1	0:00:15.124265
1900	8	8	8	1	0:00:15.122149
1920	2	2	2	1	0:00:15.073946
1940	5	5	5	1	0:00:15.133620
1960	2	2	2	1	0:00:15.048972
1980	9	9	9	1	0:00:15.076159
2000	1	1	1	1	0:00:15.124321
2020	9	9	9	1	0:00:15.086053
2040	0	0	0	1	0:00:15.120348
2060	5	3	3	0	0:00:15.053397
2080	1	1	1	1	0:00:15.140015
2100	2	2	2	1	0:00:15.066932
2120	4	8	8	0	0:00:15.141621
2140	9	9	9	1	0:00:15.018523
2160	0	0	0	1	0:00:15.070625
2180	4	4	4	1	0:00:15.001719
2200	0	0	0	1	0:00:15.061954
2220	1	1	1	1	0:00:15.089854
2240	9	9	9	1	0:00:15.134323
2260	4	4	4	1	0:00:15.072627
2280	4	4	4	1	0:00:15.102173
2300	3	1	1	0	0:00:15.062899
2320	5	3	3	0	0:00:15.138406
2340	7	7	7	1	0:00:15.132086
2360	7	7	7	1	0:00:15.126252
2380	8	8	8	1	0:00:15.009631
2400	0	0	0	1	0:00:15.030744
2420	8	7	7	0	0:00:15.069001
2440	7	7	7	1	0:00:15.040960
2460	9	9	9	1	0:00:15.048695
2480	8	8	8	1	0:00:15.061949
2500	4	6	5	0	0:00:15.019753
2520	1	0	0	0	0:00:15.013123
2540	2	2	2	1	0:00:15.036720
2560	7	7	7	1	0:00:15.082198
2580	6	6	6	1	0:00:15.030719
2600	8	8	8	1	0:00:14.993465
2620	1	1	1	1	0:00:15.041901
2640	7	7	7	1	0:00:15.088398
2660	3	3	3	1	0:00:15.068914
2680	0	0	0	1	0:00:14.975459
2700	9	1	1	0	0:00:15.025315
2720	3	3	3	1	0:00:15.015367
2740	1	1	1	1	0:00:15.053967
2760	2	2	2	1	0:00:15.157570
2780	7	7	7	1	0:00:15.001848
2800	4	4	4	1	0:00:15.023856
2820	6	6	6	1	0:00:15.007795
2840	3	3	3	1	0:00:15.039625
2860	5	5	5	1	0:00:15.108820
2880	4	4	4	1	0:00:14.998089
2900	3	3	3	1	0:00:15.071777
2920	2	2	2	1	0:00:15.059071
2940	3	0	0	0	0:00:15.083812
2960	9	0	0	0	0:00:15.139498
2980	8	8	8	1	0:00:15.021064
3000	5	5	5	1	0:00:15.059795
3020	1	1	1	1	0:00:15.078286
3040	7	7	7	1	0:00:14.980118
3060	7	7	7	1	0:00:15.010815
3080	1	1	1	1	0:00:14.984710
3100	0	0	0	1	0:00:15.116587
3120	4	4	3	1	0:00:15.016967
3140	8	8	8	1	0:00:15.095464
3160	6	2	2	0	0:00:15.070932
3180	3	3	3	1	0:00:15.070235
3200	5	5	5	1	0:00:15.099831
3220	3	3	3	1	0:00:15.183281
3240	4	4	1	1	0:00:15.105933
3260	7	7	7	1	0:00:15.069270
3280	3	3	3	1	0:00:15.134372
3300	4	4	4	1	0:00:15.073621
3320	2	2	3	1	0:00:15.001446
3340	6	6	6	1	0:00:15.121981
3360	4	4	4	1	0:00:15.159711
3380	8	8	8	1	0:00:15.055949
3400	6	1	0	0	0:00:15.085920
3420	5	3	3	0	0:00:15.121079
3440	2	3	3	0	0:00:15.152614
3460	1	1	1	1	0:00:15.171969
3480	2	2	2	1	0:00:15.167485
3500	1	1	1	1	0:00:15.149685
3520	1	1	1	1	0:00:15.024127
3540	6	6	6	1	0:00:15.041128
3560	1	9	9	0	0:00:15.029996
3580	4	4	4	1	0:00:15.062458
3600	4	3	3	0	0:00:15.040675
3620	0	0	0	1	0:00:14.973269
3640	6	6	6	1	0:00:15.017845
3660	0	0	0	1	0:00:15.059462
3680	0	0	0	1	0:00:15.004577
3700	3	3	3	1	0:00:15.057910
3720	2	2	2	1	0:00:15.074791
3740	0	0	0	1	0:00:15.140761
3760	7	7	7	1	0:00:15.103384
3780	4	3	3	0	0:00:15.069040
3800	9	9	9	1	0:00:15.077986
3820	0	3	3	0	0:00:15.118214
3840	6	6	3	1	0:00:15.042850
3860	7	7	7	1	0:00:15.070042
3880	6	6	6	1	0:00:15.070029
3900	3	3	3	1	0:00:15.036036
3920	7	7	7	1	0:00:15.023237
3940	6	6	6	1	0:00:15.040104
3960	2	2	2	1	0:00:15.164078
3980	9	9	9	1	0:00:15.083207
4000	8	4	7	0	0:00:15.037947
4020	8	8	8	1	0:00:15.014917
4040	0	0	0	1	0:00:15.024563
4060	6	6	6	1	0:00:14.990171
4080	1	1	1	1	0:00:14.998646
4100	7	7	7	1	0:00:15.060688
4120	4	4	4	1	0:00:15.060754
4140	5	5	5	1	0:00:15.068475
4160	5	5	5	1	0:00:15.034099
4180	0	0	8	1	0:00:15.052086
4200	4	4	4	1	0:00:15.033061
4220	4	0	0	0	0:00:15.005586
4240	7	7	7	1	0:00:15.125812
4260	8	8	8	1	0:00:15.156783
4280	8	8	8	1	0:00:15.115805
4300	8	8	8	1	0:00:15.148601
4320	1	1	1	1	0:00:15.108607
4340	0	0	0	1	0:00:15.135226
4360	6	6	6	1	0:00:15.038507
4380	9	9	9	1	0:00:15.066802
4400	3	3	3	1	0:00:15.077658
4420	5	5	5	1	0:00:15.083674
4440	2	2	2	1	0:00:14.988933
4460	9	9	9	1	0:00:15.070766
4480	9	9	9	1	0:00:15.084826
4500	3	3	3	1	0:00:15.100814
4520	3	3	3	1	0:00:15.137205
4540	9	9	9	1	0:00:15.009479
4560	1	1	1	1	0:00:15.074350
4580	6	6	6	1	0:00:15.104691
4600	4	4	4	1	0:00:15.067484
4620	7	7	7	1	0:00:15.086242
4640	2	2	2	1	0:00:15.031317
4660	7	7	7	1	0:00:15.066534
4680	9	9	9	1	0:00:15.019142
4700	6	-1	5	0	0:00:15.036935
4720	8	8	8	1	0:00:15.028114
4740	5	3	3	0	0:00:14.979797
4760	3	2	3	0	0:00:15.026080
4780	0	0	0	1	0:00:15.025098
4800	9	9	9	1	0:00:15.048617
4820	3	3	3	1	0:00:15.078221
4840	0	0	0	1	0:00:15.119840
4860	5	5	5	1	0:00:15.101080
4880	0	0	0	1	0:00:15.071900
4900	3	3	3	1	0:00:15.085333
4920	7	7	7	1	0:00:15.081431
4940	6	6	6	1	0:00:15.110845
4960	4	4	4	1	0:00:15.110887
4980	1	1	1	1	0:00:15.147607
5000	7	7	7	1	0:00:15.081380
5020	8	8	8	1	0:00:15.013028
5040	3	3	3	1	0:00:15.086768
5060	6	6	3	1	0:00:15.068235
5080	7	7	7	1	0:00:15.087907
5100	3	3	3	1	0:00:15.043728
5120	9	9	9	1	0:00:14.990651
5140	8	8	8	1	0:00:15.038252
5160	0	0	0	1	0:00:15.009112
5180	9	7	5	0	0:00:15.071276
5200	3	3	2	1	0:00:15.051847
5220	0	0	0	1	0:00:15.070583
5240	1	1	1	1	0:00:15.116517
5260	0	0	0	1	0:00:15.193911
5280	0	4	4	0	0:00:15.087613
5300	9	9	9	1	0:00:15.115657
5320	7	7	7	1	0:00:15.079064
5340	3	3	3	1	0:00:15.059152
5360	9	9	9	1	0:00:15.055031
5380	1	1	1	1	0:00:15.050078
5400	9	9	9	1	0:00:15.023802
5420	6	6	6	1	0:00:14.990236
5440	9	9	9	1	0:00:15.020458
5460	0	0	0	1	0:00:15.099062
5480	1	1	1	1	0:00:15.062646
5500	8	8	8	1	0:00:14.995203
5520	4	4	3	1	0:00:15.079140
5540	5	5	5	1	0:00:15.063892
5560	3	3	3	1	0:00:15.035507
5580	5	3	3	0	0:00:15.118105
5600	6	5	5	0	0:00:15.044114
5620	3	3	3	1	0:00:15.058340
5640	2	3	2	0	0:00:15.135530
5660	9	9	9	1	0:00:15.033095
5680	2	2	2	1	0:00:15.056347
5700	3	3	3	1	0:00:15.064075
5720	9	9	9	1	0:00:15.040468
5740	6	6	6	1	0:00:15.051910
5760	2	2	2	1	0:00:15.096361
5780	7	7	7	1	0:00:15.071171
5800	2	2	2	1	0:00:15.057827
5820	5	5	5	1	0:00:15.054484
5840	2	2	2	1	0:00:15.098077
5860	0	0	8	1	0:00:15.066329
5880	0	0	0	1	0:00:15.090979
5900	4	0	0	0	0:00:15.123557
5920	8	8	8	1	0:00:15.110202
5940	7	7	7	1	0:00:15.097320
5960	2	6	5	0	0:00:15.127323
5980	9	9	9	1	0:00:14.998222
6000	8	8	8	1	0:00:14.998889
6020	6	6	6	1	0:00:15.024006
6040	2	7	7	0	0:00:15.035765
6060	3	3	3	1	0:00:15.050859
6080	1	1	1	1	0:00:15.064558
6100	1	1	1	1	0:00:15.079130
6120	5	5	5	1	0:00:15.071284
6140	9	9	9	1	0:00:15.029455
6160	2	2	2	1	0:00:15.038617
6180	0	0	0	1	0:00:15.051817
6200	3	3	3	1	0:00:15.047667
6220	2	2	2	1	0:00:15.139409
6240	2	2	2	1	0:00:15.089097
6260	2	2	2	1	0:00:15.048627
6280	8	8	8	1	0:00:15.032590
6300	1	1	1	1	0:00:15.019139
6320	0	0	0	1	0:00:15.083622
6340	3	3	3	1	0:00:15.068345
6360	2	2	2	1	0:00:15.079493
6380	3	3	3	1	0:00:15.106190
6400	0	0	0	1	0:00:15.190023
6420	7	7	7	1	0:00:15.202847
6440	3	2	3	0	0:00:15.154454
6460	3	3	3	1	0:00:15.047750
6480	0	0	0	1	0:00:15.051961
6500	7	7	3	1	0:00:15.089527
6520	6	6	6	1	0:00:14.987832
6540	8	8	8	1	0:00:15.071456
6560	6	6	5	1	0:00:15.004244
6580	1	1	1	1	0:00:14.993751
6600	7	7	7	1	0:00:15.012049
6620	7	7	7	1	0:00:15.059772
6640	5	3	3	0	0:00:15.003760
6660	0	0	0	1	0:00:15.023331
6680	3	3	3	1	0:00:15.092507
6700	6	6	6	1	0:00:15.051346
6720	2	2	2	1	0:00:15.046312
6740	2	2	2	1	0:00:15.055178
6760	5	5	5	1	0:00:15.010490
6780	7	7	7	1	0:00:15.045020
6800	6	6	3	1	0:00:15.023346
6820	1	1	1	1	0:00:15.104385
6840	9	9	9	1	0:00:15.048699
6860	0	0	0	1	0:00:15.107851
6880	2	2	2	1	0:00:15.095234
6900	3	3	3	1	0:00:15.133765
6920	5	5	3	1	0:00:15.001787
6940	1	1	1	1	0:00:15.010321
6960	9	9	9	1	0:00:14.982376
6980	0	8	8	0	0:00:15.020862
7000	2	8	8	0	0:00:15.081770
7020	7	7	7	1	0:00:15.039549
7040	7	0	0	0	0:00:15.096183
7060	8	8	8	1	0:00:15.071911
7080	5	3	3	0	0:00:15.123159
7100	9	3	3	0	0:00:15.041299
7120	7	7	7	1	0:00:15.093816
7140	4	4	2	1	0:00:15.037536
7160	5	5	5	1	0:00:15.082904
7180	6	6	3	1	0:00:15.110775
7200	4	4	4	1	0:00:15.031600
7220	9	9	9	1	0:00:15.080160
7240	0	0	0	1	0:00:15.178225
7260	1	1	1	1	0:00:15.144054
7280	1	9	9	0	0:00:15.064741
7300	3	5	3	0	0:00:15.153169
7320	8	8	8	1	0:00:15.135931
7340	2	2	2	1	0:00:15.167505
7360	2	2	2	1	0:00:15.086047
7380	7	7	7	1	0:00:14.991436
7400	3	3	3	1	0:00:15.059784
7420	3	3	3	1	0:00:15.046732
7440	3	3	3	1	0:00:14.969613
7460	5	5	5	1	0:00:14.971515
7480	1	1	1	1	0:00:15.026647
7500	6	6	6	1	0:00:15.032848
7520	4	4	4	1	0:00:15.111001
7540	5	5	5	1	0:00:15.043265
7560	0	0	0	1	0:00:15.069622
7580	8	8	8	1	0:00:15.118007
7600	8	2	2	0	0:00:15.051982
7620	5	5	5	1	0:00:15.047551
7640	9	8	8	0	0:00:15.056926
7660	7	7	7	1	0:00:15.051379
7680	3	5	5	0	0:00:15.037205
7700	6	6	6	1	0:00:15.064161
7720	5	5	5	1	0:00:15.118112
7740	4	4	4	1	0:00:15.092736
7760	2	2	2	1	0:00:15.026804
7780	3	9	8	0	0:00:15.068803
7800	0	0	0	1	0:00:15.115064
7820	5	3	3	0	0:00:15.137882
7840	1	1	1	1	0:00:15.166065
7860	8	8	8	1	0:00:15.116375
7880	0	0	0	1	0:00:15.029142
7900	0	0	0	1	0:00:15.097273
7920	9	9	9	1	0:00:14.968403
7940	2	2	2	1	0:00:14.979088
7960	0	0	0	1	0:00:15.077867
7980	3	3	3	1	0:00:14.993594
8000	9	9	9	1	0:00:15.056476
8020	6	3	3	0	0:00:15.055907
8040	2	2	2	1	0:00:15.030279
8060	6	6	6	1	0:00:15.059940
8080	4	4	4	1	0:00:15.169958
8100	6	6	6	1	0:00:15.089885
8120	8	8	8	1	0:00:15.098734
8140	5	3	5	0	0:00:15.157161
8160	6	6	6	1	0:00:15.008145
8180	4	2	2	0	0:00:15.057589
8200	3	4	3	0	0:00:15.104346
8220	6	6	6	1	0:00:15.086935
8240	7	7	7	1	0:00:15.120221
8260	1	1	1	1	0:00:15.032791
8280	4	4	4	1	0:00:15.052051
8300	5	5	5	1	0:00:15.125548
8320	7	7	7	1	0:00:15.067296
8340	5	5	3	1	0:00:15.032756
8360	7	7	7	1	0:00:15.085212
8380	9	9	9	1	0:00:15.194480
8400	0	0	0	1	0:00:15.122810
8420	3	6	3	0	0:00:15.084129
8440	5	2	2	0	0:00:15.020679
8460	8	8	8	1	0:00:14.982853
8480	2	2	2	1	0:00:14.977322
8500	4	4	4	1	0:00:15.002036
8520	8	8	8	1	0:00:14.988850
8540	4	2	2	0	0:00:14.987895
8560	7	7	7	1	0:00:14.973140
8580	3	5	5	0	0:00:15.078403
8600	3	3	3	1	0:00:15.105314
8620	3	5	5	0	0:00:15.080545
8640	1	1	1	1	0:00:15.076186
8660	7	7	7	1	0:00:15.128909
8680	3	3	3	1	0:00:15.081852
8700	3	5	5	0	0:00:15.014413
8720	2	2	2	1	0:00:15.043906
8740	2	2	2	1	0:00:15.051628
8760	8	8	8	1	0:00:15.034639
8780	4	7	7	0	0:00:15.121022
8800	0	0	0	1	0:00:15.023918
8820	2	2	2	1	0:00:14.999814
8840	2	2	2	1	0:00:15.009979
8860	2	2	2	1	0:00:15.073599
8880	1	1	1	1	0:00:15.097065
8900	2	2	2	1	0:00:15.104749
8920	6	6	6	1	0:00:15.013547
8940	6	6	6	1	0:00:15.047601
8960	0	0	2	1	0:00:14.972551
8980	9	9	9	1	0:00:14.999356
9000	8	8	8	1	0:00:14.975550
9020	7	7	7	1	0:00:15.009976
9040	2	5	5	0	0:00:15.011290
9060	9	9	9	1	0:00:14.976828
9080	3	5	5	0	0:00:14.971221
9100	9	9	1	1	0:00:14.993952
9120	3	2	3	0	0:00:15.100165
9140	7	7	7	1	0:00:15.011497
9160	5	3	3	0	0:00:15.070751
9180	5	5	5	1	0:00:15.130090
9200	8	8	8	1	0:00:15.064328
9220	8	8	8	1	0:00:15.079200
9240	8	8	8	1	0:00:15.062412
9260	5	3	3	0	0:00:15.019333
9280	9	9	9	1	0:00:15.061167
9300	5	3	5	0	0:00:15.011168
9320	9	9	9	1	0:00:15.110806
9340	1	1	1	1	0:00:15.032739
9360	5	0	0	0	0:00:15.062121
9380	5	3	3	0	0:00:15.052822
9400	6	6	6	1	0:00:15.067077
9420	5	5	5	1	0:00:15.084071
9440	8	8	8	1	0:00:15.141984
9460	3	3	3	1	0:00:15.144352
9480	2	6	2	0	0:00:15.143255
9500	9	9	9	1	0:00:14.979842
9520	1	1	1	1	0:00:15.008250
9540	5	5	5	1	0:00:15.015550
9560	9	7	7	0	0:00:14.995246
9580	1	1	1	1	0:00:14.984785
9600	8	8	8	1	0:00:15.045859
9620	4	4	4	1	0:00:15.017690
9640	5	5	5	1	0:00:15.022669
9660	6	6	6	1	0:00:15.010576
9680	8	8	8	1	0:00:15.033268
9700	0	0	0	1	0:00:15.053108
9720	8	8	8	1	0:00:15.014325
9740	3	6	3	0	0:00:15.051129
9760	9	9	9	1	0:00:15.042691
9780	4	4	2	1	0:00:15.102524
9800	1	1	1	1	0:00:15.051424
9820	0	0	8	1	0:00:15.063920
9840	4	7	7	0	0:00:15.010982
9860	0	0	0	1	0:00:15.191079
9880	7	7	7	1	0:00:15.199844
9900	8	8	8	1	0:00:15.054829
9920	6	6	6	1	0:00:15.076312
9940	4	4	4	1	0:00:15.103821
9960	2	0	0	0	0:00:15.022426
9980	0	0	0	1	0:00:15.103516
