idx	label	predict	basePredict	correct	time
0	3	-1	2	0	0:00:01.219278
20	7	-1	4	0	0:00:01.100903
40	4	-1	8	0	0:00:01.081214
60	7	-1	4	0	0:00:01.097852
80	8	8	8	1	0:00:01.110601
100	4	-1	3	0	0:00:01.108417
120	8	8	8	1	0:00:01.080809
140	6	2	2	0	0:00:01.101012
160	2	0	2	0	0:00:01.124012
180	0	-1	8	0	0:00:01.081190
200	5	-1	3	0	0:00:01.102955
220	7	7	7	1	0:00:01.080857
240	1	1	8	1	0:00:01.103591
260	8	-1	3	0	0:00:01.030374
280	9	9	8	1	0:00:01.028852
300	6	-1	4	0	0:00:01.024678
320	3	-1	4	0	0:00:01.043754
340	2	4	4	0	0:00:01.048045
360	9	-1	6	0	0:00:01.055832
380	6	-1	4	0	0:00:01.077948
400	9	9	8	1	0:00:01.056033
420	4	-1	6	0	0:00:01.029972
440	1	1	4	1	0:00:01.043195
460	5	5	3	1	0:00:01.035134
480	8	9	8	0	0:00:01.036956
500	4	6	4	0	0:00:01.036191
520	5	7	7	0	0:00:01.041339
540	1	-1	8	0	0:00:01.044461
560	0	0	8	1	0:00:01.029919
580	4	-1	4	0	0:00:01.133580
600	8	-1	8	0	0:00:01.035455
620	7	-1	4	0	0:00:01.030504
640	5	3	3	0	0:00:01.025945
660	9	9	9	1	0:00:01.033700
680	9	-1	4	0	0:00:01.036804
700	7	-1	4	0	0:00:01.028309
720	4	9	7	0	0:00:01.021931
740	2	5	3	0	0:00:01.020260
760	3	9	9	0	0:00:01.037277
780	9	-1	0	0	0:00:01.086354
800	7	7	7	1	0:00:01.085951
820	6	-1	8	0	0:00:01.087965
840	7	7	7	1	0:00:01.042026
860	4	4	4	1	0:00:01.025899
880	8	8	8	1	0:00:01.047564
900	2	-1	4	0	0:00:01.052720
920	6	-1	2	0	0:00:01.071957
940	9	9	9	1	0:00:01.076195
960	9	9	4	1	0:00:01.055502
980	2	6	6	0	0:00:01.110709
1000	5	5	5	1	0:00:00.972014
1020	1	1	8	1	0:00:00.997061
1040	7	5	5	0	0:00:00.981839
1060	9	9	8	1	0:00:00.990452
1080	6	6	6	1	0:00:00.989865
1100	7	8	8	0	0:00:00.999053
1120	5	-1	2	0	0:00:01.008225
1140	6	-1	4	0	0:00:00.996423
1160	8	0	0	0	0:00:00.998865
1180	3	-1	8	0	0:00:01.015396
1200	8	0	0	0	0:00:00.960696
1220	9	6	6	0	0:00:00.925063
1240	2	6	6	0	0:00:00.925906
1260	1	9	9	0	0:00:00.950933
1280	3	7	7	0	0:00:00.923758
1300	4	3	3	0	0:00:00.923517
1320	7	-1	2	0	0:00:00.937641
1340	1	1	1	1	0:00:00.918974
1360	7	7	4	1	0:00:00.936418
1380	4	5	5	0	0:00:00.935452
1400	5	-1	2	0	0:00:00.943253
1420	4	7	7	0	0:00:00.941105
1440	0	8	8	0	0:00:00.915377
1460	6	6	4	1	0:00:00.927849
1480	1	-1	5	0	0:00:00.939213
1500	1	-1	1	0	0:00:00.954988
1520	7	7	4	1	0:00:00.985633
1540	8	8	8	1	0:00:00.975968
1560	7	7	7	1	0:00:00.997607
1580	6	1	1	0	0:00:01.000658
1600	8	-1	6	0	0:00:00.985516
1620	5	8	8	0	0:00:01.006245
1640	7	5	3	0	0:00:00.982646
1660	3	-1	4	0	0:00:00.982949
1680	6	6	6	1	0:00:00.996503
1700	5	2	2	0	0:00:00.990986
1720	4	-1	2	0	0:00:00.997727
1740	1	9	9	0	0:00:00.996463
1760	0	8	8	0	0:00:00.991442
1780	7	-1	8	0	0:00:00.954708
1800	4	8	8	0	0:00:00.952710
1820	8	-1	8	0	0:00:00.965519
1840	8	-1	4	0	0:00:00.979341
1860	8	8	8	1	0:00:00.945486
1880	1	-1	8	0	0:00:00.964319
1900	8	8	8	1	0:00:00.950250
1920	2	-1	2	0	0:00:00.956409
1940	5	3	3	0	0:00:00.964609
1960	2	5	5	0	0:00:00.979445
1980	9	9	4	1	0:00:00.973713
2000	1	6	6	0	0:00:00.974591
2020	9	9	9	1	0:00:00.976088
2040	0	8	8	0	0:00:01.001964
2060	5	-1	3	0	0:00:01.032120
2080	1	-1	4	0	0:00:00.999271
2100	2	4	4	0	0:00:01.004225
2120	4	8	8	0	0:00:01.001281
2140	9	-1	1	0	0:00:01.004140
2160	0	8	8	0	0:00:01.000651
2180	4	4	4	1	0:00:01.001010
2200	0	-1	2	0	0:00:00.992815
2220	1	1	4	1	0:00:01.003029
2240	9	9	8	1	0:00:01.007676
2260	4	-1	4	0	0:00:00.976000
2280	4	-1	8	0	0:00:00.940800
2300	3	-1	4	0	0:00:00.937836
2320	5	-1	8	0	0:00:00.948814
2340	7	7	7	1	0:00:00.938630
2360	7	-1	3	0	0:00:00.954041
2380	8	-1	8	0	0:00:00.960932
2400	0	-1	0	0	0:00:00.974941
2420	8	-1	5	0	0:00:00.989680
2440	7	-1	8	0	0:00:00.984967
2460	9	-1	3	0	0:00:01.010834
2480	8	8	8	1	0:00:00.987381
2500	4	2	2	0	0:00:00.988754
2520	1	-1	8	0	0:00:00.979877
2540	2	3	3	0	0:00:00.980405
2560	7	-1	4	0	0:00:00.995863
2580	6	-1	4	0	0:00:00.985213
2600	8	8	8	1	0:00:00.978620
2620	1	-1	4	0	0:00:00.981740
2640	7	-1	6	0	0:00:00.978679
2660	3	-1	2	0	0:00:00.977127
2680	0	0	0	1	0:00:00.991605
2700	9	-1	0	0	0:00:00.958592
2720	3	-1	2	0	0:00:00.959018
2740	1	1	1	1	0:00:00.958452
2760	2	-1	4	0	0:00:00.958938
2780	7	7	7	1	0:00:00.970057
2800	4	-1	4	0	0:00:00.962919
2820	6	6	4	1	0:00:00.974605
2840	3	3	3	1	0:00:00.971775
2860	5	-1	6	0	0:00:00.976073
2880	4	4	4	1	0:00:00.992563
2900	3	-1	5	0	0:00:01.008883
2920	2	5	8	0	0:00:00.981573
2940	3	0	0	0	0:00:00.998858
2960	9	9	8	1	0:00:01.009168
2980	8	1	8	0	0:00:01.000661
3000	5	5	5	1	0:00:00.990067
3020	1	-1	8	0	0:00:00.980670
3040	7	7	7	1	0:00:00.986137
3060	7	7	7	1	0:00:00.989717
3080	1	-1	2	0	0:00:00.963093
3100	0	0	0	1	0:00:01.001333
3120	4	6	2	0	0:00:00.964136
3140	8	8	8	1	0:00:00.970486
3160	6	4	4	0	0:00:00.972162
3180	3	-1	8	0	0:00:00.970472
3200	5	7	7	0	0:00:00.975759
3220	3	9	9	0	0:00:00.974562
3240	4	-1	8	0	0:00:00.973310
3260	7	0	0	0	0:00:00.993946
3280	3	-1	0	0	0:00:01.002599
3300	4	6	4	0	0:00:00.978761
3320	2	7	7	0	0:00:01.014049
3340	6	-1	4	0	0:00:00.993537
3360	4	6	6	0	0:00:01.000882
3380	8	-1	8	0	0:00:00.997993
3400	6	4	4	0	0:00:01.000337
3420	5	-1	4	0	0:00:01.000509
3440	2	9	3	0	0:00:00.995821
3460	1	1	4	1	0:00:00.994765
3480	2	2	2	1	0:00:00.991557
3500	1	1	4	1	0:00:00.996847
3520	1	1	1	1	0:00:01.003021
3540	6	6	6	1	0:00:00.985476
3560	1	9	0	0	0:00:00.950728
3580	4	1	4	0	0:00:00.954517
3600	4	2	2	0	0:00:00.959285
3620	0	6	6	0	0:00:00.992394
3640	6	2	2	0	0:00:00.968587
3660	0	8	8	0	0:00:00.969102
3680	0	-1	2	0	0:00:00.971049
3700	3	-1	4	0	0:00:00.984426
3720	2	2	2	1	0:00:01.003244
3740	0	-1	8	0	0:00:01.022272
3760	7	7	7	1	0:00:01.000083
3780	4	-1	2	0	0:00:00.995386
3800	9	-1	3	0	0:00:00.984093
3820	0	-1	0	0	0:00:00.982786
3840	6	3	3	0	0:00:01.014867
3860	7	7	7	1	0:00:00.995722
3880	6	4	4	0	0:00:00.991966
3900	3	-1	1	0	0:00:00.982181
3920	7	-1	8	0	0:00:01.015378
3940	6	-1	4	0	0:00:01.029412
3960	2	-1	5	0	0:00:00.991252
3980	9	7	7	0	0:00:00.991718
4000	8	-1	0	0	0:00:00.993010
4020	8	-1	8	0	0:00:00.990613
4040	0	0	0	1	0:00:01.002552
4060	6	3	3	0	0:00:00.994236
4080	1	8	8	0	0:00:01.020656
4100	7	7	7	1	0:00:00.988095
4120	4	0	0	0	0:00:01.001706
4140	5	3	3	0	0:00:00.992207
4160	5	2	2	0	0:00:01.000440
4180	0	0	8	1	0:00:00.981201
4200	4	-1	2	0	0:00:00.988548
4220	4	0	0	0	0:00:00.971441
4240	7	0	0	0	0:00:00.985271
4260	8	-1	8	0	0:00:00.977375
4280	8	-1	8	0	0:00:00.999033
4300	8	8	8	1	0:00:01.001286
4320	1	8	8	0	0:00:00.997884
4340	0	-1	8	0	0:00:00.989947
4360	6	9	6	0	0:00:00.998840
4380	9	9	8	1	0:00:00.987950
4400	3	4	4	0	0:00:00.986696
4420	5	8	8	0	0:00:01.003595
4440	2	-1	2	0	0:00:01.000092
4460	9	-1	8	0	0:00:00.977393
4480	9	-1	6	0	0:00:01.018329
4500	3	6	6	0	0:00:00.992116
4520	3	6	6	0	0:00:01.002467
4540	9	9	9	1	0:00:01.004164
4560	1	1	4	1	0:00:01.006669
4580	6	4	4	0	0:00:00.991406
4600	4	7	4	0	0:00:00.996760
4620	7	3	3	0	0:00:00.979722
4640	2	-1	4	0	0:00:00.980413
4660	7	-1	2	0	0:00:01.019163
4680	9	1	1	0	0:00:00.989465
4700	6	1	4	0	0:00:01.006081
4720	8	0	0	0	0:00:00.998280
4740	5	3	4	0	0:00:01.000470
4760	3	-1	4	0	0:00:00.997992
4780	0	0	8	1	0:00:01.021077
4800	9	9	9	1	0:00:01.006258
4820	3	5	5	0	0:00:01.009965
4840	0	0	0	1	0:00:00.991570
4860	5	-1	3	0	0:00:01.007649
4880	0	2	2	0	0:00:01.003186
4900	3	6	6	0	0:00:00.993045
4920	7	7	2	1	0:00:00.997710
4940	6	4	4	0	0:00:00.999127
4960	4	-1	3	0	0:00:00.999585
4980	1	9	8	0	0:00:00.990850
5000	7	7	7	1	0:00:00.999547
5020	8	-1	8	0	0:00:01.000291
5040	3	-1	4	0	0:00:01.000197
5060	6	-1	4	0	0:00:01.013487
5080	7	7	7	1	0:00:01.004421
5100	3	3	3	1	0:00:00.992464
5120	9	-1	8	0	0:00:00.976205
5140	8	8	8	1	0:00:00.993748
5160	0	-1	8	0	0:00:00.984055
5180	9	-1	4	0	0:00:00.995500
5200	3	3	3	1	0:00:01.000406
5220	0	0	0	1	0:00:01.001828
5240	1	-1	2	0	0:00:01.014581
5260	0	0	0	1	0:00:00.991642
5280	0	8	8	0	0:00:00.964240
5300	9	-1	9	0	0:00:00.954676
5320	7	7	7	1	0:00:00.968204
5340	3	4	4	0	0:00:00.984090
5360	9	9	9	1	0:00:00.984302
5380	1	9	9	0	0:00:00.973967
5400	9	-1	8	0	0:00:00.965168
5420	6	6	6	1	0:00:00.917595
5440	9	9	9	1	0:00:00.930750
5460	0	7	7	0	0:00:00.940757
5480	1	-1	8	0	0:00:00.932729
5500	8	1	8	0	0:00:00.923523
5520	4	-1	3	0	0:00:00.926689
5540	5	6	2	0	0:00:00.933736
5560	3	6	6	0	0:00:00.925156
5580	5	6	6	0	0:00:00.950299
5600	6	-1	0	0	0:00:00.945005
5620	3	2	2	0	0:00:00.973829
5640	2	-1	3	0	0:00:00.938538
5660	9	-1	8	0	0:00:00.939234
5680	2	-1	8	0	0:00:00.936924
5700	3	-1	6	0	0:00:00.973975
5720	9	9	9	1	0:00:00.953648
5740	6	-1	4	0	0:00:00.957327
5760	2	-1	2	0	0:00:00.955986
5780	7	7	4	1	0:00:00.970982
5800	2	-1	4	0	0:00:00.987881
5820	5	6	6	0	0:00:00.981612
5840	2	-1	6	0	0:00:00.994533
5860	0	-1	8	0	0:00:00.947475
5880	0	8	0	0	0:00:00.993162
5900	4	3	4	0	0:00:00.990431
5920	8	8	8	1	0:00:00.989055
5940	7	4	4	0	0:00:00.994936
5960	2	-1	4	0	0:00:00.999086
5980	9	9	6	1	0:00:00.969433
6000	8	9	8	0	0:00:00.976754
6020	6	-1	6	0	0:00:00.985387
6040	2	7	7	0	0:00:01.015129
6060	3	4	4	0	0:00:00.970708
6080	1	-1	6	0	0:00:00.986482
6100	1	1	8	1	0:00:00.987753
6120	5	5	5	1	0:00:00.977376
6140	9	9	7	1	0:00:00.985016
6160	2	5	5	0	0:00:00.987570
6180	0	-1	8	0	0:00:00.937691
6200	3	-1	3	0	0:00:00.935456
6220	2	6	4	0	0:00:00.930472
6240	2	-1	4	0	0:00:00.933163
6260	2	9	4	0	0:00:00.956070
6280	8	-1	4	0	0:00:00.932415
6300	1	-1	4	0	0:00:00.931653
6320	0	0	0	1	0:00:00.929001
6340	3	3	3	1	0:00:00.935512
6360	2	-1	2	0	0:00:00.951866
6380	3	-1	6	0	0:00:00.933779
6400	0	1	4	0	0:00:00.949263
6420	7	-1	8	0	0:00:00.942681
6440	3	-1	8	0	0:00:00.966563
6460	3	1	4	0	0:00:00.982769
6480	0	-1	2	0	0:00:00.985639
6500	7	-1	8	0	0:00:00.948211
6520	6	4	4	0	0:00:00.950184
6540	8	8	8	1	0:00:01.001526
6560	6	6	4	1	0:00:01.010499
6580	1	-1	2	0	0:00:00.994618
6600	7	7	7	1	0:00:01.000012
6620	7	7	7	1	0:00:00.992003
6640	5	-1	8	0	0:00:00.996618
6660	0	0	8	1	0:00:01.008780
6680	3	5	5	0	0:00:01.018185
6700	6	-1	2	0	0:00:00.991276
6720	2	-1	2	0	0:00:00.999321
6740	2	-1	4	0	0:00:00.994527
6760	5	-1	2	0	0:00:00.994823
6780	7	7	7	1	0:00:00.995506
6800	6	-1	4	0	0:00:00.989501
6820	1	1	1	1	0:00:00.967949
6840	9	-1	9	0	0:00:00.957412
6860	0	-1	2	0	0:00:00.933179
6880	2	7	7	0	0:00:00.942398
6900	3	7	4	0	0:00:00.977535
6920	5	2	2	0	0:00:00.988646
6940	1	1	1	1	0:00:00.955780
6960	9	8	8	0	0:00:00.927105
6980	0	-1	8	0	0:00:00.941796
7000	2	8	8	0	0:00:00.983671
7020	7	-1	7	0	0:00:00.974565
7040	7	8	8	0	0:00:00.971156
7060	8	-1	8	0	0:00:00.975826
7080	5	4	4	0	0:00:00.979454
7100	9	3	3	0	0:00:00.975324
7120	7	5	6	0	0:00:01.005650
7140	4	-1	4	0	0:00:00.991253
7160	5	-1	4	0	0:00:00.974845
7180	6	6	6	1	0:00:00.948409
7200	4	6	2	0	0:00:00.925429
7220	9	-1	8	0	0:00:00.956574
7240	0	8	8	0	0:00:00.979541
7260	1	-1	8	0	0:00:00.983865
7280	1	-1	6	0	0:00:00.992221
7300	3	-1	4	0	0:00:00.988610
7320	8	0	8	0	0:00:01.010693
7340	2	4	4	0	0:00:00.934877
7360	2	-1	4	0	0:00:00.917308
7380	7	-1	7	0	0:00:00.923813
7400	3	3	3	1	0:00:00.927196
7420	3	0	0	0	0:00:00.934772
7440	3	3	2	1	0:00:00.937356
7460	5	5	5	1	0:00:00.931161
7480	1	8	8	0	0:00:00.936981
7500	6	6	6	1	0:00:00.948910
7520	4	-1	4	0	0:00:00.937206
7540	5	5	5	1	0:00:00.977815
7560	0	-1	4	0	0:00:00.955490
7580	8	-1	8	0	0:00:00.936477
7600	8	9	8	0	0:00:00.913611
7620	5	-1	3	0	0:00:00.928587
7640	9	9	6	1	0:00:00.904402
7660	7	-1	4	0	0:00:00.899481
7680	3	9	3	0	0:00:00.933016
7700	6	6	6	1	0:00:00.939530
7720	5	-1	4	0	0:00:00.945704
7740	4	6	2	0	0:00:00.950022
7760	2	9	6	0	0:00:00.973649
7780	3	1	8	0	0:00:00.931007
7800	0	0	0	1	0:00:00.927450
7820	5	8	8	0	0:00:00.924640
7840	1	1	1	1	0:00:00.944209
7860	8	-1	4	0	0:00:00.950783
7880	0	0	0	1	0:00:00.966404
7900	0	-1	8	0	0:00:00.960560
7920	9	-1	8	0	0:00:00.969158
7940	2	6	6	0	0:00:00.983370
7960	0	0	2	1	0:00:00.986171
7980	3	-1	4	0	0:00:01.005717
8000	9	9	8	1	0:00:01.002084
8020	6	3	3	0	0:00:00.986609
8040	2	-1	2	0	0:00:00.981266
8060	6	-1	4	0	0:00:00.981266
8080	4	6	2	0	0:00:00.989151
8100	6	-1	2	0	0:00:00.979303
8120	8	9	8	0	0:00:00.980536
8140	5	4	4	0	0:00:00.977672
8160	6	-1	6	0	0:00:00.982581
8180	4	4	4	1	0:00:01.025700
8200	3	-1	2	0	0:00:01.026103
8220	6	-1	2	0	0:00:01.000372
8240	7	7	7	1	0:00:00.987698
8260	1	-1	3	0	0:00:00.973222
8280	4	-1	3	0	0:00:00.976782
8300	5	2	2	0	0:00:00.977353
8320	7	-1	4	0	0:00:00.973816
8340	5	3	3	0	0:00:00.974871
8360	7	7	4	1	0:00:00.954145
8380	9	-1	8	0	0:00:00.948009
8400	0	8	8	0	0:00:00.973302
8420	3	-1	4	0	0:00:00.966245
8440	5	-1	4	0	0:00:00.966493
8460	8	8	8	1	0:00:00.981011
8480	2	-1	8	0	0:00:00.996659
8500	4	2	2	0	0:00:01.003376
8520	8	-1	4	0	0:00:00.982347
8540	4	-1	2	0	0:00:00.990360
8560	7	-1	4	0	0:00:00.984667
8580	3	0	2	0	0:00:00.984241
8600	3	-1	4	0	0:00:00.987754
8620	3	-1	4	0	0:00:01.007240
8640	1	1	1	1	0:00:00.993613
8660	7	-1	5	0	0:00:00.985178
8680	3	9	8	0	0:00:00.979246
8700	3	3	3	1	0:00:00.966844
8720	2	0	0	0	0:00:00.944048
8740	2	-1	4	0	0:00:00.936912
8760	8	8	8	1	0:00:00.944311
8780	4	-1	4	0	0:00:00.939508
8800	0	0	0	1	0:00:00.948750
8820	2	-1	3	0	0:00:00.961925
8840	2	-1	7	0	0:00:00.954684
8860	2	-1	6	0	0:00:00.954927
8880	1	-1	6	0	0:00:00.953487
8900	2	-1	4	0	0:00:00.968088
8920	6	6	6	1	0:00:00.961380
8940	6	3	3	0	0:00:00.963265
8960	0	0	0	1	0:00:00.960615
8980	9	9	8	1	0:00:00.975203
9000	8	8	8	1	0:00:00.974339
9020	7	9	8	0	0:00:00.964741
9040	2	5	5	0	0:00:00.993987
9060	9	5	5	0	0:00:00.959068
9080	3	-1	0	0	0:00:00.961379
9100	9	-1	6	0	0:00:00.943995
9120	3	-1	0	0	0:00:00.956394
9140	7	-1	8	0	0:00:00.953487
9160	5	-1	4	0	0:00:00.952704
9180	5	5	5	1	0:00:00.948056
9200	8	8	8	1	0:00:00.958560
9220	8	8	8	1	0:00:00.972514
9240	8	-1	8	0	0:00:00.966967
9260	5	-1	5	0	0:00:01.004760
9280	9	-1	8	0	0:00:00.964834
9300	5	-1	2	0	0:00:00.968687
9320	9	9	8	1	0:00:00.972422
9340	1	1	1	1	0:00:00.970207
9360	5	-1	4	0	0:00:00.967712
9380	5	-1	3	0	0:00:00.952998
9400	6	-1	4	0	0:00:00.953459
9420	5	-1	6	0	0:00:00.968039
9440	8	8	8	1	0:00:00.989290
9460	3	-1	6	0	0:00:00.985279
9480	2	4	4	0	0:00:00.974643
9500	9	-1	4	0	0:00:00.956500
9520	1	-1	1	0	0:00:00.961966
9540	5	-1	4	0	0:00:00.962509
9560	9	7	7	0	0:00:00.961852
9580	1	4	4	0	0:00:00.959911
9600	8	8	8	1	0:00:00.963969
9620	4	7	4	0	0:00:00.961999
9640	5	0	6	0	0:00:00.962142
9660	6	6	6	1	0:00:00.957021
9680	8	8	8	1	0:00:00.984154
9700	0	0	0	1	0:00:00.941908
9720	8	-1	6	0	0:00:01.042665
9740	3	-1	4	0	0:00:00.912585
9760	9	-1	4	0	0:00:00.927736
9780	4	6	4	0	0:00:00.919528
9800	1	1	1	1	0:00:00.876718
9820	0	8	8	0	0:00:00.906868
9840	4	-1	5	0	0:00:00.898331
9860	0	5	8	0	0:00:00.926465
9880	7	-1	4	0	0:00:00.912798
9900	8	0	8	0	0:00:00.924629
9920	6	-1	2	0	0:00:00.958419
9940	4	-1	6	0	0:00:00.931743
9960	2	0	0	0	0:00:00.985999
9980	0	0	0	1	0:00:00.962250
