idx	label	predict	basePredict	correct	time
0	3	5	5	0	0:00:00.866384
20	7	-1	3	0	0:00:00.764566
40	4	4	4	1	0:00:00.727084
60	7	7	7	1	0:00:00.719803
80	8	8	8	1	0:00:00.741203
100	4	-1	5	0	0:00:00.787163
120	8	8	8	1	0:00:00.718398
140	6	6	3	1	0:00:00.775616
160	2	2	2	1	0:00:00.713605
180	0	0	0	1	0:00:00.755991
200	5	3	3	0	0:00:00.738154
220	7	7	7	1	0:00:00.720261
240	1	1	1	1	0:00:00.723058
260	8	8	8	1	0:00:00.730413
280	9	9	9	1	0:00:00.756045
300	6	6	6	1	0:00:00.716917
320	3	3	3	1	0:00:00.740590
340	2	2	2	1	0:00:00.768413
360	9	9	9	1	0:00:00.754944
380	6	6	6	1	0:00:00.724525
400	9	9	9	1	0:00:00.735829
420	4	4	4	1	0:00:00.736883
440	1	1	1	1	0:00:00.740288
460	5	5	5	1	0:00:00.783092
480	8	-1	8	0	0:00:00.746736
500	4	6	6	0	0:00:00.763756
520	5	5	5	1	0:00:00.758448
540	1	1	1	1	0:00:00.744735
560	0	0	0	1	0:00:00.750232
580	4	4	4	1	0:00:00.751865
600	8	8	8	1	0:00:00.736961
620	7	7	7	1	0:00:00.720938
640	5	3	3	0	0:00:00.723858
660	9	9	9	1	0:00:00.727305
680	9	9	9	1	0:00:00.735255
700	7	7	7	1	0:00:00.727045
720	4	4	4	1	0:00:00.734036
740	2	2	2	1	0:00:00.744962
760	3	3	3	1	0:00:00.761791
780	9	9	9	1	0:00:00.732263
800	7	7	7	1	0:00:00.744926
820	6	2	2	0	0:00:00.726840
840	7	7	7	1	0:00:00.715548
860	4	4	2	1	0:00:00.737967
880	8	8	8	1	0:00:00.711705
900	2	6	6	0	0:00:00.723902
920	6	6	0	1	0:00:00.728617
940	9	9	9	1	0:00:00.755423
960	9	9	9	1	0:00:00.748538
980	2	2	2	1	0:00:00.739341
1000	5	5	5	1	0:00:00.655634
1020	1	1	1	1	0:00:00.652306
1040	7	-1	3	0	0:00:00.648422
1060	9	9	9	1	0:00:00.664857
1080	6	6	6	1	0:00:00.641360
1100	7	-1	8	0	0:00:00.634004
1120	5	-1	2	0	0:00:00.643234
1140	6	6	3	1	0:00:00.647102
1160	8	8	8	1	0:00:00.639144
1180	3	3	3	1	0:00:00.646539
1200	8	8	8	1	0:00:00.639247
1220	9	6	3	0	0:00:00.634789
1240	2	6	2	0	0:00:00.635540
1260	1	9	9	0	0:00:00.625044
1280	3	3	3	1	0:00:00.631121
1300	4	3	3	0	0:00:00.632361
1320	7	7	7	1	0:00:00.639172
1340	1	1	1	1	0:00:00.642170
1360	7	7	7	1	0:00:00.636509
1380	4	5	3	0	0:00:00.625539
1400	5	5	5	1	0:00:00.625041
1420	4	7	7	0	0:00:00.628640
1440	0	2	2	0	0:00:00.629223
1460	6	6	6	1	0:00:00.627501
1480	1	-1	8	0	0:00:00.634518
1500	1	1	1	1	0:00:00.626007
1520	7	7	7	1	0:00:00.624670
1540	8	8	8	1	0:00:00.630963
1560	7	7	7	1	0:00:00.631999
1580	6	-1	5	0	0:00:00.631569
1600	8	-1	8	0	0:00:00.635167
1620	5	3	3	0	0:00:00.628578
1640	7	7	7	1	0:00:00.635329
1660	3	3	3	1	0:00:00.628682
1680	6	6	3	1	0:00:00.640045
1700	5	5	5	1	0:00:00.633262
1720	4	4	4	1	0:00:00.629367
1740	1	1	1	1	0:00:00.636882
1760	0	0	0	1	0:00:00.633775
1780	7	7	7	1	0:00:00.632656
1800	4	-1	2	0	0:00:00.634264
1820	8	8	8	1	0:00:00.634882
1840	8	-1	2	0	0:00:00.629320
1860	8	8	8	1	0:00:00.629203
1880	1	1	1	1	0:00:00.627491
1900	8	8	8	1	0:00:00.630945
1920	2	2	2	1	0:00:00.625638
1940	5	5	5	1	0:00:00.624521
1960	2	5	5	0	0:00:00.625126
1980	9	9	9	1	0:00:00.624600
2000	1	1	1	1	0:00:00.642548
2020	9	9	9	1	0:00:00.636065
2040	0	0	0	1	0:00:00.631736
2060	5	3	3	0	0:00:00.623610
2080	1	-1	9	0	0:00:00.636006
2100	2	2	2	1	0:00:00.634181
2120	4	4	8	1	0:00:00.632895
2140	9	9	9	1	0:00:00.634067
2160	0	0	0	1	0:00:00.627887
2180	4	4	4	1	0:00:00.630237
2200	0	0	0	1	0:00:00.640574
2220	1	1	1	1	0:00:00.631576
2240	9	-1	1	0	0:00:00.630547
2260	4	4	4	1	0:00:00.627931
2280	4	4	2	1	0:00:00.628751
2300	3	-1	0	0	0:00:00.628037
2320	5	3	3	0	0:00:00.632347
2340	7	7	7	1	0:00:00.627043
2360	7	5	5	0	0:00:00.624062
2380	8	8	8	1	0:00:00.629716
2400	0	0	0	1	0:00:00.632124
2420	8	7	7	0	0:00:00.630346
2440	7	7	7	1	0:00:00.630073
2460	9	9	9	1	0:00:00.628178
2480	8	8	8	1	0:00:00.627534
2500	4	-1	4	0	0:00:00.625819
2520	1	1	1	1	0:00:00.635767
2540	2	3	2	0	0:00:00.624250
2560	7	7	5	1	0:00:00.626352
2580	6	5	5	0	0:00:00.628264
2600	8	8	8	1	0:00:00.624364
2620	1	1	1	1	0:00:00.623498
2640	7	7	7	1	0:00:00.626584
2660	3	3	3	1	0:00:00.635573
2680	0	0	0	1	0:00:00.630513
2700	9	9	9	1	0:00:00.628254
2720	3	3	3	1	0:00:00.626602
2740	1	1	1	1	0:00:00.633013
2760	2	2	2	1	0:00:00.625010
2780	7	7	7	1	0:00:00.631732
2800	4	4	4	1	0:00:00.627388
2820	6	6	6	1	0:00:00.633658
2840	3	3	3	1	0:00:00.634411
2860	5	4	3	0	0:00:00.635638
2880	4	4	4	1	0:00:00.623851
2900	3	2	2	0	0:00:00.633829
2920	2	2	2	1	0:00:00.630433
2940	3	0	0	0	0:00:00.618879
2960	9	0	0	0	0:00:00.623175
2980	8	8	8	1	0:00:00.632914
3000	5	5	5	1	0:00:00.628074
3020	1	1	1	1	0:00:00.618851
3040	7	7	7	1	0:00:00.622202
3060	7	7	7	1	0:00:00.632450
3080	1	1	1	1	0:00:00.627310
3100	0	0	0	1	0:00:00.622952
3120	4	4	3	1	0:00:00.629246
3140	8	8	8	1	0:00:00.624213
3160	6	2	2	0	0:00:00.629347
3180	3	6	6	0	0:00:00.628861
3200	5	5	5	1	0:00:00.625061
3220	3	9	9	0	0:00:00.625708
3240	4	4	4	1	0:00:00.629286
3260	7	7	7	1	0:00:00.639448
3280	3	-1	5	0	0:00:00.627262
3300	4	4	3	1	0:00:00.630398
3320	2	0	0	0	0:00:00.628203
3340	6	6	6	1	0:00:00.628672
3360	4	4	0	1	0:00:00.621746
3380	8	8	8	1	0:00:00.623029
3400	6	4	0	0	0:00:00.638087
3420	5	7	3	0	0:00:00.629015
3440	2	3	3	0	0:00:00.628879
3460	1	1	1	1	0:00:00.627188
3480	2	2	2	1	0:00:00.626863
3500	1	-1	9	0	0:00:00.627956
3520	1	1	1	1	0:00:00.629221
3540	6	6	6	1	0:00:00.627804
3560	1	9	9	0	0:00:00.624079
3580	4	4	2	1	0:00:00.624110
3600	4	2	3	0	0:00:00.628770
3620	0	0	0	1	0:00:00.627050
3640	6	6	6	1	0:00:00.636725
3660	0	0	0	1	0:00:00.628032
3680	0	0	0	1	0:00:00.632522
3700	3	3	3	1	0:00:00.641026
3720	2	2	2	1	0:00:00.635929
3740	0	0	0	1	0:00:00.641993
3760	7	7	7	1	0:00:00.635039
3780	4	4	3	1	0:00:00.630611
3800	9	9	9	1	0:00:00.626660
3820	0	8	0	0	0:00:00.632086
3840	6	6	3	1	0:00:00.631115
3860	7	7	7	1	0:00:00.630060
3880	6	6	5	1	0:00:00.637135
3900	3	3	3	1	0:00:00.634987
3920	7	7	3	1	0:00:00.642544
3940	6	6	3	1	0:00:00.643577
3960	2	2	2	1	0:00:00.643869
3980	9	2	2	0	0:00:00.643221
4000	8	7	7	0	0:00:00.638283
4020	8	8	8	1	0:00:00.642605
4040	0	0	0	1	0:00:00.639133
4060	6	6	6	1	0:00:00.643361
4080	1	1	1	1	0:00:00.643798
4100	7	7	7	1	0:00:00.636712
4120	4	4	4	1	0:00:00.643733
4140	5	-1	7	0	0:00:00.635839
4160	5	5	5	1	0:00:00.634299
4180	0	0	8	1	0:00:00.638727
4200	4	4	4	1	0:00:00.636387
4220	4	0	0	0	0:00:00.640935
4240	7	7	7	1	0:00:00.648640
4260	8	8	8	1	0:00:00.641256
4280	8	0	8	0	0:00:00.642610
4300	8	8	8	1	0:00:00.646289
4320	1	1	1	1	0:00:00.645977
4340	0	0	0	1	0:00:00.639364
4360	6	6	6	1	0:00:00.639040
4380	9	9	9	1	0:00:00.641009
4400	3	5	3	0	0:00:00.642890
4420	5	5	5	1	0:00:00.640953
4440	2	2	2	1	0:00:00.645503
4460	9	9	9	1	0:00:00.635322
4480	9	9	9	1	0:00:00.646428
4500	3	3	3	1	0:00:00.648089
4520	3	3	3	1	0:00:00.638049
4540	9	9	9	1	0:00:00.639859
4560	1	1	1	1	0:00:00.640771
4580	6	-1	4	0	0:00:00.639454
4600	4	4	4	1	0:00:00.646133
4620	7	7	7	1	0:00:00.644889
4640	2	2	2	1	0:00:00.640015
4660	7	7	7	1	0:00:00.636037
4680	9	9	9	1	0:00:00.640634
4700	6	-1	5	0	0:00:00.635601
4720	8	8	8	1	0:00:00.642410
4740	5	2	2	0	0:00:00.640116
4760	3	-1	0	0	0:00:00.640693
4780	0	0	0	1	0:00:00.635872
4800	9	9	9	1	0:00:00.637203
4820	3	3	3	1	0:00:00.636726
4840	0	0	0	1	0:00:00.642757
4860	5	5	5	1	0:00:00.638395
4880	0	0	0	1	0:00:00.638471
4900	3	3	3	1	0:00:00.642231
4920	7	7	7	1	0:00:00.644992
4940	6	6	6	1	0:00:00.642004
4960	4	4	4	1	0:00:00.644595
4980	1	1	1	1	0:00:00.636611
5000	7	7	7	1	0:00:00.640712
5020	8	8	8	1	0:00:00.641406
5040	3	1	2	0	0:00:00.637467
5060	6	2	2	0	0:00:00.639317
5080	7	7	7	1	0:00:00.645671
5100	3	3	3	1	0:00:00.639243
5120	9	9	9	1	0:00:00.641573
5140	8	8	8	1	0:00:00.639867
5160	0	0	0	1	0:00:00.639753
5180	9	9	9	1	0:00:00.640542
5200	3	0	0	0	0:00:00.644141
5220	0	0	0	1	0:00:00.644250
5240	1	-1	1	0	0:00:00.631951
5260	0	0	0	1	0:00:00.645932
5280	0	4	4	0	0:00:00.640757
5300	9	9	9	1	0:00:00.639438
5320	7	-1	7	0	0:00:00.639964
5340	3	4	5	0	0:00:00.638694
5360	9	9	9	1	0:00:00.636034
5380	1	1	1	1	0:00:00.636830
5400	9	9	9	1	0:00:00.638412
5420	6	6	6	1	0:00:00.639976
5440	9	9	9	1	0:00:00.632674
5460	0	0	0	1	0:00:00.638285
5480	1	1	1	1	0:00:00.639021
5500	8	8	8	1	0:00:00.633472
5520	4	4	4	1	0:00:00.637535
5540	5	5	5	1	0:00:00.642539
5560	3	5	5	0	0:00:00.643118
5580	5	3	3	0	0:00:00.645857
5600	6	-1	3	0	0:00:00.640864
5620	3	-1	6	0	0:00:00.640136
5640	2	5	2	0	0:00:00.642843
5660	9	9	9	1	0:00:00.637578
5680	2	2	2	1	0:00:00.642323
5700	3	3	3	1	0:00:00.645317
5720	9	9	9	1	0:00:00.637762
5740	6	-1	4	0	0:00:00.639898
5760	2	2	2	1	0:00:00.644052
5780	7	7	7	1	0:00:00.639183
5800	2	2	2	1	0:00:00.635226
5820	5	5	5	1	0:00:00.643278
5840	2	-1	7	0	0:00:00.639042
5860	0	0	0	1	0:00:00.641539
5880	0	0	0	1	0:00:00.633092
5900	4	3	0	0	0:00:00.634966
5920	8	8	8	1	0:00:00.644069
5940	7	-1	0	0	0:00:00.639727
5960	2	6	6	0	0:00:00.643758
5980	9	9	9	1	0:00:00.635196
6000	8	8	8	1	0:00:00.643263
6020	6	6	6	1	0:00:00.635320
6040	2	7	7	0	0:00:00.634797
6060	3	4	2	0	0:00:00.635857
6080	1	1	1	1	0:00:00.643357
6100	1	1	1	1	0:00:00.639302
6120	5	5	5	1	0:00:00.639765
6140	9	9	9	1	0:00:00.645040
6160	2	2	2	1	0:00:00.634642
6180	0	-1	8	0	0:00:00.644335
6200	3	2	2	0	0:00:00.644665
6220	2	-1	5	0	0:00:00.640288
6240	2	2	2	1	0:00:00.633555
6260	2	-1	2	0	0:00:00.637464
6280	8	8	8	1	0:00:00.642177
6300	1	1	1	1	0:00:00.641325
6320	0	-1	0	0	0:00:00.641651
6340	3	-1	3	0	0:00:00.645350
6360	2	2	2	1	0:00:00.633969
6380	3	7	7	0	0:00:00.638222
6400	0	0	0	1	0:00:00.639700
6420	7	7	7	1	0:00:00.645303
6440	3	-1	3	0	0:00:00.637311
6460	3	3	3	1	0:00:00.639556
6480	0	0	0	1	0:00:00.642331
6500	7	-1	8	0	0:00:00.636576
6520	6	6	2	1	0:00:00.641202
6540	8	8	8	1	0:00:00.637442
6560	6	4	5	0	0:00:00.646068
6580	1	1	1	1	0:00:00.638240
6600	7	7	7	1	0:00:00.636846
6620	7	7	7	1	0:00:00.642716
6640	5	3	3	0	0:00:00.638743
6660	0	0	0	1	0:00:00.641332
6680	3	5	5	0	0:00:00.639119
6700	6	6	8	1	0:00:00.638809
6720	2	2	2	1	0:00:00.627834
6740	2	2	2	1	0:00:00.631463
6760	5	5	5	1	0:00:00.629749
6780	7	7	7	1	0:00:00.626454
6800	6	6	2	1	0:00:00.623413
6820	1	1	1	1	0:00:00.629658
6840	9	9	9	1	0:00:00.629863
6860	0	0	0	1	0:00:00.630909
6880	2	2	2	1	0:00:00.636490
6900	3	5	5	0	0:00:00.629984
6920	5	5	5	1	0:00:00.624718
6940	1	1	1	1	0:00:00.618085
6960	9	9	9	1	0:00:00.625130
6980	0	0	0	1	0:00:00.629631
7000	2	0	0	0	0:00:00.627575
7020	7	7	7	1	0:00:00.623559
7040	7	0	0	0	0:00:00.625382
7060	8	8	8	1	0:00:00.627683
7080	5	-1	0	0	0:00:00.626669
7100	9	3	2	0	0:00:00.626194
7120	7	5	5	0	0:00:00.621760
7140	4	4	2	1	0:00:00.625585
7160	5	5	5	1	0:00:00.630930
7180	6	6	6	1	0:00:00.624791
7200	4	4	4	1	0:00:00.638727
7220	9	9	9	1	0:00:00.629548
7240	0	0	0	1	0:00:00.627037
7260	1	1	1	1	0:00:00.619777
7280	1	1	9	1	0:00:00.621598
7300	3	5	5	0	0:00:00.626940
7320	8	8	8	1	0:00:00.623856
7340	2	2	0	1	0:00:00.620013
7360	2	2	2	1	0:00:00.626307
7380	7	7	7	1	0:00:00.622445
7400	3	5	3	0	0:00:00.621184
7420	3	-1	2	0	0:00:00.635219
7440	3	3	3	1	0:00:00.626146
7460	5	5	5	1	0:00:00.626055
7480	1	1	1	1	0:00:00.632031
7500	6	6	6	1	0:00:00.634087
7520	4	4	4	1	0:00:00.629709
7540	5	5	5	1	0:00:00.630946
7560	0	0	0	1	0:00:00.629535
7580	8	8	8	1	0:00:00.628685
7600	8	2	2	0	0:00:00.626338
7620	5	1	1	0	0:00:00.630723
7640	9	8	8	0	0:00:00.629136
7660	7	7	7	1	0:00:00.626474
7680	3	5	5	0	0:00:00.629811
7700	6	6	6	1	0:00:00.626531
7720	5	5	5	1	0:00:00.634647
7740	4	4	4	1	0:00:00.626118
7760	2	-1	0	0	0:00:00.626210
7780	3	8	8	0	0:00:00.626418
7800	0	0	0	1	0:00:00.633766
7820	5	3	3	0	0:00:00.625844
7840	1	1	1	1	0:00:00.630991
7860	8	8	8	1	0:00:00.632208
7880	0	0	0	1	0:00:00.629321
7900	0	0	0	1	0:00:00.628682
7920	9	9	9	1	0:00:00.630735
7940	2	6	6	0	0:00:00.629212
7960	0	0	0	1	0:00:00.631567
7980	3	3	3	1	0:00:00.625292
8000	9	9	9	1	0:00:00.627593
8020	6	3	3	0	0:00:00.620084
8040	2	2	2	1	0:00:00.621266
8060	6	6	6	1	0:00:00.627973
8080	4	4	3	1	0:00:00.624721
8100	6	6	6	1	0:00:00.632274
8120	8	0	0	0	0:00:00.626763
8140	5	-1	5	0	0:00:00.624573
8160	6	6	3	1	0:00:00.629954
8180	4	4	2	1	0:00:00.630902
8200	3	-1	3	0	0:00:00.635065
8220	6	6	5	1	0:00:00.621628
8240	7	7	7	1	0:00:00.624562
8260	1	1	1	1	0:00:00.626663
8280	4	4	4	1	0:00:00.625221
8300	5	-1	3	0	0:00:00.629086
8320	7	7	7	1	0:00:00.627924
8340	5	-1	5	0	0:00:00.624440
8360	7	7	7	1	0:00:00.618228
8380	9	9	9	1	0:00:00.621679
8400	0	0	0	1	0:00:00.621078
8420	3	6	6	0	0:00:00.625224
8440	5	3	3	0	0:00:00.621588
8460	8	8	8	1	0:00:00.631254
8480	2	5	5	0	0:00:00.630966
8500	4	4	4	1	0:00:00.630408
8520	8	8	8	1	0:00:00.636965
8540	4	-1	2	0	0:00:00.624817
8560	7	7	7	1	0:00:00.631664
8580	3	5	5	0	0:00:00.633278
8600	3	-1	3	0	0:00:00.625280
8620	3	-1	5	0	0:00:00.626416
8640	1	9	1	0	0:00:00.636223
8660	7	7	7	1	0:00:00.630919
8680	3	-1	5	0	0:00:00.629532
8700	3	-1	3	0	0:00:00.631559
8720	2	0	0	0	0:00:00.625038
8740	2	2	2	1	0:00:00.630990
8760	8	8	8	1	0:00:00.632840
8780	4	4	8	1	0:00:00.630292
8800	0	0	0	1	0:00:00.627728
8820	2	2	2	1	0:00:00.625060
8840	2	-1	5	0	0:00:00.628618
8860	2	2	2	1	0:00:00.631899
8880	1	1	1	1	0:00:00.628817
8900	2	4	3	0	0:00:00.633478
8920	6	6	6	1	0:00:00.626827
8940	6	3	3	0	0:00:00.629788
8960	0	2	2	0	0:00:00.622475
8980	9	9	9	1	0:00:00.628993
9000	8	8	8	1	0:00:00.629189
9020	7	7	7	1	0:00:00.638336
9040	2	5	5	0	0:00:00.627497
9060	9	9	9	1	0:00:00.632699
9080	3	-1	5	0	0:00:00.629965
9100	9	1	1	0	0:00:00.635900
9120	3	5	5	0	0:00:00.625364
9140	7	7	7	1	0:00:00.630461
9160	5	-1	3	0	0:00:00.627245
9180	5	5	5	1	0:00:00.634610
9200	8	8	8	1	0:00:00.635938
9220	8	8	8	1	0:00:00.634956
9240	8	8	8	1	0:00:00.625821
9260	5	5	3	1	0:00:00.620636
9280	9	9	9	1	0:00:00.629837
9300	5	4	4	0	0:00:00.632920
9320	9	9	9	1	0:00:00.629042
9340	1	1	1	1	0:00:00.628241
9360	5	0	0	0	0:00:00.631261
9380	5	3	3	0	0:00:00.635018
9400	6	6	6	1	0:00:00.638423
9420	5	5	5	1	0:00:00.624236
9440	8	8	8	1	0:00:00.629458
9460	3	-1	3	0	0:00:00.625403
9480	2	2	2	1	0:00:00.629806
9500	9	9	9	1	0:00:00.636964
9520	1	1	1	1	0:00:00.623712
9540	5	5	5	1	0:00:00.622723
9560	9	-1	9	0	0:00:00.622409
9580	1	1	1	1	0:00:00.623692
9600	8	8	8	1	0:00:00.630742
9620	4	4	5	1	0:00:00.626827
9640	5	5	5	1	0:00:00.623723
9660	6	6	6	1	0:00:00.622096
9680	8	8	8	1	0:00:00.622620
9700	0	0	0	1	0:00:00.625121
9720	8	8	8	1	0:00:00.627397
9740	3	6	3	0	0:00:00.626034
9760	9	5	5	0	0:00:00.624630
9780	4	-1	2	0	0:00:00.622117
9800	1	1	1	1	0:00:00.633056
9820	0	0	0	1	0:00:00.630211
9840	4	7	7	0	0:00:00.638606
9860	0	-1	0	0	0:00:00.631856
9880	7	-1	4	0	0:00:00.630439
9900	8	8	8	1	0:00:00.625575
9920	6	6	6	1	0:00:00.629894
9940	4	4	5	1	0:00:00.635469
9960	2	0	0	0	0:00:00.628461
9980	0	0	0	1	0:00:00.625753
