idx	label	predict	basePredict	correct	time
0	3	2	2	0	0:00:03.508095
20	7	1	9	0	0:00:03.375699
40	4	-1	8	0	0:00:03.402115
60	7	2	2	0	0:00:03.460944
80	8	-1	8	0	0:00:03.382811
100	4	3	3	0	0:00:03.383709
120	8	8	8	1	0:00:03.410032
140	6	2	2	0	0:00:03.402179
160	2	0	0	0	0:00:03.376445
180	0	9	8	0	0:00:03.506882
200	5	7	3	0	0:00:03.375838
220	7	7	4	1	0:00:03.399754
240	1	1	8	1	0:00:03.405804
260	8	3	6	0	0:00:03.442707
280	9	9	8	1	0:00:03.402076
300	6	7	4	0	0:00:03.376427
320	3	2	4	0	0:00:03.385309
340	2	4	4	0	0:00:03.389797
360	9	6	4	0	0:00:03.366264
380	6	0	4	0	0:00:03.416560
400	9	1	1	0	0:00:03.395649
420	4	6	6	0	0:00:03.388002
440	1	1	6	1	0:00:03.408133
460	5	3	4	0	0:00:03.385195
480	8	9	9	0	0:00:03.426810
500	4	9	6	0	0:00:03.425620
520	5	7	7	0	0:00:03.387931
540	1	9	8	0	0:00:03.381441
560	0	8	8	0	0:00:03.405082
580	4	6	4	0	0:00:03.395764
600	8	0	4	0	0:00:03.402557
620	7	6	4	0	0:00:03.377953
640	5	3	3	0	0:00:03.406821
660	9	9	3	1	0:00:03.387706
680	9	7	4	0	0:00:03.402638
700	7	0	0	0	0:00:03.381559
720	4	9	9	0	0:00:03.401380
740	2	5	3	0	0:00:03.379369
760	3	9	9	0	0:00:03.413592
780	9	0	0	0	0:00:03.375236
800	7	7	7	1	0:00:03.375719
820	6	1	8	0	0:00:03.389304
840	7	7	7	1	0:00:03.413918
860	4	4	4	1	0:00:03.384111
880	8	8	8	1	0:00:03.404705
900	2	6	4	0	0:00:03.372181
920	6	-1	2	0	0:00:03.373136
940	9	1	1	0	0:00:03.442174
960	9	9	4	1	0:00:03.400673
980	2	6	6	0	0:00:03.451142
1000	5	5	5	1	0:00:02.674612
1020	1	8	8	0	0:00:02.665140
1040	7	5	5	0	0:00:02.676686
1060	9	9	8	1	0:00:02.665129
1080	6	3	6	0	0:00:02.669625
1100	7	8	8	0	0:00:02.693453
1120	5	2	2	0	0:00:02.668666
1140	6	4	4	0	0:00:02.673577
1160	8	0	0	0	0:00:02.671211
1180	3	-1	8	0	0:00:02.661456
1200	8	0	0	0	0:00:02.662805
1220	9	6	2	0	0:00:02.672709
1240	2	6	6	0	0:00:02.679214
1260	1	9	9	0	0:00:02.710119
1280	3	7	7	0	0:00:02.673589
1300	4	3	3	0	0:00:02.673237
1320	7	2	2	0	0:00:02.659646
1340	1	8	8	0	0:00:02.674659
1360	7	5	4	0	0:00:02.673462
1380	4	5	5	0	0:00:02.665756
1400	5	2	2	0	0:00:02.661438
1420	4	7	7	0	0:00:02.663536
1440	0	8	8	0	0:00:02.663600
1460	6	1	4	0	0:00:02.661261
1480	1	5	5	0	0:00:02.663273
1500	1	9	9	0	0:00:02.661590
1520	7	6	2	0	0:00:02.676321
1540	8	8	8	1	0:00:02.669713
1560	7	7	7	1	0:00:02.709023
1580	6	1	1	0	0:00:02.726032
1600	8	9	6	0	0:00:02.685485
1620	5	8	8	0	0:00:02.730944
1640	7	5	3	0	0:00:02.664125
1660	3	5	4	0	0:00:02.677778
1680	6	6	6	1	0:00:02.661597
1700	5	2	2	0	0:00:02.668697
1720	4	2	2	0	0:00:02.669194
1740	1	9	9	0	0:00:02.675076
1760	0	8	8	0	0:00:02.708033
1780	7	8	8	0	0:00:02.661317
1800	4	8	8	0	0:00:02.665274
1820	8	9	8	0	0:00:02.683287
1840	8	7	4	0	0:00:02.666126
1860	8	8	8	1	0:00:02.663350
1880	1	8	8	0	0:00:02.666081
1900	8	8	8	1	0:00:02.662314
1920	2	5	2	0	0:00:02.661653
1940	5	3	3	0	0:00:02.679257
1960	2	5	5	0	0:00:02.661121
1980	9	9	2	1	0:00:02.664558
2000	1	6	4	0	0:00:02.662045
2020	9	9	1	1	0:00:02.667099
2040	0	8	8	0	0:00:02.678045
2060	5	3	3	0	0:00:02.663158
2080	1	6	4	0	0:00:02.676533
2100	2	4	4	0	0:00:02.678600
2120	4	8	8	0	0:00:02.670741
2140	9	1	1	0	0:00:02.672853
2160	0	8	8	0	0:00:02.673940
2180	4	2	2	0	0:00:02.668821
2200	0	2	2	0	0:00:02.681688
2220	1	1	4	1	0:00:02.667627
2240	9	1	8	0	0:00:02.660681
2260	4	7	4	0	0:00:02.663861
2280	4	8	8	0	0:00:02.689799
2300	3	4	4	0	0:00:02.741056
2320	5	8	8	0	0:00:02.663652
2340	7	-1	7	0	0:00:02.666969
2360	7	5	3	0	0:00:02.668826
2380	8	0	0	0	0:00:02.664143
2400	0	4	4	0	0:00:02.669156
2420	8	5	5	0	0:00:02.662318
2440	7	1	8	0	0:00:02.660837
2460	9	3	3	0	0:00:02.671908
2480	8	8	8	1	0:00:02.667287
2500	4	6	2	0	0:00:02.662713
2520	1	9	8	0	0:00:02.660884
2540	2	3	3	0	0:00:02.666240
2560	7	6	2	0	0:00:02.663630
2580	6	7	4	0	0:00:02.679229
2600	8	8	8	1	0:00:02.670137
2620	1	4	4	0	0:00:02.670737
2640	7	6	6	0	0:00:02.672696
2660	3	2	2	0	0:00:02.671387
2680	0	0	0	1	0:00:02.665608
2700	9	7	0	0	0:00:02.666262
2720	3	2	2	0	0:00:02.662853
2740	1	9	7	0	0:00:02.668743
2760	2	4	4	0	0:00:02.668715
2780	7	7	6	1	0:00:02.666457
2800	4	6	6	0	0:00:02.663624
2820	6	6	4	1	0:00:02.662777
2840	3	3	3	1	0:00:02.667140
2860	5	7	4	0	0:00:02.662550
2880	4	4	4	1	0:00:02.673205
2900	3	2	2	0	0:00:02.692482
2920	2	5	5	0	0:00:02.662692
2940	3	0	0	0	0:00:02.688994
2960	9	7	8	0	0:00:02.674100
2980	8	1	8	0	0:00:02.670585
3000	5	5	5	1	0:00:02.664656
3020	1	8	8	0	0:00:02.674525
3040	7	7	7	1	0:00:02.666108
3060	7	7	3	1	0:00:02.663086
3080	1	6	4	0	0:00:02.675688
3100	0	0	0	1	0:00:02.665548
3120	4	6	2	0	0:00:02.677672
3140	8	0	8	0	0:00:02.667196
3160	6	4	4	0	0:00:02.672400
3180	3	7	8	0	0:00:02.667557
3200	5	7	7	0	0:00:02.664394
3220	3	9	9	0	0:00:02.667807
3240	4	1	8	0	0:00:02.668838
3260	7	0	0	0	0:00:02.674351
3280	3	0	0	0	0:00:02.664851
3300	4	6	4	0	0:00:02.702360
3320	2	7	7	0	0:00:02.669305
3340	6	7	4	0	0:00:02.671015
3360	4	6	6	0	0:00:02.665765
3380	8	1	8	0	0:00:02.666900
3400	6	4	4	0	0:00:02.664446
3420	5	-1	4	0	0:00:02.667057
3440	2	9	3	0	0:00:02.665786
3460	1	1	4	1	0:00:02.664362
3480	2	2	2	1	0:00:02.663928
3500	1	1	4	1	0:00:02.710446
3520	1	1	1	1	0:00:02.661312
3540	6	-1	4	0	0:00:02.665382
3560	1	9	0	0	0:00:02.676321
3580	4	1	8	0	0:00:02.663643
3600	4	2	2	0	0:00:02.665793
3620	0	6	6	0	0:00:02.677491
3640	6	2	2	0	0:00:02.667039
3660	0	8	8	0	0:00:02.662961
3680	0	2	2	0	0:00:02.663130
3700	3	4	4	0	0:00:02.673421
3720	2	2	2	1	0:00:02.661982
3740	0	8	8	0	0:00:02.662848
3760	7	7	7	1	0:00:02.668449
3780	4	-1	2	0	0:00:02.661812
3800	9	3	3	0	0:00:02.692812
3820	0	2	2	0	0:00:02.677652
3840	6	-1	3	0	0:00:02.660834
3860	7	7	7	1	0:00:02.667513
3880	6	4	4	0	0:00:02.671935
3900	3	1	1	0	0:00:02.682334
3920	7	1	8	0	0:00:02.664802
3940	6	7	4	0	0:00:02.688468
3960	2	5	5	0	0:00:02.660865
3980	9	7	7	0	0:00:02.671391
4000	8	7	4	0	0:00:02.681326
4020	8	1	8	0	0:00:02.669295
4040	0	8	8	0	0:00:02.666860
4060	6	3	3	0	0:00:02.666177
4080	1	8	8	0	0:00:02.669581
4100	7	7	7	1	0:00:02.672554
4120	4	0	0	0	0:00:02.676756
4140	5	3	3	0	0:00:02.669061
4160	5	2	2	0	0:00:02.662809
4180	0	8	8	0	0:00:02.694490
4200	4	2	2	0	0:00:02.725024
4220	4	0	0	0	0:00:02.664954
4240	7	0	0	0	0:00:02.662433
4260	8	1	1	0	0:00:02.661747
4280	8	-1	0	0	0:00:02.670799
4300	8	9	8	0	0:00:02.663575
4320	1	8	8	0	0:00:02.674111
4340	0	8	8	0	0:00:02.668398
4360	6	9	9	0	0:00:02.664749
4380	9	8	8	0	0:00:02.675600
4400	3	4	4	0	0:00:02.777482
4420	5	8	8	0	0:00:02.666263
4440	2	6	2	0	0:00:02.676400
4460	9	8	8	0	0:00:02.672839
4480	9	6	6	0	0:00:02.663128
4500	3	6	6	0	0:00:02.663001
4520	3	6	6	0	0:00:02.663745
4540	9	9	1	1	0:00:02.668602
4560	1	6	4	0	0:00:02.664561
4580	6	4	4	0	0:00:02.681883
4600	4	7	7	0	0:00:02.679131
4620	7	3	3	0	0:00:02.665064
4640	2	3	4	0	0:00:02.660673
4660	7	6	2	0	0:00:02.662769
4680	9	1	1	0	0:00:02.663105
4700	6	1	4	0	0:00:02.667179
4720	8	0	0	0	0:00:02.660563
4740	5	6	4	0	0:00:02.664104
4760	3	8	8	0	0:00:02.661153
4780	0	-1	8	0	0:00:02.674601
4800	9	9	9	1	0:00:02.665620
4820	3	5	5	0	0:00:02.669294
4840	0	0	0	1	0:00:02.670287
4860	5	3	3	0	0:00:02.724613
4880	0	2	2	0	0:00:02.676658
4900	3	6	6	0	0:00:02.662540
4920	7	0	2	0	0:00:02.665723
4940	6	4	2	0	0:00:02.668838
4960	4	3	3	0	0:00:02.661921
4980	1	9	9	0	0:00:02.662420
5000	7	7	7	1	0:00:02.667995
5020	8	1	8	0	0:00:02.669209
5040	3	7	4	0	0:00:02.659211
5060	6	2	4	0	0:00:02.670392
5080	7	7	7	1	0:00:02.663376
5100	3	-1	4	0	0:00:02.662623
5120	9	8	8	0	0:00:02.683350
5140	8	0	8	0	0:00:02.667129
5160	0	8	8	0	0:00:02.663574
5180	9	6	4	0	0:00:02.708495
5200	3	3	3	1	0:00:02.661996
5220	0	0	0	1	0:00:02.667584
5240	1	2	2	0	0:00:02.678173
5260	0	0	0	1	0:00:02.665178
5280	0	8	8	0	0:00:02.752181
5300	9	1	1	0	0:00:02.663556
5320	7	0	3	0	0:00:02.661436
5340	3	4	4	0	0:00:02.686074
5360	9	9	3	1	0:00:02.725688
5380	1	9	9	0	0:00:02.667754
5400	9	0	8	0	0:00:02.667566
5420	6	5	6	0	0:00:02.664110
5440	9	9	8	1	0:00:02.673871
5460	0	7	7	0	0:00:02.668356
5480	1	-1	4	0	0:00:02.663891
5500	8	1	8	0	0:00:02.675128
5520	4	-1	3	0	0:00:02.677190
5540	5	6	2	0	0:00:02.677041
5560	3	6	4	0	0:00:02.662936
5580	5	6	6	0	0:00:02.663314
5600	6	-1	0	0	0:00:02.664052
5620	3	2	2	0	0:00:02.695570
5640	2	5	3	0	0:00:02.669935
5660	9	0	8	0	0:00:02.665841
5680	2	1	8	0	0:00:02.663890
5700	3	6	6	0	0:00:02.674460
5720	9	9	9	1	0:00:02.688312
5740	6	4	4	0	0:00:02.664979
5760	2	0	2	0	0:00:02.666758
5780	7	7	4	1	0:00:02.677149
5800	2	6	4	0	0:00:02.677901
5820	5	6	6	0	0:00:02.665842
5840	2	6	6	0	0:00:02.661906
5860	0	8	8	0	0:00:02.664618
5880	0	8	8	0	0:00:02.661030
5900	4	3	4	0	0:00:02.676203
5920	8	8	6	1	0:00:02.660912
5940	7	4	4	0	0:00:02.668076
5960	2	7	4	0	0:00:02.666223
5980	9	9	6	1	0:00:02.662509
6000	8	9	8	0	0:00:02.667004
6020	6	7	6	0	0:00:02.668296
6040	2	7	7	0	0:00:02.659764
6060	3	4	4	0	0:00:02.663546
6080	1	-1	6	0	0:00:02.666174
6100	1	-1	8	0	0:00:02.661382
6120	5	3	3	0	0:00:02.727722
6140	9	-1	7	0	0:00:02.671204
6160	2	5	5	0	0:00:02.664935
6180	0	9	8	0	0:00:02.701283
6200	3	9	8	0	0:00:02.663988
6220	2	6	5	0	0:00:02.666877
6240	2	1	4	0	0:00:02.664345
6260	2	9	8	0	0:00:02.663397
6280	8	5	6	0	0:00:02.671966
6300	1	7	4	0	0:00:02.665749
6320	0	0	0	1	0:00:02.664253
6340	3	7	3	0	0:00:02.672548
6360	2	6	6	0	0:00:02.661166
6380	3	1	6	0	0:00:02.668888
6400	0	1	4	0	0:00:02.664524
6420	7	8	8	0	0:00:02.673517
6440	3	-1	8	0	0:00:02.661407
6460	3	1	4	0	0:00:02.667670
6480	0	5	2	0	0:00:02.714512
6500	7	0	8	0	0:00:02.727828
6520	6	2	4	0	0:00:02.662585
6540	8	1	8	0	0:00:02.666053
6560	6	7	4	0	0:00:02.666266
6580	1	2	2	0	0:00:02.672765
6600	7	7	7	1	0:00:02.668413
6620	7	7	3	1	0:00:02.663071
6640	5	8	8	0	0:00:02.698789
6660	0	9	8	0	0:00:02.665049
6680	3	5	5	0	0:00:02.725110
6700	6	1	2	0	0:00:02.662668
6720	2	4	2	0	0:00:02.694289
6740	2	6	4	0	0:00:02.675143
6760	5	3	6	0	0:00:02.661793
6780	7	7	7	1	0:00:02.670257
6800	6	2	4	0	0:00:02.667856
6820	1	1	8	1	0:00:02.663935
6840	9	1	1	0	0:00:02.661892
6860	0	2	2	0	0:00:02.664671
6880	2	7	7	0	0:00:02.666929
6900	3	7	4	0	0:00:02.664135
6920	5	2	2	0	0:00:02.667739
6940	1	1	1	1	0:00:02.673058
6960	9	8	8	0	0:00:02.677138
6980	0	1	1	0	0:00:02.675740
7000	2	8	8	0	0:00:02.674856
7020	7	1	8	0	0:00:02.670970
7040	7	8	8	0	0:00:02.663520
7060	8	0	0	0	0:00:02.664496
7080	5	4	4	0	0:00:02.662261
7100	9	3	3	0	0:00:02.725775
7120	7	6	6	0	0:00:02.682868
7140	4	1	4	0	0:00:02.689918
7160	5	4	4	0	0:00:02.702158
7180	6	6	6	1	0:00:02.670165
7200	4	6	2	0	0:00:02.666656
7220	9	8	8	0	0:00:02.662703
7240	0	8	8	0	0:00:02.660700
7260	1	8	8	0	0:00:02.663650
7280	1	6	4	0	0:00:02.665734
7300	3	7	7	0	0:00:02.663256
7320	8	0	0	0	0:00:02.661289
7340	2	4	4	0	0:00:02.679509
7360	2	7	4	0	0:00:02.672723
7380	7	9	5	0	0:00:02.661079
7400	3	9	3	0	0:00:02.661774
7420	3	0	0	0	0:00:02.665638
7440	3	6	4	0	0:00:02.663688
7460	5	5	5	1	0:00:02.666579
7480	1	-1	5	0	0:00:02.662577
7500	6	6	6	1	0:00:02.696755
7520	4	6	4	0	0:00:02.682078
7540	5	5	5	1	0:00:02.675599
7560	0	6	2	0	0:00:02.691020
7580	8	0	8	0	0:00:02.668328
7600	8	9	2	0	0:00:02.671176
7620	5	1	9	0	0:00:02.667774
7640	9	7	6	0	0:00:02.685248
7660	7	1	4	0	0:00:02.664791
7680	3	9	3	0	0:00:02.662392
7700	6	6	4	1	0:00:02.662175
7720	5	-1	4	0	0:00:02.659919
7740	4	6	2	0	0:00:02.668224
7760	2	9	9	0	0:00:02.684110
7780	3	1	8	0	0:00:02.679344
7800	0	-1	8	0	0:00:02.686886
7820	5	8	8	0	0:00:02.663848
7840	1	1	1	1	0:00:02.662875
7860	8	7	4	0	0:00:02.660834
7880	0	-1	2	0	0:00:02.662379
7900	0	8	8	0	0:00:02.667964
7920	9	8	8	0	0:00:02.669186
7940	2	6	6	0	0:00:02.674550
7960	0	3	3	0	0:00:02.674136
7980	3	7	4	0	0:00:02.662056
8000	9	0	0	0	0:00:02.666622
8020	6	3	3	0	0:00:02.663766
8040	2	6	4	0	0:00:02.661032
8060	6	4	4	0	0:00:02.669810
8080	4	6	6	0	0:00:02.674461
8100	6	2	2	0	0:00:02.667302
8120	8	9	9	0	0:00:02.666703
8140	5	4	4	0	0:00:02.666755
8160	6	9	6	0	0:00:02.665245
8180	4	6	2	0	0:00:02.667824
8200	3	-1	2	0	0:00:02.667499
8220	6	-1	2	0	0:00:02.667532
8240	7	7	4	1	0:00:02.668001
8260	1	3	3	0	0:00:02.672089
8280	4	3	3	0	0:00:02.667396
8300	5	2	2	0	0:00:02.667430
8320	7	3	4	0	0:00:02.670560
8340	5	3	4	0	0:00:02.664162
8360	7	4	4	0	0:00:02.665990
8380	9	8	8	0	0:00:02.665763
8400	0	8	8	0	0:00:02.663705
8420	3	4	4	0	0:00:02.671579
8440	5	9	4	0	0:00:02.662892
8460	8	8	8	1	0:00:02.664911
8480	2	1	8	0	0:00:02.664082
8500	4	2	2	0	0:00:02.667198
8520	8	4	4	0	0:00:02.663259
8540	4	6	2	0	0:00:02.664867
8560	7	4	4	0	0:00:02.663100
8580	3	0	2	0	0:00:02.666295
8600	3	7	4	0	0:00:02.664993
8620	3	1	4	0	0:00:02.671341
8640	1	1	8	1	0:00:02.662693
8660	7	5	5	0	0:00:02.672132
8680	3	9	8	0	0:00:02.663554
8700	3	3	3	1	0:00:02.663221
8720	2	0	0	0	0:00:02.664050
8740	2	-1	4	0	0:00:02.662388
8760	8	5	5	0	0:00:02.663973
8780	4	7	4	0	0:00:02.668087
8800	0	0	0	1	0:00:02.660783
8820	2	3	3	0	0:00:02.664627
8840	2	1	1	0	0:00:02.677366
8860	2	6	6	0	0:00:02.666145
8880	1	9	6	0	0:00:02.661536
8900	2	6	4	0	0:00:02.666366
8920	6	6	4	1	0:00:02.671508
8940	6	3	3	0	0:00:02.661994
8960	0	0	0	1	0:00:02.662659
8980	9	9	8	1	0:00:02.663609
9000	8	8	8	1	0:00:02.661505
9020	7	9	8	0	0:00:02.672248
9040	2	5	5	0	0:00:02.664539
9060	9	5	5	0	0:00:02.662793
9080	3	0	0	0	0:00:02.661631
9100	9	6	6	0	0:00:02.675042
9120	3	0	0	0	0:00:02.665990
9140	7	1	8	0	0:00:02.663345
9160	5	7	4	0	0:00:02.667278
9180	5	5	5	1	0:00:02.662301
9200	8	8	8	1	0:00:02.692626
9220	8	8	8	1	0:00:02.663475
9240	8	9	8	0	0:00:02.669099
9260	5	6	6	0	0:00:02.663587
9280	9	1	8	0	0:00:02.671326
9300	5	-1	2	0	0:00:02.665987
9320	9	8	8	0	0:00:02.669803
9340	1	1	1	1	0:00:02.664850
9360	5	1	4	0	0:00:02.667606
9380	5	9	9	0	0:00:02.667896
9400	6	4	4	0	0:00:02.669267
9420	5	6	6	0	0:00:02.668716
9440	8	8	8	1	0:00:02.671658
9460	3	7	4	0	0:00:02.666960
9480	2	4	4	0	0:00:02.665955
9500	9	1	4	0	0:00:02.666660
9520	1	3	8	0	0:00:02.666222
9540	5	3	4	0	0:00:02.665633
9560	9	7	7	0	0:00:02.667272
9580	1	4	4	0	0:00:02.667690
9600	8	0	8	0	0:00:02.664233
9620	4	7	7	0	0:00:02.666545
9640	5	0	0	0	0:00:02.665532
9660	6	-1	6	0	0:00:02.663706
9680	8	9	8	0	0:00:02.666828
9700	0	2	2	0	0:00:02.661896
9720	8	6	6	0	0:00:02.662584
9740	3	4	4	0	0:00:02.664451
9760	9	7	4	0	0:00:02.663635
9780	4	6	6	0	0:00:02.665785
9800	1	1	1	1	0:00:02.663298
9820	0	8	8	0	0:00:02.665307
9840	4	5	5	0	0:00:02.671381
9860	0	5	2	0	0:00:02.664030
9880	7	4	8	0	0:00:02.662273
9900	8	0	6	0	0:00:02.663968
9920	6	4	2	0	0:00:02.660236
9940	4	5	7	0	0:00:02.663562
9960	2	0	0	0	0:00:02.662899
9980	0	0	0	1	0:00:02.663277
