idx	label	predict	basePredict	correct	time
0	3	-1	4	0	0:00:01.193159
20	7	9	9	0	0:00:01.062149
40	4	8	8	0	0:00:01.087382
60	7	2	2	0	0:00:01.091366
80	8	8	8	1	0:00:01.061640
100	4	-1	4	0	0:00:01.108974
120	8	8	8	1	0:00:01.056813
140	6	2	2	0	0:00:01.090932
160	2	0	0	0	0:00:01.053979
180	0	0	0	1	0:00:01.060473
200	5	-1	3	0	0:00:01.052745
220	7	7	7	1	0:00:01.068102
240	1	1	1	1	0:00:01.061451
260	8	5	5	0	0:00:01.074262
280	9	9	8	1	0:00:01.047660
300	6	6	6	1	0:00:01.053314
320	3	5	2	0	0:00:01.037397
340	2	-1	4	0	0:00:01.041553
360	9	6	6	0	0:00:01.072153
380	6	-1	8	0	0:00:01.072516
400	9	9	9	1	0:00:01.054976
420	4	6	6	0	0:00:01.090478
440	1	-1	2	0	0:00:01.054378
460	5	-1	5	0	0:00:01.061029
480	8	9	9	0	0:00:01.066027
500	4	-1	6	0	0:00:01.037099
520	5	-1	8	0	0:00:01.011840
540	1	8	8	0	0:00:01.046987
560	0	-1	0	0	0:00:01.133309
580	4	6	6	0	0:00:01.061891
600	8	9	0	0	0:00:01.060848
620	7	-1	4	0	0:00:01.052355
640	5	-1	6	0	0:00:01.046553
660	9	9	9	1	0:00:01.078436
680	9	9	9	1	0:00:01.085738
700	7	7	7	1	0:00:00.997005
720	4	9	9	0	0:00:01.010314
740	2	5	5	0	0:00:01.008743
760	3	9	9	0	0:00:00.992499
780	9	-1	8	0	0:00:01.013354
800	7	7	7	1	0:00:01.009529
820	6	9	9	0	0:00:01.028807
840	7	7	7	1	0:00:01.042390
860	4	6	6	0	0:00:01.046727
880	8	8	8	1	0:00:01.079983
900	2	6	6	0	0:00:01.086104
920	6	-1	2	0	0:00:01.046383
940	9	-1	6	0	0:00:01.049087
960	9	9	9	1	0:00:01.014576
980	2	6	6	0	0:00:01.043014
1000	5	5	5	1	0:00:00.945238
1020	1	8	8	0	0:00:00.947176
1040	7	5	5	0	0:00:00.947963
1060	9	-1	8	0	0:00:00.930824
1080	6	6	6	1	0:00:00.942872
1100	7	8	8	0	0:00:00.959205
1120	5	8	8	0	0:00:00.936284
1140	6	-1	6	0	0:00:00.899405
1160	8	0	0	0	0:00:00.929240
1180	3	9	9	0	0:00:00.945466
1200	8	0	0	0	0:00:00.947762
1220	9	-1	0	0	0:00:00.943983
1240	2	6	6	0	0:00:00.941371
1260	1	9	9	0	0:00:00.959278
1280	3	7	7	0	0:00:00.944309
1300	4	6	6	0	0:00:00.955672
1320	7	-1	0	0	0:00:00.905219
1340	1	1	1	1	0:00:00.875997
1360	7	9	2	0	0:00:00.895980
1380	4	-1	8	0	0:00:00.938206
1400	5	-1	2	0	0:00:00.950690
1420	4	7	7	0	0:00:00.912936
1440	0	-1	0	0	0:00:00.916983
1460	6	-1	6	0	0:00:00.908385
1480	1	-1	7	0	0:00:00.944516
1500	1	9	9	0	0:00:00.943632
1520	7	6	6	0	0:00:00.953777
1540	8	8	8	1	0:00:00.949293
1560	7	7	7	1	0:00:00.952554
1580	6	9	9	0	0:00:00.936903
1600	8	9	6	0	0:00:00.949409
1620	5	8	8	0	0:00:00.945969
1640	7	5	5	0	0:00:00.930636
1660	3	-1	4	0	0:00:00.924559
1680	6	6	6	1	0:00:00.947422
1700	5	-1	0	0	0:00:00.932752
1720	4	0	0	0	0:00:00.949635
1740	1	9	9	0	0:00:00.939752
1760	0	8	8	0	0:00:00.953719
1780	7	8	8	0	0:00:00.953533
1800	4	8	8	0	0:00:00.977488
1820	8	9	8	0	0:00:00.957110
1840	8	-1	7	0	0:00:00.951494
1860	8	8	8	1	0:00:00.933617
1880	1	-1	4	0	0:00:00.941403
1900	8	8	8	1	0:00:00.960227
1920	2	7	6	0	0:00:00.962170
1940	5	2	2	0	0:00:00.953973
1960	2	-1	7	0	0:00:00.942757
1980	9	9	2	1	0:00:00.966427
2000	1	6	6	0	0:00:00.940702
2020	9	9	9	1	0:00:00.943514
2040	0	8	8	0	0:00:00.940258
2060	5	5	0	1	0:00:00.916264
2080	1	-1	2	0	0:00:00.956201
2100	2	4	4	0	0:00:00.930407
2120	4	8	8	0	0:00:00.932760
2140	9	9	1	1	0:00:00.962077
2160	0	8	8	0	0:00:00.969114
2180	4	6	6	0	0:00:00.947429
2200	0	0	0	1	0:00:00.959118
2220	1	1	4	1	0:00:00.949491
2240	9	9	9	1	0:00:00.960859
2260	4	-1	4	0	0:00:00.962054
2280	4	-1	8	0	0:00:00.953988
2300	3	6	6	0	0:00:00.956608
2320	5	8	8	0	0:00:00.936000
2340	7	9	7	0	0:00:00.978579
2360	7	-1	9	0	0:00:00.968508
2380	8	8	8	1	0:00:00.966339
2400	0	0	0	1	0:00:00.951536
2420	8	-1	5	0	0:00:00.961147
2440	7	1	8	0	0:00:00.941350
2460	9	9	6	1	0:00:00.943420
2480	8	8	8	1	0:00:00.929954
2500	4	-1	4	0	0:00:00.937742
2520	1	8	8	0	0:00:00.954399
2540	2	-1	4	0	0:00:00.945748
2560	7	-1	2	0	0:00:00.962737
2580	6	4	4	0	0:00:00.972879
2600	8	8	8	1	0:00:00.924287
2620	1	6	6	0	0:00:01.004808
2640	7	7	2	1	0:00:00.947579
2660	3	0	0	0	0:00:00.972384
2680	0	0	0	1	0:00:00.958474
2700	9	-1	0	0	0:00:00.956423
2720	3	8	8	0	0:00:00.961074
2740	1	1	1	1	0:00:00.947321
2760	2	6	6	0	0:00:00.950625
2780	7	7	7	1	0:00:00.950939
2800	4	6	6	0	0:00:00.941093
2820	6	6	6	1	0:00:00.941320
2840	3	3	3	1	0:00:00.948536
2860	5	7	7	0	0:00:00.928493
2880	4	4	4	1	0:00:00.928016
2900	3	5	5	0	0:00:00.946368
2920	2	-1	0	0	0:00:00.949109
2940	3	-1	8	0	0:00:00.935677
2960	9	-1	9	0	0:00:00.952878
2980	8	1	1	0	0:00:00.955334
3000	5	5	5	1	0:00:00.944147
3020	1	-1	8	0	0:00:00.955664
3040	7	7	7	1	0:00:00.965895
3060	7	7	7	1	0:00:00.959289
3080	1	-1	2	0	0:00:00.955101
3100	0	0	0	1	0:00:00.966858
3120	4	6	6	0	0:00:00.932328
3140	8	8	8	1	0:00:00.964360
3160	6	4	4	0	0:00:00.929116
3180	3	-1	8	0	0:00:00.950170
3200	5	-1	7	0	0:00:00.937986
3220	3	9	9	0	0:00:00.940381
3240	4	0	0	0	0:00:00.956906
3260	7	0	0	0	0:00:00.963070
3280	3	0	0	0	0:00:00.965080
3300	4	-1	4	0	0:00:00.951207
3320	2	-1	7	0	0:00:00.928505
3340	6	-1	4	0	0:00:00.947136
3360	4	6	6	0	0:00:00.956882
3380	8	9	8	0	0:00:00.931599
3400	6	4	4	0	0:00:00.959564
3420	5	6	6	0	0:00:00.955361
3440	2	9	9	0	0:00:00.964436
3460	1	1	4	1	0:00:00.977064
3480	2	2	2	1	0:00:00.967662
3500	1	-1	4	0	0:00:00.949317
3520	1	1	1	1	0:00:00.955995
3540	6	8	8	0	0:00:00.951781
3560	1	9	8	0	0:00:00.930353
3580	4	1	1	0	0:00:00.947806
3600	4	2	2	0	0:00:00.945086
3620	0	-1	6	0	0:00:00.944686
3640	6	-1	0	0	0:00:00.946638
3660	0	8	8	0	0:00:00.949754
3680	0	-1	2	0	0:00:00.964961
3700	3	5	4	0	0:00:00.962215
3720	2	-1	0	0	0:00:00.930657
3740	0	-1	0	0	0:00:00.961124
3760	7	7	7	1	0:00:00.959095
3780	4	-1	2	0	0:00:00.949158
3800	9	9	8	1	0:00:00.931158
3820	0	0	0	1	0:00:00.928770
3840	6	8	8	0	0:00:00.945075
3860	7	7	7	1	0:00:00.928640
3880	6	-1	4	0	0:00:00.957478
3900	3	-1	1	0	0:00:00.941975
3920	7	-1	8	0	0:00:00.988019
3940	6	7	7	0	0:00:00.941450
3960	2	5	5	0	0:00:00.951187
3980	9	7	7	0	0:00:00.933683
4000	8	7	4	0	0:00:00.964012
4020	8	9	8	0	0:00:00.929201
4040	0	0	0	1	0:00:00.936609
4060	6	-1	6	0	0:00:00.938921
4080	1	8	8	0	0:00:00.955560
4100	7	7	7	1	0:00:00.923710
4120	4	0	0	0	0:00:00.956112
4140	5	-1	2	0	0:00:00.956046
4160	5	2	2	0	0:00:00.954689
4180	0	0	8	1	0:00:00.934401
4200	4	2	2	0	0:00:00.949620
4220	4	0	0	0	0:00:00.954079
4240	7	8	8	0	0:00:00.952558
4260	8	-1	8	0	0:00:00.934511
4280	8	-1	8	0	0:00:00.928865
4300	8	-1	8	0	0:00:00.947204
4320	1	8	8	0	0:00:00.943178
4340	0	-1	0	0	0:00:00.940628
4360	6	9	9	0	0:00:00.953906
4380	9	9	8	1	0:00:00.943075
4400	3	8	8	0	0:00:00.924871
4420	5	8	8	0	0:00:00.949901
4440	2	6	6	0	0:00:00.925264
4460	9	8	8	0	0:00:00.929402
4480	9	6	6	0	0:00:00.953219
4500	3	7	7	0	0:00:00.940174
4520	3	6	6	0	0:00:00.938146
4540	9	9	9	1	0:00:00.965394
4560	1	1	4	1	0:00:00.950108
4580	6	-1	4	0	0:00:00.955069
4600	4	1	1	0	0:00:00.949841
4620	7	3	3	0	0:00:00.951799
4640	2	5	5	0	0:00:00.937122
4660	7	-1	2	0	0:00:00.950741
4680	9	1	1	0	0:00:00.957515
4700	6	1	4	0	0:00:00.959558
4720	8	-1	0	0	0:00:00.979036
4740	5	6	6	0	0:00:00.955972
4760	3	-1	2	0	0:00:00.948725
4780	0	-1	0	0	0:00:00.933807
4800	9	9	9	1	0:00:00.961951
4820	3	-1	6	0	0:00:00.950541
4840	0	0	0	1	0:00:00.945390
4860	5	5	5	1	0:00:00.955982
4880	0	2	2	0	0:00:00.946187
4900	3	6	6	0	0:00:00.950249
4920	7	0	0	0	0:00:00.953296
4940	6	4	2	0	0:00:00.958502
4960	4	6	6	0	0:00:00.964167
4980	1	9	9	0	0:00:00.960350
5000	7	7	7	1	0:00:00.962634
5020	8	8	8	1	0:00:00.956100
5040	3	-1	4	0	0:00:00.964846
5060	6	6	6	1	0:00:00.961015
5080	7	7	7	1	0:00:00.969048
5100	3	4	4	0	0:00:00.954912
5120	9	8	8	0	0:00:00.956292
5140	8	8	8	1	0:00:00.958349
5160	0	8	8	0	0:00:00.972559
5180	9	6	4	0	0:00:00.975550
5200	3	3	3	1	0:00:00.956356
5220	0	0	0	1	0:00:00.968499
5240	1	9	4	0	0:00:00.966080
5260	0	0	0	1	0:00:00.958017
5280	0	8	8	0	0:00:00.896557
5300	9	1	6	0	0:00:00.888494
5320	7	7	7	1	0:00:00.909168
5340	3	-1	8	0	0:00:00.918192
5360	9	9	9	1	0:00:00.941802
5380	1	9	9	0	0:00:00.949157
5400	9	0	8	0	0:00:00.931928
5420	6	7	7	0	0:00:00.934497
5440	9	9	9	1	0:00:00.954713
5460	0	-1	6	0	0:00:00.968501
5480	1	8	8	0	0:00:00.967556
5500	8	-1	8	0	0:00:00.969251
5520	4	6	6	0	0:00:00.963376
5540	5	-1	2	0	0:00:00.960228
5560	3	6	6	0	0:00:00.950467
5580	5	6	6	0	0:00:00.972094
5600	6	-1	8	0	0:00:00.953804
5620	3	2	2	0	0:00:00.964599
5640	2	3	3	0	0:00:00.972789
5660	9	-1	8	0	0:00:00.954232
5680	2	-1	8	0	0:00:00.963270
5700	3	-1	2	0	0:00:00.962164
5720	9	9	9	1	0:00:00.953606
5740	6	-1	4	0	0:00:00.962876
5760	2	8	8	0	0:00:00.974070
5780	7	-1	7	0	0:00:00.960862
5800	2	6	4	0	0:00:00.952035
5820	5	6	6	0	0:00:00.953801
5840	2	6	6	0	0:00:00.947908
5860	0	8	8	0	0:00:00.950038
5880	0	-1	8	0	0:00:00.962776
5900	4	5	4	0	0:00:00.955906
5920	8	8	8	1	0:00:00.953285
5940	7	4	4	0	0:00:00.937380
5960	2	7	7	0	0:00:00.953716
5980	9	9	9	1	0:00:00.949993
6000	8	9	8	0	0:00:00.979520
6020	6	-1	6	0	0:00:00.958636
6040	2	7	7	0	0:00:00.967676
6060	3	4	4	0	0:00:00.946824
6080	1	9	6	0	0:00:00.955147
6100	1	-1	8	0	0:00:00.966115
6120	5	5	5	1	0:00:00.970588
6140	9	9	9	1	0:00:00.941534
6160	2	9	8	0	0:00:00.950611
6180	0	-1	8	0	0:00:00.966034
6200	3	0	0	0	0:00:00.962982
6220	2	6	6	0	0:00:00.957626
6240	2	-1	6	0	0:00:00.936210
6260	2	9	9	0	0:00:00.936276
6280	8	5	5	0	0:00:00.945460
6300	1	-1	4	0	0:00:00.931858
6320	0	0	0	1	0:00:00.934599
6340	3	-1	8	0	0:00:00.930174
6360	2	-1	2	0	0:00:00.949139
6380	3	1	6	0	0:00:00.956433
6400	0	1	4	0	0:00:00.945964
6420	7	8	8	0	0:00:00.962564
6440	3	8	8	0	0:00:00.956292
6460	3	1	1	0	0:00:00.939738
6480	0	0	0	1	0:00:00.951640
6500	7	0	0	0	0:00:00.936822
6520	6	4	4	0	0:00:00.952412
6540	8	-1	8	0	0:00:00.933411
6560	6	6	6	1	0:00:00.947892
6580	1	-1	8	0	0:00:00.933155
6600	7	7	7	1	0:00:00.943390
6620	7	7	7	1	0:00:00.953907
6640	5	-1	8	0	0:00:00.949702
6660	0	0	0	1	0:00:00.941123
6680	3	3	3	1	0:00:00.935149
6700	6	6	6	1	0:00:00.935705
6720	2	2	2	1	0:00:00.936326
6740	2	6	6	0	0:00:00.944578
6760	5	0	0	0	0:00:00.940978
6780	7	7	7	1	0:00:00.935920
6800	6	6	6	1	0:00:00.933718
6820	1	1	1	1	0:00:00.933665
6840	9	9	6	1	0:00:00.942432
6860	0	0	0	1	0:00:00.925815
6880	2	6	6	0	0:00:00.936934
6900	3	7	7	0	0:00:00.949637
6920	5	2	2	0	0:00:00.943011
6940	1	1	1	1	0:00:00.934107
6960	9	8	8	0	0:00:00.950003
6980	0	9	9	0	0:00:00.942779
7000	2	8	8	0	0:00:00.952481
7020	7	1	1	0	0:00:00.938639
7040	7	8	8	0	0:00:00.942290
7060	8	-1	8	0	0:00:00.946881
7080	5	-1	0	0	0:00:00.952791
7100	9	8	8	0	0:00:00.946177
7120	7	7	6	1	0:00:00.950825
7140	4	4	4	1	0:00:00.944006
7160	5	7	2	0	0:00:00.942756
7180	6	6	6	1	0:00:00.949801
7200	4	-1	2	0	0:00:00.944349
7220	9	8	8	0	0:00:00.946532
7240	0	8	8	0	0:00:00.941285
7260	1	8	8	0	0:00:00.955732
7280	1	-1	6	0	0:00:00.936197
7300	3	-1	8	0	0:00:00.929870
7320	8	0	0	0	0:00:00.923864
7340	2	-1	0	0	0:00:00.938417
7360	2	-1	7	0	0:00:00.950429
7380	7	-1	7	0	0:00:00.946424
7400	3	9	9	0	0:00:00.969857
7420	3	0	0	0	0:00:00.950042
7440	3	6	6	0	0:00:00.936691
7460	5	5	5	1	0:00:00.939649
7480	1	5	5	0	0:00:00.939104
7500	6	6	6	1	0:00:00.931957
7520	4	6	6	0	0:00:00.933197
7540	5	5	5	1	0:00:00.945606
7560	0	9	2	0	0:00:00.946849
7580	8	-1	8	0	0:00:00.945027
7600	8	9	9	0	0:00:00.932452
7620	5	-1	1	0	0:00:00.948435
7640	9	-1	8	0	0:00:00.935990
7660	7	9	9	0	0:00:00.943784
7680	3	9	9	0	0:00:00.951918
7700	6	6	6	1	0:00:00.934697
7720	5	-1	6	0	0:00:00.976813
7740	4	-1	2	0	0:00:00.935152
7760	2	9	9	0	0:00:00.945018
7780	3	8	8	0	0:00:00.938828
7800	0	0	0	1	0:00:00.927939
7820	5	8	8	0	0:00:00.921209
7840	1	1	1	1	0:00:00.948486
7860	8	-1	4	0	0:00:00.942280
7880	0	-1	0	0	0:00:00.936473
7900	0	8	8	0	0:00:00.946512
7920	9	8	8	0	0:00:00.947567
7940	2	6	6	0	0:00:00.932772
7960	0	0	0	1	0:00:00.944948
7980	3	7	4	0	0:00:00.941809
8000	9	-1	0	0	0:00:00.948719
8020	6	6	6	1	0:00:00.940033
8040	2	6	6	0	0:00:00.945266
8060	6	6	6	1	0:00:00.955281
8080	4	6	4	0	0:00:00.943511
8100	6	2	2	0	0:00:00.935217
8120	8	9	9	0	0:00:00.909247
8140	5	6	6	0	0:00:00.942017
8160	6	9	8	0	0:00:00.939862
8180	4	6	6	0	0:00:00.935580
8200	3	-1	6	0	0:00:00.930089
8220	6	-1	2	0	0:00:00.938633
8240	7	7	7	1	0:00:00.944839
8260	1	-1	3	0	0:00:00.953253
8280	4	-1	3	0	0:00:00.948626
8300	5	-1	2	0	0:00:00.923930
8320	7	9	4	0	0:00:00.940221
8340	5	-1	4	0	0:00:00.958784
8360	7	-1	6	0	0:00:00.962233
8380	9	8	8	0	0:00:00.962932
8400	0	8	8	0	0:00:00.946636
8420	3	-1	4	0	0:00:00.964134
8440	5	9	4	0	0:00:00.932762
8460	8	8	8	1	0:00:00.944866
8480	2	-1	8	0	0:00:00.941622
8500	4	2	2	0	0:00:00.956774
8520	8	-1	6	0	0:00:00.943147
8540	4	-1	4	0	0:00:00.934088
8560	7	-1	7	0	0:00:00.928164
8580	3	-1	0	0	0:00:00.950531
8600	3	7	7	0	0:00:00.921908
8620	3	-1	4	0	0:00:00.927685
8640	1	1	1	1	0:00:00.927287
8660	7	5	5	0	0:00:00.929610
8680	3	9	8	0	0:00:00.965608
8700	3	-1	3	0	0:00:00.952041
8720	2	0	0	0	0:00:00.953285
8740	2	6	6	0	0:00:00.953588
8760	8	-1	5	0	0:00:00.942391
8780	4	-1	4	0	0:00:00.938913
8800	0	0	0	1	0:00:00.930415
8820	2	2	2	1	0:00:00.919700
8840	2	1	1	0	0:00:00.932595
8860	2	0	8	0	0:00:00.933131
8880	1	6	6	0	0:00:00.920975
8900	2	1	4	0	0:00:00.951333
8920	6	6	6	1	0:00:00.944151
8940	6	3	3	0	0:00:00.969315
8960	0	0	0	1	0:00:00.949235
8980	9	9	9	1	0:00:00.969897
9000	8	8	8	1	0:00:00.968993
9020	7	9	9	0	0:00:00.934833
9040	2	5	5	0	0:00:00.933638
9060	9	5	5	0	0:00:00.958405
9080	3	0	0	0	0:00:00.942032
9100	9	6	6	0	0:00:00.939927
9120	3	0	0	0	0:00:00.930665
9140	7	8	8	0	0:00:00.956449
9160	5	-1	0	0	0:00:00.954711
9180	5	5	5	1	0:00:00.967508
9200	8	8	8	1	0:00:00.928653
9220	8	8	8	1	0:00:00.948235
9240	8	8	8	1	0:00:00.960273
9260	5	5	5	1	0:00:00.950432
9280	9	0	8	0	0:00:00.964298
9300	5	-1	2	0	0:00:00.949112
9320	9	-1	8	0	0:00:00.969817
9340	1	1	1	1	0:00:00.958400
9360	5	-1	6	0	0:00:00.977454
9380	5	9	9	0	0:00:00.937270
9400	6	-1	4	0	0:00:00.966284
9420	5	-1	6	0	0:00:00.955747
9440	8	8	8	1	0:00:00.970270
9460	3	9	7	0	0:00:00.953598
9480	2	6	6	0	0:00:00.947312
9500	9	-1	6	0	0:00:00.963763
9520	1	-1	1	0	0:00:00.957689
9540	5	5	4	1	0:00:00.966691
9560	9	7	7	0	0:00:00.941614
9580	1	4	4	0	0:00:00.976413
9600	8	8	8	1	0:00:00.947520
9620	4	7	7	0	0:00:00.959825
9640	5	-1	6	0	0:00:00.936180
9660	6	-1	6	0	0:00:00.954022
9680	8	-1	8	0	0:00:00.931533
9700	0	0	0	1	0:00:00.942170
9720	8	-1	4	0	0:00:00.960754
9740	3	6	6	0	0:00:00.965597
9760	9	9	9	1	0:00:00.969643
9780	4	6	6	0	0:00:00.967691
9800	1	1	1	1	0:00:00.952318
9820	0	9	8	0	0:00:00.947690
9840	4	-1	3	0	0:00:00.958184
9860	0	-1	8	0	0:00:00.928647
9880	7	7	7	1	0:00:00.955518
9900	8	0	0	0	0:00:00.960287
9920	6	6	6	1	0:00:01.016476
9940	4	7	7	0	0:00:00.942164
9960	2	0	0	0	0:00:00.917754
9980	0	0	0	1	0:00:00.927626
