idx	label	predict	basePredict	correct	time
0	3	3	3	1	0:00:04.821749
20	7	7	7	1	0:00:03.663601
40	4	4	4	1	0:00:03.666942
60	7	7	7	1	0:00:03.678439
80	8	8	8	1	0:00:03.722032
100	4	5	2	0	0:00:03.646342
120	8	8	8	1	0:00:03.653377
140	6	6	2	1	0:00:03.642210
160	2	2	2	1	0:00:03.653352
180	0	0	0	1	0:00:03.646808
200	5	5	5	1	0:00:03.652047
220	7	7	7	1	0:00:03.652205
240	1	1	1	1	0:00:03.648489
260	8	8	3	1	0:00:03.692533
280	9	9	9	1	0:00:03.656859
300	6	6	6	1	0:00:03.646296
320	3	3	3	1	0:00:03.659580
340	2	4	4	0	0:00:03.660958
360	9	9	5	1	0:00:03.647557
380	6	6	2	1	0:00:03.673216
400	9	9	9	1	0:00:03.657932
420	4	4	4	1	0:00:03.712372
440	1	1	1	1	0:00:03.644759
460	5	5	5	1	0:00:03.674169
480	8	9	9	0	0:00:03.666852
500	4	6	2	0	0:00:03.659535
520	5	5	5	1	0:00:03.651819
540	1	1	1	1	0:00:03.649605
560	0	0	0	1	0:00:03.654605
580	4	4	4	1	0:00:03.660427
600	8	8	8	1	0:00:03.672443
620	7	7	7	1	0:00:03.703542
640	5	3	3	0	0:01:09.198814
660	9	9	9	1	0:00:03.654682
680	9	9	2	1	0:00:03.651248
700	7	7	7	1	0:00:03.662570
720	4	9	4	0	0:00:03.654442
740	2	3	3	0	0:00:03.657164
760	3	3	3	1	0:00:03.676813
780	9	9	9	1	0:00:03.655892
800	7	7	7	1	0:00:03.660526
820	6	6	6	1	0:00:03.668978
840	7	7	7	1	0:00:03.637186
860	4	4	4	1	0:00:03.683403
880	8	8	8	1	0:00:03.654874
900	2	2	2	1	0:00:03.637003
920	6	6	6	1	0:00:03.645564
940	9	9	9	1	0:00:03.640865
960	9	9	9	1	0:00:03.702350
980	2	6	2	0	0:00:03.656766
1000	5	5	5	1	0:00:02.939223
1020	1	1	1	1	0:00:02.936416
1040	7	5	5	0	0:00:02.938930
1060	9	9	9	1	0:00:02.937756
1080	6	6	6	1	0:00:02.938192
1100	7	0	0	0	0:00:02.937876
1120	5	5	2	1	0:00:02.942547
1140	6	6	4	1	0:00:02.940950
1160	8	8	0	1	0:00:02.937568
1180	3	3	3	1	0:00:02.938766
1200	8	8	8	1	0:00:02.938228
1220	9	6	6	0	0:00:02.937436
1240	2	6	6	0	0:00:02.940663
1260	1	9	9	0	0:00:02.945244
1280	3	3	3	1	0:00:02.938670
1300	4	3	3	0	0:00:02.938531
1320	7	2	2	0	0:00:02.938841
1340	1	1	1	1	0:00:02.937774
1360	7	7	7	1	0:00:02.938548
1380	4	5	5	0	0:00:02.940335
1400	5	3	3	0	0:00:02.941453
1420	4	7	4	0	0:00:02.938917
1440	0	0	8	1	0:00:02.939046
1460	6	6	2	1	0:00:02.938965
1480	1	1	5	1	0:00:02.938888
1500	1	1	1	1	0:00:02.937263
1520	7	7	4	1	0:00:02.938911
1540	8	8	8	1	0:00:02.937983
1560	7	7	7	1	0:00:02.938937
1580	6	1	3	0	0:00:02.938978
1600	8	9	6	0	0:00:02.945506
1620	5	4	4	0	0:00:02.938410
1640	7	3	3	0	0:00:02.940830
1660	3	3	5	1	0:00:02.940471
1680	6	6	6	1	0:00:02.940879
1700	5	5	3	1	0:00:02.937683
1720	4	4	2	1	0:00:02.939860
1740	1	1	1	1	0:00:02.937466
1760	0	0	0	1	0:00:02.939735
1780	7	7	7	1	0:00:02.939374
1800	4	4	8	1	0:00:02.938292
1820	8	8	8	1	0:00:02.939508
1840	8	9	4	0	0:00:02.939029
1860	8	8	8	1	0:00:02.939650
1880	1	1	1	1	0:00:02.945066
1900	8	8	8	1	0:00:02.939318
1920	2	2	2	1	0:00:02.937957
1940	5	5	2	1	0:00:02.939500
1960	2	5	5	0	0:00:02.938838
1980	9	9	9	1	0:00:02.941797
2000	1	1	2	1	0:00:02.939992
2020	9	9	9	1	0:00:02.938105
2040	0	0	0	1	0:00:02.939364
2060	5	3	3	0	0:00:02.940173
2080	1	1	9	1	0:00:02.943727
2100	2	2	2	1	0:00:02.938661
2120	4	8	8	0	0:00:02.939025
2140	9	9	9	1	0:00:02.938759
2160	0	0	8	1	0:00:02.937756
2180	4	4	4	1	0:00:02.945239
2200	0	2	2	0	0:00:02.938745
2220	1	1	1	1	0:00:02.937649
2240	9	-1	8	0	0:00:02.938543
2260	4	4	4	1	0:00:02.940419
2280	4	8	2	0	0:00:02.937281
2300	3	3	2	1	0:00:02.939142
2320	5	2	2	0	0:00:02.939553
2340	7	7	7	1	0:00:02.939517
2360	7	7	5	1	0:00:02.939401
2380	8	8	8	1	0:00:02.939381
2400	0	0	0	1	0:00:02.939062
2420	8	-1	5	0	0:00:02.938451
2440	7	7	7	1	0:00:02.939428
2460	9	7	3	0	0:00:02.942979
2480	8	8	8	1	0:00:02.940123
2500	4	4	4	1	0:00:02.943845
2520	1	1	7	1	0:00:02.938594
2540	2	5	5	0	0:00:02.944942
2560	7	7	4	1	0:00:02.938652
2580	6	5	6	0	0:00:02.939514
2600	8	8	8	1	0:00:02.937803
2620	1	1	8	1	0:00:02.938411
2640	7	7	7	1	0:00:02.939351
2660	3	5	2	0	0:00:02.937777
2680	0	0	0	1	0:00:02.938359
2700	9	9	1	1	0:00:02.939168
2720	3	3	3	1	0:00:02.938556
2740	1	1	1	1	0:00:02.938620
2760	2	2	2	1	0:00:02.938902
2780	7	7	7	1	0:00:02.940147
2800	4	4	4	1	0:00:02.938895
2820	6	6	6	1	0:00:02.937385
2840	3	3	3	1	0:00:02.940155
2860	5	7	6	0	0:00:02.940054
2880	4	4	4	1	0:00:02.940688
2900	3	5	2	0	0:00:02.940048
2920	2	3	3	0	0:00:02.939197
2940	3	0	0	0	0:00:02.937536
2960	9	9	9	1	0:00:02.938016
2980	8	8	8	1	0:00:02.950429
3000	5	5	5	1	0:00:02.939531
3020	1	1	1	1	0:00:02.938260
3040	7	7	7	1	0:00:02.940477
3060	7	7	7	1	0:00:02.938321
3080	1	1	1	1	0:00:02.938374
3100	0	0	0	1	0:00:02.939233
3120	4	6	2	0	0:00:02.945176
3140	8	8	8	1	0:00:02.938578
3160	6	2	2	0	0:00:02.938232
3180	3	3	3	1	0:00:02.938878
3200	5	7	7	0	0:00:02.940587
3220	3	9	3	0	0:00:02.939412
3240	4	1	8	0	0:00:02.938482
3260	7	7	7	1	0:00:02.938953
3280	3	5	5	0	0:00:02.943189
3300	4	4	4	1	0:00:02.940324
3320	2	7	7	0	0:00:02.939934
3340	6	6	2	1	0:00:02.940461
3360	4	4	4	1	0:00:02.939175
3380	8	8	8	1	0:00:02.938505
3400	6	4	4	0	0:00:02.940563
3420	5	3	3	0	0:00:02.939567
3440	2	3	3	0	0:00:02.940675
3460	1	1	1	1	0:00:02.939474
3480	2	2	2	1	0:00:02.947425
3500	1	1	1	1	0:00:02.940256
3520	1	1	1	1	0:00:02.938071
3540	6	6	6	1	0:00:02.938642
3560	1	9	8	0	0:00:02.939003
3580	4	4	4	1	0:00:02.939571
3600	4	2	2	0	0:00:02.939661
3620	0	-1	6	0	0:00:02.939369
3640	6	2	2	0	0:00:02.938556
3660	0	0	8	1	0:00:02.938352
3680	0	4	2	0	0:00:02.938902
3700	3	3	3	1	0:00:02.941652
3720	2	2	2	1	0:00:02.947169
3740	0	0	0	1	0:00:02.939311
3760	7	7	7	1	0:00:02.938748
3780	4	4	2	1	0:00:02.942115
3800	9	9	9	1	0:00:02.939106
3820	0	2	2	0	0:00:02.939820
3840	6	3	3	0	0:00:02.947918
3860	7	7	7	1	0:00:02.938522
3880	6	4	3	0	0:00:02.939699
3900	3	6	6	0	0:00:02.938562
3920	7	-1	7	0	0:00:02.938642
3940	6	5	4	0	0:00:02.938415
3960	2	2	2	1	0:00:02.939115
3980	9	9	9	1	0:00:02.940646
4000	8	0	8	0	0:00:02.948293
4020	8	8	8	1	0:00:02.938945
4040	0	0	0	1	0:00:02.938658
4060	6	6	3	1	0:00:02.938072
4080	1	1	8	1	0:00:02.939997
4100	7	7	7	1	0:00:02.946702
4120	4	4	4	1	0:00:02.940532
4140	5	5	5	1	0:00:02.939475
4160	5	-1	2	0	0:00:02.938259
4180	0	-1	8	0	0:00:02.938478
4200	4	2	2	0	0:00:02.940463
4220	4	0	0	0	0:00:02.939923
4240	7	0	8	0	0:00:02.940752
4260	8	8	8	1	0:00:02.938205
4280	8	1	8	0	0:00:02.942489
4300	8	8	8	1	0:00:02.939676
4320	1	8	8	0	0:00:02.941098
4340	0	0	0	1	0:00:02.938025
4360	6	9	6	0	0:00:02.940305
4380	9	9	8	1	0:00:02.939491
4400	3	4	4	0	0:00:02.939904
4420	5	5	7	1	0:00:02.938678
4440	2	2	2	1	0:00:02.938797
4460	9	9	8	1	0:00:02.939238
4480	9	9	9	1	0:00:02.938887
4500	3	5	5	0	0:00:02.941181
4520	3	6	6	0	0:00:02.941065
4540	9	9	9	1	0:00:02.940857
4560	1	1	1	1	0:00:02.939304
4580	6	-1	4	0	0:00:02.938174
4600	4	7	4	0	0:00:02.938928
4620	7	3	3	0	0:00:02.940347
4640	2	2	2	1	0:00:02.939559
4660	7	7	4	1	0:00:02.940149
4680	9	1	1	0	0:00:02.942344
4700	6	1	5	0	0:00:02.940315
4720	8	8	8	1	0:00:02.940386
4740	5	3	3	0	0:00:02.939246
4760	3	2	2	0	0:00:02.938802
4780	0	0	8	1	0:00:02.939352
4800	9	9	9	1	0:00:02.940218
4820	3	3	3	1	0:00:02.945726
4840	0	0	0	1	0:00:02.939316
4860	5	5	5	1	0:00:02.941418
4880	0	-1	2	0	0:00:02.938241
4900	3	6	6	0	0:00:02.939358
4920	7	7	7	1	0:00:02.940058
4940	6	6	2	1	0:00:02.938189
4960	4	3	3	0	0:00:02.939960
4980	1	9	9	0	0:00:02.938801
5000	7	7	7	1	0:00:02.940135
5020	8	8	8	1	0:00:02.940724
5040	3	3	2	1	0:00:02.940340
5060	6	6	2	1	0:00:02.939008
5080	7	7	7	1	0:00:02.938807
5100	3	3	3	1	0:00:02.942253
5120	9	9	9	1	0:00:02.938408
5140	8	8	8	1	0:00:02.938285
5160	0	0	0	1	0:00:02.940178
5180	9	7	4	0	0:00:02.941130
5200	3	3	3	1	0:00:02.939443
5220	0	0	0	1	0:00:02.938116
5240	1	9	9	0	0:00:02.938325
5260	0	0	0	1	0:00:02.938467
5280	0	-1	8	0	0:00:02.937924
5300	9	9	9	1	0:00:02.939460
5320	7	7	7	1	0:00:02.940701
5340	3	4	4	0	0:00:02.948234
5360	9	9	3	1	0:00:02.940306
5380	1	9	9	0	0:00:02.940537
5400	9	9	9	1	0:00:02.938826
5420	6	6	6	1	0:00:02.939850
5440	9	9	9	1	0:00:02.939443
5460	0	0	0	1	0:00:02.939548
5480	1	1	8	1	0:00:02.940095
5500	8	8	8	1	0:00:02.940834
5520	4	-1	3	0	0:00:02.939890
5540	5	6	3	0	0:00:02.938920
5560	3	5	5	0	0:00:02.939721
5580	5	3	3	0	0:00:02.940435
5600	6	-1	4	0	0:00:02.937252
5620	3	4	6	0	0:00:02.939674
5640	2	2	2	1	0:00:02.940995
5660	9	9	9	1	0:00:02.938855
5680	2	3	3	0	0:00:02.939063
5700	3	5	3	0	0:00:02.941050
5720	9	9	9	1	0:00:02.940876
5740	6	6	6	1	0:00:02.939320
5760	2	2	2	1	0:00:02.943892
5780	7	7	7	1	0:00:02.939554
5800	2	2	2	1	0:00:02.938376
5820	5	5	5	1	0:00:02.939869
5840	2	2	2	1	0:00:02.944521
5860	0	0	0	1	0:00:02.940184
5880	0	0	0	1	0:00:02.939155
5900	4	3	0	0	0:00:02.939692
5920	8	8	8	1	0:00:02.942405
5940	7	4	4	0	0:00:02.939198
5960	2	6	6	0	0:00:02.939872
5980	9	9	9	1	0:00:02.940630
6000	8	8	8	1	0:00:02.939587
6020	6	6	6	1	0:00:02.940202
6040	2	-1	5	0	0:00:02.942630
6060	3	3	2	1	0:00:02.938880
6080	1	1	1	1	0:00:02.940051
6100	1	1	1	1	0:00:02.940764
6120	5	5	5	1	0:00:02.938229
6140	9	9	9	1	0:00:02.940517
6160	2	2	5	1	0:00:02.941651
6180	0	0	0	1	0:00:02.940132
6200	3	3	3	1	0:00:02.939611
6220	2	5	5	0	0:00:02.939032
6240	2	2	2	1	0:00:02.938455
6260	2	6	6	0	0:00:02.941277
6280	8	5	5	0	0:00:02.938500
6300	1	1	1	1	0:00:02.939295
6320	0	0	0	1	0:00:02.938773
6340	3	3	3	1	0:00:02.939932
6360	2	2	2	1	0:00:02.939525
6380	3	3	3	1	0:00:02.939274
6400	0	1	8	0	0:00:02.939320
6420	7	7	7	1	0:00:02.939379
6440	3	9	4	0	0:00:02.939403
6460	3	3	3	1	0:00:02.938187
6480	0	0	0	1	0:00:02.939334
6500	7	6	6	0	0:00:02.941563
6520	6	2	2	0	0:00:02.940219
6540	8	8	8	1	0:00:02.938837
6560	6	6	2	1	0:00:02.939625
6580	1	1	7	1	0:00:02.940446
6600	7	7	7	1	0:00:02.939402
6620	7	7	7	1	0:00:02.938810
6640	5	3	3	0	0:00:02.946120
6660	0	0	0	1	0:00:02.939170
6680	3	3	3	1	0:00:02.938148
6700	6	6	0	1	0:00:02.941443
6720	2	2	2	1	0:00:02.941336
6740	2	2	4	1	0:00:02.948567
6760	5	5	5	1	0:00:02.942312
6780	7	7	7	1	0:00:02.940041
6800	6	-1	2	0	0:00:02.938876
6820	1	1	1	1	0:00:02.938669
6840	9	9	9	1	0:00:02.938988
6860	0	0	0	1	0:00:02.941105
6880	2	2	2	1	0:00:02.938903
6900	3	5	5	0	0:00:02.938423
6920	5	4	2	0	0:00:02.938371
6940	1	1	1	1	0:00:02.938834
6960	9	9	9	1	0:00:02.940018
6980	0	0	8	1	0:00:02.940849
7000	2	0	8	0	0:00:02.939106
7020	7	7	7	1	0:00:02.939633
7040	7	8	8	0	0:00:02.938720
7060	8	8	8	1	0:00:02.946307
7080	5	4	4	0	0:00:02.939404
7100	9	5	3	0	0:00:02.939878
7120	7	5	5	0	0:00:02.939991
7140	4	4	4	1	0:00:02.937989
7160	5	5	5	1	0:00:02.938345
7180	6	6	3	1	0:00:02.943277
7200	4	6	2	0	0:00:02.941125
7220	9	9	9	1	0:00:02.938354
7240	0	0	8	1	0:00:02.939210
7260	1	1	8	1	0:00:02.938286
7280	1	9	9	0	0:00:02.938462
7300	3	4	4	0	0:00:02.941236
7320	8	8	8	1	0:00:02.939234
7340	2	4	4	0	0:00:02.939930
7360	2	-1	4	0	0:00:02.943810
7380	7	7	7	1	0:00:02.940652
7400	3	3	3	1	0:00:02.939890
7420	3	4	2	0	0:00:02.938274
7440	3	3	3	1	0:00:02.940094
7460	5	5	5	1	0:00:02.939743
7480	1	8	8	0	0:00:02.940883
7500	6	6	6	1	0:00:02.938862
7520	4	4	4	1	0:00:02.938835
7540	5	5	5	1	0:00:02.940164
7560	0	0	0	1	0:00:02.939603
7580	8	8	8	1	0:00:02.945933
7600	8	9	2	0	0:00:02.939589
7620	5	3	3	0	0:00:02.939532
7640	9	-1	8	0	0:00:02.938210
7660	7	-1	4	0	0:00:02.939867
7680	3	9	3	0	0:00:02.939999
7700	6	6	6	1	0:00:02.939389
7720	5	2	2	0	0:00:02.939113
7740	4	4	2	1	0:00:02.939831
7760	2	9	2	0	0:00:02.941664
7780	3	8	8	0	0:00:02.941540
7800	0	0	0	1	0:00:02.940109
7820	5	5	5	1	0:00:02.940428
7840	1	1	1	1	0:00:02.938326
7860	8	8	8	1	0:00:02.938533
7880	0	0	0	1	0:00:02.939231
7900	0	8	8	0	0:00:02.940676
7920	9	9	2	1	0:00:02.946077
7940	2	6	4	0	0:00:02.939785
7960	0	0	0	1	0:00:02.940874
7980	3	3	3	1	0:00:02.938431
8000	9	9	9	1	0:00:02.942668
8020	6	3	3	0	0:00:02.939361
8040	2	2	2	1	0:00:02.939534
8060	6	6	6	1	0:00:02.939615
8080	4	4	2	1	0:00:02.943587
8100	6	2	6	0	0:00:02.939981
8120	8	9	9	0	0:00:02.939502
8140	5	4	5	0	0:00:02.938422
8160	6	6	6	1	0:00:02.940629
8180	4	4	4	1	0:00:02.939475
8200	3	4	4	0	0:00:02.940012
8220	6	7	3	0	0:00:02.938965
8240	7	7	7	1	0:00:02.938823
8260	1	1	1	1	0:00:02.939863
8280	4	5	3	0	0:00:02.940496
8300	5	2	2	0	0:00:02.940494
8320	7	4	4	0	0:00:02.938885
8340	5	3	3	0	0:00:02.940703
8360	7	7	7	1	0:00:02.940453
8380	9	9	9	1	0:00:02.940883
8400	0	0	8	1	0:00:02.938461
8420	3	6	4	0	0:00:02.941084
8440	5	5	3	1	0:00:02.939791
8460	8	8	8	1	0:00:02.938668
8480	2	2	4	1	0:00:02.938991
8500	4	4	4	1	0:00:02.941855
8520	8	8	8	1	0:00:02.946773
8540	4	2	2	0	0:00:02.938548
8560	7	7	7	1	0:00:02.941772
8580	3	5	5	0	0:00:02.940412
8600	3	3	3	1	0:00:02.940660
8620	3	4	4	0	0:00:02.940733
8640	1	1	8	1	0:00:02.939634
8660	7	7	7	1	0:00:02.939872
8680	3	7	8	0	0:00:02.939038
8700	3	3	3	1	0:00:02.941039
8720	2	0	0	0	0:00:02.943290
8740	2	2	2	1	0:00:02.940502
8760	8	8	8	1	0:00:02.940130
8780	4	4	4	1	0:00:02.939973
8800	0	0	0	1	0:00:02.939004
8820	2	2	2	1	0:00:02.947827
8840	2	7	7	0	0:00:02.938304
8860	2	2	2	1	0:00:02.939216
8880	1	1	1	1	0:00:02.939553
8900	2	4	4	0	0:00:02.940795
8920	6	6	2	1	0:00:02.938573
8940	6	3	3	0	0:00:02.941103
8960	0	0	0	1	0:00:02.937512
8980	9	9	9	1	0:00:02.942148
9000	8	8	8	1	0:00:02.941293
9020	7	7	7	1	0:00:02.942712
9040	2	5	5	0	0:00:02.939791
9060	9	9	3	1	0:00:02.940444
9080	3	3	2	1	0:00:02.938545
9100	9	1	3	0	0:00:02.939851
9120	3	3	3	1	0:00:02.940415
9140	7	7	5	1	0:00:02.939162
9160	5	3	3	0	0:00:02.940106
9180	5	5	5	1	0:00:02.939608
9200	8	8	8	1	0:00:02.938827
9220	8	8	8	1	0:00:02.938535
9240	8	8	8	1	0:00:02.944165
9260	5	5	5	1	0:00:02.939062
9280	9	8	8	0	0:00:02.938612
9300	5	3	2	0	0:00:02.939057
9320	9	9	9	1	0:00:02.940408
9340	1	1	1	1	0:00:02.939777
9360	5	0	5	0	0:00:02.939514
9380	5	3	3	0	0:00:02.940643
9400	6	6	2	1	0:00:02.943728
9420	5	5	5	1	0:00:02.940487
9440	8	8	8	1	0:00:02.940104
9460	3	7	7	0	0:00:02.939138
9480	2	2	2	1	0:00:02.938692
9500	9	9	9	1	0:00:02.943717
9520	1	1	1	1	0:00:02.940657
9540	5	5	5	1	0:00:02.938976
9560	9	7	5	0	0:00:02.938670
9580	1	1	8	1	0:00:02.938262
9600	8	8	8	1	0:00:02.938710
9620	4	4	4	1	0:00:02.938638
9640	5	0	5	0	0:00:02.945380
9660	6	6	6	1	0:00:02.939210
9680	8	8	8	1	0:00:02.940407
9700	0	0	0	1	0:00:02.939720
9720	8	1	8	0	0:00:02.943597
9740	3	6	2	0	0:00:02.938980
9760	9	-1	3	0	0:00:02.942010
9780	4	6	2	0	0:00:02.938740
9800	1	1	1	1	0:00:02.939267
9820	0	8	8	0	0:00:02.940515
9840	4	5	3	0	0:00:02.941505
9860	0	5	8	0	0:00:02.940392
9880	7	7	3	1	0:00:02.938509
9900	8	8	8	1	0:00:02.938540
9920	6	6	4	1	0:00:02.940221
9940	4	5	5	0	0:00:02.941907
9960	2	0	0	0	0:00:02.941107
9980	0	0	0	1	0:00:02.940245
