idx	label	predict	basePredict	correct	time
0	3	-1	4	0	0:00:15.874214
20	7	9	9	0	0:00:15.750334
40	4	8	8	0	0:00:15.820654
60	7	7	4	1	0:00:15.760468
80	8	8	8	1	0:00:15.732139
100	4	5	5	0	0:00:15.700472
120	8	8	8	1	0:00:15.696066
140	6	2	2	0	0:00:15.728036
160	2	2	2	1	0:00:15.740664
180	0	0	0	1	0:00:15.796442
200	5	3	3	0	0:00:15.717242
220	7	7	7	1	0:00:15.735390
240	1	1	1	1	0:00:15.736152
260	8	5	5	0	0:00:15.723550
280	9	9	9	1	0:00:15.774814
300	6	6	4	1	0:00:15.735465
320	3	5	2	0	0:00:15.779128
340	2	4	4	0	0:00:15.755762
360	9	6	6	0	0:00:15.740187
380	6	6	8	1	0:00:15.863436
400	9	1	1	0	0:00:15.763283
420	4	6	6	0	0:00:15.775630
440	1	1	1	1	0:00:15.863755
460	5	5	5	1	0:00:15.770770
480	8	9	9	0	0:00:15.825057
500	4	6	6	0	0:00:15.798373
520	5	7	7	0	0:00:15.768616
540	1	8	8	0	0:00:15.792954
560	0	0	0	1	0:00:15.764195
580	4	6	6	0	0:00:15.913934
600	8	8	8	1	0:00:15.806129
620	7	6	6	0	0:00:15.817066
640	5	3	3	0	0:00:15.738806
660	9	9	9	1	0:00:15.716673
680	9	1	1	0	0:00:15.760032
700	7	7	7	1	0:00:15.762602
720	4	9	7	0	0:00:15.730800
740	2	5	5	0	0:00:15.734095
760	3	9	9	0	0:00:15.726871
780	9	9	8	1	0:00:15.763627
800	7	7	7	1	0:00:15.775125
820	6	9	9	0	0:00:15.777712
840	7	7	7	1	0:00:15.779831
860	4	6	6	0	0:00:15.755979
880	8	8	8	1	0:00:15.811513
900	2	6	6	0	0:00:15.832553
920	6	2	2	0	0:00:15.793093
940	9	1	1	0	0:00:15.763821
960	9	9	8	1	0:00:15.733221
980	2	6	6	0	0:00:15.747768
1000	5	5	5	1	0:00:15.062221
1020	1	1	1	1	0:00:15.088737
1040	7	5	5	0	0:00:15.084204
1060	9	9	8	1	0:00:15.117079
1080	6	6	6	1	0:00:15.058459
1100	7	8	8	0	0:00:15.081734
1120	5	2	2	0	0:00:15.004808
1140	6	6	6	1	0:00:15.015964
1160	8	0	0	0	0:00:15.001225
1180	3	9	9	0	0:00:15.027551
1200	8	0	0	0	0:00:15.063670
1220	9	7	2	0	0:00:15.049477
1240	2	6	6	0	0:00:15.004434
1260	1	9	9	0	0:00:15.180801
1280	3	7	7	0	0:00:15.033768
1300	4	6	6	0	0:00:15.141236
1320	7	7	2	1	0:00:15.119353
1340	1	1	1	1	0:00:15.052748
1360	7	5	2	0	0:00:15.178377
1380	4	5	5	0	0:00:15.045221
1400	5	6	4	0	0:00:15.087080
1420	4	7	7	0	0:00:15.110741
1440	0	8	0	0	0:00:15.091824
1460	6	6	6	1	0:00:15.110084
1480	1	5	5	0	0:00:15.121416
1500	1	9	9	0	0:00:15.111015
1520	7	6	6	0	0:00:15.165546
1540	8	8	8	1	0:00:15.094902
1560	7	7	7	1	0:00:15.335916
1580	6	1	1	0	0:00:15.209272
1600	8	9	6	0	0:00:15.069013
1620	5	8	8	0	0:00:15.066323
1640	7	5	5	0	0:00:15.012305
1660	3	5	5	0	0:00:15.044985
1680	6	6	6	1	0:00:15.035207
1700	5	2	2	0	0:00:15.076633
1720	4	0	0	0	0:00:15.069531
1740	1	9	9	0	0:00:15.097128
1760	0	8	8	0	0:00:15.035898
1780	7	8	8	0	0:00:15.190545
1800	4	8	8	0	0:00:15.118334
1820	8	1	1	0	0:00:15.098547
1840	8	7	7	0	0:00:15.124846
1860	8	8	8	1	0:00:15.151438
1880	1	1	1	1	0:00:15.120927
1900	8	8	8	1	0:00:15.040261
1920	2	2	2	1	0:00:15.120909
1940	5	2	2	0	0:00:15.146890
1960	2	5	5	0	0:00:15.046151
1980	9	9	9	1	0:00:15.100061
2000	1	6	6	0	0:00:15.044680
2020	9	9	9	1	0:00:15.098855
2040	0	8	8	0	0:00:15.111716
2060	5	5	5	1	0:00:15.022810
2080	1	1	1	1	0:00:15.011981
2100	2	4	4	0	0:00:15.045617
2120	4	8	8	0	0:00:15.101171
2140	9	1	1	0	0:00:15.011248
2160	0	8	8	0	0:00:15.120866
2180	4	6	6	0	0:00:15.016831
2200	0	0	0	1	0:00:15.002727
2220	1	1	1	1	0:00:15.073902
2240	9	9	9	1	0:00:15.169082
2260	4	6	4	0	0:00:15.109022
2280	4	8	8	0	0:00:15.078007
2300	3	6	6	0	0:00:15.074578
2320	5	8	0	0	0:00:15.118603
2340	7	7	7	1	0:00:15.101388
2360	7	7	7	1	0:00:15.107667
2380	8	8	8	1	0:00:15.159174
2400	0	4	4	0	0:00:15.113350
2420	8	5	5	0	0:00:15.101117
2440	7	1	8	0	0:00:15.057971
2460	9	9	6	1	0:00:15.102585
2480	8	8	8	1	0:00:15.227072
2500	4	6	4	0	0:00:15.203005
2520	1	8	8	0	0:00:15.199928
2540	2	3	3	0	0:00:15.098920
2560	7	6	2	0	0:00:15.032713
2580	6	4	4	0	0:00:15.052878
2600	8	8	8	1	0:00:15.066112
2620	1	6	6	0	0:00:15.020875
2640	7	7	7	1	0:00:15.030734
2660	3	0	0	0	0:00:15.048828
2680	0	0	0	1	0:00:15.035691
2700	9	3	3	0	0:00:15.145047
2720	3	8	8	0	0:00:15.104626
2740	1	1	1	1	0:00:15.078432
2760	2	6	6	0	0:00:15.052578
2780	7	7	7	1	0:00:15.262396
2800	4	6	6	0	0:00:15.169494
2820	6	6	6	1	0:00:15.126580
2840	3	7	7	0	0:00:15.089269
2860	5	7	7	0	0:00:15.098579
2880	4	4	4	1	0:00:15.167150
2900	3	5	5	0	0:00:15.148129
2920	2	3	8	0	0:00:15.155300
2940	3	0	0	0	0:00:15.136374
2960	9	7	9	0	0:00:15.161074
2980	8	1	1	0	0:00:15.260027
3000	5	5	5	1	0:00:15.094402
3020	1	1	8	1	0:00:15.015625
3040	7	7	7	1	0:00:15.036934
3060	7	7	7	1	0:00:14.998346
3080	1	6	2	0	0:00:15.031126
3100	0	0	0	1	0:00:15.009556
3120	4	6	6	0	0:00:15.032369
3140	8	8	8	1	0:00:14.991302
3160	6	4	4	0	0:00:15.118885
3180	3	9	8	0	0:00:15.079144
3200	5	7	7	0	0:00:15.150985
3220	3	9	9	0	0:00:15.122486
3240	4	1	8	0	0:00:15.166539
3260	7	7	7	1	0:00:15.135032
3280	3	0	0	0	0:00:15.119024
3300	4	6	6	0	0:00:15.135722
3320	2	7	7	0	0:00:15.159406
3340	6	6	6	1	0:00:15.164199
3360	4	6	6	0	0:00:15.109374
3380	8	8	8	1	0:00:15.179215
3400	6	1	1	0	0:00:15.041450
3420	5	6	6	0	0:00:15.083686
3440	2	9	9	0	0:00:15.109651
3460	1	1	1	1	0:00:15.135474
3480	2	2	2	1	0:00:15.111538
3500	1	1	1	1	0:00:15.168648
3520	1	1	1	1	0:00:15.107093
3540	6	8	8	0	0:00:15.056551
3560	1	9	9	0	0:00:15.051121
3580	4	1	1	0	0:00:15.052846
3600	4	2	2	0	0:00:15.086455
3620	0	7	6	0	0:00:15.020589
3640	6	2	0	0	0:00:15.026359
3660	0	8	8	0	0:00:15.048654
3680	0	2	2	0	0:00:15.088450
3700	3	5	5	0	0:00:15.190506
3720	2	2	2	1	0:00:15.047789
3740	0	0	0	1	0:00:15.249943
3760	7	7	7	1	0:00:15.089337
3780	4	2	2	0	0:00:15.138340
3800	9	3	3	0	0:00:15.038648
3820	0	0	0	1	0:00:15.071140
3840	6	8	8	0	0:00:15.076844
3860	7	7	7	1	0:00:15.111562
3880	6	4	4	0	0:00:15.085780
3900	3	0	0	0	0:00:15.064136
3920	7	9	8	0	0:00:15.134414
3940	6	7	7	0	0:00:15.083560
3960	2	5	5	0	0:00:15.095910
3980	9	7	7	0	0:00:15.067167
4000	8	7	0	0	0:00:15.143795
4020	8	8	8	1	0:00:15.137637
4040	0	0	0	1	0:00:15.050829
4060	6	6	0	1	0:00:15.095562
4080	1	1	8	1	0:00:15.071220
4100	7	7	7	1	0:00:15.108309
4120	4	0	0	0	0:00:14.990131
4140	5	3	3	0	0:00:15.043109
4160	5	2	2	0	0:00:15.022749
4180	0	8	8	0	0:00:15.137283
4200	4	2	2	0	0:00:15.136940
4220	4	0	0	0	0:00:15.140635
4240	7	8	8	0	0:00:15.116494
4260	8	8	8	1	0:00:15.063981
4280	8	8	8	1	0:00:15.130706
4300	8	8	8	1	0:00:15.132909
4320	1	8	8	0	0:00:15.121009
4340	0	0	0	1	0:00:15.131240
4360	6	9	9	0	0:00:15.102159
4380	9	9	9	1	0:00:15.047470
4400	3	6	8	0	0:00:15.055368
4420	5	8	8	0	0:00:15.032666
4440	2	6	6	0	0:00:15.125502
4460	9	1	8	0	0:00:15.099249
4480	9	9	6	1	0:00:15.093177
4500	3	7	7	0	0:00:15.051715
4520	3	6	6	0	0:00:15.092542
4540	9	9	9	1	0:00:15.118170
4560	1	1	1	1	0:00:15.068907
4580	6	6	6	1	0:00:15.037054
4600	4	7	7	0	0:00:15.086892
4620	7	3	3	0	0:00:15.102659
4640	2	5	5	0	0:00:15.008616
4660	7	6	2	0	0:00:15.106723
4680	9	1	1	0	0:00:15.093366
4700	6	1	1	0	0:00:15.007746
4720	8	0	0	0	0:00:15.071199
4740	5	6	6	0	0:00:15.042572
4760	3	2	2	0	0:00:15.065739
4780	0	0	0	1	0:00:15.066766
4800	9	9	9	1	0:00:15.032168
4820	3	5	5	0	0:00:15.115412
4840	0	0	0	1	0:00:15.088031
4860	5	5	5	1	0:00:15.176948
4880	0	2	2	0	0:00:15.040435
4900	3	1	1	0	0:00:15.088016
4920	7	7	0	1	0:00:15.115425
4940	6	6	2	1	0:00:15.060076
4960	4	6	6	0	0:00:15.108914
4980	1	9	9	0	0:00:15.198060
5000	7	7	7	1	0:00:15.072641
5020	8	8	8	1	0:00:15.121276
5040	3	4	4	0	0:00:15.100046
5060	6	6	6	1	0:00:15.103166
5080	7	7	7	1	0:00:15.078327
5100	3	4	4	0	0:00:15.134284
5120	9	8	8	0	0:00:15.140506
5140	8	8	8	1	0:00:15.046424
5160	0	8	8	0	0:00:15.023004
5180	9	6	6	0	0:00:15.071914
5200	3	3	3	1	0:00:15.081642
5220	0	0	0	1	0:00:15.114054
5240	1	9	3	0	0:00:15.079688
5260	0	0	0	1	0:00:15.083320
5280	0	8	8	0	0:00:15.083123
5300	9	1	1	0	0:00:15.044987
5320	7	7	7	1	0:00:15.075661
5340	3	2	2	0	0:00:15.095002
5360	9	9	9	1	0:00:15.126750
5380	1	9	9	0	0:00:15.092643
5400	9	0	0	0	0:00:15.022616
5420	6	6	6	1	0:00:15.100859
5440	9	9	9	1	0:00:15.020885
5460	0	0	2	1	0:00:15.043981
5480	1	8	8	0	0:00:15.020067
5500	8	1	8	0	0:00:15.052896
5520	4	5	5	0	0:00:15.091750
5540	5	6	6	0	0:00:15.104612
5560	3	6	6	0	0:00:15.068813
5580	5	6	6	0	0:00:15.091231
5600	6	8	8	0	0:00:15.220739
5620	3	4	4	0	0:00:15.079015
5640	2	3	3	0	0:00:15.034828
5660	9	8	8	0	0:00:15.147142
5680	2	1	8	0	0:00:15.114511
5700	3	6	6	0	0:00:15.158790
5720	9	9	9	1	0:00:15.022705
5740	6	6	6	1	0:00:15.121408
5760	2	2	8	1	0:00:15.164986
5780	7	7	7	1	0:00:15.085335
5800	2	6	6	0	0:00:15.060673
5820	5	6	6	0	0:00:15.039513
5840	2	6	6	0	0:00:15.130207
5860	0	8	8	0	0:00:15.086312
5880	0	8	0	0	0:00:15.088756
5900	4	5	4	0	0:00:15.055066
5920	8	8	8	1	0:00:15.177517
5940	7	4	4	0	0:00:15.195867
5960	2	7	7	0	0:00:15.161095
5980	9	9	9	1	0:00:15.022014
6000	8	9	8	0	0:00:15.106272
6020	6	6	6	1	0:00:15.044711
6040	2	7	7	0	0:00:15.065525
6060	3	4	4	0	0:00:15.027335
6080	1	1	1	1	0:00:15.044033
6100	1	1	8	1	0:00:15.003648
6120	5	5	5	1	0:00:15.061390
6140	9	9	9	1	0:00:15.125910
6160	2	5	5	0	0:00:15.129846
6180	0	8	8	0	0:00:15.049837
6200	3	3	3	1	0:00:15.108220
6220	2	6	6	0	0:00:15.091034
6240	2	1	6	0	0:00:15.097931
6260	2	9	9	0	0:00:15.212493
6280	8	5	5	0	0:00:15.128876
6300	1	6	4	0	0:00:15.052173
6320	0	0	0	1	0:00:15.163486
6340	3	3	3	1	0:00:15.036311
6360	2	6	2	0	0:00:15.028677
6380	3	1	6	0	0:00:15.135430
6400	0	1	1	0	0:00:15.131511
6420	7	7	7	1	0:00:15.125609
6440	3	8	8	0	0:00:15.110771
6460	3	1	1	0	0:00:15.073330
6480	0	0	0	1	0:00:15.047017
6500	7	0	0	0	0:00:15.080520
6520	6	4	4	0	0:00:15.091809
6540	8	8	8	1	0:00:15.087484
6560	6	6	6	1	0:00:15.168678
6580	1	8	8	0	0:00:15.059581
6600	7	7	7	1	0:00:15.094417
6620	7	7	7	1	0:00:15.021982
6640	5	3	3	0	0:00:15.022931
6660	0	0	8	1	0:00:15.043135
6680	3	3	3	1	0:00:15.062411
6700	6	6	6	1	0:00:15.148741
6720	2	2	2	1	0:00:15.148351
6740	2	6	6	0	0:00:15.125540
6760	5	2	2	0	0:00:15.053099
6780	7	7	7	1	0:00:15.169787
6800	6	6	6	1	0:00:15.127811
6820	1	1	1	1	0:00:15.040951
6840	9	1	1	0	0:00:15.095521
6860	0	0	0	1	0:00:15.117578
6880	2	7	7	0	0:00:15.112680
6900	3	7	7	0	0:00:15.047719
6920	5	2	2	0	0:00:15.075636
6940	1	1	1	1	0:00:15.082877
6960	9	8	8	0	0:00:15.071536
6980	0	9	9	0	0:00:15.108024
7000	2	8	8	0	0:00:15.097131
7020	7	7	7	1	0:00:15.059413
7040	7	8	8	0	0:00:15.087056
7060	8	0	8	0	0:00:15.078911
7080	5	4	0	0	0:00:15.138277
7100	9	3	3	0	0:00:15.116496
7120	7	7	7	1	0:00:15.098528
7140	4	4	4	1	0:00:15.159069
7160	5	4	4	0	0:00:15.083743
7180	6	6	6	1	0:00:15.151815
7200	4	6	6	0	0:00:15.056847
7220	9	8	8	0	0:00:15.131968
7240	0	8	8	0	0:00:15.070303
7260	1	8	8	0	0:00:15.155202
7280	1	1	6	1	0:00:15.126485
7300	3	0	0	0	0:00:15.153586
7320	8	0	0	0	0:00:15.095519
7340	2	4	4	0	0:00:15.156058
7360	2	7	5	0	0:00:15.083367
7380	7	7	7	1	0:00:15.077980
7400	3	9	9	0	0:00:15.088731
7420	3	0	0	0	0:00:15.148877
7440	3	6	6	0	0:00:15.057749
7460	5	5	5	1	0:00:15.021983
7480	1	5	5	0	0:00:15.028140
7500	6	6	6	1	0:00:15.092165
7520	4	6	6	0	0:00:15.026099
7540	5	5	5	1	0:00:15.121864
7560	0	6	2	0	0:00:15.032888
7580	8	8	8	1	0:00:15.080441
7600	8	9	9	0	0:00:15.073907
7620	5	3	3	0	0:00:15.126937
7640	9	8	8	0	0:00:15.117359
7660	7	1	1	0	0:00:15.112386
7680	3	9	9	0	0:00:15.079875
7700	6	6	6	1	0:00:15.139682
7720	5	6	6	0	0:00:15.150836
7740	4	6	2	0	0:00:15.134197
7760	2	9	9	0	0:00:15.089022
7780	3	1	1	0	0:00:15.086903
7800	0	0	0	1	0:00:15.114790
7820	5	8	8	0	0:00:15.116047
7840	1	1	1	1	0:00:15.106004
7860	8	4	4	0	0:00:15.058112
7880	0	2	2	0	0:00:15.072345
7900	0	8	8	0	0:00:15.004484
7920	9	8	8	0	0:00:15.043602
7940	2	6	6	0	0:00:15.096569
7960	0	0	0	1	0:00:15.097890
7980	3	7	4	0	0:00:15.049657
8000	9	9	8	1	0:00:15.070642
8020	6	6	6	1	0:00:15.149622
8040	2	6	6	0	0:00:15.094861
8060	6	6	6	1	0:00:15.067970
8080	4	6	6	0	0:00:15.057676
8100	6	2	2	0	0:00:15.077568
8120	8	9	8	0	0:00:15.100825
8140	5	6	6	0	0:00:15.119878
8160	6	9	6	0	0:00:15.087109
8180	4	6	6	0	0:00:15.110377
8200	3	6	6	0	0:00:15.100083
8220	6	6	6	1	0:00:15.031561
8240	7	7	7	1	0:00:15.135335
8260	1	1	1	1	0:00:15.110676
8280	4	5	5	0	0:00:15.153785
8300	5	2	2	0	0:00:15.123633
8320	7	4	4	0	0:00:15.131948
8340	5	5	5	1	0:00:15.136017
8360	7	7	4	1	0:00:15.234400
8380	9	8	8	0	0:00:15.217720
8400	0	8	8	0	0:00:15.103718
8420	3	6	4	0	0:00:15.059521
8440	5	9	4	0	0:00:15.042796
8460	8	8	8	1	0:00:15.066217
8480	2	1	8	0	0:00:15.095761
8500	4	2	2	0	0:00:15.077518
8520	8	6	6	0	0:00:15.046797
8540	4	6	4	0	0:00:15.035026
8560	7	7	7	1	0:00:15.100138
8580	3	1	1	0	0:00:15.082804
8600	3	7	7	0	0:00:15.120778
8620	3	1	4	0	0:00:15.017312
8640	1	1	1	1	0:00:15.110797
8660	7	5	5	0	0:00:15.168464
8680	3	9	0	0	0:00:15.127539
8700	3	5	5	0	0:00:15.156432
8720	2	0	0	0	0:00:15.085845
8740	2	6	6	0	0:00:15.101607
8760	8	8	8	1	0:00:15.157060
8780	4	4	4	1	0:00:15.151767
8800	0	0	0	1	0:00:15.077356
8820	2	2	2	1	0:00:15.066558
8840	2	1	1	0	0:00:15.087125
8860	2	2	2	1	0:00:15.122992
8880	1	1	6	1	0:00:15.119767
8900	2	6	4	0	0:00:15.006434
8920	6	6	6	1	0:00:15.029331
8940	6	3	3	0	0:00:15.034068
8960	0	0	0	1	0:00:15.008538
8980	9	9	9	1	0:00:15.009480
9000	8	8	8	1	0:00:15.066910
9020	7	7	7	1	0:00:15.000530
9040	2	5	5	0	0:00:15.075929
9060	9	5	5	0	0:00:15.072746
9080	3	0	0	0	0:00:15.091347
9100	9	6	6	0	0:00:15.025025
9120	3	0	0	0	0:00:15.114721
9140	7	8	8	0	0:00:15.084664
9160	5	5	5	1	0:00:15.071040
9180	5	5	5	1	0:00:15.098051
9200	8	8	8	1	0:00:15.082843
9220	8	8	8	1	0:00:15.060012
9240	8	8	8	1	0:00:15.118342
9260	5	5	5	1	0:00:15.101109
9280	9	0	8	0	0:00:15.117378
9300	5	5	2	1	0:00:15.096633
9320	9	9	8	1	0:00:15.100063
9340	1	1	1	1	0:00:15.112761
9360	5	0	6	0	0:00:15.135996
9380	5	9	9	0	0:00:15.077888
9400	6	6	6	1	0:00:15.107876
9420	5	6	6	0	0:00:15.108536
9440	8	8	8	1	0:00:15.161778
9460	3	6	6	0	0:00:15.109117
9480	2	4	4	0	0:00:15.022296
9500	9	1	1	0	0:00:15.043916
9520	1	1	1	1	0:00:15.099880
9540	5	5	5	1	0:00:15.029869
9560	9	7	7	0	0:00:15.004495
9580	1	4	4	0	0:00:15.047505
9600	8	8	8	1	0:00:15.047175
9620	4	7	0	0	0:00:15.103978
9640	5	0	0	0	0:00:15.072277
9660	6	6	6	1	0:00:15.123591
9680	8	8	8	1	0:00:15.118288
9700	0	0	0	1	0:00:15.111423
9720	8	6	6	0	0:00:15.136400
9740	3	6	6	0	0:00:15.078896
9760	9	9	7	1	0:00:15.119938
9780	4	6	6	0	0:00:15.138494
9800	1	1	1	1	0:00:15.111061
9820	0	8	8	0	0:00:15.169101
9840	4	7	7	0	0:00:15.123507
9860	0	2	8	0	0:00:15.120290
9880	7	4	4	0	0:00:15.080875
9900	8	0	0	0	0:00:15.068428
9920	6	6	6	1	0:00:15.109376
9940	4	5	5	0	0:00:15.127626
9960	2	0	0	0	0:00:15.093449
9980	0	0	0	1	0:00:15.138988
