idx	label	predict	basePredict	correct	time
0	3	2	2	0	0:00:03.006455
20	7	1	9	0	0:00:02.795228
40	4	8	8	0	0:00:02.794015
60	7	7	4	1	0:00:02.834178
80	8	8	8	1	0:00:02.786232
100	4	3	3	0	0:00:02.826896
120	8	8	8	1	0:00:02.813361
140	6	2	2	0	0:00:02.818295
160	2	0	2	0	0:00:02.805003
180	0	0	8	1	0:00:02.809574
200	5	-1	3	0	0:00:02.798211
220	7	7	7	1	0:00:02.828665
240	1	1	8	1	0:00:02.801023
260	8	3	3	0	0:00:02.810390
280	9	9	8	1	0:00:02.793833
300	6	7	4	0	0:00:02.795998
320	3	2	4	0	0:00:02.791390
340	2	4	4	0	0:00:02.788930
360	9	7	6	0	0:00:02.808680
380	6	4	4	0	0:00:02.814709
400	9	-1	8	0	0:00:02.798975
420	4	-1	6	0	0:00:02.814780
440	1	1	6	1	0:00:02.791936
460	5	5	3	1	0:00:02.828288
480	8	9	8	0	0:00:02.801562
500	4	6	6	0	0:00:02.828518
520	5	7	7	0	0:00:02.793153
540	1	9	8	0	0:00:02.877878
560	0	0	8	1	0:00:02.898416
580	4	6	4	0	0:00:02.906678
600	8	8	8	1	0:00:02.794399
620	7	6	4	0	0:00:02.776968
640	5	3	3	0	0:00:02.802726
660	9	9	9	1	0:00:02.848159
680	9	7	4	0	0:00:02.790961
700	7	0	4	0	0:00:02.782069
720	4	9	7	0	0:00:02.791603
740	2	5	3	0	0:00:02.804443
760	3	9	9	0	0:00:02.813200
780	9	1	0	0	0:00:02.859864
800	7	7	7	1	0:00:02.776178
820	6	1	8	0	0:00:02.787817
840	7	7	7	1	0:00:02.805123
860	4	4	4	1	0:00:02.790649
880	8	8	8	1	0:00:02.804114
900	2	6	4	0	0:00:02.791223
920	6	4	2	0	0:00:02.789006
940	9	9	9	1	0:00:02.788892
960	9	9	4	1	0:00:02.833512
980	2	6	6	0	0:00:02.821847
1000	5	5	5	1	0:00:02.090584
1020	1	1	8	1	0:00:02.086533
1040	7	5	5	0	0:00:02.086532
1060	9	9	8	1	0:00:02.085815
1080	6	6	6	1	0:00:02.088012
1100	7	8	8	0	0:00:02.081897
1120	5	2	2	0	0:00:02.085332
1140	6	4	4	0	0:00:02.079114
1160	8	0	0	0	0:00:02.093243
1180	3	3	8	1	0:00:02.112234
1200	8	0	0	0	0:00:02.179123
1220	9	6	6	0	0:00:02.191238
1240	2	6	6	0	0:00:02.138753
1260	1	9	9	0	0:00:02.093404
1280	3	7	7	0	0:00:02.126037
1300	4	3	3	0	0:00:02.193440
1320	7	2	2	0	0:00:02.136321
1340	1	1	1	1	0:00:02.178902
1360	7	7	4	1	0:00:02.168190
1380	4	5	5	0	0:00:02.163760
1400	5	6	2	0	0:00:02.140819
1420	4	7	7	0	0:00:02.073481
1440	0	8	8	0	0:00:02.137303
1460	6	6	4	1	0:00:02.161371
1480	1	5	5	0	0:00:02.081474
1500	1	9	1	0	0:00:02.082974
1520	7	-1	2	0	0:00:02.089958
1540	8	8	8	1	0:00:02.067494
1560	7	7	7	1	0:00:02.093259
1580	6	1	1	0	0:00:02.064806
1600	8	9	6	0	0:00:02.070902
1620	5	8	8	0	0:00:02.101410
1640	7	5	3	0	0:00:02.086218
1660	3	5	4	0	0:00:02.077214
1680	6	6	6	1	0:00:02.066122
1700	5	2	2	0	0:00:02.077420
1720	4	2	2	0	0:00:02.072617
1740	1	9	9	0	0:00:02.067648
1760	0	8	8	0	0:00:02.070061
1780	7	9	8	0	0:00:02.078714
1800	4	8	8	0	0:00:02.070150
1820	8	9	8	0	0:00:02.071560
1840	8	9	4	0	0:00:02.085230
1860	8	8	8	1	0:00:02.082612
1880	1	-1	8	0	0:00:02.078061
1900	8	8	8	1	0:00:02.073469
1920	2	2	2	1	0:00:02.063982
1940	5	3	3	0	0:00:02.066751
1960	2	5	5	0	0:00:02.069129
1980	9	9	4	1	0:00:02.062756
2000	1	6	6	0	0:00:02.075552
2020	9	9	9	1	0:00:02.062076
2040	0	8	8	0	0:00:02.066655
2060	5	5	3	1	0:00:02.075443
2080	1	9	6	0	0:00:02.061667
2100	2	4	4	0	0:00:02.076025
2120	4	8	8	0	0:00:02.068655
2140	9	9	1	1	0:00:02.063257
2160	0	8	8	0	0:00:02.058460
2180	4	4	4	1	0:00:02.059885
2200	0	2	2	0	0:00:02.107183
2220	1	1	4	1	0:00:02.107873
2240	9	9	8	1	0:00:02.118119
2260	4	7	4	0	0:00:02.135175
2280	4	8	8	0	0:00:02.084238
2300	3	-1	4	0	0:00:02.080911
2320	5	8	8	0	0:00:02.070598
2340	7	7	7	1	0:00:02.075388
2360	7	5	3	0	0:00:02.064186
2380	8	0	8	0	0:00:02.064845
2400	0	0	0	1	0:00:02.077382
2420	8	5	5	0	0:00:02.085038
2440	7	7	8	1	0:00:02.081627
2460	9	3	3	0	0:00:02.075029
2480	8	8	8	1	0:00:02.066128
2500	4	2	2	0	0:00:02.060947
2520	1	9	8	0	0:00:02.062904
2540	2	3	3	0	0:00:02.063865
2560	7	-1	4	0	0:00:02.052476
2580	6	4	4	0	0:00:02.056163
2600	8	8	8	1	0:00:02.055304
2620	1	4	4	0	0:00:02.068072
2640	7	7	6	1	0:00:02.061707
2660	3	2	2	0	0:00:02.072216
2680	0	0	0	1	0:00:02.076074
2700	9	-1	0	0	0:00:02.069894
2720	3	2	2	0	0:00:02.074248
2740	1	1	1	1	0:00:02.077221
2760	2	4	4	0	0:00:02.070790
2780	7	7	7	1	0:00:02.067354
2800	4	6	6	0	0:00:02.070990
2820	6	6	4	1	0:00:02.074653
2840	3	3	3	1	0:00:02.073779
2860	5	7	6	0	0:00:02.066243
2880	4	4	4	1	0:00:02.079961
2900	3	2	2	0	0:00:02.068750
2920	2	5	5	0	0:00:02.069456
2940	3	0	0	0	0:00:02.084811
2960	9	9	8	1	0:00:02.064439
2980	8	1	8	0	0:00:02.074593
3000	5	5	5	1	0:00:02.081116
3020	1	1	8	1	0:00:02.075055
3040	7	7	7	1	0:00:02.071191
3060	7	7	7	1	0:00:02.078960
3080	1	7	4	0	0:00:02.067568
3100	0	0	0	1	0:00:02.067112
3120	4	6	2	0	0:00:02.075091
3140	8	8	8	1	0:00:02.079385
3160	6	4	4	0	0:00:02.070263
3180	3	7	8	0	0:00:02.074855
3200	5	7	7	0	0:00:02.069556
3220	3	9	9	0	0:00:02.068579
3240	4	1	8	0	0:00:02.069947
3260	7	0	0	0	0:00:02.072275
3280	3	0	0	0	0:00:02.130078
3300	4	6	4	0	0:00:02.083555
3320	2	7	7	0	0:00:02.071454
3340	6	-1	4	0	0:00:02.069535
3360	4	6	6	0	0:00:02.054869
3380	8	1	8	0	0:00:02.059920
3400	6	4	4	0	0:00:02.065080
3420	5	-1	4	0	0:00:02.064953
3440	2	9	3	0	0:00:02.070170
3460	1	1	4	1	0:00:02.070459
3480	2	2	2	1	0:00:02.063336
3500	1	1	4	1	0:00:02.061388
3520	1	1	1	1	0:00:02.057795
3540	6	6	4	1	0:00:02.052930
3560	1	9	0	0	0:00:02.077067
3580	4	1	4	0	0:00:02.058961
3600	4	2	2	0	0:00:02.061924
3620	0	6	6	0	0:00:02.075112
3640	6	2	2	0	0:00:02.089456
3660	0	8	8	0	0:00:02.066052
3680	0	2	2	0	0:00:02.070796
3700	3	-1	4	0	0:00:02.073256
3720	2	2	2	1	0:00:02.068825
3740	0	0	8	1	0:00:02.069215
3760	7	7	7	1	0:00:02.068376
3780	4	2	2	0	0:00:02.064550
3800	9	3	3	0	0:00:02.065863
3820	0	2	2	0	0:00:02.072345
3840	6	3	3	0	0:00:02.068069
3860	7	7	7	1	0:00:02.067740
3880	6	4	4	0	0:00:02.070135
3900	3	1	1	0	0:00:02.075452
3920	7	9	8	0	0:00:02.072678
3940	6	7	4	0	0:00:02.075393
3960	2	5	5	0	0:00:02.072875
3980	9	7	7	0	0:00:02.100059
4000	8	7	0	0	0:00:02.080841
4020	8	1	8	0	0:00:02.072974
4040	0	0	0	1	0:00:02.071446
4060	6	3	3	0	0:00:02.065839
4080	1	8	8	0	0:00:02.075539
4100	7	7	7	1	0:00:02.064037
4120	4	0	0	0	0:00:02.065911
4140	5	3	3	0	0:00:02.090132
4160	5	2	2	0	0:00:02.090666
4180	0	8	8	0	0:00:02.089058
4200	4	2	2	0	0:00:02.088974
4220	4	0	0	0	0:00:02.103020
4240	7	0	0	0	0:00:02.169252
4260	8	1	8	0	0:00:02.152232
4280	8	-1	8	0	0:00:02.096349
4300	8	8	8	1	0:00:02.097889
4320	1	8	8	0	0:00:02.069254
4340	0	8	8	0	0:00:02.106082
4360	6	9	3	0	0:00:02.124169
4380	9	9	8	1	0:00:02.122405
4400	3	4	4	0	0:00:02.108393
4420	5	8	8	0	0:00:02.119977
4440	2	6	2	0	0:00:02.105258
4460	9	-1	8	0	0:00:02.074112
4480	9	6	6	0	0:00:02.070483
4500	3	6	6	0	0:00:02.073498
4520	3	6	6	0	0:00:02.074084
4540	9	9	9	1	0:00:02.066787
4560	1	1	4	1	0:00:02.072004
4580	6	4	4	0	0:00:02.076075
4600	4	7	4	0	0:00:02.070901
4620	7	3	3	0	0:00:02.070615
4640	2	3	4	0	0:00:02.069409
4660	7	-1	2	0	0:00:02.070590
4680	9	1	1	0	0:00:02.071992
4700	6	1	4	0	0:00:02.069559
4720	8	0	0	0	0:00:02.080015
4740	5	3	4	0	0:00:02.074353
4760	3	3	4	1	0:00:02.081923
4780	0	0	8	1	0:00:02.138345
4800	9	9	9	1	0:00:02.070205
4820	3	5	5	0	0:00:02.099339
4840	0	0	0	1	0:00:02.105634
4860	5	3	3	0	0:00:02.112607
4880	0	2	2	0	0:00:02.124496
4900	3	6	6	0	0:00:02.118737
4920	7	7	2	1	0:00:02.110712
4940	6	4	2	0	0:00:02.100079
4960	4	3	3	0	0:00:02.135065
4980	1	9	0	0	0:00:02.077249
5000	7	7	7	1	0:00:02.112579
5020	8	1	8	0	0:00:02.071896
5040	3	3	4	1	0:00:02.069502
5060	6	2	4	0	0:00:02.103476
5080	7	7	7	1	0:00:02.069824
5100	3	3	3	1	0:00:02.056764
5120	9	9	8	1	0:00:02.061283
5140	8	8	8	1	0:00:02.061220
5160	0	8	8	0	0:00:02.060125
5180	9	-1	4	0	0:00:02.065214
5200	3	3	3	1	0:00:02.086121
5220	0	0	0	1	0:00:02.066451
5240	1	9	2	0	0:00:02.067629
5260	0	0	0	1	0:00:02.059508
5280	0	8	8	0	0:00:02.106399
5300	9	1	9	0	0:00:02.101324
5320	7	7	3	1	0:00:02.116791
5340	3	4	4	0	0:00:02.105548
5360	9	9	3	1	0:00:02.131065
5380	1	9	9	0	0:00:02.139348
5400	9	0	8	0	0:00:02.114412
5420	6	6	6	1	0:00:02.084100
5440	9	9	9	1	0:00:02.087855
5460	0	7	7	0	0:00:02.108580
5480	1	1	8	1	0:00:02.089667
5500	8	1	8	0	0:00:02.076558
5520	4	3	3	0	0:00:02.083488
5540	5	6	2	0	0:00:02.163253
5560	3	6	6	0	0:00:02.123599
5580	5	6	6	0	0:00:02.066401
5600	6	-1	0	0	0:00:02.116277
5620	3	2	2	0	0:00:02.136983
5640	2	5	3	0	0:00:02.142327
5660	9	8	8	0	0:00:02.144053
5680	2	1	8	0	0:00:02.067755
5700	3	6	2	0	0:00:02.152850
5720	9	9	9	1	0:00:02.160204
5740	6	4	4	0	0:00:02.132360
5760	2	0	2	0	0:00:02.151168
5780	7	7	4	1	0:00:02.090135
5800	2	6	4	0	0:00:02.067592
5820	5	6	6	0	0:00:02.068114
5840	2	6	6	0	0:00:02.083417
5860	0	8	8	0	0:00:02.067400
5880	0	8	0	0	0:00:02.067425
5900	4	3	4	0	0:00:02.082787
5920	8	8	8	1	0:00:02.076386
5940	7	4	4	0	0:00:02.094206
5960	2	7	4	0	0:00:02.069928
5980	9	9	6	1	0:00:02.078495
6000	8	9	8	0	0:00:02.085099
6020	6	7	6	0	0:00:02.078509
6040	2	7	7	0	0:00:02.072441
6060	3	4	4	0	0:00:02.075095
6080	1	9	6	0	0:00:02.069172
6100	1	1	8	1	0:00:02.074068
6120	5	5	5	1	0:00:02.056984
6140	9	9	7	1	0:00:02.070649
6160	2	5	5	0	0:00:02.067521
6180	0	9	8	0	0:00:02.066002
6200	3	9	3	0	0:00:02.059016
6220	2	6	5	0	0:00:02.069566
6240	2	1	4	0	0:00:02.071624
6260	2	9	8	0	0:00:02.086293
6280	8	5	4	0	0:00:02.068416
6300	1	7	4	0	0:00:02.076884
6320	0	0	0	1	0:00:02.066574
6340	3	3	3	1	0:00:02.066011
6360	2	6	2	0	0:00:02.067989
6380	3	1	6	0	0:00:02.071736
6400	0	1	8	0	0:00:02.064624
6420	7	-1	8	0	0:00:02.067143
6440	3	9	8	0	0:00:02.069205
6460	3	1	4	0	0:00:02.073323
6480	0	2	2	0	0:00:02.091448
6500	7	0	8	0	0:00:02.110670
6520	6	4	4	0	0:00:02.088795
6540	8	8	8	1	0:00:02.108454
6560	6	6	4	1	0:00:02.108712
6580	1	2	2	0	0:00:02.088090
6600	7	7	7	1	0:00:02.075136
6620	7	7	7	1	0:00:02.073476
6640	5	3	8	0	0:00:02.077040
6660	0	0	8	1	0:00:02.071611
6680	3	5	5	0	0:00:02.066699
6700	6	-1	4	0	0:00:02.062858
6720	2	4	2	0	0:00:02.065703
6740	2	-1	4	0	0:00:02.076484
6760	5	3	6	0	0:00:02.068366
6780	7	7	7	1	0:00:02.083693
6800	6	2	4	0	0:00:02.071636
6820	1	1	1	1	0:00:02.069374
6840	9	-1	9	0	0:00:02.069965
6860	0	-1	2	0	0:00:02.072464
6880	2	7	4	0	0:00:02.088505
6900	3	7	4	0	0:00:02.068182
6920	5	2	2	0	0:00:02.073220
6940	1	1	1	1	0:00:02.078242
6960	9	8	8	0	0:00:02.066014
6980	0	9	8	0	0:00:02.066983
7000	2	8	8	0	0:00:02.074857
7020	7	7	8	1	0:00:02.073527
7040	7	8	8	0	0:00:02.117270
7060	8	0	8	0	0:00:02.086311
7080	5	4	4	0	0:00:02.079863
7100	9	3	3	0	0:00:02.071368
7120	7	5	6	0	0:00:02.073384
7140	4	3	4	0	0:00:02.072402
7160	5	4	4	0	0:00:02.077273
7180	6	6	6	1	0:00:02.075215
7200	4	6	2	0	0:00:02.076771
7220	9	9	8	1	0:00:02.077063
7240	0	8	8	0	0:00:02.071716
7260	1	8	8	0	0:00:02.073003
7280	1	9	4	0	0:00:02.065188
7300	3	7	4	0	0:00:02.067445
7320	8	0	8	0	0:00:02.071229
7340	2	4	4	0	0:00:02.067934
7360	2	4	4	0	0:00:02.072933
7380	7	7	7	1	0:00:02.075528
7400	3	3	3	1	0:00:02.071009
7420	3	0	0	0	0:00:02.080415
7440	3	-1	2	0	0:00:02.071649
7460	5	5	5	1	0:00:02.072193
7480	1	8	5	0	0:00:02.072596
7500	6	6	6	1	0:00:02.067527
7520	4	6	4	0	0:00:02.139111
7540	5	5	5	1	0:00:02.065054
7560	0	6	2	0	0:00:02.082345
7580	8	8	8	1	0:00:02.179793
7600	8	9	8	0	0:00:02.145502
7620	5	9	3	0	0:00:02.144437
7640	9	9	6	1	0:00:02.103857
7660	7	9	4	0	0:00:02.152541
7680	3	9	3	0	0:00:02.172736
7700	6	6	6	1	0:00:02.179689
7720	5	5	2	1	0:00:02.175975
7740	4	6	2	0	0:00:02.113222
7760	2	9	6	0	0:00:02.184318
7780	3	1	8	0	0:00:02.165910
7800	0	0	8	1	0:00:02.140129
7820	5	8	8	0	0:00:02.122954
7840	1	1	1	1	0:00:02.101532
7860	8	7	4	0	0:00:02.117061
7880	0	0	0	1	0:00:02.149831
7900	0	8	8	0	0:00:02.077604
7920	9	8	8	0	0:00:02.069120
7940	2	6	6	0	0:00:02.068349
7960	0	0	2	1	0:00:02.073594
7980	3	7	4	0	0:00:02.066160
8000	9	9	8	1	0:00:02.091434
8020	6	3	3	0	0:00:02.068736
8040	2	6	4	0	0:00:02.072255
8060	6	-1	4	0	0:00:02.077086
8080	4	6	6	0	0:00:02.067745
8100	6	2	2	0	0:00:02.064645
8120	8	9	8	0	0:00:02.068514
8140	5	4	4	0	0:00:02.072929
8160	6	9	6	0	0:00:02.074452
8180	4	4	4	1	0:00:02.082151
8200	3	6	2	0	0:00:02.089414
8220	6	2	2	0	0:00:02.088266
8240	7	7	7	1	0:00:02.081876
8260	1	3	3	0	0:00:02.063939
8280	4	5	3	0	0:00:02.068986
8300	5	2	2	0	0:00:02.066929
8320	7	3	4	0	0:00:02.068174
8340	5	3	4	0	0:00:02.069491
8360	7	7	4	1	0:00:02.063252
8380	9	-1	8	0	0:00:02.072122
8400	0	8	8	0	0:00:02.085233
8420	3	-1	4	0	0:00:02.064081
8440	5	3	4	0	0:00:02.069005
8460	8	8	8	1	0:00:02.069161
8480	2	1	8	0	0:00:02.065977
8500	4	2	2	0	0:00:02.068213
8520	8	1	4	0	0:00:02.067477
8540	4	6	2	0	0:00:02.064609
8560	7	-1	4	0	0:00:02.070463
8580	3	0	2	0	0:00:02.070708
8600	3	7	4	0	0:00:02.068850
8620	3	1	4	0	0:00:02.065042
8640	1	1	1	1	0:00:02.068790
8660	7	-1	5	0	0:00:02.072712
8680	3	9	8	0	0:00:02.077126
8700	3	3	3	1	0:00:02.068852
8720	2	0	0	0	0:00:02.070174
8740	2	4	4	0	0:00:02.104595
8760	8	8	5	1	0:00:02.103243
8780	4	7	4	0	0:00:02.111194
8800	0	0	0	1	0:00:02.075826
8820	2	3	3	0	0:00:02.074182
8840	2	1	1	0	0:00:02.060496
8860	2	6	6	0	0:00:02.069598
8880	1	9	6	0	0:00:02.062942
8900	2	6	4	0	0:00:02.057245
8920	6	6	6	1	0:00:02.064826
8940	6	3	3	0	0:00:02.062039
8960	0	0	0	1	0:00:02.067175
8980	9	9	8	1	0:00:02.057018
9000	8	8	8	1	0:00:02.092832
9020	7	9	8	0	0:00:02.160559
9040	2	5	5	0	0:00:02.167944
9060	9	5	5	0	0:00:02.130626
9080	3	0	0	0	0:00:02.067055
9100	9	6	6	0	0:00:02.160543
9120	3	0	0	0	0:00:02.067265
9140	7	9	8	0	0:00:02.100999
9160	5	7	4	0	0:00:02.067946
9180	5	5	5	1	0:00:02.071315
9200	8	8	8	1	0:00:02.067171
9220	8	8	8	1	0:00:02.062744
9240	8	8	8	1	0:00:02.064049
9260	5	6	5	0	0:00:02.075026
9280	9	-1	8	0	0:00:02.069617
9300	5	3	2	0	0:00:02.067665
9320	9	9	8	1	0:00:02.075473
9340	1	1	1	1	0:00:02.118916
9360	5	9	4	0	0:00:02.139122
9380	5	9	3	0	0:00:02.092400
9400	6	4	2	0	0:00:02.080210
9420	5	-1	6	0	0:00:02.063632
9440	8	8	8	1	0:00:02.062712
9460	3	7	6	0	0:00:02.066776
9480	2	4	4	0	0:00:02.065167
9500	9	1	4	0	0:00:02.069988
9520	1	1	1	1	0:00:02.059629
9540	5	3	4	0	0:00:02.060816
9560	9	7	7	0	0:00:02.063085
9580	1	4	4	0	0:00:02.060227
9600	8	8	8	1	0:00:02.067124
9620	4	7	4	0	0:00:02.059411
9640	5	0	6	0	0:00:02.058788
9660	6	6	6	1	0:00:02.054188
9680	8	8	8	1	0:00:02.069954
9700	0	0	2	1	0:00:02.078997
9720	8	6	6	0	0:00:02.070256
9740	3	6	4	0	0:00:02.063280
9760	9	7	4	0	0:00:02.063395
9780	4	6	4	0	0:00:02.065384
9800	1	1	1	1	0:00:02.071581
9820	0	8	8	0	0:00:02.066840
9840	4	5	5	0	0:00:02.064542
9860	0	5	8	0	0:00:02.062213
9880	7	4	4	0	0:00:02.072913
9900	8	0	6	0	0:00:02.069012
9920	6	4	2	0	0:00:02.078992
9940	4	5	6	0	0:00:02.072773
9960	2	0	0	0	0:00:02.082882
9980	0	0	0	1	0:00:02.069436
