idx	label	predict	basePredict	correct	time
0	3	-1	4	0	0:00:01.774032
20	7	9	9	0	0:00:01.491472
40	4	8	8	0	0:00:01.475206
60	7	7	4	1	0:00:01.449624
80	8	8	8	1	0:00:01.451169
100	4	5	5	0	0:00:01.476035
120	8	8	8	1	0:00:01.468098
140	6	2	2	0	0:00:01.641405
160	2	2	2	1	0:00:01.464134
180	0	0	0	1	0:00:01.486456
200	5	3	3	0	0:00:01.476247
220	7	7	7	1	0:00:01.467306
240	1	1	1	1	0:00:01.470384
260	8	5	5	0	0:00:01.466499
280	9	9	9	1	0:00:01.469511
300	6	-1	4	0	0:00:01.498806
320	3	5	2	0	0:00:01.478088
340	2	4	4	0	0:00:01.479681
360	9	6	6	0	0:00:01.467094
380	6	6	8	1	0:00:01.462966
400	9	1	1	0	0:00:01.465688
420	4	6	6	0	0:00:01.472421
440	1	1	1	1	0:00:01.479804
460	5	5	5	1	0:00:01.469082
480	8	9	9	0	0:00:01.466945
500	4	6	6	0	0:00:01.457552
520	5	7	7	0	0:00:01.454485
540	1	8	8	0	0:00:01.465554
560	0	0	0	1	0:00:01.458971
580	4	6	6	0	0:00:01.485028
600	8	8	8	1	0:00:01.454661
620	7	6	6	0	0:00:01.485193
640	5	3	3	0	0:00:01.462098
660	9	9	9	1	0:00:01.486216
680	9	-1	1	0	0:00:01.473777
700	7	7	7	1	0:00:01.468146
720	4	9	9	0	0:00:01.475396
740	2	5	5	0	0:00:01.468124
760	3	9	9	0	0:00:01.462767
780	9	-1	8	0	0:00:01.457285
800	7	7	7	1	0:00:01.466601
820	6	9	9	0	0:00:01.479147
840	7	7	7	1	0:00:01.452473
860	4	6	6	0	0:00:01.465861
880	8	8	8	1	0:00:01.458368
900	2	6	6	0	0:00:01.463379
920	6	2	2	0	0:00:01.463570
940	9	1	1	0	0:00:01.476787
960	9	9	8	1	0:00:01.462654
980	2	6	6	0	0:00:01.479591
1000	5	5	5	1	0:00:01.362280
1020	1	1	1	1	0:00:01.376329
1040	7	5	5	0	0:00:01.379795
1060	9	9	8	1	0:00:01.366635
1080	6	6	6	1	0:00:01.372287
1100	7	8	8	0	0:00:01.367651
1120	5	2	2	0	0:00:01.370407
1140	6	6	6	1	0:00:01.366598
1160	8	0	0	0	0:00:01.362942
1180	3	9	9	0	0:00:01.378263
1200	8	0	0	0	0:00:01.381118
1220	9	7	2	0	0:00:01.382659
1240	2	6	6	0	0:00:01.366073
1260	1	9	9	0	0:00:01.368991
1280	3	7	7	0	0:00:01.375741
1300	4	6	6	0	0:00:01.375370
1320	7	7	2	1	0:00:01.384687
1340	1	1	1	1	0:00:01.380831
1360	7	5	2	0	0:00:01.388713
1380	4	5	5	0	0:00:01.385367
1400	5	6	2	0	0:00:01.381119
1420	4	7	7	0	0:00:01.378226
1440	0	8	0	0	0:00:01.366754
1460	6	6	6	1	0:00:01.368790
1480	1	5	5	0	0:00:01.381343
1500	1	9	9	0	0:00:01.357770
1520	7	6	6	0	0:00:01.378612
1540	8	8	8	1	0:00:01.375033
1560	7	7	7	1	0:00:01.376682
1580	6	1	1	0	0:00:01.387779
1600	8	9	6	0	0:00:01.366874
1620	5	8	8	0	0:00:01.547925
1640	7	5	5	0	0:00:01.404731
1660	3	5	5	0	0:00:01.370866
1680	6	6	6	1	0:00:01.354738
1700	5	2	2	0	0:00:01.360379
1720	4	0	0	0	0:00:01.384827
1740	1	9	9	0	0:00:01.383518
1760	0	8	8	0	0:00:01.400219
1780	7	8	8	0	0:00:01.397021
1800	4	8	8	0	0:00:01.361414
1820	8	1	1	0	0:00:01.360411
1840	8	7	7	0	0:00:01.366131
1860	8	8	8	1	0:00:01.380781
1880	1	1	1	1	0:00:01.390342
1900	8	8	8	1	0:00:01.399453
1920	2	2	2	1	0:00:01.376718
1940	5	2	2	0	0:00:01.376209
1960	2	5	5	0	0:00:01.367023
1980	9	9	9	1	0:00:01.395395
2000	1	6	6	0	0:00:01.393315
2020	9	9	9	1	0:00:01.392633
2040	0	8	8	0	0:00:01.404492
2060	5	5	5	1	0:00:01.408479
2080	1	1	1	1	0:00:01.378127
2100	2	4	4	0	0:00:01.394665
2120	4	8	8	0	0:00:01.393462
2140	9	1	1	0	0:00:01.393069
2160	0	8	8	0	0:00:01.358452
2180	4	6	6	0	0:00:01.353909
2200	0	0	0	1	0:00:01.376343
2220	1	1	1	1	0:00:01.365155
2240	9	9	9	1	0:00:01.372056
2260	4	6	4	0	0:00:01.379618
2280	4	8	8	0	0:00:01.381565
2300	3	6	6	0	0:00:01.373276
2320	5	-1	0	0	0:00:01.375706
2340	7	7	7	1	0:00:01.375318
2360	7	7	7	1	0:00:01.399126
2380	8	8	8	1	0:00:01.394633
2400	0	4	4	0	0:00:01.379550
2420	8	5	5	0	0:00:01.376353
2440	7	1	8	0	0:00:01.378096
2460	9	9	6	1	0:00:01.372970
2480	8	8	8	1	0:00:01.378906
2500	4	6	6	0	0:00:01.391942
2520	1	8	8	0	0:00:01.382616
2540	2	3	3	0	0:00:01.378593
2560	7	6	2	0	0:00:01.368201
2580	6	4	4	0	0:00:01.347316
2600	8	8	8	1	0:00:01.369028
2620	1	6	6	0	0:00:01.381034
2640	7	7	7	1	0:00:01.372247
2660	3	0	0	0	0:00:01.397140
2680	0	0	0	1	0:00:01.367004
2700	9	3	3	0	0:00:01.364341
2720	3	8	8	0	0:00:01.370804
2740	1	1	1	1	0:00:01.369420
2760	2	6	6	0	0:00:01.357480
2780	7	7	7	1	0:00:01.349566
2800	4	6	6	0	0:00:01.362082
2820	6	6	6	1	0:00:01.375184
2840	3	7	7	0	0:00:01.379273
2860	5	7	7	0	0:00:01.400814
2880	4	4	4	1	0:00:01.338338
2900	3	5	5	0	0:00:01.366367
2920	2	3	8	0	0:00:01.396282
2940	3	0	0	0	0:00:01.364552
2960	9	-1	8	0	0:00:01.387407
2980	8	1	1	0	0:00:01.384389
3000	5	5	5	1	0:00:01.392326
3020	1	1	8	1	0:00:01.394248
3040	7	7	7	1	0:00:01.380803
3060	7	7	7	1	0:00:01.378912
3080	1	6	2	0	0:00:01.381427
3100	0	0	0	1	0:00:01.387294
3120	4	6	6	0	0:00:01.389249
3140	8	8	8	1	0:00:01.383532
3160	6	4	4	0	0:00:01.393676
3180	3	9	8	0	0:00:01.364212
3200	5	7	7	0	0:00:01.397363
3220	3	9	9	0	0:00:01.356137
3240	4	1	8	0	0:00:01.404762
3260	7	7	7	1	0:00:01.398549
3280	3	-1	0	0	0:00:01.380190
3300	4	6	6	0	0:00:01.390147
3320	2	7	7	0	0:00:01.381007
3340	6	6	6	1	0:00:01.371042
3360	4	6	6	0	0:00:01.396709
3380	8	8	8	1	0:00:01.381411
3400	6	1	1	0	0:00:01.390963
3420	5	6	6	0	0:00:01.378107
3440	2	9	9	0	0:00:01.388994
3460	1	1	1	1	0:00:01.404557
3480	2	2	2	1	0:00:01.382002
3500	1	1	1	1	0:00:01.361292
3520	1	1	1	1	0:00:01.338402
3540	6	8	8	0	0:00:01.388684
3560	1	9	9	0	0:00:01.394823
3580	4	1	1	0	0:00:01.367520
3600	4	2	2	0	0:00:01.376846
3620	0	7	6	0	0:00:01.351200
3640	6	2	0	0	0:00:01.390138
3660	0	8	8	0	0:00:01.374166
3680	0	2	2	0	0:00:01.386261
3700	3	5	5	0	0:00:01.389482
3720	2	2	2	1	0:00:01.383064
3740	0	0	0	1	0:00:01.378780
3760	7	7	7	1	0:00:01.383340
3780	4	2	2	0	0:00:01.375207
3800	9	3	3	0	0:00:01.369304
3820	0	0	0	1	0:00:01.376885
3840	6	8	8	0	0:00:01.366546
3860	7	7	7	1	0:00:01.371123
3880	6	4	4	0	0:00:01.366951
3900	3	0	0	0	0:00:01.368746
3920	7	9	8	0	0:00:01.369427
3940	6	7	7	0	0:00:01.390235
3960	2	5	5	0	0:00:01.362138
3980	9	7	7	0	0:00:01.377525
4000	8	7	0	0	0:00:01.391018
4020	8	8	8	1	0:00:01.376657
4040	0	0	0	1	0:00:01.380262
4060	6	-1	0	0	0:00:01.394951
4080	1	1	8	1	0:00:01.380959
4100	7	7	7	1	0:00:01.372341
4120	4	0	0	0	0:00:01.389535
4140	5	-1	3	0	0:00:01.364590
4160	5	2	2	0	0:00:01.377672
4180	0	-1	8	0	0:00:01.372373
4200	4	2	2	0	0:00:01.380209
4220	4	0	0	0	0:00:01.376473
4240	7	8	8	0	0:00:01.379481
4260	8	8	8	1	0:00:01.380834
4280	8	8	8	1	0:00:01.373431
4300	8	8	8	1	0:00:01.371316
4320	1	8	8	0	0:00:01.359771
4340	0	-1	0	0	0:00:01.369029
4360	6	9	9	0	0:00:01.370471
4380	9	9	9	1	0:00:01.375755
4400	3	-1	8	0	0:00:01.373357
4420	5	8	8	0	0:00:01.386357
4440	2	6	6	0	0:00:01.378092
4460	9	-1	8	0	0:00:01.365488
4480	9	9	6	1	0:00:01.361988
4500	3	7	7	0	0:00:01.360589
4520	3	6	6	0	0:00:01.367069
4540	9	9	9	1	0:00:01.381187
4560	1	1	1	1	0:00:01.385192
4580	6	6	6	1	0:00:01.361287
4600	4	7	7	0	0:00:01.382593
4620	7	3	3	0	0:00:01.360331
4640	2	5	5	0	0:00:01.383207
4660	7	6	2	0	0:00:01.373745
4680	9	1	1	0	0:00:01.383105
4700	6	1	1	0	0:00:01.374942
4720	8	0	0	0	0:00:01.387167
4740	5	6	6	0	0:00:01.369408
4760	3	2	2	0	0:00:01.358665
4780	0	-1	0	0	0:00:01.367553
4800	9	9	9	1	0:00:01.373506
4820	3	5	5	0	0:00:01.371492
4840	0	0	0	1	0:00:01.381110
4860	5	5	5	1	0:00:01.382755
4880	0	2	2	0	0:00:01.376688
4900	3	1	1	0	0:00:01.377017
4920	7	7	0	1	0:00:01.384547
4940	6	6	2	1	0:00:01.374345
4960	4	6	6	0	0:00:01.375167
4980	1	9	9	0	0:00:01.368685
5000	7	7	7	1	0:00:01.385008
5020	8	8	8	1	0:00:01.381645
5040	3	4	4	0	0:00:01.369654
5060	6	6	6	1	0:00:01.372920
5080	7	7	7	1	0:00:01.358761
5100	3	4	4	0	0:00:01.369030
5120	9	8	8	0	0:00:01.370807
5140	8	8	8	1	0:00:01.362140
5160	0	8	8	0	0:00:01.355651
5180	9	6	6	0	0:00:01.375028
5200	3	3	3	1	0:00:01.373252
5220	0	0	0	1	0:00:01.368943
5240	1	9	3	0	0:00:01.363119
5260	0	0	0	1	0:00:01.381486
5280	0	8	8	0	0:00:01.376369
5300	9	1	1	0	0:00:01.382104
5320	7	7	7	1	0:00:01.375316
5340	3	2	2	0	0:00:01.374071
5360	9	9	9	1	0:00:01.375372
5380	1	9	9	0	0:00:01.371193
5400	9	0	0	0	0:00:01.369563
5420	6	6	6	1	0:00:01.375628
5440	9	9	9	1	0:00:01.377766
5460	0	0	2	1	0:00:01.374760
5480	1	-1	8	0	0:00:01.367379
5500	8	1	8	0	0:00:01.370958
5520	4	5	5	0	0:00:01.372019
5540	5	6	6	0	0:00:01.371989
5560	3	6	6	0	0:00:01.371655
5580	5	6	6	0	0:00:01.363325
5600	6	8	8	0	0:00:01.368243
5620	3	4	4	0	0:00:01.356506
5640	2	3	3	0	0:00:01.374455
5660	9	8	8	0	0:00:01.362536
5680	2	1	8	0	0:00:01.358110
5700	3	6	6	0	0:00:01.366607
5720	9	9	9	1	0:00:01.340677
5740	6	6	6	1	0:00:01.349520
5760	2	2	8	1	0:00:01.366352
5780	7	7	7	1	0:00:01.377158
5800	2	6	6	0	0:00:01.383919
5820	5	6	6	0	0:00:01.379757
5840	2	6	6	0	0:00:01.384765
5860	0	8	8	0	0:00:01.377923
5880	0	8	0	0	0:00:01.378804
5900	4	5	4	0	0:00:01.380445
5920	8	8	8	1	0:00:01.370583
5940	7	4	4	0	0:00:01.371405
5960	2	7	7	0	0:00:01.373779
5980	9	9	9	1	0:00:01.345760
6000	8	9	8	0	0:00:01.330758
6020	6	6	6	1	0:00:01.334770
6040	2	7	7	0	0:00:01.371428
6060	3	4	4	0	0:00:01.374562
6080	1	1	1	1	0:00:01.329240
6100	1	1	8	1	0:00:01.358697
6120	5	5	5	1	0:00:01.364285
6140	9	9	9	1	0:00:01.371712
6160	2	5	5	0	0:00:01.368252
6180	0	8	8	0	0:00:01.376761
6200	3	3	3	1	0:00:01.373293
6220	2	6	6	0	0:00:01.387215
6240	2	1	6	0	0:00:01.372093
6260	2	9	9	0	0:00:01.365412
6280	8	5	5	0	0:00:01.361794
6300	1	-1	4	0	0:00:01.382924
6320	0	0	0	1	0:00:01.338305
6340	3	3	3	1	0:00:01.343180
6360	2	6	2	0	0:00:01.403661
6380	3	1	6	0	0:00:01.383724
6400	0	1	1	0	0:00:01.386638
6420	7	-1	7	0	0:00:01.367795
6440	3	8	8	0	0:00:01.324980
6460	3	1	1	0	0:00:01.315736
6480	0	0	0	1	0:00:01.328833
6500	7	0	0	0	0:00:01.346647
6520	6	4	4	0	0:00:01.337300
6540	8	8	8	1	0:00:01.356035
6560	6	6	6	1	0:00:01.335316
6580	1	8	8	0	0:00:01.344357
6600	7	7	7	1	0:00:01.366349
6620	7	7	7	1	0:00:01.359517
6640	5	3	3	0	0:00:01.358512
6660	0	0	8	1	0:00:01.362266
6680	3	3	3	1	0:00:01.370338
6700	6	6	6	1	0:00:01.360769
6720	2	2	2	1	0:00:01.383588
6740	2	6	6	0	0:00:01.385331
6760	5	2	2	0	0:00:01.380037
6780	7	7	7	1	0:00:01.331236
6800	6	6	6	1	0:00:01.332238
6820	1	1	1	1	0:00:01.344393
6840	9	1	1	0	0:00:01.360548
6860	0	0	0	1	0:00:01.361305
6880	2	7	7	0	0:00:01.397617
6900	3	7	7	0	0:00:01.383399
6920	5	2	2	0	0:00:01.362386
6940	1	1	1	1	0:00:01.357279
6960	9	8	8	0	0:00:01.368193
6980	0	9	9	0	0:00:01.367616
7000	2	8	8	0	0:00:01.360182
7020	7	7	7	1	0:00:01.390637
7040	7	8	8	0	0:00:01.377274
7060	8	0	8	0	0:00:01.377704
7080	5	4	4	0	0:00:01.362535
7100	9	3	3	0	0:00:01.364941
7120	7	7	7	1	0:00:01.370919
7140	4	4	4	1	0:00:01.370473
7160	5	4	4	0	0:00:01.373487
7180	6	6	6	1	0:00:01.376991
7200	4	6	6	0	0:00:01.367240
7220	9	8	8	0	0:00:01.324007
7240	0	8	8	0	0:00:01.379102
7260	1	8	8	0	0:00:01.370996
7280	1	1	6	1	0:00:01.393467
7300	3	0	0	0	0:00:01.378924
7320	8	0	0	0	0:00:01.378977
7340	2	4	4	0	0:00:01.378306
7360	2	7	5	0	0:00:01.385274
7380	7	7	7	1	0:00:01.359484
7400	3	9	9	0	0:00:01.378101
7420	3	0	0	0	0:00:01.380514
7440	3	6	6	0	0:00:01.376708
7460	5	5	5	1	0:00:01.384969
7480	1	5	5	0	0:00:01.370992
7500	6	6	6	1	0:00:01.371616
7520	4	6	6	0	0:00:01.384931
7540	5	5	5	1	0:00:01.381137
7560	0	6	2	0	0:00:01.374209
7580	8	8	8	1	0:00:01.377385
7600	8	9	9	0	0:00:01.352001
7620	5	3	3	0	0:00:01.366687
7640	9	8	8	0	0:00:01.364755
7660	7	1	1	0	0:00:01.366459
7680	3	9	9	0	0:00:01.385780
7700	6	6	6	1	0:00:01.365617
7720	5	6	6	0	0:00:01.368737
7740	4	6	2	0	0:00:01.371396
7760	2	9	9	0	0:00:01.367974
7780	3	1	1	0	0:00:01.374342
7800	0	0	0	1	0:00:01.372050
7820	5	8	8	0	0:00:01.394156
7840	1	1	1	1	0:00:01.378381
7860	8	-1	4	0	0:00:01.378748
7880	0	-1	2	0	0:00:01.405928
7900	0	8	8	0	0:00:01.386970
7920	9	8	8	0	0:00:01.382032
7940	2	6	6	0	0:00:01.376888
7960	0	0	0	1	0:00:01.378406
7980	3	7	4	0	0:00:01.381568
8000	9	9	8	1	0:00:01.377128
8020	6	6	6	1	0:00:01.376747
8040	2	6	6	0	0:00:01.372678
8060	6	6	6	1	0:00:01.372468
8080	4	6	6	0	0:00:01.378368
8100	6	2	2	0	0:00:01.367492
8120	8	9	8	0	0:00:01.387466
8140	5	6	6	0	0:00:01.374465
8160	6	9	6	0	0:00:01.370208
8180	4	6	6	0	0:00:01.375480
8200	3	6	6	0	0:00:01.382929
8220	6	6	6	1	0:00:01.371848
8240	7	7	7	1	0:00:01.380173
8260	1	1	1	1	0:00:01.378528
8280	4	5	5	0	0:00:01.382847
8300	5	2	2	0	0:00:01.371949
8320	7	4	4	0	0:00:01.375705
8340	5	5	5	1	0:00:01.385582
8360	7	7	4	1	0:00:01.379602
8380	9	8	8	0	0:00:01.384767
8400	0	8	8	0	0:00:01.375760
8420	3	6	4	0	0:00:01.372888
8440	5	9	4	0	0:00:01.376775
8460	8	8	8	1	0:00:01.377191
8480	2	1	8	0	0:00:01.382326
8500	4	2	2	0	0:00:01.383158
8520	8	6	6	0	0:00:01.384096
8540	4	6	4	0	0:00:01.376275
8560	7	7	7	1	0:00:01.377517
8580	3	1	1	0	0:00:01.384923
8600	3	7	7	0	0:00:01.392367
8620	3	-1	4	0	0:00:01.381733
8640	1	1	1	1	0:00:01.376271
8660	7	5	5	0	0:00:01.390429
8680	3	9	0	0	0:00:01.381911
8700	3	5	5	0	0:00:01.375571
8720	2	0	0	0	0:00:01.445248
8740	2	6	6	0	0:00:01.451999
8760	8	8	8	1	0:00:01.387364
8780	4	4	4	1	0:00:01.365700
8800	0	0	0	1	0:00:01.367349
8820	2	2	2	1	0:00:01.356709
8840	2	1	1	0	0:00:01.361233
8860	2	2	2	1	0:00:01.356055
8880	1	1	6	1	0:00:01.369138
8900	2	6	4	0	0:00:01.379822
8920	6	6	6	1	0:00:01.369463
8940	6	3	3	0	0:00:01.362508
8960	0	0	0	1	0:00:01.371636
8980	9	9	9	1	0:00:01.368182
9000	8	8	8	1	0:00:01.361568
9020	7	7	9	1	0:00:01.364903
9040	2	5	5	0	0:00:01.364404
9060	9	5	5	0	0:00:01.383075
9080	3	0	0	0	0:00:01.350446
9100	9	6	6	0	0:00:01.367814
9120	3	0	0	0	0:00:01.365789
9140	7	8	8	0	0:00:01.382642
9160	5	5	5	1	0:00:01.355365
9180	5	5	5	1	0:00:01.370270
9200	8	8	8	1	0:00:01.360742
9220	8	8	8	1	0:00:01.374885
9240	8	8	8	1	0:00:01.363078
9260	5	5	5	1	0:00:01.357976
9280	9	0	8	0	0:00:01.352288
9300	5	5	2	1	0:00:01.358670
9320	9	9	8	1	0:00:01.360169
9340	1	1	1	1	0:00:01.355571
9360	5	0	6	0	0:00:01.358059
9380	5	9	9	0	0:00:01.360677
9400	6	6	6	1	0:00:01.354803
9420	5	6	6	0	0:00:01.346175
9440	8	8	8	1	0:00:01.356187
9460	3	6	6	0	0:00:01.364352
9480	2	4	4	0	0:00:01.363219
9500	9	1	6	0	0:00:01.357233
9520	1	1	1	1	0:00:01.365212
9540	5	5	5	1	0:00:01.372319
9560	9	7	7	0	0:00:01.364175
9580	1	4	4	0	0:00:01.374788
9600	8	8	8	1	0:00:01.394807
9620	4	7	7	0	0:00:01.379064
9640	5	0	0	0	0:00:01.404764
9660	6	6	6	1	0:00:01.378249
9680	8	8	8	1	0:00:01.387006
9700	0	0	0	1	0:00:01.387337
9720	8	6	6	0	0:00:01.359835
9740	3	6	6	0	0:00:01.367819
9760	9	9	7	1	0:00:01.364623
9780	4	6	6	0	0:00:01.365311
9800	1	1	1	1	0:00:01.359010
9820	0	8	8	0	0:00:01.367426
9840	4	7	7	0	0:00:01.378009
9860	0	2	2	0	0:00:01.369986
9880	7	4	4	0	0:00:01.356952
9900	8	0	0	0	0:00:01.366004
9920	6	6	6	1	0:00:01.369483
9940	4	5	5	0	0:00:01.406673
9960	2	0	0	0	0:00:01.334425
9980	0	0	0	1	0:00:01.323769
