idx	label	predict	basePredict	correct	time
0	3	6	6	0	0:00:01.105505
20	7	9	9	0	0:00:01.060200
40	4	8	8	0	0:00:01.050394
60	7	2	2	0	0:00:01.038313
80	8	8	8	1	0:00:01.031053
100	4	5	5	0	0:00:01.042388
120	8	8	8	1	0:00:01.011796
140	6	2	2	0	0:00:01.007030
160	2	0	0	0	0:00:01.005002
180	0	0	0	1	0:00:01.026640
200	5	3	3	0	0:00:01.020094
220	7	7	7	1	0:00:01.028433
240	1	1	1	1	0:00:01.007185
260	8	5	5	0	0:00:01.018423
280	9	9	9	1	0:00:00.995838
300	6	-1	4	0	0:00:01.055796
320	3	-1	2	0	0:00:01.123065
340	2	4	4	0	0:00:01.050025
360	9	6	6	0	0:00:01.042184
380	6	6	6	1	0:00:01.052470
400	9	9	9	1	0:00:01.017100
420	4	6	6	0	0:00:01.020178
440	1	1	1	1	0:00:01.014898
460	5	5	5	1	0:00:01.013674
480	8	9	9	0	0:00:01.035735
500	4	6	6	0	0:00:01.120047
520	5	-1	5	0	0:00:01.022361
540	1	8	8	0	0:00:01.027229
560	0	-1	8	0	0:00:01.003533
580	4	6	6	0	0:00:01.008792
600	8	-1	8	0	0:00:01.015099
620	7	6	6	0	0:00:01.069299
640	5	6	6	0	0:00:01.039927
660	9	9	9	1	0:00:01.037237
680	9	9	9	1	0:00:01.050611
700	7	7	7	1	0:00:01.080240
720	4	9	9	0	0:00:01.073509
740	2	5	5	0	0:00:01.074791
760	3	9	9	0	0:00:01.071175
780	9	-1	8	0	0:00:01.068264
800	7	7	7	1	0:00:01.130796
820	6	9	9	0	0:00:01.049095
840	7	7	7	1	0:00:01.068210
860	4	6	6	0	0:00:01.073653
880	8	8	8	1	0:00:01.069383
900	2	6	6	0	0:00:01.088739
920	6	2	2	0	0:00:01.079938
940	9	-1	6	0	0:00:01.061916
960	9	9	9	1	0:00:01.078936
980	2	6	6	0	0:00:01.057084
1000	5	5	5	1	0:00:00.956462
1020	1	8	8	0	0:00:00.954854
1040	7	5	5	0	0:00:00.952266
1060	9	-1	8	0	0:00:00.962126
1080	6	6	6	1	0:00:00.950588
1100	7	8	8	0	0:00:00.979057
1120	5	2	8	0	0:00:00.975364
1140	6	-1	4	0	0:00:00.958671
1160	8	0	0	0	0:00:00.977708
1180	3	9	9	0	0:00:00.956057
1200	8	0	0	0	0:00:00.958622
1220	9	-1	2	0	0:00:00.961268
1240	2	6	6	0	0:00:00.979512
1260	1	9	9	0	0:00:00.983456
1280	3	7	7	0	0:00:00.959937
1300	4	6	6	0	0:00:00.953675
1320	7	0	0	0	0:00:00.979666
1340	1	1	1	1	0:00:00.965578
1360	7	-1	5	0	0:00:00.973791
1380	4	5	5	0	0:00:00.973713
1400	5	4	2	0	0:00:00.962911
1420	4	7	7	0	0:00:00.962467
1440	0	8	8	0	0:00:00.956151
1460	6	6	6	1	0:00:00.966891
1480	1	5	5	0	0:00:00.973752
1500	1	9	9	0	0:00:00.966823
1520	7	6	6	0	0:00:00.973987
1540	8	8	8	1	0:00:00.966349
1560	7	7	7	1	0:00:00.968632
1580	6	1	1	0	0:00:00.946914
1600	8	9	6	0	0:00:00.955054
1620	5	8	8	0	0:00:00.953007
1640	7	5	5	0	0:00:00.969149
1660	3	5	5	0	0:00:00.948878
1680	6	6	6	1	0:00:00.948263
1700	5	2	2	0	0:00:00.962007
1720	4	0	0	0	0:00:00.962217
1740	1	9	9	0	0:00:00.968773
1760	0	8	8	0	0:00:00.963855
1780	7	8	8	0	0:00:00.969943
1800	4	8	8	0	0:00:00.946873
1820	8	9	9	0	0:00:00.903604
1840	8	7	7	0	0:00:00.943062
1860	8	8	8	1	0:00:00.900796
1880	1	-1	8	0	0:00:00.911396
1900	8	8	8	1	0:00:00.898408
1920	2	7	4	0	0:00:00.926339
1940	5	2	2	0	0:00:00.986445
1960	2	5	5	0	0:00:00.958962
1980	9	9	9	1	0:00:00.979151
2000	1	6	6	0	0:00:00.949750
2020	9	9	9	1	0:00:00.960191
2040	0	8	8	0	0:00:00.969233
2060	5	5	5	1	0:00:00.964517
2080	1	-1	4	0	0:00:00.966737
2100	2	4	4	0	0:00:00.959049
2120	4	8	8	0	0:00:00.975490
2140	9	-1	1	0	0:00:00.976768
2160	0	8	8	0	0:00:00.949744
2180	4	6	6	0	0:00:00.954197
2200	0	0	0	1	0:00:00.981852
2220	1	1	1	1	0:00:00.983361
2240	9	9	9	1	0:00:00.955385
2260	4	-1	4	0	0:00:00.959907
2280	4	8	8	0	0:00:00.972568
2300	3	6	6	0	0:00:00.936574
2320	5	8	8	0	0:00:00.966805
2340	7	-1	7	0	0:00:00.973330
2360	7	7	7	1	0:00:00.949433
2380	8	8	8	1	0:00:00.970747
2400	0	0	0	1	0:00:00.958181
2420	8	-1	5	0	0:00:00.984229
2440	7	1	1	0	0:00:00.973808
2460	9	-1	6	0	0:00:00.921221
2480	8	8	8	1	0:00:00.969810
2500	4	6	4	0	0:00:00.950962
2520	1	8	8	0	0:00:00.936155
2540	2	3	3	0	0:00:00.961669
2560	7	4	4	0	0:00:00.951891
2580	6	4	4	0	0:00:00.957267
2600	8	8	8	1	0:00:00.939314
2620	1	6	6	0	0:00:00.985463
2640	7	7	7	1	0:00:00.983659
2660	3	0	0	0	0:00:00.977094
2680	0	0	0	1	0:00:00.960677
2700	9	9	0	1	0:00:00.956240
2720	3	8	8	0	0:00:00.974262
2740	1	1	1	1	0:00:00.918099
2760	2	6	6	0	0:00:00.942952
2780	7	7	7	1	0:00:00.952561
2800	4	6	6	0	0:00:00.970587
2820	6	6	6	1	0:00:00.953562
2840	3	3	3	1	0:00:00.986021
2860	5	7	7	0	0:00:00.963769
2880	4	4	4	1	0:00:00.981960
2900	3	5	5	0	0:00:00.959243
2920	2	-1	8	0	0:00:00.969254
2940	3	8	8	0	0:00:00.979385
2960	9	7	7	0	0:00:00.970118
2980	8	1	1	0	0:00:00.933507
3000	5	5	5	1	0:00:00.932643
3020	1	1	1	1	0:00:00.947222
3040	7	7	7	1	0:00:00.959519
3060	7	7	7	1	0:00:00.968272
3080	1	2	2	0	0:00:00.993032
3100	0	0	0	1	0:00:00.987158
3120	4	6	6	0	0:00:00.964869
3140	8	8	8	1	0:00:00.951607
3160	6	4	4	0	0:00:00.958264
3180	3	9	8	0	0:00:00.938133
3200	5	-1	7	0	0:00:00.962438
3220	3	9	9	0	0:00:00.958405
3240	4	-1	8	0	0:00:00.965548
3260	7	0	0	0	0:00:00.977515
3280	3	0	0	0	0:00:00.970062
3300	4	-1	4	0	0:00:00.962262
3320	2	7	7	0	0:00:00.973334
3340	6	4	4	0	0:00:00.965378
3360	4	6	6	0	0:00:00.951458
3380	8	9	8	0	0:00:00.939268
3400	6	4	4	0	0:00:00.982236
3420	5	6	6	0	0:00:00.958296
3440	2	9	9	0	0:00:00.945358
3460	1	1	4	1	0:00:00.972612
3480	2	2	2	1	0:00:00.976840
3500	1	-1	4	0	0:00:00.978428
3520	1	1	1	1	0:00:00.944358
3540	6	-1	8	0	0:00:00.958626
3560	1	9	9	0	0:00:00.980616
3580	4	1	1	0	0:00:00.983680
3600	4	2	2	0	0:00:00.986186
3620	0	-1	6	0	0:00:00.967119
3640	6	2	2	0	0:00:00.990420
3660	0	8	8	0	0:00:00.958419
3680	0	-1	2	0	0:00:00.975642
3700	3	-1	4	0	0:00:00.961250
3720	2	2	2	1	0:00:00.959461
3740	0	0	0	1	0:00:00.965457
3760	7	7	7	1	0:00:00.968954
3780	4	-1	2	0	0:00:00.969465
3800	9	9	3	1	0:00:00.974237
3820	0	0	0	1	0:00:00.955944
3840	6	8	8	0	0:00:00.980283
3860	7	7	7	1	0:00:00.962075
3880	6	4	4	0	0:00:00.974170
3900	3	0	1	0	0:00:00.956313
3920	7	8	8	0	0:00:00.975409
3940	6	-1	7	0	0:00:00.961033
3960	2	5	5	0	0:00:00.958593
3980	9	7	7	0	0:00:00.945204
4000	8	7	7	0	0:00:00.958915
4020	8	9	8	0	0:00:00.939915
4040	0	0	0	1	0:00:00.966428
4060	6	0	0	0	0:00:00.961281
4080	1	8	8	0	0:00:00.954108
4100	7	7	7	1	0:00:00.957712
4120	4	0	0	0	0:00:00.979823
4140	5	2	2	0	0:00:00.974087
4160	5	2	2	0	0:00:00.967041
4180	0	-1	8	0	0:00:00.962669
4200	4	2	2	0	0:00:00.951204
4220	4	0	0	0	0:00:00.955680
4240	7	8	8	0	0:00:00.961581
4260	8	-1	8	0	0:00:00.966419
4280	8	-1	8	0	0:00:00.949053
4300	8	-1	8	0	0:00:00.946323
4320	1	8	8	0	0:00:00.940977
4340	0	-1	0	0	0:00:00.939776
4360	6	9	9	0	0:00:00.977467
4380	9	9	9	1	0:00:00.928816
4400	3	8	8	0	0:00:00.893359
4420	5	8	8	0	0:00:00.901489
4440	2	6	6	0	0:00:00.908297
4460	9	8	8	0	0:00:00.898037
4480	9	6	6	0	0:00:00.903945
4500	3	7	7	0	0:00:00.902739
4520	3	6	6	0	0:00:00.902495
4540	9	9	9	1	0:00:00.907651
4560	1	-1	6	0	0:00:00.909058
4580	6	6	6	1	0:00:00.922885
4600	4	7	7	0	0:00:00.890584
4620	7	3	3	0	0:00:00.916317
4640	2	5	5	0	0:00:00.944349
4660	7	2	2	0	0:00:00.950564
4680	9	1	1	0	0:00:00.947367
4700	6	1	1	0	0:00:00.947068
4720	8	0	0	0	0:00:00.949346
4740	5	6	6	0	0:00:00.952266
4760	3	2	2	0	0:00:00.962885
4780	0	-1	8	0	0:00:00.956131
4800	9	9	9	1	0:00:00.964324
4820	3	5	5	0	0:00:00.970114
4840	0	0	0	1	0:00:00.953738
4860	5	5	5	1	0:00:00.963954
4880	0	2	2	0	0:00:00.990062
4900	3	1	1	0	0:00:00.955871
4920	7	0	0	0	0:00:00.954452
4940	6	-1	2	0	0:00:00.971209
4960	4	6	6	0	0:00:00.956563
4980	1	9	9	0	0:00:00.961902
5000	7	7	7	1	0:00:00.969181
5020	8	-1	1	0	0:00:00.974216
5040	3	7	7	0	0:00:00.967958
5060	6	6	6	1	0:00:00.966846
5080	7	7	7	1	0:00:00.968549
5100	3	4	4	0	0:00:00.971341
5120	9	8	8	0	0:00:00.977654
5140	8	8	8	1	0:00:00.958425
5160	0	8	8	0	0:00:00.972905
5180	9	6	6	0	0:00:00.964888
5200	3	3	3	1	0:00:00.976842
5220	0	0	0	1	0:00:00.975116
5240	1	-1	2	0	0:00:00.974109
5260	0	0	0	1	0:00:00.970576
5280	0	8	8	0	0:00:00.958016
5300	9	1	1	0	0:00:00.909961
5320	7	7	7	1	0:00:00.926744
5340	3	4	4	0	0:00:00.927625
5360	9	9	9	1	0:00:00.944488
5380	1	9	9	0	0:00:00.945987
5400	9	0	0	0	0:00:00.947865
5420	6	-1	5	0	0:00:00.945577
5440	9	9	9	1	0:00:00.957831
5460	0	7	7	0	0:00:00.987406
5480	1	8	8	0	0:00:00.965836
5500	8	1	1	0	0:00:00.968692
5520	4	5	5	0	0:00:00.962853
5540	5	6	2	0	0:00:00.938891
5560	3	6	6	0	0:00:00.960149
5580	5	6	6	0	0:00:00.976427
5600	6	-1	8	0	0:00:00.958621
5620	3	2	2	0	0:00:00.964696
5640	2	3	3	0	0:00:00.957703
5660	9	9	8	1	0:00:00.907048
5680	2	8	8	0	0:00:00.942103
5700	3	-1	6	0	0:00:00.918296
5720	9	9	9	1	0:00:00.917691
5740	6	6	6	1	0:00:00.912026
5760	2	2	2	1	0:00:00.921225
5780	7	7	7	1	0:00:00.919178
5800	2	6	6	0	0:00:00.937429
5820	5	6	6	0	0:00:00.943577
5840	2	6	6	0	0:00:00.951972
5860	0	8	8	0	0:00:00.968190
5880	0	8	8	0	0:00:00.962773
5900	4	5	4	0	0:00:00.949200
5920	8	8	8	1	0:00:00.904175
5940	7	4	4	0	0:00:00.889468
5960	2	7	7	0	0:00:00.917765
5980	9	9	9	1	0:00:00.927694
6000	8	9	9	0	0:00:00.922700
6020	6	-1	7	0	0:00:00.918405
6040	2	7	7	0	0:00:00.961143
6060	3	4	4	0	0:00:00.971381
6080	1	-1	6	0	0:00:00.978327
6100	1	-1	8	0	0:00:00.957329
6120	5	5	5	1	0:00:00.957564
6140	9	9	9	1	0:00:00.944254
6160	2	5	5	0	0:00:00.904472
6180	0	-1	8	0	0:00:00.892014
6200	3	-1	0	0	0:00:00.890243
6220	2	6	6	0	0:00:00.905341
6240	2	1	6	0	0:00:00.920209
6260	2	9	9	0	0:00:00.939751
6280	8	5	5	0	0:00:00.944559
6300	1	7	6	0	0:00:00.968105
6320	0	0	0	1	0:00:00.962482
6340	3	8	8	0	0:00:00.963795
6360	2	-1	2	0	0:00:00.956866
6380	3	1	6	0	0:00:00.942906
6400	0	1	1	0	0:00:00.948209
6420	7	-1	8	0	0:00:00.952875
6440	3	8	8	0	0:00:00.943063
6460	3	1	1	0	0:00:00.955421
6480	0	-1	0	0	0:00:00.953058
6500	7	0	0	0	0:00:00.950862
6520	6	4	4	0	0:00:00.948473
6540	8	8	8	1	0:00:00.964850
6560	6	6	6	1	0:00:00.951464
6580	1	-1	2	0	0:00:00.885457
6600	7	7	7	1	0:00:00.896224
6620	7	7	7	1	0:00:00.894942
6640	5	8	8	0	0:00:00.909899
6660	0	8	8	0	0:00:00.888694
6680	3	5	5	0	0:00:00.897194
6700	6	6	6	1	0:00:00.883744
6720	2	2	2	1	0:00:00.889102
6740	2	6	6	0	0:00:00.899281
6760	5	2	2	0	0:00:00.903729
6780	7	7	7	1	0:00:00.942820
6800	6	6	6	1	0:00:00.938910
6820	1	1	1	1	0:00:00.933967
6840	9	-1	1	0	0:00:00.938735
6860	0	0	0	1	0:00:00.940600
6880	2	-1	4	0	0:00:00.943199
6900	3	7	7	0	0:00:00.952492
6920	5	2	2	0	0:00:00.927964
6940	1	1	1	1	0:00:00.892770
6960	9	8	8	0	0:00:00.896122
6980	0	9	9	0	0:00:00.898628
7000	2	8	8	0	0:00:00.915966
7020	7	1	1	0	0:00:00.967360
7040	7	8	8	0	0:00:00.952704
7060	8	8	8	1	0:00:00.958316
7080	5	-1	0	0	0:00:00.941460
7100	9	3	3	0	0:00:00.945466
7120	7	-1	6	0	0:00:00.953547
7140	4	4	4	1	0:00:00.959390
7160	5	4	4	0	0:00:00.961631
7180	6	6	6	1	0:00:00.944707
7200	4	6	4	0	0:00:00.959854
7220	9	8	8	0	0:00:00.953753
7240	0	8	8	0	0:00:00.983028
7260	1	8	8	0	0:00:00.941772
7280	1	6	6	0	0:00:00.943733
7300	3	7	7	0	0:00:00.944552
7320	8	0	0	0	0:00:00.952382
7340	2	4	4	0	0:00:00.956240
7360	2	7	7	0	0:00:00.941356
7380	7	-1	7	0	0:00:00.947692
7400	3	9	9	0	0:00:00.963599
7420	3	0	0	0	0:00:00.984312
7440	3	6	6	0	0:00:00.964448
7460	5	5	5	1	0:00:00.939897
7480	1	5	5	0	0:00:00.909856
7500	6	6	6	1	0:00:00.907941
7520	4	6	6	0	0:00:00.915834
7540	5	5	5	1	0:00:00.941830
7560	0	-1	2	0	0:00:00.939496
7580	8	8	8	1	0:00:00.948462
7600	8	9	9	0	0:00:00.938700
7620	5	-1	1	0	0:00:00.951763
7640	9	-1	8	0	0:00:00.957228
7660	7	9	9	0	0:00:00.945070
7680	3	9	9	0	0:00:00.925977
7700	6	6	6	1	0:00:00.885792
7720	5	-1	6	0	0:00:00.881190
7740	4	6	2	0	0:00:00.891008
7760	2	9	9	0	0:00:00.906585
7780	3	8	8	0	0:00:00.921117
7800	0	0	0	1	0:00:00.917383
7820	5	8	8	0	0:00:00.937259
7840	1	1	1	1	0:00:00.938696
7860	8	4	4	0	0:00:00.954123
7880	0	8	8	0	0:00:00.953701
7900	0	8	8	0	0:00:00.962111
7920	9	8	8	0	0:00:00.939041
7940	2	6	6	0	0:00:00.960131
7960	0	0	0	1	0:00:00.961551
7980	3	7	4	0	0:00:00.961895
8000	9	9	8	1	0:00:00.962705
8020	6	6	6	1	0:00:00.962480
8040	2	6	6	0	0:00:00.940205
8060	6	-1	4	0	0:00:00.952496
8080	4	6	6	0	0:00:00.965365
8100	6	2	2	0	0:00:00.946596
8120	8	9	9	0	0:00:00.978011
8140	5	6	6	0	0:00:00.958055
8160	6	9	9	0	0:00:00.960371
8180	4	6	6	0	0:00:00.981071
8200	3	-1	6	0	0:00:00.961710
8220	6	-1	2	0	0:00:00.968718
8240	7	7	7	1	0:00:00.928645
8260	1	1	1	1	0:00:00.952105
8280	4	1	1	0	0:00:00.956980
8300	5	2	2	0	0:00:00.963374
8320	7	4	4	0	0:00:00.961708
8340	5	4	4	0	0:00:00.970529
8360	7	-1	6	0	0:00:00.968039
8380	9	8	8	0	0:00:00.949573
8400	0	8	8	0	0:00:00.948010
8420	3	6	4	0	0:00:00.952955
8440	5	9	9	0	0:00:00.961774
8460	8	8	8	1	0:00:00.951937
8480	2	1	1	0	0:00:00.942025
8500	4	2	2	0	0:00:00.983019
8520	8	6	6	0	0:00:00.938929
8540	4	6	4	0	0:00:00.963042
8560	7	7	7	1	0:00:00.970184
8580	3	0	0	0	0:00:00.952710
8600	3	7	7	0	0:00:00.960652
8620	3	1	4	0	0:00:00.965762
8640	1	1	1	1	0:00:00.941909
8660	7	5	5	0	0:00:00.978051
8680	3	9	9	0	0:00:00.991208
8700	3	5	5	0	0:00:00.927716
8720	2	0	0	0	0:00:00.921998
8740	2	6	6	0	0:00:00.975264
8760	8	8	8	1	0:00:00.941643
8780	4	4	4	1	0:00:00.958538
8800	0	0	0	1	0:00:00.977634
8820	2	2	2	1	0:00:00.958265
8840	2	1	1	0	0:00:00.967482
8860	2	0	0	0	0:00:00.962689
8880	1	6	6	0	0:00:00.947837
8900	2	1	4	0	0:00:00.954821
8920	6	6	6	1	0:00:00.962447
8940	6	3	3	0	0:00:00.942540
8960	0	0	0	1	0:00:00.951687
8980	9	9	9	1	0:00:00.966955
9000	8	8	8	1	0:00:00.966772
9020	7	9	9	0	0:00:00.975317
9040	2	5	5	0	0:00:00.965205
9060	9	5	5	0	0:00:00.944073
9080	3	0	0	0	0:00:00.964343
9100	9	6	6	0	0:00:00.981454
9120	3	0	0	0	0:00:00.922230
9140	7	8	8	0	0:00:00.968608
9160	5	5	5	1	0:00:00.966383
9180	5	5	5	1	0:00:00.948099
9200	8	8	8	1	0:00:00.991443
9220	8	8	8	1	0:00:00.970291
9240	8	8	8	1	0:00:00.963732
9260	5	5	5	1	0:00:00.960236
9280	9	0	0	0	0:00:00.954038
9300	5	-1	6	0	0:00:00.959854
9320	9	-1	8	0	0:00:00.984412
9340	1	1	1	1	0:00:00.974875
9360	5	-1	0	0	0:00:00.924986
9380	5	-1	5	0	0:00:00.968250
9400	6	6	2	1	0:00:00.965347
9420	5	6	6	0	0:00:00.983634
9440	8	8	8	1	0:00:00.961230
9460	3	-1	7	0	0:00:00.947536
9480	2	4	4	0	0:00:00.948529
9500	9	-1	6	0	0:00:00.965937
9520	1	9	9	0	0:00:00.971582
9540	5	4	4	0	0:00:00.959202
9560	9	7	7	0	0:00:00.964360
9580	1	4	4	0	0:00:00.943931
9600	8	8	8	1	0:00:00.950705
9620	4	7	7	0	0:00:00.968735
9640	5	-1	6	0	0:00:00.991596
9660	6	6	6	1	0:00:00.970524
9680	8	9	9	0	0:00:00.984923
9700	0	0	0	1	0:00:00.977371
9720	8	6	6	0	0:00:00.961169
9740	3	6	6	0	0:00:00.949552
9760	9	9	9	1	0:00:00.934147
9780	4	6	6	0	0:00:00.989874
9800	1	1	1	1	0:00:00.973026
9820	0	9	8	0	0:00:00.943281
9840	4	3	3	0	0:00:00.968079
9860	0	2	2	0	0:00:00.990786
9880	7	-1	4	0	0:00:00.957441
9900	8	0	0	0	0:00:00.983293
9920	6	6	6	1	0:00:00.979398
9940	4	7	7	0	0:00:01.048256
9960	2	0	0	0	0:00:00.950997
9980	0	0	0	1	0:00:00.918230
