idx	label	predict	basePredict	correct	time
0	3	2	2	0	0:00:15.758860
20	7	1	9	0	0:00:15.697060
40	4	1	8	0	0:00:15.703048
60	7	2	2	0	0:00:15.681458
80	8	8	8	1	0:00:15.665273
100	4	5	3	0	0:00:15.720404
120	8	8	8	1	0:00:15.690629
140	6	2	2	0	0:00:15.696712
160	2	0	0	0	0:00:15.660953
180	0	8	8	0	0:00:15.685208
200	5	7	3	0	0:00:15.668114
220	7	7	4	1	0:00:15.720654
240	1	1	8	1	0:00:15.716136
260	8	3	6	0	0:00:15.722646
280	9	9	8	1	0:00:15.739863
300	6	7	4	0	0:00:15.695627
320	3	2	4	0	0:00:15.726320
340	2	4	4	0	0:00:15.716677
360	9	7	4	0	0:00:15.782724
380	6	8	4	0	0:00:15.779616
400	9	1	1	0	0:00:15.702811
420	4	6	6	0	0:00:16.755366
440	1	1	6	1	0:00:15.694758
460	5	3	3	0	0:00:15.693488
480	8	9	9	0	0:00:16.980051
500	4	6	6	0	0:00:15.925104
520	5	7	7	0	0:00:16.835290
540	1	8	8	0	0:00:15.973285
560	0	0	8	1	0:00:15.668630
580	4	6	4	0	0:00:16.688526
600	8	9	8	0	0:00:15.846519
620	7	6	4	0	0:00:16.816336
640	5	3	3	0	0:00:16.035746
660	9	9	3	1	0:00:15.703018
680	9	7	4	0	0:00:17.146842
700	7	0	0	0	0:00:15.730768
720	4	9	7	0	0:00:15.720289
740	2	5	3	0	0:00:15.673520
760	3	9	9	0	0:00:15.664148
780	9	1	1	0	0:00:15.727441
800	7	7	7	1	0:00:15.662050
820	6	1	8	0	0:00:15.700943
840	7	7	7	1	0:00:15.716888
860	4	4	4	1	0:00:15.684037
880	8	8	8	1	0:00:15.747498
900	2	6	4	0	0:00:15.723821
920	6	2	2	0	0:00:15.724826
940	9	1	1	0	0:00:15.991102
960	9	9	2	1	0:00:15.756329
980	2	6	6	0	0:00:15.809188
1000	5	5	5	1	0:00:15.062897
1020	1	8	8	0	0:00:15.018273
1040	7	5	5	0	0:00:14.985064
1060	9	9	8	1	0:00:14.969600
1080	6	6	6	1	0:00:15.021494
1100	7	8	8	0	0:00:14.994592
1120	5	2	2	0	0:00:14.967492
1140	6	4	4	0	0:00:15.002643
1160	8	0	0	0	0:00:14.958788
1180	3	8	8	0	0:00:14.947408
1200	8	0	0	0	0:00:14.944885
1220	9	6	6	0	0:00:14.969473
1240	2	6	6	0	0:00:14.994707
1260	1	9	9	0	0:00:15.006324
1280	3	7	7	0	0:00:15.002690
1300	4	3	3	0	0:00:15.016075
1320	7	-1	2	0	0:00:15.101405
1340	1	8	8	0	0:00:14.987592
1360	7	7	4	1	0:00:14.988318
1380	4	5	5	0	0:00:15.034500
1400	5	2	2	0	0:00:15.009838
1420	4	7	7	0	0:00:14.984139
1440	0	8	8	0	0:00:15.023125
1460	6	6	4	1	0:00:15.012989
1480	1	5	5	0	0:00:14.991797
1500	1	9	9	0	0:00:14.991042
1520	7	6	2	0	0:00:14.991979
1540	8	8	8	1	0:00:15.048748
1560	7	7	7	1	0:00:14.999506
1580	6	1	1	0	0:00:14.969989
1600	8	9	6	0	0:00:14.966903
1620	5	8	8	0	0:00:14.968046
1640	7	5	3	0	0:00:14.987077
1660	3	5	4	0	0:00:14.991099
1680	6	6	6	1	0:00:14.966525
1700	5	2	2	0	0:00:14.952564
1720	4	0	2	0	0:00:14.995996
1740	1	9	9	0	0:00:14.972366
1760	0	2	8	0	0:00:14.979202
1780	7	9	8	0	0:00:15.050544
1800	4	8	8	0	0:00:14.986679
1820	8	9	8	0	0:00:15.003357
1840	8	7	4	0	0:00:14.972034
1860	8	8	8	1	0:00:14.966135
1880	1	8	8	0	0:00:15.017899
1900	8	8	8	1	0:00:15.018552
1920	2	5	2	0	0:00:15.004243
1940	5	3	3	0	0:00:15.030435
1960	2	5	5	0	0:00:14.954987
1980	9	9	4	1	0:00:14.999357
2000	1	6	4	0	0:00:14.995124
2020	9	9	1	1	0:00:14.957286
2040	0	8	8	0	0:00:14.974979
2060	5	3	3	0	0:00:14.956464
2080	1	9	4	0	0:00:14.945097
2100	2	4	4	0	0:00:14.951096
2120	4	8	8	0	0:00:14.987290
2140	9	1	1	0	0:00:14.961259
2160	0	8	8	0	0:00:15.020933
2180	4	6	4	0	0:00:14.995829
2200	0	2	2	0	0:00:14.962804
2220	1	1	4	1	0:00:14.941024
2240	9	9	8	1	0:00:14.936935
2260	4	7	4	0	0:00:14.989638
2280	4	8	8	0	0:00:15.019750
2300	3	2	4	0	0:00:15.036311
2320	5	8	8	0	0:00:15.048966
2340	7	7	7	1	0:00:14.952103
2360	7	5	3	0	0:00:14.991300
2380	8	0	0	0	0:00:14.997389
2400	0	4	4	0	0:00:14.954211
2420	8	5	5	0	0:00:14.938891
2440	7	1	8	0	0:00:14.946607
2460	9	3	3	0	0:00:14.940768
2480	8	8	8	1	0:00:14.939824
2500	4	6	2	0	0:00:14.990461
2520	1	9	8	0	0:00:14.962221
2540	2	3	3	0	0:00:14.982134
2560	7	6	2	0	0:00:14.978495
2580	6	-1	4	0	0:00:14.972572
2600	8	8	8	1	0:00:15.101819
2620	1	4	4	0	0:00:14.986064
2640	7	6	6	0	0:00:15.003875
2660	3	2	2	0	0:00:15.028244
2680	0	0	0	1	0:00:14.980446
2700	9	7	0	0	0:00:15.034425
2720	3	2	2	0	0:00:15.010666
2740	1	9	7	0	0:00:15.021423
2760	2	4	4	0	0:00:14.988211
2780	7	7	6	1	0:00:14.988073
2800	4	6	6	0	0:00:14.996765
2820	6	6	4	1	0:00:14.967211
2840	3	3	3	1	0:00:15.010890
2860	5	7	4	0	0:00:14.974266
2880	4	4	4	1	0:00:15.037201
2900	3	2	2	0	0:00:14.977648
2920	2	5	5	0	0:00:14.986572
2940	3	0	0	0	0:00:14.972180
2960	9	7	9	0	0:00:15.071692
2980	8	1	8	0	0:00:15.099598
3000	5	5	5	1	0:00:15.008446
3020	1	1	8	1	0:00:14.948195
3040	7	7	7	1	0:00:14.957368
3060	7	7	7	1	0:00:15.005954
3080	1	7	4	0	0:00:14.970530
3100	0	0	0	1	0:00:14.955396
3120	4	6	2	0	0:00:14.980638
3140	8	8	8	1	0:00:14.945204
3160	6	4	4	0	0:00:14.962759
3180	3	7	8	0	0:00:14.940875
3200	5	7	7	0	0:00:14.969228
3220	3	9	9	0	0:00:14.966789
3240	4	1	8	0	0:00:14.949131
3260	7	0	0	0	0:00:14.942119
3280	3	0	0	0	0:00:14.940405
3300	4	6	4	0	0:00:14.952110
3320	2	7	7	0	0:00:14.958194
3340	6	7	4	0	0:00:14.955401
3360	4	6	6	0	0:00:14.983409
3380	8	1	8	0	0:00:14.946289
3400	6	4	4	0	0:00:14.962342
3420	5	4	4	0	0:00:14.949265
3440	2	9	3	0	0:00:14.999565
3460	1	1	4	1	0:00:15.113835
3480	2	2	2	1	0:00:15.136461
3500	1	1	4	1	0:00:15.135672
3520	1	1	1	1	0:00:15.135897
3540	6	6	6	1	0:00:15.088476
3560	1	9	0	0	0:00:15.098680
3580	4	1	8	0	0:00:14.948624
3600	4	2	2	0	0:00:14.950751
3620	0	6	6	0	0:00:14.955907
3640	6	2	2	0	0:00:15.130841
3660	0	8	8	0	0:00:15.012110
3680	0	2	2	0	0:00:15.054281
3700	3	4	4	0	0:00:15.052688
3720	2	2	2	1	0:00:15.119031
3740	0	8	8	0	0:00:15.048960
3760	7	7	7	1	0:00:15.144199
3780	4	2	2	0	0:00:15.076093
3800	9	3	3	0	0:00:15.205848
3820	0	2	2	0	0:00:15.042477
3840	6	3	3	0	0:00:15.184294
3860	7	7	7	1	0:00:15.077832
3880	6	4	4	0	0:00:15.239282
3900	3	1	1	0	0:00:15.110332
3920	7	9	8	0	0:00:15.085255
3940	6	7	4	0	0:00:15.079494
3960	2	5	5	0	0:00:15.117172
3980	9	7	7	0	0:00:15.107840
4000	8	7	4	0	0:00:15.070735
4020	8	1	8	0	0:00:15.082489
4040	0	0	0	1	0:00:15.104471
4060	6	3	3	0	0:00:15.221157
4080	1	8	8	0	0:00:15.152188
4100	7	7	7	1	0:00:15.229365
4120	4	0	0	0	0:00:15.173663
4140	5	3	3	0	0:00:15.274024
4160	5	2	2	0	0:00:15.192942
4180	0	8	8	0	0:00:15.228708
4200	4	2	2	0	0:00:15.193509
4220	4	0	0	0	0:00:15.114931
4240	7	0	0	0	0:00:15.241657
4260	8	1	1	0	0:00:15.122921
4280	8	9	8	0	0:00:15.147604
4300	8	8	8	1	0:00:15.190848
4320	1	8	8	0	0:00:15.122279
4340	0	8	8	0	0:00:15.170447
4360	6	9	3	0	0:00:15.180871
4380	9	8	8	0	0:00:15.220286
4400	3	4	4	0	0:00:15.144838
4420	5	8	8	0	0:00:15.198650
4440	2	6	2	0	0:00:15.169630
4460	9	8	8	0	0:00:15.197490
4480	9	3	6	0	0:00:15.175098
4500	3	7	7	0	0:00:15.252144
4520	3	6	6	0	0:00:15.223907
4540	9	9	1	1	0:00:15.319116
4560	1	1	4	1	0:00:15.201676
4580	6	4	4	0	0:00:15.235219
4600	4	7	7	0	0:00:15.227432
4620	7	1	3	0	0:00:15.274256
4640	2	3	4	0	0:00:15.217377
4660	7	6	2	0	0:00:15.140462
4680	9	1	1	0	0:00:15.164892
4700	6	1	4	0	0:00:15.162702
4720	8	0	0	0	0:00:15.103977
4740	5	6	4	0	0:00:15.223820
4760	3	8	8	0	0:00:15.178187
4780	0	8	8	0	0:00:15.188145
4800	9	9	9	1	0:00:15.374463
4820	3	5	5	0	0:00:15.214154
4840	0	0	0	1	0:00:15.295267
4860	5	3	8	0	0:00:15.220702
4880	0	2	2	0	0:00:15.347713
4900	3	6	6	0	0:00:15.176049
4920	7	7	4	1	0:00:15.136272
4940	6	4	2	0	0:00:15.119191
4960	4	3	3	0	0:00:15.123043
4980	1	9	9	0	0:00:15.089934
5000	7	7	7	1	0:00:15.176592
5020	8	1	8	0	0:00:15.287400
5040	3	7	4	0	0:00:15.251556
5060	6	2	4	0	0:00:15.190280
5080	7	7	7	1	0:00:15.190751
5100	3	3	4	1	0:00:15.135023
5120	9	8	8	0	0:00:15.044671
5140	8	0	8	0	0:00:15.112086
5160	0	8	8	0	0:00:15.117403
5180	9	6	4	0	0:00:15.121437
5200	3	3	3	1	0:00:15.071269
5220	0	0	0	1	0:00:15.094074
5240	1	-1	2	0	0:00:15.146892
5260	0	0	0	1	0:00:15.212928
5280	0	8	8	0	0:00:15.155752
5300	9	1	1	0	0:00:15.274961
5320	7	0	3	0	0:00:15.218935
5340	3	4	4	0	0:00:15.180803
5360	9	9	3	1	0:00:15.189531
5380	1	9	9	0	0:00:15.213824
5400	9	0	4	0	0:00:15.095646
5420	6	5	6	0	0:00:15.198644
5440	9	9	9	1	0:00:15.192560
5460	0	7	7	0	0:00:15.167891
5480	1	-1	4	0	0:00:15.079726
5500	8	1	8	0	0:00:15.151160
5520	4	3	3	0	0:00:15.216367
5540	5	6	2	0	0:00:15.124612
5560	3	6	4	0	0:00:15.261895
5580	5	6	6	0	0:00:15.139915
5600	6	8	0	0	0:00:15.154434
5620	3	2	2	0	0:00:15.167346
5640	2	5	3	0	0:00:15.136352
5660	9	0	8	0	0:00:15.218463
5680	2	1	8	0	0:00:15.179789
5700	3	2	2	0	0:00:15.123014
5720	9	9	9	1	0:00:15.208106
5740	6	4	4	0	0:00:15.167240
5760	2	0	2	0	0:00:15.167773
5780	7	7	4	1	0:00:15.173827
5800	2	6	4	0	0:00:15.206528
5820	5	6	6	0	0:00:15.225243
5840	2	6	6	0	0:00:15.138471
5860	0	8	8	0	0:00:15.236471
5880	0	8	8	0	0:00:15.223850
5900	4	3	4	0	0:00:15.214993
5920	8	8	8	1	0:00:15.216184
5940	7	4	4	0	0:00:15.208390
5960	2	6	4	0	0:00:15.257072
5980	9	9	6	1	0:00:15.183681
6000	8	9	8	0	0:00:15.224143
6020	6	7	6	0	0:00:15.187150
6040	2	7	7	0	0:00:15.178797
6060	3	4	4	0	0:00:15.253533
6080	1	9	6	0	0:00:15.144334
6100	1	1	8	1	0:00:15.079103
6120	5	3	3	0	0:00:15.120819
6140	9	9	7	1	0:00:15.240508
6160	2	5	5	0	0:00:15.265788
6180	0	8	8	0	0:00:15.214655
6200	3	0	3	0	0:00:15.169589
6220	2	6	6	0	0:00:15.182097
6240	2	1	4	0	0:00:15.328821
6260	2	9	8	0	0:00:15.283856
6280	8	5	6	0	0:00:15.197732
6300	1	7	4	0	0:00:15.222854
6320	0	0	0	1	0:00:15.207958
6340	3	7	3	0	0:00:15.189772
6360	2	6	2	0	0:00:15.197857
6380	3	1	6	0	0:00:15.198412
6400	0	1	4	0	0:00:15.220303
6420	7	8	8	0	0:00:15.151668
6440	3	-1	8	0	0:00:15.120993
6460	3	1	4	0	0:00:15.242423
6480	0	2	2	0	0:00:15.243050
6500	7	0	8	0	0:00:15.183956
6520	6	4	4	0	0:00:15.159838
6540	8	8	8	1	0:00:15.182847
6560	6	7	4	0	0:00:15.257673
6580	1	2	3	0	0:00:15.188226
6600	7	7	7	1	0:00:15.184425
6620	7	7	3	1	0:00:15.243910
6640	5	8	8	0	0:00:15.182449
6660	0	9	8	0	0:00:15.280736
6680	3	5	5	0	0:00:15.161153
6700	6	1	4	0	0:00:15.215505
6720	2	4	2	0	0:00:15.133293
6740	2	6	4	0	0:00:15.174268
6760	5	3	6	0	0:00:15.136845
6780	7	7	7	1	0:00:15.118009
6800	6	2	4	0	0:00:15.188718
6820	1	1	8	1	0:00:15.095514
6840	9	1	1	0	0:00:15.165757
6860	0	2	2	0	0:00:15.376943
6880	2	7	7	0	0:00:15.136673
6900	3	7	4	0	0:00:15.251709
6920	5	2	2	0	0:00:15.134648
6940	1	1	1	1	0:00:15.262527
6960	9	8	8	0	0:00:15.191547
6980	0	1	1	0	0:00:15.178584
7000	2	8	8	0	0:00:15.218924
7020	7	1	8	0	0:00:15.162941
7040	7	8	8	0	0:00:15.216526
7060	8	0	0	0	0:00:15.168494
7080	5	4	4	0	0:00:15.256557
7100	9	3	3	0	0:00:15.178227
7120	7	6	6	0	0:00:15.229631
7140	4	1	4	0	0:00:15.152889
7160	5	4	4	0	0:00:15.186041
7180	6	6	6	1	0:00:15.208404
7200	4	6	2	0	0:00:15.180374
7220	9	8	8	0	0:00:15.140177
7240	0	8	8	0	0:00:15.142105
7260	1	8	8	0	0:00:15.155629
7280	1	6	4	0	0:00:15.244130
7300	3	7	7	0	0:00:15.246010
7320	8	0	0	0	0:00:15.234365
7340	2	4	4	0	0:00:15.181559
7360	2	7	4	0	0:00:15.111712
7380	7	9	7	0	0:00:15.123683
7400	3	5	3	0	0:00:15.166507
7420	3	0	0	0	0:00:15.226657
7440	3	6	2	0	0:00:15.099787
7460	5	5	5	1	0:00:15.079265
7480	1	8	5	0	0:00:15.169306
7500	6	6	6	1	0:00:15.173456
7520	4	6	4	0	0:00:15.124477
7540	5	5	5	1	0:00:15.148659
7560	0	6	2	0	0:00:15.171592
7580	8	0	8	0	0:00:15.102534
7600	8	9	8	0	0:00:15.141592
7620	5	1	9	0	0:00:15.127816
7640	9	8	6	0	0:00:15.150896
7660	7	1	4	0	0:00:15.138838
7680	3	9	3	0	0:00:15.066509
7700	6	6	4	1	0:00:15.162631
7720	5	2	2	0	0:00:15.043887
7740	4	6	2	0	0:00:15.059930
7760	2	9	9	0	0:00:15.115871
7780	3	1	8	0	0:00:15.134384
7800	0	0	8	1	0:00:15.120295
7820	5	8	8	0	0:00:15.135037
7840	1	1	1	1	0:00:15.139752
7860	8	7	4	0	0:00:15.071005
7880	0	0	2	1	0:00:15.087996
7900	0	8	8	0	0:00:15.072403
7920	9	8	8	0	0:00:15.106993
7940	2	6	6	0	0:00:15.095909
7960	0	3	3	0	0:00:15.130896
7980	3	7	4	0	0:00:15.043060
8000	9	9	8	1	0:00:15.079787
8020	6	3	3	0	0:00:15.065608
8040	2	6	4	0	0:00:15.100803
8060	6	4	4	0	0:00:15.163616
8080	4	6	6	0	0:00:15.091725
8100	6	2	2	0	0:00:15.033892
8120	8	9	9	0	0:00:15.143767
8140	5	4	4	0	0:00:15.062135
8160	6	9	6	0	0:00:15.057458
8180	4	4	4	1	0:00:15.116972
8200	3	7	4	0	0:00:15.088048
8220	6	7	2	0	0:00:15.082053
8240	7	7	4	1	0:00:15.218732
8260	1	3	3	0	0:00:15.136640
8280	4	-1	3	0	0:00:15.203961
8300	5	2	2	0	0:00:15.135998
8320	7	3	4	0	0:00:15.075598
8340	5	3	4	0	0:00:15.105139
8360	7	7	4	1	0:00:15.183004
8380	9	8	8	0	0:00:15.162756
8400	0	8	8	0	0:00:15.204687
8420	3	4	4	0	0:00:15.126955
8440	5	3	4	0	0:00:15.083609
8460	8	8	8	1	0:00:15.132644
8480	2	8	8	0	0:00:15.078924
8500	4	2	2	0	0:00:15.044336
8520	8	4	4	0	0:00:15.171891
8540	4	6	2	0	0:00:15.080839
8560	7	4	4	0	0:00:15.022502
8580	3	0	2	0	0:00:15.153494
8600	3	7	4	0	0:00:15.083438
8620	3	1	4	0	0:00:15.064894
8640	1	1	8	1	0:00:15.057399
8660	7	5	5	0	0:00:15.049538
8680	3	9	8	0	0:00:15.083705
8700	3	3	3	1	0:00:15.062419
8720	2	0	0	0	0:00:15.046060
8740	2	7	4	0	0:00:14.942339
8760	8	5	5	0	0:00:14.996840
8780	4	7	4	0	0:00:14.945115
8800	0	0	0	1	0:00:14.927104
8820	2	3	3	0	0:00:15.009519
8840	2	1	1	0	0:00:14.947412
8860	2	0	8	0	0:00:14.935112
8880	1	9	6	0	0:00:14.934854
8900	2	6	4	0	0:00:14.910514
8920	6	6	4	1	0:00:14.911146
8940	6	3	3	0	0:00:14.902984
8960	0	0	0	1	0:00:14.909744
8980	9	9	8	1	0:00:14.903041
9000	8	8	8	1	0:00:14.908902
9020	7	9	8	0	0:00:14.910113
9040	2	5	5	0	0:00:14.910870
9060	9	5	5	0	0:00:14.915093
9080	3	0	0	0	0:00:14.918896
9100	9	6	6	0	0:00:14.926672
9120	3	0	0	0	0:00:14.972925
9140	7	1	8	0	0:00:14.944219
9160	5	7	4	0	0:00:14.937597
9180	5	5	5	1	0:00:14.931923
9200	8	8	8	1	0:00:14.940294
9220	8	8	8	1	0:00:14.976693
9240	8	9	8	0	0:00:14.931102
9260	5	5	5	1	0:00:14.903857
9280	9	1	8	0	0:00:14.910269
9300	5	3	2	0	0:00:14.964709
9320	9	9	8	1	0:00:14.944168
9340	1	1	1	1	0:00:14.963506
9360	5	1	4	0	0:00:14.969844
9380	5	9	3	0	0:00:14.951312
9400	6	4	2	0	0:00:14.973588
9420	5	5	6	1	0:00:15.005787
9440	8	8	8	1	0:00:15.010830
9460	3	7	7	0	0:00:14.960627
9480	2	4	4	0	0:00:14.959197
9500	9	1	4	0	0:00:14.935752
9520	1	1	8	1	0:00:14.940311
9540	5	3	4	0	0:00:14.957952
9560	9	7	7	0	0:00:15.008020
9580	1	4	4	0	0:00:14.927384
9600	8	0	8	0	0:00:14.938154
9620	4	7	7	0	0:00:14.945931
9640	5	0	0	0	0:00:14.997390
9660	6	6	6	1	0:00:14.978581
9680	8	9	8	0	0:00:14.997875
9700	0	2	2	0	0:00:14.951663
9720	8	1	6	0	0:00:14.933297
9740	3	4	4	0	0:00:14.953900
9760	9	7	4	0	0:00:14.926557
9780	4	6	6	0	0:00:14.935477
9800	1	1	1	1	0:00:14.978628
9820	0	8	8	0	0:00:14.981905
9840	4	5	5	0	0:00:14.972882
9860	0	5	8	0	0:00:15.019159
9880	7	-1	4	0	0:00:14.937704
9900	8	0	6	0	0:00:14.968338
9920	6	4	2	0	0:00:14.936745
9940	4	5	6	0	0:00:14.943944
9960	2	0	0	0	0:00:14.960431
9980	0	0	0	1	0:00:14.978124
