idx	label	predict	basePredict	correct	time
0	3	-1	5	0	0:00:03.922166
20	7	1	9	0	0:00:03.550136
40	4	4	4	1	0:00:03.487261
60	7	7	7	1	0:00:03.602910
80	8	8	8	1	0:00:03.551471
100	4	5	5	0	0:00:03.579323
120	8	8	8	1	0:00:03.569844
140	6	6	2	1	0:00:03.558775
160	2	7	7	0	0:00:03.543544
180	0	0	0	1	0:00:03.563184
200	5	-1	3	0	0:00:03.520845
220	7	7	7	1	0:00:03.524985
240	1	1	1	1	0:00:03.572559
260	8	8	5	1	0:00:03.536757
280	9	9	9	1	0:00:03.505345
300	6	6	6	1	0:00:03.516052
320	3	5	5	0	0:00:03.503175
340	2	-1	4	0	0:00:03.549718
360	9	9	7	1	0:00:03.551022
380	6	6	8	1	0:00:03.710497
400	9	9	9	1	0:00:03.538348
420	4	4	3	1	0:00:03.510946
440	1	1	1	1	0:00:03.552409
460	5	5	5	1	0:00:03.510723
480	8	9	9	0	0:00:03.514639
500	4	6	6	0	0:00:03.584799
520	5	5	5	1	0:00:03.489815
540	1	1	1	1	0:00:03.479638
560	0	0	0	1	0:00:03.540224
580	4	4	4	1	0:00:03.530020
600	8	8	8	1	0:00:03.524242
620	7	7	7	1	0:00:03.529619
640	5	3	3	0	0:00:03.534549
660	9	9	9	1	0:00:03.554199
680	9	1	1	0	0:00:03.538108
700	7	7	7	1	0:00:03.539961
720	4	4	4	1	0:00:03.556627
740	2	5	5	0	0:00:03.533715
760	3	3	5	1	0:00:03.526416
780	9	9	9	1	0:00:03.509192
800	7	7	7	1	0:00:03.519425
820	6	1	1	0	0:00:03.525071
840	7	7	7	1	0:00:03.526440
860	4	4	4	1	0:00:03.549369
880	8	8	8	1	0:00:03.689524
900	2	6	6	0	0:00:03.553057
920	6	6	4	1	0:00:03.554061
940	9	9	9	1	0:00:03.566084
960	9	8	8	0	0:00:03.529648
980	2	6	2	0	0:00:03.535802
1000	5	5	5	1	0:00:03.389972
1020	1	1	1	1	0:00:03.454422
1040	7	5	5	0	0:00:03.436729
1060	9	9	9	1	0:00:03.465923
1080	6	2	2	0	0:00:03.445867
1100	7	7	8	1	0:00:03.433836
1120	5	2	2	0	0:00:03.450500
1140	6	-1	4	0	0:00:03.461179
1160	8	8	8	1	0:00:03.447358
1180	3	2	2	0	0:00:03.416042
1200	8	8	0	1	0:00:03.469622
1220	9	6	2	0	0:00:03.460886
1240	2	6	6	0	0:00:03.455418
1260	1	9	9	0	0:00:03.456074
1280	3	7	7	0	0:00:03.457160
1300	4	3	3	0	0:00:03.434706
1320	7	2	2	0	0:00:03.453364
1340	1	1	1	1	0:00:03.445098
1360	7	7	2	1	0:00:03.443650
1380	4	5	5	0	0:00:03.466047
1400	5	3	2	0	0:00:03.450352
1420	4	7	7	0	0:00:03.454771
1440	0	0	0	1	0:00:03.450746
1460	6	6	2	1	0:00:03.472225
1480	1	1	1	1	0:00:03.432728
1500	1	1	1	1	0:00:03.434956
1520	7	7	7	1	0:00:03.466299
1540	8	8	8	1	0:00:03.432859
1560	7	7	7	1	0:00:03.431067
1580	6	1	1	0	0:00:03.408891
1600	8	9	2	0	0:00:03.435866
1620	5	4	4	0	0:00:03.434408
1640	7	3	3	0	0:00:03.441665
1660	3	3	2	1	0:00:03.447538
1680	6	6	6	1	0:00:03.434808
1700	5	2	2	0	0:00:03.447297
1720	4	3	3	0	0:00:03.496105
1740	1	9	9	0	0:00:03.433918
1760	0	8	8	0	0:00:03.440830
1780	7	7	7	1	0:00:03.468617
1800	4	0	8	0	0:00:03.445028
1820	8	9	9	0	0:00:03.448864
1840	8	9	4	0	0:00:03.416100
1860	8	8	8	1	0:00:03.418992
1880	1	1	1	1	0:00:03.428118
1900	8	8	8	1	0:00:03.434124
1920	2	2	2	1	0:00:03.435197
1940	5	5	5	1	0:00:03.421502
1960	2	5	5	0	0:00:03.411989
1980	9	9	9	1	0:00:03.464684
2000	1	1	1	1	0:00:03.405882
2020	9	9	9	1	0:00:03.386395
2040	0	0	0	1	0:00:03.430321
2060	5	3	3	0	0:00:03.424266
2080	1	1	8	1	0:00:03.433038
2100	2	2	2	1	0:00:03.420427
2120	4	8	8	0	0:00:03.405678
2140	9	9	9	1	0:00:03.388283
2160	0	8	8	0	0:00:03.404584
2180	4	4	4	1	0:00:03.443554
2200	0	0	0	1	0:00:03.426850
2220	1	1	1	1	0:00:03.416192
2240	9	9	1	1	0:00:03.494111
2260	4	9	9	0	0:00:03.447352
2280	4	3	3	0	0:00:03.408349
2300	3	4	8	0	0:00:03.451612
2320	5	2	2	0	0:00:03.421134
2340	7	7	7	1	0:00:03.349462
2360	7	7	7	1	0:00:03.365149
2380	8	8	8	1	0:00:03.379890
2400	0	0	0	1	0:00:03.376680
2420	8	-1	5	0	0:00:03.391338
2440	7	7	7	1	0:00:03.431962
2460	9	3	0	0	0:00:03.412898
2480	8	8	8	1	0:00:03.413968
2500	4	2	2	0	0:00:03.479587
2520	1	8	8	0	0:00:03.425693
2540	2	3	3	0	0:00:03.428193
2560	7	7	7	1	0:00:03.430383
2580	6	6	3	1	0:00:03.424977
2600	8	8	8	1	0:00:03.409497
2620	1	1	1	1	0:00:03.396378
2640	7	7	7	1	0:00:03.408728
2660	3	2	2	0	0:00:03.410417
2680	0	0	0	1	0:00:03.408589
2700	9	1	1	0	0:00:03.443275
2720	3	2	2	0	0:00:03.431338
2740	1	1	1	1	0:00:03.415928
2760	2	2	2	1	0:00:03.475714
2780	7	7	7	1	0:00:03.417813
2800	4	4	6	1	0:00:03.419725
2820	6	6	6	1	0:00:03.442520
2840	3	3	3	1	0:00:03.434461
2860	5	7	7	0	0:00:03.472792
2880	4	4	4	1	0:00:03.455698
2900	3	5	5	0	0:00:03.466229
2920	2	2	2	1	0:00:03.481108
2940	3	0	0	0	0:00:03.451145
2960	9	9	8	1	0:00:03.472655
2980	8	8	8	1	0:00:03.460718
3000	5	5	5	1	0:00:03.468210
3020	1	1	1	1	0:00:03.500725
3040	7	7	7	1	0:00:03.447344
3060	7	7	7	1	0:00:03.424851
3080	1	1	1	1	0:00:03.451588
3100	0	0	0	1	0:00:03.442513
3120	4	6	0	0	0:00:03.454725
3140	8	8	8	1	0:00:03.436432
3160	6	2	2	0	0:00:03.464543
3180	3	3	3	1	0:00:03.449406
3200	5	5	5	1	0:00:03.459012
3220	3	9	9	0	0:00:03.438409
3240	4	0	0	0	0:00:03.458187
3260	7	7	7	1	0:00:03.451112
3280	3	5	5	0	0:00:03.463187
3300	4	2	2	0	0:00:03.397416
3320	2	7	7	0	0:00:03.399943
3340	6	6	2	1	0:00:03.438821
3360	4	4	2	1	0:00:03.398942
3380	8	8	8	1	0:00:03.395187
3400	6	7	7	0	0:00:03.406046
3420	5	7	7	0	0:00:03.366974
3440	2	-1	3	0	0:00:03.405973
3460	1	1	1	1	0:00:03.414458
3480	2	2	2	1	0:00:03.357140
3500	1	9	9	0	0:00:03.352775
3520	1	1	1	1	0:00:03.378091
3540	6	6	2	1	0:00:03.455368
3560	1	9	0	0	0:00:03.381673
3580	4	2	2	0	0:00:03.380383
3600	4	2	2	0	0:00:03.396439
3620	0	6	3	0	0:00:03.423246
3640	6	2	3	0	0:00:03.434643
3660	0	8	8	0	0:00:03.431826
3680	0	2	2	0	0:00:03.445205
3700	3	3	3	1	0:00:03.423389
3720	2	2	2	1	0:00:03.422085
3740	0	0	0	1	0:00:03.451275
3760	7	7	7	1	0:00:03.422915
3780	4	4	2	1	0:00:03.408135
3800	9	9	9	1	0:00:03.485743
3820	0	0	2	1	0:00:03.407069
3840	6	3	3	0	0:00:03.411085
3860	7	7	7	1	0:00:03.434963
3880	6	6	4	1	0:00:03.416061
3900	3	6	6	0	0:00:03.409056
3920	7	9	5	0	0:00:03.423565
3940	6	7	7	0	0:00:03.398999
3960	2	2	2	1	0:00:03.405416
3980	9	2	2	0	0:00:03.418324
4000	8	9	9	0	0:00:03.377781
4020	8	8	8	1	0:00:03.357899
4040	0	0	0	1	0:00:03.386427
4060	6	3	3	0	0:00:03.432116
4080	1	1	1	1	0:00:03.413029
4100	7	7	7	1	0:00:03.419773
4120	4	4	4	1	0:00:03.420045
4140	5	5	5	1	0:00:03.429559
4160	5	5	5	1	0:00:03.430969
4180	0	8	8	0	0:00:03.438520
4200	4	2	2	0	0:00:03.419086
4220	4	0	0	0	0:00:03.432044
4240	7	0	0	0	0:00:03.410351
4260	8	8	8	1	0:00:03.449782
4280	8	9	9	0	0:00:03.429662
4300	8	8	8	1	0:00:03.441114
4320	1	8	8	0	0:00:03.472554
4340	0	0	0	1	0:00:03.421296
4360	6	9	3	0	0:00:03.454368
4380	9	9	9	1	0:00:03.431485
4400	3	4	8	0	0:00:03.420929
4420	5	4	4	0	0:00:03.422202
4440	2	2	7	1	0:00:03.431422
4460	9	9	9	1	0:00:03.401626
4480	9	9	9	1	0:00:03.404557
4500	3	5	5	0	0:00:03.344454
4520	3	6	6	0	0:00:03.416038
4540	9	9	9	1	0:00:03.342197
4560	1	1	1	1	0:00:03.358799
4580	6	4	4	0	0:00:03.395480
4600	4	4	4	1	0:00:03.426504
4620	7	7	7	1	0:00:03.434871
4640	2	2	2	1	0:00:03.441892
4660	7	6	2	0	0:00:03.411716
4680	9	9	9	1	0:00:03.416205
4700	6	2	2	0	0:00:03.423179
4720	8	8	0	1	0:00:03.442046
4740	5	3	2	0	0:00:03.436790
4760	3	2	2	0	0:00:03.422595
4780	0	0	8	1	0:00:03.473264
4800	9	9	9	1	0:00:03.430131
4820	3	-1	5	0	0:00:03.425026
4840	0	0	0	1	0:00:03.436735
4860	5	5	5	1	0:00:03.407636
4880	0	7	8	0	0:00:03.365355
4900	3	3	0	1	0:00:03.421447
4920	7	7	7	1	0:00:03.416713
4940	6	6	2	1	0:00:03.424869
4960	4	4	3	1	0:00:03.427948
4980	1	9	9	0	0:00:03.435324
5000	7	7	7	1	0:00:03.419857
5020	8	8	8	1	0:00:03.409794
5040	3	3	3	1	0:00:03.452205
5060	6	6	2	1	0:00:03.433900
5080	7	7	7	1	0:00:03.396617
5100	3	3	3	1	0:00:03.420998
5120	9	9	8	1	0:00:03.403966
5140	8	8	8	1	0:00:03.391368
5160	0	0	8	1	0:00:03.382693
5180	9	7	7	0	0:00:03.383362
5200	3	3	3	1	0:00:03.385314
5220	0	0	0	1	0:00:03.400237
5240	1	9	9	0	0:00:03.418937
5260	0	0	0	1	0:00:03.381695
5280	0	8	8	0	0:00:03.396565
5300	9	9	9	1	0:00:03.439562
5320	7	7	7	1	0:00:03.403563
5340	3	4	7	0	0:00:03.388359
5360	9	9	9	1	0:00:03.393993
5380	1	9	9	0	0:00:03.350920
5400	9	9	9	1	0:00:03.373469
5420	6	6	6	1	0:00:03.365476
5440	9	9	9	1	0:00:03.336485
5460	0	0	0	1	0:00:03.345958
5480	1	1	1	1	0:00:03.367121
5500	8	1	8	0	0:00:03.412232
5520	4	2	2	0	0:00:03.372440
5540	5	6	4	0	0:00:03.363869
5560	3	6	5	0	0:00:03.389118
5580	5	3	3	0	0:00:03.363993
5600	6	3	0	0	0:00:03.380769
5620	3	2	2	0	0:00:03.386227
5640	2	3	3	0	0:00:03.381954
5660	9	9	1	1	0:00:03.369463
5680	2	3	3	0	0:00:03.377680
5700	3	0	0	0	0:00:03.418650
5720	9	9	9	1	0:00:03.359615
5740	6	4	4	0	0:00:03.343116
5760	2	2	8	1	0:00:03.405325
5780	7	7	7	1	0:00:03.397965
5800	2	2	2	1	0:00:03.395070
5820	5	-1	3	0	0:00:03.391922
5840	2	2	2	1	0:00:03.403232
5860	0	0	0	1	0:00:03.404527
5880	0	0	0	1	0:00:03.387438
5900	4	0	0	0	0:00:03.391583
5920	8	8	8	1	0:00:03.400768
5940	7	7	5	1	0:00:03.396463
5960	2	6	4	0	0:00:03.454775
5980	9	9	9	1	0:00:03.394810
6000	8	8	8	1	0:00:03.398379
6020	6	6	2	1	0:00:03.397626
6040	2	7	7	0	0:00:03.393445
6060	3	4	4	0	0:00:03.396573
6080	1	1	9	1	0:00:03.388682
6100	1	1	1	1	0:00:03.390918
6120	5	5	5	1	0:00:03.362980
6140	9	9	9	1	0:00:03.347661
6160	2	2	2	1	0:00:03.399170
6180	0	0	0	1	0:00:03.353748
6200	3	3	8	1	0:00:03.348641
6220	2	5	5	0	0:00:03.388917
6240	2	0	0	0	0:00:03.385044
6260	2	1	1	0	0:00:03.378984
6280	8	5	5	0	0:00:03.368073
6300	1	1	1	1	0:00:03.407874
6320	0	0	0	1	0:00:03.389352
6340	3	3	3	1	0:00:03.391203
6360	2	2	2	1	0:00:03.391109
6380	3	3	0	1	0:00:03.377407
6400	0	8	8	0	0:00:03.391118
6420	7	7	7	1	0:00:03.442182
6440	3	8	8	0	0:00:03.436057
6460	3	3	0	1	0:00:03.409059
6480	0	3	3	0	0:00:03.445541
6500	7	6	8	0	0:00:03.406907
6520	6	2	2	0	0:00:03.409552
6540	8	8	8	1	0:00:03.402704
6560	6	6	4	1	0:00:03.410654
6580	1	7	2	0	0:00:03.374482
6600	7	7	7	1	0:00:03.378380
6620	7	7	7	1	0:00:03.392269
6640	5	3	3	0	0:00:03.407630
6660	0	0	9	1	0:00:03.386516
6680	3	5	5	0	0:00:03.430299
6700	6	6	6	1	0:00:03.401632
6720	2	2	2	1	0:00:03.374799
6740	2	4	4	0	0:00:03.392069
6760	5	5	5	1	0:00:03.391377
6780	7	7	7	1	0:00:03.399541
6800	6	4	2	0	0:00:03.369268
6820	1	1	1	1	0:00:03.344781
6840	9	9	1	1	0:00:03.353722
6860	0	0	0	1	0:00:03.339327
6880	2	2	2	1	0:00:03.414419
6900	3	3	3	1	0:00:03.365127
6920	5	2	2	0	0:00:03.347785
6940	1	1	1	1	0:00:03.374288
6960	9	9	8	1	0:00:03.370272
6980	0	9	9	0	0:00:03.372338
7000	2	8	8	0	0:00:03.379476
7020	7	7	7	1	0:00:03.342178
7040	7	8	8	0	0:00:03.354241
7060	8	8	8	1	0:00:03.344655
7080	5	4	4	0	0:00:03.399177
7100	9	3	3	0	0:00:03.343311
7120	7	7	7	1	0:00:03.357289
7140	4	2	2	0	0:00:03.399714
7160	5	5	5	1	0:00:03.347352
7180	6	6	3	1	0:00:03.373460
7200	4	6	2	0	0:00:03.396505
7220	9	9	9	1	0:00:03.398810
7240	0	8	8	0	0:00:03.401463
7260	1	1	1	1	0:00:03.386612
7280	1	1	0	1	0:00:03.402102
7300	3	4	4	0	0:00:03.394927
7320	8	0	0	0	0:00:03.384709
7340	2	4	4	0	0:00:03.465865
7360	2	5	2	0	0:00:03.393999
7380	7	7	7	1	0:00:03.391798
7400	3	5	5	0	0:00:03.388168
7420	3	4	2	0	0:00:03.378547
7440	3	3	2	1	0:00:03.398247
7460	5	5	5	1	0:00:03.384665
7480	1	8	8	0	0:00:03.345431
7500	6	6	6	1	0:00:03.334610
7520	4	4	4	1	0:00:03.330261
7540	5	5	5	1	0:00:03.389078
7560	0	0	0	1	0:00:03.363505
7580	8	8	8	1	0:00:03.374807
7600	8	9	2	0	0:00:03.424651
7620	5	3	3	0	0:00:03.374733
7640	9	9	8	1	0:00:03.409553
7660	7	7	4	1	0:00:03.390881
7680	3	5	7	0	0:00:03.396337
7700	6	6	6	1	0:00:03.347952
7720	5	8	8	0	0:00:03.341353
7740	4	2	2	0	0:00:03.359941
7760	2	8	8	0	0:00:03.348598
7780	3	8	8	0	0:00:03.341391
7800	0	0	0	1	0:00:03.386686
7820	5	0	0	0	0:00:03.345576
7840	1	1	1	1	0:00:03.368107
7860	8	8	8	1	0:00:03.364121
7880	0	0	0	1	0:00:03.392854
7900	0	0	8	1	0:00:03.448555
7920	9	9	9	1	0:00:03.399417
7940	2	6	2	0	0:00:03.395144
7960	0	0	0	1	0:00:03.397701
7980	3	3	3	1	0:00:03.403835
8000	9	9	9	1	0:00:03.446882
8020	6	7	7	0	0:00:03.387264
8040	2	2	2	1	0:00:03.389811
8060	6	6	6	1	0:00:03.441743
8080	4	4	2	1	0:00:03.397841
8100	6	6	2	1	0:00:03.433209
8120	8	9	9	0	0:00:03.369657
8140	5	4	4	0	0:00:03.418448
8160	6	6	6	1	0:00:03.399045
8180	4	-1	4	0	0:00:03.419977
8200	3	0	0	0	0:00:03.387393
8220	6	7	5	0	0:00:03.378555
8240	7	7	7	1	0:00:03.413607
8260	1	1	1	1	0:00:03.452814
8280	4	3	5	0	0:00:03.403055
8300	5	2	2	0	0:00:03.408774
8320	7	7	3	1	0:00:03.398711
8340	5	5	5	1	0:00:03.407240
8360	7	7	7	1	0:00:03.415257
8380	9	9	9	1	0:00:03.401742
8400	0	8	8	0	0:00:03.410781
8420	3	6	4	0	0:00:03.368241
8440	5	3	3	0	0:00:03.405198
8460	8	8	8	1	0:00:03.403713
8480	2	2	2	1	0:00:03.387302
8500	4	4	4	1	0:00:03.398459
8520	8	1	8	0	0:00:03.414478
8540	4	4	2	1	0:00:03.403022
8560	7	7	7	1	0:00:03.380435
8580	3	9	9	0	0:00:03.382401
8600	3	5	0	0	0:00:03.411257
8620	3	4	4	0	0:00:03.370077
8640	1	1	1	1	0:00:03.384185
8660	7	7	7	1	0:00:03.374280
8680	3	2	2	0	0:00:03.364647
8700	3	3	3	1	0:00:03.369403
8720	2	0	0	0	0:00:03.427522
8740	2	4	4	0	0:00:03.366906
8760	8	8	8	1	0:00:03.371189
8780	4	4	0	1	0:00:03.367512
8800	0	0	0	1	0:00:03.389654
8820	2	2	2	1	0:00:03.356600
8840	2	5	5	0	0:00:03.368111
8860	2	2	2	1	0:00:03.369865
8880	1	1	1	1	0:00:03.378027
8900	2	4	4	0	0:00:03.387245
8920	6	6	6	1	0:00:03.414012
8940	6	3	3	0	0:00:03.389124
8960	0	0	0	1	0:00:03.419069
8980	9	9	9	1	0:00:03.457218
9000	8	8	8	1	0:00:03.387686
9020	7	7	7	1	0:00:03.382293
9040	2	5	5	0	0:00:03.388267
9060	9	9	5	1	0:00:03.383476
9080	3	2	2	0	0:00:03.401826
9100	9	1	1	0	0:00:03.364577
9120	3	0	2	0	0:00:03.384113
9140	7	7	7	1	0:00:03.394031
9160	5	5	5	1	0:00:03.403334
9180	5	5	5	1	0:00:03.400015
9200	8	8	8	1	0:00:03.349453
9220	8	8	8	1	0:00:03.339559
9240	8	8	8	1	0:00:03.391269
9260	5	5	5	1	0:00:03.344338
9280	9	8	8	0	0:00:03.344566
9300	5	2	2	0	0:00:03.384846
9320	9	9	9	1	0:00:03.357960
9340	1	1	1	1	0:00:03.342590
9360	5	0	0	0	0:00:03.362376
9380	5	3	3	0	0:00:03.411195
9400	6	6	4	1	0:00:03.349034
9420	5	5	5	1	0:00:03.348925
9440	8	8	8	1	0:00:03.413309
9460	3	7	7	0	0:00:03.353403
9480	2	4	4	0	0:00:03.359414
9500	9	9	9	1	0:00:03.350287
9520	1	1	1	1	0:00:03.394665
9540	5	5	5	1	0:00:03.356297
9560	9	7	8	0	0:00:03.357103
9580	1	1	1	1	0:00:03.368321
9600	8	8	8	1	0:00:03.376655
9620	4	4	4	1	0:00:03.373975
9640	5	5	5	1	0:00:03.415636
9660	6	6	6	1	0:00:03.372933
9680	8	8	8	1	0:00:03.384635
9700	0	0	8	1	0:00:03.389028
9720	8	8	8	1	0:00:03.386409
9740	3	6	2	0	0:00:03.397840
9760	9	7	7	0	0:00:03.397452
9780	4	6	6	0	0:00:03.373007
9800	1	1	1	1	0:00:03.363297
9820	0	8	8	0	0:00:03.378067
9840	4	5	3	0	0:00:03.449760
9860	0	0	8	1	0:00:03.397872
9880	7	3	3	0	0:00:03.380713
9900	8	8	8	1	0:00:03.433400
9920	6	6	6	1	0:00:03.410208
9940	4	4	5	1	0:00:03.369783
9960	2	0	0	0	0:00:03.406528
9980	0	0	0	1	0:00:03.425827
