idx	label	predict	basePredict	correct	time
0	3	6	6	0	0:00:05.103643
20	7	9	9	0	0:00:04.797087
40	4	8	8	0	0:00:04.790002
60	7	2	2	0	0:00:04.805264
80	8	8	8	1	0:00:04.798044
100	4	5	5	0	0:00:04.791195
120	8	8	8	1	0:00:04.796791
140	6	2	2	0	0:00:04.810264
160	2	0	0	0	0:00:04.794467
180	0	0	0	1	0:00:04.805985
200	5	3	3	0	0:00:04.790998
220	7	7	7	1	0:00:04.794906
240	1	1	1	1	0:00:04.792192
260	8	5	5	0	0:00:04.793812
280	9	9	9	1	0:00:04.837012
300	6	4	4	0	0:00:04.791573
320	3	4	4	0	0:00:04.828048
340	2	4	4	0	0:00:04.810422
360	9	6	6	0	0:00:04.797902
380	6	6	6	1	0:00:04.791665
400	9	9	9	1	0:00:04.810583
420	4	6	6	0	0:00:04.812031
440	1	1	1	1	0:00:04.808003
460	5	5	5	1	0:00:04.852194
480	8	9	9	0	0:00:04.809248
500	4	6	6	0	0:00:04.820661
520	5	-1	5	0	0:00:04.807233
540	1	8	8	0	0:00:04.818742
560	0	0	0	1	0:00:04.811287
580	4	6	6	0	0:00:04.802811
600	8	8	8	1	0:00:04.806152
620	7	6	6	0	0:00:04.810767
640	5	6	6	0	0:00:04.810056
660	9	9	9	1	0:00:04.814574
680	9	9	9	1	0:00:04.803892
700	7	7	7	1	0:00:04.821232
720	4	9	9	0	0:00:04.813801
740	2	5	5	0	0:00:04.805477
760	3	9	9	0	0:00:04.803564
780	9	-1	0	0	0:00:04.814876
800	7	7	7	1	0:00:04.809305
820	6	9	9	0	0:00:04.804542
840	7	7	7	1	0:00:04.795496
860	4	6	6	0	0:00:04.801621
880	8	8	8	1	0:00:04.801967
900	2	6	6	0	0:00:04.793270
920	6	2	2	0	0:00:04.796621
940	9	1	6	0	0:00:04.796962
960	9	9	9	1	0:00:04.795876
980	2	6	6	0	0:00:04.790923
1000	5	5	5	1	0:00:04.710688
1020	1	8	8	0	0:00:04.713428
1040	7	5	5	0	0:00:04.715988
1060	9	-1	8	0	0:00:04.709263
1080	6	6	6	1	0:00:04.709622
1100	7	8	8	0	0:00:04.714636
1120	5	2	8	0	0:00:04.709731
1140	6	-1	6	0	0:00:04.707703
1160	8	0	0	0	0:00:04.711948
1180	3	9	9	0	0:00:04.708299
1200	8	0	0	0	0:00:04.716187
1220	9	-1	2	0	0:00:04.710622
1240	2	6	6	0	0:00:04.706829
1260	1	9	9	0	0:00:04.713378
1280	3	7	7	0	0:00:04.713680
1300	4	6	6	0	0:00:04.707138
1320	7	0	0	0	0:00:04.709988
1340	1	1	1	1	0:00:04.712195
1360	7	9	5	0	0:00:04.715225
1380	4	5	5	0	0:00:04.712083
1400	5	4	2	0	0:00:04.715944
1420	4	7	7	0	0:00:04.715765
1440	0	8	8	0	0:00:04.712827
1460	6	6	6	1	0:00:04.707824
1480	1	5	5	0	0:00:04.712490
1500	1	9	9	0	0:00:04.710707
1520	7	6	6	0	0:00:04.713578
1540	8	8	8	1	0:00:04.711071
1560	7	7	7	1	0:00:04.716017
1580	6	1	1	0	0:00:04.713029
1600	8	9	6	0	0:00:04.709230
1620	5	8	8	0	0:00:04.716734
1640	7	5	5	0	0:00:04.711710
1660	3	5	5	0	0:00:04.713449
1680	6	6	6	1	0:00:04.718123
1700	5	2	2	0	0:00:04.725255
1720	4	0	0	0	0:00:04.720004
1740	1	9	9	0	0:00:04.718634
1760	0	8	8	0	0:00:04.722462
1780	7	8	8	0	0:00:04.716643
1800	4	8	8	0	0:00:04.722908
1820	8	9	9	0	0:00:04.719845
1840	8	7	7	0	0:00:04.722390
1860	8	8	8	1	0:00:04.717109
1880	1	1	8	1	0:00:04.717086
1900	8	8	8	1	0:00:04.720766
1920	2	7	4	0	0:00:04.720951
1940	5	2	2	0	0:00:04.719356
1960	2	5	5	0	0:00:04.723184
1980	9	9	9	1	0:00:04.720683
2000	1	6	6	0	0:00:04.719965
2020	9	9	9	1	0:00:04.720813
2040	0	8	8	0	0:00:04.718323
2060	5	5	5	1	0:00:04.717257
2080	1	-1	6	0	0:00:04.711499
2100	2	4	4	0	0:00:04.709881
2120	4	8	8	0	0:00:04.709226
2140	9	9	1	1	0:00:04.711336
2160	0	8	8	0	0:00:04.709426
2180	4	6	6	0	0:00:04.708338
2200	0	0	0	1	0:00:04.711434
2220	1	1	1	1	0:00:04.710641
2240	9	9	9	1	0:00:04.711010
2260	4	1	4	0	0:00:04.715250
2280	4	8	8	0	0:00:04.710426
2300	3	6	6	0	0:00:04.710140
2320	5	8	8	0	0:00:04.715392
2340	7	7	7	1	0:00:04.709748
2360	7	7	7	1	0:00:04.716660
2380	8	8	8	1	0:00:04.710776
2400	0	0	0	1	0:00:04.711036
2420	8	5	5	0	0:00:04.710383
2440	7	1	1	0	0:00:04.708944
2460	9	6	6	0	0:00:04.711186
2480	8	8	8	1	0:00:04.709291
2500	4	6	4	0	0:00:04.712176
2520	1	8	8	0	0:00:04.710991
2540	2	3	3	0	0:00:04.714970
2560	7	4	4	0	0:00:04.715599
2580	6	4	4	0	0:00:04.715679
2600	8	8	8	1	0:00:04.713447
2620	1	6	6	0	0:00:04.711792
2640	7	7	7	1	0:00:04.715409
2660	3	0	0	0	0:00:04.713401
2680	0	0	0	1	0:00:04.714805
2700	9	9	0	1	0:00:04.715655
2720	3	8	8	0	0:00:04.716938
2740	1	1	1	1	0:00:04.712651
2760	2	6	6	0	0:00:04.712160
2780	7	7	7	1	0:00:04.713637
2800	4	6	6	0	0:00:04.719980
2820	6	6	6	1	0:00:04.712337
2840	3	3	3	1	0:00:04.712372
2860	5	7	7	0	0:00:04.714653
2880	4	4	4	1	0:00:04.716664
2900	3	5	5	0	0:00:04.712871
2920	2	-1	8	0	0:00:04.714604
2940	3	8	8	0	0:00:04.712187
2960	9	7	7	0	0:00:04.722986
2980	8	1	1	0	0:00:04.719377
3000	5	5	5	1	0:00:04.721966
3020	1	1	1	1	0:00:04.726597
3040	7	7	7	1	0:00:04.725191
3060	7	7	7	1	0:00:04.725567
3080	1	2	2	0	0:00:04.724991
3100	0	0	0	1	0:00:04.724902
3120	4	6	6	0	0:00:04.721364
3140	8	8	8	1	0:00:04.724075
3160	6	4	4	0	0:00:04.723942
3180	3	9	8	0	0:00:04.724772
3200	5	7	7	0	0:00:04.723889
3220	3	9	9	0	0:00:04.722726
3240	4	1	8	0	0:00:04.724593
3260	7	0	0	0	0:00:04.724689
3280	3	0	0	0	0:00:04.722606
3300	4	4	4	1	0:00:04.722388
3320	2	7	7	0	0:00:04.724712
3340	6	4	4	0	0:00:04.712754
3360	4	6	6	0	0:00:04.710245
3380	8	9	8	0	0:00:04.716758
3400	6	4	4	0	0:00:04.712140
3420	5	6	6	0	0:00:04.709378
3440	2	9	9	0	0:00:04.713948
3460	1	1	1	1	0:00:04.711416
3480	2	2	2	1	0:00:04.710726
3500	1	1	4	1	0:00:04.712064
3520	1	1	1	1	0:00:04.713060
3540	6	8	8	0	0:00:04.714742
3560	1	9	9	0	0:00:04.713472
3580	4	1	1	0	0:00:04.713264
3600	4	2	2	0	0:00:04.712609
3620	0	7	7	0	0:00:04.713951
3640	6	2	2	0	0:00:04.714017
3660	0	8	8	0	0:00:04.711839
3680	0	-1	2	0	0:00:04.713336
3700	3	4	4	0	0:00:04.714466
3720	2	2	2	1	0:00:04.715704
3740	0	0	0	1	0:00:04.714605
3760	7	7	7	1	0:00:04.714768
3780	4	-1	2	0	0:00:04.712822
3800	9	9	3	1	0:00:04.712170
3820	0	0	0	1	0:00:04.715072
3840	6	8	8	0	0:00:04.711646
3860	7	7	7	1	0:00:04.713110
3880	6	4	4	0	0:00:04.709845
3900	3	0	0	0	0:00:04.711344
3920	7	8	8	0	0:00:04.713691
3940	6	-1	6	0	0:00:04.713617
3960	2	5	5	0	0:00:04.715274
3980	9	7	7	0	0:00:04.712217
4000	8	7	7	0	0:00:04.715726
4020	8	9	8	0	0:00:04.711315
4040	0	0	0	1	0:00:04.714315
4060	6	0	0	0	0:00:04.711767
4080	1	8	8	0	0:00:04.716269
4100	7	7	7	1	0:00:04.716036
4120	4	0	0	0	0:00:04.710231
4140	5	2	2	0	0:00:04.717295
4160	5	2	2	0	0:00:04.718881
4180	0	-1	8	0	0:00:04.718132
4200	4	2	2	0	0:00:04.713141
4220	4	0	0	0	0:00:04.716465
4240	7	8	8	0	0:00:04.721209
4260	8	-1	8	0	0:00:04.723068
4280	8	-1	8	0	0:00:04.723843
4300	8	8	8	1	0:00:04.719079
4320	1	8	8	0	0:00:04.720708
4340	0	0	0	1	0:00:04.719355
4360	6	9	9	0	0:00:04.722393
4380	9	9	9	1	0:00:04.722935
4400	3	8	8	0	0:00:04.719936
4420	5	8	8	0	0:00:04.720299
4440	2	6	6	0	0:00:04.716804
4460	9	8	8	0	0:00:04.720997
4480	9	6	6	0	0:00:04.717544
4500	3	7	7	0	0:00:04.721440
4520	3	6	6	0	0:00:04.723937
4540	9	9	9	1	0:00:04.717984
4560	1	1	6	1	0:00:04.726330
4580	6	6	6	1	0:00:04.716440
4600	4	7	7	0	0:00:04.719772
4620	7	3	3	0	0:00:04.714119
4640	2	5	5	0	0:00:04.713744
4660	7	2	2	0	0:00:04.711325
4680	9	1	1	0	0:00:04.712313
4700	6	1	1	0	0:00:04.716857
4720	8	0	0	0	0:00:04.713048
4740	5	6	6	0	0:00:04.713155
4760	3	2	2	0	0:00:04.715544
4780	0	8	0	0	0:00:04.715128
4800	9	9	9	1	0:00:04.713134
4820	3	5	5	0	0:00:04.711149
4840	0	0	0	1	0:00:04.715003
4860	5	5	5	1	0:00:04.711354
4880	0	2	2	0	0:00:04.714445
4900	3	1	1	0	0:00:04.713726
4920	7	0	0	0	0:00:04.712989
4940	6	4	2	0	0:00:04.712021
4960	4	6	6	0	0:00:04.709504
4980	1	9	9	0	0:00:04.711624
5000	7	7	7	1	0:00:04.709912
5020	8	1	1	0	0:00:04.714206
5040	3	7	7	0	0:00:04.710605
5060	6	6	6	1	0:00:04.712203
5080	7	7	7	1	0:00:04.708801
5100	3	4	4	0	0:00:04.717006
5120	9	8	8	0	0:00:04.713201
5140	8	8	8	1	0:00:04.711125
5160	0	8	8	0	0:00:04.712826
5180	9	6	6	0	0:00:04.713282
5200	3	3	3	1	0:00:04.710480
5220	0	0	0	1	0:00:04.708237
5240	1	9	3	0	0:00:04.711440
5260	0	0	0	1	0:00:04.711495
5280	0	8	8	0	0:00:04.714468
5300	9	1	1	0	0:00:04.711722
5320	7	7	7	1	0:00:04.716657
5340	3	4	4	0	0:00:04.714833
5360	9	9	9	1	0:00:04.714826
5380	1	9	9	0	0:00:04.708531
5400	9	0	8	0	0:00:04.713162
5420	6	-1	6	0	0:00:04.710675
5440	9	9	9	1	0:00:04.713227
5460	0	7	7	0	0:00:04.714314
5480	1	8	8	0	0:00:04.710590
5500	8	1	1	0	0:00:04.719265
5520	4	5	5	0	0:00:04.719704
5540	5	6	2	0	0:00:04.722139
5560	3	6	6	0	0:00:04.719619
5580	5	6	6	0	0:00:04.721899
5600	6	8	8	0	0:00:04.718093
5620	3	2	2	0	0:00:04.721032
5640	2	3	3	0	0:00:04.722577
5660	9	9	8	1	0:00:04.719261
5680	2	8	8	0	0:00:04.722806
5700	3	6	6	0	0:00:04.721594
5720	9	9	9	1	0:00:04.719385
5740	6	6	6	1	0:00:04.721795
5760	2	2	2	1	0:00:04.722900
5780	7	7	7	1	0:00:04.721374
5800	2	6	6	0	0:00:04.723089
5820	5	6	6	0	0:00:04.723726
5840	2	6	6	0	0:00:04.720053
5860	0	8	8	0	0:00:04.728499
5880	0	8	8	0	0:00:04.714903
5900	4	5	5	0	0:00:04.710940
5920	8	8	8	1	0:00:04.711607
5940	7	4	4	0	0:00:04.714468
5960	2	7	7	0	0:00:04.712897
5980	9	9	9	1	0:00:04.713304
6000	8	9	9	0	0:00:04.714557
6020	6	7	6	0	0:00:04.714877
6040	2	7	7	0	0:00:04.716550
6060	3	4	4	0	0:00:04.713828
6080	1	9	6	0	0:00:04.713228
6100	1	1	8	1	0:00:04.715263
6120	5	5	5	1	0:00:04.715612
6140	9	9	9	1	0:00:04.715032
6160	2	-1	5	0	0:00:04.714792
6180	0	9	8	0	0:00:04.709801
6200	3	-1	0	0	0:00:04.715369
6220	2	6	6	0	0:00:04.709145
6240	2	1	6	0	0:00:04.716660
6260	2	9	9	0	0:00:04.710053
6280	8	5	5	0	0:00:04.713565
6300	1	7	7	0	0:00:04.715235
6320	0	0	0	1	0:00:04.712635
6340	3	8	8	0	0:00:04.714429
6360	2	6	2	0	0:00:04.715704
6380	3	1	1	0	0:00:04.714710
6400	0	1	1	0	0:00:04.711588
6420	7	8	8	0	0:00:04.714659
6440	3	8	8	0	0:00:04.712306
6460	3	1	1	0	0:00:04.711583
6480	0	5	0	0	0:00:04.711117
6500	7	0	0	0	0:00:04.711463
6520	6	4	4	0	0:00:04.713359
6540	8	8	8	1	0:00:04.711969
6560	6	6	6	1	0:00:04.715702
6580	1	-1	2	0	0:00:04.713122
6600	7	7	7	1	0:00:04.712847
6620	7	7	7	1	0:00:04.711652
6640	5	8	8	0	0:00:04.715767
6660	0	8	8	0	0:00:04.716621
6680	3	5	5	0	0:00:04.713139
6700	6	6	6	1	0:00:04.716079
6720	2	2	2	1	0:00:04.712604
6740	2	6	6	0	0:00:04.712665
6760	5	2	2	0	0:00:04.715728
6780	7	7	7	1	0:00:04.721668
6800	6	6	6	1	0:00:04.721510
6820	1	1	1	1	0:00:04.723908
6840	9	1	1	0	0:00:04.721629
6860	0	0	0	1	0:00:04.722967
6880	2	-1	4	0	0:00:04.720862
6900	3	7	7	0	0:00:04.720670
6920	5	2	2	0	0:00:04.719383
6940	1	1	1	1	0:00:04.720454
6960	9	8	8	0	0:00:04.718529
6980	0	9	9	0	0:00:04.721719
7000	2	8	8	0	0:00:04.723090
7020	7	1	1	0	0:00:04.722295
7040	7	8	8	0	0:00:04.718916
7060	8	8	8	1	0:00:04.719158
7080	5	4	4	0	0:00:04.724436
7100	9	3	3	0	0:00:04.719244
7120	7	-1	6	0	0:00:04.721242
7140	4	4	4	1	0:00:04.722614
7160	5	4	4	0	0:00:04.713478
7180	6	6	6	1	0:00:04.710845
7200	4	6	6	0	0:00:04.713915
7220	9	8	8	0	0:00:04.718516
7240	0	8	8	0	0:00:04.711255
7260	1	8	8	0	0:00:04.716167
7280	1	6	6	0	0:00:04.710333
7300	3	7	7	0	0:00:04.712016
7320	8	0	0	0	0:00:04.713508
7340	2	4	4	0	0:00:04.711611
7360	2	7	7	0	0:00:04.714693
7380	7	1	7	0	0:00:04.711812
7400	3	9	9	0	0:00:04.717483
7420	3	0	0	0	0:00:04.711984
7440	3	6	6	0	0:00:04.714832
7460	5	5	5	1	0:00:04.713486
7480	1	5	5	0	0:00:04.712932
7500	6	6	6	1	0:00:04.716674
7520	4	6	6	0	0:00:04.710949
7540	5	5	5	1	0:00:04.714831
7560	0	6	2	0	0:00:04.713041
7580	8	8	8	1	0:00:04.711769
7600	8	9	9	0	0:00:04.710660
7620	5	1	1	0	0:00:04.711685
7640	9	9	8	1	0:00:04.713384
7660	7	9	9	0	0:00:04.714713
7680	3	9	9	0	0:00:04.712627
7700	6	6	6	1	0:00:04.708749
7720	5	6	6	0	0:00:04.709802
7740	4	6	2	0	0:00:04.713664
7760	2	9	9	0	0:00:04.715605
7780	3	8	8	0	0:00:04.713486
7800	0	0	0	1	0:00:04.712918
7820	5	8	8	0	0:00:04.714498
7840	1	1	1	1	0:00:04.710196
7860	8	4	4	0	0:00:04.713675
7880	0	8	8	0	0:00:04.712509
7900	0	8	8	0	0:00:04.712562
7920	9	8	8	0	0:00:04.717880
7940	2	6	6	0	0:00:04.708194
7960	0	0	0	1	0:00:04.722635
7980	3	7	4	0	0:00:04.713388
8000	9	9	8	1	0:00:04.715125
8020	6	6	6	1	0:00:04.714449
8040	2	6	6	0	0:00:04.715640
8060	6	-1	6	0	0:00:04.722312
8080	4	6	6	0	0:00:04.718820
8100	6	2	2	0	0:00:04.726389
8120	8	9	9	0	0:00:04.721030
8140	5	6	6	0	0:00:04.723021
8160	6	9	9	0	0:00:04.723511
8180	4	6	6	0	0:00:04.717637
8200	3	6	6	0	0:00:04.724622
8220	6	7	6	0	0:00:04.719806
8240	7	7	7	1	0:00:04.722468
8260	1	1	1	1	0:00:04.722944
8280	4	1	1	0	0:00:04.724357
8300	5	2	2	0	0:00:04.721428
8320	7	4	4	0	0:00:04.719490
8340	5	4	4	0	0:00:04.720345
8360	7	4	4	0	0:00:04.719670
8380	9	8	8	0	0:00:04.719838
8400	0	8	8	0	0:00:04.720578
8420	3	6	4	0	0:00:04.719156
8440	5	9	9	0	0:00:04.712905
8460	8	8	8	1	0:00:04.711179
8480	2	1	1	0	0:00:04.713221
8500	4	2	2	0	0:00:04.710657
8520	8	6	6	0	0:00:04.711684
8540	4	6	4	0	0:00:04.713263
8560	7	7	7	1	0:00:04.709352
8580	3	0	0	0	0:00:04.711131
8600	3	7	7	0	0:00:04.708016
8620	3	1	4	0	0:00:04.709855
8640	1	1	1	1	0:00:04.710921
8660	7	5	5	0	0:00:04.716390
8680	3	9	9	0	0:00:04.714016
8700	3	5	5	0	0:00:04.716566
8720	2	0	0	0	0:00:04.711806
8740	2	6	6	0	0:00:04.707105
8760	8	8	8	1	0:00:04.713383
8780	4	4	4	1	0:00:04.710384
8800	0	0	0	1	0:00:04.709152
8820	2	2	2	1	0:00:04.710288
8840	2	1	1	0	0:00:04.709416
8860	2	0	0	0	0:00:04.712408
8880	1	6	6	0	0:00:04.709085
8900	2	1	6	0	0:00:04.714764
8920	6	6	6	1	0:00:04.710339
8940	6	3	3	0	0:00:04.711886
8960	0	0	0	1	0:00:04.706777
8980	9	9	9	1	0:00:04.714979
9000	8	8	8	1	0:00:04.712690
9020	7	9	9	0	0:00:04.715022
9040	2	5	5	0	0:00:04.712334
9060	9	5	5	0	0:00:04.709591
9080	3	0	0	0	0:00:04.715461
9100	9	6	6	0	0:00:04.713799
9120	3	0	0	0	0:00:04.717011
9140	7	8	8	0	0:00:04.713271
9160	5	5	5	1	0:00:04.715423
9180	5	5	5	1	0:00:04.716635
9200	8	8	8	1	0:00:04.712897
9220	8	8	8	1	0:00:04.713631
9240	8	8	8	1	0:00:04.712846
9260	5	5	5	1	0:00:04.717351
9280	9	0	8	0	0:00:04.713948
9300	5	-1	6	0	0:00:04.714216
9320	9	-1	8	0	0:00:04.719682
9340	1	1	1	1	0:00:04.723565
9360	5	6	6	0	0:00:04.721742
9380	5	5	5	1	0:00:04.722523
9400	6	6	4	1	0:00:04.723485
9420	5	6	6	0	0:00:04.723577
9440	8	8	8	1	0:00:04.723187
9460	3	-1	7	0	0:00:04.722610
9480	2	-1	6	0	0:00:04.716594
9500	9	-1	6	0	0:00:04.722446
9520	1	9	9	0	0:00:04.723482
9540	5	4	4	0	0:00:04.723181
9560	9	7	7	0	0:00:04.721520
9580	1	4	4	0	0:00:04.719809
9600	8	8	8	1	0:00:04.721859
9620	4	7	7	0	0:00:04.721040
9640	5	6	6	0	0:00:04.721381
9660	6	6	6	1	0:00:04.721976
9680	8	9	9	0	0:00:04.721107
9700	0	0	0	1	0:00:04.713486
9720	8	6	6	0	0:00:04.707391
9740	3	6	6	0	0:00:04.717900
9760	9	9	9	1	0:00:04.712199
9780	4	6	6	0	0:00:04.711822
9800	1	1	1	1	0:00:04.711523
9820	0	9	8	0	0:00:04.717294
9840	4	3	3	0	0:00:04.713503
9860	0	2	2	0	0:00:04.713251
9880	7	7	4	1	0:00:04.711461
9900	8	0	0	0	0:00:04.714950
9920	6	6	6	1	0:00:04.711571
9940	4	7	7	0	0:00:04.714870
9960	2	0	0	0	0:00:04.714153
9980	0	0	0	1	0:00:04.713822
