idx	label	predict	basePredict	correct	time
0	3	3	3	1	0:00:01.684438
20	7	1	1	0	0:00:01.445115
40	4	4	4	1	0:00:01.476065
60	7	7	7	1	0:00:01.459077
80	8	8	8	1	0:00:01.477893
100	4	5	5	0	0:00:01.470577
120	8	8	8	1	0:00:01.476562
140	6	6	6	1	0:00:01.458703
160	2	2	2	1	0:00:01.482028
180	0	0	0	1	0:00:01.455319
200	5	5	5	1	0:00:01.455612
220	7	5	5	0	0:00:01.464430
240	1	1	1	1	0:00:01.443576
260	8	8	8	1	0:00:01.450900
280	9	9	9	1	0:00:01.468826
300	6	6	6	1	0:00:01.460045
320	3	3	3	1	0:00:01.456519
340	2	-1	2	0	0:00:01.449619
360	9	9	9	1	0:00:01.431101
380	6	6	6	1	0:00:01.404638
400	9	9	9	1	0:00:01.434763
420	4	4	4	1	0:00:01.470948
440	1	1	1	1	0:00:01.406763
460	5	5	5	1	0:00:01.464199
480	8	8	8	1	0:00:01.451684
500	4	6	6	0	0:00:01.449646
520	5	5	5	1	0:00:01.449534
540	1	1	1	1	0:00:01.485717
560	0	0	0	1	0:00:01.476487
580	4	4	4	1	0:00:01.437490
600	8	8	8	1	0:00:01.424632
620	7	7	7	1	0:00:01.417542
640	5	3	3	0	0:00:01.399835
660	9	9	9	1	0:00:01.445950
680	9	1	1	0	0:00:01.405971
700	7	7	7	1	0:00:01.429996
720	4	4	4	1	0:00:01.445656
740	2	3	2	0	0:00:01.430080
760	3	3	3	1	0:00:01.443676
780	9	9	9	1	0:00:01.451476
800	7	7	7	1	0:00:01.453176
820	6	6	5	1	0:00:01.461482
840	7	7	7	1	0:00:01.489124
860	4	4	4	1	0:00:01.484736
880	8	8	8	1	0:00:01.464015
900	2	6	6	0	0:00:01.470288
920	6	4	4	0	0:00:01.447295
940	9	9	9	1	0:00:01.451381
960	9	-1	3	0	0:00:01.454715
980	2	-1	2	0	0:00:01.460366
1000	5	5	5	1	0:00:01.372847
1020	1	1	1	1	0:00:01.359663
1040	7	3	3	0	0:00:01.357363
1060	9	9	9	1	0:00:01.369578
1080	6	6	2	1	0:00:01.366894
1100	7	7	7	1	0:00:01.330140
1120	5	2	2	0	0:00:01.354457
1140	6	6	6	1	0:00:01.355486
1160	8	8	8	1	0:00:01.372126
1180	3	3	3	1	0:00:01.361983
1200	8	8	8	1	0:00:01.360639
1220	9	3	3	0	0:00:01.358063
1240	2	2	2	1	0:00:01.360191
1260	1	9	9	0	0:00:01.370559
1280	3	5	5	0	0:00:01.360029
1300	4	3	3	0	0:00:01.361711
1320	7	7	7	1	0:00:01.370533
1340	1	1	1	1	0:00:01.367496
1360	7	7	7	1	0:00:01.370353
1380	4	4	4	1	0:00:01.375755
1400	5	5	5	1	0:00:01.372558
1420	4	4	7	1	0:00:01.351441
1440	0	-1	2	0	0:00:01.372608
1460	6	6	6	1	0:00:01.363454
1480	1	1	1	1	0:00:01.314106
1500	1	1	1	1	0:00:01.313354
1520	7	7	7	1	0:00:01.316978
1540	8	8	8	1	0:00:01.345130
1560	7	7	7	1	0:00:01.363344
1580	6	6	3	1	0:00:01.370586
1600	8	9	9	0	0:00:01.364356
1620	5	4	4	0	0:00:01.379754
1640	7	7	7	1	0:00:01.341184
1660	3	3	3	1	0:00:01.350000
1680	6	6	6	1	0:00:01.336661
1700	5	3	3	0	0:00:01.343876
1720	4	4	3	1	0:00:01.334228
1740	1	1	1	1	0:00:01.328892
1760	0	0	0	1	0:00:01.364758
1780	7	7	7	1	0:00:01.375660
1800	4	4	4	1	0:00:01.379954
1820	8	8	8	1	0:00:01.361562
1840	8	4	4	0	0:00:01.369858
1860	8	8	8	1	0:00:01.351162
1880	1	1	1	1	0:00:01.359467
1900	8	8	8	1	0:00:01.364838
1920	2	2	2	1	0:00:01.360661
1940	5	5	2	1	0:00:01.378329
1960	2	5	5	0	0:00:01.366726
1980	9	9	9	1	0:00:01.375229
2000	1	1	1	1	0:00:01.376473
2020	9	9	9	1	0:00:01.366338
2040	0	0	0	1	0:00:01.356765
2060	5	3	3	0	0:00:01.356728
2080	1	1	1	1	0:00:01.372504
2100	2	2	2	1	0:00:01.372702
2120	4	8	8	0	0:00:01.360343
2140	9	9	9	1	0:00:01.383272
2160	0	0	0	1	0:00:01.358023
2180	4	4	4	1	0:00:01.351822
2200	0	0	0	1	0:00:01.379812
2220	1	1	1	1	0:00:01.339318
2240	9	9	9	1	0:00:01.396698
2260	4	4	4	1	0:00:01.337080
2280	4	2	2	0	0:00:01.363949
2300	3	-1	2	0	0:00:01.379960
2320	5	3	3	0	0:00:01.338197
2340	7	7	7	1	0:00:01.378300
2360	7	7	7	1	0:00:01.373256
2380	8	1	1	0	0:00:01.361181
2400	0	0	0	1	0:00:01.386837
2420	8	7	7	0	0:00:01.349336
2440	7	7	7	1	0:00:01.343644
2460	9	9	9	1	0:00:01.382807
2480	8	8	8	1	0:00:01.341375
2500	4	-1	2	0	0:00:01.380988
2520	1	0	0	0	0:00:01.367324
2540	2	2	2	1	0:00:01.339471
2560	7	7	7	1	0:00:01.349713
2580	6	6	6	1	0:00:01.361407
2600	8	8	8	1	0:00:01.377272
2620	1	1	1	1	0:00:01.376802
2640	7	7	7	1	0:00:01.359979
2660	3	3	3	1	0:00:01.379505
2680	0	0	0	1	0:00:01.361075
2700	9	1	1	0	0:00:01.386667
2720	3	3	3	1	0:00:01.363097
2740	1	1	1	1	0:00:01.369417
2760	2	2	2	1	0:00:01.363897
2780	7	7	7	1	0:00:01.368777
2800	4	4	4	1	0:00:01.369846
2820	6	6	6	1	0:00:01.354357
2840	3	3	3	1	0:00:01.340616
2860	5	-1	5	0	0:00:01.372123
2880	4	4	4	1	0:00:01.357647
2900	3	2	2	0	0:00:01.362014
2920	2	2	2	1	0:00:01.372049
2940	3	0	0	0	0:00:01.374250
2960	9	0	0	0	0:00:01.366370
2980	8	8	8	1	0:00:01.345514
3000	5	5	5	1	0:00:01.392990
3020	1	1	1	1	0:00:01.369865
3040	7	7	7	1	0:00:01.367720
3060	7	7	7	1	0:00:01.377196
3080	1	1	1	1	0:00:01.363694
3100	0	0	0	1	0:00:01.368897
3120	4	4	4	1	0:00:01.359399
3140	8	8	8	1	0:00:01.363948
3160	6	2	2	0	0:00:01.392205
3180	3	6	3	0	0:00:01.344604
3200	5	5	5	1	0:00:01.363020
3220	3	-1	3	0	0:00:01.346045
3240	4	1	1	0	0:00:01.357813
3260	7	7	7	1	0:00:01.387345
3280	3	3	3	1	0:00:01.381144
3300	4	4	4	1	0:00:01.378605
3320	2	2	2	1	0:00:01.381791
3340	6	6	6	1	0:00:01.331114
3360	4	4	4	1	0:00:01.377752
3380	8	8	8	1	0:00:01.381793
3400	6	4	4	0	0:00:01.380503
3420	5	3	3	0	0:00:01.389485
3440	2	3	3	0	0:00:01.359864
3460	1	1	1	1	0:00:01.392188
3480	2	2	2	1	0:00:01.390984
3500	1	9	9	0	0:00:01.383448
3520	1	1	1	1	0:00:01.353319
3540	6	6	3	1	0:00:01.357103
3560	1	9	9	0	0:00:01.372497
3580	4	4	4	1	0:00:01.359995
3600	4	3	3	0	0:00:01.357335
3620	0	0	0	1	0:00:01.387899
3640	6	6	6	1	0:00:01.374153
3660	0	0	0	1	0:00:01.354023
3680	0	0	0	1	0:00:01.352855
3700	3	3	3	1	0:00:01.349595
3720	2	2	2	1	0:00:01.348471
3740	0	0	0	1	0:00:01.358518
3760	7	7	7	1	0:00:01.362085
3780	4	4	4	1	0:00:01.374280
3800	9	9	9	1	0:00:01.380642
3820	0	8	8	0	0:00:01.369006
3840	6	8	4	0	0:00:01.366116
3860	7	7	7	1	0:00:01.368335
3880	6	6	6	1	0:00:01.369585
3900	3	3	3	1	0:00:01.389274
3920	7	7	7	1	0:00:01.357327
3940	6	-1	3	0	0:00:01.358581
3960	2	2	2	1	0:00:01.376066
3980	9	2	9	0	0:00:01.348026
4000	8	2	2	0	0:00:01.348256
4020	8	8	8	1	0:00:01.379696
4040	0	0	0	1	0:00:01.388789
4060	6	6	6	1	0:00:01.372521
4080	1	1	1	1	0:00:01.379319
4100	7	7	7	1	0:00:01.369777
4120	4	4	4	1	0:00:01.358786
4140	5	5	5	1	0:00:01.339001
4160	5	5	5	1	0:00:01.379738
4180	0	0	8	1	0:00:01.366213
4200	4	4	4	1	0:00:01.351836
4220	4	0	0	0	0:00:01.388615
4240	7	7	7	1	0:00:01.380173
4260	8	8	8	1	0:00:01.371594
4280	8	0	0	0	0:00:01.377202
4300	8	8	8	1	0:00:01.324386
4320	1	9	1	0	0:00:01.377740
4340	0	0	0	1	0:00:01.336939
4360	6	6	6	1	0:00:01.386790
4380	9	9	9	1	0:00:01.384438
4400	3	5	5	0	0:00:01.380406
4420	5	5	5	1	0:00:01.370539
4440	2	2	2	1	0:00:01.381782
4460	9	9	9	1	0:00:01.378987
4480	9	9	9	1	0:00:01.378498
4500	3	3	3	1	0:00:01.373159
4520	3	3	3	1	0:00:01.361474
4540	9	9	9	1	0:00:01.379241
4560	1	1	1	1	0:00:01.359560
4580	6	6	6	1	0:00:01.338352
4600	4	4	4	1	0:00:01.313312
4620	7	7	3	1	0:00:01.310434
4640	2	2	2	1	0:00:01.320066
4660	7	7	7	1	0:00:01.321057
4680	9	9	9	1	0:00:01.311902
4700	6	6	5	1	0:00:01.335420
4720	8	8	0	1	0:00:01.333941
4740	5	3	3	0	0:00:01.328206
4760	3	2	2	0	0:00:01.335928
4780	0	0	0	1	0:00:01.366149
4800	9	9	9	1	0:00:01.324346
4820	3	3	3	1	0:00:01.329033
4840	0	0	0	1	0:00:01.333014
4860	5	5	5	1	0:00:01.359655
4880	0	0	0	1	0:00:01.356514
4900	3	3	3	1	0:00:01.346918
4920	7	7	7	1	0:00:01.348136
4940	6	6	6	1	0:00:01.364072
4960	4	4	4	1	0:00:01.352893
4980	1	1	1	1	0:00:01.371838
5000	7	7	7	1	0:00:01.359084
5020	8	8	8	1	0:00:01.367156
5040	3	3	3	1	0:00:01.369312
5060	6	6	6	1	0:00:01.358784
5080	7	4	4	0	0:00:01.363315
5100	3	3	3	1	0:00:01.359776
5120	9	9	9	1	0:00:01.362829
5140	8	8	8	1	0:00:01.364311
5160	0	0	0	1	0:00:01.384784
5180	9	7	7	0	0:00:01.370611
5200	3	3	3	1	0:00:01.358059
5220	0	0	0	1	0:00:01.364265
5240	1	1	1	1	0:00:01.355760
5260	0	0	0	1	0:00:01.360935
5280	0	4	0	0	0:00:01.374972
5300	9	9	9	1	0:00:01.342186
5320	7	7	7	1	0:00:01.353627
5340	3	3	3	1	0:00:01.341675
5360	9	9	9	1	0:00:01.325572
5380	1	1	1	1	0:00:01.361234
5400	9	9	9	1	0:00:01.354470
5420	6	6	6	1	0:00:01.357021
5440	9	9	9	1	0:00:01.362193
5460	0	0	0	1	0:00:01.346553
5480	1	1	1	1	0:00:01.319906
5500	8	8	8	1	0:00:01.314970
5520	4	4	3	1	0:00:01.314237
5540	5	5	3	1	0:00:01.326031
5560	3	6	6	0	0:00:01.321918
5580	5	3	3	0	0:00:01.323757
5600	6	5	5	0	0:00:01.328223
5620	3	6	6	0	0:00:01.325181
5640	2	2	2	1	0:00:01.314123
5660	9	9	9	1	0:00:01.320246
5680	2	4	0	0	0:00:01.330060
5700	3	5	5	0	0:00:01.309618
5720	9	9	9	1	0:00:01.311013
5740	6	6	6	1	0:00:01.361481
5760	2	2	2	1	0:00:01.365684
5780	7	7	7	1	0:00:01.379955
5800	2	2	2	1	0:00:01.365700
5820	5	5	5	1	0:00:01.369600
5840	2	5	5	0	0:00:01.370124
5860	0	0	2	1	0:00:01.364441
5880	0	0	0	1	0:00:01.369010
5900	4	3	3	0	0:00:01.369417
5920	8	8	8	1	0:00:01.360623
5940	7	3	3	0	0:00:01.383774
5960	2	6	6	0	0:00:01.356962
5980	9	9	9	1	0:00:01.364507
6000	8	8	8	1	0:00:01.363599
6020	6	6	6	1	0:00:01.364824
6040	2	3	7	0	0:00:01.369236
6060	3	4	3	0	0:00:01.373948
6080	1	1	1	1	0:00:01.335188
6100	1	1	1	1	0:00:01.386108
6120	5	5	5	1	0:00:01.372511
6140	9	9	9	1	0:00:01.370477
6160	2	2	2	1	0:00:01.366081
6180	0	0	0	1	0:00:01.369600
6200	3	3	3	1	0:00:01.377116
6220	2	2	2	1	0:00:01.370130
6240	2	2	2	1	0:00:01.394032
6260	2	2	2	1	0:00:01.364834
6280	8	8	8	1	0:00:01.359460
6300	1	1	1	1	0:00:01.361840
6320	0	0	0	1	0:00:01.349262
6340	3	4	4	0	0:00:01.356240
6360	2	2	2	1	0:00:01.350625
6380	3	3	3	1	0:00:01.350644
6400	0	0	0	1	0:00:01.405789
6420	7	7	7	1	0:00:01.384415
6440	3	5	5	0	0:00:01.361390
6460	3	3	3	1	0:00:01.324928
6480	0	0	0	1	0:00:01.344668
6500	7	-1	0	0	0:00:01.374243
6520	6	6	6	1	0:00:01.382869
6540	8	8	8	1	0:00:01.389042
6560	6	-1	4	0	0:00:01.386659
6580	1	1	1	1	0:00:01.355100
6600	7	7	7	1	0:00:01.356495
6620	7	7	7	1	0:00:01.364654
6640	5	3	3	0	0:00:01.385593
6660	0	0	0	1	0:00:01.360177
6680	3	5	3	0	0:00:01.383725
6700	6	6	6	1	0:00:01.390373
6720	2	6	2	0	0:00:01.359256
6740	2	3	3	0	0:00:01.368745
6760	5	5	5	1	0:00:01.395866
6780	7	7	7	1	0:00:01.356997
6800	6	6	3	1	0:00:01.377972
6820	1	1	1	1	0:00:01.365831
6840	9	9	9	1	0:00:01.355728
6860	0	0	0	1	0:00:01.404760
6880	2	2	2	1	0:00:01.363266
6900	3	3	3	1	0:00:01.392665
6920	5	6	6	0	0:00:01.372950
6940	1	1	1	1	0:00:01.358403
6960	9	9	9	1	0:00:01.370854
6980	0	0	0	1	0:00:01.355346
7000	2	8	8	0	0:00:01.358469
7020	7	7	7	1	0:00:01.379024
7040	7	0	0	0	0:00:01.357816
7060	8	8	8	1	0:00:01.386172
7080	5	4	4	0	0:00:01.366780
7100	9	3	3	0	0:00:01.383050
7120	7	7	7	1	0:00:01.375292
7140	4	2	2	0	0:00:01.355423
7160	5	5	5	1	0:00:01.385347
7180	6	6	6	1	0:00:01.369244
7200	4	4	4	1	0:00:01.383508
7220	9	9	9	1	0:00:01.363352
7240	0	0	8	1	0:00:01.371690
7260	1	1	1	1	0:00:01.375794
7280	1	9	9	0	0:00:01.338238
7300	3	5	3	0	0:00:01.374007
7320	8	8	8	1	0:00:01.364100
7340	2	-1	2	0	0:00:01.356963
7360	2	2	2	1	0:00:01.379895
7380	7	7	7	1	0:00:01.372382
7400	3	3	3	1	0:00:01.360138
7420	3	3	3	1	0:00:01.399260
7440	3	3	3	1	0:00:01.358695
7460	5	5	5	1	0:00:01.383287
7480	1	1	1	1	0:00:01.350777
7500	6	6	6	1	0:00:01.359160
7520	4	4	4	1	0:00:01.374354
7540	5	5	5	1	0:00:01.348207
7560	0	0	0	1	0:00:01.358119
7580	8	8	8	1	0:00:01.340941
7600	8	5	5	0	0:00:01.383464
7620	5	3	3	0	0:00:01.372997
7640	9	8	8	0	0:00:01.370506
7660	7	7	7	1	0:00:01.374452
7680	3	5	5	0	0:00:01.388731
7700	6	6	6	1	0:00:01.367308
7720	5	5	3	1	0:00:01.330008
7740	4	4	4	1	0:00:01.331024
7760	2	9	9	0	0:00:01.396014
7780	3	8	8	0	0:00:01.363109
7800	0	0	0	1	0:00:01.372123
7820	5	3	3	0	0:00:01.362463
7840	1	1	1	1	0:00:01.366584
7860	8	8	8	1	0:00:01.393565
7880	0	0	0	1	0:00:01.379612
7900	0	0	0	1	0:00:01.360964
7920	9	9	9	1	0:00:01.388896
7940	2	2	2	1	0:00:01.393766
7960	0	0	0	1	0:00:01.368816
7980	3	3	3	1	0:00:01.376121
8000	9	9	9	1	0:00:01.374753
8020	6	7	7	0	0:00:01.383979
8040	2	2	2	1	0:00:01.355385
8060	6	6	6	1	0:00:01.362427
8080	4	4	3	1	0:00:01.379753
8100	6	6	6	1	0:00:01.361977
8120	8	8	8	1	0:00:01.355751
8140	5	7	5	0	0:00:01.393210
8160	6	6	6	1	0:00:01.362281
8180	4	2	2	0	0:00:01.388352
8200	3	7	7	0	0:00:01.376539
8220	6	6	6	1	0:00:01.368443
8240	7	7	7	1	0:00:01.372186
8260	1	1	1	1	0:00:01.383322
8280	4	4	4	1	0:00:01.343442
8300	5	5	5	1	0:00:01.371196
8320	7	7	7	1	0:00:01.390534
8340	5	5	5	1	0:00:01.358954
8360	7	7	7	1	0:00:01.350750
8380	9	9	9	1	0:00:01.341615
8400	0	0	0	1	0:00:01.392462
8420	3	6	6	0	0:00:01.389557
8440	5	3	3	0	0:00:01.367144
8460	8	8	8	1	0:00:01.375415
8480	2	2	2	1	0:00:01.359064
8500	4	4	4	1	0:00:01.366019
8520	8	8	8	1	0:00:01.394116
8540	4	2	2	0	0:00:01.371266
8560	7	7	7	1	0:00:01.356603
8580	3	5	5	0	0:00:01.405426
8600	3	5	5	0	0:00:01.321386
8620	3	3	3	1	0:00:01.340656
8640	1	1	1	1	0:00:01.372089
8660	7	7	7	1	0:00:01.378184
8680	3	5	5	0	0:00:01.375134
8700	3	3	3	1	0:00:01.345218
8720	2	0	0	0	0:00:01.349254
8740	2	5	5	0	0:00:01.339912
8760	8	8	8	1	0:00:01.351928
8780	4	7	4	0	0:00:01.344493
8800	0	0	0	1	0:00:01.330998
8820	2	2	2	1	0:00:01.343051
8840	2	2	2	1	0:00:01.351380
8860	2	2	2	1	0:00:01.363052
8880	1	1	1	1	0:00:01.383930
8900	2	2	2	1	0:00:01.369431
8920	6	6	6	1	0:00:01.348342
8940	6	3	3	0	0:00:01.313833
8960	0	2	2	0	0:00:01.364586
8980	9	9	9	1	0:00:01.349259
9000	8	8	8	1	0:00:01.339376
9020	7	7	7	1	0:00:01.376934
9040	2	5	5	0	0:00:01.352454
9060	9	9	9	1	0:00:01.375767
9080	3	3	3	1	0:00:01.361763
9100	9	1	1	0	0:00:01.348342
9120	3	5	5	0	0:00:01.348650
9140	7	7	7	1	0:00:01.352166
9160	5	3	3	0	0:00:01.359966
9180	5	5	5	1	0:00:01.357423
9200	8	8	8	1	0:00:01.338471
9220	8	8	8	1	0:00:01.350711
9240	8	8	8	1	0:00:01.351333
9260	5	3	3	0	0:00:01.356099
9280	9	9	9	1	0:00:01.363804
9300	5	3	3	0	0:00:01.365853
9320	9	9	9	1	0:00:01.384667
9340	1	1	1	1	0:00:01.359072
9360	5	0	0	0	0:00:01.343426
9380	5	3	3	0	0:00:01.361214
9400	6	6	6	1	0:00:01.361356
9420	5	5	5	1	0:00:01.371768
9440	8	8	8	1	0:00:01.366521
9460	3	3	3	1	0:00:01.373121
9480	2	2	2	1	0:00:01.349025
9500	9	9	9	1	0:00:01.326290
9520	1	1	1	1	0:00:01.322116
9540	5	-1	3	0	0:00:01.321905
9560	9	7	7	0	0:00:01.321417
9580	1	1	1	1	0:00:01.330097
9600	8	8	8	1	0:00:01.324770
9620	4	4	4	1	0:00:01.337190
9640	5	5	5	1	0:00:01.377938
9660	6	6	6	1	0:00:01.369207
9680	8	8	8	1	0:00:01.371758
9700	0	0	0	1	0:00:01.369635
9720	8	8	8	1	0:00:01.366151
9740	3	6	6	0	0:00:01.330573
9760	9	9	9	1	0:00:01.377750
9780	4	4	4	1	0:00:01.356799
9800	1	1	1	1	0:00:01.364548
9820	0	8	8	0	0:00:01.373217
9840	4	7	7	0	0:00:01.391645
9860	0	0	0	1	0:00:01.373110
9880	7	7	7	1	0:00:01.356719
9900	8	8	8	1	0:00:01.360493
9920	6	6	6	1	0:00:01.346844
9940	4	4	4	1	0:00:01.387847
9960	2	0	0	0	0:00:01.361633
9980	0	0	0	1	0:00:01.350898
