idx	label	predict	basePredict	correct	time
0	3	4	4	0	0:00:16.072103
20	7	9	9	0	0:00:15.910159
40	4	4	8	1	0:00:15.911229
60	7	7	4	1	0:00:15.962017
80	8	8	8	1	0:00:15.843517
100	4	5	5	0	0:00:15.939121
120	8	8	8	1	0:00:15.858323
140	6	2	2	0	0:00:15.849620
160	2	2	2	1	0:00:16.006405
180	0	0	0	1	0:00:15.913733
200	5	3	3	0	0:00:15.991618
220	7	7	7	1	0:00:15.872747
240	1	1	1	1	0:00:15.921532
260	8	5	5	0	0:00:15.918396
280	9	9	9	1	0:00:15.856226
300	6	6	6	1	0:00:15.887806
320	3	5	5	0	0:00:15.875192
340	2	4	4	0	0:00:15.903183
360	9	6	6	0	0:00:15.843153
380	6	6	8	1	0:00:15.893783
400	9	9	9	1	0:00:15.895661
420	4	6	6	0	0:00:15.886515
440	1	1	1	1	0:00:15.870416
460	5	5	5	1	0:00:15.887246
480	8	9	9	0	0:00:15.871798
500	4	6	2	0	0:00:15.909244
520	5	7	7	0	0:00:15.860102
540	1	9	8	0	0:00:15.876364
560	0	0	0	1	0:00:15.871665
580	4	6	4	0	0:00:15.959734
600	8	8	8	1	0:00:15.864172
620	7	-1	4	0	0:00:15.878861
640	5	3	3	0	0:00:15.876092
660	9	9	9	1	0:00:15.847493
680	9	1	1	0	0:00:15.834685
700	7	7	7	1	0:00:15.863539
720	4	9	9	0	0:00:16.073554
740	2	5	5	0	0:00:15.858996
760	3	9	7	0	0:00:15.920342
780	9	9	8	1	0:00:15.940673
800	7	7	7	1	0:00:15.932056
820	6	9	1	0	0:00:15.917727
840	7	7	7	1	0:00:15.881977
860	4	6	4	0	0:00:15.953083
880	8	8	8	1	0:00:15.920329
900	2	6	6	0	0:00:15.855545
920	6	2	2	0	0:00:15.843930
940	9	9	9	1	0:00:15.912887
960	9	9	9	1	0:00:15.937144
980	2	6	6	0	0:00:15.868454
1000	5	5	5	1	0:00:15.131162
1020	1	1	8	1	0:00:15.168040
1040	7	5	5	0	0:00:15.158883
1060	9	9	9	1	0:00:15.122745
1080	6	6	6	1	0:00:15.207908
1100	7	8	8	0	0:00:15.150792
1120	5	2	2	0	0:00:15.163977
1140	6	6	4	1	0:00:15.139531
1160	8	0	0	0	0:00:15.161483
1180	3	9	9	0	0:00:15.207732
1200	8	0	0	0	0:00:15.215810
1220	9	7	2	0	0:00:15.176166
1240	2	6	6	0	0:00:15.140308
1260	1	9	9	0	0:00:15.159674
1280	3	7	7	0	0:00:15.154422
1300	4	6	3	0	0:00:15.137138
1320	7	2	2	0	0:00:15.152355
1340	1	1	1	1	0:00:15.204435
1360	7	5	5	0	0:00:15.149232
1380	4	5	5	0	0:00:15.163914
1400	5	5	5	1	0:00:15.213862
1420	4	7	7	0	0:00:15.217863
1440	0	0	0	1	0:00:15.171089
1460	6	6	4	1	0:00:15.211993
1480	1	5	5	0	0:00:15.140884
1500	1	9	1	0	0:00:15.179883
1520	7	6	4	0	0:00:15.150306
1540	8	8	8	1	0:00:15.161097
1560	7	7	7	1	0:00:15.219334
1580	6	1	1	0	0:00:15.148476
1600	8	9	4	0	0:00:15.139102
1620	5	8	8	0	0:00:15.258651
1640	7	5	3	0	0:00:15.172307
1660	3	5	5	0	0:00:15.152000
1680	6	6	6	1	0:00:15.126913
1700	5	2	2	0	0:00:15.182251
1720	4	0	0	0	0:00:15.138289
1740	1	9	9	0	0:00:15.174736
1760	0	8	8	0	0:00:15.223497
1780	7	9	8	0	0:00:15.153552
1800	4	8	8	0	0:00:15.179802
1820	8	9	9	0	0:00:15.139798
1840	8	7	7	0	0:00:15.193611
1860	8	8	8	1	0:00:15.168798
1880	1	1	8	1	0:00:15.246012
1900	8	8	8	1	0:00:15.219937
1920	2	2	2	1	0:00:15.144576
1940	5	2	2	0	0:00:15.179739
1960	2	5	5	0	0:00:15.154869
1980	9	9	9	1	0:00:15.147629
2000	1	6	6	0	0:00:15.168321
2020	9	9	9	1	0:00:15.140985
2040	0	8	8	0	0:00:15.154124
2060	5	5	5	1	0:00:15.193295
2080	1	1	1	1	0:00:15.360639
2100	2	4	4	0	0:00:15.144637
2120	4	8	8	0	0:00:15.155546
2140	9	9	9	1	0:00:15.167246
2160	0	8	8	0	0:00:15.135589
2180	4	6	6	0	0:00:15.124581
2200	0	0	0	1	0:00:15.177277
2220	1	1	1	1	0:00:15.163181
2240	9	9	9	1	0:00:15.164821
2260	4	-1	4	0	0:00:15.252270
2280	4	8	8	0	0:00:15.214014
2300	3	6	4	0	0:00:15.287620
2320	5	-1	0	0	0:00:15.181201
2340	7	7	7	1	0:00:15.143405
2360	7	7	7	1	0:00:15.175813
2380	8	8	8	1	0:00:15.115785
2400	0	0	0	1	0:00:15.171726
2420	8	5	5	0	0:00:15.159849
2440	7	1	8	0	0:00:15.162097
2460	9	9	3	1	0:00:15.172881
2480	8	8	8	1	0:00:15.158797
2500	4	6	4	0	0:00:15.195376
2520	1	9	8	0	0:00:15.212793
2540	2	3	3	0	0:00:15.120344
2560	7	4	4	0	0:00:15.153849
2580	6	6	4	1	0:00:15.168519
2600	8	8	8	1	0:00:15.148759
2620	1	4	4	0	0:00:15.154886
2640	7	7	7	1	0:00:15.159839
2660	3	0	0	0	0:00:15.145548
2680	0	0	0	1	0:00:15.168377
2700	9	1	3	0	0:00:15.202693
2720	3	8	8	0	0:00:15.178298
2740	1	1	1	1	0:00:15.213819
2760	2	6	6	0	0:00:15.127067
2780	7	7	7	1	0:00:15.174224
2800	4	6	6	0	0:00:15.143584
2820	6	6	6	1	0:00:15.176840
2840	3	3	3	1	0:00:15.177090
2860	5	7	7	0	0:00:15.142725
2880	4	4	4	1	0:00:15.192881
2900	3	5	5	0	0:00:15.221772
2920	2	3	8	0	0:00:15.225784
2940	3	0	0	0	0:00:15.192207
2960	9	9	8	1	0:00:15.180181
2980	8	1	8	0	0:00:15.147253
3000	5	5	5	1	0:00:15.207108
3020	1	8	8	0	0:00:15.234543
3040	7	7	7	1	0:00:15.223182
3060	7	7	7	1	0:00:15.267707
3080	1	2	2	0	0:00:15.172546
3100	0	0	0	1	0:00:15.170796
3120	4	6	6	0	0:00:15.223711
3140	8	8	8	1	0:00:15.203933
3160	6	4	4	0	0:00:15.294462
3180	3	9	8	0	0:00:15.196115
3200	5	7	7	0	0:00:15.205382
3220	3	9	9	0	0:00:15.185866
3240	4	1	8	0	0:00:15.182846
3260	7	7	7	1	0:00:15.141229
3280	3	5	0	0	0:00:15.185666
3300	4	4	4	1	0:00:15.217172
3320	2	7	7	0	0:00:15.204485
3340	6	6	4	1	0:00:15.336051
3360	4	6	6	0	0:00:15.271501
3380	8	8	8	1	0:00:15.205564
3400	6	1	1	0	0:00:15.175085
3420	5	6	6	0	0:00:15.186594
3440	2	9	9	0	0:00:15.227595
3460	1	1	1	1	0:00:15.227190
3480	2	2	2	1	0:00:15.248320
3500	1	1	1	1	0:00:15.177094
3520	1	1	1	1	0:00:15.269666
3540	6	6	8	1	0:00:15.210910
3560	1	9	8	0	0:00:15.219790
3580	4	1	8	0	0:00:15.203264
3600	4	2	2	0	0:00:15.181100
3620	0	7	7	0	0:00:15.147965
3640	6	2	2	0	0:00:15.138149
3660	0	8	8	0	0:00:15.169995
3680	0	2	2	0	0:00:15.145137
3700	3	5	5	0	0:00:15.208254
3720	2	2	2	1	0:00:15.206358
3740	0	0	0	1	0:00:15.161345
3760	7	7	7	1	0:00:15.292303
3780	4	2	2	0	0:00:15.202319
3800	9	9	3	1	0:00:15.170535
3820	0	0	0	1	0:00:15.311515
3840	6	8	8	0	0:00:15.181692
3860	7	7	7	1	0:00:15.163845
3880	6	4	4	0	0:00:15.146539
3900	3	6	6	0	0:00:15.153317
3920	7	9	9	0	0:00:15.196241
3940	6	7	4	0	0:00:15.184610
3960	2	5	5	0	0:00:15.176264
3980	9	9	7	1	0:00:15.258922
4000	8	7	0	0	0:00:15.200266
4020	8	8	8	1	0:00:15.209964
4040	0	0	0	1	0:00:15.220622
4060	6	3	0	0	0:00:15.126799
4080	1	1	8	1	0:00:15.196319
4100	7	7	7	1	0:00:15.134863
4120	4	0	0	0	0:00:15.220700
4140	5	2	2	0	0:00:15.126889
4160	5	3	2	0	0:00:15.201711
4180	0	0	8	1	0:00:15.250729
4200	4	2	2	0	0:00:15.238450
4220	4	0	0	0	0:00:15.180820
4240	7	8	8	0	0:00:15.130338
4260	8	8	8	1	0:00:15.129560
4280	8	9	8	0	0:00:15.139296
4300	8	8	8	1	0:00:15.230761
4320	1	8	8	0	0:00:15.212661
4340	0	0	0	1	0:00:15.143398
4360	6	9	9	0	0:00:15.272952
4380	9	9	9	1	0:00:15.134946
4400	3	4	8	0	0:00:15.152925
4420	5	8	8	0	0:00:15.245901
4440	2	6	6	0	0:00:15.198491
4460	9	1	8	0	0:00:15.154404
4480	9	9	6	1	0:00:15.143315
4500	3	7	7	0	0:00:15.164179
4520	3	6	6	0	0:00:15.196133
4540	9	9	9	1	0:00:15.193715
4560	1	1	1	1	0:00:15.170551
4580	6	6	4	1	0:00:15.216392
4600	4	7	7	0	0:00:15.188862
4620	7	3	3	0	0:00:15.170223
4640	2	4	4	0	0:00:15.211299
4660	7	2	2	0	0:00:15.125040
4680	9	1	1	0	0:00:15.150807
4700	6	1	4	0	0:00:15.186587
4720	8	8	8	1	0:00:15.195179
4740	5	6	6	0	0:00:15.210097
4760	3	2	2	0	0:00:15.123087
4780	0	0	0	1	0:00:15.150564
4800	9	9	9	1	0:00:15.176412
4820	3	5	5	0	0:00:15.164524
4840	0	0	0	1	0:00:15.165078
4860	5	5	5	1	0:00:15.277386
4880	0	8	2	0	0:00:15.264472
4900	3	1	8	0	0:00:15.170861
4920	7	7	7	1	0:00:15.170058
4940	6	6	2	1	0:00:15.301786
4960	4	6	6	0	0:00:15.272613
4980	1	9	9	0	0:00:15.253432
5000	7	7	7	1	0:00:15.192203
5020	8	8	8	1	0:00:15.187619
5040	3	3	3	1	0:00:15.202537
5060	6	6	6	1	0:00:15.188213
5080	7	7	7	1	0:00:15.176316
5100	3	4	4	0	0:00:15.196339
5120	9	8	8	0	0:00:15.210724
5140	8	8	8	1	0:00:15.185098
5160	0	8	8	0	0:00:15.136554
5180	9	7	7	0	0:00:15.154645
5200	3	3	3	1	0:00:15.209577
5220	0	0	0	1	0:00:15.119780
5240	1	9	3	0	0:00:15.226873
5260	0	0	0	1	0:00:15.247127
5280	0	8	8	0	0:00:15.246433
5300	9	9	9	1	0:00:15.271772
5320	7	7	7	1	0:00:15.219232
5340	3	4	2	0	0:00:15.138643
5360	9	9	9	1	0:00:15.255668
5380	1	9	9	0	0:00:15.237372
5400	9	0	0	0	0:00:15.165765
5420	6	6	6	1	0:00:15.231559
5440	9	9	9	1	0:00:15.209192
5460	0	2	2	0	0:00:15.219437
5480	1	1	8	1	0:00:15.199833
5500	8	1	8	0	0:00:15.178487
5520	4	5	5	0	0:00:15.165102
5540	5	6	2	0	0:00:15.252935
5560	3	6	5	0	0:00:15.167663
5580	5	6	6	0	0:00:15.210334
5600	6	9	8	0	0:00:15.183185
5620	3	2	2	0	0:00:15.208743
5640	2	3	3	0	0:00:15.215548
5660	9	9	8	1	0:00:15.150725
5680	2	8	8	0	0:00:15.143652
5700	3	6	2	0	0:00:15.137221
5720	9	9	9	1	0:00:15.164684
5740	6	6	4	1	0:00:15.174225
5760	2	2	8	1	0:00:15.206482
5780	7	7	7	1	0:00:15.240166
5800	2	4	4	0	0:00:15.217782
5820	5	6	6	0	0:00:15.156347
5840	2	6	6	0	0:00:15.183906
5860	0	8	8	0	0:00:15.189500
5880	0	0	0	1	0:00:15.137212
5900	4	4	4	1	0:00:15.179418
5920	8	8	8	1	0:00:15.161056
5940	7	4	4	0	0:00:15.206450
5960	2	7	7	0	0:00:15.225510
5980	9	9	9	1	0:00:15.179246
6000	8	9	8	0	0:00:15.205386
6020	6	6	6	1	0:00:15.210346
6040	2	7	7	0	0:00:15.293859
6060	3	4	4	0	0:00:15.271127
6080	1	1	9	1	0:00:15.153885
6100	1	1	8	1	0:00:15.176742
6120	5	5	5	1	0:00:15.181455
6140	9	9	9	1	0:00:15.183595
6160	2	5	5	0	0:00:15.198048
6180	0	9	0	0	0:00:15.221236
6200	3	3	3	1	0:00:15.264076
6220	2	6	6	0	0:00:15.181586
6240	2	6	4	0	0:00:15.251182
6260	2	9	1	0	0:00:15.253165
6280	8	5	5	0	0:00:15.238900
6300	1	1	4	1	0:00:15.231395
6320	0	0	0	1	0:00:15.141617
6340	3	7	3	0	0:00:15.155087
6360	2	2	2	1	0:00:15.171572
6380	3	1	4	0	0:00:15.182316
6400	0	1	8	0	0:00:15.163797
6420	7	5	7	0	0:00:15.160442
6440	3	8	8	0	0:00:15.135103
6460	3	1	0	0	0:00:15.131481
6480	0	0	0	1	0:00:15.147774
6500	7	0	0	0	0:00:15.239840
6520	6	4	4	0	0:00:15.203818
6540	8	8	8	1	0:00:15.219816
6560	6	6	6	1	0:00:15.196757
6580	1	9	8	0	0:00:15.145514
6600	7	7	7	1	0:00:15.181182
6620	7	7	7	1	0:00:15.279462
6640	5	3	3	0	0:00:15.208292
6660	0	0	0	1	0:00:15.138221
6680	3	5	3	0	0:00:15.186908
6700	6	6	6	1	0:00:15.186259
6720	2	2	2	1	0:00:15.172082
6740	2	6	4	0	0:00:15.201532
6760	5	5	2	1	0:00:15.229221
6780	7	7	7	1	0:00:15.283744
6800	6	6	6	1	0:00:15.238487
6820	1	1	1	1	0:00:15.195977
6840	9	1	1	0	0:00:15.149611
6860	0	0	0	1	0:00:15.129484
6880	2	7	7	0	0:00:15.186462
6900	3	7	7	0	0:00:15.235429
6920	5	2	2	0	0:00:15.220594
6940	1	1	1	1	0:00:15.214620
6960	9	8	8	0	0:00:15.224519
6980	0	9	9	0	0:00:15.235677
7000	2	8	8	0	0:00:15.291192
7020	7	7	7	1	0:00:15.182229
7040	7	8	8	0	0:00:15.192643
7060	8	8	8	1	0:00:15.193764
7080	5	4	4	0	0:00:15.221862
7100	9	9	3	1	0:00:15.206244
7120	7	7	7	1	0:00:15.201252
7140	4	4	4	1	0:00:15.197113
7160	5	5	4	1	0:00:15.199199
7180	6	6	6	1	0:00:15.239321
7200	4	6	2	0	0:00:15.175168
7220	9	9	0	1	0:00:15.126204
7240	0	8	8	0	0:00:15.131465
7260	1	8	8	0	0:00:15.165710
7280	1	1	7	1	0:00:15.227905
7300	3	7	7	0	0:00:15.272890
7320	8	0	0	0	0:00:15.204158
7340	2	4	4	0	0:00:15.174088
7360	2	7	5	0	0:00:15.191238
7380	7	7	7	1	0:00:15.210780
7400	3	9	3	0	0:00:15.177032
7420	3	0	0	0	0:00:15.175530
7440	3	6	6	0	0:00:15.145900
7460	5	5	5	1	0:00:15.237859
7480	1	5	5	0	0:00:15.184460
7500	6	6	6	1	0:00:15.131539
7520	4	6	4	0	0:00:15.233962
7540	5	5	5	1	0:00:15.119600
7560	0	2	2	0	0:00:15.134206
7580	8	8	8	1	0:00:15.214735
7600	8	9	9	0	0:00:15.136120
7620	5	3	3	0	0:00:15.160309
7640	9	9	8	1	0:00:15.183338
7660	7	1	7	0	0:00:15.151061
7680	3	9	9	0	0:00:15.132630
7700	6	6	6	1	0:00:15.183816
7720	5	4	4	0	0:00:15.198338
7740	4	6	2	0	0:00:15.146498
7760	2	9	9	0	0:00:15.135701
7780	3	9	9	0	0:00:15.206836
7800	0	0	0	1	0:00:15.237185
7820	5	8	8	0	0:00:15.160866
7840	1	1	1	1	0:00:15.236604
7860	8	1	8	0	0:00:15.210473
7880	0	2	2	0	0:00:15.207963
7900	0	2	8	0	0:00:15.204480
7920	9	8	8	0	0:00:15.154158
7940	2	6	6	0	0:00:15.210109
7960	0	0	2	1	0:00:15.162866
7980	3	7	4	0	0:00:15.132533
8000	9	9	9	1	0:00:15.188831
8020	6	6	6	1	0:00:15.125582
8040	2	6	6	0	0:00:15.236453
8060	6	6	6	1	0:00:15.173001
8080	4	6	4	0	0:00:15.114323
8100	6	2	2	0	0:00:15.132906
8120	8	9	8	0	0:00:15.198882
8140	5	6	6	0	0:00:15.169119
8160	6	6	6	1	0:00:15.198354
8180	4	6	6	0	0:00:15.135464
8200	3	6	4	0	0:00:15.213272
8220	6	6	2	1	0:00:15.187560
8240	7	7	7	1	0:00:15.378623
8260	1	1	1	1	0:00:15.190979
8280	4	5	5	0	0:00:15.209683
8300	5	2	2	0	0:00:15.229512
8320	7	9	4	0	0:00:15.203805
8340	5	5	5	1	0:00:15.141178
8360	7	7	7	1	0:00:15.199734
8380	9	9	9	1	0:00:15.127209
8400	0	8	8	0	0:00:15.174522
8420	3	6	4	0	0:00:15.172016
8440	5	3	4	0	0:00:15.185879
8460	8	8	8	1	0:00:15.149168
8480	2	1	8	0	0:00:15.187397
8500	4	2	2	0	0:00:15.197016
8520	8	-1	4	0	0:00:15.162489
8540	4	-1	2	0	0:00:15.141241
8560	7	7	7	1	0:00:15.167795
8580	3	9	0	0	0:00:15.135532
8600	3	7	4	0	0:00:15.211032
8620	3	4	4	0	0:00:15.165596
8640	1	1	1	1	0:00:15.217514
8660	7	5	5	0	0:00:15.145282
8680	3	9	0	0	0:00:15.251005
8700	3	3	3	1	0:00:15.215536
8720	2	0	0	0	0:00:15.245815
8740	2	6	4	0	0:00:15.213342
8760	8	8	8	1	0:00:15.233366
8780	4	4	4	1	0:00:15.160515
8800	0	0	0	1	0:00:15.120305
8820	2	2	2	1	0:00:15.142213
8840	2	1	8	0	0:00:15.189919
8860	2	2	2	1	0:00:15.196852
8880	1	1	1	1	0:00:15.289272
8900	2	4	4	0	0:00:15.231029
8920	6	6	6	1	0:00:15.217846
8940	6	3	3	0	0:00:15.229002
8960	0	0	0	1	0:00:15.164109
8980	9	9	9	1	0:00:15.188787
9000	8	8	8	1	0:00:15.203399
9020	7	7	7	1	0:00:15.175409
9040	2	5	5	0	0:00:15.235927
9060	9	5	5	0	0:00:15.221967
9080	3	0	0	0	0:00:15.242961
9100	9	6	6	0	0:00:15.312395
9120	3	0	0	0	0:00:15.266823
9140	7	7	8	1	0:00:15.183253
9160	5	5	5	1	0:00:15.231096
9180	5	5	5	1	0:00:15.196018
9200	8	8	8	1	0:00:15.161415
9220	8	8	8	1	0:00:15.193877
9240	8	8	8	1	0:00:15.238075
9260	5	5	5	1	0:00:15.177957
9280	9	8	8	0	0:00:15.225533
9300	5	5	5	1	0:00:15.175892
9320	9	9	9	1	0:00:15.222913
9340	1	1	1	1	0:00:15.209366
9360	5	0	0	0	0:00:15.199178
9380	5	9	5	0	0:00:15.281421
9400	6	6	2	1	0:00:15.211102
9420	5	5	5	1	0:00:15.197719
9440	8	8	8	1	0:00:15.172895
9460	3	6	6	0	0:00:15.177280
9480	2	4	4	0	0:00:15.146213
9500	9	1	5	0	0:00:15.168073
9520	1	1	1	1	0:00:15.189754
9540	5	5	5	1	0:00:15.149044
9560	9	7	7	0	0:00:15.194606
9580	1	1	4	1	0:00:15.223384
9600	8	8	8	1	0:00:15.138499
9620	4	7	7	0	0:00:15.175633
9640	5	0	0	0	0:00:15.194970
9660	6	6	6	1	0:00:15.183623
9680	8	9	8	0	0:00:15.180228
9700	0	0	0	1	0:00:15.171602
9720	8	1	8	0	0:00:15.155983
9740	3	6	6	0	0:00:15.204857
9760	9	9	7	1	0:00:15.221444
9780	4	6	6	0	0:00:15.274510
9800	1	1	1	1	0:00:15.236311
9820	0	8	8	0	0:00:15.199055
9840	4	3	3	0	0:00:15.201299
9860	0	5	8	0	0:00:15.119552
9880	7	7	4	1	0:00:15.188800
9900	8	0	0	0	0:00:15.190748
9920	6	6	6	1	0:00:15.267721
9940	4	5	5	0	0:00:15.226974
9960	2	0	0	0	0:00:15.272409
9980	0	0	0	1	0:00:15.201548
