idx	label	predict	basePredict	correct	time
0	3	3	3	1	0:00:02.075631
20	7	-1	1	0	0:00:01.942914
40	4	4	4	1	0:00:01.952740
60	7	7	7	1	0:00:01.949343
80	8	8	8	1	0:00:02.044422
100	4	5	5	0	0:00:01.968743
120	8	8	8	1	0:00:01.998516
140	6	6	2	1	0:00:01.953034
160	2	2	2	1	0:00:01.988299
180	0	0	0	1	0:00:01.967996
200	5	5	5	1	0:00:01.953459
220	7	7	7	1	0:00:01.954393
240	1	1	1	1	0:00:01.942104
260	8	-1	5	0	0:00:01.924575
280	9	9	9	1	0:00:01.940679
300	6	6	6	1	0:00:01.947162
320	3	5	5	0	0:00:01.942507
340	2	6	6	0	0:00:01.931689
360	9	9	7	1	0:00:01.938912
380	6	6	4	1	0:00:02.010684
400	9	9	9	1	0:00:01.945133
420	4	4	4	1	0:00:01.949296
440	1	1	1	1	0:00:01.954911
460	5	5	5	1	0:00:01.946287
480	8	9	9	0	0:00:01.859587
500	4	6	6	0	0:00:01.871246
520	5	5	5	1	0:00:01.870627
540	1	1	1	1	0:00:01.858854
560	0	0	0	1	0:00:01.882415
580	4	6	4	0	0:00:01.914125
600	8	8	8	1	0:00:01.932099
620	7	7	7	1	0:00:01.936522
640	5	3	3	0	0:00:01.939235
660	9	9	9	1	0:00:01.954664
680	9	9	1	1	0:00:01.989003
700	7	7	7	1	0:00:01.996496
720	4	9	9	0	0:00:01.936777
740	2	5	5	0	0:00:01.890137
760	3	-1	3	0	0:00:01.887827
780	9	9	9	1	0:00:01.934549
800	7	7	7	1	0:00:01.947263
820	6	1	1	0	0:00:01.953185
840	7	7	7	1	0:00:01.949635
860	4	4	4	1	0:00:01.978548
880	8	8	8	1	0:00:01.928142
900	2	6	6	0	0:00:01.940917
920	6	6	4	1	0:00:01.957718
940	9	9	9	1	0:00:01.938115
960	9	3	3	0	0:00:01.971972
980	2	6	6	0	0:00:01.942289
1000	5	5	5	1	0:00:01.867578
1020	1	1	1	1	0:00:01.870924
1040	7	5	5	0	0:00:01.852881
1060	9	9	9	1	0:00:01.853475
1080	6	6	2	1	0:00:01.827567
1100	7	8	8	0	0:00:01.843660
1120	5	2	2	0	0:00:01.847560
1140	6	6	4	1	0:00:01.849650
1160	8	8	8	1	0:00:01.841662
1180	3	3	3	1	0:00:01.848012
1200	8	8	8	1	0:00:01.843588
1220	9	6	6	0	0:00:01.851561
1240	2	6	6	0	0:00:01.832930
1260	1	9	9	0	0:00:01.804296
1280	3	5	5	0	0:00:01.836406
1300	4	3	3	0	0:00:01.822892
1320	7	2	2	0	0:00:01.846460
1340	1	1	1	1	0:00:01.859662
1360	7	7	7	1	0:00:01.815786
1380	4	5	5	0	0:00:01.867275
1400	5	5	5	1	0:00:01.830300
1420	4	7	7	0	0:00:01.859987
1440	0	8	8	0	0:00:01.887379
1460	6	6	6	1	0:00:01.867794
1480	1	1	1	1	0:00:01.847623
1500	1	1	1	1	0:00:01.850770
1520	7	7	7	1	0:00:01.839186
1540	8	8	8	1	0:00:01.860533
1560	7	7	7	1	0:00:01.818825
1580	6	1	1	0	0:00:01.849118
1600	8	9	1	0	0:00:01.832829
1620	5	4	4	0	0:00:01.843053
1640	7	3	3	0	0:00:01.823841
1660	3	3	5	1	0:00:01.855690
1680	6	6	6	1	0:00:01.867458
1700	5	5	2	1	0:00:01.849035
1720	4	4	3	1	0:00:01.855752
1740	1	9	9	0	0:00:01.804756
1760	0	8	8	0	0:00:01.832845
1780	7	9	9	0	0:00:01.833818
1800	4	4	8	1	0:00:01.858547
1820	8	9	9	0	0:00:01.853063
1840	8	9	7	0	0:00:01.851119
1860	8	8	8	1	0:00:01.831622
1880	1	1	1	1	0:00:01.858273
1900	8	8	8	1	0:00:01.848186
1920	2	2	2	1	0:00:01.843503
1940	5	5	5	1	0:00:01.837530
1960	2	5	5	0	0:00:01.844131
1980	9	9	9	1	0:00:01.839301
2000	1	-1	1	0	0:00:01.848945
2020	9	9	9	1	0:00:01.846856
2040	0	0	0	1	0:00:01.825685
2060	5	3	3	0	0:00:01.844784
2080	1	9	9	0	0:00:01.834413
2100	2	7	7	0	0:00:01.856317
2120	4	8	8	0	0:00:01.829772
2140	9	9	9	1	0:00:01.869555
2160	0	8	8	0	0:00:01.867725
2180	4	4	4	1	0:00:01.828887
2200	0	0	0	1	0:00:01.833452
2220	1	1	1	1	0:00:01.844822
2240	9	9	1	1	0:00:01.829176
2260	4	7	7	0	0:00:01.847864
2280	4	3	3	0	0:00:01.824651
2300	3	-1	2	0	0:00:01.842724
2320	5	2	2	0	0:00:01.836837
2340	7	7	7	1	0:00:01.850233
2360	7	7	7	1	0:00:01.856399
2380	8	8	8	1	0:00:01.852338
2400	0	0	0	1	0:00:01.843752
2420	8	5	5	0	0:00:01.847034
2440	7	7	7	1	0:00:01.812966
2460	9	3	3	0	0:00:01.833946
2480	8	8	8	1	0:00:01.845883
2500	4	6	2	0	0:00:01.809773
2520	1	3	3	0	0:00:01.852944
2540	2	3	3	0	0:00:01.848500
2560	7	7	5	1	0:00:01.828016
2580	6	6	6	1	0:00:01.832632
2600	8	8	8	1	0:00:01.866390
2620	1	1	8	1	0:00:01.845016
2640	7	7	7	1	0:00:01.808307
2660	3	2	2	0	0:00:01.838067
2680	0	0	0	1	0:00:01.842859
2700	9	1	1	0	0:00:01.842571
2720	3	3	3	1	0:00:01.826775
2740	1	1	3	1	0:00:01.814028
2760	2	2	2	1	0:00:01.813470
2780	7	7	7	1	0:00:01.840378
2800	4	6	4	0	0:00:01.829903
2820	6	6	6	1	0:00:01.845345
2840	3	3	3	1	0:00:01.857342
2860	5	6	6	0	0:00:01.857601
2880	4	4	4	1	0:00:01.853943
2900	3	5	5	0	0:00:01.869782
2920	2	3	3	0	0:00:01.849602
2940	3	0	0	0	0:00:01.854155
2960	9	9	9	1	0:00:01.849833
2980	8	8	8	1	0:00:01.840159
3000	5	5	5	1	0:00:01.801254
3020	1	1	1	1	0:00:01.880857
3040	7	7	7	1	0:00:01.852120
3060	7	7	7	1	0:00:01.857000
3080	1	1	1	1	0:00:01.857253
3100	0	0	0	1	0:00:01.846463
3120	4	6	6	0	0:00:01.844469
3140	8	8	8	1	0:00:01.857986
3160	6	2	2	0	0:00:01.840786
3180	3	3	3	1	0:00:01.849362
3200	5	5	5	1	0:00:01.845011
3220	3	9	9	0	0:00:01.859653
3240	4	-1	2	0	0:00:01.839367
3260	7	7	7	1	0:00:01.848349
3280	3	5	5	0	0:00:01.871665
3300	4	2	2	0	0:00:01.847906
3320	2	7	7	0	0:00:01.854079
3340	6	6	6	1	0:00:01.857738
3360	4	3	3	0	0:00:01.853299
3380	8	8	8	1	0:00:01.846040
3400	6	4	4	0	0:00:01.856424
3420	5	7	7	0	0:00:01.842174
3440	2	3	3	0	0:00:01.848825
3460	1	1	1	1	0:00:01.843781
3480	2	2	2	1	0:00:01.862845
3500	1	-1	9	0	0:00:01.860928
3520	1	1	1	1	0:00:01.863562
3540	6	6	6	1	0:00:01.849291
3560	1	9	9	0	0:00:01.859678
3580	4	2	2	0	0:00:01.855980
3600	4	2	2	0	0:00:01.841357
3620	0	-1	5	0	0:00:01.854414
3640	6	2	2	0	0:00:01.851027
3660	0	8	8	0	0:00:01.848804
3680	0	-1	2	0	0:00:01.866604
3700	3	5	5	0	0:00:01.866577
3720	2	2	2	1	0:00:01.850463
3740	0	0	8	1	0:00:01.842317
3760	7	7	7	1	0:00:01.867443
3780	4	4	2	1	0:00:01.854616
3800	9	9	9	1	0:00:01.858307
3820	0	2	2	0	0:00:01.844179
3840	6	8	8	0	0:00:01.851382
3860	7	7	7	1	0:00:01.848965
3880	6	4	4	0	0:00:01.843457
3900	3	6	6	0	0:00:01.851524
3920	7	9	9	0	0:00:01.849341
3940	6	7	4	0	0:00:01.828385
3960	2	2	2	1	0:00:01.846659
3980	9	6	6	0	0:00:01.834630
4000	8	9	9	0	0:00:01.835918
4020	8	8	8	1	0:00:01.841048
4040	0	0	0	1	0:00:01.818563
4060	6	6	3	1	0:00:01.841631
4080	1	1	1	1	0:00:01.846933
4100	7	7	7	1	0:00:01.826050
4120	4	4	4	1	0:00:01.817745
4140	5	5	5	1	0:00:01.838418
4160	5	5	5	1	0:00:01.831473
4180	0	8	8	0	0:00:01.837897
4200	4	4	2	1	0:00:01.832439
4220	4	0	0	0	0:00:01.833237
4240	7	8	8	0	0:00:01.829103
4260	8	8	8	1	0:00:01.849956
4280	8	9	9	0	0:00:01.841256
4300	8	8	8	1	0:00:01.829285
4320	1	8	8	0	0:00:01.856543
4340	0	0	0	1	0:00:01.852696
4360	6	9	9	0	0:00:01.851300
4380	9	9	9	1	0:00:01.846082
4400	3	6	4	0	0:00:01.839855
4420	5	7	7	0	0:00:01.839828
4440	2	-1	5	0	0:00:01.832124
4460	9	9	9	1	0:00:01.833968
4480	9	9	9	1	0:00:01.807857
4500	3	5	5	0	0:00:01.792811
4520	3	6	6	0	0:00:01.808789
4540	9	9	9	1	0:00:01.844729
4560	1	1	1	1	0:00:01.840503
4580	6	6	4	1	0:00:01.855253
4600	4	2	2	0	0:00:01.852661
4620	7	-1	3	0	0:00:01.856054
4640	2	2	2	1	0:00:01.831910
4660	7	7	7	1	0:00:01.859725
4680	9	9	9	1	0:00:01.833219
4700	6	1	1	0	0:00:01.855119
4720	8	0	0	0	0:00:01.830032
4740	5	3	3	0	0:00:01.843052
4760	3	2	2	0	0:00:01.864827
4780	0	0	0	1	0:00:01.851166
4800	9	9	9	1	0:00:01.853497
4820	3	5	5	0	0:00:01.847976
4840	0	0	0	1	0:00:01.852965
4860	5	5	5	1	0:00:01.836417
4880	0	7	7	0	0:00:01.855072
4900	3	6	5	0	0:00:01.859286
4920	7	7	7	1	0:00:01.855302
4940	6	6	2	1	0:00:01.846178
4960	4	3	3	0	0:00:01.845359
4980	1	9	9	0	0:00:01.847842
5000	7	7	7	1	0:00:01.850488
5020	8	8	8	1	0:00:01.860903
5040	3	3	3	1	0:00:01.855454
5060	6	6	2	1	0:00:01.853568
5080	7	7	4	1	0:00:01.824901
5100	3	3	3	1	0:00:01.866060
5120	9	9	9	1	0:00:01.852143
5140	8	8	8	1	0:00:01.842980
5160	0	0	0	1	0:00:01.858922
5180	9	7	7	0	0:00:01.851390
5200	3	3	3	1	0:00:01.849877
5220	0	0	0	1	0:00:01.862340
5240	1	9	9	0	0:00:01.864432
5260	0	0	0	1	0:00:01.850595
5280	0	8	8	0	0:00:01.853862
5300	9	9	9	1	0:00:01.849021
5320	7	7	7	1	0:00:01.856143
5340	3	5	5	0	0:00:01.856514
5360	9	9	9	1	0:00:01.835596
5380	1	9	9	0	0:00:01.803209
5400	9	9	9	1	0:00:01.832644
5420	6	6	6	1	0:00:01.821403
5440	9	9	9	1	0:00:01.826307
5460	0	6	6	0	0:00:01.835101
5480	1	1	1	1	0:00:01.837586
5500	8	1	8	0	0:00:01.855779
5520	4	3	3	0	0:00:01.829585
5540	5	6	6	0	0:00:01.821890
5560	3	6	6	0	0:00:01.828219
5580	5	6	3	0	0:00:01.830292
5600	6	9	4	0	0:00:01.830460
5620	3	2	2	0	0:00:01.848524
5640	2	3	0	0	0:00:01.837013
5660	9	9	9	1	0:00:01.830979
5680	2	3	3	0	0:00:01.854534
5700	3	5	0	0	0:00:01.822258
5720	9	9	9	1	0:00:01.828674
5740	6	4	4	0	0:00:01.832044
5760	2	2	2	1	0:00:01.847091
5780	7	7	7	1	0:00:01.832286
5800	2	2	2	1	0:00:01.844194
5820	5	6	6	0	0:00:01.846006
5840	2	5	5	0	0:00:01.822501
5860	0	0	8	1	0:00:01.830883
5880	0	0	0	1	0:00:01.823614
5900	4	5	5	0	0:00:01.832327
5920	8	8	8	1	0:00:01.837116
5940	7	6	6	0	0:00:01.834709
5960	2	6	6	0	0:00:01.840606
5980	9	9	9	1	0:00:01.835057
6000	8	8	8	1	0:00:01.829623
6020	6	6	6	1	0:00:01.823491
6040	2	7	7	0	0:00:01.814243
6060	3	6	4	0	0:00:01.808408
6080	1	1	1	1	0:00:01.834435
6100	1	1	1	1	0:00:01.821692
6120	5	5	5	1	0:00:01.839481
6140	9	9	9	1	0:00:01.843706
6160	2	5	5	0	0:00:01.828798
6180	0	9	9	0	0:00:01.827002
6200	3	3	3	1	0:00:01.828427
6220	2	5	5	0	0:00:01.813474
6240	2	0	0	0	0:00:01.823118
6260	2	1	1	0	0:00:01.831712
6280	8	5	5	0	0:00:01.860617
6300	1	1	1	1	0:00:01.832838
6320	0	0	0	1	0:00:01.829135
6340	3	5	5	0	0:00:01.823723
6360	2	6	2	0	0:00:01.846677
6380	3	6	4	0	0:00:01.831507
6400	0	8	0	0	0:00:01.828754
6420	7	7	7	1	0:00:01.831502
6440	3	6	8	0	0:00:01.823451
6460	3	5	5	0	0:00:01.819923
6480	0	2	2	0	0:00:01.860141
6500	7	6	6	0	0:00:01.824493
6520	6	6	2	1	0:00:01.831271
6540	8	8	8	1	0:00:01.833439
6560	6	6	6	1	0:00:01.832052
6580	1	7	3	0	0:00:01.822707
6600	7	7	7	1	0:00:01.819510
6620	7	7	7	1	0:00:01.807846
6640	5	3	3	0	0:00:01.812919
6660	0	0	0	1	0:00:01.812817
6680	3	3	5	1	0:00:01.817570
6700	6	6	6	1	0:00:01.830910
6720	2	4	4	0	0:00:01.843279
6740	2	6	4	0	0:00:01.842250
6760	5	5	3	1	0:00:01.819964
6780	7	7	7	1	0:00:01.846741
6800	6	4	4	0	0:00:01.840818
6820	1	1	1	1	0:00:01.842759
6840	9	9	9	1	0:00:01.835087
6860	0	0	0	1	0:00:01.834803
6880	2	2	2	1	0:00:01.831466
6900	3	3	3	1	0:00:01.841038
6920	5	2	2	0	0:00:01.837187
6940	1	1	1	1	0:00:01.851550
6960	9	8	8	0	0:00:01.833551
6980	0	1	1	0	0:00:01.839728
7000	2	8	8	0	0:00:01.838140
7020	7	7	7	1	0:00:01.838262
7040	7	-1	8	0	0:00:01.833787
7060	8	8	8	1	0:00:01.836519
7080	5	4	4	0	0:00:01.831589
7100	9	2	2	0	0:00:01.848999
7120	7	7	7	1	0:00:01.850972
7140	4	7	7	0	0:00:01.841247
7160	5	5	5	1	0:00:01.840741
7180	6	6	6	1	0:00:01.846367
7200	4	6	6	0	0:00:01.840271
7220	9	-1	0	0	0:00:01.832555
7240	0	8	8	0	0:00:01.817709
7260	1	1	1	1	0:00:01.840912
7280	1	0	0	0	0:00:01.840833
7300	3	4	4	0	0:00:01.837311
7320	8	0	0	0	0:00:01.831641
7340	2	4	4	0	0:00:01.848249
7360	2	7	7	0	0:00:01.832798
7380	7	7	7	1	0:00:01.832953
7400	3	9	9	0	0:00:01.854054
7420	3	2	2	0	0:00:01.835039
7440	3	3	7	1	0:00:01.853458
7460	5	5	5	1	0:00:01.844191
7480	1	-1	8	0	0:00:01.833314
7500	6	6	6	1	0:00:01.841402
7520	4	4	4	1	0:00:01.843522
7540	5	5	5	1	0:00:01.831153
7560	0	0	8	1	0:00:01.832865
7580	8	9	9	0	0:00:01.850446
7600	8	9	9	0	0:00:01.839695
7620	5	3	3	0	0:00:01.834855
7640	9	9	9	1	0:00:01.833884
7660	7	7	7	1	0:00:01.841389
7680	3	5	5	0	0:00:01.839266
7700	6	6	6	1	0:00:01.835946
7720	5	2	2	0	0:00:01.795146
7740	4	-1	2	0	0:00:01.834105
7760	2	9	9	0	0:00:01.847769
7780	3	9	9	0	0:00:01.841877
7800	0	0	0	1	0:00:01.843574
7820	5	5	0	1	0:00:01.844730
7840	1	1	1	1	0:00:01.854758
7860	8	8	8	1	0:00:01.850803
7880	0	0	0	1	0:00:01.839732
7900	0	2	8	0	0:00:01.845436
7920	9	1	1	0	0:00:01.855840
7940	2	6	6	0	0:00:01.853704
7960	0	0	0	1	0:00:01.862801
7980	3	3	3	1	0:00:01.842139
8000	9	9	9	1	0:00:01.845285
8020	6	7	7	0	0:00:01.855747
8040	2	2	0	1	0:00:01.838632
8060	6	6	6	1	0:00:01.852741
8080	4	6	6	0	0:00:01.867803
8100	6	2	2	0	0:00:01.857360
8120	8	9	8	0	0:00:01.853808
8140	5	4	4	0	0:00:01.852573
8160	6	6	6	1	0:00:01.854411
8180	4	6	4	0	0:00:01.848965
8200	3	0	0	0	0:00:01.849479
8220	6	7	4	0	0:00:01.828546
8240	7	7	7	1	0:00:01.859920
8260	1	1	1	1	0:00:01.836077
8280	4	-1	0	0	0:00:01.853586
8300	5	2	2	0	0:00:01.837154
8320	7	7	3	1	0:00:01.845949
8340	5	-1	5	0	0:00:01.840277
8360	7	7	7	1	0:00:01.842998
8380	9	9	9	1	0:00:01.842036
8400	0	-1	8	0	0:00:01.838584
8420	3	6	4	0	0:00:01.848634
8440	5	3	3	0	0:00:01.849490
8460	8	8	8	1	0:00:01.853261
8480	2	2	2	1	0:00:01.847605
8500	4	4	4	1	0:00:01.846734
8520	8	8	8	1	0:00:01.859375
8540	4	6	2	0	0:00:01.852882
8560	7	7	7	1	0:00:01.853367
8580	3	9	9	0	0:00:01.852992
8600	3	5	5	0	0:00:01.850671
8620	3	2	2	0	0:00:01.849589
8640	1	1	1	1	0:00:01.848331
8660	7	-1	5	0	0:00:01.838433
8680	3	6	2	0	0:00:01.841706
8700	3	3	3	1	0:00:01.840748
8720	2	0	0	0	0:00:01.844815
8740	2	4	4	0	0:00:01.845545
8760	8	8	8	1	0:00:01.844648
8780	4	-1	4	0	0:00:01.844654
8800	0	0	0	1	0:00:01.858329
8820	2	2	2	1	0:00:01.851671
8840	2	6	2	0	0:00:01.843163
8860	2	2	2	1	0:00:01.848535
8880	1	1	1	1	0:00:01.865946
8900	2	4	4	0	0:00:01.849352
8920	6	6	6	1	0:00:01.837293
8940	6	3	3	0	0:00:01.854262
8960	0	0	0	1	0:00:01.842817
8980	9	9	9	1	0:00:01.838373
9000	8	8	8	1	0:00:01.846432
9020	7	7	7	1	0:00:01.846973
9040	2	5	5	0	0:00:01.837708
9060	9	9	5	1	0:00:01.843414
9080	3	3	6	1	0:00:01.839846
9100	9	1	1	0	0:00:01.852002
9120	3	5	5	0	0:00:01.843450
9140	7	7	7	1	0:00:01.834826
9160	5	5	5	1	0:00:01.836078
9180	5	5	5	1	0:00:01.828830
9200	8	8	8	1	0:00:01.838088
9220	8	8	8	1	0:00:01.840169
9240	8	8	8	1	0:00:01.836330
9260	5	5	5	1	0:00:01.826465
9280	9	8	8	0	0:00:01.835575
9300	5	4	4	0	0:00:01.835392
9320	9	9	9	1	0:00:01.831330
9340	1	1	1	1	0:00:01.839483
9360	5	0	0	0	0:00:01.838726
9380	5	3	3	0	0:00:01.844014
9400	6	6	6	1	0:00:01.833078
9420	5	5	5	1	0:00:01.839195
9440	8	8	8	1	0:00:01.835139
9460	3	7	7	0	0:00:01.830704
9480	2	4	4	0	0:00:01.839948
9500	9	9	9	1	0:00:01.830896
9520	1	1	1	1	0:00:01.835136
9540	5	5	5	1	0:00:01.846685
9560	9	7	7	0	0:00:01.852478
9580	1	1	1	1	0:00:01.835034
9600	8	8	8	1	0:00:01.839871
9620	4	4	4	1	0:00:01.846054
9640	5	5	5	1	0:00:01.845241
9660	6	6	6	1	0:00:01.836814
9680	8	8	8	1	0:00:01.833690
9700	0	0	0	1	0:00:01.798083
9720	8	1	3	0	0:00:01.799348
9740	3	6	6	0	0:00:01.800010
9760	9	7	7	0	0:00:01.798848
9780	4	6	6	0	0:00:01.805522
9800	1	1	1	1	0:00:01.845517
9820	0	8	8	0	0:00:01.833656
9840	4	3	3	0	0:00:01.841995
9860	0	5	5	0	0:00:01.840742
9880	7	3	3	0	0:00:01.838003
9900	8	8	8	1	0:00:01.836149
9920	6	6	6	1	0:00:01.846933
9940	4	4	4	1	0:00:01.842715
9960	2	0	0	0	0:00:01.840621
9980	0	0	0	1	0:00:01.834531
