idx	label	predict	basePredict	correct	time
0	3	-1	2	0	0:00:01.112095
20	7	-1	9	0	0:00:00.928699
40	4	-1	8	0	0:00:00.969810
60	7	-1	2	0	0:00:01.010214
80	8	-1	8	0	0:00:01.020967
100	4	-1	3	0	0:00:01.010668
120	8	-1	8	0	0:00:01.018488
140	6	2	2	0	0:00:01.009186
160	2	0	0	0	0:00:00.992486
180	0	-1	8	0	0:00:00.927849
200	5	-1	3	0	0:00:00.925634
220	7	7	7	1	0:00:00.924676
240	1	1	8	1	0:00:00.930631
260	8	3	6	0	0:00:00.930812
280	9	9	8	1	0:00:00.926417
300	6	7	4	0	0:00:00.953745
320	3	-1	4	0	0:00:00.938700
340	2	-1	4	0	0:00:00.939782
360	9	-1	4	0	0:00:00.937340
380	6	-1	4	0	0:00:00.957895
400	9	-1	1	0	0:00:01.017253
420	4	6	6	0	0:00:00.960930
440	1	-1	6	0	0:00:00.933471
460	5	-1	4	0	0:00:00.932776
480	8	9	9	0	0:00:00.936620
500	4	-1	6	0	0:00:00.933563
520	5	7	7	0	0:00:00.950668
540	1	-1	8	0	0:00:00.935501
560	0	-1	8	0	0:00:00.930520
580	4	6	4	0	0:00:00.944216
600	8	-1	8	0	0:00:00.937010
620	7	-1	4	0	0:00:00.926763
640	5	3	3	0	0:00:00.939263
660	9	9	3	1	0:00:00.944339
680	9	7	4	0	0:00:00.982517
700	7	0	4	0	0:00:01.038607
720	4	9	9	0	0:00:01.015645
740	2	5	3	0	0:00:00.954428
760	3	9	9	0	0:00:00.934456
780	9	-1	0	0	0:00:00.948219
800	7	7	7	1	0:00:00.973252
820	6	1	8	0	0:00:00.927032
840	7	7	7	1	0:00:01.010851
860	4	-1	4	0	0:00:00.933394
880	8	8	8	1	0:00:00.956967
900	2	-1	4	0	0:00:00.949658
920	6	-1	2	0	0:00:00.918023
940	9	-1	6	0	0:00:00.939353
960	9	9	4	1	0:00:00.946677
980	2	6	6	0	0:00:01.047921
1000	5	5	5	1	0:00:00.882221
1020	1	-1	8	0	0:00:00.931854
1040	7	5	5	0	0:00:00.933468
1060	9	9	8	1	0:00:00.931650
1080	6	-1	6	0	0:00:00.926914
1100	7	8	8	0	0:00:00.894441
1120	5	-1	2	0	0:00:00.927061
1140	6	4	4	0	0:00:00.930282
1160	8	0	0	0	0:00:00.933316
1180	3	-1	8	0	0:00:00.929294
1200	8	0	0	0	0:00:00.849108
1220	9	6	6	0	0:00:00.841183
1240	2	6	6	0	0:00:00.834499
1260	1	9	9	0	0:00:00.835349
1280	3	7	7	0	0:00:00.833066
1300	4	3	3	0	0:00:00.832451
1320	7	-1	2	0	0:00:00.832694
1340	1	-1	8	0	0:00:00.834111
1360	7	-1	4	0	0:00:00.838269
1380	4	5	5	0	0:00:00.855922
1400	5	-1	2	0	0:00:00.843957
1420	4	-1	6	0	0:00:00.849841
1440	0	8	8	0	0:00:00.930204
1460	6	-1	4	0	0:00:00.933831
1480	1	-1	5	0	0:00:00.928655
1500	1	9	9	0	0:00:00.937433
1520	7	6	2	0	0:00:00.933265
1540	8	-1	8	0	0:00:00.931464
1560	7	7	7	1	0:00:00.931625
1580	6	1	1	0	0:00:00.933987
1600	8	-1	6	0	0:00:00.925524
1620	5	8	8	0	0:00:00.924766
1640	7	5	3	0	0:00:00.927373
1660	3	-1	4	0	0:00:00.924529
1680	6	6	6	1	0:00:00.924383
1700	5	2	2	0	0:00:00.916553
1720	4	-1	2	0	0:00:00.836740
1740	1	9	9	0	0:00:00.835640
1760	0	8	8	0	0:00:00.835952
1780	7	-1	8	0	0:00:00.836291
1800	4	8	8	0	0:00:00.835374
1820	8	9	8	0	0:00:00.831564
1840	8	-1	4	0	0:00:00.830351
1860	8	-1	8	0	0:00:00.831440
1880	1	-1	8	0	0:00:00.829969
1900	8	8	8	1	0:00:00.833484
1920	2	-1	2	0	0:00:00.833381
1940	5	-1	3	0	0:00:00.834102
1960	2	5	5	0	0:00:00.831585
1980	9	-1	2	0	0:00:00.834229
2000	1	6	4	0	0:00:00.833657
2020	9	9	1	1	0:00:00.833260
2040	0	8	8	0	0:00:00.841493
2060	5	-1	3	0	0:00:00.837312
2080	1	-1	4	0	0:00:00.839339
2100	2	4	4	0	0:00:00.834425
2120	4	8	8	0	0:00:00.837753
2140	9	-1	1	0	0:00:00.838598
2160	0	8	8	0	0:00:00.838969
2180	4	-1	2	0	0:00:00.875399
2200	0	2	2	0	0:00:00.828045
2220	1	-1	4	0	0:00:00.829607
2240	9	1	8	0	0:00:00.832772
2260	4	7	4	0	0:00:00.828646
2280	4	-1	8	0	0:00:00.827980
2300	3	-1	4	0	0:00:00.830618
2320	5	-1	8	0	0:00:00.827954
2340	7	-1	7	0	0:00:00.833193
2360	7	5	3	0	0:00:00.835234
2380	8	0	0	0	0:00:00.835785
2400	0	-1	4	0	0:00:00.833987
2420	8	-1	5	0	0:00:00.832068
2440	7	-1	8	0	0:00:00.832010
2460	9	3	3	0	0:00:00.833691
2480	8	-1	8	0	0:00:00.834808
2500	4	-1	2	0	0:00:00.834738
2520	1	9	8	0	0:00:00.833869
2540	2	3	3	0	0:00:00.840690
2560	7	-1	2	0	0:00:00.835926
2580	6	-1	4	0	0:00:00.835127
2600	8	8	8	1	0:00:00.903165
2620	1	-1	4	0	0:00:00.923016
2640	7	-1	6	0	0:00:00.927532
2660	3	-1	2	0	0:00:00.923857
2680	0	0	0	1	0:00:00.922562
2700	9	-1	0	0	0:00:00.923438
2720	3	-1	2	0	0:00:00.922610
2740	1	-1	7	0	0:00:00.923806
2760	2	-1	4	0	0:00:00.923327
2780	7	7	6	1	0:00:00.916232
2800	4	6	6	0	0:00:00.899816
2820	6	6	4	1	0:00:00.822113
2840	3	3	3	1	0:00:00.822968
2860	5	-1	4	0	0:00:00.820951
2880	4	4	4	1	0:00:00.820427
2900	3	2	2	0	0:00:00.825376
2920	2	5	5	0	0:00:00.821289
2940	3	0	0	0	0:00:00.822914
2960	9	-1	8	0	0:00:00.823571
2980	8	1	8	0	0:00:00.819434
3000	5	5	5	1	0:00:00.820672
3020	1	-1	8	0	0:00:00.820984
3040	7	7	7	1	0:00:00.823292
3060	7	-1	7	0	0:00:00.829899
3080	1	-1	4	0	0:00:00.827165
3100	0	0	8	1	0:00:00.828261
3120	4	6	2	0	0:00:00.830338
3140	8	-1	8	0	0:00:00.829798
3160	6	4	4	0	0:00:00.824479
3180	3	-1	8	0	0:00:00.822531
3200	5	7	7	0	0:00:00.821122
3220	3	9	9	0	0:00:00.822066
3240	4	1	8	0	0:00:00.825328
3260	7	0	0	0	0:00:00.821265
3280	3	0	0	0	0:00:00.822433
3300	4	-1	4	0	0:00:00.824026
3320	2	7	7	0	0:00:00.822707
3340	6	-1	4	0	0:00:00.820930
3360	4	6	6	0	0:00:00.827953
3380	8	-1	8	0	0:00:00.830416
3400	6	4	4	0	0:00:00.826604
3420	5	-1	4	0	0:00:00.826895
3440	2	9	3	0	0:00:00.829152
3460	1	1	4	1	0:00:00.831952
3480	2	2	2	1	0:00:00.827155
3500	1	-1	4	0	0:00:00.829481
3520	1	1	1	1	0:00:00.830412
3540	6	-1	4	0	0:00:00.829332
3560	1	9	7	0	0:00:00.827260
3580	4	1	8	0	0:00:00.828960
3600	4	2	2	0	0:00:00.828087
3620	0	-1	6	0	0:00:00.828172
3640	6	2	2	0	0:00:00.828900
3660	0	8	8	0	0:00:00.830999
3680	0	-1	2	0	0:00:00.825675
3700	3	-1	4	0	0:00:00.833952
3720	2	2	2	1	0:00:00.898137
3740	0	-1	8	0	0:00:00.819224
3760	7	7	7	1	0:00:00.833512
3780	4	-1	2	0	0:00:00.836142
3800	9	-1	3	0	0:00:00.844321
3820	0	2	2	0	0:00:00.843873
3840	6	-1	3	0	0:00:00.841548
3860	7	7	7	1	0:00:00.840684
3880	6	4	4	0	0:00:00.855786
3900	3	1	1	0	0:00:00.844142
3920	7	-1	8	0	0:00:00.847878
3940	6	7	4	0	0:00:00.876708
3960	2	5	5	0	0:00:00.931816
3980	9	7	7	0	0:00:00.854368
4000	8	7	4	0	0:00:00.854240
4020	8	-1	8	0	0:00:00.863905
4040	0	-1	0	0	0:00:00.858043
4060	6	3	3	0	0:00:00.859162
4080	1	8	8	0	0:00:00.857998
4100	7	7	7	1	0:00:00.860437
4120	4	0	0	0	0:00:00.853405
4140	5	3	3	0	0:00:00.863134
4160	5	2	2	0	0:00:00.862491
4180	0	8	8	0	0:00:00.866198
4200	4	-1	2	0	0:00:00.861016
4220	4	0	0	0	0:00:00.851196
4240	7	0	0	0	0:00:00.859661
4260	8	-1	1	0	0:00:00.854327
4280	8	-1	8	0	0:00:00.832755
4300	8	-1	8	0	0:00:00.845636
4320	1	8	8	0	0:00:00.845377
4340	0	8	8	0	0:00:00.847871
4360	6	9	9	0	0:00:00.842112
4380	9	-1	8	0	0:00:00.837563
4400	3	4	4	0	0:00:00.827105
4420	5	8	8	0	0:00:00.839815
4440	2	6	2	0	0:00:00.844187
4460	9	-1	8	0	0:00:00.840779
4480	9	-1	6	0	0:00:00.845078
4500	3	-1	6	0	0:00:00.845223
4520	3	6	6	0	0:00:00.843933
4540	9	-1	1	0	0:00:00.844718
4560	1	-1	4	0	0:00:00.845674
4580	6	4	4	0	0:00:00.843863
4600	4	7	7	0	0:00:00.844563
4620	7	3	3	0	0:00:00.898186
4640	2	-1	4	0	0:00:00.839122
4660	7	-1	2	0	0:00:00.841010
4680	9	1	1	0	0:00:00.847258
4700	6	1	4	0	0:00:00.854955
4720	8	0	0	0	0:00:00.850755
4740	5	-1	4	0	0:00:00.845920
4760	3	-1	4	0	0:00:00.840046
4780	0	-1	8	0	0:00:00.837150
4800	9	9	9	1	0:00:00.840528
4820	3	5	5	0	0:00:00.844898
4840	0	0	0	1	0:00:00.841842
4860	5	3	3	0	0:00:00.840563
4880	0	2	2	0	0:00:00.841400
4900	3	6	6	0	0:00:00.842787
4920	7	-1	2	0	0:00:00.838996
4940	6	4	4	0	0:00:00.840674
4960	4	3	3	0	0:00:00.840649
4980	1	9	9	0	0:00:00.834936
5000	7	7	7	1	0:00:00.845471
5020	8	1	8	0	0:00:00.869431
5040	3	-1	4	0	0:00:00.883337
5060	6	2	4	0	0:00:00.839551
5080	7	7	7	1	0:00:00.846855
5100	3	-1	4	0	0:00:00.847473
5120	9	8	8	0	0:00:00.848874
5140	8	-1	8	0	0:00:00.844065
5160	0	8	8	0	0:00:00.832311
5180	9	-1	4	0	0:00:00.836376
5200	3	3	3	1	0:00:00.834516
5220	0	0	0	1	0:00:00.840748
5240	1	-1	2	0	0:00:00.842092
5260	0	0	0	1	0:00:00.837332
5280	0	8	8	0	0:00:00.828561
5300	9	1	1	0	0:00:00.836531
5320	7	-1	3	0	0:00:00.918736
5340	3	4	4	0	0:00:00.898803
5360	9	9	3	1	0:00:00.846443
5380	1	9	9	0	0:00:00.832817
5400	9	-1	8	0	0:00:00.830893
5420	6	-1	6	0	0:00:00.836084
5440	9	9	8	1	0:00:00.839143
5460	0	7	7	0	0:00:00.843987
5480	1	-1	4	0	0:00:00.835740
5500	8	1	8	0	0:00:00.869700
5520	4	-1	3	0	0:00:00.903526
5540	5	-1	2	0	0:00:00.864949
5560	3	6	6	0	0:00:00.857362
5580	5	6	6	0	0:00:00.889392
5600	6	-1	0	0	0:00:00.932990
5620	3	2	2	0	0:00:00.932265
5640	2	5	3	0	0:00:00.868187
5660	9	-1	8	0	0:00:00.835997
5680	2	-1	8	0	0:00:00.859849
5700	3	-1	6	0	0:00:00.829403
5720	9	9	7	1	0:00:00.834376
5740	6	-1	4	0	0:00:00.827856
5760	2	-1	2	0	0:00:00.837207
5780	7	-1	4	0	0:00:00.832786
5800	2	-1	4	0	0:00:00.830888
5820	5	6	6	0	0:00:00.829122
5840	2	-1	6	0	0:00:00.831414
5860	0	8	8	0	0:00:00.909269
5880	0	8	8	0	0:00:00.841734
5900	4	3	4	0	0:00:00.836776
5920	8	8	6	1	0:00:00.853336
5940	7	4	4	0	0:00:00.879184
5960	2	-1	4	0	0:00:00.840746
5980	9	-1	6	0	0:00:00.847786
6000	8	9	8	0	0:00:00.835467
6020	6	7	6	0	0:00:00.837109
6040	2	7	7	0	0:00:00.834735
6060	3	4	4	0	0:00:00.834617
6080	1	-1	6	0	0:00:00.883958
6100	1	-1	8	0	0:00:00.836716
6120	5	-1	3	0	0:00:00.839453
6140	9	-1	7	0	0:00:00.838785
6160	2	5	5	0	0:00:00.839583
6180	0	9	8	0	0:00:00.838520
6200	3	-1	8	0	0:00:00.841939
6220	2	6	5	0	0:00:00.848938
6240	2	-1	4	0	0:00:00.860624
6260	2	9	8	0	0:00:00.854538
6280	8	-1	4	0	0:00:00.836446
6300	1	-1	4	0	0:00:00.839925
6320	0	0	0	1	0:00:00.860961
6340	3	-1	3	0	0:00:00.831330
6360	2	6	2	0	0:00:00.831555
6380	3	-1	6	0	0:00:00.837668
6400	0	1	8	0	0:00:00.837288
6420	7	-1	8	0	0:00:00.837664
6440	3	-1	8	0	0:00:00.837286
6460	3	-1	4	0	0:00:00.835897
6480	0	-1	2	0	0:00:00.831592
6500	7	-1	8	0	0:00:00.828915
6520	6	-1	4	0	0:00:00.829795
6540	8	-1	8	0	0:00:00.837944
6560	6	-1	4	0	0:00:00.834994
6580	1	-1	2	0	0:00:00.835117
6600	7	7	7	1	0:00:00.833268
6620	7	-1	3	0	0:00:00.828335
6640	5	-1	8	0	0:00:00.826607
6660	0	-1	8	0	0:00:00.831102
6680	3	5	5	0	0:00:00.839969
6700	6	-1	2	0	0:00:00.844497
6720	2	-1	2	0	0:00:00.838407
6740	2	-1	4	0	0:00:00.835391
6760	5	3	6	0	0:00:00.833050
6780	7	7	7	1	0:00:00.829133
6800	6	2	4	0	0:00:00.836082
6820	1	1	8	1	0:00:00.836738
6840	9	-1	1	0	0:00:00.838239
6860	0	-1	2	0	0:00:00.843773
6880	2	7	7	0	0:00:00.831641
6900	3	7	4	0	0:00:00.849065
6920	5	2	2	0	0:00:00.839055
6940	1	1	1	1	0:00:00.833998
6960	9	8	8	0	0:00:00.835144
6980	0	-1	8	0	0:00:00.834218
7000	2	8	8	0	0:00:00.830025
7020	7	-1	8	0	0:00:00.831222
7040	7	8	8	0	0:00:00.880465
7060	8	0	0	0	0:00:00.834939
7080	5	4	4	0	0:00:00.831911
7100	9	3	3	0	0:00:00.834840
7120	7	-1	6	0	0:00:00.837779
7140	4	-1	4	0	0:00:00.840972
7160	5	-1	4	0	0:00:00.837445
7180	6	6	6	1	0:00:00.828877
7200	4	-1	2	0	0:00:00.838029
7220	9	-1	8	0	0:00:00.836925
7240	0	8	8	0	0:00:00.831010
7260	1	-1	8	0	0:00:00.831556
7280	1	-1	4	0	0:00:00.833850
7300	3	7	7	0	0:00:00.851564
7320	8	0	0	0	0:00:00.835769
7340	2	4	4	0	0:00:00.834400
7360	2	-1	4	0	0:00:00.913178
7380	7	-1	7	0	0:00:00.843817
7400	3	-1	3	0	0:00:00.841637
7420	3	0	0	0	0:00:00.845927
7440	3	-1	2	0	0:00:00.843194
7460	5	5	5	1	0:00:00.832458
7480	1	-1	5	0	0:00:00.830154
7500	6	6	6	1	0:00:00.834488
7520	4	-1	4	0	0:00:00.833398
7540	5	5	5	1	0:00:00.826714
7560	0	-1	2	0	0:00:00.830452
7580	8	0	8	0	0:00:00.828160
7600	8	9	8	0	0:00:00.830171
7620	5	-1	9	0	0:00:00.831504
7640	9	-1	6	0	0:00:00.837589
7660	7	-1	4	0	0:00:00.823562
7680	3	9	3	0	0:00:00.826858
7700	6	6	4	1	0:00:00.827909
7720	5	-1	4	0	0:00:00.839657
7740	4	6	2	0	0:00:00.831813
7760	2	9	9	0	0:00:00.844476
7780	3	1	8	0	0:00:00.914942
7800	0	-1	8	0	0:00:00.855231
7820	5	8	8	0	0:00:00.878744
7840	1	1	1	1	0:00:00.832545
7860	8	7	4	0	0:00:00.828291
7880	0	-1	2	0	0:00:00.831817
7900	0	-1	8	0	0:00:00.840320
7920	9	-1	8	0	0:00:00.871887
7940	2	6	6	0	0:00:00.855527
7960	0	-1	2	0	0:00:00.824649
7980	3	-1	4	0	0:00:00.827362
8000	9	-1	0	0	0:00:00.831947
8020	6	3	3	0	0:00:00.885157
8040	2	6	4	0	0:00:00.831838
8060	6	-1	4	0	0:00:00.836516
8080	4	6	6	0	0:00:00.833669
8100	6	2	2	0	0:00:00.831525
8120	8	9	9	0	0:00:00.831211
8140	5	4	4	0	0:00:00.828902
8160	6	9	6	0	0:00:00.834261
8180	4	-1	4	0	0:00:00.832027
8200	3	-1	2	0	0:00:00.840236
8220	6	-1	2	0	0:00:00.831049
8240	7	7	4	1	0:00:00.834259
8260	1	3	3	0	0:00:00.833323
8280	4	-1	3	0	0:00:00.842401
8300	5	2	2	0	0:00:00.881242
8320	7	-1	4	0	0:00:00.874217
8340	5	3	4	0	0:00:00.868408
8360	7	-1	4	0	0:00:00.880864
8380	9	8	8	0	0:00:00.837228
8400	0	8	8	0	0:00:00.836985
8420	3	-1	4	0	0:00:00.832258
8440	5	-1	4	0	0:00:00.832354
8460	8	-1	8	0	0:00:00.824994
8480	2	-1	8	0	0:00:00.830272
8500	4	2	2	0	0:00:00.833959
8520	8	-1	4	0	0:00:00.831532
8540	4	6	2	0	0:00:00.832448
8560	7	4	4	0	0:00:00.859306
8580	3	-1	2	0	0:00:00.868326
8600	3	-1	4	0	0:00:00.836744
8620	3	-1	4	0	0:00:00.833925
8640	1	1	8	1	0:00:00.827255
8660	7	-1	5	0	0:00:00.834286
8680	3	9	8	0	0:00:00.835809
8700	3	3	3	1	0:00:00.827527
8720	2	0	0	0	0:00:00.835524
8740	2	-1	4	0	0:00:00.833051
8760	8	-1	5	0	0:00:00.854852
8780	4	-1	4	0	0:00:00.874223
8800	0	0	0	1	0:00:00.831830
8820	2	3	3	0	0:00:00.836732
8840	2	1	1	0	0:00:00.829670
8860	2	-1	6	0	0:00:00.832826
8880	1	9	6	0	0:00:00.834240
8900	2	6	4	0	0:00:00.834299
8920	6	6	6	1	0:00:00.842031
8940	6	3	3	0	0:00:00.830083
8960	0	0	0	1	0:00:00.837388
8980	9	9	8	1	0:00:00.839805
9000	8	8	8	1	0:00:00.826757
9020	7	9	8	0	0:00:00.850678
9040	2	5	5	0	0:00:00.856390
9060	9	5	5	0	0:00:00.853966
9080	3	0	0	0	0:00:00.838735
9100	9	6	6	0	0:00:00.843868
9120	3	0	0	0	0:00:00.913301
9140	7	-1	8	0	0:00:00.879054
9160	5	-1	4	0	0:00:00.832320
9180	5	5	5	1	0:00:00.844260
9200	8	8	8	1	0:00:00.856088
9220	8	8	8	1	0:00:00.919494
9240	8	-1	8	0	0:00:00.837749
9260	5	6	6	0	0:00:00.848196
9280	9	-1	8	0	0:00:00.832100
9300	5	-1	2	0	0:00:00.840616
9320	9	-1	8	0	0:00:00.851361
9340	1	1	1	1	0:00:00.831544
9360	5	-1	4	0	0:00:00.875790
9380	5	9	3	0	0:00:00.856122
9400	6	4	4	0	0:00:00.829751
9420	5	6	6	0	0:00:00.832320
9440	8	8	8	1	0:00:00.825687
9460	3	7	4	0	0:00:00.835875
9480	2	4	4	0	0:00:00.833798
9500	9	-1	4	0	0:00:00.847229
9520	1	-1	1	0	0:00:00.841015
9540	5	-1	4	0	0:00:00.836137
9560	9	7	7	0	0:00:00.829544
9580	1	4	4	0	0:00:00.862699
9600	8	-1	8	0	0:00:00.879461
9620	4	7	7	0	0:00:00.830132
9640	5	0	0	0	0:00:00.876504
9660	6	-1	6	0	0:00:00.839879
9680	8	-1	8	0	0:00:00.834714
9700	0	-1	2	0	0:00:00.850422
9720	8	-1	4	0	0:00:00.830633
9740	3	-1	4	0	0:00:00.838656
9760	9	7	4	0	0:00:00.835055
9780	4	6	6	0	0:00:00.826425
9800	1	1	1	1	0:00:00.829080
9820	0	8	8	0	0:00:00.831149
9840	4	-1	5	0	0:00:00.848609
9860	0	-1	8	0	0:00:00.832657
9880	7	-1	4	0	0:00:00.825924
9900	8	0	6	0	0:00:00.834156
9920	6	4	2	0	0:00:00.832499
9940	4	-1	5	0	0:00:00.832041
9960	2	0	0	0	0:00:00.833127
9980	0	0	0	1	0:00:00.834514
