idx	label	predict	basePredict	correct	time
0	3	2	2	0	0:00:02.918615
20	7	1	9	0	0:00:02.828394
40	4	8	8	0	0:00:02.833745
60	7	2	2	0	0:00:02.793440
80	8	8	8	1	0:00:02.817461
100	4	-1	3	0	0:00:02.806738
120	8	8	8	1	0:00:02.816959
140	6	2	2	0	0:00:02.812899
160	2	0	0	0	0:00:02.851063
180	0	9	8	0	0:00:02.810186
200	5	7	3	0	0:00:02.851902
220	7	7	4	1	0:00:02.788307
240	1	1	8	1	0:00:02.848393
260	8	3	6	0	0:00:02.806244
280	9	9	8	1	0:00:02.809892
300	6	7	4	0	0:00:02.788924
320	3	2	4	0	0:00:02.803975
340	2	4	4	0	0:00:02.850616
360	9	7	4	0	0:00:02.788475
380	6	-1	4	0	0:00:02.816878
400	9	1	1	0	0:00:02.808494
420	4	6	6	0	0:00:02.803728
440	1	9	6	0	0:00:02.832078
460	5	3	4	0	0:00:02.787042
480	8	9	9	0	0:00:02.890044
500	4	9	6	0	0:00:02.791508
520	5	7	7	0	0:00:02.793212
540	1	9	8	0	0:00:02.826218
560	0	0	8	1	0:00:02.790112
580	4	6	4	0	0:00:02.805960
600	8	3	8	0	0:00:02.796414
620	7	-1	4	0	0:00:03.022743
640	5	3	3	0	0:00:02.819063
660	9	9	8	1	0:00:02.774943
680	9	7	4	0	0:00:02.794493
700	7	0	0	0	0:00:02.808924
720	4	9	9	0	0:00:02.797661
740	2	5	3	0	0:00:02.838272
760	3	9	9	0	0:00:02.796656
780	9	-1	0	0	0:00:02.795519
800	7	7	7	1	0:00:02.811231
820	6	1	8	0	0:00:02.791917
840	7	7	7	1	0:00:02.813176
860	4	4	4	1	0:00:02.827247
880	8	8	8	1	0:00:02.831620
900	2	6	4	0	0:00:02.828682
920	6	4	2	0	0:00:02.803303
940	9	1	9	0	0:00:02.825047
960	9	9	4	1	0:00:02.798362
980	2	6	6	0	0:00:02.814318
1000	5	5	5	1	0:00:02.104607
1020	1	8	8	0	0:00:02.096896
1040	7	5	5	0	0:00:02.094520
1060	9	9	8	1	0:00:02.099879
1080	6	3	3	0	0:00:02.098023
1100	7	8	8	0	0:00:02.097602
1120	5	2	2	0	0:00:02.102874
1140	6	4	4	0	0:00:02.090985
1160	8	0	0	0	0:00:02.089982
1180	3	0	8	0	0:00:02.088806
1200	8	0	0	0	0:00:02.090273
1220	9	6	2	0	0:00:02.093790
1240	2	6	6	0	0:00:02.090302
1260	1	9	9	0	0:00:02.092331
1280	3	7	7	0	0:00:02.094718
1300	4	3	3	0	0:00:02.092539
1320	7	2	2	0	0:00:02.096858
1340	1	3	8	0	0:00:02.091577
1360	7	5	4	0	0:00:02.095383
1380	4	5	5	0	0:00:02.093785
1400	5	6	2	0	0:00:02.093337
1420	4	7	6	0	0:00:02.094470
1440	0	8	8	0	0:00:02.095384
1460	6	-1	4	0	0:00:02.095003
1480	1	5	5	0	0:00:02.099188
1500	1	9	9	0	0:00:02.105819
1520	7	6	2	0	0:00:02.105970
1540	8	8	8	1	0:00:02.094023
1560	7	7	7	1	0:00:02.094462
1580	6	1	1	0	0:00:02.091016
1600	8	9	6	0	0:00:02.094012
1620	5	8	8	0	0:00:02.094035
1640	7	5	3	0	0:00:02.088992
1660	3	-1	4	0	0:00:02.092738
1680	6	6	6	1	0:00:02.086922
1700	5	2	2	0	0:00:02.089065
1720	4	2	2	0	0:00:02.098871
1740	1	9	9	0	0:00:02.097103
1760	0	8	8	0	0:00:02.098421
1780	7	8	8	0	0:00:02.088791
1800	4	8	8	0	0:00:02.094920
1820	8	9	8	0	0:00:02.089828
1840	8	-1	4	0	0:00:02.095399
1860	8	8	8	1	0:00:02.093640
1880	1	8	8	0	0:00:02.091501
1900	8	8	8	1	0:00:02.091849
1920	2	5	2	0	0:00:02.090675
1940	5	3	3	0	0:00:02.095204
1960	2	5	5	0	0:00:02.094738
1980	9	9	2	1	0:00:02.087031
2000	1	6	4	0	0:00:02.090013
2020	9	9	1	1	0:00:02.095429
2040	0	8	8	0	0:00:02.091605
2060	5	-1	3	0	0:00:02.094934
2080	1	9	6	0	0:00:02.104244
2100	2	4	4	0	0:00:02.097853
2120	4	8	8	0	0:00:02.101270
2140	9	1	1	0	0:00:02.095724
2160	0	8	8	0	0:00:02.091075
2180	4	2	2	0	0:00:02.096762
2200	0	2	2	0	0:00:02.088271
2220	1	1	4	1	0:00:02.091302
2240	9	1	8	0	0:00:02.092631
2260	4	7	2	0	0:00:02.090967
2280	4	8	8	0	0:00:02.092234
2300	3	2	4	0	0:00:02.095491
2320	5	8	8	0	0:00:02.090394
2340	7	-1	7	0	0:00:02.094539
2360	7	5	3	0	0:00:02.089787
2380	8	0	0	0	0:00:02.094024
2400	0	4	4	0	0:00:02.094358
2420	8	5	5	0	0:00:02.093545
2440	7	1	8	0	0:00:02.094899
2460	9	3	3	0	0:00:02.095954
2480	8	8	8	1	0:00:02.094803
2500	4	6	2	0	0:00:02.099837
2520	1	9	9	0	0:00:02.101882
2540	2	3	3	0	0:00:02.099295
2560	7	6	2	0	0:00:02.095250
2580	6	7	4	0	0:00:02.099001
2600	8	8	8	1	0:00:02.112479
2620	1	4	4	0	0:00:02.096469
2640	7	6	6	0	0:00:02.087862
2660	3	2	2	0	0:00:02.087640
2680	0	0	0	1	0:00:02.075834
2700	9	7	0	0	0:00:02.086364
2720	3	8	2	0	0:00:02.082103
2740	1	-1	7	0	0:00:02.091232
2760	2	4	4	0	0:00:02.080405
2780	7	7	6	1	0:00:02.085943
2800	4	6	6	0	0:00:02.096200
2820	6	6	4	1	0:00:02.110670
2840	3	3	3	1	0:00:02.097141
2860	5	7	4	0	0:00:02.093426
2880	4	4	4	1	0:00:02.094356
2900	3	2	2	0	0:00:02.093002
2920	2	5	5	0	0:00:02.097189
2940	3	0	0	0	0:00:02.094139
2960	9	9	8	1	0:00:02.094387
2980	8	1	8	0	0:00:02.094576
3000	5	5	5	1	0:00:02.095894
3020	1	8	8	0	0:00:02.086839
3040	7	7	7	1	0:00:02.082947
3060	7	7	3	1	0:00:02.097446
3080	1	7	4	0	0:00:02.095710
3100	0	0	0	1	0:00:02.101038
3120	4	6	2	0	0:00:02.091567
3140	8	0	8	0	0:00:02.102180
3160	6	4	4	0	0:00:02.103341
3180	3	7	8	0	0:00:02.099224
3200	5	7	7	0	0:00:02.097774
3220	3	9	9	0	0:00:02.111624
3240	4	1	8	0	0:00:02.102892
3260	7	0	0	0	0:00:02.104531
3280	3	0	0	0	0:00:02.099113
3300	4	6	4	0	0:00:02.098256
3320	2	7	7	0	0:00:02.096581
3340	6	7	4	0	0:00:02.106403
3360	4	6	6	0	0:00:02.101515
3380	8	1	8	0	0:00:02.095578
3400	6	4	4	0	0:00:02.098335
3420	5	4	4	0	0:00:02.094689
3440	2	9	3	0	0:00:02.093119
3460	1	1	4	1	0:00:02.103791
3480	2	2	2	1	0:00:02.094515
3500	1	1	4	1	0:00:02.101269
3520	1	1	1	1	0:00:02.094995
3540	6	6	4	1	0:00:02.111410
3560	1	9	0	0	0:00:02.103814
3580	4	1	8	0	0:00:02.095654
3600	4	2	2	0	0:00:02.097653
3620	0	6	6	0	0:00:02.095523
3640	6	2	2	0	0:00:02.094237
3660	0	8	8	0	0:00:02.093965
3680	0	2	2	0	0:00:02.088874
3700	3	6	4	0	0:00:02.088588
3720	2	2	2	1	0:00:02.093050
3740	0	8	8	0	0:00:02.096386
3760	7	7	7	1	0:00:02.093216
3780	4	2	2	0	0:00:02.089439
3800	9	3	3	0	0:00:02.094532
3820	0	2	2	0	0:00:02.096889
3840	6	3	3	0	0:00:02.082772
3860	7	7	7	1	0:00:02.089129
3880	6	4	4	0	0:00:02.079114
3900	3	1	1	0	0:00:02.096386
3920	7	8	8	0	0:00:02.092861
3940	6	7	4	0	0:00:02.081335
3960	2	5	5	0	0:00:02.083203
3980	9	7	7	0	0:00:02.092254
4000	8	7	4	0	0:00:02.087716
4020	8	-1	8	0	0:00:02.093255
4040	0	8	8	0	0:00:02.092426
4060	6	3	3	0	0:00:02.097236
4080	1	8	8	0	0:00:02.100380
4100	7	7	7	1	0:00:02.100381
4120	4	0	0	0	0:00:02.104115
4140	5	3	3	0	0:00:02.095622
4160	5	2	2	0	0:00:02.094311
4180	0	8	8	0	0:00:02.095546
4200	4	2	2	0	0:00:02.107434
4220	4	0	0	0	0:00:02.091880
4240	7	0	0	0	0:00:02.100810
4260	8	1	1	0	0:00:02.095179
4280	8	9	0	0	0:00:02.099511
4300	8	9	8	0	0:00:02.094223
4320	1	8	8	0	0:00:02.103527
4340	0	8	8	0	0:00:02.093678
4360	6	9	9	0	0:00:02.095274
4380	9	-1	8	0	0:00:02.098769
4400	3	4	4	0	0:00:02.102796
4420	5	8	8	0	0:00:02.096330
4440	2	6	2	0	0:00:02.101639
4460	9	8	8	0	0:00:02.100610
4480	9	6	6	0	0:00:02.093508
4500	3	6	6	0	0:00:02.098826
4520	3	6	6	0	0:00:02.101465
4540	9	9	9	1	0:00:02.108849
4560	1	6	4	0	0:00:02.096446
4580	6	4	4	0	0:00:02.100918
4600	4	7	7	0	0:00:02.099119
4620	7	3	3	0	0:00:02.096158
4640	2	3	4	0	0:00:02.092634
4660	7	4	2	0	0:00:02.103550
4680	9	1	1	0	0:00:02.098490
4700	6	1	4	0	0:00:02.091457
4720	8	0	0	0	0:00:02.104284
4740	5	6	4	0	0:00:02.093346
4760	3	-1	4	0	0:00:02.091843
4780	0	-1	8	0	0:00:02.093962
4800	9	9	9	1	0:00:02.102766
4820	3	5	5	0	0:00:02.097079
4840	0	0	0	1	0:00:02.092906
4860	5	3	3	0	0:00:02.095125
4880	0	2	2	0	0:00:02.093740
4900	3	6	6	0	0:00:02.124146
4920	7	0	2	0	0:00:02.102605
4940	6	4	2	0	0:00:02.105437
4960	4	3	3	0	0:00:02.093371
4980	1	9	9	0	0:00:02.084876
5000	7	7	7	1	0:00:02.096798
5020	8	1	8	0	0:00:02.090915
5040	3	7	4	0	0:00:02.090026
5060	6	2	4	0	0:00:02.086130
5080	7	7	7	1	0:00:02.085973
5100	3	4	4	0	0:00:02.087074
5120	9	8	8	0	0:00:02.088298
5140	8	0	8	0	0:00:02.087897
5160	0	8	8	0	0:00:02.089967
5180	9	6	4	0	0:00:02.088405
5200	3	3	3	1	0:00:02.100837
5220	0	0	0	1	0:00:02.087147
5240	1	9	2	0	0:00:02.082251
5260	0	0	0	1	0:00:02.083825
5280	0	8	8	0	0:00:02.085982
5300	9	1	1	0	0:00:02.083863
5320	7	0	3	0	0:00:02.080302
5340	3	4	4	0	0:00:02.089713
5360	9	9	3	1	0:00:02.083085
5380	1	9	9	0	0:00:02.084401
5400	9	0	8	0	0:00:02.090538
5420	6	5	6	0	0:00:02.086857
5440	9	9	8	1	0:00:02.078277
5460	0	7	7	0	0:00:02.076065
5480	1	-1	4	0	0:00:02.091274
5500	8	1	8	0	0:00:02.119410
5520	4	-1	3	0	0:00:02.106675
5540	5	6	2	0	0:00:02.084880
5560	3	6	4	0	0:00:02.091127
5580	5	6	6	0	0:00:02.090892
5600	6	-1	0	0	0:00:02.086787
5620	3	2	2	0	0:00:02.105382
5640	2	5	3	0	0:00:02.092020
5660	9	8	8	0	0:00:02.096008
5680	2	1	8	0	0:00:02.091237
5700	3	6	6	0	0:00:02.106810
5720	9	9	7	1	0:00:02.100814
5740	6	4	4	0	0:00:02.093984
5760	2	0	2	0	0:00:02.105060
5780	7	7	4	1	0:00:02.095859
5800	2	7	4	0	0:00:02.098008
5820	5	6	6	0	0:00:02.097719
5840	2	6	3	0	0:00:02.104149
5860	0	8	8	0	0:00:02.100522
5880	0	8	8	0	0:00:02.097283
5900	4	3	4	0	0:00:02.108673
5920	8	8	6	1	0:00:02.104011
5940	7	4	4	0	0:00:02.094820
5960	2	7	4	0	0:00:02.102251
5980	9	9	6	1	0:00:02.095080
6000	8	9	8	0	0:00:02.093369
6020	6	7	6	0	0:00:02.093476
6040	2	7	7	0	0:00:02.110063
6060	3	4	4	0	0:00:02.094399
6080	1	6	6	0	0:00:02.101547
6100	1	1	8	1	0:00:02.095663
6120	5	3	3	0	0:00:02.103749
6140	9	7	7	0	0:00:02.092902
6160	2	5	5	0	0:00:02.090411
6180	0	9	8	0	0:00:02.087628
6200	3	9	8	0	0:00:02.087634
6220	2	6	5	0	0:00:02.096202
6240	2	1	0	0	0:00:02.093626
6260	2	9	8	0	0:00:02.099127
6280	8	5	6	0	0:00:02.098228
6300	1	7	4	0	0:00:02.090583
6320	0	0	0	1	0:00:02.104579
6340	3	7	3	0	0:00:02.097715
6360	2	6	2	0	0:00:02.104585
6380	3	1	6	0	0:00:02.096301
6400	0	1	8	0	0:00:02.091607
6420	7	8	8	0	0:00:02.096648
6440	3	-1	8	0	0:00:02.097264
6460	3	1	4	0	0:00:02.093537
6480	0	5	2	0	0:00:02.095788
6500	7	8	8	0	0:00:02.094451
6520	6	-1	4	0	0:00:02.094655
6540	8	-1	8	0	0:00:02.099899
6560	6	7	4	0	0:00:02.092832
6580	1	2	3	0	0:00:02.092808
6600	7	7	7	1	0:00:02.088470
6620	7	7	3	1	0:00:02.096600
6640	5	0	8	0	0:00:02.096064
6660	0	0	8	1	0:00:02.091324
6680	3	5	5	0	0:00:02.100827
6700	6	2	2	0	0:00:02.095456
6720	2	4	2	0	0:00:02.096879
6740	2	6	4	0	0:00:02.093791
6760	5	3	6	0	0:00:02.108913
6780	7	7	7	1	0:00:02.096714
6800	6	2	4	0	0:00:02.092966
6820	1	1	8	1	0:00:02.103148
6840	9	1	1	0	0:00:02.087453
6860	0	2	2	0	0:00:02.090327
6880	2	7	6	0	0:00:02.091726
6900	3	7	4	0	0:00:02.089168
6920	5	2	2	0	0:00:02.094668
6940	1	1	1	1	0:00:02.088336
6960	9	8	8	0	0:00:02.088665
6980	0	1	1	0	0:00:02.089809
7000	2	8	8	0	0:00:02.090162
7020	7	1	8	0	0:00:02.096116
7040	7	8	8	0	0:00:02.088783
7060	8	0	0	0	0:00:02.087452
7080	5	4	4	0	0:00:02.092729
7100	9	3	3	0	0:00:02.091255
7120	7	6	6	0	0:00:02.083380
7140	4	1	4	0	0:00:02.089780
7160	5	4	4	0	0:00:02.090871
7180	6	6	6	1	0:00:02.089129
7200	4	6	2	0	0:00:02.096752
7220	9	9	8	1	0:00:02.104329
7240	0	8	8	0	0:00:02.101346
7260	1	8	8	0	0:00:02.099041
7280	1	6	4	0	0:00:02.100942
7300	3	7	7	0	0:00:02.097053
7320	8	0	0	0	0:00:02.094638
7340	2	4	4	0	0:00:02.094796
7360	2	7	4	0	0:00:02.090863
7380	7	9	7	0	0:00:02.092522
7400	3	9	3	0	0:00:02.093662
7420	3	0	0	0	0:00:02.093110
7440	3	6	2	0	0:00:02.093659
7460	5	5	5	1	0:00:02.088868
7480	1	8	5	0	0:00:02.096830
7500	6	6	6	1	0:00:02.091836
7520	4	6	4	0	0:00:02.089136
7540	5	5	5	1	0:00:02.093162
7560	0	9	2	0	0:00:02.089448
7580	8	0	8	0	0:00:02.080581
7600	8	9	2	0	0:00:02.092514
7620	5	1	9	0	0:00:02.094798
7640	9	3	6	0	0:00:02.085049
7660	7	1	4	0	0:00:02.081213
7680	3	9	3	0	0:00:02.076130
7700	6	6	4	1	0:00:02.080124
7720	5	-1	4	0	0:00:02.075876
7740	4	6	2	0	0:00:02.082072
7760	2	9	9	0	0:00:02.086424
7780	3	1	8	0	0:00:02.091036
7800	0	0	8	1	0:00:02.104486
7820	5	8	8	0	0:00:02.099277
7840	1	1	1	1	0:00:02.096954
7860	8	7	4	0	0:00:02.101998
7880	0	-1	2	0	0:00:02.095761
7900	0	4	2	0	0:00:02.093680
7920	9	8	8	0	0:00:02.096605
7940	2	6	6	0	0:00:02.094749
7960	0	2	2	0	0:00:02.093147
7980	3	7	4	0	0:00:02.107076
8000	9	9	9	1	0:00:02.092448
8020	6	3	3	0	0:00:02.092214
8040	2	6	4	0	0:00:02.093501
8060	6	4	4	0	0:00:02.093661
8080	4	6	6	0	0:00:02.095214
8100	6	2	2	0	0:00:02.095265
8120	8	9	9	0	0:00:02.095804
8140	5	4	4	0	0:00:02.094963
8160	6	9	6	0	0:00:02.092094
8180	4	6	4	0	0:00:02.095993
8200	3	7	4	0	0:00:02.092073
8220	6	2	2	0	0:00:02.096611
8240	7	7	4	1	0:00:02.087047
8260	1	3	3	0	0:00:02.088916
8280	4	-1	3	0	0:00:02.093220
8300	5	2	2	0	0:00:02.097660
8320	7	3	4	0	0:00:02.089295
8340	5	3	4	0	0:00:02.091265
8360	7	4	4	0	0:00:02.094810
8380	9	8	8	0	0:00:02.084664
8400	0	8	8	0	0:00:02.106745
8420	3	4	4	0	0:00:02.091419
8440	5	9	3	0	0:00:02.096706
8460	8	8	8	1	0:00:02.094467
8480	2	1	8	0	0:00:02.095244
8500	4	0	2	0	0:00:02.095307
8520	8	1	4	0	0:00:02.094118
8540	4	6	2	0	0:00:02.092225
8560	7	4	4	0	0:00:02.083954
8580	3	0	2	0	0:00:02.089932
8600	3	-1	4	0	0:00:02.088686
8620	3	1	4	0	0:00:02.096647
8640	1	1	8	1	0:00:02.096651
8660	7	5	5	0	0:00:02.089562
8680	3	9	8	0	0:00:02.090184
8700	3	3	3	1	0:00:02.095855
8720	2	0	0	0	0:00:02.091159
8740	2	4	4	0	0:00:02.093883
8760	8	5	5	0	0:00:02.113447
8780	4	7	4	0	0:00:02.087540
8800	0	0	0	1	0:00:02.091343
8820	2	3	3	0	0:00:02.090653
8840	2	1	1	0	0:00:02.092349
8860	2	6	8	0	0:00:02.092160
8880	1	9	6	0	0:00:02.092953
8900	2	6	4	0	0:00:02.099547
8920	6	6	6	1	0:00:02.091755
8940	6	3	3	0	0:00:02.102886
8960	0	0	0	1	0:00:02.096241
8980	9	9	8	1	0:00:02.093134
9000	8	8	8	1	0:00:02.089641
9020	7	9	8	0	0:00:02.089886
9040	2	5	5	0	0:00:02.099262
9060	9	5	5	0	0:00:02.098857
9080	3	0	0	0	0:00:02.096132
9100	9	6	6	0	0:00:02.095618
9120	3	0	0	0	0:00:02.095216
9140	7	9	8	0	0:00:02.103918
9160	5	-1	4	0	0:00:02.101408
9180	5	5	5	1	0:00:02.103260
9200	8	8	8	1	0:00:02.101901
9220	8	8	8	1	0:00:02.099830
9240	8	9	8	0	0:00:02.097415
9260	5	6	6	0	0:00:02.104915
9280	9	0	8	0	0:00:02.103084
9300	5	3	2	0	0:00:02.096617
9320	9	8	8	0	0:00:02.096115
9340	1	1	1	1	0:00:02.101025
9360	5	1	4	0	0:00:02.093877
9380	5	9	9	0	0:00:02.109646
9400	6	4	2	0	0:00:02.091622
9420	5	6	6	0	0:00:02.092005
9440	8	8	8	1	0:00:02.087289
9460	3	7	7	0	0:00:02.090780
9480	2	4	4	0	0:00:02.090965
9500	9	1	4	0	0:00:02.097293
9520	1	3	8	0	0:00:02.099613
9540	5	3	4	0	0:00:02.095347
9560	9	7	7	0	0:00:02.094866
9580	1	4	4	0	0:00:02.087400
9600	8	0	8	0	0:00:02.085818
9620	4	7	7	0	0:00:02.086079
9640	5	0	0	0	0:00:02.094070
9660	6	-1	6	0	0:00:02.090567
9680	8	9	8	0	0:00:02.085436
9700	0	2	2	0	0:00:02.096127
9720	8	6	6	0	0:00:02.089916
9740	3	4	4	0	0:00:02.090715
9760	9	7	4	0	0:00:02.098038
9780	4	6	6	0	0:00:02.092122
9800	1	1	1	1	0:00:02.092617
9820	0	8	8	0	0:00:02.088313
9840	4	5	5	0	0:00:02.092781
9860	0	5	8	0	0:00:02.095787
9880	7	4	4	0	0:00:02.090774
9900	8	0	6	0	0:00:02.091466
9920	6	4	2	0	0:00:02.098989
9940	4	5	5	0	0:00:02.091656
9960	2	0	0	0	0:00:02.093019
9980	0	0	0	1	0:00:02.093982
