idx	label	predict	basePredict	correct	time
0	3	3	5	1	0:00:01.535886
20	7	9	9	0	0:00:01.291499
40	4	4	4	1	0:00:01.300102
60	7	7	7	1	0:00:01.294533
80	8	8	8	1	0:00:01.308789
100	4	5	5	0	0:00:01.293143
120	8	8	8	1	0:00:01.289503
140	6	2	2	0	0:00:01.315487
160	2	2	2	1	0:00:01.290277
180	0	0	0	1	0:00:01.333344
200	5	3	3	0	0:00:01.280941
220	7	7	7	1	0:00:01.286649
240	1	1	1	1	0:00:01.308185
260	8	5	5	0	0:00:01.289927
280	9	9	9	1	0:00:01.292181
300	6	6	6	1	0:00:01.280284
320	3	5	5	0	0:00:01.297098
340	2	6	4	0	0:00:01.300555
360	9	6	6	0	0:00:01.286039
380	6	6	4	1	0:00:01.282378
400	9	9	9	1	0:00:01.280242
420	4	6	6	0	0:00:01.329211
440	1	1	1	1	0:00:01.306667
460	5	5	5	1	0:00:01.306855
480	8	9	9	0	0:00:01.286422
500	4	6	6	0	0:00:01.306170
520	5	7	7	0	0:00:01.311984
540	1	1	1	1	0:00:01.295814
560	0	0	0	1	0:00:01.284537
580	4	6	6	0	0:00:01.279945
600	8	8	8	1	0:00:01.289852
620	7	4	4	0	0:00:01.280961
640	5	3	3	0	0:00:01.298425
660	9	9	9	1	0:00:01.288332
680	9	1	1	0	0:00:01.296128
700	7	7	7	1	0:00:01.293238
720	4	7	7	0	0:00:01.282031
740	2	5	5	0	0:00:01.266435
760	3	7	7	0	0:00:01.277482
780	9	1	1	0	0:00:01.280976
800	7	7	7	1	0:00:01.277533
820	6	1	1	0	0:00:01.261578
840	7	7	7	1	0:00:01.297208
860	4	4	4	1	0:00:01.318426
880	8	8	8	1	0:00:01.301340
900	2	6	6	0	0:00:01.308162
920	6	2	2	0	0:00:01.283756
940	9	9	9	1	0:00:01.285476
960	9	9	9	1	0:00:01.282210
980	2	6	6	0	0:00:01.325374
1000	5	5	5	1	0:00:01.174171
1020	1	1	1	1	0:00:01.220596
1040	7	5	5	0	0:00:01.198862
1060	9	9	9	1	0:00:01.208368
1080	6	6	6	1	0:00:01.201340
1100	7	8	8	0	0:00:01.200292
1120	5	2	2	0	0:00:01.192606
1140	6	6	4	1	0:00:01.195627
1160	8	8	8	1	0:00:01.192490
1180	3	9	1	0	0:00:01.193303
1200	8	8	8	1	0:00:01.190079
1220	9	7	4	0	0:00:01.193148
1240	2	6	6	0	0:00:01.193057
1260	1	9	9	0	0:00:01.185275
1280	3	7	7	0	0:00:01.191992
1300	4	6	6	0	0:00:01.174013
1320	7	7	2	1	0:00:01.192327
1340	1	1	1	1	0:00:01.166639
1360	7	7	7	1	0:00:01.186172
1380	4	5	5	0	0:00:01.201890
1400	5	5	5	1	0:00:01.198002
1420	4	7	7	0	0:00:01.191597
1440	0	8	8	0	0:00:01.185506
1460	6	6	6	1	0:00:01.200857
1480	1	1	1	1	0:00:01.195150
1500	1	9	1	0	0:00:01.202225
1520	7	7	7	1	0:00:01.179500
1540	8	8	8	1	0:00:01.200182
1560	7	7	7	1	0:00:01.195609
1580	6	1	1	0	0:00:01.188064
1600	8	1	1	0	0:00:01.185242
1620	5	8	8	0	0:00:01.191803
1640	7	3	3	0	0:00:01.161384
1660	3	5	5	0	0:00:01.204836
1680	6	6	6	1	0:00:01.175164
1700	5	2	2	0	0:00:01.186286
1720	4	2	0	0	0:00:01.186190
1740	1	9	9	0	0:00:01.182165
1760	0	8	8	0	0:00:01.188944
1780	7	9	7	0	0:00:01.193110
1800	4	8	8	0	0:00:01.204082
1820	8	8	8	1	0:00:01.206453
1840	8	7	7	0	0:00:01.199222
1860	8	8	8	1	0:00:01.183178
1880	1	1	1	1	0:00:01.182566
1900	8	8	8	1	0:00:01.204516
1920	2	2	2	1	0:00:01.207844
1940	5	2	2	0	0:00:01.203378
1960	2	5	5	0	0:00:01.207103
1980	9	9	9	1	0:00:01.187205
2000	1	1	1	1	0:00:01.219154
2020	9	9	9	1	0:00:01.197043
2040	0	8	8	0	0:00:01.192112
2060	5	5	5	1	0:00:01.214706
2080	1	1	1	1	0:00:01.195932
2100	2	4	4	0	0:00:01.196367
2120	4	8	8	0	0:00:01.205869
2140	9	9	9	1	0:00:01.191519
2160	0	8	8	0	0:00:01.183588
2180	4	6	6	0	0:00:01.185881
2200	0	0	0	1	0:00:01.181961
2220	1	1	1	1	0:00:01.196690
2240	9	9	9	1	0:00:01.185991
2260	4	4	4	1	0:00:01.174336
2280	4	8	8	0	0:00:01.153364
2300	3	6	6	0	0:00:01.176379
2320	5	2	2	0	0:00:01.169715
2340	7	7	7	1	0:00:01.162465
2360	7	7	7	1	0:00:01.175477
2380	8	8	8	1	0:00:01.199847
2400	0	0	0	1	0:00:01.195925
2420	8	5	5	0	0:00:01.202297
2440	7	7	7	1	0:00:01.171851
2460	9	9	3	1	0:00:01.180833
2480	8	8	8	1	0:00:01.190012
2500	4	6	2	0	0:00:01.197454
2520	1	8	8	0	0:00:01.189401
2540	2	3	3	0	0:00:01.187495
2560	7	7	5	1	0:00:01.187671
2580	6	6	6	1	0:00:01.204260
2600	8	8	8	1	0:00:01.162885
2620	1	1	1	1	0:00:01.165642
2640	7	7	7	1	0:00:01.176191
2660	3	2	0	0	0:00:01.189883
2680	0	0	0	1	0:00:01.195116
2700	9	1	1	0	0:00:01.184741
2720	3	8	8	0	0:00:01.194808
2740	1	1	1	1	0:00:01.186831
2760	2	6	4	0	0:00:01.196243
2780	7	7	7	1	0:00:01.186598
2800	4	6	6	0	0:00:01.199075
2820	6	6	6	1	0:00:01.196826
2840	3	3	3	1	0:00:01.203679
2860	5	7	7	0	0:00:01.181963
2880	4	4	4	1	0:00:01.193929
2900	3	5	5	0	0:00:01.177687
2920	2	3	0	0	0:00:01.195204
2940	3	0	0	0	0:00:01.202633
2960	9	9	9	1	0:00:01.180667
2980	8	1	1	0	0:00:01.185807
3000	5	5	5	1	0:00:01.184547
3020	1	1	1	1	0:00:01.193279
3040	7	7	7	1	0:00:01.176923
3060	7	7	7	1	0:00:01.193281
3080	1	1	1	1	0:00:01.193350
3100	0	0	0	1	0:00:01.215353
3120	4	6	6	0	0:00:01.201277
3140	8	8	8	1	0:00:01.197404
3160	6	4	4	0	0:00:01.186686
3180	3	9	9	0	0:00:01.173995
3200	5	7	7	0	0:00:01.191994
3220	3	9	9	0	0:00:01.181921
3240	4	1	4	0	0:00:01.153626
3260	7	7	7	1	0:00:01.154959
3280	3	5	5	0	0:00:01.157254
3300	4	4	4	1	0:00:01.114084
3320	2	7	7	0	0:00:01.108030
3340	6	6	4	1	0:00:01.132671
3360	4	6	6	0	0:00:01.173670
3380	8	8	8	1	0:00:01.178640
3400	6	7	4	0	0:00:01.178943
3420	5	6	6	0	0:00:01.200627
3440	2	9	9	0	0:00:01.189315
3460	1	1	1	1	0:00:01.188865
3480	2	2	2	1	0:00:01.119960
3500	1	1	1	1	0:00:01.112497
3520	1	1	1	1	0:00:01.120763
3540	6	6	8	1	0:00:01.146020
3560	1	9	9	0	0:00:01.187934
3580	4	1	1	0	0:00:01.181034
3600	4	2	2	0	0:00:01.182362
3620	0	7	7	0	0:00:01.175517
3640	6	2	2	0	0:00:01.197473
3660	0	8	8	0	0:00:01.154040
3680	0	2	2	0	0:00:01.170987
3700	3	5	5	0	0:00:01.196979
3720	2	2	2	1	0:00:01.191381
3740	0	0	0	1	0:00:01.207572
3760	7	7	7	1	0:00:01.216117
3780	4	2	2	0	0:00:01.192690
3800	9	9	9	1	0:00:01.185286
3820	0	0	0	1	0:00:01.183549
3840	6	8	3	0	0:00:01.186002
3860	7	7	7	1	0:00:01.191164
3880	6	4	4	0	0:00:01.179801
3900	3	1	1	0	0:00:01.169993
3920	7	9	9	0	0:00:01.168300
3940	6	7	7	0	0:00:01.172774
3960	2	5	5	0	0:00:01.182806
3980	9	7	7	0	0:00:01.199811
4000	8	7	0	0	0:00:01.206395
4020	8	8	8	1	0:00:01.159375
4040	0	0	0	1	0:00:01.120188
4060	6	6	6	1	0:00:01.116372
4080	1	1	1	1	0:00:01.141523
4100	7	7	7	1	0:00:01.193279
4120	4	0	0	0	0:00:01.190282
4140	5	-1	2	0	0:00:01.170608
4160	5	3	3	0	0:00:01.159899
4180	0	8	8	0	0:00:01.195607
4200	4	2	2	0	0:00:01.209350
4220	4	0	0	0	0:00:01.190596
4240	7	8	8	0	0:00:01.195830
4260	8	8	8	1	0:00:01.189867
4280	8	9	9	0	0:00:01.197832
4300	8	8	8	1	0:00:01.211389
4320	1	8	8	0	0:00:01.208419
4340	0	0	0	1	0:00:01.161267
4360	6	9	9	0	0:00:01.202786
4380	9	9	9	1	0:00:01.172426
4400	3	-1	8	0	0:00:01.154119
4420	5	8	8	0	0:00:01.195575
4440	2	6	6	0	0:00:01.172852
4460	9	-1	1	0	0:00:01.163333
4480	9	9	9	1	0:00:01.206561
4500	3	5	5	0	0:00:01.198128
4520	3	6	6	0	0:00:01.203254
4540	9	9	9	1	0:00:01.200816
4560	1	1	1	1	0:00:01.191844
4580	6	6	4	1	0:00:01.192337
4600	4	7	7	0	0:00:01.163276
4620	7	3	3	0	0:00:01.205998
4640	2	4	4	0	0:00:01.174662
4660	7	6	2	0	0:00:01.196213
4680	9	9	9	1	0:00:01.162577
4700	6	1	1	0	0:00:01.218107
4720	8	0	0	0	0:00:01.192822
4740	5	6	6	0	0:00:01.205682
4760	3	2	2	0	0:00:01.187017
4780	0	0	0	1	0:00:01.193425
4800	9	9	9	1	0:00:01.192765
4820	3	5	5	0	0:00:01.195693
4840	0	0	0	1	0:00:01.193289
4860	5	5	5	1	0:00:01.199792
4880	0	8	8	0	0:00:01.206120
4900	3	1	1	0	0:00:01.189327
4920	7	7	7	1	0:00:01.196675
4940	6	6	2	1	0:00:01.185422
4960	4	6	6	0	0:00:01.199102
4980	1	9	9	0	0:00:01.191874
5000	7	7	7	1	0:00:01.193418
5020	8	8	8	1	0:00:01.184504
5040	3	1	1	0	0:00:01.212902
5060	6	6	6	1	0:00:01.187998
5080	7	7	7	1	0:00:01.202405
5100	3	3	3	1	0:00:01.197367
5120	9	9	8	1	0:00:01.220708
5140	8	8	8	1	0:00:01.201366
5160	0	8	8	0	0:00:01.196376
5180	9	7	7	0	0:00:01.190884
5200	3	3	3	1	0:00:01.203053
5220	0	0	0	1	0:00:01.206631
5240	1	1	9	1	0:00:01.207213
5260	0	0	0	1	0:00:01.200518
5280	0	2	2	0	0:00:01.205313
5300	9	9	1	1	0:00:01.204625
5320	7	7	7	1	0:00:01.197040
5340	3	4	4	0	0:00:01.207109
5360	9	9	9	1	0:00:01.209780
5380	1	9	9	0	0:00:01.188950
5400	9	9	9	1	0:00:01.167827
5420	6	6	6	1	0:00:01.189626
5440	9	9	9	1	0:00:01.199373
5460	0	0	0	1	0:00:01.157028
5480	1	1	1	1	0:00:01.184963
5500	8	1	8	0	0:00:01.210808
5520	4	5	5	0	0:00:01.197586
5540	5	6	2	0	0:00:01.190419
5560	3	6	6	0	0:00:01.196800
5580	5	6	6	0	0:00:01.195396
5600	6	9	8	0	0:00:01.211395
5620	3	2	2	0	0:00:01.204011
5640	2	3	3	0	0:00:01.208979
5660	9	9	9	1	0:00:01.204701
5680	2	8	8	0	0:00:01.199814
5700	3	5	5	0	0:00:01.187435
5720	9	9	9	1	0:00:01.167489
5740	6	4	4	0	0:00:01.195857
5760	2	2	8	1	0:00:01.185103
5780	7	7	7	1	0:00:01.200576
5800	2	-1	4	0	0:00:01.177795
5820	5	6	6	0	0:00:01.211753
5840	2	6	6	0	0:00:01.192962
5860	0	0	0	1	0:00:01.195376
5880	0	0	0	1	0:00:01.201340
5900	4	-1	4	0	0:00:01.211458
5920	8	8	8	1	0:00:01.194933
5940	7	4	4	0	0:00:01.217258
5960	2	4	4	0	0:00:01.190639
5980	9	9	9	1	0:00:01.199701
6000	8	9	8	0	0:00:01.195573
6020	6	6	6	1	0:00:01.183449
6040	2	7	7	0	0:00:01.186641
6060	3	-1	4	0	0:00:01.193500
6080	1	1	1	1	0:00:01.200685
6100	1	1	1	1	0:00:01.194331
6120	5	5	5	1	0:00:01.204268
6140	9	9	9	1	0:00:01.203608
6160	2	5	5	0	0:00:01.193577
6180	0	9	9	0	0:00:01.196323
6200	3	3	3	1	0:00:01.207220
6220	2	6	6	0	0:00:01.194058
6240	2	-1	2	0	0:00:01.205157
6260	2	1	1	0	0:00:01.177293
6280	8	5	5	0	0:00:01.199176
6300	1	1	1	1	0:00:01.211934
6320	0	0	0	1	0:00:01.175566
6340	3	3	3	1	0:00:01.194549
6360	2	2	2	1	0:00:01.210376
6380	3	6	6	0	0:00:01.204973
6400	0	8	8	0	0:00:01.189527
6420	7	7	7	1	0:00:01.190770
6440	3	8	8	0	0:00:01.198886
6460	3	1	0	0	0:00:01.192229
6480	0	0	0	1	0:00:01.208339
6500	7	0	0	0	0:00:01.189085
6520	6	4	2	0	0:00:01.186750
6540	8	8	8	1	0:00:01.173381
6560	6	6	6	1	0:00:01.164948
6580	1	9	7	0	0:00:01.203559
6600	7	7	7	1	0:00:01.206051
6620	7	7	7	1	0:00:01.199960
6640	5	3	3	0	0:00:01.207445
6660	0	0	0	1	0:00:01.208776
6680	3	3	3	1	0:00:01.194595
6700	6	6	6	1	0:00:01.201853
6720	2	2	2	1	0:00:01.160371
6740	2	6	6	0	0:00:01.190241
6760	5	2	2	0	0:00:01.197085
6780	7	7	7	1	0:00:01.208496
6800	6	6	4	1	0:00:01.198627
6820	1	1	1	1	0:00:01.196965
6840	9	9	1	1	0:00:01.188628
6860	0	0	0	1	0:00:01.193138
6880	2	7	7	0	0:00:01.193390
6900	3	3	3	1	0:00:01.196786
6920	5	2	2	0	0:00:01.193317
6940	1	1	1	1	0:00:01.207563
6960	9	8	8	0	0:00:01.201906
6980	0	9	9	0	0:00:01.213862
7000	2	8	8	0	0:00:01.198943
7020	7	7	7	1	0:00:01.193264
7040	7	1	8	0	0:00:01.204514
7060	8	8	8	1	0:00:01.199074
7080	5	4	4	0	0:00:01.191627
7100	9	3	3	0	0:00:01.207840
7120	7	7	7	1	0:00:01.211188
7140	4	4	4	1	0:00:01.188004
7160	5	5	5	1	0:00:01.202262
7180	6	6	6	1	0:00:01.213396
7200	4	6	6	0	0:00:01.206763
7220	9	9	9	1	0:00:01.182115
7240	0	8	8	0	0:00:01.194829
7260	1	1	1	1	0:00:01.197237
7280	1	-1	9	0	0:00:01.201746
7300	3	7	7	0	0:00:01.203156
7320	8	0	0	0	0:00:01.203212
7340	2	4	0	0	0:00:01.196820
7360	2	7	2	0	0:00:01.192218
7380	7	7	7	1	0:00:01.181481
7400	3	9	3	0	0:00:01.193731
7420	3	0	0	0	0:00:01.189457
7440	3	6	6	0	0:00:01.194908
7460	5	5	5	1	0:00:01.188871
7480	1	1	8	1	0:00:01.194176
7500	6	6	6	1	0:00:01.190158
7520	4	6	4	0	0:00:01.182073
7540	5	5	5	1	0:00:01.191165
7560	0	0	0	1	0:00:01.197774
7580	8	8	8	1	0:00:01.196527
7600	8	9	9	0	0:00:01.194363
7620	5	9	9	0	0:00:01.191706
7640	9	9	9	1	0:00:01.194250
7660	7	9	1	0	0:00:01.180445
7680	3	9	9	0	0:00:01.213024
7700	6	6	6	1	0:00:01.206103
7720	5	4	4	0	0:00:01.190588
7740	4	2	2	0	0:00:01.189507
7760	2	9	9	0	0:00:01.183393
7780	3	9	9	0	0:00:01.156848
7800	0	0	0	1	0:00:01.206817
7820	5	8	8	0	0:00:01.204406
7840	1	1	1	1	0:00:01.189904
7860	8	-1	8	0	0:00:01.191950
7880	0	4	4	0	0:00:01.190454
7900	0	8	8	0	0:00:01.185044
7920	9	9	8	1	0:00:01.198920
7940	2	6	6	0	0:00:01.199132
7960	0	0	0	1	0:00:01.183238
7980	3	7	4	0	0:00:01.181534
8000	9	9	9	1	0:00:01.218852
8020	6	6	6	1	0:00:01.192613
8040	2	6	6	0	0:00:01.201452
8060	6	6	6	1	0:00:01.192431
8080	4	6	6	0	0:00:01.206164
8100	6	2	2	0	0:00:01.200342
8120	8	9	9	0	0:00:01.211603
8140	5	4	4	0	0:00:01.198386
8160	6	6	6	1	0:00:01.192451
8180	4	6	6	0	0:00:01.164915
8200	3	0	0	0	0:00:01.149409
8220	6	6	2	1	0:00:01.173071
8240	7	7	7	1	0:00:01.186611
8260	1	1	1	1	0:00:01.181661
8280	4	3	3	0	0:00:01.188198
8300	5	2	2	0	0:00:01.186707
8320	7	7	4	1	0:00:01.199384
8340	5	5	5	1	0:00:01.210271
8360	7	7	7	1	0:00:01.186795
8380	9	9	9	1	0:00:01.203872
8400	0	8	8	0	0:00:01.196778
8420	3	6	4	0	0:00:01.190704
8440	5	3	3	0	0:00:01.198951
8460	8	8	8	1	0:00:01.192849
8480	2	2	2	1	0:00:01.190622
8500	4	2	2	0	0:00:01.205899
8520	8	8	8	1	0:00:01.210314
8540	4	6	2	0	0:00:01.202352
8560	7	7	7	1	0:00:01.195585
8580	3	9	9	0	0:00:01.199692
8600	3	1	3	0	0:00:01.190400
8620	3	4	4	0	0:00:01.184078
8640	1	1	1	1	0:00:01.191956
8660	7	5	5	0	0:00:01.193532
8680	3	9	0	0	0:00:01.194423
8700	3	3	3	1	0:00:01.191401
8720	2	0	0	0	0:00:01.176563
8740	2	4	4	0	0:00:01.181048
8760	8	8	8	1	0:00:01.194689
8780	4	4	4	1	0:00:01.185284
8800	0	0	0	1	0:00:01.203104
8820	2	2	2	1	0:00:01.190248
8840	2	1	7	0	0:00:01.187484
8860	2	2	2	1	0:00:01.201866
8880	1	1	1	1	0:00:01.189212
8900	2	4	4	0	0:00:01.195504
8920	6	6	6	1	0:00:01.206083
8940	6	3	3	0	0:00:01.186994
8960	0	0	0	1	0:00:01.203243
8980	9	9	9	1	0:00:01.188149
9000	8	8	8	1	0:00:01.204881
9020	7	7	7	1	0:00:01.203987
9040	2	5	5	0	0:00:01.202892
9060	9	5	5	0	0:00:01.203257
9080	3	0	0	0	0:00:01.205233
9100	9	6	6	0	0:00:01.180915
9120	3	0	0	0	0:00:01.123713
9140	7	7	7	1	0:00:01.131274
9160	5	5	5	1	0:00:01.145093
9180	5	5	5	1	0:00:01.152487
9200	8	8	8	1	0:00:01.158617
9220	8	8	8	1	0:00:01.192441
9240	8	8	8	1	0:00:01.217427
9260	5	5	5	1	0:00:01.195028
9280	9	8	8	0	0:00:01.200613
9300	5	5	5	1	0:00:01.197669
9320	9	9	9	1	0:00:01.213904
9340	1	1	1	1	0:00:01.188261
9360	5	0	0	0	0:00:01.190225
9380	5	-1	3	0	0:00:01.185314
9400	6	6	2	1	0:00:01.205457
9420	5	5	5	1	0:00:01.201202
9440	8	8	8	1	0:00:01.193233
9460	3	6	6	0	0:00:01.185987
9480	2	4	4	0	0:00:01.201340
9500	9	1	1	0	0:00:01.209955
9520	1	1	1	1	0:00:01.200176
9540	5	5	5	1	0:00:01.220015
9560	9	7	7	0	0:00:01.210395
9580	1	1	1	1	0:00:01.199552
9600	8	8	8	1	0:00:01.208697
9620	4	7	7	0	0:00:01.209621
9640	5	5	5	1	0:00:01.206475
9660	6	6	6	1	0:00:01.193774
9680	8	8	8	1	0:00:01.203955
9700	0	0	0	1	0:00:01.188086
9720	8	6	4	0	0:00:01.206988
9740	3	6	6	0	0:00:01.218226
9760	9	7	7	0	0:00:01.200783
9780	4	6	6	0	0:00:01.197874
9800	1	1	1	1	0:00:01.217548
9820	0	8	8	0	0:00:01.194437
9840	4	3	3	0	0:00:01.195969
9860	0	2	8	0	0:00:01.163366
9880	7	7	4	1	0:00:01.208887
9900	8	8	8	1	0:00:01.183157
9920	6	6	6	1	0:00:01.227159
9940	4	5	5	0	0:00:01.275166
9960	2	0	0	0	0:00:01.194562
9980	0	0	0	1	0:00:01.180376
