idx	label	predict	basePredict	correct	time
0	3	3	3	1	0:00:15.803759
20	7	9	9	0	0:00:15.656497
40	4	8	8	0	0:00:15.722958
60	7	7	7	1	0:00:15.689926
80	8	8	8	1	0:00:15.662942
100	4	5	5	0	0:00:15.680573
120	8	0	8	0	0:00:15.706608
140	6	3	2	0	0:00:15.719913
160	2	0	2	0	0:00:15.687843
180	0	0	0	1	0:00:15.696779
200	5	7	5	0	0:00:15.671226
220	7	7	7	1	0:00:15.666498
240	1	1	1	1	0:00:15.692514
260	8	3	3	0	0:00:15.682916
280	9	9	9	1	0:00:15.669546
300	6	6	4	1	0:00:15.680710
320	3	3	2	1	0:00:15.659705
340	2	4	4	0	0:00:15.704803
360	9	7	5	0	0:00:15.673971
380	6	6	4	1	0:00:15.692689
400	9	9	9	1	0:00:15.680689
420	4	4	4	1	0:00:15.685482
440	1	9	9	0	0:00:15.724632
460	5	5	2	1	0:00:15.686867
480	8	9	9	0	0:00:15.683460
500	4	6	2	0	0:00:15.682693
520	5	7	7	0	0:00:15.651683
540	1	1	8	1	0:00:15.688898
560	0	0	0	1	0:00:15.682559
580	4	4	4	1	0:00:15.680257
600	8	8	8	1	0:00:15.726192
620	7	7	2	1	0:00:15.665733
640	5	3	3	0	0:00:15.740489
660	9	9	9	1	0:00:15.677781
680	9	7	7	0	0:00:15.675423
700	7	7	3	1	0:00:15.717182
720	4	9	3	0	0:00:15.695886
740	2	5	3	0	0:00:15.901204
760	3	9	3	0	0:00:15.705962
780	9	1	9	0	0:00:16.049147
800	7	7	7	1	0:00:16.696187
820	6	-1	8	0	0:00:15.669565
840	7	7	7	1	0:00:17.246763
860	4	7	2	0	0:00:15.678216
880	8	8	8	1	0:00:16.334275
900	2	6	4	0	0:00:17.034227
920	6	6	3	1	0:00:15.671183
940	9	9	9	1	0:00:18.146652
960	9	9	9	1	0:00:15.697502
980	2	6	2	0	0:00:16.905598
1000	5	5	5	1	0:00:14.999881
1020	1	1	1	1	0:00:15.033303
1040	7	5	5	0	0:00:15.014564
1060	9	9	9	1	0:00:14.974350
1080	6	1	6	0	0:00:14.986295
1100	7	0	0	0	0:00:14.995106
1120	5	2	2	0	0:00:15.006112
1140	6	4	4	0	0:00:14.993366
1160	8	0	0	0	0:00:14.994986
1180	3	3	3	1	0:00:15.006756
1200	8	0	0	0	0:00:14.989033
1220	9	6	6	0	0:00:14.976073
1240	2	6	6	0	0:00:14.988034
1260	1	9	9	0	0:00:15.009023
1280	3	7	5	0	0:00:14.991156
1300	4	3	3	0	0:00:14.971701
1320	7	2	2	0	0:00:14.984038
1340	1	1	1	1	0:00:14.981897
1360	7	7	2	1	0:00:14.980229
1380	4	5	5	0	0:00:14.981319
1400	5	3	3	0	0:00:14.992413
1420	4	7	7	0	0:00:15.017767
1440	0	8	8	0	0:00:15.054262
1460	6	6	5	1	0:00:15.013777
1480	1	5	5	0	0:00:14.984988
1500	1	1	1	1	0:00:14.995802
1520	7	7	4	1	0:00:14.976761
1540	8	8	8	1	0:00:14.966853
1560	7	7	7	1	0:00:14.980779
1580	6	1	3	0	0:00:15.001177
1600	8	9	6	0	0:00:14.982117
1620	5	8	8	0	0:00:14.976453
1640	7	3	3	0	0:00:15.001271
1660	3	5	5	0	0:00:14.980192
1680	6	6	3	1	0:00:14.983248
1700	5	2	2	0	0:00:14.977816
1720	4	2	2	0	0:00:14.981032
1740	1	9	9	0	0:00:14.986552
1760	0	8	8	0	0:00:14.979278
1780	7	7	2	1	0:00:14.982096
1800	4	0	8	0	0:00:14.973175
1820	8	9	8	0	0:00:14.986489
1840	8	7	4	0	0:00:14.971746
1860	8	8	3	1	0:00:14.982085
1880	1	1	8	1	0:00:14.989174
1900	8	8	8	1	0:00:14.993470
1920	2	2	2	1	0:00:15.001306
1940	5	2	2	0	0:00:14.981958
1960	2	5	5	0	0:00:14.986056
1980	9	9	9	1	0:00:15.021177
2000	1	6	6	0	0:00:15.003957
2020	9	9	9	1	0:00:14.983468
2040	0	0	0	1	0:00:14.979705
2060	5	3	3	0	0:00:15.004345
2080	1	9	9	0	0:00:15.044153
2100	2	2	2	1	0:00:14.994027
2120	4	8	8	0	0:00:15.002125
2140	9	9	9	1	0:00:15.015589
2160	0	8	8	0	0:00:14.993782
2180	4	4	4	1	0:00:14.992962
2200	0	2	2	0	0:00:14.983481
2220	1	1	1	1	0:00:15.024949
2240	9	1	8	0	0:00:14.987069
2260	4	4	4	1	0:00:14.988471
2280	4	8	8	0	0:00:14.975237
2300	3	4	2	0	0:00:14.984356
2320	5	2	2	0	0:00:14.981450
2340	7	7	7	1	0:00:15.004511
2360	7	5	5	0	0:00:14.983319
2380	8	8	8	1	0:00:15.035781
2400	0	0	0	1	0:00:14.990789
2420	8	5	5	0	0:00:14.999421
2440	7	7	0	1	0:00:14.993195
2460	9	7	7	0	0:00:14.976132
2480	8	8	8	1	0:00:14.982463
2500	4	6	4	0	0:00:14.975507
2520	1	1	8	1	0:00:14.987765
2540	2	5	5	0	0:00:14.986910
2560	7	4	4	0	0:00:14.995660
2580	6	5	5	0	0:00:14.973546
2600	8	8	8	1	0:00:14.992904
2620	1	1	8	1	0:00:15.006459
2640	7	7	4	1	0:00:14.986415
2660	3	-1	2	0	0:00:14.997468
2680	0	0	0	1	0:00:14.997521
2700	9	1	1	0	0:00:15.042792
2720	3	3	2	1	0:00:14.990188
2740	1	1	7	1	0:00:14.973895
2760	2	2	2	1	0:00:14.986818
2780	7	7	7	1	0:00:14.994871
2800	4	6	6	0	0:00:14.968309
2820	6	6	2	1	0:00:14.978366
2840	3	3	3	1	0:00:14.980321
2860	5	7	6	0	0:00:14.982348
2880	4	4	4	1	0:00:14.991036
2900	3	5	5	0	0:00:14.990052
2920	2	3	3	0	0:00:14.987786
2940	3	0	0	0	0:00:14.983971
2960	9	9	9	1	0:00:14.980367
2980	8	1	8	0	0:00:14.974155
3000	5	5	5	1	0:00:14.981154
3020	1	1	8	1	0:00:15.014025
3040	7	7	7	1	0:00:15.027707
3060	7	7	7	1	0:00:14.972297
3080	1	1	0	1	0:00:15.035848
3100	0	0	0	1	0:00:14.998889
3120	4	6	2	0	0:00:14.987238
3140	8	8	8	1	0:00:14.977252
3160	6	2	2	0	0:00:14.980070
3180	3	9	3	0	0:00:14.985202
3200	5	7	7	0	0:00:14.976899
3220	3	9	6	0	0:00:14.975707
3240	4	1	8	0	0:00:14.979205
3260	7	7	7	1	0:00:14.989726
3280	3	5	5	0	0:00:14.989330
3300	4	-1	2	0	0:00:14.980516
3320	2	7	7	0	0:00:14.984322
3340	6	6	2	1	0:00:15.007307
3360	4	6	6	0	0:00:14.977271
3380	8	8	8	1	0:00:14.972075
3400	6	4	4	0	0:00:14.981222
3420	5	3	3	0	0:00:15.036249
3440	2	3	3	0	0:00:15.003387
3460	1	1	9	1	0:00:15.091687
3480	2	2	2	1	0:00:15.044167
3500	1	9	9	0	0:00:15.010398
3520	1	1	1	1	0:00:15.045981
3540	6	6	3	1	0:00:14.985026
3560	1	9	7	0	0:00:14.976268
3580	4	2	2	0	0:00:14.974836
3600	4	2	2	0	0:00:14.994784
3620	0	6	6	0	0:00:14.976392
3640	6	2	2	0	0:00:14.992779
3660	0	0	8	1	0:00:14.997737
3680	0	4	2	0	0:00:15.023842
3700	3	3	3	1	0:00:14.993826
3720	2	2	2	1	0:00:14.985654
3740	0	0	0	1	0:00:15.007399
3760	7	7	4	1	0:00:14.987066
3780	4	4	2	1	0:00:15.012231
3800	9	9	3	1	0:00:14.973221
3820	0	2	2	0	0:00:14.992239
3840	6	3	3	0	0:00:14.988500
3860	7	7	7	1	0:00:14.978137
3880	6	4	4	0	0:00:14.980358
3900	3	6	6	0	0:00:14.980806
3920	7	9	5	0	0:00:14.971641
3940	6	5	4	0	0:00:14.979834
3960	2	2	2	1	0:00:14.982547
3980	9	7	7	0	0:00:15.004462
4000	8	7	0	0	0:00:14.978246
4020	8	9	8	0	0:00:14.985160
4040	0	0	0	1	0:00:14.981012
4060	6	5	3	0	0:00:14.979132
4080	1	1	8	1	0:00:14.972177
4100	7	7	7	1	0:00:15.011012
4120	4	4	8	1	0:00:14.991432
4140	5	5	3	1	0:00:14.987184
4160	5	2	2	0	0:00:14.980885
4180	0	8	8	0	0:00:14.981824
4200	4	2	2	0	0:00:14.970413
4220	4	0	0	0	0:00:15.067735
4240	7	0	8	0	0:00:14.983950
4260	8	8	8	1	0:00:14.974329
4280	8	1	1	0	0:00:14.991655
4300	8	8	8	1	0:00:15.000765
4320	1	8	8	0	0:00:15.003853
4340	0	0	0	1	0:00:14.991829
4360	6	9	9	0	0:00:14.987132
4380	9	8	8	0	0:00:14.990315
4400	3	4	4	0	0:00:15.008262
4420	5	5	7	1	0:00:14.989355
4440	2	2	2	1	0:00:14.972423
4460	9	-1	8	0	0:00:14.977324
4480	9	9	3	1	0:00:14.983092
4500	3	5	5	0	0:00:14.988565
4520	3	6	6	0	0:00:14.985903
4540	9	9	9	1	0:00:15.012026
4560	1	1	8	1	0:00:14.978922
4580	6	4	4	0	0:00:14.991958
4600	4	7	7	0	0:00:14.983062
4620	7	3	3	0	0:00:14.999545
4640	2	4	2	0	0:00:14.980401
4660	7	4	4	0	0:00:14.976152
4680	9	1	1	0	0:00:15.002499
4700	6	1	5	0	0:00:14.982834
4720	8	0	0	0	0:00:14.996193
4740	5	3	3	0	0:00:14.991951
4760	3	2	2	0	0:00:14.998304
4780	0	0	8	1	0:00:14.981587
4800	9	9	9	1	0:00:14.997027
4820	3	3	3	1	0:00:14.997389
4840	0	0	0	1	0:00:14.987914
4860	5	5	5	1	0:00:14.986876
4880	0	8	2	0	0:00:14.979967
4900	3	6	6	0	0:00:14.974841
4920	7	7	7	1	0:00:14.978857
4940	6	4	2	0	0:00:14.969211
4960	4	3	3	0	0:00:14.972306
4980	1	9	9	0	0:00:14.976838
5000	7	7	7	1	0:00:14.980089
5020	8	8	8	1	0:00:14.979059
5040	3	1	2	0	0:00:14.971923
5060	6	2	2	0	0:00:14.980952
5080	7	7	7	1	0:00:14.969952
5100	3	3	3	1	0:00:14.973658
5120	9	8	8	0	0:00:14.972098
5140	8	8	8	1	0:00:14.960557
5160	0	0	8	1	0:00:14.961671
5180	9	7	4	0	0:00:15.047846
5200	3	3	3	1	0:00:15.214477
5220	0	0	0	1	0:00:15.167529
5240	1	9	9	0	0:00:15.118941
5260	0	0	0	1	0:00:14.979918
5280	0	9	9	0	0:00:14.985033
5300	9	1	2	0	0:00:15.093670
5320	7	7	7	1	0:00:15.145624
5340	3	4	4	0	0:00:15.103257
5360	9	9	3	1	0:00:15.178246
5380	1	9	9	0	0:00:15.167314
5400	9	9	9	1	0:00:15.209219
5420	6	6	6	1	0:00:15.177741
5440	9	9	9	1	0:00:15.111907
5460	0	0	0	1	0:00:15.248447
5480	1	1	4	1	0:00:15.200195
5500	8	1	8	0	0:00:15.175893
5520	4	3	3	0	0:00:15.195267
5540	5	6	4	0	0:00:15.129307
5560	3	5	5	0	0:00:15.195054
5580	5	6	3	0	0:00:15.138274
5600	6	9	4	0	0:00:15.148518
5620	3	6	6	0	0:00:15.166575
5640	2	2	2	1	0:00:15.287996
5660	9	8	8	0	0:00:15.159185
5680	2	3	3	0	0:00:15.217283
5700	3	5	5	0	0:00:15.269251
5720	9	9	9	1	0:00:15.167896
5740	6	4	6	0	0:00:15.124069
5760	2	4	0	0	0:00:15.138583
5780	7	7	7	1	0:00:15.198870
5800	2	4	4	0	0:00:15.187487
5820	5	3	3	0	0:00:15.104761
5840	2	2	2	1	0:00:15.150131
5860	0	1	8	0	0:00:15.124737
5880	0	0	0	1	0:00:15.112732
5900	4	3	0	0	0:00:15.187880
5920	8	8	8	1	0:00:15.159449
5940	7	4	4	0	0:00:15.166936
5960	2	6	6	0	0:00:15.139873
5980	9	9	2	1	0:00:15.210260
6000	8	9	8	0	0:00:15.165957
6020	6	6	6	1	0:00:15.121788
6040	2	7	7	0	0:00:15.199788
6060	3	4	2	0	0:00:15.183503
6080	1	9	9	0	0:00:15.120507
6100	1	1	8	1	0:00:15.227564
6120	5	5	5	1	0:00:15.153728
6140	9	9	9	1	0:00:15.246700
6160	2	5	5	0	0:00:15.234502
6180	0	0	0	1	0:00:15.151231
6200	3	3	3	1	0:00:15.173159
6220	2	5	5	0	0:00:15.227851
6240	2	1	2	0	0:00:15.110790
6260	2	9	6	0	0:00:15.127146
6280	8	5	5	0	0:00:15.161674
6300	1	1	2	1	0:00:15.187858
6320	0	4	0	0	0:00:15.158108
6340	3	3	3	1	0:00:15.195273
6360	2	6	2	0	0:00:15.119631
6380	3	7	3	0	0:00:15.209307
6400	0	1	8	0	0:00:15.132792
6420	7	7	7	1	0:00:15.167491
6440	3	9	4	0	0:00:15.180471
6460	3	1	3	0	0:00:15.227166
6480	0	0	0	1	0:00:15.117820
6500	7	6	6	0	0:00:15.110925
6520	6	2	2	0	0:00:15.170254
6540	8	8	8	1	0:00:15.186945
6560	6	6	2	1	0:00:15.162917
6580	1	7	4	0	0:00:15.119162
6600	7	7	7	1	0:00:15.157454
6620	7	7	7	1	0:00:15.283930
6640	5	3	3	0	0:00:15.174694
6660	0	0	0	1	0:00:15.091000
6680	3	5	3	0	0:00:15.164072
6700	6	0	0	0	0:00:15.183489
6720	2	4	2	0	0:00:15.214660
6740	2	4	6	0	0:00:15.185549
6760	5	5	5	1	0:00:15.165119
6780	7	7	7	1	0:00:15.191759
6800	6	4	2	0	0:00:15.144570
6820	1	1	1	1	0:00:15.195740
6840	9	9	1	1	0:00:15.150621
6860	0	2	2	0	0:00:15.134540
6880	2	7	2	0	0:00:15.227329
6900	3	7	7	0	0:00:15.124194
6920	5	2	2	0	0:00:15.111095
6940	1	1	1	1	0:00:15.255826
6960	9	8	8	0	0:00:15.236247
6980	0	1	8	0	0:00:15.151661
7000	2	0	8	0	0:00:15.155205
7020	7	7	7	1	0:00:15.197681
7040	7	1	8	0	0:00:15.187397
7060	8	8	8	1	0:00:15.184169
7080	5	4	4	0	0:00:15.104943
7100	9	5	3	0	0:00:15.119030
7120	7	5	5	0	0:00:15.159195
7140	4	9	3	0	0:00:15.160010
7160	5	5	5	1	0:00:15.140861
7180	6	6	3	1	0:00:15.169831
7200	4	6	2	0	0:00:15.151901
7220	9	9	8	1	0:00:15.244870
7240	0	8	8	0	0:00:15.179907
7260	1	1	8	1	0:00:15.092340
7280	1	9	9	0	0:00:15.152561
7300	3	4	4	0	0:00:15.144059
7320	8	0	0	0	0:00:15.157523
7340	2	4	4	0	0:00:15.102158
7360	2	7	4	0	0:00:15.160631
7380	7	7	7	1	0:00:15.275655
7400	3	3	3	1	0:00:15.188894
7420	3	4	2	0	0:00:15.152914
7440	3	3	3	1	0:00:15.070985
7460	5	5	5	1	0:00:15.098995
7480	1	8	8	0	0:00:15.189454
7500	6	6	6	1	0:00:15.199889
7520	4	4	2	1	0:00:15.182422
7540	5	5	5	1	0:00:15.099670
7560	0	0	0	1	0:00:15.114057
7580	8	8	8	1	0:00:15.112877
7600	8	9	2	0	0:00:15.378023
7620	5	3	3	0	0:00:15.253288
7640	9	8	8	0	0:00:15.214483
7660	7	9	4	0	0:00:15.152294
7680	3	9	3	0	0:00:15.107038
7700	6	6	4	1	0:00:15.207360
7720	5	2	2	0	0:00:15.134185
7740	4	2	2	0	0:00:15.121432
7760	2	9	9	0	0:00:15.117484
7780	3	-1	8	0	0:00:15.144832
7800	0	0	0	1	0:00:15.095205
7820	5	5	9	1	0:00:15.183534
7840	1	1	1	1	0:00:15.140469
7860	8	8	2	1	0:00:15.205327
7880	0	4	4	0	0:00:15.117074
7900	0	8	8	0	0:00:15.139008
7920	9	9	2	1	0:00:15.121013
7940	2	6	4	0	0:00:15.163346
7960	0	0	8	1	0:00:15.115954
7980	3	3	3	1	0:00:15.159399
8000	9	9	8	1	0:00:15.130758
8020	6	3	3	0	0:00:15.136774
8040	2	2	2	1	0:00:15.157540
8060	6	6	6	1	0:00:15.102713
8080	4	6	2	0	0:00:15.216568
8100	6	2	2	0	0:00:15.188035
8120	8	9	9	0	0:00:15.191507
8140	5	4	4	0	0:00:15.149872
8160	6	6	6	1	0:00:15.173023
8180	4	2	4	0	0:00:15.141530
8200	3	4	4	0	0:00:15.173067
8220	6	7	3	0	0:00:15.158771
8240	7	7	7	1	0:00:15.204997
8260	1	1	1	1	0:00:15.123616
8280	4	5	5	0	0:00:15.093749
8300	5	2	2	0	0:00:15.058158
8320	7	4	4	0	0:00:15.050701
8340	5	3	3	0	0:00:14.978472
8360	7	7	7	1	0:00:14.981652
8380	9	9	9	1	0:00:15.028706
8400	0	8	8	0	0:00:14.994095
8420	3	6	6	0	0:00:14.981970
8440	5	3	3	0	0:00:15.001564
8460	8	8	8	1	0:00:15.035443
8480	2	2	4	1	0:00:14.987691
8500	4	4	4	1	0:00:14.985971
8520	8	1	8	0	0:00:14.990492
8540	4	2	2	0	0:00:14.986522
8560	7	7	7	1	0:00:14.989660
8580	3	2	2	0	0:00:15.003387
8600	3	2	4	0	0:00:14.991301
8620	3	4	4	0	0:00:14.993917
8640	1	1	8	1	0:00:14.979522
8660	7	7	7	1	0:00:14.993057
8680	3	7	7	0	0:00:15.035170
8700	3	7	3	0	0:00:14.985684
8720	2	0	0	0	0:00:14.986740
8740	2	2	5	1	0:00:14.962446
8760	8	8	8	1	0:00:14.961126
8780	4	7	2	0	0:00:14.970876
8800	0	0	0	1	0:00:14.961366
8820	2	2	2	1	0:00:14.964275
8840	2	-1	7	0	0:00:14.975792
8860	2	2	6	1	0:00:14.952008
8880	1	1	1	1	0:00:14.999272
8900	2	4	4	0	0:00:14.982534
8920	6	6	2	1	0:00:14.970797
8940	6	3	3	0	0:00:14.972930
8960	0	0	0	1	0:00:14.963332
8980	9	9	9	1	0:00:15.000798
9000	8	8	8	1	0:00:14.968897
9020	7	7	7	1	0:00:14.964585
9040	2	5	5	0	0:00:14.960765
9060	9	9	3	1	0:00:14.966217
9080	3	2	2	0	0:00:14.960642
9100	9	1	3	0	0:00:15.050469
9120	3	0	3	0	0:00:14.967412
9140	7	6	2	0	0:00:14.946000
9160	5	3	3	0	0:00:14.948496
9180	5	5	5	1	0:00:14.971321
9200	8	8	8	1	0:00:14.979776
9220	8	8	8	1	0:00:14.947314
9240	8	8	8	1	0:00:14.954602
9260	5	5	5	1	0:00:14.954087
9280	9	8	8	0	0:00:14.955415
9300	5	2	2	0	0:00:14.947865
9320	9	9	9	1	0:00:14.937713
9340	1	1	1	1	0:00:14.950285
9360	5	0	5	0	0:00:14.952460
9380	5	3	3	0	0:00:15.061063
9400	6	6	4	1	0:00:15.039599
9420	5	5	5	1	0:00:15.082921
9440	8	8	8	1	0:00:15.049783
9460	3	7	7	0	0:00:15.131067
9480	2	6	2	0	0:00:15.074476
9500	9	9	2	1	0:00:15.037537
9520	1	1	1	1	0:00:15.077529
9540	5	3	3	0	0:00:15.155215
9560	9	7	5	0	0:00:15.176421
9580	1	1	4	1	0:00:15.153608
9600	8	0	8	0	0:00:15.066367
9620	4	7	4	0	0:00:15.080299
9640	5	0	2	0	0:00:15.113577
9660	6	6	6	1	0:00:15.099471
9680	8	8	8	1	0:00:15.144440
9700	0	0	0	1	0:00:15.059859
9720	8	1	8	0	0:00:15.107373
9740	3	6	2	0	0:00:15.028795
9760	9	3	3	0	0:00:15.104433
9780	4	6	2	0	0:00:15.089012
9800	1	1	1	1	0:00:15.113591
9820	0	8	8	0	0:00:15.064844
9840	4	5	5	0	0:00:15.132674
9860	0	5	5	0	0:00:15.097843
9880	7	8	3	0	0:00:15.050195
9900	8	8	8	1	0:00:15.074063
9920	6	6	2	1	0:00:15.076249
9940	4	5	5	0	0:00:15.093014
9960	2	0	0	0	0:00:15.122047
9980	0	0	0	1	0:00:15.081237
