idx	label	predict	basePredict	correct	time
0	3	2	2	0	0:00:17.006753
20	7	1	9	0	0:00:15.782605
40	4	8	8	0	0:00:15.885603
60	7	2	2	0	0:00:15.816195
80	8	8	8	1	0:00:15.885799
100	4	3	3	0	0:00:15.858179
120	8	8	8	1	0:00:15.830514
140	6	2	2	0	0:00:15.868271
160	2	0	2	0	0:00:15.788368
180	0	9	8	0	0:00:15.705470
200	5	7	3	0	0:00:15.820614
220	7	7	4	1	0:00:15.812188
240	1	1	8	1	0:00:15.795083
260	8	3	6	0	0:00:15.860547
280	9	9	8	1	0:00:15.819092
300	6	7	4	0	0:00:15.873194
320	3	2	4	0	0:00:15.841393
340	2	4	4	0	0:00:15.840861
360	9	7	4	0	0:00:15.833769
380	6	8	8	0	0:00:15.756656
400	9	1	1	0	0:00:15.775149
420	4	6	6	0	0:00:15.904554
440	1	-1	6	0	0:00:15.797032
460	5	3	4	0	0:00:15.780961
480	8	9	9	0	0:00:15.870753
500	4	9	6	0	0:00:15.828014
520	5	7	7	0	0:00:15.840719
540	1	8	8	0	0:00:15.861440
560	0	8	8	0	0:00:15.841260
580	4	6	4	0	0:00:15.792815
600	8	-1	4	0	0:00:15.812767
620	7	6	4	0	0:00:15.896853
640	5	3	3	0	0:00:15.919420
660	9	9	3	1	0:00:15.902328
680	9	7	4	0	0:00:15.809654
700	7	0	0	0	0:00:15.816074
720	4	9	9	0	0:00:15.892679
740	2	5	3	0	0:00:15.803882
760	3	9	9	0	0:00:15.764796
780	9	1	0	0	0:00:15.804938
800	7	7	7	1	0:00:15.743785
820	6	1	8	0	0:00:15.812044
840	7	7	7	1	0:00:15.787196
860	4	4	4	1	0:00:15.851635
880	8	8	8	1	0:00:15.800803
900	2	6	4	0	0:00:15.766252
920	6	2	2	0	0:00:15.815132
940	9	1	1	0	0:00:15.813617
960	9	9	2	1	0:00:15.888381
980	2	6	6	0	0:00:15.825454
1000	5	5	5	1	0:00:15.057801
1020	1	8	8	0	0:00:15.130238
1040	7	5	5	0	0:00:15.070029
1060	9	9	8	1	0:00:15.180843
1080	6	1	6	0	0:00:15.123995
1100	7	8	8	0	0:00:15.090633
1120	5	2	2	0	0:00:14.956853
1140	6	4	4	0	0:00:15.018942
1160	8	0	0	0	0:00:14.958926
1180	3	8	8	0	0:00:15.030661
1200	8	0	0	0	0:00:14.958613
1220	9	6	6	0	0:00:14.965042
1240	2	6	6	0	0:00:14.948663
1260	1	9	9	0	0:00:14.990055
1280	3	7	7	0	0:00:14.966061
1300	4	3	3	0	0:00:14.951964
1320	7	2	2	0	0:00:14.952957
1340	1	8	8	0	0:00:15.048331
1360	7	5	4	0	0:00:14.979203
1380	4	5	5	0	0:00:14.964065
1400	5	2	2	0	0:00:14.956720
1420	4	7	7	0	0:00:14.986751
1440	0	8	8	0	0:00:15.002170
1460	6	-1	4	0	0:00:14.957700
1480	1	5	5	0	0:00:14.950781
1500	1	9	9	0	0:00:14.948971
1520	7	6	2	0	0:00:15.021021
1540	8	8	8	1	0:00:15.015915
1560	7	7	7	1	0:00:14.953706
1580	6	1	1	0	0:00:15.006217
1600	8	9	6	0	0:00:14.960113
1620	5	8	8	0	0:00:14.993989
1640	7	5	3	0	0:00:14.951966
1660	3	4	4	0	0:00:14.971686
1680	6	6	6	1	0:00:14.988231
1700	5	2	2	0	0:00:14.975571
1720	4	0	2	0	0:00:14.994190
1740	1	9	9	0	0:00:14.968169
1760	0	8	8	0	0:00:15.009086
1780	7	9	8	0	0:00:14.986106
1800	4	8	8	0	0:00:14.983165
1820	8	9	8	0	0:00:14.990944
1840	8	7	4	0	0:00:14.976457
1860	8	8	8	1	0:00:14.993454
1880	1	8	8	0	0:00:14.964336
1900	8	8	8	1	0:00:15.087949
1920	2	5	2	0	0:00:14.991806
1940	5	3	3	0	0:00:14.968012
1960	2	5	5	0	0:00:14.985126
1980	9	9	2	1	0:00:14.963809
2000	1	6	4	0	0:00:15.050799
2020	9	9	1	1	0:00:14.958936
2040	0	8	8	0	0:00:14.950852
2060	5	3	3	0	0:00:14.976730
2080	1	6	4	0	0:00:14.990423
2100	2	4	4	0	0:00:14.984309
2120	4	8	8	0	0:00:14.980957
2140	9	1	1	0	0:00:15.029353
2160	0	8	8	0	0:00:15.071786
2180	4	6	4	0	0:00:14.984156
2200	0	2	2	0	0:00:14.986638
2220	1	1	4	1	0:00:14.989334
2240	9	1	8	0	0:00:14.981369
2260	4	7	4	0	0:00:15.021687
2280	4	8	8	0	0:00:14.971997
2300	3	2	4	0	0:00:14.991069
2320	5	8	8	0	0:00:14.982563
2340	7	7	7	1	0:00:14.969348
2360	7	5	3	0	0:00:14.954166
2380	8	0	0	0	0:00:14.985853
2400	0	4	4	0	0:00:14.974657
2420	8	5	5	0	0:00:14.968117
2440	7	1	8	0	0:00:14.969428
2460	9	3	3	0	0:00:14.969834
2480	8	8	8	1	0:00:14.980899
2500	4	6	2	0	0:00:15.041522
2520	1	9	8	0	0:00:14.974324
2540	2	3	3	0	0:00:14.973845
2560	7	6	2	0	0:00:14.988816
2580	6	7	4	0	0:00:14.958100
2600	8	8	8	1	0:00:14.953661
2620	1	4	4	0	0:00:14.967619
2640	7	6	6	0	0:00:14.996767
2660	3	2	2	0	0:00:14.958868
2680	0	0	0	1	0:00:14.955797
2700	9	0	0	0	0:00:14.984617
2720	3	2	2	0	0:00:14.984264
2740	1	9	7	0	0:00:15.024386
2760	2	4	4	0	0:00:15.042685
2780	7	7	6	1	0:00:15.003217
2800	4	6	6	0	0:00:14.992139
2820	6	6	4	1	0:00:15.034663
2840	3	3	3	1	0:00:15.002898
2860	5	7	4	0	0:00:14.970810
2880	4	4	4	1	0:00:14.990502
2900	3	2	2	0	0:00:14.974682
2920	2	5	5	0	0:00:14.966479
2940	3	0	0	0	0:00:15.031278
2960	9	7	8	0	0:00:15.019211
2980	8	1	8	0	0:00:14.956376
3000	5	5	5	1	0:00:14.969014
3020	1	8	8	0	0:00:14.977788
3040	7	7	7	1	0:00:14.996530
3060	7	7	7	1	0:00:14.980609
3080	1	7	4	0	0:00:14.965493
3100	0	0	8	1	0:00:14.972512
3120	4	6	2	0	0:00:15.019162
3140	8	0	8	0	0:00:15.055860
3160	6	4	4	0	0:00:14.970904
3180	3	7	8	0	0:00:14.971330
3200	5	7	7	0	0:00:15.072835
3220	3	9	9	0	0:00:15.010154
3240	4	1	8	0	0:00:15.017758
3260	7	0	0	0	0:00:15.014737
3280	3	0	0	0	0:00:14.981923
3300	4	6	4	0	0:00:15.003234
3320	2	7	7	0	0:00:15.038540
3340	6	-1	4	0	0:00:15.076854
3360	4	6	6	0	0:00:15.029243
3380	8	1	8	0	0:00:14.977753
3400	6	4	4	0	0:00:14.943533
3420	5	6	4	0	0:00:14.960016
3440	2	9	3	0	0:00:15.014007
3460	1	1	4	1	0:00:14.982369
3480	2	2	2	1	0:00:14.971378
3500	1	1	4	1	0:00:14.962236
3520	1	1	1	1	0:00:14.974224
3540	6	-1	4	0	0:00:14.942364
3560	1	9	0	0	0:00:14.956150
3580	4	1	8	0	0:00:14.951272
3600	4	2	2	0	0:00:14.996990
3620	0	6	6	0	0:00:14.958209
3640	6	2	2	0	0:00:14.940227
3660	0	8	8	0	0:00:14.968966
3680	0	2	2	0	0:00:14.981819
3700	3	4	4	0	0:00:14.961771
3720	2	2	2	1	0:00:14.973551
3740	0	8	8	0	0:00:15.013849
3760	7	7	7	1	0:00:15.066560
3780	4	3	2	0	0:00:14.992785
3800	9	3	3	0	0:00:14.972815
3820	0	2	2	0	0:00:14.977483
3840	6	3	3	0	0:00:14.976063
3860	7	7	7	1	0:00:14.983446
3880	6	4	4	0	0:00:14.963276
3900	3	1	1	0	0:00:14.983181
3920	7	1	8	0	0:00:15.087387
3940	6	7	4	0	0:00:14.973747
3960	2	5	5	0	0:00:15.047174
3980	9	7	7	0	0:00:15.032905
4000	8	7	4	0	0:00:14.982278
4020	8	1	8	0	0:00:14.966097
4040	0	8	0	0	0:00:14.967390
4060	6	3	3	0	0:00:14.964197
4080	1	8	8	0	0:00:14.960323
4100	7	7	7	1	0:00:14.944768
4120	4	0	0	0	0:00:14.954121
4140	5	3	3	0	0:00:14.956349
4160	5	2	2	0	0:00:14.967975
4180	0	8	8	0	0:00:15.090121
4200	4	2	2	0	0:00:15.016037
4220	4	0	0	0	0:00:14.983645
4240	7	0	0	0	0:00:15.004416
4260	8	1	1	0	0:00:15.005149
4280	8	0	0	0	0:00:14.985475
4300	8	9	8	0	0:00:14.977186
4320	1	8	8	0	0:00:14.996514
4340	0	8	8	0	0:00:14.954229
4360	6	9	9	0	0:00:14.971265
4380	9	7	8	0	0:00:14.968804
4400	3	4	4	0	0:00:14.968344
4420	5	8	8	0	0:00:14.947786
4440	2	6	2	0	0:00:14.938494
4460	9	8	8	0	0:00:14.954283
4480	9	6	6	0	0:00:15.052793
4500	3	6	6	0	0:00:14.961215
4520	3	6	6	0	0:00:14.970720
4540	9	9	1	1	0:00:14.998671
4560	1	6	4	0	0:00:15.027001
4580	6	4	4	0	0:00:14.966041
4600	4	7	7	0	0:00:14.953917
4620	7	3	3	0	0:00:14.971201
4640	2	3	4	0	0:00:14.983588
4660	7	6	2	0	0:00:14.981620
4680	9	1	1	0	0:00:14.990160
4700	6	1	4	0	0:00:14.963027
4720	8	0	0	0	0:00:14.988706
4740	5	6	4	0	0:00:15.012497
4760	3	1	8	0	0:00:14.994064
4780	0	8	8	0	0:00:14.967318
4800	9	9	9	1	0:00:14.989074
4820	3	5	5	0	0:00:14.961985
4840	0	0	0	1	0:00:14.955948
4860	5	3	8	0	0:00:14.966043
4880	0	2	2	0	0:00:14.982603
4900	3	6	6	0	0:00:14.961112
4920	7	0	2	0	0:00:14.968443
4940	6	4	2	0	0:00:14.966371
4960	4	3	3	0	0:00:14.987618
4980	1	9	9	0	0:00:14.996847
5000	7	7	7	1	0:00:15.015813
5020	8	1	8	0	0:00:14.956394
5040	3	7	4	0	0:00:14.963067
5060	6	2	4	0	0:00:14.957655
5080	7	7	7	1	0:00:14.969817
5100	3	3	4	1	0:00:14.965562
5120	9	8	8	0	0:00:14.977729
5140	8	0	8	0	0:00:14.982846
5160	0	8	8	0	0:00:14.976940
5180	9	6	4	0	0:00:14.990583
5200	3	3	3	1	0:00:14.981195
5220	0	0	8	1	0:00:14.967357
5240	1	2	2	0	0:00:14.983742
5260	0	0	0	1	0:00:14.974261
5280	0	8	8	0	0:00:14.974802
5300	9	1	1	0	0:00:14.968914
5320	7	3	3	0	0:00:14.954980
5340	3	4	4	0	0:00:14.962364
5360	9	9	3	1	0:00:15.021895
5380	1	9	9	0	0:00:15.048610
5400	9	0	2	0	0:00:14.977982
5420	6	5	6	0	0:00:14.961449
5440	9	9	8	1	0:00:14.983253
5460	0	7	7	0	0:00:14.959915
5480	1	4	4	0	0:00:15.024977
5500	8	1	8	0	0:00:15.028099
5520	4	3	3	0	0:00:15.044130
5540	5	6	2	0	0:00:15.035426
5560	3	6	4	0	0:00:14.988549
5580	5	6	6	0	0:00:14.978564
5600	6	0	0	0	0:00:15.023965
5620	3	2	2	0	0:00:14.981189
5640	2	5	3	0	0:00:14.964726
5660	9	0	8	0	0:00:14.978089
5680	2	1	8	0	0:00:14.977894
5700	3	6	2	0	0:00:14.959796
5720	9	9	9	1	0:00:14.970200
5740	6	4	4	0	0:00:14.990859
5760	2	0	2	0	0:00:14.973780
5780	7	7	4	1	0:00:14.962667
5800	2	6	4	0	0:00:14.963739
5820	5	6	6	0	0:00:14.952145
5840	2	6	6	0	0:00:14.963846
5860	0	8	8	0	0:00:14.964636
5880	0	8	8	0	0:00:14.972302
5900	4	3	4	0	0:00:14.967491
5920	8	8	6	1	0:00:14.973512
5940	7	4	4	0	0:00:14.968708
5960	2	7	4	0	0:00:14.986411
5980	9	9	6	1	0:00:14.986677
6000	8	9	8	0	0:00:15.062201
6020	6	7	6	0	0:00:15.006963
6040	2	7	7	0	0:00:15.004264
6060	3	4	4	0	0:00:14.985841
6080	1	9	6	0	0:00:15.052284
6100	1	1	8	1	0:00:14.967935
6120	5	3	3	0	0:00:15.051501
6140	9	7	7	0	0:00:14.967568
6160	2	5	5	0	0:00:15.009475
6180	0	9	8	0	0:00:14.970167
6200	3	9	8	0	0:00:15.007950
6220	2	6	6	0	0:00:14.962101
6240	2	1	4	0	0:00:14.986767
6260	2	9	8	0	0:00:14.968643
6280	8	5	6	0	0:00:15.048298
6300	1	7	4	0	0:00:15.054486
6320	0	0	0	1	0:00:15.098025
6340	3	7	3	0	0:00:14.963558
6360	2	6	6	0	0:00:15.004933
6380	3	1	6	0	0:00:15.038525
6400	0	1	8	0	0:00:15.070662
6420	7	8	8	0	0:00:15.003746
6440	3	9	8	0	0:00:14.974030
6460	3	1	4	0	0:00:14.977785
6480	0	2	2	0	0:00:14.998874
6500	7	0	8	0	0:00:15.045337
6520	6	-1	4	0	0:00:14.971059
6540	8	1	8	0	0:00:14.961973
6560	6	7	4	0	0:00:15.005980
6580	1	2	2	0	0:00:14.965913
6600	7	7	7	1	0:00:14.973053
6620	7	7	3	1	0:00:14.976109
6640	5	8	8	0	0:00:15.003529
6660	0	9	8	0	0:00:14.955957
6680	3	5	5	0	0:00:14.973758
6700	6	1	2	0	0:00:14.955609
6720	2	4	2	0	0:00:14.987729
6740	2	6	4	0	0:00:14.968465
6760	5	3	6	0	0:00:14.959920
6780	7	7	7	1	0:00:14.969683
6800	6	2	4	0	0:00:15.042139
6820	1	1	8	1	0:00:14.988304
6840	9	1	1	0	0:00:14.967623
6860	0	2	2	0	0:00:14.964596
6880	2	7	7	0	0:00:14.999480
6900	3	7	4	0	0:00:14.991511
6920	5	2	2	0	0:00:15.049555
6940	1	1	1	1	0:00:14.939477
6960	9	8	8	0	0:00:14.986669
6980	0	1	1	0	0:00:14.966551
7000	2	8	8	0	0:00:14.979527
7020	7	1	8	0	0:00:14.970520
7040	7	8	8	0	0:00:14.989973
7060	8	0	0	0	0:00:14.963738
7080	5	4	4	0	0:00:14.972193
7100	9	3	3	0	0:00:14.986115
7120	7	6	6	0	0:00:14.994933
7140	4	1	4	0	0:00:15.061538
7160	5	4	4	0	0:00:14.965202
7180	6	6	6	1	0:00:15.035959
7200	4	6	2	0	0:00:15.026914
7220	9	8	8	0	0:00:15.021196
7240	0	8	8	0	0:00:14.974962
7260	1	8	8	0	0:00:14.968218
7280	1	6	4	0	0:00:14.996186
7300	3	7	4	0	0:00:14.980222
7320	8	0	0	0	0:00:14.973045
7340	2	4	4	0	0:00:14.983039
7360	2	7	4	0	0:00:14.995253
7380	7	9	7	0	0:00:14.969623
7400	3	9	3	0	0:00:14.968552
7420	3	0	0	0	0:00:14.976117
7440	3	6	2	0	0:00:14.986607
7460	5	5	5	1	0:00:15.003597
7480	1	8	5	0	0:00:14.976331
7500	6	6	6	1	0:00:15.033768
7520	4	6	4	0	0:00:15.063522
7540	5	5	5	1	0:00:14.959702
7560	0	6	2	0	0:00:15.011490
7580	8	0	8	0	0:00:15.005367
7600	8	9	8	0	0:00:15.017204
7620	5	1	9	0	0:00:14.981331
7640	9	7	6	0	0:00:14.970397
7660	7	1	4	0	0:00:15.013376
7680	3	9	3	0	0:00:15.009995
7700	6	6	4	1	0:00:14.977619
7720	5	2	4	0	0:00:15.058798
7740	4	6	2	0	0:00:15.068067
7760	2	9	9	0	0:00:14.977777
7780	3	1	8	0	0:00:14.976160
7800	0	0	8	1	0:00:14.974772
7820	5	8	8	0	0:00:14.980670
7840	1	1	1	1	0:00:14.993356
7860	8	7	4	0	0:00:14.989678
7880	0	0	0	1	0:00:14.969466
7900	0	8	8	0	0:00:14.979750
7920	9	8	8	0	0:00:14.981145
7940	2	6	6	0	0:00:14.967675
7960	0	3	3	0	0:00:14.986642
7980	3	7	4	0	0:00:14.968091
8000	9	0	0	0	0:00:14.989150
8020	6	3	3	0	0:00:14.979714
8040	2	6	6	0	0:00:14.992309
8060	6	4	4	0	0:00:14.970508
8080	4	6	6	0	0:00:15.024122
8100	6	2	2	0	0:00:14.986860
8120	8	9	9	0	0:00:15.050307
8140	5	4	4	0	0:00:14.970706
8160	6	9	6	0	0:00:15.008892
8180	4	6	4	0	0:00:14.995913
8200	3	4	4	0	0:00:15.039557
8220	6	2	2	0	0:00:15.056938
8240	7	7	4	1	0:00:15.025506
8260	1	3	3	0	0:00:14.980965
8280	4	3	3	0	0:00:14.975780
8300	5	2	2	0	0:00:14.964863
8320	7	3	4	0	0:00:14.975269
8340	5	3	4	0	0:00:14.961059
8360	7	4	4	0	0:00:15.002576
8380	9	8	8	0	0:00:14.968649
8400	0	8	8	0	0:00:15.030191
8420	3	4	4	0	0:00:14.972602
8440	5	9	4	0	0:00:14.971419
8460	8	8	8	1	0:00:15.030417
8480	2	1	8	0	0:00:15.009962
8500	4	2	2	0	0:00:15.010610
8520	8	4	4	0	0:00:14.959624
8540	4	6	2	0	0:00:15.045284
8560	7	4	4	0	0:00:15.090521
8580	3	0	2	0	0:00:15.030590
8600	3	7	4	0	0:00:14.949409
8620	3	1	4	0	0:00:14.953542
8640	1	1	8	1	0:00:14.972228
8660	7	5	5	0	0:00:14.996755
8680	3	9	8	0	0:00:14.981011
8700	3	3	3	1	0:00:15.047835
8720	2	0	0	0	0:00:14.994866
8740	2	6	4	0	0:00:14.964444
8760	8	5	5	0	0:00:14.970026
8780	4	7	2	0	0:00:14.972952
8800	0	0	0	1	0:00:15.043987
8820	2	3	3	0	0:00:14.968058
8840	2	1	1	0	0:00:14.993139
8860	2	6	8	0	0:00:14.996965
8880	1	9	6	0	0:00:15.014102
8900	2	6	4	0	0:00:14.978069
8920	6	6	6	1	0:00:14.975564
8940	6	3	3	0	0:00:14.982027
8960	0	0	0	1	0:00:14.985619
8980	9	9	8	1	0:00:14.980876
9000	8	8	8	1	0:00:15.043622
9020	7	9	8	0	0:00:15.030488
9040	2	5	5	0	0:00:15.006098
9060	9	5	5	0	0:00:14.993286
9080	3	0	0	0	0:00:14.952079
9100	9	6	6	0	0:00:14.943840
9120	3	0	0	0	0:00:14.966784
9140	7	9	8	0	0:00:14.963336
9160	5	7	4	0	0:00:14.979042
9180	5	5	5	1	0:00:14.969711
9200	8	8	8	1	0:00:14.964144
9220	8	8	8	1	0:00:14.979701
9240	8	9	8	0	0:00:14.964453
9260	5	6	4	0	0:00:14.986580
9280	9	0	8	0	0:00:14.977018
9300	5	3	2	0	0:00:14.960002
9320	9	8	8	0	0:00:14.939867
9340	1	1	1	1	0:00:14.963677
9360	5	1	4	0	0:00:14.984951
9380	5	9	9	0	0:00:14.966744
9400	6	4	2	0	0:00:14.997524
9420	5	6	6	0	0:00:14.962426
9440	8	8	8	1	0:00:14.977717
9460	3	7	4	0	0:00:14.968225
9480	2	4	4	0	0:00:14.957187
9500	9	1	4	0	0:00:14.981741
9520	1	3	8	0	0:00:15.032642
9540	5	3	4	0	0:00:14.972843
9560	9	7	7	0	0:00:14.973419
9580	1	4	4	0	0:00:14.994357
9600	8	0	8	0	0:00:15.015793
9620	4	7	2	0	0:00:14.971535
9640	5	0	6	0	0:00:14.958890
9660	6	6	6	1	0:00:14.969428
9680	8	9	8	0	0:00:14.995028
9700	0	2	2	0	0:00:14.971285
9720	8	6	6	0	0:00:15.030216
9740	3	4	4	0	0:00:14.974426
9760	9	7	4	0	0:00:14.962923
9780	4	6	6	0	0:00:14.967564
9800	1	1	1	1	0:00:14.975439
9820	0	8	8	0	0:00:14.961860
9840	4	5	5	0	0:00:15.004437
9860	0	5	8	0	0:00:15.072414
9880	7	3	8	0	0:00:14.961266
9900	8	0	6	0	0:00:14.976988
9920	6	4	2	0	0:00:15.003193
9940	4	7	7	0	0:00:15.067160
9960	2	0	0	0	0:00:15.007410
9980	0	0	0	1	0:00:15.009104
