idx	label	predict	basePredict	correct	time
0	3	3	3	1	0:00:15.896915
20	7	5	5	0	0:00:15.761191
40	4	4	4	1	0:00:15.832442
60	7	7	7	1	0:00:15.772757
80	8	8	8	1	0:00:15.809447
100	4	5	5	0	0:00:16.022313
120	8	-1	8	0	0:00:16.395135
140	6	6	2	1	0:00:16.750957
160	2	2	2	1	0:00:16.445841
180	0	0	0	1	0:00:16.469485
200	5	5	5	1	0:00:18.255148
220	7	5	5	0	0:00:16.342659
240	1	1	1	1	0:00:17.183127
260	8	8	8	1	0:00:16.677299
280	9	9	0	1	0:00:16.562194
300	6	6	6	1	0:00:18.757160
320	3	3	5	1	0:00:16.459938
340	2	4	4	0	0:00:15.820164
360	9	9	5	1	0:00:15.805707
380	6	6	2	1	0:00:15.796276
400	9	9	9	1	0:00:15.798757
420	4	4	4	1	0:00:15.846682
440	1	1	1	1	0:00:15.737149
460	5	5	5	1	0:00:15.802405
480	8	9	8	0	0:00:15.799650
500	4	3	3	0	0:00:15.791606
520	5	5	5	1	0:00:15.797807
540	1	1	1	1	0:00:15.911484
560	0	0	0	1	0:00:15.883085
580	4	4	4	1	0:00:15.950210
600	8	8	8	1	0:00:15.817451
620	7	7	7	1	0:00:15.889413
640	5	3	3	0	0:00:15.837081
660	9	9	8	1	0:00:15.758176
680	9	9	9	1	0:00:15.903418
700	7	7	7	1	0:00:15.781356
720	4	4	4	1	0:00:15.789099
740	2	5	5	0	0:00:15.871108
760	3	3	3	1	0:00:15.836194
780	9	9	9	1	0:00:15.972995
800	7	7	7	1	0:00:15.862833
820	6	6	2	1	0:00:15.858042
840	7	7	7	1	0:00:15.801267
860	4	7	2	0	0:00:15.795396
880	8	8	8	1	0:00:15.792817
900	2	6	6	0	0:00:15.839618
920	6	6	4	1	0:00:15.868304
940	9	9	9	1	0:00:15.781939
960	9	3	3	0	0:00:15.806748
980	2	4	2	0	0:00:15.853220
1000	5	5	5	1	0:00:15.109413
1020	1	1	1	1	0:00:15.085535
1040	7	5	3	0	0:00:15.241470
1060	9	9	9	1	0:00:15.105957
1080	6	6	6	1	0:00:15.225189
1100	7	8	8	0	0:00:15.068746
1120	5	2	2	0	0:00:15.172952
1140	6	6	5	1	0:00:15.173305
1160	8	8	8	1	0:00:15.272681
1180	3	3	3	1	0:00:15.235959
1200	8	8	8	1	0:00:15.077952
1220	9	6	3	0	0:00:15.288142
1240	2	6	6	0	0:00:15.105054
1260	1	9	9	0	0:00:15.195654
1280	3	3	3	1	0:00:15.130552
1300	4	3	3	0	0:00:15.121063
1320	7	7	2	1	0:00:15.191243
1340	1	1	1	1	0:00:15.164302
1360	7	7	4	1	0:00:15.181845
1380	4	5	5	0	0:00:15.280859
1400	5	3	5	0	0:00:15.233317
1420	4	7	7	0	0:00:15.268822
1440	0	0	8	1	0:00:15.207979
1460	6	6	2	1	0:00:15.170719
1480	1	5	5	0	0:00:15.229277
1500	1	1	1	1	0:00:15.218705
1520	7	7	4	1	0:00:15.190112
1540	8	8	8	1	0:00:15.135566
1560	7	7	7	1	0:00:15.177610
1580	6	3	3	0	0:00:15.287649
1600	8	9	8	0	0:00:15.208890
1620	5	8	8	0	0:00:15.106338
1640	7	3	3	0	0:00:15.106784
1660	3	3	3	1	0:00:15.274260
1680	6	6	3	1	0:00:15.125342
1700	5	3	3	0	0:00:15.064204
1720	4	4	3	1	0:00:15.080490
1740	1	1	1	1	0:00:15.044086
1760	0	0	0	1	0:00:15.119064
1780	7	7	4	1	0:00:15.167337
1800	4	4	2	1	0:00:15.149027
1820	8	8	8	1	0:00:15.081556
1840	8	7	4	0	0:00:15.173553
1860	8	8	8	1	0:00:15.118279
1880	1	1	1	1	0:00:15.148569
1900	8	8	8	1	0:00:15.139672
1920	2	2	2	1	0:00:15.203341
1940	5	2	2	0	0:00:15.153305
1960	2	5	2	0	0:00:15.243645
1980	9	9	9	1	0:00:15.279906
2000	1	1	1	1	0:00:15.163902
2020	9	9	9	1	0:00:15.160597
2040	0	0	0	1	0:00:15.157328
2060	5	3	3	0	0:00:15.055134
2080	1	9	9	0	0:00:15.323533
2100	2	2	2	1	0:00:15.099472
2120	4	8	8	0	0:00:15.318459
2140	9	9	9	1	0:00:15.144718
2160	0	0	8	1	0:00:15.243829
2180	4	4	4	1	0:00:15.166249
2200	0	0	0	1	0:00:15.172133
2220	1	1	1	1	0:00:15.127201
2240	9	9	1	1	0:00:15.273889
2260	4	4	4	1	0:00:15.181242
2280	4	4	8	1	0:00:15.152420
2300	3	4	4	0	0:00:15.109664
2320	5	2	2	0	0:00:15.109588
2340	7	7	7	1	0:00:15.072374
2360	7	5	5	0	0:00:15.167896
2380	8	8	8	1	0:00:15.232867
2400	0	0	0	1	0:00:15.209702
2420	8	7	3	0	0:00:15.032793
2440	7	7	7	1	0:00:15.102345
2460	9	9	4	1	0:00:15.061069
2480	8	8	8	1	0:00:15.123543
2500	4	6	4	0	0:00:15.222091
2520	1	8	8	0	0:00:15.259707
2540	2	6	2	0	0:00:15.108521
2560	7	7	5	1	0:00:15.234874
2580	6	5	5	0	0:00:15.180227
2600	8	8	8	1	0:00:15.087207
2620	1	1	1	1	0:00:15.113307
2640	7	7	7	1	0:00:15.190225
2660	3	5	2	0	0:00:15.175510
2680	0	0	0	1	0:00:15.196196
2700	9	1	1	0	0:00:15.167511
2720	3	3	3	1	0:00:15.118126
2740	1	7	2	0	0:00:15.211541
2760	2	2	2	1	0:00:15.206780
2780	7	7	7	1	0:00:15.196037
2800	4	4	3	1	0:00:15.199365
2820	6	6	6	1	0:00:15.211996
2840	3	3	3	1	0:00:15.210865
2860	5	4	4	0	0:00:15.257850
2880	4	4	4	1	0:00:15.215393
2900	3	7	2	0	0:00:15.274344
2920	2	3	2	0	0:00:15.079386
2940	3	0	0	0	0:00:15.191889
2960	9	0	0	0	0:00:15.047419
2980	8	8	8	1	0:00:15.192038
3000	5	5	5	1	0:00:15.057812
3020	1	1	1	1	0:00:15.363748
3040	7	7	7	1	0:00:15.139696
3060	7	7	7	1	0:00:15.115156
3080	1	9	9	0	0:00:15.241072
3100	0	0	0	1	0:00:15.179873
3120	4	4	3	1	0:00:15.252884
3140	8	8	8	1	0:00:15.120960
3160	6	2	2	0	0:00:15.240569
3180	3	6	3	0	0:00:15.076421
3200	5	5	5	1	0:00:15.145142
3220	3	9	3	0	0:00:15.227074
3240	4	0	0	0	0:00:15.191374
3260	7	7	7	1	0:00:15.122535
3280	3	5	5	0	0:00:15.124958
3300	4	4	2	1	0:00:15.262864
3320	2	7	7	0	0:00:15.135620
3340	6	6	0	1	0:00:15.203620
3360	4	4	3	1	0:00:15.087285
3380	8	8	8	1	0:00:15.167406
3400	6	4	4	0	0:00:15.107037
3420	5	7	7	0	0:00:15.083436
3440	2	3	3	0	0:00:15.166804
3460	1	1	1	1	0:00:15.223320
3480	2	2	2	1	0:00:15.176414
3500	1	9	9	0	0:00:15.159979
3520	1	1	1	1	0:00:15.063231
3540	6	6	3	1	0:00:15.243589
3560	1	9	9	0	0:00:15.291935
3580	4	4	4	1	0:00:15.114298
3600	4	2	2	0	0:00:15.157601
3620	0	0	5	1	0:00:15.197891
3640	6	2	2	0	0:00:15.212792
3660	0	0	8	1	0:00:15.242207
3680	0	4	0	0	0:00:15.137026
3700	3	3	3	1	0:00:15.283815
3720	2	2	2	1	0:00:15.151651
3740	0	0	0	1	0:00:15.232219
3760	7	7	7	1	0:00:15.271866
3780	4	4	2	1	0:00:15.278625
3800	9	9	9	1	0:00:15.118259
3820	0	0	2	1	0:00:15.164455
3840	6	3	3	0	0:00:15.055871
3860	7	7	7	1	0:00:15.149892
3880	6	6	5	1	0:00:15.166556
3900	3	6	6	0	0:00:15.346399
3920	7	7	7	1	0:00:15.058945
3940	6	2	2	0	0:00:15.244058
3960	2	2	2	1	0:00:15.176425
3980	9	9	2	1	0:00:15.192828
4000	8	4	8	0	0:00:15.099410
4020	8	8	8	1	0:00:15.163088
4040	0	0	0	1	0:00:15.101270
4060	6	6	6	1	0:00:15.023930
4080	1	1	1	1	0:00:15.152649
4100	7	7	7	1	0:00:15.215459
4120	4	4	4	1	0:00:15.173655
4140	5	5	3	1	0:00:15.138440
4160	5	3	2	0	0:00:15.221218
4180	0	8	8	0	0:00:15.182746
4200	4	2	2	0	0:00:15.160855
4220	4	0	0	0	0:00:15.045205
4240	7	0	0	0	0:00:15.088217
4260	8	8	8	1	0:00:15.236706
4280	8	0	0	0	0:00:15.096963
4300	8	8	8	1	0:00:15.126170
4320	1	9	8	0	0:00:15.190472
4340	0	0	0	1	0:00:15.248279
4360	6	6	6	1	0:00:15.108364
4380	9	9	9	1	0:00:15.131834
4400	3	4	5	0	0:00:15.207629
4420	5	5	5	1	0:00:15.135626
4440	2	4	2	0	0:00:15.156146
4460	9	9	9	1	0:00:15.179233
4480	9	9	9	1	0:00:15.243929
4500	3	5	5	0	0:00:15.167981
4520	3	6	3	0	0:00:15.119081
4540	9	9	9	1	0:00:15.282261
4560	1	1	1	1	0:00:15.227925
4580	6	6	4	1	0:00:15.201404
4600	4	4	4	1	0:00:15.225140
4620	7	3	3	0	0:00:15.167366
4640	2	2	2	1	0:00:15.153857
4660	7	4	4	0	0:00:15.183478
4680	9	9	9	1	0:00:15.157849
4700	6	5	5	0	0:00:15.165078
4720	8	8	8	1	0:00:15.151659
4740	5	3	3	0	0:00:15.153045
4760	3	2	2	0	0:00:15.165279
4780	0	0	0	1	0:00:15.054829
4800	9	9	9	1	0:00:15.056947
4820	3	3	3	1	0:00:15.112596
4840	0	0	0	1	0:00:15.155709
4860	5	5	5	1	0:00:15.166671
4880	0	8	8	0	0:00:15.164288
4900	3	3	3	1	0:00:15.127764
4920	7	7	7	1	0:00:15.246108
4940	6	6	4	1	0:00:15.301233
4960	4	4	3	1	0:00:15.187443
4980	1	9	9	0	0:00:15.038857
5000	7	7	7	1	0:00:15.278937
5020	8	8	8	1	0:00:15.211664
5040	3	3	3	1	0:00:15.250143
5060	6	6	2	1	0:00:15.184197
5080	7	7	7	1	0:00:15.079666
5100	3	3	3	1	0:00:15.191021
5120	9	9	8	1	0:00:15.194263
5140	8	8	8	1	0:00:15.234428
5160	0	0	8	1	0:00:15.109760
5180	9	7	7	0	0:00:15.123299
5200	3	3	3	1	0:00:15.175634
5220	0	0	0	1	0:00:15.179325
5240	1	1	1	1	0:00:15.195876
5260	0	0	0	1	0:00:15.272283
5280	0	4	4	0	0:00:15.187870
5300	9	9	9	1	0:00:15.224729
5320	7	7	7	1	0:00:15.156596
5340	3	4	4	0	0:00:15.049346
5360	9	9	9	1	0:00:15.198321
5380	1	9	9	0	0:00:15.057878
5400	9	9	9	1	0:00:15.249514
5420	6	6	6	1	0:00:15.154823
5440	9	9	9	1	0:00:15.149450
5460	0	0	0	1	0:00:15.095959
5480	1	1	1	1	0:00:15.083952
5500	8	8	8	1	0:00:15.176353
5520	4	4	3	1	0:00:15.115114
5540	5	5	5	1	0:00:15.175953
5560	3	5	5	0	0:00:15.183684
5580	5	6	3	0	0:00:15.153192
5600	6	-1	3	0	0:00:15.118006
5620	3	6	2	0	0:00:15.165648
5640	2	5	2	0	0:00:15.027604
5660	9	1	8	0	0:00:15.064834
5680	2	3	3	0	0:00:15.149646
5700	3	3	3	1	0:00:15.166337
5720	9	9	9	1	0:00:15.132412
5740	6	6	2	1	0:00:15.174273
5760	2	2	2	1	0:00:15.062464
5780	7	7	7	1	0:00:15.115947
5800	2	2	2	1	0:00:15.173653
5820	5	5	5	1	0:00:15.169885
5840	2	2	3	1	0:00:15.142896
5860	0	0	0	1	0:00:15.121797
5880	0	0	0	1	0:00:15.289819
5900	4	3	0	0	0:00:15.136198
5920	8	8	8	1	0:00:15.205680
5940	7	2	3	0	0:00:15.043791
5960	2	6	2	0	0:00:15.096670
5980	9	9	9	1	0:00:15.143784
6000	8	8	8	1	0:00:15.263588
6020	6	6	6	1	0:00:15.252477
6040	2	7	7	0	0:00:15.185061
6060	3	4	5	0	0:00:15.167702
6080	1	1	1	1	0:00:15.124612
6100	1	1	1	1	0:00:15.134153
6120	5	5	5	1	0:00:15.120971
6140	9	9	1	1	0:00:15.201200
6160	2	5	2	0	0:00:15.179616
6180	0	0	8	1	0:00:15.127301
6200	3	2	2	0	0:00:15.217522
6220	2	5	5	0	0:00:15.261420
6240	2	2	0	1	0:00:15.151411
6260	2	2	2	1	0:00:15.170277
6280	8	5	5	0	0:00:15.158140
6300	1	1	1	1	0:00:15.142067
6320	0	0	0	1	0:00:15.172275
6340	3	7	3	0	0:00:15.118840
6360	2	2	2	1	0:00:15.083360
6380	3	6	3	0	0:00:15.071878
6400	0	0	0	1	0:00:15.171260
6420	7	7	7	1	0:00:15.244112
6440	3	6	2	0	0:00:15.170121
6460	3	3	3	1	0:00:15.057960
6480	0	0	0	1	0:00:15.227894
6500	7	6	8	0	0:00:15.261016
6520	6	6	2	1	0:00:15.194803
6540	8	8	8	1	0:00:15.157026
6560	6	5	5	0	0:00:15.096623
6580	1	8	8	0	0:00:15.253881
6600	7	7	7	1	0:00:15.188306
6620	7	7	7	1	0:00:15.249255
6640	5	3	3	0	0:00:15.197633
6660	0	0	1	1	0:00:15.095551
6680	3	5	5	0	0:00:15.207575
6700	6	6	6	1	0:00:15.230159
6720	2	2	2	1	0:00:15.163288
6740	2	4	4	0	0:00:15.071547
6760	5	5	5	1	0:00:15.173375
6780	7	7	7	1	0:00:15.169006
6800	6	4	4	0	0:00:15.145980
6820	1	1	1	1	0:00:15.250669
6840	9	9	9	1	0:00:15.186268
6860	0	0	0	1	0:00:15.162880
6880	2	2	2	1	0:00:15.225126
6900	3	3	3	1	0:00:15.081120
6920	5	4	2	0	0:00:15.259239
6940	1	1	1	1	0:00:15.115483
6960	9	9	8	1	0:00:15.190419
6980	0	0	0	1	0:00:15.228209
7000	2	0	8	0	0:00:15.162806
7020	7	7	7	1	0:00:15.156899
7040	7	0	8	0	0:00:15.179138
7060	8	8	8	1	0:00:15.159467
7080	5	4	4	0	0:00:15.133835
7100	9	3	3	0	0:00:15.166896
7120	7	7	5	1	0:00:15.180120
7140	4	4	3	1	0:00:15.242438
7160	5	5	5	1	0:00:15.114476
7180	6	6	3	1	0:00:15.210376
7200	4	3	2	0	0:00:15.250906
7220	9	9	9	1	0:00:15.068567
7240	0	0	8	1	0:00:15.114954
7260	1	1	1	1	0:00:15.121372
7280	1	9	3	0	0:00:15.142523
7300	3	4	5	0	0:00:15.143484
7320	8	0	0	0	0:00:15.257854
7340	2	2	0	1	0:00:15.238384
7360	2	2	2	1	0:00:15.217507
7380	7	7	7	1	0:00:15.170916
7400	3	5	5	0	0:00:15.133185
7420	3	4	4	0	0:00:15.195692
7440	3	3	3	1	0:00:15.219977
7460	5	5	5	1	0:00:15.239866
7480	1	1	8	1	0:00:15.212364
7500	6	6	6	1	0:00:15.255599
7520	4	4	4	1	0:00:15.164520
7540	5	5	5	1	0:00:15.113826
7560	0	0	0	1	0:00:15.168633
7580	8	8	8	1	0:00:15.128552
7600	8	2	2	0	0:00:15.237005
7620	5	3	3	0	0:00:15.135752
7640	9	8	8	0	0:00:15.132581
7660	7	7	4	1	0:00:15.070950
7680	3	5	5	0	0:00:15.160416
7700	6	6	6	1	0:00:15.128852
7720	5	2	2	0	0:00:15.108260
7740	4	4	2	1	0:00:15.147518
7760	2	0	8	0	0:00:15.193475
7780	3	8	8	0	0:00:15.125081
7800	0	0	0	1	0:00:15.071243
7820	5	5	0	1	0:00:15.074784
7840	1	1	1	1	0:00:15.093732
7860	8	8	8	1	0:00:15.306738
7880	0	0	0	1	0:00:15.164932
7900	0	4	8	0	0:00:15.257903
7920	9	9	9	1	0:00:15.277553
7940	2	6	2	0	0:00:15.179672
7960	0	3	0	0	0:00:15.136231
7980	3	3	3	1	0:00:15.186496
8000	9	9	9	1	0:00:15.116512
8020	6	7	3	0	0:00:15.055513
8040	2	2	2	1	0:00:15.109246
8060	6	6	5	1	0:00:15.292755
8080	4	4	3	1	0:00:15.164733
8100	6	2	2	0	0:00:15.191455
8120	8	9	8	0	0:00:15.167074
8140	5	7	3	0	0:00:15.271709
8160	6	6	6	1	0:00:15.161215
8180	4	4	4	1	0:00:15.133960
8200	3	6	3	0	0:00:15.099775
8220	6	5	5	0	0:00:15.194027
8240	7	7	7	1	0:00:15.149814
8260	1	1	1	1	0:00:15.149032
8280	4	4	4	1	0:00:15.189557
8300	5	4	2	0	0:00:15.188303
8320	7	7	7	1	0:00:15.078753
8340	5	3	5	0	0:00:15.155353
8360	7	7	7	1	0:00:15.056819
8380	9	9	9	1	0:00:15.169063
8400	0	9	9	0	0:00:15.253951
8420	3	6	6	0	0:00:15.183600
8440	5	3	3	0	0:00:15.204485
8460	8	8	8	1	0:00:15.179904
8480	2	2	2	1	0:00:15.114624
8500	4	4	4	1	0:00:15.096529
8520	8	8	8	1	0:00:15.224649
8540	4	2	2	0	0:00:15.188402
8560	7	7	7	1	0:00:15.180919
8580	3	5	5	0	0:00:15.184728
8600	3	2	2	0	0:00:15.245267
8620	3	2	5	0	0:00:15.121729
8640	1	1	1	1	0:00:15.160929
8660	7	7	7	1	0:00:15.230155
8680	3	7	3	0	0:00:15.051719
8700	3	3	3	1	0:00:15.052650
8720	2	0	0	0	0:00:15.128261
8740	2	2	5	1	0:00:15.190916
8760	8	8	8	1	0:00:15.087841
8780	4	4	4	1	0:00:15.105927
8800	0	0	0	1	0:00:15.158149
8820	2	2	2	1	0:00:15.121354
8840	2	5	2	0	0:00:15.177510
8860	2	2	2	1	0:00:15.157114
8880	1	1	1	1	0:00:15.291701
8900	2	4	4	0	0:00:15.239878
8920	6	6	3	1	0:00:15.200284
8940	6	3	3	0	0:00:15.101476
8960	0	4	2	0	0:00:15.103869
8980	9	9	9	1	0:00:15.181448
9000	8	8	8	1	0:00:15.128087
9020	7	7	7	1	0:00:15.261378
9040	2	5	5	0	0:00:15.180287
9060	9	9	5	1	0:00:15.140956
9080	3	5	3	0	0:00:15.193818
9100	9	1	1	0	0:00:15.204807
9120	3	0	2	0	0:00:15.114528
9140	7	7	4	1	0:00:15.153737
9160	5	3	3	0	0:00:15.172153
9180	5	5	5	1	0:00:15.160303
9200	8	8	8	1	0:00:15.265101
9220	8	8	8	1	0:00:15.328945
9240	8	8	8	1	0:00:15.235054
9260	5	5	5	1	0:00:15.207334
9280	9	8	8	0	0:00:15.086401
9300	5	4	2	0	0:00:15.053281
9320	9	9	9	1	0:00:15.128996
9340	1	1	1	1	0:00:15.203307
9360	5	0	0	0	0:00:15.220615
9380	5	3	3	0	0:00:15.088913
9400	6	6	6	1	0:00:15.231551
9420	5	5	5	1	0:00:15.224988
9440	8	8	8	1	0:00:15.158145
9460	3	7	7	0	0:00:15.196119
9480	2	6	2	0	0:00:15.242011
9500	9	9	2	1	0:00:15.127460
9520	1	1	1	1	0:00:15.124313
9540	5	5	5	1	0:00:15.121415
9560	9	7	3	0	0:00:15.203918
9580	1	1	1	1	0:00:15.249402
9600	8	8	8	1	0:00:15.198426
9620	4	4	4	1	0:00:15.245722
9640	5	5	5	1	0:00:15.076772
9660	6	6	6	1	0:00:15.063117
9680	8	8	8	1	0:00:15.127725
9700	0	0	2	1	0:00:15.232396
9720	8	6	8	0	0:00:15.253880
9740	3	6	2	0	0:00:15.043934
9760	9	5	5	0	0:00:15.211810
9780	4	4	2	1	0:00:15.118248
9800	1	1	1	1	0:00:15.131021
9820	0	8	8	0	0:00:15.262350
9840	4	7	7	0	0:00:15.200027
9860	0	3	8	0	0:00:15.204369
9880	7	8	8	0	0:00:15.165843
9900	8	8	8	1	0:00:15.174142
9920	6	6	6	1	0:00:15.283793
9940	4	5	5	0	0:00:15.058794
9960	2	0	0	0	0:00:15.106308
9980	0	0	0	1	0:00:15.209518
