idx	label	predict	basePredict	correct	time
0	3	3	3	1	0:00:02.888840
20	7	7	9	1	0:00:02.900681
40	4	4	4	1	0:00:02.956007
60	7	7	7	1	0:00:02.857618
80	8	8	8	1	0:00:02.798206
100	4	5	5	0	0:00:02.808722
120	8	0	8	0	0:00:02.887858
140	6	6	2	1	0:00:02.888097
160	2	0	2	0	0:00:02.922275
180	0	0	0	1	0:00:02.880008
200	5	5	5	1	0:00:02.876186
220	7	7	7	1	0:00:02.811019
240	1	1	1	1	0:00:02.804303
260	8	3	3	0	0:00:02.827243
280	9	9	9	1	0:00:02.783692
300	6	6	6	1	0:00:02.833141
320	3	3	2	1	0:00:02.788601
340	2	4	4	0	0:00:02.778543
360	9	9	5	1	0:00:02.787948
380	6	6	2	1	0:00:02.814703
400	9	9	9	1	0:00:02.803707
420	4	4	4	1	0:00:02.783075
440	1	-1	1	0	0:00:02.789830
460	5	5	5	1	0:00:02.795754
480	8	9	9	0	0:00:02.779541
500	4	6	2	0	0:00:02.789728
520	5	7	7	0	0:00:02.824096
540	1	1	8	1	0:00:02.778390
560	0	0	0	1	0:00:02.803761
580	4	4	4	1	0:00:02.794764
600	8	8	8	1	0:00:02.790146
620	7	7	5	1	0:00:02.787616
640	5	3	3	0	0:00:02.791296
660	9	9	9	1	0:00:02.839965
680	9	7	7	0	0:00:02.796010
700	7	7	3	1	0:00:02.894547
720	4	9	4	0	0:00:02.785532
740	2	5	3	0	0:00:02.786188
760	3	3	3	1	0:00:02.821642
780	9	1	9	0	0:00:02.789268
800	7	7	7	1	0:00:02.905788
820	6	5	6	0	0:00:02.856011
840	7	7	7	1	0:00:02.785108
860	4	4	4	1	0:00:02.820875
880	8	8	8	1	0:00:02.873995
900	2	6	2	0	0:00:02.779488
920	6	6	4	1	0:00:02.788667
940	9	9	9	1	0:00:02.779119
960	9	9	9	1	0:00:02.799669
980	2	6	2	0	0:00:02.793436
1000	5	5	5	1	0:00:02.096129
1020	1	1	1	1	0:00:02.089199
1040	7	5	5	0	0:00:02.092641
1060	9	9	9	1	0:00:02.075713
1080	6	6	6	1	0:00:02.078031
1100	7	0	0	0	0:00:02.080180
1120	5	2	2	0	0:00:02.074645
1140	6	6	4	1	0:00:02.082368
1160	8	0	0	0	0:00:02.100175
1180	3	3	3	1	0:00:02.083944
1200	8	8	0	1	0:00:02.080641
1220	9	6	6	0	0:00:02.085007
1240	2	6	6	0	0:00:02.084264
1260	1	9	9	0	0:00:02.092317
1280	3	7	5	0	0:00:02.084050
1300	4	3	3	0	0:00:02.085821
1320	7	2	2	0	0:00:02.086687
1340	1	1	1	1	0:00:02.078282
1360	7	7	7	1	0:00:02.079049
1380	4	5	5	0	0:00:02.083108
1400	5	3	3	0	0:00:02.083302
1420	4	7	7	0	0:00:02.094885
1440	0	8	8	0	0:00:02.088315
1460	6	6	2	1	0:00:02.081111
1480	1	1	5	1	0:00:02.091594
1500	1	1	1	1	0:00:02.095110
1520	7	7	4	1	0:00:02.092175
1540	8	8	8	1	0:00:02.086108
1560	7	7	7	1	0:00:02.106602
1580	6	1	3	0	0:00:02.147180
1600	8	9	6	0	0:00:02.117216
1620	5	8	8	0	0:00:02.105087
1640	7	3	3	0	0:00:02.077452
1660	3	5	5	0	0:00:02.074758
1680	6	6	6	1	0:00:02.079547
1700	5	-1	2	0	0:00:02.089676
1720	4	3	2	0	0:00:02.082001
1740	1	1	1	1	0:00:02.081801
1760	0	0	8	1	0:00:02.085046
1780	7	7	7	1	0:00:02.132715
1800	4	0	8	0	0:00:02.081624
1820	8	8	8	1	0:00:02.118902
1840	8	9	4	0	0:00:02.137147
1860	8	8	8	1	0:00:02.146162
1880	1	1	8	1	0:00:02.126998
1900	8	8	8	1	0:00:02.093463
1920	2	2	2	1	0:00:02.085616
1940	5	2	2	0	0:00:02.087010
1960	2	5	5	0	0:00:02.084855
1980	9	9	9	1	0:00:02.079126
2000	1	6	2	0	0:00:02.080185
2020	9	9	9	1	0:00:02.077907
2040	0	0	0	1	0:00:02.079218
2060	5	3	3	0	0:00:02.072703
2080	1	1	9	1	0:00:02.080508
2100	2	2	2	1	0:00:02.077025
2120	4	8	8	0	0:00:02.072919
2140	9	9	9	1	0:00:02.090070
2160	0	8	8	0	0:00:02.103323
2180	4	4	4	1	0:00:02.086477
2200	0	2	2	0	0:00:02.132494
2220	1	1	1	1	0:00:02.129756
2240	9	1	8	0	0:00:02.098224
2260	4	4	4	1	0:00:02.101476
2280	4	8	2	0	0:00:02.091871
2300	3	2	2	0	0:00:02.114294
2320	5	2	2	0	0:00:02.093580
2340	7	7	7	1	0:00:02.085016
2360	7	5	5	0	0:00:02.091913
2380	8	8	8	1	0:00:02.092420
2400	0	0	0	1	0:00:02.070038
2420	8	5	5	0	0:00:02.068522
2440	7	7	7	1	0:00:02.075447
2460	9	7	7	0	0:00:02.078771
2480	8	8	8	1	0:00:02.094968
2500	4	6	4	0	0:00:02.081720
2520	1	1	7	1	0:00:02.069954
2540	2	5	5	0	0:00:02.147388
2560	7	7	4	1	0:00:02.207496
2580	6	5	6	0	0:00:02.205914
2600	8	8	8	1	0:00:02.212543
2620	1	1	8	1	0:00:02.204299
2640	7	7	7	1	0:00:02.205997
2660	3	5	2	0	0:00:02.131311
2680	0	0	0	1	0:00:02.081587
2700	9	9	1	1	0:00:02.091023
2720	3	3	3	1	0:00:02.150901
2740	1	1	2	1	0:00:02.142365
2760	2	2	2	1	0:00:02.124492
2780	7	7	7	1	0:00:02.083675
2800	4	6	6	0	0:00:02.083587
2820	6	6	2	1	0:00:02.088675
2840	3	3	3	1	0:00:02.083958
2860	5	7	6	0	0:00:02.088652
2880	4	4	4	1	0:00:02.086946
2900	3	5	5	0	0:00:02.085768
2920	2	3	3	0	0:00:02.086945
2940	3	0	0	0	0:00:02.083848
2960	9	9	9	1	0:00:02.086465
2980	8	8	8	1	0:00:02.087490
3000	5	5	5	1	0:00:02.085159
3020	1	1	1	1	0:00:02.089610
3040	7	7	7	1	0:00:02.087290
3060	7	7	7	1	0:00:02.090209
3080	1	1	9	1	0:00:02.083101
3100	0	0	0	1	0:00:02.094741
3120	4	6	2	0	0:00:02.086013
3140	8	8	8	1	0:00:02.083985
3160	6	2	2	0	0:00:02.105569
3180	3	-1	3	0	0:00:02.088573
3200	5	7	7	0	0:00:02.087961
3220	3	9	3	0	0:00:02.090139
3240	4	1	8	0	0:00:02.083281
3260	7	7	7	1	0:00:02.084775
3280	3	5	5	0	0:00:02.118172
3300	4	4	2	1	0:00:02.173868
3320	2	7	7	0	0:00:02.166808
3340	6	6	2	1	0:00:02.080197
3360	4	6	4	0	0:00:02.125582
3380	8	8	8	1	0:00:02.182593
3400	6	4	4	0	0:00:02.170516
3420	5	3	3	0	0:00:02.180192
3440	2	3	3	0	0:00:02.099555
3460	1	1	1	1	0:00:02.154253
3480	2	2	2	1	0:00:02.151180
3500	1	1	9	1	0:00:02.081475
3520	1	1	1	1	0:00:02.089209
3540	6	6	3	1	0:00:02.160605
3560	1	9	7	0	0:00:02.176050
3580	4	2	4	0	0:00:02.149684
3600	4	2	2	0	0:00:02.137410
3620	0	6	6	0	0:00:02.148791
3640	6	2	2	0	0:00:02.163599
3660	0	0	8	1	0:00:02.142596
3680	0	4	2	0	0:00:02.081723
3700	3	3	3	1	0:00:02.072409
3720	2	2	2	1	0:00:02.075760
3740	0	0	0	1	0:00:02.072038
3760	7	7	4	1	0:00:02.074079
3780	4	4	2	1	0:00:02.084772
3800	9	9	9	1	0:00:02.086830
3820	0	2	2	0	0:00:02.076286
3840	6	3	3	0	0:00:02.097678
3860	7	7	7	1	0:00:02.097177
3880	6	4	4	0	0:00:02.089845
3900	3	6	6	0	0:00:02.092583
3920	7	9	5	0	0:00:02.087609
3940	6	5	4	0	0:00:02.085232
3960	2	2	2	1	0:00:02.084394
3980	9	9	4	1	0:00:02.088663
4000	8	-1	0	0	0:00:02.081438
4020	8	8	8	1	0:00:02.073869
4040	0	0	0	1	0:00:02.076239
4060	6	6	3	1	0:00:02.083640
4080	1	1	8	1	0:00:02.084764
4100	7	7	7	1	0:00:02.083894
4120	4	4	4	1	0:00:02.084695
4140	5	5	3	1	0:00:02.073724
4160	5	2	2	0	0:00:02.084137
4180	0	8	8	0	0:00:02.085958
4200	4	2	2	0	0:00:02.089487
4220	4	0	0	0	0:00:02.101782
4240	7	0	0	0	0:00:02.086944
4260	8	8	8	1	0:00:02.112932
4280	8	1	1	0	0:00:02.178897
4300	8	8	8	1	0:00:02.180807
4320	1	8	8	0	0:00:02.161401
4340	0	0	0	1	0:00:02.171566
4360	6	9	9	0	0:00:02.177258
4380	9	9	8	1	0:00:02.133457
4400	3	4	4	0	0:00:02.087460
4420	5	5	7	1	0:00:02.088830
4440	2	2	2	1	0:00:02.083018
4460	9	9	8	1	0:00:02.090516
4480	9	9	3	1	0:00:02.095941
4500	3	5	5	0	0:00:02.084417
4520	3	6	6	0	0:00:02.084608
4540	9	9	9	1	0:00:02.084022
4560	1	1	1	1	0:00:02.079193
4580	6	4	4	0	0:00:02.085414
4600	4	7	4	0	0:00:02.090587
4620	7	3	3	0	0:00:02.086241
4640	2	2	2	1	0:00:02.088364
4660	7	4	4	0	0:00:02.081270
4680	9	1	1	0	0:00:02.081616
4700	6	1	4	0	0:00:02.087381
4720	8	0	8	0	0:00:02.086752
4740	5	3	3	0	0:00:02.082603
4760	3	2	2	0	0:00:02.080289
4780	0	0	8	1	0:00:02.083665
4800	9	9	9	1	0:00:02.085775
4820	3	3	3	1	0:00:02.089415
4840	0	0	0	1	0:00:02.086455
4860	5	5	5	1	0:00:02.084469
4880	0	8	2	0	0:00:02.083525
4900	3	6	6	0	0:00:02.086537
4920	7	7	7	1	0:00:02.083306
4940	6	-1	2	0	0:00:02.081388
4960	4	3	3	0	0:00:02.078012
4980	1	9	9	0	0:00:02.088451
5000	7	7	7	1	0:00:02.096562
5020	8	8	8	1	0:00:02.128001
5040	3	1	2	0	0:00:02.134999
5060	6	6	2	1	0:00:02.101933
5080	7	7	7	1	0:00:02.114386
5100	3	3	3	1	0:00:02.102360
5120	9	9	8	1	0:00:02.087484
5140	8	8	8	1	0:00:02.082920
5160	0	0	8	1	0:00:02.083425
5180	9	7	4	0	0:00:02.091459
5200	3	3	3	1	0:00:02.105007
5220	0	0	0	1	0:00:02.092173
5240	1	9	9	0	0:00:02.102496
5260	0	0	0	1	0:00:02.155168
5280	0	9	8	0	0:00:02.112642
5300	9	9	9	1	0:00:02.085995
5320	7	7	7	1	0:00:02.088845
5340	3	4	4	0	0:00:02.115136
5360	9	9	3	1	0:00:02.086647
5380	1	9	9	0	0:00:02.083242
5400	9	9	9	1	0:00:02.113431
5420	6	6	6	1	0:00:02.088894
5440	9	9	9	1	0:00:02.108941
5460	0	0	0	1	0:00:02.093421
5480	1	1	8	1	0:00:02.133281
5500	8	8	8	1	0:00:02.122983
5520	4	3	3	0	0:00:02.125237
5540	5	6	3	0	0:00:02.082660
5560	3	5	5	0	0:00:02.095112
5580	5	6	3	0	0:00:02.104113
5600	6	-1	4	0	0:00:02.085285
5620	3	4	6	0	0:00:02.086809
5640	2	2	2	1	0:00:02.099702
5660	9	9	8	1	0:00:02.075808
5680	2	3	3	0	0:00:02.075038
5700	3	5	3	0	0:00:02.072926
5720	9	9	9	1	0:00:02.069610
5740	6	6	6	1	0:00:02.077485
5760	2	2	2	1	0:00:02.085593
5780	7	7	7	1	0:00:02.082779
5800	2	4	4	0	0:00:02.079611
5820	5	-1	3	0	0:00:02.081763
5840	2	2	2	1	0:00:02.080613
5860	0	1	8	0	0:00:02.080418
5880	0	0	0	1	0:00:02.078942
5900	4	3	0	0	0:00:02.082376
5920	8	8	8	1	0:00:02.088423
5940	7	4	4	0	0:00:02.088558
5960	2	6	6	0	0:00:02.085602
5980	9	9	9	1	0:00:02.085414
6000	8	9	8	0	0:00:02.084005
6020	6	6	6	1	0:00:02.092895
6040	2	5	5	0	0:00:02.082140
6060	3	4	2	0	0:00:02.082630
6080	1	1	9	1	0:00:02.088291
6100	1	1	8	1	0:00:02.085892
6120	5	5	5	1	0:00:02.111474
6140	9	9	9	1	0:00:02.097931
6160	2	5	5	0	0:00:02.113303
6180	0	0	0	1	0:00:02.128745
6200	3	3	3	1	0:00:02.087606
6220	2	5	5	0	0:00:02.077255
6240	2	-1	2	0	0:00:02.093342
6260	2	-1	6	0	0:00:02.081765
6280	8	5	5	0	0:00:02.084015
6300	1	1	2	1	0:00:02.087765
6320	0	0	0	1	0:00:02.081800
6340	3	3	3	1	0:00:02.082122
6360	2	2	2	1	0:00:02.085255
6380	3	-1	3	0	0:00:02.086629
6400	0	1	8	0	0:00:02.089771
6420	7	7	7	1	0:00:02.084307
6440	3	9	4	0	0:00:02.084583
6460	3	3	3	1	0:00:02.081822
6480	0	0	0	1	0:00:02.083543
6500	7	6	6	0	0:00:02.076717
6520	6	-1	2	0	0:00:02.122194
6540	8	8	8	1	0:00:02.109580
6560	6	6	2	1	0:00:02.113189
6580	1	1	4	1	0:00:02.097867
6600	7	7	7	1	0:00:02.105650
6620	7	7	7	1	0:00:02.101070
6640	5	3	3	0	0:00:02.095510
6660	0	0	0	1	0:00:02.096916
6680	3	5	3	0	0:00:02.089805
6700	6	0	0	0	0:00:02.069569
6720	2	2	2	1	0:00:02.080899
6740	2	2	4	1	0:00:02.083978
6760	5	5	5	1	0:00:02.094368
6780	7	7	7	1	0:00:02.080137
6800	6	4	2	0	0:00:02.077774
6820	1	1	1	1	0:00:02.081063
6840	9	9	1	1	0:00:02.080485
6860	0	2	2	0	0:00:02.081267
6880	2	2	2	1	0:00:02.086129
6900	3	5	5	0	0:00:02.083223
6920	5	-1	2	0	0:00:02.082866
6940	1	1	1	1	0:00:02.070854
6960	9	8	8	0	0:00:02.074762
6980	0	-1	8	0	0:00:02.084328
7000	2	0	8	0	0:00:02.085905
7020	7	7	7	1	0:00:02.097462
7040	7	8	8	0	0:00:02.085927
7060	8	8	8	1	0:00:02.097161
7080	5	4	4	0	0:00:02.108013
7100	9	5	3	0	0:00:02.106079
7120	7	5	5	0	0:00:02.116525
7140	4	9	4	0	0:00:02.133964
7160	5	5	5	1	0:00:02.166745
7180	6	6	3	1	0:00:02.089705
7200	4	6	2	0	0:00:02.089893
7220	9	9	8	1	0:00:02.089630
7240	0	0	8	1	0:00:02.094856
7260	1	1	8	1	0:00:02.087554
7280	1	9	9	0	0:00:02.099369
7300	3	4	4	0	0:00:02.104346
7320	8	-1	8	0	0:00:02.090408
7340	2	4	4	0	0:00:02.090864
7360	2	7	4	0	0:00:02.086111
7380	7	7	7	1	0:00:02.087145
7400	3	3	3	1	0:00:02.082935
7420	3	4	2	0	0:00:02.085242
7440	3	3	3	1	0:00:02.093777
7460	5	5	5	1	0:00:02.082114
7480	1	8	8	0	0:00:02.088350
7500	6	6	6	1	0:00:02.087042
7520	4	4	4	1	0:00:02.084574
7540	5	5	5	1	0:00:02.094604
7560	0	0	0	1	0:00:02.089172
7580	8	8	8	1	0:00:02.083420
7600	8	9	2	0	0:00:02.087207
7620	5	3	3	0	0:00:02.080698
7640	9	8	8	0	0:00:02.089830
7660	7	4	4	0	0:00:02.086765
7680	3	9	3	0	0:00:02.085101
7700	6	6	6	1	0:00:02.081778
7720	5	2	2	0	0:00:02.074934
7740	4	4	2	1	0:00:02.146007
7760	2	9	2	0	0:00:02.083137
7780	3	-1	9	0	0:00:02.132588
7800	0	0	0	1	0:00:02.083131
7820	5	5	5	1	0:00:02.079482
7840	1	1	1	1	0:00:02.083191
7860	8	8	8	1	0:00:02.080077
7880	0	4	0	0	0:00:02.082975
7900	0	8	8	0	0:00:02.084592
7920	9	9	2	1	0:00:02.089002
7940	2	6	4	0	0:00:02.095678
7960	0	0	0	1	0:00:02.093026
7980	3	3	3	1	0:00:02.080915
8000	9	9	9	1	0:00:02.084826
8020	6	3	3	0	0:00:02.075790
8040	2	2	2	1	0:00:02.074115
8060	6	6	6	1	0:00:02.071152
8080	4	6	2	0	0:00:02.078010
8100	6	2	2	0	0:00:02.085049
8120	8	9	9	0	0:00:02.084387
8140	5	4	4	0	0:00:02.071924
8160	6	6	6	1	0:00:02.077394
8180	4	4	4	1	0:00:02.077844
8200	3	4	4	0	0:00:02.075774
8220	6	7	3	0	0:00:02.071752
8240	7	7	7	1	0:00:02.082850
8260	1	1	1	1	0:00:02.073090
8280	4	5	5	0	0:00:02.073524
8300	5	2	2	0	0:00:02.078133
8320	7	4	4	0	0:00:02.078124
8340	5	3	3	0	0:00:02.078868
8360	7	7	7	1	0:00:02.095586
8380	9	9	9	1	0:00:02.083810
8400	0	8	8	0	0:00:02.117568
8420	3	6	6	0	0:00:02.083594
8440	5	3	3	0	0:00:02.084642
8460	8	8	8	1	0:00:02.088111
8480	2	2	4	1	0:00:02.102780
8500	4	4	4	1	0:00:02.094916
8520	8	1	8	0	0:00:02.091889
8540	4	2	2	0	0:00:02.081173
8560	7	7	7	1	0:00:02.081310
8580	3	2	2	0	0:00:02.092870
8600	3	3	3	1	0:00:02.081428
8620	3	4	4	0	0:00:02.079536
8640	1	1	8	1	0:00:02.081043
8660	7	7	7	1	0:00:02.082255
8680	3	7	8	0	0:00:02.081564
8700	3	3	3	1	0:00:02.077249
8720	2	0	0	0	0:00:02.078543
8740	2	2	5	1	0:00:02.084690
8760	8	8	8	1	0:00:02.082684
8780	4	4	4	1	0:00:02.085366
8800	0	0	0	1	0:00:02.086496
8820	2	2	2	1	0:00:02.156111
8840	2	7	7	0	0:00:02.175994
8860	2	2	2	1	0:00:02.111340
8880	1	1	1	1	0:00:02.089710
8900	2	4	4	0	0:00:02.085108
8920	6	6	2	1	0:00:02.089608
8940	6	3	3	0	0:00:02.105313
8960	0	0	0	1	0:00:02.123651
8980	9	9	9	1	0:00:02.107552
9000	8	8	8	1	0:00:02.100559
9020	7	7	7	1	0:00:02.091672
9040	2	5	5	0	0:00:02.096308
9060	9	9	3	1	0:00:02.097957
9080	3	3	2	1	0:00:02.092535
9100	9	1	3	0	0:00:02.086225
9120	3	0	3	0	0:00:02.088024
9140	7	6	5	0	0:00:02.083817
9160	5	3	3	0	0:00:02.082299
9180	5	5	5	1	0:00:02.083320
9200	8	8	8	1	0:00:02.086167
9220	8	8	8	1	0:00:02.086293
9240	8	8	8	1	0:00:02.083115
9260	5	5	5	1	0:00:02.083998
9280	9	8	8	0	0:00:02.085740
9300	5	-1	2	0	0:00:02.084098
9320	9	9	9	1	0:00:02.083141
9340	1	1	1	1	0:00:02.071520
9360	5	0	5	0	0:00:02.074632
9380	5	3	3	0	0:00:02.084555
9400	6	6	2	1	0:00:02.086811
9420	5	5	5	1	0:00:02.068691
9440	8	8	8	1	0:00:02.073902
9460	3	7	7	0	0:00:02.080561
9480	2	6	2	0	0:00:02.093807
9500	9	9	5	1	0:00:02.074182
9520	1	1	1	1	0:00:02.074439
9540	5	3	3	0	0:00:02.085019
9560	9	7	5	0	0:00:02.082910
9580	1	1	8	1	0:00:02.095487
9600	8	8	8	1	0:00:02.103991
9620	4	4	4	1	0:00:02.084522
9640	5	0	2	0	0:00:02.094409
9660	6	6	6	1	0:00:02.081961
9680	8	8	8	1	0:00:02.076361
9700	0	0	0	1	0:00:02.078589
9720	8	1	8	0	0:00:02.082851
9740	3	6	2	0	0:00:02.079878
9760	9	3	3	0	0:00:02.078163
9780	4	6	2	0	0:00:02.067917
9800	1	1	1	1	0:00:02.068451
9820	0	8	8	0	0:00:02.076943
9840	4	-1	3	0	0:00:02.071568
9860	0	5	8	0	0:00:02.075349
9880	7	8	3	0	0:00:02.091907
9900	8	8	8	1	0:00:02.075882
9920	6	6	4	1	0:00:02.078586
9940	4	5	5	0	0:00:02.083481
9960	2	0	0	0	0:00:02.121281
9980	0	0	0	1	0:00:02.107869
