idx	label	predict	basePredict	correct	time
0	3	3	3	1	0:00:15.764944
20	7	9	9	0	0:00:15.646255
40	4	4	4	1	0:00:15.641122
60	7	7	7	1	0:00:15.681839
80	8	8	8	1	0:00:15.628366
100	4	5	5	0	0:00:15.628516
120	8	9	8	0	0:00:15.619948
140	6	6	6	1	0:00:15.645423
160	2	2	2	1	0:00:15.670228
180	0	0	0	1	0:00:15.641481
200	5	5	5	1	0:00:15.655365
220	7	7	7	1	0:00:15.665843
240	1	1	1	1	0:00:15.644180
260	8	-1	5	0	0:00:15.671380
280	9	9	9	1	0:00:15.639180
300	6	6	6	1	0:00:15.699485
320	3	5	5	0	0:00:15.636535
340	2	6	6	0	0:00:15.667000
360	9	9	7	1	0:00:15.655412
380	6	6	4	1	0:00:15.640233
400	9	9	9	1	0:00:15.650344
420	4	4	4	1	0:00:15.650723
440	1	1	1	1	0:00:15.643802
460	5	5	5	1	0:00:15.679987
480	8	9	9	0	0:00:15.649311
500	4	6	6	0	0:00:15.722658
520	5	5	5	1	0:00:15.632014
540	1	1	1	1	0:00:15.698705
560	0	0	0	1	0:00:15.667253
580	4	6	4	0	0:00:15.640410
600	8	8	8	1	0:00:15.672505
620	7	7	7	1	0:00:15.641325
640	5	3	3	0	0:00:15.654851
660	9	9	9	1	0:00:15.682289
680	9	9	7	1	0:00:15.646271
700	7	7	7	1	0:00:15.704104
720	4	7	9	0	0:00:15.646371
740	2	5	5	0	0:00:15.658602
760	3	7	3	0	0:00:15.670624
780	9	9	9	1	0:00:15.631438
800	7	7	7	1	0:00:15.650066
820	6	1	1	0	0:00:15.643347
840	7	7	7	1	0:00:15.668900
860	4	4	4	1	0:00:15.658580
880	8	8	8	1	0:00:15.629188
900	2	6	6	0	0:00:15.642387
920	6	6	6	1	0:00:15.626940
940	9	9	9	1	0:00:15.667760
960	9	3	3	0	0:00:15.671464
980	2	6	6	0	0:00:15.667706
1000	5	5	5	1	0:00:14.943763
1020	1	1	1	1	0:00:14.947892
1040	7	5	3	0	0:00:14.959496
1060	9	9	9	1	0:00:14.937595
1080	6	6	2	1	0:00:14.957388
1100	7	8	8	0	0:00:14.969061
1120	5	2	2	0	0:00:14.968553
1140	6	6	4	1	0:00:14.954876
1160	8	8	8	1	0:00:14.965768
1180	3	3	3	1	0:00:14.974252
1200	8	5	8	0	0:00:14.956608
1220	9	6	6	0	0:00:14.953930
1240	2	6	6	0	0:00:14.959387
1260	1	9	9	0	0:00:14.978698
1280	3	5	5	0	0:00:14.972086
1300	4	3	3	0	0:00:14.963647
1320	7	2	2	0	0:00:14.958636
1340	1	1	1	1	0:00:14.977232
1360	7	7	7	1	0:00:14.965902
1380	4	5	5	0	0:00:14.963475
1400	5	6	5	0	0:00:14.953159
1420	4	7	7	0	0:00:14.947912
1440	0	8	8	0	0:00:14.933903
1460	6	6	6	1	0:00:14.948161
1480	1	1	1	1	0:00:14.963970
1500	1	1	1	1	0:00:14.960063
1520	7	7	7	1	0:00:14.945005
1540	8	8	8	1	0:00:14.951142
1560	7	7	7	1	0:00:14.940535
1580	6	1	1	0	0:00:14.946718
1600	8	9	1	0	0:00:14.954718
1620	5	4	4	0	0:00:14.949102
1640	7	3	3	0	0:00:14.953794
1660	3	3	5	1	0:00:14.951870
1680	6	6	6	1	0:00:14.977554
1700	5	5	5	1	0:00:14.946792
1720	4	4	4	1	0:00:14.941116
1740	1	9	9	0	0:00:14.948122
1760	0	8	8	0	0:00:14.940907
1780	7	9	9	0	0:00:14.949767
1800	4	0	8	0	0:00:14.935783
1820	8	9	9	0	0:00:14.945115
1840	8	9	7	0	0:00:14.936538
1860	8	8	8	1	0:00:14.954152
1880	1	1	1	1	0:00:14.945072
1900	8	8	8	1	0:00:14.950164
1920	2	2	2	1	0:00:14.961297
1940	5	5	5	1	0:00:14.968884
1960	2	5	5	0	0:00:14.951951
1980	9	9	9	1	0:00:14.965570
2000	1	6	1	0	0:00:14.976188
2020	9	9	9	1	0:00:14.965506
2040	0	0	0	1	0:00:14.973370
2060	5	3	3	0	0:00:14.951223
2080	1	9	9	0	0:00:14.955668
2100	2	7	7	0	0:00:14.948506
2120	4	8	8	0	0:00:14.942028
2140	9	9	9	1	0:00:14.939865
2160	0	8	8	0	0:00:14.942563
2180	4	4	4	1	0:00:14.964076
2200	0	0	0	1	0:00:14.941938
2220	1	1	1	1	0:00:14.942518
2240	9	9	1	1	0:00:14.946250
2260	4	7	7	0	0:00:14.950827
2280	4	3	3	0	0:00:14.945405
2300	3	6	4	0	0:00:14.953450
2320	5	2	2	0	0:00:14.960524
2340	7	7	7	1	0:00:14.949480
2360	7	7	7	1	0:00:14.951388
2380	8	8	8	1	0:00:14.952967
2400	0	0	0	1	0:00:14.974244
2420	8	5	5	0	0:00:15.047829
2440	7	7	7	1	0:00:14.971033
2460	9	3	3	0	0:00:14.970354
2480	8	0	8	0	0:00:14.958904
2500	4	6	4	0	0:00:14.949590
2520	1	3	3	0	0:00:14.959723
2540	2	3	3	0	0:00:14.958695
2560	7	7	7	1	0:00:14.996557
2580	6	6	6	1	0:00:14.971640
2600	8	8	8	1	0:00:14.959975
2620	1	1	1	1	0:00:14.946144
2640	7	7	7	1	0:00:14.965407
2660	3	2	2	0	0:00:14.949799
2680	0	0	0	1	0:00:14.939897
2700	9	1	1	0	0:00:14.951058
2720	3	3	3	1	0:00:14.944016
2740	1	1	1	1	0:00:14.961298
2760	2	2	2	1	0:00:14.961168
2780	7	7	7	1	0:00:14.945007
2800	4	6	4	0	0:00:14.947112
2820	6	6	6	1	0:00:14.964320
2840	3	3	3	1	0:00:14.956475
2860	5	7	6	0	0:00:14.946533
2880	4	4	4	1	0:00:14.945998
2900	3	7	5	0	0:00:14.942203
2920	2	3	3	0	0:00:14.947212
2940	3	0	0	0	0:00:14.958266
2960	9	9	9	1	0:00:14.949830
2980	8	8	8	1	0:00:14.948993
3000	5	5	5	1	0:00:14.950069
3020	1	1	1	1	0:00:14.960227
3040	7	7	7	1	0:00:14.958904
3060	7	7	7	1	0:00:14.945386
3080	1	1	1	1	0:00:14.942533
3100	0	0	0	1	0:00:14.947281
3120	4	6	6	0	0:00:14.941928
3140	8	8	8	1	0:00:14.955482
3160	6	2	2	0	0:00:14.954298
3180	3	3	3	1	0:00:14.978839
3200	5	5	5	1	0:00:14.957094
3220	3	9	9	0	0:00:14.985237
3240	4	1	3	0	0:00:14.941560
3260	7	7	7	1	0:00:14.957772
3280	3	5	5	0	0:00:14.951272
3300	4	2	2	0	0:00:14.958343
3320	2	7	7	0	0:00:14.949067
3340	6	6	6	1	0:00:14.965898
3360	4	6	3	0	0:00:14.951234
3380	8	8	8	1	0:00:14.956491
3400	6	4	4	0	0:00:14.943563
3420	5	7	7	0	0:00:14.957398
3440	2	3	3	0	0:00:14.962850
3460	1	1	1	1	0:00:14.955909
3480	2	2	2	1	0:00:14.946395
3500	1	1	9	1	0:00:14.971336
3520	1	1	1	1	0:00:14.949125
3540	6	6	6	1	0:00:14.951993
3560	1	9	9	0	0:00:14.960721
3580	4	4	2	1	0:00:14.961721
3600	4	2	2	0	0:00:14.968921
3620	0	6	5	0	0:00:14.964325
3640	6	2	6	0	0:00:14.942741
3660	0	8	8	0	0:00:14.965726
3680	0	7	2	0	0:00:14.966320
3700	3	5	5	0	0:00:14.943897
3720	2	2	2	1	0:00:14.954775
3740	0	0	8	1	0:00:14.965157
3760	7	7	7	1	0:00:14.949536
3780	4	4	4	1	0:00:14.968183
3800	9	9	9	1	0:00:14.935362
3820	0	2	0	0	0:00:14.949862
3840	6	8	6	0	0:00:14.967544
3860	7	7	7	1	0:00:14.957118
3880	6	4	4	0	0:00:14.931002
3900	3	6	6	0	0:00:14.937491
3920	7	9	9	0	0:00:14.940949
3940	6	7	4	0	0:00:14.957482
3960	2	2	2	1	0:00:14.965110
3980	9	6	6	0	0:00:14.949050
4000	8	7	9	0	0:00:14.949911
4020	8	8	8	1	0:00:14.946562
4040	0	0	0	1	0:00:14.942607
4060	6	6	3	1	0:00:14.972167
4080	1	1	1	1	0:00:14.938176
4100	7	7	7	1	0:00:14.947605
4120	4	4	4	1	0:00:14.929525
4140	5	5	5	1	0:00:14.945610
4160	5	5	5	1	0:00:14.937818
4180	0	8	8	0	0:00:14.943263
4200	4	4	2	1	0:00:14.945961
4220	4	0	0	0	0:00:14.953262
4240	7	8	8	0	0:00:14.996110
4260	8	8	8	1	0:00:14.956860
4280	8	9	9	0	0:00:14.951087
4300	8	8	8	1	0:00:14.949554
4320	1	8	8	0	0:00:14.946026
4340	0	0	0	1	0:00:14.991714
4360	6	9	9	0	0:00:14.962321
4380	9	9	9	1	0:00:14.952259
4400	3	6	4	0	0:00:14.945311
4420	5	7	7	0	0:00:14.961631
4440	2	3	3	0	0:00:14.949834
4460	9	9	9	1	0:00:14.946869
4480	9	9	9	1	0:00:14.944961
4500	3	5	5	0	0:00:14.968955
4520	3	6	6	0	0:00:14.970724
4540	9	9	9	1	0:00:14.937261
4560	1	1	1	1	0:00:14.950237
4580	6	6	4	1	0:00:14.946867
4600	4	2	2	0	0:00:14.952926
4620	7	3	7	0	0:00:14.968620
4640	2	2	2	1	0:00:14.949361
4660	7	-1	7	0	0:00:14.973346
4680	9	9	9	1	0:00:14.988005
4700	6	1	5	0	0:00:15.014133
4720	8	0	0	0	0:00:14.936311
4740	5	3	3	0	0:00:14.961782
4760	3	2	2	0	0:00:14.969809
4780	0	0	0	1	0:00:15.021088
4800	9	9	9	1	0:00:14.963477
4820	3	5	5	0	0:00:14.942799
4840	0	0	0	1	0:00:14.950867
4860	5	5	5	1	0:00:14.954295
4880	0	7	7	0	0:00:14.964179
4900	3	6	5	0	0:00:14.945586
4920	7	7	7	1	0:00:14.943579
4940	6	6	4	1	0:00:14.932487
4960	4	3	3	0	0:00:14.960810
4980	1	9	9	0	0:00:14.960905
5000	7	7	7	1	0:00:14.977234
5020	8	8	8	1	0:00:14.955594
5040	3	3	3	1	0:00:14.974813
5060	6	6	2	1	0:00:14.946219
5080	7	7	4	1	0:00:14.952953
5100	3	3	3	1	0:00:14.973923
5120	9	9	9	1	0:00:14.958795
5140	8	8	8	1	0:00:14.944897
5160	0	0	0	1	0:00:14.929271
5180	9	7	7	0	0:00:14.950597
5200	3	3	3	1	0:00:14.949353
5220	0	0	0	1	0:00:14.954193
5240	1	9	9	0	0:00:14.963429
5260	0	0	0	1	0:00:14.954692
5280	0	8	8	0	0:00:14.979754
5300	9	9	9	1	0:00:14.976355
5320	7	7	7	1	0:00:14.974049
5340	3	5	3	0	0:00:15.007439
5360	9	9	9	1	0:00:14.978038
5380	1	9	9	0	0:00:14.959793
5400	9	9	9	1	0:00:14.958061
5420	6	6	6	1	0:00:14.949995
5440	9	9	9	1	0:00:14.965841
5460	0	6	6	0	0:00:14.977007
5480	1	1	1	1	0:00:14.958404
5500	8	1	8	0	0:00:14.950904
5520	4	3	3	0	0:00:14.957763
5540	5	6	6	0	0:00:14.952283
5560	3	6	6	0	0:00:14.947245
5580	5	6	6	0	0:00:14.955824
5600	6	9	4	0	0:00:14.961736
5620	3	2	2	0	0:00:14.954542
5640	2	3	3	0	0:00:14.948049
5660	9	9	9	1	0:00:14.956072
5680	2	3	3	0	0:00:14.963063
5700	3	5	5	0	0:00:14.957018
5720	9	9	9	1	0:00:14.950537
5740	6	4	4	0	0:00:14.961205
5760	2	2	2	1	0:00:14.960587
5780	7	7	7	1	0:00:14.941063
5800	2	2	2	1	0:00:14.940919
5820	5	6	6	0	0:00:14.952422
5840	2	5	5	0	0:00:14.933861
5860	0	0	8	1	0:00:14.948232
5880	0	0	0	1	0:00:14.942486
5900	4	0	5	0	0:00:14.950168
5920	8	8	8	1	0:00:14.932020
5940	7	6	6	0	0:00:14.942747
5960	2	6	6	0	0:00:14.939942
5980	9	9	9	1	0:00:14.940271
6000	8	8	8	1	0:00:14.951967
6020	6	6	6	1	0:00:14.950970
6040	2	7	7	0	0:00:14.934806
6060	3	6	4	0	0:00:14.953393
6080	1	1	1	1	0:00:14.960495
6100	1	1	1	1	0:00:14.935223
6120	5	5	5	1	0:00:14.946004
6140	9	9	9	1	0:00:14.948621
6160	2	5	5	0	0:00:14.940258
6180	0	9	9	0	0:00:14.947150
6200	3	3	3	1	0:00:14.962600
6220	2	5	5	0	0:00:14.957723
6240	2	0	0	0	0:00:14.948806
6260	2	1	1	0	0:00:14.953285
6280	8	5	5	0	0:00:14.956264
6300	1	1	1	1	0:00:14.956057
6320	0	0	0	1	0:00:14.966114
6340	3	7	3	0	0:00:14.954338
6360	2	6	2	0	0:00:14.934173
6380	3	6	4	0	0:00:14.969794
6400	0	8	0	0	0:00:14.963978
6420	7	7	7	1	0:00:14.952925
6440	3	6	8	0	0:00:14.944494
6460	3	3	3	1	0:00:14.953177
6480	0	2	2	0	0:00:14.944299
6500	7	6	6	0	0:00:14.950625
6520	6	6	2	1	0:00:14.942554
6540	8	8	8	1	0:00:14.958493
6560	6	6	6	1	0:00:14.959030
6580	1	7	3	0	0:00:14.970688
6600	7	7	7	1	0:00:14.935562
6620	7	7	7	1	0:00:14.953337
6640	5	3	3	0	0:00:14.937959
6660	0	0	0	1	0:00:14.959225
6680	3	3	3	1	0:00:14.951575
6700	6	6	6	1	0:00:14.956517
6720	2	4	4	0	0:00:14.943934
6740	2	6	2	0	0:00:14.933441
6760	5	5	3	1	0:00:14.931615
6780	7	7	7	1	0:00:14.961697
6800	6	4	4	0	0:00:14.965373
6820	1	1	1	1	0:00:14.978197
6840	9	9	9	1	0:00:14.969486
6860	0	0	0	1	0:00:14.967791
6880	2	2	2	1	0:00:14.948433
6900	3	3	3	1	0:00:14.952059
6920	5	2	4	0	0:00:14.936714
6940	1	1	1	1	0:00:14.968110
6960	9	8	8	0	0:00:14.959354
6980	0	1	1	0	0:00:14.958650
7000	2	8	8	0	0:00:14.947336
7020	7	7	7	1	0:00:14.968148
7040	7	1	8	0	0:00:14.958399
7060	8	8	8	1	0:00:14.951946
7080	5	4	4	0	0:00:14.938001
7100	9	2	2	0	0:00:14.959441
7120	7	7	7	1	0:00:14.974533
7140	4	7	7	0	0:00:14.953847
7160	5	5	5	1	0:00:14.956903
7180	6	6	6	1	0:00:14.954214
7200	4	6	6	0	0:00:14.971650
7220	9	9	0	1	0:00:14.963094
7240	0	8	8	0	0:00:14.967254
7260	1	1	1	1	0:00:14.951373
7280	1	0	0	0	0:00:14.952600
7300	3	4	4	0	0:00:14.972580
7320	8	0	0	0	0:00:14.957505
7340	2	4	4	0	0:00:14.964839
7360	2	7	7	0	0:00:14.965580
7380	7	7	7	1	0:00:14.964067
7400	3	9	9	0	0:00:14.961358
7420	3	2	2	0	0:00:14.940942
7440	3	7	7	0	0:00:14.944823
7460	5	5	5	1	0:00:14.941198
7480	1	8	8	0	0:00:14.954988
7500	6	6	6	1	0:00:14.956544
7520	4	4	4	1	0:00:14.955378
7540	5	5	5	1	0:00:14.967227
7560	0	0	0	1	0:00:14.964739
7580	8	9	8	0	0:00:14.944161
7600	8	9	9	0	0:00:14.969478
7620	5	3	3	0	0:00:14.969846
7640	9	9	9	1	0:00:14.944491
7660	7	7	7	1	0:00:14.970006
7680	3	9	3	0	0:00:14.978845
7700	6	6	6	1	0:00:14.974643
7720	5	2	2	0	0:00:14.972960
7740	4	6	2	0	0:00:14.960791
7760	2	9	9	0	0:00:14.973125
7780	3	9	9	0	0:00:14.952637
7800	0	0	0	1	0:00:14.930462
7820	5	5	5	1	0:00:14.940037
7840	1	1	1	1	0:00:14.955473
7860	8	8	8	1	0:00:14.974489
7880	0	0	0	1	0:00:14.944384
7900	0	2	2	0	0:00:14.959593
7920	9	1	1	0	0:00:14.944380
7940	2	6	6	0	0:00:14.957768
7960	0	0	0	1	0:00:14.938785
7980	3	3	3	1	0:00:14.925545
8000	9	9	9	1	0:00:14.937701
8020	6	7	7	0	0:00:14.954011
8040	2	2	2	1	0:00:14.922284
8060	6	6	6	1	0:00:14.931685
8080	4	6	6	0	0:00:14.929539
8100	6	2	2	0	0:00:14.954956
8120	8	9	8	0	0:00:14.933098
8140	5	4	4	0	0:00:14.928613
8160	6	6	6	1	0:00:14.944997
8180	4	6	4	0	0:00:14.939955
8200	3	0	0	0	0:00:14.930763
8220	6	7	5	0	0:00:14.937785
8240	7	7	7	1	0:00:14.935918
8260	1	1	1	1	0:00:14.933365
8280	4	5	5	0	0:00:14.930694
8300	5	2	2	0	0:00:14.936270
8320	7	7	7	1	0:00:14.920040
8340	5	3	5	0	0:00:14.949057
8360	7	7	7	1	0:00:14.940789
8380	9	9	9	1	0:00:14.961347
8400	0	8	8	0	0:00:14.966353
8420	3	6	6	0	0:00:14.951895
8440	5	3	3	0	0:00:14.951160
8460	8	8	8	1	0:00:14.917480
8480	2	2	2	1	0:00:14.921161
8500	4	4	4	1	0:00:14.925217
8520	8	8	8	1	0:00:14.931174
8540	4	6	4	0	0:00:14.925461
8560	7	7	7	1	0:00:14.938232
8580	3	9	9	0	0:00:14.955265
8600	3	5	5	0	0:00:14.933359
8620	3	2	2	0	0:00:14.949815
8640	1	1	1	1	0:00:14.920034
8660	7	5	5	0	0:00:14.939907
8680	3	6	6	0	0:00:14.935250
8700	3	3	3	1	0:00:14.920990
8720	2	0	0	0	0:00:14.918521
8740	2	4	4	0	0:00:14.929651
8760	8	8	8	1	0:00:14.941110
8780	4	7	4	0	0:00:14.940179
8800	0	0	0	1	0:00:14.921309
8820	2	2	2	1	0:00:14.949838
8840	2	6	2	0	0:00:14.915022
8860	2	2	2	1	0:00:14.931092
8880	1	1	1	1	0:00:14.929986
8900	2	4	4	0	0:00:14.943778
8920	6	6	6	1	0:00:14.909611
8940	6	3	3	0	0:00:14.949965
8960	0	0	0	1	0:00:14.936037
8980	9	9	9	1	0:00:14.959750
9000	8	8	8	1	0:00:14.941010
9020	7	7	7	1	0:00:14.938725
9040	2	5	5	0	0:00:14.921731
9060	9	9	5	1	0:00:14.961297
9080	3	3	6	1	0:00:14.929973
9100	9	1	1	0	0:00:14.928069
9120	3	5	5	0	0:00:14.916466
9140	7	7	7	1	0:00:14.929478
9160	5	5	5	1	0:00:14.939532
9180	5	5	5	1	0:00:14.933937
9200	8	8	8	1	0:00:14.933376
9220	8	8	8	1	0:00:14.947341
9240	8	8	8	1	0:00:14.953639
9260	5	5	5	1	0:00:14.935698
9280	9	8	8	0	0:00:14.942292
9300	5	4	4	0	0:00:14.949070
9320	9	9	9	1	0:00:14.927724
9340	1	1	1	1	0:00:14.924409
9360	5	0	0	0	0:00:14.926599
9380	5	3	3	0	0:00:14.933957
9400	6	6	6	1	0:00:14.924338
9420	5	5	5	1	0:00:14.931005
9440	8	8	8	1	0:00:14.929182
9460	3	7	7	0	0:00:14.938667
9480	2	4	4	0	0:00:14.922661
9500	9	9	9	1	0:00:14.931121
9520	1	1	1	1	0:00:14.951606
9540	5	5	5	1	0:00:14.943360
9560	9	7	7	0	0:00:14.912387
9580	1	1	1	1	0:00:14.914539
9600	8	8	8	1	0:00:14.922913
9620	4	4	4	1	0:00:14.918598
9640	5	5	5	1	0:00:14.906289
9660	6	6	6	1	0:00:14.920942
9680	8	8	8	1	0:00:14.929093
9700	0	0	0	1	0:00:14.929969
9720	8	1	8	0	0:00:14.924997
9740	3	6	6	0	0:00:14.909950
9760	9	7	7	0	0:00:14.901798
9780	4	6	6	0	0:00:14.920406
9800	1	1	1	1	0:00:14.913934
9820	0	8	8	0	0:00:14.922211
9840	4	3	3	0	0:00:14.931705
9860	0	5	5	0	0:00:14.942652
9880	7	8	3	0	0:00:14.916028
9900	8	8	8	1	0:00:14.929245
9920	6	6	6	1	0:00:14.914260
9940	4	4	4	1	0:00:14.967964
9960	2	0	0	0	0:00:14.928931
9980	0	0	0	1	0:00:14.943962
