idx	label	predict	basePredict	correct	time
0	3	3	3	1	0:00:17.144325
20	7	1	1	0	0:00:15.875581
40	4	4	4	1	0:00:15.870593
60	7	7	7	1	0:00:15.833574
80	8	8	8	1	0:00:15.868859
100	4	5	5	0	0:00:15.852547
120	8	8	8	1	0:00:15.909356
140	6	6	6	1	0:00:15.867170
160	2	2	2	1	0:00:15.886993
180	0	0	0	1	0:00:15.854981
200	5	5	5	1	0:00:15.848296
220	7	7	7	1	0:00:15.936806
240	1	1	1	1	0:00:15.852413
260	8	8	5	1	0:00:15.867538
280	9	9	9	1	0:00:15.873819
300	6	6	6	1	0:00:15.911436
320	3	5	5	0	0:00:15.916483
340	2	6	4	0	0:00:15.908126
360	9	9	9	1	0:00:15.881936
380	6	6	4	1	0:00:15.888848
400	9	9	9	1	0:00:15.922296
420	4	4	2	1	0:00:15.858943
440	1	1	1	1	0:00:15.916580
460	5	5	5	1	0:00:15.927525
480	8	9	9	0	0:00:15.901803
500	4	6	4	0	0:00:15.832274
520	5	5	5	1	0:00:15.898015
540	1	1	1	1	0:00:15.848161
560	0	0	0	1	0:00:15.845803
580	4	4	4	1	0:00:15.860369
600	8	8	8	1	0:00:15.859676
620	7	7	7	1	0:00:15.820883
640	5	3	3	0	0:00:15.885622
660	9	9	9	1	0:00:15.884437
680	9	0	5	0	0:00:15.929400
700	7	7	7	1	0:00:15.874939
720	4	9	9	0	0:00:16.003225
740	2	3	3	0	0:00:15.888174
760	3	3	3	1	0:00:15.872976
780	9	1	1	0	0:00:15.915251
800	7	7	7	1	0:00:15.881108
820	6	1	8	0	0:00:15.903284
840	7	7	7	1	0:00:15.953728
860	4	4	4	1	0:00:15.908278
880	8	8	8	1	0:00:16.370776
900	2	6	4	0	0:00:15.874313
920	6	4	4	0	0:00:15.895296
940	9	9	9	1	0:00:15.891243
960	9	3	3	0	0:00:15.952388
980	2	6	6	0	0:00:16.028738
1000	5	5	5	1	0:00:15.209024
1020	1	1	1	1	0:00:15.178053
1040	7	5	5	0	0:00:15.207820
1060	9	9	9	1	0:00:15.133678
1080	6	6	2	1	0:00:15.214084
1100	7	8	8	0	0:00:15.201081
1120	5	2	2	0	0:00:15.161433
1140	6	6	4	1	0:00:15.130219
1160	8	8	8	1	0:00:15.131665
1180	3	3	3	1	0:00:15.145253
1200	8	8	8	1	0:00:15.154621
1220	9	6	3	0	0:00:15.153338
1240	2	6	6	0	0:00:15.168795
1260	1	9	9	0	0:00:15.166693
1280	3	3	3	1	0:00:15.185663
1300	4	3	3	0	0:00:15.171570
1320	7	7	2	1	0:00:15.150099
1340	1	1	1	1	0:00:15.174440
1360	7	7	7	1	0:00:15.209714
1380	4	5	5	0	0:00:15.234612
1400	5	5	5	1	0:00:15.204329
1420	4	7	4	0	0:00:15.153418
1440	0	0	0	1	0:00:15.164762
1460	6	6	6	1	0:00:15.148751
1480	1	1	1	1	0:00:15.159671
1500	1	1	1	1	0:00:15.150040
1520	7	7	7	1	0:00:15.146280
1540	8	8	8	1	0:00:15.167355
1560	7	7	7	1	0:00:15.210709
1580	6	1	1	0	0:00:15.252841
1600	8	9	9	0	0:00:15.156888
1620	5	3	3	0	0:00:15.120485
1640	7	3	3	0	0:00:15.228002
1660	3	3	5	1	0:00:15.147479
1680	6	6	6	1	0:00:15.191380
1700	5	3	3	0	0:00:15.211668
1720	4	2	2	0	0:00:15.188815
1740	1	9	9	0	0:00:15.130578
1760	0	0	8	1	0:00:15.121087
1780	7	7	7	1	0:00:15.109948
1800	4	8	8	0	0:00:15.137423
1820	8	9	9	0	0:00:15.124892
1840	8	4	4	0	0:00:15.110051
1860	8	8	8	1	0:00:15.199311
1880	1	1	1	1	0:00:15.125356
1900	8	8	8	1	0:00:15.200233
1920	2	2	2	1	0:00:15.112880
1940	5	5	5	1	0:00:15.107456
1960	2	5	5	0	0:00:15.119572
1980	9	9	9	1	0:00:15.100195
2000	1	1	1	1	0:00:15.101017
2020	9	9	9	1	0:00:15.108012
2040	0	0	0	1	0:00:15.088778
2060	5	5	5	1	0:00:15.120261
2080	1	1	1	1	0:00:15.114037
2100	2	2	2	1	0:00:15.142702
2120	4	8	8	0	0:00:15.103442
2140	9	9	9	1	0:00:15.146660
2160	0	8	8	0	0:00:15.161122
2180	4	4	4	1	0:00:15.108791
2200	0	0	0	1	0:00:15.139461
2220	1	1	1	1	0:00:15.091998
2240	9	1	1	0	0:00:15.116984
2260	4	2	3	0	0:00:15.108833
2280	4	8	8	0	0:00:15.099995
2300	3	3	3	1	0:00:15.112669
2320	5	3	3	0	0:00:15.093870
2340	7	7	7	1	0:00:15.100225
2360	7	5	5	0	0:00:15.124450
2380	8	8	8	1	0:00:15.119863
2400	0	0	0	1	0:00:15.105836
2420	8	5	5	0	0:00:15.112781
2440	7	7	5	1	0:00:15.113009
2460	9	3	3	0	0:00:15.101767
2480	8	8	8	1	0:00:15.094840
2500	4	6	2	0	0:00:15.084717
2520	1	8	8	0	0:00:15.079125
2540	2	3	3	0	0:00:15.107598
2560	7	7	5	1	0:00:15.122290
2580	6	6	6	1	0:00:15.087349
2600	8	8	8	1	0:00:15.085218
2620	1	1	1	1	0:00:15.091864
2640	7	7	7	1	0:00:15.103312
2660	3	2	2	0	0:00:15.094860
2680	0	0	0	1	0:00:15.077067
2700	9	1	1	0	0:00:15.094086
2720	3	3	3	1	0:00:15.085599
2740	1	1	1	1	0:00:15.081152
2760	2	2	2	1	0:00:15.084410
2780	7	7	7	1	0:00:15.107721
2800	4	6	4	0	0:00:15.104170
2820	6	6	6	1	0:00:15.105376
2840	3	3	3	1	0:00:15.120519
2860	5	6	6	0	0:00:15.105467
2880	4	4	4	1	0:00:15.102385
2900	3	5	5	0	0:00:15.091643
2920	2	3	5	0	0:00:15.093795
2940	3	0	0	0	0:00:15.106987
2960	9	0	9	0	0:00:15.095450
2980	8	8	8	1	0:00:15.082547
3000	5	5	5	1	0:00:15.089498
3020	1	1	1	1	0:00:15.100076
3040	7	7	7	1	0:00:15.086524
3060	7	7	7	1	0:00:15.115674
3080	1	1	1	1	0:00:15.106030
3100	0	0	0	1	0:00:15.167619
3120	4	6	2	0	0:00:15.085270
3140	8	8	8	1	0:00:15.091297
3160	6	2	2	0	0:00:15.143738
3180	3	6	3	0	0:00:15.131862
3200	5	5	5	1	0:00:15.098731
3220	3	9	9	0	0:00:15.092460
3240	4	0	0	0	0:00:15.093552
3260	7	7	7	1	0:00:15.103142
3280	3	5	5	0	0:00:15.095286
3300	4	4	2	1	0:00:15.074020
3320	2	7	7	0	0:00:15.078648
3340	6	6	4	1	0:00:15.090962
3360	4	6	3	0	0:00:15.081763
3380	8	8	8	1	0:00:15.064253
3400	6	7	4	0	0:00:15.076999
3420	5	3	3	0	0:00:15.084347
3440	2	3	3	0	0:00:15.082814
3460	1	1	1	1	0:00:15.079392
3480	2	2	2	1	0:00:15.126051
3500	1	1	1	1	0:00:15.096443
3520	1	1	1	1	0:00:15.144550
3540	6	6	3	1	0:00:15.084095
3560	1	0	0	0	0:00:15.084050
3580	4	2	2	0	0:00:15.099826
3600	4	2	2	0	0:00:15.103969
3620	0	3	3	0	0:00:15.086272
3640	6	2	2	0	0:00:15.117813
3660	0	0	8	1	0:00:15.078936
3680	0	2	2	0	0:00:15.079391
3700	3	3	3	1	0:00:15.088886
3720	2	2	2	1	0:00:15.155730
3740	0	0	0	1	0:00:15.073442
3760	7	7	7	1	0:00:15.073158
3780	4	2	2	0	0:00:15.064233
3800	9	9	9	1	0:00:15.074977
3820	0	0	0	1	0:00:15.078216
3840	6	3	3	0	0:00:15.073044
3860	7	7	7	1	0:00:15.083958
3880	6	4	4	0	0:00:15.064082
3900	3	6	6	0	0:00:15.098827
3920	7	1	5	0	0:00:15.080518
3940	6	3	2	0	0:00:15.077351
3960	2	2	2	1	0:00:15.097420
3980	9	3	3	0	0:00:15.072717
4000	8	0	0	0	0:00:15.061560
4020	8	8	8	1	0:00:15.125245
4040	0	0	0	1	0:00:15.086127
4060	6	3	3	0	0:00:15.088947
4080	1	1	1	1	0:00:15.066605
4100	7	7	7	1	0:00:15.070569
4120	4	4	4	1	0:00:15.092686
4140	5	5	5	1	0:00:15.087287
4160	5	5	5	1	0:00:15.082380
4180	0	0	8	1	0:00:15.111970
4200	4	4	2	1	0:00:15.083468
4220	4	0	0	0	0:00:15.065494
4240	7	0	0	0	0:00:15.082558
4260	8	8	8	1	0:00:15.065759
4280	8	9	9	0	0:00:15.066661
4300	8	8	8	1	0:00:15.076187
4320	1	8	8	0	0:00:15.087323
4340	0	0	0	1	0:00:15.100145
4360	6	3	3	0	0:00:15.093035
4380	9	9	9	1	0:00:15.130652
4400	3	4	2	0	0:00:15.076420
4420	5	5	7	1	0:00:15.087291
4440	2	2	2	1	0:00:15.077781
4460	9	9	9	1	0:00:15.078182
4480	9	9	9	1	0:00:15.073800
4500	3	5	5	0	0:00:15.083756
4520	3	3	3	1	0:00:15.088546
4540	9	9	9	1	0:00:15.076719
4560	1	1	1	1	0:00:15.077913
4580	6	4	4	0	0:00:15.073621
4600	4	4	4	1	0:00:15.064455
4620	7	3	3	0	0:00:15.058641
4640	2	2	2	1	0:00:15.072424
4660	7	7	7	1	0:00:15.080019
4680	9	9	9	1	0:00:15.075201
4700	6	6	3	1	0:00:15.081852
4720	8	0	0	0	0:00:15.080421
4740	5	3	3	0	0:00:15.070364
4760	3	2	2	0	0:00:15.084969
4780	0	0	0	1	0:00:15.083863
4800	9	9	9	1	0:00:15.093248
4820	3	5	5	0	0:00:15.082903
4840	0	0	0	1	0:00:15.067997
4860	5	5	5	1	0:00:15.060041
4880	0	0	0	1	0:00:15.076738
4900	3	1	5	0	0:00:15.059339
4920	7	7	7	1	0:00:15.070771
4940	6	6	2	1	0:00:15.063856
4960	4	3	3	0	0:00:15.082184
4980	1	9	9	0	0:00:15.081817
5000	7	7	7	1	0:00:15.110941
5020	8	8	8	1	0:00:15.085986
5040	3	3	3	1	0:00:15.093898
5060	6	6	6	1	0:00:15.139678
5080	7	7	7	1	0:00:15.078528
5100	3	3	3	1	0:00:15.084459
5120	9	9	8	1	0:00:15.078409
5140	8	8	8	1	0:00:15.095286
5160	0	0	0	1	0:00:15.069269
5180	9	7	7	0	0:00:15.075155
5200	3	3	3	1	0:00:15.103199
5220	0	0	0	1	0:00:15.105684
5240	1	1	1	1	0:00:15.099571
5260	0	0	0	1	0:00:15.080775
5280	0	8	8	0	0:00:15.077485
5300	9	9	9	1	0:00:15.090250
5320	7	7	7	1	0:00:15.082183
5340	3	4	3	0	0:00:15.085814
5360	9	9	9	1	0:00:15.088699
5380	1	9	9	0	0:00:15.090923
5400	9	9	9	1	0:00:15.095533
5420	6	6	6	1	0:00:15.090279
5440	9	9	9	1	0:00:15.080032
5460	0	0	0	1	0:00:15.074084
5480	1	1	1	1	0:00:15.069223
5500	8	8	8	1	0:00:15.093148
5520	4	5	3	0	0:00:15.092307
5540	5	6	2	0	0:00:15.084514
5560	3	5	5	0	0:00:15.123544
5580	5	6	3	0	0:00:15.072625
5600	6	3	0	0	0:00:15.063843
5620	3	2	2	0	0:00:15.075068
5640	2	5	2	0	0:00:15.088869
5660	9	9	9	1	0:00:15.068296
5680	2	3	3	0	0:00:15.087370
5700	3	5	5	0	0:00:15.078194
5720	9	9	9	1	0:00:15.077255
5740	6	4	4	0	0:00:15.059126
5760	2	2	2	1	0:00:15.071227
5780	7	7	7	1	0:00:15.060760
5800	2	2	2	1	0:00:15.074055
5820	5	5	3	1	0:00:15.183186
5840	2	5	5	0	0:00:15.093571
5860	0	0	0	1	0:00:15.077676
5880	0	0	0	1	0:00:15.086308
5900	4	0	5	0	0:00:15.074349
5920	8	8	8	1	0:00:15.083810
5940	7	4	4	0	0:00:15.082422
5960	2	6	6	0	0:00:15.094578
5980	9	9	9	1	0:00:15.094871
6000	8	1	8	0	0:00:15.087558
6020	6	6	6	1	0:00:15.065638
6040	2	7	7	0	0:00:15.084162
6060	3	4	4	0	0:00:15.082202
6080	1	1	1	1	0:00:15.078741
6100	1	1	1	1	0:00:15.075586
6120	5	5	5	1	0:00:15.093666
6140	9	9	9	1	0:00:15.157406
6160	2	5	5	0	0:00:15.116389
6180	0	0	0	1	0:00:15.090461
6200	3	3	3	1	0:00:15.096695
6220	2	5	5	0	0:00:15.080161
6240	2	2	2	1	0:00:15.089540
6260	2	1	0	0	0:00:15.067964
6280	8	5	5	0	0:00:15.091516
6300	1	1	1	1	0:00:15.097341
6320	0	0	0	1	0:00:15.083506
6340	3	5	5	0	0:00:15.079309
6360	2	2	2	1	0:00:15.078323
6380	3	6	5	0	0:00:15.068739
6400	0	8	0	0	0:00:15.092535
6420	7	7	7	1	0:00:15.085142
6440	3	8	8	0	0:00:15.075694
6460	3	0	0	0	0:00:15.072478
6480	0	0	0	1	0:00:15.073153
6500	7	6	6	0	0:00:15.079108
6520	6	4	2	0	0:00:15.079252
6540	8	8	8	1	0:00:15.085507
6560	6	6	4	1	0:00:15.093741
6580	1	1	3	1	0:00:15.075496
6600	7	7	7	1	0:00:15.099953
6620	7	7	7	1	0:00:15.085503
6640	5	3	3	0	0:00:15.067418
6660	0	0	0	1	0:00:15.060573
6680	3	5	5	0	0:00:15.093084
6700	6	6	6	1	0:00:15.067091
6720	2	2	2	1	0:00:15.055020
6740	2	4	4	0	0:00:15.057963
6760	5	5	3	1	0:00:15.065348
6780	7	7	7	1	0:00:15.062229
6800	6	6	2	1	0:00:15.063364
6820	1	1	1	1	0:00:15.060440
6840	9	9	9	1	0:00:15.071214
6860	0	0	0	1	0:00:15.053612
6880	2	2	2	1	0:00:15.089187
6900	3	3	3	1	0:00:15.060363
6920	5	2	2	0	0:00:15.063608
6940	1	1	1	1	0:00:15.073280
6960	9	9	8	1	0:00:15.062665
6980	0	0	8	1	0:00:15.089091
7000	2	8	8	0	0:00:15.144170
7020	7	7	7	1	0:00:15.109025
7040	7	1	8	0	0:00:15.079455
7060	8	8	8	1	0:00:15.089774
7080	5	4	4	0	0:00:15.081476
7100	9	3	3	0	0:00:15.063293
7120	7	7	7	1	0:00:15.073109
7140	4	4	3	1	0:00:15.069730
7160	5	5	5	1	0:00:15.063545
7180	6	6	6	1	0:00:15.067875
7200	4	6	2	0	0:00:15.055300
7220	9	9	9	1	0:00:15.068250
7240	0	8	8	0	0:00:15.075840
7260	1	1	1	1	0:00:15.064829
7280	1	9	0	0	0:00:15.053681
7300	3	4	4	0	0:00:15.058802
7320	8	0	0	0	0:00:15.058086
7340	2	4	4	0	0:00:15.064326
7360	2	2	2	1	0:00:15.081795
7380	7	7	7	1	0:00:15.090373
7400	3	5	5	0	0:00:15.074065
7420	3	2	2	0	0:00:15.109617
7440	3	3	3	1	0:00:15.062717
7460	5	5	5	1	0:00:15.069662
7480	1	1	3	1	0:00:15.074669
7500	6	6	6	1	0:00:15.060734
7520	4	4	4	1	0:00:15.060216
7540	5	5	5	1	0:00:15.085773
7560	0	0	0	1	0:00:15.095449
7580	8	8	8	1	0:00:15.153267
7600	8	9	2	0	0:00:15.061639
7620	5	3	3	0	0:00:15.090291
7640	9	8	8	0	0:00:15.078618
7660	7	4	7	0	0:00:15.060615
7680	3	9	5	0	0:00:15.062890
7700	6	6	6	1	0:00:15.058512
7720	5	5	5	1	0:00:15.056326
7740	4	2	2	0	0:00:15.055397
7760	2	9	8	0	0:00:15.062692
7780	3	1	1	0	0:00:15.076144
7800	0	0	0	1	0:00:15.061868
7820	5	8	8	0	0:00:15.060417
7840	1	1	1	1	0:00:15.053797
7860	8	8	8	1	0:00:15.055234
7880	0	0	0	1	0:00:15.156852
7900	0	2	2	0	0:00:15.083724
7920	9	9	9	1	0:00:15.064424
7940	2	6	6	0	0:00:15.056980
7960	0	0	0	1	0:00:15.092805
7980	3	3	5	1	0:00:15.069621
8000	9	9	9	1	0:00:15.060613
8020	6	3	3	0	0:00:15.052447
8040	2	2	2	1	0:00:15.062068
8060	6	6	6	1	0:00:15.053321
8080	4	6	4	0	0:00:15.049536
8100	6	2	2	0	0:00:15.056852
8120	8	9	9	0	0:00:15.061172
8140	5	4	4	0	0:00:15.051805
8160	6	6	6	1	0:00:15.064235
8180	4	4	4	1	0:00:15.054579
8200	3	0	0	0	0:00:15.057693
8220	6	6	2	1	0:00:15.115078
8240	7	7	7	1	0:00:15.115563
8260	1	1	1	1	0:00:15.078628
8280	4	3	3	0	0:00:15.108745
8300	5	2	2	0	0:00:15.131949
8320	7	4	3	0	0:00:15.055084
8340	5	5	5	1	0:00:15.073578
8360	7	7	7	1	0:00:15.074188
8380	9	9	9	1	0:00:15.054414
8400	0	0	0	1	0:00:15.063124
8420	3	6	2	0	0:00:15.063370
8440	5	3	3	0	0:00:15.082173
8460	8	8	8	1	0:00:15.140030
8480	2	2	2	1	0:00:15.072210
8500	4	4	4	1	0:00:15.070734
8520	8	8	8	1	0:00:15.061753
8540	4	2	2	0	0:00:15.070046
8560	7	7	7	1	0:00:15.087266
8580	3	5	5	0	0:00:15.092915
8600	3	5	5	0	0:00:15.089859
8620	3	3	3	1	0:00:15.074172
8640	1	1	1	1	0:00:15.081838
8660	7	7	7	1	0:00:15.083076
8680	3	3	2	1	0:00:15.055378
8700	3	5	5	0	0:00:15.084143
8720	2	0	0	0	0:00:15.079863
8740	2	4	4	0	0:00:15.088629
8760	8	8	8	1	0:00:15.099007
8780	4	4	4	1	0:00:15.060583
8800	0	0	0	1	0:00:15.051269
8820	2	2	2	1	0:00:15.061351
8840	2	2	2	1	0:00:15.055674
8860	2	2	2	1	0:00:15.052822
8880	1	1	1	1	0:00:15.063028
8900	2	2	2	1	0:00:15.082988
8920	6	6	6	1	0:00:15.163476
8940	6	3	5	0	0:00:15.054232
8960	0	0	0	1	0:00:15.052714
8980	9	9	9	1	0:00:15.052303
9000	8	8	8	1	0:00:15.053431
9020	7	7	7	1	0:00:15.049009
9040	2	5	5	0	0:00:15.064165
9060	9	9	9	1	0:00:15.054277
9080	3	2	2	0	0:00:15.054937
9100	9	1	1	0	0:00:15.060278
9120	3	5	5	0	0:00:15.057099
9140	7	7	7	1	0:00:15.068472
9160	5	5	5	1	0:00:15.066898
9180	5	5	5	1	0:00:15.063027
9200	8	8	8	1	0:00:15.060067
9220	8	8	8	1	0:00:15.061100
9240	8	8	8	1	0:00:15.063190
9260	5	5	5	1	0:00:15.061495
9280	9	9	8	1	0:00:15.059269
9300	5	3	3	0	0:00:15.063212
9320	9	9	9	1	0:00:15.068995
9340	1	1	1	1	0:00:15.066434
9360	5	0	0	0	0:00:15.059029
9380	5	3	3	0	0:00:15.076328
9400	6	6	2	1	0:00:15.075486
9420	5	5	5	1	0:00:15.069588
9440	8	8	8	1	0:00:15.073739
9460	3	7	7	0	0:00:15.078116
9480	2	4	4	0	0:00:15.072215
9500	9	9	9	1	0:00:15.093200
9520	1	1	1	1	0:00:15.060633
9540	5	5	5	1	0:00:15.062593
9560	9	7	8	0	0:00:15.077770
9580	1	1	1	1	0:00:15.064062
9600	8	8	8	1	0:00:15.067291
9620	4	4	4	1	0:00:15.081028
9640	5	5	5	1	0:00:15.088170
9660	6	6	6	1	0:00:15.069824
9680	8	8	8	1	0:00:15.071383
9700	0	0	0	1	0:00:15.064162
9720	8	9	3	0	0:00:15.072066
9740	3	6	2	0	0:00:15.072291
9760	9	9	9	1	0:00:15.083075
9780	4	6	4	0	0:00:15.089589
9800	1	1	1	1	0:00:15.086549
9820	0	1	1	0	0:00:15.090352
9840	4	3	3	0	0:00:15.088268
9860	0	0	8	1	0:00:15.063747
9880	7	3	3	0	0:00:15.071038
9900	8	8	8	1	0:00:15.085821
9920	6	6	6	1	0:00:15.081216
9940	4	4	4	1	0:00:15.073866
9960	2	0	0	0	0:00:15.074847
9980	0	0	0	1	0:00:15.072898
