idx	label	predict	basePredict	correct	time
0	3	-1	2	0	0:00:01.397474
20	7	-1	7	0	0:00:01.229495
40	4	8	8	0	0:00:01.244705
60	7	7	4	1	0:00:01.244776
80	8	8	8	1	0:00:01.299798
100	4	-1	4	0	0:00:01.284087
120	8	8	8	1	0:00:01.808632
140	6	2	2	0	0:00:01.275239
160	2	0	2	0	0:00:01.305959
180	0	0	8	1	0:00:01.264956
200	5	3	3	0	0:00:01.267598
220	7	7	7	1	0:00:01.262935
240	1	1	8	1	0:00:01.307577
260	8	3	3	0	0:00:01.311816
280	9	9	8	1	0:00:01.268575
300	6	-1	4	0	0:00:01.277274
320	3	2	2	0	0:00:01.288122
340	2	4	4	0	0:00:01.291218
360	9	7	6	0	0:00:01.280977
380	6	6	4	1	0:00:01.280810
400	9	9	8	1	0:00:01.315657
420	4	-1	6	0	0:00:01.311507
440	1	1	9	1	0:00:01.300571
460	5	5	3	1	0:00:01.272013
480	8	9	8	0	0:00:01.292681
500	4	6	4	0	0:00:01.358768
520	5	7	5	0	0:00:01.321263
540	1	9	8	0	0:00:01.271860
560	0	0	8	1	0:00:01.287336
580	4	-1	4	0	0:00:01.273170
600	8	8	8	1	0:00:01.275006
620	7	-1	4	0	0:00:01.283650
640	5	3	3	0	0:00:01.291520
660	9	9	9	1	0:00:01.307553
680	9	7	4	0	0:00:01.306866
700	7	-1	4	0	0:00:01.287185
720	4	9	7	0	0:00:01.313886
740	2	5	3	0	0:00:01.278641
760	3	9	9	0	0:00:01.408666
780	9	1	0	0	0:00:01.283832
800	7	7	7	1	0:00:01.272860
820	6	-1	8	0	0:00:01.266585
840	7	7	7	1	0:00:01.313545
860	4	4	4	1	0:00:01.282899
880	8	8	8	1	0:00:01.282431
900	2	6	4	0	0:00:01.276217
920	6	-1	2	0	0:00:01.283839
940	9	9	9	1	0:00:01.275768
960	9	9	4	1	0:00:01.278636
980	2	6	6	0	0:00:01.280485
1000	5	5	5	1	0:00:01.180205
1020	1	1	8	1	0:00:01.187139
1040	7	5	5	0	0:00:01.178682
1060	9	9	8	1	0:00:01.180984
1080	6	6	6	1	0:00:01.178987
1100	7	8	8	0	0:00:01.185608
1120	5	2	2	0	0:00:01.166496
1140	6	4	4	0	0:00:01.183086
1160	8	0	0	0	0:00:01.167586
1180	3	3	8	1	0:00:01.176671
1200	8	0	0	0	0:00:01.172382
1220	9	6	6	0	0:00:01.174270
1240	2	6	6	0	0:00:01.159683
1260	1	9	9	0	0:00:01.165619
1280	3	7	7	0	0:00:01.164827
1300	4	3	3	0	0:00:01.152969
1320	7	2	2	0	0:00:01.158235
1340	1	1	1	1	0:00:01.159083
1360	7	7	4	1	0:00:01.159047
1380	4	5	5	0	0:00:01.158405
1400	5	6	2	0	0:00:01.155754
1420	4	7	7	0	0:00:01.184995
1440	0	8	8	0	0:00:01.166642
1460	6	6	4	1	0:00:01.166159
1480	1	-1	5	0	0:00:01.172098
1500	1	9	1	0	0:00:01.176965
1520	7	7	2	1	0:00:01.170607
1540	8	8	8	1	0:00:01.180564
1560	7	7	7	1	0:00:01.179032
1580	6	1	1	0	0:00:01.177441
1600	8	-1	6	0	0:00:01.176429
1620	5	8	8	0	0:00:01.169606
1640	7	5	3	0	0:00:01.173830
1660	3	-1	4	0	0:00:01.163276
1680	6	6	6	1	0:00:01.168074
1700	5	2	2	0	0:00:01.177326
1720	4	2	2	0	0:00:01.172922
1740	1	9	9	0	0:00:01.163046
1760	0	8	8	0	0:00:01.172934
1780	7	9	8	0	0:00:01.184215
1800	4	8	8	0	0:00:01.170277
1820	8	9	8	0	0:00:01.173222
1840	8	9	4	0	0:00:01.165046
1860	8	8	8	1	0:00:01.169169
1880	1	-1	8	0	0:00:01.167654
1900	8	8	8	1	0:00:01.173217
1920	2	-1	2	0	0:00:01.177533
1940	5	3	3	0	0:00:01.175602
1960	2	5	5	0	0:00:01.154069
1980	9	9	2	1	0:00:01.157861
2000	1	6	6	0	0:00:01.161130
2020	9	9	9	1	0:00:01.170381
2040	0	8	8	0	0:00:01.173492
2060	5	5	3	1	0:00:01.163062
2080	1	-1	4	0	0:00:01.173705
2100	2	4	4	0	0:00:01.167823
2120	4	8	8	0	0:00:01.172142
2140	9	9	1	1	0:00:01.184023
2160	0	8	8	0	0:00:01.153156
2180	4	4	4	1	0:00:01.168588
2200	0	2	2	0	0:00:01.281581
2220	1	1	4	1	0:00:01.181051
2240	9	9	8	1	0:00:01.190454
2260	4	7	4	0	0:00:01.218399
2280	4	8	8	0	0:00:01.147692
2300	3	-1	4	0	0:00:01.136370
2320	5	-1	8	0	0:00:01.178104
2340	7	7	7	1	0:00:01.149892
2360	7	-1	3	0	0:00:01.136893
2380	8	-1	8	0	0:00:01.126219
2400	0	0	0	1	0:00:01.135958
2420	8	-1	5	0	0:00:01.137061
2440	7	7	8	1	0:00:01.157795
2460	9	3	3	0	0:00:01.134842
2480	8	8	8	1	0:00:01.142251
2500	4	-1	2	0	0:00:01.160501
2520	1	9	8	0	0:00:01.121828
2540	2	3	3	0	0:00:01.114560
2560	7	7	4	1	0:00:01.125598
2580	6	4	4	0	0:00:01.133851
2600	8	8	8	1	0:00:01.133337
2620	1	-1	4	0	0:00:01.136398
2640	7	7	6	1	0:00:01.141352
2660	3	4	2	0	0:00:01.159166
2680	0	0	0	1	0:00:01.137807
2700	9	-1	0	0	0:00:01.203947
2720	3	2	2	0	0:00:01.133954
2740	1	1	1	1	0:00:01.140239
2760	2	-1	4	0	0:00:01.132554
2780	7	7	7	1	0:00:01.122496
2800	4	6	4	0	0:00:01.139134
2820	6	6	4	1	0:00:01.129661
2840	3	3	3	1	0:00:01.141934
2860	5	7	4	0	0:00:01.128956
2880	4	4	4	1	0:00:01.133106
2900	3	2	2	0	0:00:01.126967
2920	2	5	8	0	0:00:01.102818
2940	3	0	0	0	0:00:01.120821
2960	9	9	8	1	0:00:01.102880
2980	8	1	8	0	0:00:01.101923
3000	5	5	5	1	0:00:01.093738
3020	1	1	8	1	0:00:01.114775
3040	7	7	7	1	0:00:01.100594
3060	7	7	7	1	0:00:01.100997
3080	1	-1	2	0	0:00:01.144330
3100	0	0	0	1	0:00:01.137448
3120	4	6	2	0	0:00:01.133017
3140	8	8	8	1	0:00:01.114476
3160	6	4	4	0	0:00:01.102375
3180	3	9	8	0	0:00:01.100423
3200	5	7	7	0	0:00:01.095695
3220	3	9	3	0	0:00:01.103780
3240	4	1	8	0	0:00:01.106102
3260	7	0	0	0	0:00:01.098826
3280	3	5	0	0	0:00:01.145220
3300	4	6	4	0	0:00:01.121847
3320	2	7	7	0	0:00:01.099802
3340	6	-1	4	0	0:00:01.100979
3360	4	6	6	0	0:00:01.096323
3380	8	-1	8	0	0:00:01.093286
3400	6	4	4	0	0:00:01.117146
3420	5	-1	4	0	0:00:01.133558
3440	2	9	3	0	0:00:01.130792
3460	1	1	4	1	0:00:01.138223
3480	2	2	2	1	0:00:01.183215
3500	1	1	4	1	0:00:01.158197
3520	1	1	1	1	0:00:01.158801
3540	6	6	6	1	0:00:01.126681
3560	1	9	0	0	0:00:01.128910
3580	4	1	4	0	0:00:01.136412
3600	4	2	2	0	0:00:01.128241
3620	0	6	6	0	0:00:01.135561
3640	6	2	2	0	0:00:01.133948
3660	0	8	8	0	0:00:01.141699
3680	0	2	2	0	0:00:01.174396
3700	3	5	4	0	0:00:01.140227
3720	2	2	2	1	0:00:01.131523
3740	0	0	8	1	0:00:01.127984
3760	7	7	7	1	0:00:01.151560
3780	4	-1	2	0	0:00:01.131523
3800	9	-1	3	0	0:00:01.139464
3820	0	-1	2	0	0:00:01.146075
3840	6	3	3	0	0:00:01.142992
3860	7	7	7	1	0:00:01.194707
3880	6	4	4	0	0:00:01.142470
3900	3	-1	1	0	0:00:01.134650
3920	7	9	8	0	0:00:01.124774
3940	6	7	4	0	0:00:01.130988
3960	2	-1	5	0	0:00:01.117356
3980	9	7	7	0	0:00:01.142303
4000	8	7	4	0	0:00:01.130758
4020	8	1	8	0	0:00:01.150008
4040	0	0	0	1	0:00:01.137572
4060	6	3	3	0	0:00:01.165570
4080	1	8	8	0	0:00:01.099787
4100	7	7	7	1	0:00:01.099951
4120	4	0	0	0	0:00:01.108953
4140	5	3	3	0	0:00:01.112721
4160	5	2	2	0	0:00:01.104692
4180	0	0	8	1	0:00:01.097059
4200	4	2	2	0	0:00:01.105095
4220	4	0	0	0	0:00:01.098859
4240	7	0	0	0	0:00:01.094718
4260	8	-1	8	0	0:00:01.116180
4280	8	-1	8	0	0:00:01.100446
4300	8	8	8	1	0:00:01.127808
4320	1	8	8	0	0:00:01.116227
4340	0	-1	8	0	0:00:01.117599
4360	6	9	6	0	0:00:01.143379
4380	9	9	8	1	0:00:01.115618
4400	3	4	4	0	0:00:01.124082
4420	5	8	8	0	0:00:01.115706
4440	2	6	2	0	0:00:01.151058
4460	9	1	8	0	0:00:01.137166
4480	9	-1	3	0	0:00:01.113651
4500	3	6	6	0	0:00:01.114250
4520	3	6	6	0	0:00:01.112935
4540	9	9	9	1	0:00:01.121495
4560	1	1	4	1	0:00:01.113865
4580	6	4	4	0	0:00:01.151032
4600	4	7	4	0	0:00:01.148904
4620	7	3	3	0	0:00:01.120062
4640	2	3	4	0	0:00:01.175269
4660	7	4	2	0	0:00:01.115700
4680	9	1	1	0	0:00:01.114110
4700	6	1	4	0	0:00:01.116964
4720	8	0	0	0	0:00:01.117806
4740	5	3	4	0	0:00:01.115952
4760	3	3	4	1	0:00:01.110305
4780	0	0	8	1	0:00:01.138219
4800	9	9	9	1	0:00:01.138928
4820	3	5	5	0	0:00:01.124435
4840	0	0	0	1	0:00:01.150754
4860	5	-1	3	0	0:00:01.104249
4880	0	2	2	0	0:00:01.092672
4900	3	6	6	0	0:00:01.093637
4920	7	7	4	1	0:00:01.130681
4940	6	4	2	0	0:00:01.138247
4960	4	3	3	0	0:00:01.102603
4980	1	9	9	0	0:00:01.113598
5000	7	7	7	1	0:00:01.127175
5020	8	1	8	0	0:00:01.088633
5040	3	3	4	1	0:00:01.173711
5060	6	2	4	0	0:00:01.192087
5080	7	7	7	1	0:00:01.137251
5100	3	3	3	1	0:00:01.106724
5120	9	9	8	1	0:00:01.102708
5140	8	8	8	1	0:00:01.115858
5160	0	8	8	0	0:00:01.114337
5180	9	-1	4	0	0:00:01.124497
5200	3	3	3	1	0:00:01.110354
5220	0	0	0	1	0:00:01.148509
5240	1	9	2	0	0:00:01.124242
5260	0	0	0	1	0:00:01.116424
5280	0	8	8	0	0:00:01.133332
5300	9	-1	9	0	0:00:01.156918
5320	7	7	7	1	0:00:01.120308
5340	3	4	4	0	0:00:01.094923
5360	9	9	9	1	0:00:01.112932
5380	1	9	9	0	0:00:01.097785
5400	9	-1	8	0	0:00:01.129621
5420	6	6	6	1	0:00:01.181682
5440	9	9	9	1	0:00:01.175159
5460	0	7	7	0	0:00:01.192132
5480	1	1	8	1	0:00:01.166276
5500	8	1	8	0	0:00:01.167730
5520	4	-1	3	0	0:00:01.175852
5540	5	6	2	0	0:00:01.160017
5560	3	6	6	0	0:00:01.181131
5580	5	6	6	0	0:00:01.194175
5600	6	-1	0	0	0:00:01.163456
5620	3	2	2	0	0:00:01.164910
5640	2	5	3	0	0:00:01.199220
5660	9	-1	8	0	0:00:01.168375
5680	2	1	8	0	0:00:01.162977
5700	3	-1	2	0	0:00:01.158193
5720	9	9	9	1	0:00:01.193306
5740	6	4	4	0	0:00:01.162755
5760	2	-1	2	0	0:00:01.153177
5780	7	7	4	1	0:00:01.175294
5800	2	-1	4	0	0:00:01.186600
5820	5	6	6	0	0:00:01.154562
5840	2	-1	6	0	0:00:01.178201
5860	0	8	8	0	0:00:01.183613
5880	0	8	0	0	0:00:01.182907
5900	4	3	4	0	0:00:01.273623
5920	8	8	8	1	0:00:01.224018
5940	7	4	4	0	0:00:01.184112
5960	2	-1	4	0	0:00:01.173028
5980	9	9	6	1	0:00:01.207253
6000	8	9	8	0	0:00:01.181960
6020	6	-1	6	0	0:00:01.181108
6040	2	7	7	0	0:00:01.162442
6060	3	4	4	0	0:00:01.151829
6080	1	9	6	0	0:00:01.136289
6100	1	1	8	1	0:00:01.182818
6120	5	5	5	1	0:00:01.154153
6140	9	9	9	1	0:00:01.170273
6160	2	5	5	0	0:00:01.191036
6180	0	9	8	0	0:00:01.189233
6200	3	9	3	0	0:00:01.190316
6220	2	6	5	0	0:00:01.175210
6240	2	-1	4	0	0:00:01.166560
6260	2	9	8	0	0:00:01.179179
6280	8	5	4	0	0:00:01.172611
6300	1	7	4	0	0:00:01.180442
6320	0	0	0	1	0:00:01.193184
6340	3	3	3	1	0:00:01.178957
6360	2	6	2	0	0:00:01.149160
6380	3	6	6	0	0:00:01.097106
6400	0	1	4	0	0:00:01.196038
6420	7	-1	8	0	0:00:01.177891
6440	3	9	8	0	0:00:01.183736
6460	3	1	4	0	0:00:01.177747
6480	0	-1	2	0	0:00:01.169480
6500	7	0	8	0	0:00:01.175174
6520	6	4	4	0	0:00:01.174386
6540	8	8	8	1	0:00:01.188628
6560	6	6	4	1	0:00:01.132957
6580	1	2	2	0	0:00:01.147991
6600	7	7	7	1	0:00:01.150507
6620	7	7	7	1	0:00:01.148477
6640	5	3	8	0	0:00:01.147077
6660	0	0	8	1	0:00:01.162462
6680	3	5	5	0	0:00:01.171666
6700	6	-1	4	0	0:00:01.162979
6720	2	-1	2	0	0:00:01.205138
6740	2	-1	4	0	0:00:01.217409
6760	5	3	6	0	0:00:01.156545
6780	7	7	7	1	0:00:01.163891
6800	6	2	4	0	0:00:01.162177
6820	1	1	1	1	0:00:01.173730
6840	9	9	9	1	0:00:01.169361
6860	0	0	2	1	0:00:01.162507
6880	2	7	6	0	0:00:01.190428
6900	3	7	4	0	0:00:01.174525
6920	5	2	2	0	0:00:01.195675
6940	1	1	1	1	0:00:01.178626
6960	9	8	8	0	0:00:01.204648
6980	0	9	8	0	0:00:01.180297
7000	2	8	8	0	0:00:01.172610
7020	7	7	7	1	0:00:01.178297
7040	7	8	8	0	0:00:01.175894
7060	8	0	8	0	0:00:01.173609
7080	5	4	4	0	0:00:01.165531
7100	9	3	3	0	0:00:01.206120
7120	7	5	6	0	0:00:01.132361
7140	4	3	4	0	0:00:01.134963
7160	5	4	4	0	0:00:01.191923
7180	6	6	6	1	0:00:01.189663
7200	4	6	2	0	0:00:01.171185
7220	9	9	8	1	0:00:01.177667
7240	0	8	8	0	0:00:01.167674
7260	1	8	8	0	0:00:01.184582
7280	1	-1	6	0	0:00:01.185939
7300	3	7	4	0	0:00:01.158539
7320	8	0	8	0	0:00:01.163118
7340	2	4	4	0	0:00:01.163853
7360	2	-1	4	0	0:00:01.165423
7380	7	7	7	1	0:00:01.169765
7400	3	3	3	1	0:00:01.167515
7420	3	0	0	0	0:00:01.161544
7440	3	3	2	1	0:00:01.155286
7460	5	5	5	1	0:00:01.175764
7480	1	8	8	0	0:00:01.216552
7500	6	6	6	1	0:00:01.159385
7520	4	-1	4	0	0:00:01.159587
7540	5	5	5	1	0:00:01.162924
7560	0	9	8	0	0:00:01.157100
7580	8	8	8	1	0:00:01.169234
7600	8	9	8	0	0:00:01.158098
7620	5	9	3	0	0:00:01.162358
7640	9	9	6	1	0:00:01.158071
7660	7	-1	4	0	0:00:01.215738
7680	3	9	3	0	0:00:01.196927
7700	6	6	4	1	0:00:01.173926
7720	5	5	2	1	0:00:01.166491
7740	4	6	2	0	0:00:01.182193
7760	2	9	6	0	0:00:01.175419
7780	3	1	8	0	0:00:01.190054
7800	0	0	8	1	0:00:01.171960
7820	5	8	8	0	0:00:01.166731
7840	1	1	1	1	0:00:01.182140
7860	8	7	4	0	0:00:01.173507
7880	0	0	0	1	0:00:01.184721
7900	0	-1	8	0	0:00:01.170408
7920	9	8	8	0	0:00:01.191102
7940	2	6	6	0	0:00:01.178521
7960	0	0	3	1	0:00:01.131401
7980	3	7	4	0	0:00:01.163135
8000	9	9	8	1	0:00:01.160891
8020	6	3	3	0	0:00:01.161406
8040	2	-1	4	0	0:00:01.217799
8060	6	6	4	1	0:00:01.170273
8080	4	6	2	0	0:00:01.168390
8100	6	2	2	0	0:00:01.163834
8120	8	9	8	0	0:00:01.157149
8140	5	4	4	0	0:00:01.147807
8160	6	9	6	0	0:00:01.148043
8180	4	4	4	1	0:00:01.176610
8200	3	6	2	0	0:00:01.175677
8220	6	-1	2	0	0:00:01.209970
8240	7	7	7	1	0:00:01.172219
8260	1	-1	3	0	0:00:01.169512
8280	4	-1	3	0	0:00:01.165493
8300	5	2	2	0	0:00:01.169114
8320	7	3	4	0	0:00:01.186510
8340	5	3	4	0	0:00:01.171164
8360	7	7	4	1	0:00:01.180563
8380	9	9	8	1	0:00:01.168564
8400	0	8	8	0	0:00:01.177892
8420	3	6	4	0	0:00:01.200111
8440	5	3	4	0	0:00:01.175548
8460	8	8	8	1	0:00:01.181819
8480	2	1	4	0	0:00:01.165230
8500	4	2	2	0	0:00:01.189994
8520	8	-1	4	0	0:00:01.172044
8540	4	-1	2	0	0:00:01.197824
8560	7	-1	4	0	0:00:01.170111
8580	3	-1	2	0	0:00:01.173767
8600	3	-1	4	0	0:00:01.210924
8620	3	7	4	0	0:00:01.128276
8640	1	1	1	1	0:00:01.108138
8660	7	7	5	1	0:00:01.124562
8680	3	9	8	0	0:00:01.155735
8700	3	3	3	1	0:00:01.165540
8720	2	0	0	0	0:00:01.209821
8740	2	4	4	0	0:00:01.215515
8760	8	8	8	1	0:00:01.207222
8780	4	-1	4	0	0:00:01.200369
8800	0	0	0	1	0:00:01.177280
8820	2	-1	3	0	0:00:01.159675
8840	2	1	1	0	0:00:01.177890
8860	2	6	6	0	0:00:01.181193
8880	1	9	6	0	0:00:01.175223
8900	2	6	4	0	0:00:01.177215
8920	6	6	6	1	0:00:01.171621
8940	6	3	3	0	0:00:01.176928
8960	0	0	0	1	0:00:01.184572
8980	9	9	8	1	0:00:01.198813
9000	8	8	8	1	0:00:01.172341
9020	7	9	8	0	0:00:01.167412
9040	2	5	5	0	0:00:01.163822
9060	9	5	5	0	0:00:01.163057
9080	3	0	0	0	0:00:01.153999
9100	9	6	6	0	0:00:01.156814
9120	3	0	0	0	0:00:01.163152
9140	7	-1	8	0	0:00:01.163029
9160	5	-1	4	0	0:00:01.190765
9180	5	5	5	1	0:00:01.155046
9200	8	8	8	1	0:00:01.166593
9220	8	8	8	1	0:00:01.159239
9240	8	8	8	1	0:00:01.150110
9260	5	-1	5	0	0:00:01.157986
9280	9	1	8	0	0:00:01.154677
9300	5	3	2	0	0:00:01.151277
9320	9	9	8	1	0:00:01.162284
9340	1	1	1	1	0:00:01.152735
9360	5	-1	4	0	0:00:01.149179
9380	5	9	3	0	0:00:01.127831
9400	6	4	4	0	0:00:01.132927
9420	5	-1	6	0	0:00:01.139202
9440	8	8	8	1	0:00:01.123952
9460	3	7	6	0	0:00:01.124855
9480	2	4	4	0	0:00:01.137650
9500	9	1	4	0	0:00:01.136105
9520	1	1	1	1	0:00:01.147411
9540	5	-1	4	0	0:00:01.151891
9560	9	7	7	0	0:00:01.074931
9580	1	4	4	0	0:00:01.079504
9600	8	8	8	1	0:00:01.090314
9620	4	7	4	0	0:00:01.093139
9640	5	0	6	0	0:00:01.127234
9660	6	6	6	1	0:00:01.125710
9680	8	8	8	1	0:00:01.146970
9700	0	0	2	1	0:00:01.147219
9720	8	1	4	0	0:00:01.153587
9740	3	6	4	0	0:00:01.185578
9760	9	-1	4	0	0:00:01.150693
9780	4	6	4	0	0:00:01.147100
9800	1	1	1	1	0:00:01.152658
9820	0	8	8	0	0:00:01.145958
9840	4	5	5	0	0:00:01.149700
9860	0	5	8	0	0:00:01.147152
9880	7	-1	4	0	0:00:01.156477
9900	8	0	8	0	0:00:01.152992
9920	6	4	2	0	0:00:01.188031
9940	4	-1	6	0	0:00:01.163047
9960	2	0	0	0	0:00:01.143663
9980	0	0	0	1	0:00:01.147458
