idx	label	predict	basePredict	correct	time
0	3	5	5	0	0:00:02.868344
20	7	7	3	1	0:00:02.513256
40	4	4	4	1	0:00:02.531054
60	7	7	7	1	0:00:02.531972
80	8	8	8	1	0:00:02.502823
100	4	4	5	1	0:00:02.535659
120	8	8	8	1	0:00:02.507912
140	6	6	3	1	0:00:02.520342
160	2	2	2	1	0:00:02.522129
180	0	0	0	1	0:00:02.517815
200	5	-1	3	0	0:00:02.528553
220	7	7	7	1	0:00:02.518783
240	1	1	1	1	0:00:02.529617
260	8	8	8	1	0:00:02.532499
280	9	9	9	1	0:00:02.517289
300	6	6	6	1	0:00:02.535372
320	3	3	3	1	0:00:02.538374
340	2	2	2	1	0:00:02.551559
360	9	9	9	1	0:00:02.552600
380	6	6	6	1	0:00:02.521827
400	9	9	9	1	0:00:02.543839
420	4	4	4	1	0:00:02.555893
440	1	1	1	1	0:00:02.518759
460	5	5	5	1	0:00:02.520420
480	8	8	8	1	0:00:02.733050
500	4	6	4	0	0:00:02.541242
520	5	5	5	1	0:00:02.524100
540	1	1	1	1	0:00:02.515944
560	0	0	0	1	0:00:02.534556
580	4	4	4	1	0:00:02.518461
600	8	8	8	1	0:00:02.524787
620	7	7	7	1	0:00:02.509400
640	5	3	3	0	0:00:02.517067
660	9	9	9	1	0:00:02.533513
680	9	9	9	1	0:00:02.513911
700	7	7	7	1	0:00:02.549094
720	4	4	4	1	0:00:02.536386
740	2	2	2	1	0:00:02.514595
760	3	3	3	1	0:00:02.522507
780	9	9	9	1	0:00:02.507697
800	7	7	7	1	0:00:02.549010
820	6	2	2	0	0:00:02.551247
840	7	7	7	1	0:00:02.527035
860	4	4	4	1	0:00:02.521253
880	8	8	8	1	0:00:02.547405
900	2	6	2	0	0:00:02.537230
920	6	6	0	1	0:00:02.521100
940	9	9	9	1	0:00:02.518121
960	9	9	9	1	0:00:02.535449
980	2	2	2	1	0:00:02.594795
1000	5	5	5	1	0:00:01.822203
1020	1	1	1	1	0:00:01.807429
1040	7	2	3	0	0:00:01.815896
1060	9	9	9	1	0:00:01.818480
1080	6	6	6	1	0:00:01.886812
1100	7	7	8	1	0:00:01.823241
1120	5	5	2	1	0:00:01.815157
1140	6	6	3	1	0:00:01.905479
1160	8	8	8	1	0:00:01.906305
1180	3	3	3	1	0:00:01.879371
1200	8	8	8	1	0:00:01.811528
1220	9	6	3	0	0:00:01.819223
1240	2	2	2	1	0:00:01.822709
1260	1	9	9	0	0:00:01.817269
1280	3	3	3	1	0:00:01.814851
1300	4	3	3	0	0:00:01.811881
1320	7	7	7	1	0:00:01.818410
1340	1	1	1	1	0:00:01.812997
1360	7	7	7	1	0:00:01.896509
1380	4	5	3	0	0:00:01.902288
1400	5	5	5	1	0:00:01.838076
1420	4	7	7	0	0:00:01.813945
1440	0	2	2	0	0:00:01.812070
1460	6	6	6	1	0:00:01.807127
1480	1	1	1	1	0:00:01.813366
1500	1	1	1	1	0:00:01.812997
1520	7	7	7	1	0:00:01.816769
1540	8	8	8	1	0:00:01.835007
1560	7	7	7	1	0:00:01.886804
1580	6	6	5	1	0:00:01.815948
1600	8	8	8	1	0:00:01.885526
1620	5	3	3	0	0:00:01.866242
1640	7	7	7	1	0:00:01.817589
1660	3	3	3	1	0:00:01.810295
1680	6	6	3	1	0:00:01.811905
1700	5	5	5	1	0:00:01.815724
1720	4	4	4	1	0:00:01.813019
1740	1	1	1	1	0:00:01.811684
1760	0	0	0	1	0:00:01.812628
1780	7	7	7	1	0:00:01.816372
1800	4	4	2	1	0:00:01.857970
1820	8	8	8	1	0:00:01.897638
1840	8	8	8	1	0:00:01.905556
1860	8	8	8	1	0:00:01.869529
1880	1	1	1	1	0:00:01.866803
1900	8	8	8	1	0:00:01.913902
1920	2	2	2	1	0:00:01.901892
1940	5	5	5	1	0:00:01.826179
1960	2	5	2	0	0:00:01.906842
1980	9	9	9	1	0:00:01.812191
2000	1	1	1	1	0:00:01.813139
2020	9	9	9	1	0:00:01.816953
2040	0	0	0	1	0:00:01.811105
2060	5	3	3	0	0:00:01.810648
2080	1	1	1	1	0:00:01.811530
2100	2	2	2	1	0:00:01.810206
2120	4	4	8	1	0:00:01.811880
2140	9	9	9	1	0:00:01.900330
2160	0	0	0	1	0:00:01.898412
2180	4	4	4	1	0:00:01.812190
2200	0	0	0	1	0:00:01.810628
2220	1	1	1	1	0:00:01.811073
2240	9	9	1	1	0:00:01.810750
2260	4	4	4	1	0:00:01.901950
2280	4	4	2	1	0:00:01.900460
2300	3	8	0	0	0:00:01.882615
2320	5	3	3	0	0:00:01.812613
2340	7	7	7	1	0:00:01.817899
2360	7	7	7	1	0:00:01.820140
2380	8	8	8	1	0:00:01.889589
2400	0	0	0	1	0:00:01.815812
2420	8	7	7	0	0:00:01.812187
2440	7	7	7	1	0:00:01.899763
2460	9	9	9	1	0:00:01.895988
2480	8	8	8	1	0:00:01.812040
2500	4	4	4	1	0:00:01.812596
2520	1	1	1	1	0:00:01.813405
2540	2	3	2	0	0:00:01.814051
2560	7	7	7	1	0:00:01.901534
2580	6	5	5	0	0:00:01.852112
2600	8	8	8	1	0:00:01.821205
2620	1	1	1	1	0:00:01.900205
2640	7	7	7	1	0:00:01.899147
2660	3	3	3	1	0:00:01.832584
2680	0	0	0	1	0:00:01.899048
2700	9	9	9	1	0:00:01.896479
2720	3	3	3	1	0:00:01.898007
2740	1	1	1	1	0:00:01.810302
2760	2	2	2	1	0:00:01.842641
2780	7	7	7	1	0:00:01.898434
2800	4	4	4	1	0:00:01.898122
2820	6	6	6	1	0:00:01.897581
2840	3	3	3	1	0:00:01.815239
2860	5	4	3	0	0:00:01.813846
2880	4	4	4	1	0:00:01.811227
2900	3	2	2	0	0:00:01.813509
2920	2	2	2	1	0:00:01.812329
2940	3	0	0	0	0:00:01.900261
2960	9	0	0	0	0:00:01.898874
2980	8	8	8	1	0:00:01.837209
3000	5	5	5	1	0:00:01.810409
3020	1	1	1	1	0:00:01.814682
3040	7	7	7	1	0:00:01.813168
3060	7	7	7	1	0:00:01.815659
3080	1	1	1	1	0:00:01.897869
3100	0	0	0	1	0:00:01.811497
3120	4	4	3	1	0:00:01.811252
3140	8	8	8	1	0:00:01.810122
3160	6	2	2	0	0:00:01.812071
3180	3	6	3	0	0:00:01.897037
3200	5	5	5	1	0:00:01.817818
3220	3	9	9	0	0:00:01.817060
3240	4	4	4	1	0:00:01.816235
3260	7	7	7	1	0:00:01.815657
3280	3	3	5	1	0:00:01.900362
3300	4	4	3	1	0:00:01.834679
3320	2	0	0	0	0:00:01.900442
3340	6	6	6	1	0:00:01.896551
3360	4	4	0	1	0:00:01.881755
3380	8	8	8	1	0:00:01.897520
3400	6	4	4	0	0:00:01.849752
3420	5	3	3	0	0:00:01.812330
3440	2	3	3	0	0:00:01.811416
3460	1	1	1	1	0:00:01.826408
3480	2	2	2	1	0:00:01.859096
3500	1	1	1	1	0:00:01.810754
3520	1	1	1	1	0:00:01.810852
3540	6	6	6	1	0:00:01.812937
3560	1	9	9	0	0:00:01.858189
3580	4	4	4	1	0:00:01.811541
3600	4	2	3	0	0:00:01.811917
3620	0	0	0	1	0:00:01.904221
3640	6	6	6	1	0:00:01.813648
3660	0	0	0	1	0:00:01.812495
3680	0	0	0	1	0:00:01.909781
3700	3	3	3	1	0:00:01.896727
3720	2	2	2	1	0:00:01.812064
3740	0	0	0	1	0:00:01.811920
3760	7	7	7	1	0:00:01.901154
3780	4	4	3	1	0:00:01.864869
3800	9	9	9	1	0:00:01.815465
3820	0	-1	0	0	0:00:01.815544
3840	6	6	3	1	0:00:01.813970
3860	7	7	7	1	0:00:01.898985
3880	6	6	6	1	0:00:01.823704
3900	3	3	3	1	0:00:01.818916
3920	7	7	7	1	0:00:01.835611
3940	6	6	3	1	0:00:01.812178
3960	2	2	2	1	0:00:01.812269
3980	9	2	2	0	0:00:01.812631
4000	8	7	7	0	0:00:01.813666
4020	8	8	8	1	0:00:01.811646
4040	0	0	0	1	0:00:01.814137
4060	6	6	6	1	0:00:01.899784
4080	1	1	1	1	0:00:01.812495
4100	7	7	7	1	0:00:01.900661
4120	4	4	4	1	0:00:01.812985
4140	5	5	7	1	0:00:01.813953
4160	5	5	5	1	0:00:01.896460
4180	0	0	8	1	0:00:01.898100
4200	4	4	4	1	0:00:01.908869
4220	4	-1	4	0	0:00:01.898200
4240	7	7	7	1	0:00:01.873291
4260	8	8	8	1	0:00:01.815820
4280	8	0	8	0	0:00:01.898740
4300	8	8	8	1	0:00:01.860069
4320	1	1	1	1	0:00:01.810052
4340	0	0	0	1	0:00:01.813779
4360	6	6	6	1	0:00:01.837291
4380	9	9	9	1	0:00:01.898089
4400	3	3	3	1	0:00:01.822375
4420	5	5	5	1	0:00:01.851590
4440	2	2	2	1	0:00:01.898706
4460	9	9	9	1	0:00:01.902956
4480	9	9	9	1	0:00:01.896485
4500	3	3	3	1	0:00:01.898324
4520	3	3	3	1	0:00:01.844615
4540	9	9	9	1	0:00:01.864818
4560	1	1	1	1	0:00:01.929851
4580	6	6	4	1	0:00:01.901577
4600	4	4	4	1	0:00:01.811171
4620	7	7	7	1	0:00:01.812480
4640	2	2	2	1	0:00:01.900036
4660	7	7	7	1	0:00:01.897078
4680	9	9	9	1	0:00:01.907425
4700	6	6	5	1	0:00:01.899617
4720	8	8	8	1	0:00:01.851510
4740	5	2	3	0	0:00:01.811270
4760	3	3	0	1	0:00:01.815223
4780	0	0	0	1	0:00:01.812110
4800	9	9	9	1	0:00:01.810934
4820	3	3	3	1	0:00:01.818275
4840	0	0	0	1	0:00:01.811792
4860	5	5	5	1	0:00:01.813573
4880	0	0	0	1	0:00:01.814640
4900	3	3	3	1	0:00:01.811048
4920	7	7	7	1	0:00:01.812712
4940	6	6	6	1	0:00:01.816920
4960	4	4	4	1	0:00:01.898764
4980	1	1	1	1	0:00:01.903841
5000	7	7	7	1	0:00:01.898192
5020	8	8	8	1	0:00:01.873442
5040	3	1	3	0	0:00:01.813824
5060	6	2	2	0	0:00:01.812269
5080	7	7	7	1	0:00:01.814028
5100	3	3	3	1	0:00:01.904418
5120	9	9	9	1	0:00:01.812450
5140	8	8	8	1	0:00:01.814263
5160	0	0	0	1	0:00:01.842534
5180	9	9	9	1	0:00:01.927366
5200	3	0	0	0	0:00:01.835521
5220	0	0	0	1	0:00:01.899884
5240	1	1	1	1	0:00:01.898202
5260	0	0	0	1	0:00:01.899800
5280	0	4	4	0	0:00:01.899400
5300	9	9	9	1	0:00:01.853386
5320	7	7	7	1	0:00:01.810737
5340	3	4	5	0	0:00:01.896077
5360	9	9	9	1	0:00:01.898674
5380	1	1	1	1	0:00:01.898345
5400	9	9	9	1	0:00:01.811077
5420	6	6	6	1	0:00:01.897655
5440	9	9	9	1	0:00:01.813145
5460	0	0	0	1	0:00:01.813676
5480	1	1	1	1	0:00:01.895833
5500	8	8	8	1	0:00:01.812958
5520	4	4	4	1	0:00:01.811496
5540	5	5	5	1	0:00:01.813680
5560	3	5	3	0	0:00:01.812237
5580	5	3	3	0	0:00:01.809745
5600	6	6	3	1	0:00:01.896850
5620	3	3	3	1	0:00:01.816530
5640	2	2	2	1	0:00:01.902098
5660	9	9	9	1	0:00:01.841125
5680	2	2	2	1	0:00:01.813990
5700	3	3	3	1	0:00:01.810710
5720	9	9	9	1	0:00:01.811189
5740	6	6	4	1	0:00:01.814213
5760	2	2	2	1	0:00:01.814006
5780	7	7	7	1	0:00:01.819178
5800	2	2	2	1	0:00:01.899683
5820	5	5	5	1	0:00:01.910935
5840	2	3	3	0	0:00:01.873151
5860	0	0	0	1	0:00:01.897703
5880	0	0	0	1	0:00:01.812301
5900	4	3	0	0	0:00:01.810220
5920	8	8	8	1	0:00:01.830255
5940	7	7	0	1	0:00:01.811506
5960	2	6	2	0	0:00:01.814244
5980	9	9	9	1	0:00:01.813234
6000	8	8	8	1	0:00:01.813326
6020	6	6	6	1	0:00:01.898666
6040	2	7	7	0	0:00:01.897593
6060	3	4	2	0	0:00:01.897764
6080	1	1	1	1	0:00:01.899177
6100	1	1	1	1	0:00:01.812087
6120	5	5	5	1	0:00:01.875080
6140	9	9	9	1	0:00:01.907299
6160	2	2	2	1	0:00:01.812569
6180	0	0	0	1	0:00:01.816080
6200	3	2	2	0	0:00:01.812632
6220	2	2	2	1	0:00:01.816023
6240	2	2	2	1	0:00:01.814568
6260	2	2	2	1	0:00:01.811570
6280	8	8	8	1	0:00:01.814111
6300	1	1	1	1	0:00:01.812976
6320	0	0	0	1	0:00:01.811081
6340	3	3	3	1	0:00:01.812457
6360	2	2	2	1	0:00:01.813995
6380	3	7	7	0	0:00:01.811290
6400	0	0	0	1	0:00:01.818963
6420	7	7	7	1	0:00:01.810673
6440	3	3	3	1	0:00:01.809710
6460	3	3	3	1	0:00:01.813578
6480	0	0	0	1	0:00:01.812024
6500	7	7	8	1	0:00:01.818512
6520	6	6	2	1	0:00:01.814990
6540	8	8	8	1	0:00:01.813666
6560	6	6	5	1	0:00:01.811485
6580	1	1	1	1	0:00:01.812835
6600	7	7	7	1	0:00:01.811374
6620	7	7	7	1	0:00:01.812218
6640	5	3	3	0	0:00:01.810698
6660	0	0	0	1	0:00:01.815329
6680	3	5	5	0	0:00:01.813342
6700	6	6	8	1	0:00:01.812687
6720	2	2	2	1	0:00:01.811857
6740	2	2	2	1	0:00:01.809515
6760	5	5	5	1	0:00:01.813696
6780	7	7	7	1	0:00:01.821932
6800	6	6	2	1	0:00:01.811336
6820	1	1	1	1	0:00:01.811247
6840	9	9	9	1	0:00:01.812145
6860	0	0	0	1	0:00:01.819040
6880	2	2	2	1	0:00:01.815365
6900	3	5	5	0	0:00:01.827798
6920	5	5	5	1	0:00:01.812438
6940	1	1	1	1	0:00:01.812885
6960	9	9	9	1	0:00:01.810986
6980	0	0	0	1	0:00:01.811459
7000	2	0	0	0	0:00:01.812123
7020	7	7	7	1	0:00:01.814031
7040	7	0	0	0	0:00:01.810890
7060	8	8	8	1	0:00:01.812671
7080	5	4	0	0	0:00:01.811152
7100	9	3	2	0	0:00:01.810387
7120	7	5	5	0	0:00:01.812554
7140	4	4	2	1	0:00:01.817103
7160	5	5	5	1	0:00:01.823129
7180	6	6	6	1	0:00:01.814084
7200	4	4	4	1	0:00:01.821711
7220	9	9	9	1	0:00:01.813056
7240	0	0	0	1	0:00:01.821034
7260	1	1	1	1	0:00:01.812991
7280	1	1	1	1	0:00:01.813908
7300	3	5	5	0	0:00:01.820611
7320	8	8	8	1	0:00:01.821955
7340	2	2	0	1	0:00:01.813584
7360	2	2	2	1	0:00:01.813062
7380	7	7	7	1	0:00:01.810755
7400	3	5	3	0	0:00:01.813402
7420	3	5	2	0	0:00:01.810182
7440	3	3	3	1	0:00:01.810193
7460	5	5	5	1	0:00:01.818389
7480	1	1	1	1	0:00:01.812351
7500	6	6	6	1	0:00:01.812508
7520	4	4	4	1	0:00:01.817896
7540	5	5	5	1	0:00:01.810947
7560	0	0	0	1	0:00:01.814471
7580	8	8	8	1	0:00:01.825853
7600	8	2	2	0	0:00:01.814536
7620	5	1	3	0	0:00:01.813630
7640	9	8	9	0	0:00:01.811060
7660	7	7	7	1	0:00:01.812194
7680	3	5	5	0	0:00:01.812423
7700	6	6	6	1	0:00:01.810928
7720	5	5	5	1	0:00:01.811553
7740	4	4	4	1	0:00:01.810579
7760	2	-1	0	0	0:00:01.810963
7780	3	8	8	0	0:00:01.816190
7800	0	0	0	1	0:00:01.829203
7820	5	3	3	0	0:00:01.825405
7840	1	1	1	1	0:00:01.814329
7860	8	8	8	1	0:00:01.811981
7880	0	0	0	1	0:00:01.812397
7900	0	0	0	1	0:00:01.813274
7920	9	9	9	1	0:00:01.810537
7940	2	6	2	0	0:00:01.812253
7960	0	0	0	1	0:00:01.811692
7980	3	3	3	1	0:00:01.811573
8000	9	9	9	1	0:00:01.812540
8020	6	3	3	0	0:00:01.811144
8040	2	2	2	1	0:00:01.811596
8060	6	6	6	1	0:00:01.813289
8080	4	4	3	1	0:00:01.810311
8100	6	6	6	1	0:00:01.812314
8120	8	8	8	1	0:00:01.812959
8140	5	3	5	0	0:00:01.812415
8160	6	6	6	1	0:00:01.815266
8180	4	4	2	1	0:00:01.812695
8200	3	7	3	0	0:00:01.812611
8220	6	6	5	1	0:00:01.811719
8240	7	7	7	1	0:00:01.811134
8260	1	1	1	1	0:00:01.813049
8280	4	4	4	1	0:00:01.812698
8300	5	5	3	1	0:00:01.811839
8320	7	7	7	1	0:00:01.812049
8340	5	5	5	1	0:00:01.811477
8360	7	7	7	1	0:00:01.813324
8380	9	9	9	1	0:00:01.811742
8400	0	0	0	1	0:00:01.813243
8420	3	6	3	0	0:00:01.813298
8440	5	-1	3	0	0:00:01.812213
8460	8	8	8	1	0:00:01.818214
8480	2	5	5	0	0:00:01.835608
8500	4	4	4	1	0:00:01.828732
8520	8	8	8	1	0:00:01.813143
8540	4	4	4	1	0:00:01.814126
8560	7	7	7	1	0:00:01.813868
8580	3	5	5	0	0:00:01.812335
8600	3	3	3	1	0:00:01.822289
8620	3	3	3	1	0:00:01.812206
8640	1	1	1	1	0:00:01.815517
8660	7	7	7	1	0:00:01.815090
8680	3	3	5	1	0:00:01.811743
8700	3	3	3	1	0:00:01.812063
8720	2	0	0	0	0:00:01.810875
8740	2	2	2	1	0:00:01.811833
8760	8	8	8	1	0:00:01.810137
8780	4	4	8	1	0:00:01.810698
8800	0	0	0	1	0:00:01.812729
8820	2	2	2	1	0:00:01.810820
8840	2	-1	2	0	0:00:01.814061
8860	2	2	2	1	0:00:01.811506
8880	1	1	1	1	0:00:01.817230
8900	2	4	3	0	0:00:01.812452
8920	6	6	6	1	0:00:01.809346
8940	6	3	3	0	0:00:01.811707
8960	0	2	2	0	0:00:01.812986
8980	9	9	9	1	0:00:01.810156
9000	8	8	8	1	0:00:01.812017
9020	7	7	7	1	0:00:01.812526
9040	2	5	5	0	0:00:01.815014
9060	9	9	9	1	0:00:01.812577
9080	3	3	3	1	0:00:01.810842
9100	9	9	1	1	0:00:01.812588
9120	3	5	5	0	0:00:01.816420
9140	7	7	7	1	0:00:01.814693
9160	5	5	5	1	0:00:01.821259
9180	5	5	5	1	0:00:01.812572
9200	8	8	8	1	0:00:01.813777
9220	8	8	8	1	0:00:01.812783
9240	8	8	8	1	0:00:01.811506
9260	5	5	3	1	0:00:01.813095
9280	9	9	9	1	0:00:01.817137
9300	5	4	4	0	0:00:01.811214
9320	9	9	9	1	0:00:01.813145
9340	1	1	1	1	0:00:01.812690
9360	5	0	0	0	0:00:01.812346
9380	5	3	3	0	0:00:01.812110
9400	6	6	6	1	0:00:01.812287
9420	5	5	5	1	0:00:01.813446
9440	8	8	8	1	0:00:01.812109
9460	3	3	3	1	0:00:01.813309
9480	2	2	2	1	0:00:01.812278
9500	9	9	9	1	0:00:01.813213
9520	1	1	1	1	0:00:01.814563
9540	5	5	5	1	0:00:01.815059
9560	9	9	9	1	0:00:01.810246
9580	1	1	1	1	0:00:01.812371
9600	8	8	8	1	0:00:01.812087
9620	4	4	5	1	0:00:01.811475
9640	5	5	5	1	0:00:01.812820
9660	6	6	6	1	0:00:01.811520
9680	8	8	8	1	0:00:01.812792
9700	0	0	0	1	0:00:01.813700
9720	8	8	8	1	0:00:01.812485
9740	3	6	3	0	0:00:01.810887
9760	9	5	5	0	0:00:01.813228
9780	4	4	2	1	0:00:01.816967
9800	1	1	1	1	0:00:01.824991
9820	0	0	0	1	0:00:01.827848
9840	4	7	7	0	0:00:01.814605
9860	0	0	0	1	0:00:01.816176
9880	7	7	7	1	0:00:01.812395
9900	8	8	8	1	0:00:01.813826
9920	6	6	6	1	0:00:01.812817
9940	4	4	5	1	0:00:01.819347
9960	2	0	0	0	0:00:01.811009
9980	0	0	0	1	0:00:01.811402
