idx	label	predict	basePredict	correct	time
0	3	-1	5	0	0:00:02.620497
20	7	7	3	1	0:00:02.531547
40	4	4	4	1	0:00:02.517950
60	7	7	7	1	0:00:02.553880
80	8	8	8	1	0:00:02.535770
100	4	4	5	1	0:00:02.517189
120	8	8	8	1	0:00:02.573242
140	6	6	3	1	0:00:02.511620
160	2	2	2	1	0:00:02.535977
180	0	0	0	1	0:00:02.521835
200	5	-1	3	0	0:00:02.552265
220	7	7	7	1	0:00:02.536854
240	1	1	1	1	0:00:02.568044
260	8	8	8	1	0:00:02.541128
280	9	9	9	1	0:00:02.535980
300	6	6	6	1	0:00:02.549310
320	3	3	3	1	0:00:02.544460
340	2	2	2	1	0:00:02.521126
360	9	9	9	1	0:00:02.547415
380	6	6	6	1	0:00:02.758899
400	9	9	9	1	0:00:02.572434
420	4	4	4	1	0:00:02.528434
440	1	1	1	1	0:00:02.530045
460	5	5	5	1	0:00:02.552665
480	8	8	8	1	0:00:02.885420
500	4	6	4	0	0:00:02.576016
520	5	5	5	1	0:00:02.535708
540	1	1	1	1	0:00:02.521117
560	0	0	0	1	0:00:02.538135
580	4	4	4	1	0:00:02.544301
600	8	8	8	1	0:00:02.516632
620	7	7	7	1	0:00:02.547441
640	5	3	3	0	0:00:02.542863
660	9	9	9	1	0:00:02.540759
680	9	9	9	1	0:00:02.568632
700	7	7	7	1	0:00:02.523714
720	4	4	4	1	0:00:02.952888
740	2	2	2	1	0:00:02.513888
760	3	3	3	1	0:00:02.507549
780	9	9	9	1	0:00:02.538244
800	7	7	7	1	0:00:02.525621
820	6	2	2	0	0:00:02.562438
840	7	7	7	1	0:00:02.519238
860	4	4	4	1	0:00:02.526890
880	8	8	8	1	0:00:02.563769
900	2	6	2	0	0:00:02.515481
920	6	6	0	1	0:00:02.532563
940	9	9	9	1	0:00:02.513006
960	9	9	9	1	0:00:02.541712
980	2	2	2	1	0:00:02.532352
1000	5	5	5	1	0:00:01.816799
1020	1	1	1	1	0:00:01.832426
1040	7	2	3	0	0:00:01.823470
1060	9	9	9	1	0:00:01.881900
1080	6	6	6	1	0:00:01.816269
1100	7	7	8	1	0:00:01.814174
1120	5	5	2	1	0:00:01.824699
1140	6	6	3	1	0:00:01.829562
1160	8	8	8	1	0:00:01.805130
1180	3	3	3	1	0:00:01.802579
1200	8	8	8	1	0:00:01.812669
1220	9	6	3	0	0:00:01.817088
1240	2	2	2	1	0:00:01.823409
1260	1	9	1	0	0:00:01.811015
1280	3	3	3	1	0:00:01.812361
1300	4	3	3	0	0:00:01.806467
1320	7	7	7	1	0:00:01.816568
1340	1	1	1	1	0:00:01.805026
1360	7	7	7	1	0:00:01.807298
1380	4	5	3	0	0:00:01.814962
1400	5	5	5	1	0:00:01.815074
1420	4	7	7	0	0:00:01.813095
1440	0	2	2	0	0:00:01.817845
1460	6	6	6	1	0:00:01.826746
1480	1	1	1	1	0:00:01.826148
1500	1	1	1	1	0:00:01.917871
1520	7	7	7	1	0:00:01.818022
1540	8	8	8	1	0:00:01.812855
1560	7	7	7	1	0:00:01.813481
1580	6	6	5	1	0:00:01.813040
1600	8	8	8	1	0:00:01.810201
1620	5	3	3	0	0:00:01.812500
1640	7	7	7	1	0:00:01.808781
1660	3	3	3	1	0:00:01.825486
1680	6	6	3	1	0:00:01.823182
1700	5	5	5	1	0:00:01.816176
1720	4	4	4	1	0:00:01.816785
1740	1	1	1	1	0:00:01.819197
1760	0	0	0	1	0:00:01.823516
1780	7	7	7	1	0:00:01.819154
1800	4	4	2	1	0:00:01.818854
1820	8	8	8	1	0:00:01.821420
1840	8	8	8	1	0:00:01.814921
1860	8	8	8	1	0:00:01.840404
1880	1	1	1	1	0:00:01.830326
1900	8	8	8	1	0:00:01.816592
1920	2	2	2	1	0:00:01.816692
1940	5	5	5	1	0:00:01.812132
1960	2	5	2	0	0:00:01.811420
1980	9	9	9	1	0:00:01.816562
2000	1	1	1	1	0:00:01.810221
2020	9	9	9	1	0:00:01.807931
2040	0	0	0	1	0:00:01.820239
2060	5	3	3	0	0:00:01.808978
2080	1	1	1	1	0:00:01.809380
2100	2	2	2	1	0:00:01.804806
2120	4	4	8	1	0:00:01.823742
2140	9	9	9	1	0:00:01.833369
2160	0	0	0	1	0:00:01.827846
2180	4	4	4	1	0:00:01.815326
2200	0	0	0	1	0:00:01.805140
2220	1	1	1	1	0:00:01.808799
2240	9	9	1	1	0:00:01.819654
2260	4	4	4	1	0:00:01.812178
2280	4	4	2	1	0:00:01.828868
2300	3	8	0	0	0:00:01.814991
2320	5	3	3	0	0:00:01.819705
2340	7	7	7	1	0:00:01.833254
2360	7	7	7	1	0:00:01.821568
2380	8	8	8	1	0:00:01.815112
2400	0	0	0	1	0:00:01.821413
2420	8	7	7	0	0:00:01.917256
2440	7	7	7	1	0:00:01.837765
2460	9	9	9	1	0:00:01.820687
2480	8	8	8	1	0:00:01.808361
2500	4	4	4	1	0:00:01.916655
2520	1	1	1	1	0:00:01.913725
2540	2	3	2	0	0:00:01.911108
2560	7	7	7	1	0:00:01.854659
2580	6	5	5	0	0:00:01.816096
2600	8	8	8	1	0:00:01.815872
2620	1	1	1	1	0:00:01.805400
2640	7	7	7	1	0:00:01.815208
2660	3	3	3	1	0:00:01.814686
2680	0	0	0	1	0:00:01.815757
2700	9	9	9	1	0:00:01.822779
2720	3	3	3	1	0:00:01.819159
2740	1	1	1	1	0:00:01.820911
2760	2	2	2	1	0:00:01.914386
2780	7	7	7	1	0:00:01.903728
2800	4	4	4	1	0:00:01.803215
2820	6	6	6	1	0:00:01.806248
2840	3	3	3	1	0:00:01.809479
2860	5	4	3	0	0:00:01.815605
2880	4	4	4	1	0:00:01.814203
2900	3	2	2	0	0:00:01.812813
2920	2	2	2	1	0:00:01.810191
2940	3	0	0	0	0:00:01.811723
2960	9	0	0	0	0:00:01.817019
2980	8	8	8	1	0:00:01.816567
3000	5	5	5	1	0:00:01.819852
3020	1	1	1	1	0:00:01.807940
3040	7	7	7	1	0:00:01.806986
3060	7	7	7	1	0:00:01.816561
3080	1	1	1	1	0:00:01.814833
3100	0	0	0	1	0:00:01.811968
3120	4	4	3	1	0:00:01.816369
3140	8	8	8	1	0:00:01.821744
3160	6	2	2	0	0:00:01.810581
3180	3	6	3	0	0:00:01.804023
3200	5	5	5	1	0:00:01.823381
3220	3	9	9	0	0:00:01.827999
3240	4	4	4	1	0:00:01.824938
3260	7	7	7	1	0:00:01.823161
3280	3	3	5	1	0:00:01.825057
3300	4	4	3	1	0:00:01.817193
3320	2	0	0	0	0:00:01.820062
3340	6	6	6	1	0:00:01.810182
3360	4	4	0	1	0:00:01.811525
3380	8	8	8	1	0:00:01.818874
3400	6	4	4	0	0:00:01.832332
3420	5	3	3	0	0:00:01.817071
3440	2	3	3	0	0:00:01.810996
3460	1	1	1	1	0:00:01.821307
3480	2	2	2	1	0:00:01.813700
3500	1	1	1	1	0:00:01.804353
3520	1	1	1	1	0:00:01.800342
3540	6	6	6	1	0:00:01.822024
3560	1	9	9	0	0:00:01.842713
3580	4	4	4	1	0:00:01.823346
3600	4	2	3	0	0:00:01.825120
3620	0	0	0	1	0:00:01.819520
3640	6	6	6	1	0:00:01.836668
3660	0	0	0	1	0:00:01.819105
3680	0	0	0	1	0:00:01.805711
3700	3	3	3	1	0:00:01.812255
3720	2	2	2	1	0:00:01.813000
3740	0	0	0	1	0:00:01.813040
3760	7	7	7	1	0:00:01.801428
3780	4	4	3	1	0:00:01.800229
3800	9	9	9	1	0:00:01.810662
3820	0	0	0	1	0:00:01.840242
3840	6	6	3	1	0:00:01.817941
3860	7	7	7	1	0:00:01.813073
3880	6	6	6	1	0:00:01.816053
3900	3	3	3	1	0:00:01.820191
3920	7	7	7	1	0:00:01.816302
3940	6	6	3	1	0:00:01.814758
3960	2	2	2	1	0:00:01.818202
3980	9	2	2	0	0:00:01.809354
4000	8	7	7	0	0:00:01.814106
4020	8	8	8	1	0:00:01.817423
4040	0	0	0	1	0:00:01.829301
4060	6	6	6	1	0:00:01.809590
4080	1	1	1	1	0:00:01.811917
4100	7	7	7	1	0:00:01.810611
4120	4	4	4	1	0:00:01.802044
4140	5	5	7	1	0:00:01.819502
4160	5	5	5	1	0:00:01.814095
4180	0	0	8	1	0:00:01.835237
4200	4	4	4	1	0:00:01.819422
4220	4	4	4	1	0:00:01.821075
4240	7	7	7	1	0:00:01.813621
4260	8	8	8	1	0:00:01.828504
4280	8	0	8	0	0:00:01.827852
4300	8	8	8	1	0:00:01.841953
4320	1	1	1	1	0:00:01.814918
4340	0	0	0	1	0:00:01.821035
4360	6	6	6	1	0:00:01.820549
4380	9	9	9	1	0:00:01.815086
4400	3	3	3	1	0:00:01.826222
4420	5	5	5	1	0:00:01.811023
4440	2	2	2	1	0:00:01.826904
4460	9	9	9	1	0:00:01.808087
4480	9	9	9	1	0:00:01.803732
4500	3	3	3	1	0:00:01.803772
4520	3	3	3	1	0:00:01.809446
4540	9	9	9	1	0:00:01.813113
4560	1	1	1	1	0:00:01.813946
4580	6	6	4	1	0:00:01.808101
4600	4	4	4	1	0:00:01.806550
4620	7	7	7	1	0:00:01.806639
4640	2	2	2	1	0:00:01.812754
4660	7	7	7	1	0:00:01.812789
4680	9	9	9	1	0:00:01.810020
4700	6	6	5	1	0:00:01.816784
4720	8	8	8	1	0:00:01.808519
4740	5	2	3	0	0:00:01.810714
4760	3	3	0	1	0:00:01.816147
4780	0	0	0	1	0:00:01.905516
4800	9	9	9	1	0:00:01.815885
4820	3	3	3	1	0:00:01.819079
4840	0	0	0	1	0:00:01.810920
4860	5	5	5	1	0:00:01.813145
4880	0	0	0	1	0:00:01.828508
4900	3	3	3	1	0:00:01.815558
4920	7	7	7	1	0:00:01.809363
4940	6	6	6	1	0:00:01.832909
4960	4	4	4	1	0:00:01.858047
4980	1	1	1	1	0:00:01.818557
5000	7	7	7	1	0:00:01.822833
5020	8	8	8	1	0:00:01.805071
5040	3	1	3	0	0:00:01.814358
5060	6	2	2	0	0:00:01.826833
5080	7	7	7	1	0:00:01.817462
5100	3	3	3	1	0:00:01.816622
5120	9	9	9	1	0:00:01.809282
5140	8	8	8	1	0:00:01.820673
5160	0	0	0	1	0:00:01.804992
5180	9	9	9	1	0:00:01.815486
5200	3	0	0	0	0:00:01.810150
5220	0	0	0	1	0:00:01.812165
5240	1	1	1	1	0:00:01.807642
5260	0	0	0	1	0:00:01.821643
5280	0	-1	4	0	0:00:01.806951
5300	9	9	9	1	0:00:01.804039
5320	7	7	7	1	0:00:01.804125
5340	3	4	5	0	0:00:01.814432
5360	9	9	9	1	0:00:01.818701
5380	1	1	1	1	0:00:01.803685
5400	9	9	9	1	0:00:01.824514
5420	6	6	6	1	0:00:01.816689
5440	9	9	9	1	0:00:01.819548
5460	0	0	0	1	0:00:01.816567
5480	1	1	1	1	0:00:01.818747
5500	8	8	8	1	0:00:01.816211
5520	4	4	4	1	0:00:01.803878
5540	5	5	5	1	0:00:01.806595
5560	3	5	3	0	0:00:01.818432
5580	5	3	3	0	0:00:01.815761
5600	6	6	3	1	0:00:01.816949
5620	3	3	3	1	0:00:01.822313
5640	2	2	2	1	0:00:01.835300
5660	9	9	9	1	0:00:01.847308
5680	2	2	2	1	0:00:01.826253
5700	3	3	3	1	0:00:01.821538
5720	9	9	9	1	0:00:01.817039
5740	6	6	4	1	0:00:01.817616
5760	2	2	2	1	0:00:01.821078
5780	7	7	7	1	0:00:01.819240
5800	2	2	2	1	0:00:01.829615
5820	5	5	5	1	0:00:01.814664
5840	2	3	3	0	0:00:01.815497
5860	0	0	0	1	0:00:01.815923
5880	0	0	0	1	0:00:01.818729
5900	4	3	0	0	0:00:01.818553
5920	8	8	8	1	0:00:01.817890
5940	7	7	0	1	0:00:01.816965
5960	2	6	2	0	0:00:01.817042
5980	9	9	9	1	0:00:01.809775
6000	8	8	8	1	0:00:01.805183
6020	6	6	6	1	0:00:01.809952
6040	2	7	7	0	0:00:01.811741
6060	3	4	2	0	0:00:01.805180
6080	1	1	1	1	0:00:01.817086
6100	1	1	1	1	0:00:01.913052
6120	5	5	5	1	0:00:01.915415
6140	9	9	9	1	0:00:01.925714
6160	2	2	2	1	0:00:01.808686
6180	0	0	0	1	0:00:01.818278
6200	3	2	2	0	0:00:01.819726
6220	2	2	2	1	0:00:01.821562
6240	2	2	2	1	0:00:01.820860
6260	2	2	2	1	0:00:01.820571
6280	8	8	8	1	0:00:01.817989
6300	1	1	1	1	0:00:01.815168
6320	0	0	0	1	0:00:01.822078
6340	3	3	3	1	0:00:01.819230
6360	2	2	2	1	0:00:01.827186
6380	3	7	7	0	0:00:01.881252
6400	0	0	0	1	0:00:01.911511
6420	7	7	7	1	0:00:01.824520
6440	3	3	3	1	0:00:01.830050
6460	3	3	3	1	0:00:01.829913
6480	0	0	0	1	0:00:01.841658
6500	7	7	8	1	0:00:01.815559
6520	6	6	2	1	0:00:01.816666
6540	8	8	8	1	0:00:01.807607
6560	6	6	5	1	0:00:01.816691
6580	1	1	1	1	0:00:01.814504
6600	7	7	7	1	0:00:01.821523
6620	7	7	7	1	0:00:01.818711
6640	5	3	3	0	0:00:01.830415
6660	0	0	0	1	0:00:01.847692
6680	3	5	5	0	0:00:01.821990
6700	6	6	8	1	0:00:01.847811
6720	2	2	2	1	0:00:01.820951
6740	2	2	2	1	0:00:01.920200
6760	5	5	5	1	0:00:01.820393
6780	7	7	7	1	0:00:01.815219
6800	6	6	2	1	0:00:01.816378
6820	1	1	1	1	0:00:01.818029
6840	9	9	9	1	0:00:01.821908
6860	0	0	0	1	0:00:01.816922
6880	2	2	2	1	0:00:01.828496
6900	3	5	5	0	0:00:01.818154
6920	5	5	5	1	0:00:01.816784
6940	1	1	1	1	0:00:01.817948
6960	9	9	9	1	0:00:01.938934
6980	0	0	0	1	0:00:01.931328
7000	2	0	0	0	0:00:01.824894
7020	7	7	7	1	0:00:01.823398
7040	7	0	0	0	0:00:01.824286
7060	8	8	8	1	0:00:01.804067
7080	5	4	0	0	0:00:01.808936
7100	9	3	2	0	0:00:01.807077
7120	7	5	5	0	0:00:01.811467
7140	4	4	2	1	0:00:01.815680
7160	5	5	5	1	0:00:01.814681
7180	6	6	6	1	0:00:01.816480
7200	4	4	4	1	0:00:01.812374
7220	9	9	9	1	0:00:01.815850
7240	0	0	0	1	0:00:01.814464
7260	1	1	1	1	0:00:01.806116
7280	1	1	1	1	0:00:01.814275
7300	3	5	5	0	0:00:01.824603
7320	8	8	8	1	0:00:01.829520
7340	2	2	0	1	0:00:01.817958
7360	2	2	2	1	0:00:01.818455
7380	7	7	7	1	0:00:01.804892
7400	3	5	3	0	0:00:01.814829
7420	3	5	2	0	0:00:01.814102
7440	3	3	3	1	0:00:01.819769
7460	5	5	5	1	0:00:01.816208
7480	1	1	1	1	0:00:01.806747
7500	6	6	6	1	0:00:01.809354
7520	4	4	4	1	0:00:01.808628
7540	5	5	5	1	0:00:01.821220
7560	0	0	0	1	0:00:01.820052
7580	8	8	8	1	0:00:01.819686
7600	8	2	2	0	0:00:01.821501
7620	5	1	3	0	0:00:01.819493
7640	9	8	9	0	0:00:01.821267
7660	7	7	7	1	0:00:01.826867
7680	3	5	5	0	0:00:01.827468
7700	6	6	6	1	0:00:01.827038
7720	5	5	5	1	0:00:01.842519
7740	4	4	4	1	0:00:01.823872
7760	2	-1	0	0	0:00:01.836859
7780	3	8	8	0	0:00:01.804772
7800	0	0	0	1	0:00:01.806463
7820	5	3	3	0	0:00:01.802365
7840	1	1	1	1	0:00:01.808089
7860	8	8	8	1	0:00:01.824450
7880	0	0	0	1	0:00:01.815166
7900	0	0	0	1	0:00:01.819855
7920	9	9	9	1	0:00:01.816082
7940	2	6	2	0	0:00:01.821356
7960	0	0	0	1	0:00:01.826302
7980	3	3	3	1	0:00:01.816897
8000	9	9	9	1	0:00:01.821579
8020	6	3	3	0	0:00:01.838956
8040	2	2	2	1	0:00:01.825833
8060	6	6	6	1	0:00:01.816764
8080	4	4	3	1	0:00:01.807269
8100	6	6	6	1	0:00:01.837764
8120	8	8	8	1	0:00:01.810879
8140	5	3	5	0	0:00:01.821514
8160	6	6	6	1	0:00:01.822017
8180	4	4	2	1	0:00:01.811828
8200	3	7	3	0	0:00:01.812118
8220	6	6	5	1	0:00:01.819919
8240	7	7	7	1	0:00:01.821053
8260	1	1	1	1	0:00:01.822839
8280	4	4	4	1	0:00:01.824174
8300	5	5	3	1	0:00:01.833935
8320	7	7	7	1	0:00:01.817982
8340	5	5	5	1	0:00:01.816743
8360	7	7	7	1	0:00:01.817506
8380	9	9	9	1	0:00:01.812635
8400	0	0	0	1	0:00:01.812675
8420	3	6	3	0	0:00:01.812029
8440	5	5	3	1	0:00:01.817468
8460	8	8	8	1	0:00:01.811792
8480	2	5	5	0	0:00:01.816944
8500	4	4	4	1	0:00:01.799795
8520	8	8	8	1	0:00:01.796407
8540	4	4	4	1	0:00:01.818003
8560	7	7	7	1	0:00:01.822392
8580	3	5	5	0	0:00:01.816272
8600	3	3	3	1	0:00:01.812039
8620	3	3	3	1	0:00:01.812272
8640	1	1	1	1	0:00:01.809390
8660	7	7	7	1	0:00:01.826361
8680	3	3	5	1	0:00:01.824315
8700	3	3	3	1	0:00:01.813593
8720	2	0	0	0	0:00:01.809628
8740	2	2	2	1	0:00:01.817937
8760	8	8	8	1	0:00:01.811898
8780	4	4	8	1	0:00:01.809900
8800	0	0	0	1	0:00:01.813524
8820	2	2	2	1	0:00:01.820456
8840	2	7	2	0	0:00:01.821505
8860	2	2	2	1	0:00:01.821555
8880	1	1	1	1	0:00:01.822892
8900	2	4	3	0	0:00:01.819845
8920	6	6	6	1	0:00:01.835184
8940	6	3	3	0	0:00:01.813639
8960	0	2	2	0	0:00:01.826570
8980	9	9	9	1	0:00:01.833831
9000	8	8	8	1	0:00:01.826494
9020	7	7	7	1	0:00:01.800463
9040	2	5	5	0	0:00:01.810514
9060	9	9	9	1	0:00:01.815542
9080	3	3	3	1	0:00:01.810707
9100	9	9	1	1	0:00:01.808543
9120	3	5	5	0	0:00:01.815793
9140	7	7	7	1	0:00:01.816664
9160	5	5	5	1	0:00:01.814943
9180	5	5	5	1	0:00:01.805305
9200	8	8	8	1	0:00:01.811177
9220	8	8	8	1	0:00:01.815220
9240	8	8	8	1	0:00:01.812796
9260	5	5	3	1	0:00:01.829571
9280	9	9	9	1	0:00:01.819858
9300	5	4	4	0	0:00:01.817001
9320	9	9	9	1	0:00:01.808519
9340	1	1	1	1	0:00:01.812124
9360	5	0	0	0	0:00:01.814258
9380	5	3	3	0	0:00:01.807021
9400	6	6	6	1	0:00:01.812935
9420	5	5	5	1	0:00:01.816019
9440	8	8	8	1	0:00:01.810887
9460	3	3	3	1	0:00:01.812603
9480	2	2	2	1	0:00:01.812418
9500	9	9	9	1	0:00:01.814487
9520	1	1	1	1	0:00:01.820857
9540	5	5	5	1	0:00:01.815281
9560	9	9	9	1	0:00:01.821924
9580	1	1	1	1	0:00:01.816920
9600	8	8	8	1	0:00:01.816461
9620	4	4	5	1	0:00:01.813950
9640	5	5	5	1	0:00:01.831961
9660	6	6	6	1	0:00:01.817240
9680	8	8	8	1	0:00:01.809948
9700	0	0	0	1	0:00:01.804114
9720	8	8	8	1	0:00:01.800278
9740	3	6	3	0	0:00:01.805961
9760	9	5	5	0	0:00:01.812794
9780	4	4	2	1	0:00:01.816991
9800	1	1	1	1	0:00:01.812204
9820	0	0	0	1	0:00:01.808299
9840	4	7	7	0	0:00:01.822527
9860	0	0	0	1	0:00:01.820311
9880	7	7	7	1	0:00:01.821977
9900	8	8	8	1	0:00:01.814322
9920	6	6	6	1	0:00:01.808139
9940	4	4	5	1	0:00:01.828982
9960	2	0	0	0	0:00:01.819493
9980	0	0	0	1	0:00:01.817011
