idx	label	predict	basePredict	correct	time
0	3	3	3	1	0:00:15.974447
20	7	7	7	1	0:00:15.811521
40	4	4	4	1	0:00:15.817268
60	7	7	7	1	0:00:15.866445
80	8	8	8	1	0:00:15.878868
100	4	4	3	1	0:00:15.902038
120	8	8	8	1	0:00:15.888908
140	6	6	6	1	0:00:15.929982
160	2	2	2	1	0:00:15.821713
180	0	0	0	1	0:00:15.957038
200	5	5	5	1	0:00:15.862632
220	7	7	7	1	0:00:15.833045
240	1	1	1	1	0:00:15.865334
260	8	8	8	1	0:00:15.843287
280	9	9	9	1	0:00:15.861251
300	6	6	6	1	0:00:15.876475
320	3	3	3	1	0:00:15.807952
340	2	2	2	1	0:00:15.802056
360	9	9	9	1	0:00:15.824441
380	6	6	6	1	0:00:15.788557
400	9	9	9	1	0:00:15.823502
420	4	4	4	1	0:00:15.799188
440	1	1	1	1	0:00:15.825611
460	5	5	5	1	0:00:15.812127
480	8	8	8	1	0:00:15.833713
500	4	4	4	1	0:00:15.944494
520	5	5	5	1	0:00:15.926840
540	1	1	1	1	0:00:15.929180
560	0	0	0	1	0:00:15.856158
580	4	4	4	1	0:00:15.947125
600	8	8	8	1	0:00:15.826591
620	7	7	7	1	0:00:15.901666
640	5	3	3	0	0:00:15.925548
660	9	9	9	1	0:00:15.915878
680	9	3	3	0	0:00:15.812159
700	7	7	7	1	0:00:15.824200
720	4	4	4	1	0:00:15.831440
740	2	2	2	1	0:00:15.823198
760	3	3	3	1	0:00:15.822111
780	9	9	9	1	0:00:15.918716
800	7	7	7	1	0:00:15.841371
820	6	1	2	0	0:00:15.834700
840	7	7	7	1	0:00:15.847748
860	4	4	4	1	0:00:15.898993
880	8	8	8	1	0:00:15.947866
900	2	2	2	1	0:00:15.920025
920	6	6	6	1	0:00:16.007153
940	9	9	9	1	0:00:15.835053
960	9	9	9	1	0:00:15.898767
980	2	2	2	1	0:00:15.820833
1000	5	5	5	1	0:00:15.117260
1020	1	1	1	1	0:00:15.141104
1040	7	2	2	0	0:00:15.126148
1060	9	9	9	1	0:00:15.128239
1080	6	6	6	1	0:00:15.123365
1100	7	7	7	1	0:00:15.158932
1120	5	2	2	0	0:00:15.115510
1140	6	6	6	1	0:00:15.102086
1160	8	8	8	1	0:00:15.106672
1180	3	3	3	1	0:00:15.106178
1200	8	8	8	1	0:00:15.111747
1220	9	3	3	0	0:00:15.117231
1240	2	2	2	1	0:00:15.103416
1260	1	9	9	0	0:00:15.098413
1280	3	3	3	1	0:00:15.102870
1300	4	3	3	0	0:00:15.105089
1320	7	7	7	1	0:00:15.096646
1340	1	1	1	1	0:00:15.195540
1360	7	7	7	1	0:00:15.131385
1380	4	4	4	1	0:00:15.102278
1400	5	5	5	1	0:00:15.151109
1420	4	4	4	1	0:00:15.131175
1440	0	8	8	0	0:00:15.099137
1460	6	6	6	1	0:00:15.102941
1480	1	1	1	1	0:00:15.112230
1500	1	1	1	1	0:00:15.110490
1520	7	7	7	1	0:00:15.102230
1540	8	8	8	1	0:00:15.117858
1560	7	7	7	1	0:00:15.131697
1580	6	6	6	1	0:00:15.131876
1600	8	8	8	1	0:00:15.127663
1620	5	3	2	0	0:00:15.105042
1640	7	7	7	1	0:00:15.116854
1660	3	3	3	1	0:00:15.150126
1680	6	6	6	1	0:00:15.174684
1700	5	5	5	1	0:00:15.110020
1720	4	4	4	1	0:00:15.113403
1740	1	1	1	1	0:00:15.120432
1760	0	0	0	1	0:00:15.104489
1780	7	7	7	1	0:00:15.105792
1800	4	4	4	1	0:00:15.115743
1820	8	8	8	1	0:00:15.125829
1840	8	8	8	1	0:00:15.129129
1860	8	8	8	1	0:00:15.108109
1880	1	1	1	1	0:00:15.115015
1900	8	8	8	1	0:00:15.099061
1920	2	2	2	1	0:00:15.103818
1940	5	5	5	1	0:00:15.106050
1960	2	2	2	1	0:00:15.115242
1980	9	9	9	1	0:00:15.121314
2000	1	1	1	1	0:00:15.115298
2020	9	9	9	1	0:00:15.131850
2040	0	0	0	1	0:00:15.113047
2060	5	3	3	0	0:00:15.129695
2080	1	1	1	1	0:00:15.103475
2100	2	2	2	1	0:00:15.097767
2120	4	8	8	0	0:00:15.110935
2140	9	9	9	1	0:00:15.116498
2160	0	0	0	1	0:00:15.111959
2180	4	4	4	1	0:00:15.106468
2200	0	0	0	1	0:00:15.127175
2220	1	1	1	1	0:00:15.111938
2240	9	9	9	1	0:00:15.110396
2260	4	4	4	1	0:00:15.110660
2280	4	4	5	1	0:00:15.114016
2300	3	3	3	1	0:00:15.107997
2320	5	3	3	0	0:00:15.122478
2340	7	7	7	1	0:00:15.105109
2360	7	7	7	1	0:00:15.131109
2380	8	8	8	1	0:00:15.154034
2400	0	0	0	1	0:00:15.223412
2420	8	8	8	1	0:00:15.110334
2440	7	7	7	1	0:00:15.123569
2460	9	9	9	1	0:00:15.119830
2480	8	8	8	1	0:00:15.123930
2500	4	6	2	0	0:00:15.102983
2520	1	1	1	1	0:00:15.122907
2540	2	2	2	1	0:00:15.122381
2560	7	7	7	1	0:00:15.111566
2580	6	6	3	1	0:00:15.107756
2600	8	8	8	1	0:00:15.110251
2620	1	1	1	1	0:00:15.135698
2640	7	7	7	1	0:00:15.115742
2660	3	3	3	1	0:00:15.106625
2680	0	0	0	1	0:00:15.120401
2700	9	9	9	1	0:00:15.141719
2720	3	3	3	1	0:00:15.204621
2740	1	1	1	1	0:00:15.121404
2760	2	2	2	1	0:00:15.113443
2780	7	7	7	1	0:00:15.122504
2800	4	4	4	1	0:00:15.125812
2820	6	6	6	1	0:00:15.114974
2840	3	2	2	0	0:00:15.114153
2860	5	5	3	1	0:00:15.169369
2880	4	4	4	1	0:00:15.133404
2900	3	3	3	1	0:00:15.116139
2920	2	2	2	1	0:00:15.141182
2940	3	5	5	0	0:00:15.146266
2960	9	3	3	0	0:00:15.116061
2980	8	8	8	1	0:00:15.097506
3000	5	5	3	1	0:00:15.114178
3020	1	1	1	1	0:00:15.117138
3040	7	7	7	1	0:00:15.184203
3060	7	7	7	1	0:00:15.147199
3080	1	1	1	1	0:00:15.109318
3100	0	0	0	1	0:00:15.108078
3120	4	4	4	1	0:00:15.106943
3140	8	8	8	1	0:00:15.108257
3160	6	2	2	0	0:00:15.129572
3180	3	3	3	1	0:00:15.111621
3200	5	5	5	1	0:00:15.134588
3220	3	3	3	1	0:00:15.139900
3240	4	4	4	1	0:00:15.114782
3260	7	7	7	1	0:00:15.130239
3280	3	3	3	1	0:00:15.106902
3300	4	4	4	1	0:00:15.126181
3320	2	2	2	1	0:00:15.107560
3340	6	6	6	1	0:00:15.130365
3360	4	4	4	1	0:00:15.126559
3380	8	8	8	1	0:00:15.215303
3400	6	1	1	0	0:00:15.164486
3420	5	3	3	0	0:00:15.116534
3440	2	3	3	0	0:00:15.109257
3460	1	1	1	1	0:00:15.163757
3480	2	2	2	1	0:00:15.122360
3500	1	9	9	0	0:00:15.119903
3520	1	1	1	1	0:00:15.124458
3540	6	6	3	1	0:00:15.133065
3560	1	9	9	0	0:00:15.198975
3580	4	4	4	1	0:00:15.106365
3600	4	3	3	0	0:00:15.197416
3620	0	0	0	1	0:00:15.111115
3640	6	6	6	1	0:00:15.127099
3660	0	0	0	1	0:00:15.119847
3680	0	0	0	1	0:00:15.140523
3700	3	3	3	1	0:00:15.133343
3720	2	2	2	1	0:00:15.111816
3740	0	0	0	1	0:00:15.115616
3760	7	7	7	1	0:00:15.105276
3780	4	4	4	1	0:00:15.207003
3800	9	9	9	1	0:00:15.183664
3820	0	8	8	0	0:00:15.112542
3840	6	3	3	0	0:00:15.135689
3860	7	7	7	1	0:00:15.164947
3880	6	6	6	1	0:00:15.136431
3900	3	3	3	1	0:00:15.119560
3920	7	7	3	1	0:00:15.128631
3940	6	3	3	0	0:00:15.105198
3960	2	2	2	1	0:00:15.118403
3980	9	9	9	1	0:00:15.103777
4000	8	2	2	0	0:00:15.104202
4020	8	8	8	1	0:00:15.102812
4040	0	0	0	1	0:00:15.136356
4060	6	6	6	1	0:00:15.127443
4080	1	1	1	1	0:00:15.124806
4100	7	7	7	1	0:00:15.103321
4120	4	4	4	1	0:00:15.116190
4140	5	3	3	0	0:00:15.111312
4160	5	5	5	1	0:00:15.124084
4180	0	0	8	1	0:00:15.104322
4200	4	4	4	1	0:00:15.101312
4220	4	3	3	0	0:00:15.108126
4240	7	7	7	1	0:00:15.115400
4260	8	8	8	1	0:00:15.149117
4280	8	8	8	1	0:00:15.192735
4300	8	8	8	1	0:00:15.126047
4320	1	1	1	1	0:00:15.125654
4340	0	0	0	1	0:00:15.132593
4360	6	6	6	1	0:00:15.109458
4380	9	9	9	1	0:00:15.126273
4400	3	3	3	1	0:00:15.117662
4420	5	5	5	1	0:00:15.111535
4440	2	2	2	1	0:00:15.132917
4460	9	9	9	1	0:00:15.147574
4480	9	9	9	1	0:00:15.114681
4500	3	3	3	1	0:00:15.098371
4520	3	3	3	1	0:00:15.111905
4540	9	9	9	1	0:00:15.102105
4560	1	1	1	1	0:00:15.111352
4580	6	6	6	1	0:00:15.098459
4600	4	4	4	1	0:00:15.205762
4620	7	7	7	1	0:00:15.112209
4640	2	2	2	1	0:00:15.111629
4660	7	7	7	1	0:00:15.109680
4680	9	9	9	1	0:00:15.148237
4700	6	6	6	1	0:00:15.104637
4720	8	8	8	1	0:00:15.104104
4740	5	3	3	0	0:00:15.115498
4760	3	2	2	0	0:00:15.118656
4780	0	0	0	1	0:00:15.106221
4800	9	9	9	1	0:00:15.113847
4820	3	3	3	1	0:00:15.203419
4840	0	0	0	1	0:00:15.152554
4860	5	5	5	1	0:00:15.096892
4880	0	0	0	1	0:00:15.105453
4900	3	3	3	1	0:00:15.123102
4920	7	7	7	1	0:00:15.133137
4940	6	6	6	1	0:00:15.116384
4960	4	4	4	1	0:00:15.126005
4980	1	1	1	1	0:00:15.125179
5000	7	7	7	1	0:00:15.118896
5020	8	8	8	1	0:00:15.164470
5040	3	3	3	1	0:00:15.153324
5060	6	6	6	1	0:00:15.115849
5080	7	7	7	1	0:00:15.135408
5100	3	3	3	1	0:00:15.175532
5120	9	9	9	1	0:00:15.110936
5140	8	8	8	1	0:00:15.099142
5160	0	0	0	1	0:00:15.114125
5180	9	7	7	0	0:00:15.103511
5200	3	3	3	1	0:00:15.117141
5220	0	0	0	1	0:00:15.142663
5240	1	1	1	1	0:00:15.111727
5260	0	0	0	1	0:00:15.102261
5280	0	0	8	1	0:00:15.111557
5300	9	9	9	1	0:00:15.100097
5320	7	7	7	1	0:00:15.108871
5340	3	3	3	1	0:00:15.096649
5360	9	9	9	1	0:00:15.130209
5380	1	1	1	1	0:00:15.216618
5400	9	9	9	1	0:00:15.160324
5420	6	6	6	1	0:00:15.141365
5440	9	9	9	1	0:00:15.124392
5460	0	0	0	1	0:00:15.124631
5480	1	1	1	1	0:00:15.119925
5500	8	8	8	1	0:00:15.111694
5520	4	4	4	1	0:00:15.113765
5540	5	5	5	1	0:00:15.110401
5560	3	3	6	1	0:00:15.111479
5580	5	3	3	0	0:00:15.123809
5600	6	3	3	0	0:00:15.119691
5620	3	3	3	1	0:00:15.121750
5640	2	2	2	1	0:00:15.137703
5660	9	9	9	1	0:00:15.107581
5680	2	2	2	1	0:00:15.102972
5700	3	3	3	1	0:00:15.196920
5720	9	9	9	1	0:00:15.172916
5740	6	6	6	1	0:00:15.154194
5760	2	2	2	1	0:00:15.112600
5780	7	7	7	1	0:00:15.107105
5800	2	2	2	1	0:00:15.168215
5820	5	5	5	1	0:00:15.183438
5840	2	2	7	1	0:00:15.208130
5860	0	8	8	0	0:00:15.114609
5880	0	0	0	1	0:00:15.111600
5900	4	4	4	1	0:00:15.118906
5920	8	8	8	1	0:00:15.122901
5940	7	7	7	1	0:00:15.107166
5960	2	6	5	0	0:00:15.112756
5980	9	9	9	1	0:00:15.117905
6000	8	8	8	1	0:00:15.128302
6020	6	6	6	1	0:00:15.116262
6040	2	7	2	0	0:00:15.111508
6060	3	3	3	1	0:00:15.103768
6080	1	1	1	1	0:00:15.104686
6100	1	1	1	1	0:00:15.120345
6120	5	5	5	1	0:00:15.118299
6140	9	9	9	1	0:00:15.139186
6160	2	2	2	1	0:00:15.106966
6180	0	0	0	1	0:00:15.100208
6200	3	3	3	1	0:00:15.119989
6220	2	2	2	1	0:00:15.109087
6240	2	2	2	1	0:00:15.114875
6260	2	2	2	1	0:00:15.110332
6280	8	8	8	1	0:00:15.113768
6300	1	1	1	1	0:00:15.107642
6320	0	0	0	1	0:00:15.105408
6340	3	3	3	1	0:00:15.114085
6360	2	2	2	1	0:00:15.143806
6380	3	3	3	1	0:00:15.163763
6400	0	0	0	1	0:00:15.118821
6420	7	7	7	1	0:00:15.115504
6440	3	3	3	1	0:00:15.133260
6460	3	3	3	1	0:00:15.152752
6480	0	0	0	1	0:00:15.115007
6500	7	3	3	0	0:00:15.104547
6520	6	6	2	1	0:00:15.101123
6540	8	8	8	1	0:00:15.104429
6560	6	6	6	1	0:00:15.108200
6580	1	1	1	1	0:00:15.123868
6600	7	7	7	1	0:00:15.266411
6620	7	7	7	1	0:00:15.108970
6640	5	3	3	0	0:00:15.102622
6660	0	0	0	1	0:00:15.128000
6680	3	3	3	1	0:00:15.188444
6700	6	6	6	1	0:00:15.103401
6720	2	2	2	1	0:00:15.124280
6740	2	2	2	1	0:00:15.106041
6760	5	5	5	1	0:00:15.135695
6780	7	7	7	1	0:00:15.105584
6800	6	6	2	1	0:00:15.124791
6820	1	1	1	1	0:00:15.114834
6840	9	9	9	1	0:00:15.122947
6860	0	0	0	1	0:00:15.120621
6880	2	2	2	1	0:00:15.156961
6900	3	3	3	1	0:00:15.145092
6920	5	5	2	1	0:00:15.109876
6940	1	1	1	1	0:00:15.109345
6960	9	9	9	1	0:00:15.134467
6980	0	0	0	1	0:00:15.153691
7000	2	8	8	0	0:00:15.117603
7020	7	7	7	1	0:00:15.107517
7040	7	0	0	0	0:00:15.153714
7060	8	8	8	1	0:00:15.242927
7080	5	3	3	0	0:00:15.169895
7100	9	9	3	1	0:00:15.111085
7120	7	7	7	1	0:00:15.116785
7140	4	4	4	1	0:00:15.113704
7160	5	5	5	1	0:00:15.113278
7180	6	6	6	1	0:00:15.137676
7200	4	3	3	0	0:00:15.121063
7220	9	9	9	1	0:00:15.120864
7240	0	0	0	1	0:00:15.117127
7260	1	1	1	1	0:00:15.106504
7280	1	9	9	0	0:00:15.113615
7300	3	3	3	1	0:00:15.096585
7320	8	8	8	1	0:00:15.090935
7340	2	2	2	1	0:00:15.093567
7360	2	2	2	1	0:00:15.085912
7380	7	7	7	1	0:00:15.099411
7400	3	3	3	1	0:00:15.095553
7420	3	3	3	1	0:00:15.084576
7440	3	3	3	1	0:00:15.094796
7460	5	5	5	1	0:00:15.108184
7480	1	1	1	1	0:00:15.081625
7500	6	6	6	1	0:00:15.086982
7520	4	4	4	1	0:00:15.091095
7540	5	5	5	1	0:00:15.094767
7560	0	0	0	1	0:00:15.080938
7580	8	8	8	1	0:00:15.089682
7600	8	2	2	0	0:00:15.094295
7620	5	3	3	0	0:00:15.107223
7640	9	8	8	0	0:00:15.092140
7660	7	7	7	1	0:00:15.112520
7680	3	5	5	0	0:00:15.144857
7700	6	6	6	1	0:00:15.191466
7720	5	5	5	1	0:00:15.101131
7740	4	4	4	1	0:00:15.085538
7760	2	2	2	1	0:00:15.099518
7780	3	8	8	0	0:00:15.108768
7800	0	0	0	1	0:00:15.104620
7820	5	3	3	0	0:00:15.094064
7840	1	1	1	1	0:00:15.099215
7860	8	8	8	1	0:00:15.085043
7880	0	0	0	1	0:00:15.108900
7900	0	0	0	1	0:00:15.099607
7920	9	9	9	1	0:00:15.102089
7940	2	2	2	1	0:00:15.089126
7960	0	0	0	1	0:00:15.082144
7980	3	3	3	1	0:00:15.082660
8000	9	9	9	1	0:00:15.096242
8020	6	3	3	0	0:00:15.089759
8040	2	2	2	1	0:00:15.102221
8060	6	6	6	1	0:00:15.097716
8080	4	4	4	1	0:00:15.128290
8100	6	6	6	1	0:00:15.193031
8120	8	8	8	1	0:00:15.102160
8140	5	5	5	1	0:00:15.099309
8160	6	6	6	1	0:00:15.103873
8180	4	-1	2	0	0:00:15.098918
8200	3	0	0	0	0:00:15.090498
8220	6	6	6	1	0:00:15.094435
8240	7	7	7	1	0:00:15.106572
8260	1	1	1	1	0:00:15.107481
8280	4	4	4	1	0:00:15.102968
8300	5	7	3	0	0:00:15.116323
8320	7	7	7	1	0:00:15.094726
8340	5	5	5	1	0:00:15.155062
8360	7	7	7	1	0:00:15.204878
8380	9	9	9	1	0:00:15.169257
8400	0	0	0	1	0:00:15.196837
8420	3	6	3	0	0:00:15.153722
8440	5	5	5	1	0:00:15.121122
8460	8	8	8	1	0:00:15.100024
8480	2	2	2	1	0:00:15.108190
8500	4	4	4	1	0:00:15.104832
8520	8	8	8	1	0:00:15.118540
8540	4	4	2	1	0:00:15.119275
8560	7	7	7	1	0:00:15.176544
8580	3	5	5	0	0:00:15.099019
8600	3	3	3	1	0:00:15.103954
8620	3	3	3	1	0:00:15.087413
8640	1	1	1	1	0:00:15.091046
8660	7	7	7	1	0:00:15.088465
8680	3	3	3	1	0:00:15.093192
8700	3	5	5	0	0:00:15.097232
8720	2	2	2	1	0:00:15.089536
8740	2	2	2	1	0:00:15.068871
8760	8	8	8	1	0:00:15.066117
8780	4	4	4	1	0:00:15.071472
8800	0	0	0	1	0:00:15.073675
8820	2	2	2	1	0:00:15.092713
8840	2	7	2	0	0:00:15.078709
8860	2	2	2	1	0:00:15.066880
8880	1	1	1	1	0:00:15.075303
8900	2	2	2	1	0:00:15.083916
8920	6	6	6	1	0:00:15.100008
8940	6	6	6	1	0:00:15.074710
8960	0	0	0	1	0:00:15.068626
8980	9	9	9	1	0:00:15.076772
9000	8	8	8	1	0:00:15.074553
9020	7	7	7	1	0:00:15.074620
9040	2	5	2	0	0:00:15.083696
9060	9	9	9	1	0:00:15.073568
9080	3	3	3	1	0:00:15.062958
9100	9	1	1	0	0:00:15.083462
9120	3	3	3	1	0:00:15.093669
9140	7	7	7	1	0:00:15.074775
9160	5	3	3	0	0:00:15.094914
9180	5	5	5	1	0:00:15.076653
9200	8	8	8	1	0:00:15.087898
9220	8	8	8	1	0:00:15.081431
9240	8	8	8	1	0:00:15.087149
9260	5	3	3	0	0:00:15.094388
9280	9	9	9	1	0:00:15.122475
9300	5	4	4	0	0:00:15.119573
9320	9	9	9	1	0:00:15.102098
9340	1	1	1	1	0:00:15.086844
9360	5	5	5	1	0:00:15.143588
9380	5	3	3	0	0:00:15.087782
9400	6	6	6	1	0:00:15.091268
9420	5	5	5	1	0:00:15.088169
9440	8	8	8	1	0:00:15.081065
9460	3	3	3	1	0:00:15.076010
9480	2	2	2	1	0:00:15.069291
9500	9	9	9	1	0:00:15.086201
9520	1	1	1	1	0:00:15.103452
9540	5	5	5	1	0:00:15.106856
9560	9	7	9	0	0:00:15.108453
9580	1	1	1	1	0:00:15.120968
9600	8	8	8	1	0:00:15.100680
9620	4	4	4	1	0:00:15.077759
9640	5	5	5	1	0:00:15.074473
9660	6	6	6	1	0:00:15.166756
9680	8	8	8	1	0:00:15.114826
9700	0	0	0	1	0:00:15.115295
9720	8	8	8	1	0:00:15.081974
9740	3	6	3	0	0:00:15.080505
9760	9	9	2	1	0:00:15.088080
9780	4	4	2	1	0:00:15.087198
9800	1	1	1	1	0:00:15.105177
9820	0	0	0	1	0:00:15.096691
9840	4	7	7	0	0:00:15.088307
9860	0	0	0	1	0:00:15.082839
9880	7	7	7	1	0:00:15.067207
9900	8	8	8	1	0:00:15.062060
9920	6	6	6	1	0:00:15.106547
9940	4	4	4	1	0:00:15.082951
9960	2	0	0	0	0:00:15.116320
9980	0	0	0	1	0:00:15.094445
