idx	label	predict	basePredict	correct	time
0	3	3	2	1	0:00:03.691473
20	7	7	7	1	0:00:02.646053
40	4	8	8	0	0:00:02.599186
60	7	7	4	1	0:00:02.659023
80	8	8	8	1	0:00:02.541872
100	4	4	4	1	0:00:02.544808
120	8	8	8	1	0:00:02.567135
140	6	6	2	1	0:00:02.519726
160	2	0	2	0	0:00:02.524971
180	0	0	0	1	0:00:02.649632
200	5	3	3	0	0:00:02.541005
220	7	7	7	1	0:00:02.636801
240	1	1	1	1	0:00:02.525379
260	8	3	3	0	0:00:02.561841
280	9	9	9	1	0:00:02.603361
300	6	6	4	1	0:00:02.549566
320	3	3	2	1	0:00:02.563141
340	2	4	4	0	0:00:02.533137
360	9	9	6	1	0:00:02.547733
380	6	6	4	1	0:00:02.573112
400	9	9	9	1	0:00:02.540066
420	4	4	4	1	0:00:02.538112
440	1	1	1	1	0:00:02.530843
460	5	5	5	1	0:00:02.524960
480	8	9	8	0	0:00:02.552159
500	4	6	4	0	0:00:02.519938
520	5	5	5	1	0:00:02.641418
540	1	-1	8	0	0:00:02.557099
560	0	0	8	1	0:00:02.554724
580	4	4	4	1	0:00:02.754590
600	8	8	8	1	0:00:02.541500
620	7	7	4	1	0:00:02.543892
640	5	3	3	0	0:00:02.525541
660	9	9	9	1	0:00:02.557518
680	9	9	1	1	0:00:02.544264
700	7	7	4	1	0:00:02.607086
720	4	9	4	0	0:00:02.562155
740	2	5	2	0	0:00:02.541388
760	3	9	3	0	0:00:02.621835
780	9	9	8	1	0:02:03.046646
800	7	7	7	1	0:00:07.770373
820	6	9	2	0	0:00:07.770492
840	7	7	7	1	0:00:02.522851
860	4	4	4	1	0:00:02.647863
880	8	8	8	1	0:00:02.569417
900	2	6	4	0	0:00:02.675464
920	6	6	2	1	0:00:02.545927
940	9	9	9	1	0:00:02.569672
960	9	9	9	1	0:00:03.276254
980	2	6	2	0	0:00:02.600284
1000	5	5	5	1	0:00:01.811365
1020	1	1	8	1	0:00:01.814149
1040	7	5	5	0	0:00:01.808133
1060	9	9	8	1	0:00:01.808059
1080	6	6	6	1	0:00:01.809722
1100	7	8	8	0	0:00:01.808746
1120	5	2	2	0	0:00:01.806294
1140	6	6	4	1	0:00:01.813611
1160	8	8	8	1	0:00:01.812404
1180	3	3	3	1	0:00:01.810817
1200	8	8	0	1	0:00:01.807880
1220	9	6	6	0	0:00:01.809222
1240	2	6	6	0	0:00:01.807972
1260	1	9	9	0	0:00:01.819377
1280	3	7	7	0	0:00:01.808802
1300	4	3	8	0	0:00:01.822777
1320	7	2	2	0	0:00:01.823769
1340	1	1	1	1	0:00:01.827548
1360	7	7	4	1	0:00:01.814103
1380	4	5	4	0	0:00:01.826526
1400	5	-1	2	0	0:00:01.808487
1420	4	7	4	0	0:00:01.822450
1440	0	0	0	1	0:00:01.808192
1460	6	6	4	1	0:00:01.810145
1480	1	-1	5	0	0:00:01.811722
1500	1	1	1	1	0:00:01.810620
1520	7	7	4	1	0:00:01.810592
1540	8	8	8	1	0:00:01.809603
1560	7	7	7	1	0:00:01.808430
1580	6	1	1	0	0:00:01.810063
1600	8	9	6	0	0:00:01.809382
1620	5	8	8	0	0:00:01.808692
1640	7	5	3	0	0:00:01.815612
1660	3	3	3	1	0:00:01.806176
1680	6	6	6	1	0:00:01.807080
1700	5	2	2	0	0:00:01.808465
1720	4	2	2	0	0:00:01.817699
1740	1	1	1	1	0:00:01.808050
1760	0	8	8	0	0:00:01.807665
1780	7	7	8	1	0:00:01.808561
1800	4	8	8	0	0:00:01.809419
1820	8	8	8	1	0:00:01.810740
1840	8	9	4	0	0:00:01.809445
1860	8	8	8	1	0:00:01.830981
1880	1	1	8	1	0:00:01.810420
1900	8	8	8	1	0:00:01.810872
1920	2	2	2	1	0:00:01.812479
1940	5	3	3	0	0:00:01.812360
1960	2	5	5	0	0:00:01.814642
1980	9	9	9	1	0:00:01.823481
2000	1	6	6	0	0:00:01.820234
2020	9	9	9	1	0:00:01.819220
2040	0	8	8	0	0:00:01.824446
2060	5	5	5	1	0:00:01.818978
2080	1	1	6	1	0:00:01.808381
2100	2	4	4	0	0:00:01.821987
2120	4	8	8	0	0:00:01.812682
2140	9	9	9	1	0:00:01.816964
2160	0	8	8	0	0:00:01.818233
2180	4	4	4	1	0:00:01.809943
2200	0	0	2	1	0:00:01.809093
2220	1	1	1	1	0:00:01.811487
2240	9	9	9	1	0:00:01.809274
2260	4	-1	4	0	0:00:01.814108
2280	4	8	8	0	0:00:01.813896
2300	3	6	2	0	0:00:01.827275
2320	5	-1	8	0	0:00:01.810287
2340	7	7	7	1	0:00:01.807122
2360	7	7	7	1	0:00:01.807235
2380	8	8	8	1	0:00:01.810480
2400	0	0	0	1	0:00:01.808023
2420	8	1	8	0	0:00:01.811745
2440	7	7	7	1	0:00:01.811221
2460	9	9	3	1	0:00:01.805547
2480	8	8	8	1	0:00:01.807832
2500	4	2	2	0	0:00:01.814495
2520	1	1	8	1	0:00:01.818861
2540	2	3	3	0	0:00:01.813031
2560	7	7	4	1	0:00:01.809997
2580	6	-1	4	0	0:00:01.809023
2600	8	8	8	1	0:00:01.818782
2620	1	1	4	1	0:00:01.812421
2640	7	7	4	1	0:00:01.819424
2660	3	-1	2	0	0:00:01.808614
2680	0	0	0	1	0:00:01.809246
2700	9	9	0	1	0:00:01.814066
2720	3	2	2	0	0:00:01.808814
2740	1	1	1	1	0:00:01.810456
2760	2	2	4	1	0:00:01.810023
2780	7	7	7	1	0:00:01.806283
2800	4	6	4	0	0:00:01.809314
2820	6	6	6	1	0:00:01.806130
2840	3	3	3	1	0:00:01.810570
2860	5	6	6	0	0:00:01.805826
2880	4	4	4	1	0:00:01.804764
2900	3	2	5	0	0:00:01.808460
2920	2	2	2	1	0:00:01.807522
2940	3	0	0	0	0:00:01.811420
2960	9	9	8	1	0:00:01.804773
2980	8	8	8	1	0:00:01.807077
3000	5	5	5	1	0:00:01.808267
3020	1	1	8	1	0:00:01.804712
3040	7	7	7	1	0:00:01.809054
3060	7	7	7	1	0:00:01.810969
3080	1	7	2	0	0:00:01.809940
3100	0	0	0	1	0:00:01.812008
3120	4	6	2	0	0:00:01.811668
3140	8	8	8	1	0:00:01.810023
3160	6	4	4	0	0:00:01.811343
3180	3	9	8	0	0:00:01.809182
3200	5	7	7	0	0:00:01.810899
3220	3	3	3	1	0:00:01.809251
3240	4	2	8	0	0:00:01.812410
3260	7	-1	7	0	0:00:01.812047
3280	3	5	0	0	0:00:01.809354
3300	4	4	4	1	0:00:01.813076
3320	2	7	2	0	0:00:01.813278
3340	6	6	4	1	0:00:01.812060
3360	4	6	4	0	0:00:01.813732
3380	8	8	8	1	0:00:01.807570
3400	6	4	4	0	0:00:01.805484
3420	5	3	4	0	0:00:01.805216
3440	2	9	3	0	0:00:01.797717
3460	1	1	1	1	0:00:01.800494
3480	2	2	2	1	0:00:01.807855
3500	1	1	1	1	0:00:01.798746
3520	1	1	1	1	0:00:01.809761
3540	6	6	6	1	0:00:01.811725
3560	1	9	0	0	0:00:01.811960
3580	4	1	4	0	0:00:01.810917
3600	4	2	2	0	0:00:01.801332
3620	0	7	6	0	0:00:01.798238
3640	6	2	2	0	0:00:01.809035
3660	0	8	8	0	0:00:01.803213
3680	0	2	2	0	0:00:01.801408
3700	3	3	4	1	0:00:01.811534
3720	2	2	2	1	0:00:01.803747
3740	0	0	0	1	0:00:01.799928
3760	7	7	7	1	0:00:01.798136
3780	4	4	2	1	0:00:01.797529
3800	9	9	8	1	0:00:01.807813
3820	0	0	0	1	0:00:01.806361
3840	6	3	3	0	0:00:01.804404
3860	7	7	7	1	0:00:01.797903
3880	6	4	4	0	0:00:01.800427
3900	3	3	6	1	0:00:01.796677
3920	7	9	8	0	0:00:01.805914
3940	6	6	4	1	0:00:01.805459
3960	2	2	2	1	0:00:01.804035
3980	9	7	7	0	0:00:01.811946
4000	8	-1	0	0	0:00:01.810459
4020	8	1	8	0	0:00:01.806612
4040	0	0	0	1	0:00:01.812881
4060	6	3	3	0	0:00:01.804865
4080	1	-1	8	0	0:00:01.802464
4100	7	7	7	1	0:00:01.805438
4120	4	0	4	0	0:00:01.798988
4140	5	3	3	0	0:00:01.803503
4160	5	2	2	0	0:00:01.800019
4180	0	0	8	1	0:00:01.798865
4200	4	4	2	1	0:00:01.812808
4220	4	0	0	0	0:00:01.810842
4240	7	0	0	0	0:00:01.809395
4260	8	8	8	1	0:00:01.809747
4280	8	8	8	1	0:00:01.806771
4300	8	8	8	1	0:00:01.796594
4320	1	8	8	0	0:00:01.809164
4340	0	0	8	1	0:00:01.806518
4360	6	6	6	1	0:00:01.807323
4380	9	9	8	1	0:00:01.800925
4400	3	4	4	0	0:00:01.797415
4420	5	8	8	0	0:00:01.810201
4440	2	2	2	1	0:00:01.809114
4460	9	1	8	0	0:00:01.797533
4480	9	9	3	1	0:00:01.798875
4500	3	3	6	1	0:00:01.799549
4520	3	6	6	0	0:00:01.799666
4540	9	9	9	1	0:00:01.799527
4560	1	1	4	1	0:00:01.806289
4580	6	4	4	0	0:00:01.806329
4600	4	7	4	0	0:00:01.807468
4620	7	3	3	0	0:00:01.803003
4640	2	4	4	0	0:00:01.811519
4660	7	4	2	0	0:00:01.811803
4680	9	1	1	0	0:00:01.811469
4700	6	1	4	0	0:00:01.809011
4720	8	0	0	0	0:00:01.808779
4740	5	3	3	0	0:00:01.810738
4760	3	3	4	1	0:00:01.807292
4780	0	0	0	1	0:00:01.802744
4800	9	9	9	1	0:00:01.799727
4820	3	5	5	0	0:00:01.799491
4840	0	0	0	1	0:00:01.798303
4860	5	5	5	1	0:00:01.798446
4880	0	2	2	0	0:00:01.806432
4900	3	6	6	0	0:00:01.804208
4920	7	7	7	1	0:00:01.807912
4940	6	6	2	1	0:00:01.807520
4960	4	6	4	0	0:00:01.819037
4980	1	9	8	0	0:00:01.810259
5000	7	7	7	1	0:00:01.800467
5020	8	8	8	1	0:00:01.811361
5040	3	3	4	1	0:00:01.813093
5060	6	6	4	1	0:00:01.801093
5080	7	7	7	1	0:00:01.801491
5100	3	3	3	1	0:00:01.802769
5120	9	9	8	1	0:00:01.810253
5140	8	8	8	1	0:00:01.808954
5160	0	0	8	1	0:00:01.809076
5180	9	7	4	0	0:00:01.800350
5200	3	3	3	1	0:00:01.800267
5220	0	0	0	1	0:00:01.802533
5240	1	9	2	0	0:00:01.802080
5260	0	0	0	1	0:00:01.800003
5280	0	8	8	0	0:00:01.804012
5300	9	9	9	1	0:00:01.819321
5320	7	7	7	1	0:00:01.817673
5340	3	4	4	0	0:00:01.818246
5360	9	9	9	1	0:00:01.808639
5380	1	9	9	0	0:00:01.808475
5400	9	9	8	1	0:00:01.800548
5420	6	6	6	1	0:00:01.806274
5440	9	9	9	1	0:00:01.808020
5460	0	7	7	0	0:00:01.807424
5480	1	1	8	1	0:00:01.805113
5500	8	1	8	0	0:00:01.807647
5520	4	3	3	0	0:00:01.802971
5540	5	6	2	0	0:00:01.801787
5560	3	6	5	0	0:00:01.807020
5580	5	6	6	0	0:00:01.805223
5600	6	-1	0	0	0:00:01.800919
5620	3	2	2	0	0:00:01.799700
5640	2	3	2	0	0:00:01.800797
5660	9	9	8	1	0:00:01.806171
5680	2	3	8	0	0:00:01.801756
5700	3	3	3	1	0:00:01.801836
5720	9	9	9	1	0:00:01.800844
5740	6	4	4	0	0:00:01.799571
5760	2	2	2	1	0:00:01.814445
5780	7	7	7	1	0:00:01.813977
5800	2	4	2	0	0:00:01.807930
5820	5	-1	3	0	0:00:01.809108
5840	2	2	6	1	0:00:01.812719
5860	0	-1	8	0	0:00:01.809564
5880	0	0	0	1	0:00:01.808769
5900	4	4	4	1	0:00:01.809722
5920	8	8	8	1	0:00:01.809984
5940	7	4	4	0	0:00:01.810309
5960	2	4	4	0	0:00:01.816434
5980	9	9	9	1	0:00:01.804860
6000	8	9	8	0	0:00:01.806417
6020	6	6	6	1	0:00:01.807631
6040	2	7	7	0	0:00:01.806861
6060	3	4	4	0	0:00:01.801016
6080	1	9	6	0	0:00:01.801320
6100	1	1	8	1	0:00:01.801189
6120	5	5	5	1	0:00:01.803710
6140	9	9	9	1	0:00:01.802266
6160	2	5	5	0	0:00:01.800950
6180	0	9	8	0	0:00:01.800578
6200	3	3	3	1	0:00:01.808423
6220	2	6	4	0	0:00:01.809253
6240	2	2	4	1	0:00:01.806746
6260	2	9	4	0	0:00:01.809924
6280	8	5	4	0	0:00:01.807099
6300	1	7	4	0	0:00:01.804012
6320	0	0	0	1	0:00:01.807798
6340	3	3	3	1	0:00:01.800589
6360	2	2	2	1	0:00:01.802346
6380	3	6	6	0	0:00:01.807975
6400	0	1	4	0	0:00:01.806974
6420	7	7	8	1	0:00:01.805935
6440	3	9	8	0	0:00:01.806677
6460	3	1	4	0	0:00:01.809854
6480	0	0	0	1	0:00:01.805136
6500	7	0	8	0	0:00:01.801919
6520	6	4	4	0	0:00:01.802208
6540	8	8	8	1	0:00:01.812121
6560	6	6	4	1	0:00:01.805815
6580	1	1	2	1	0:00:01.813836
6600	7	7	7	1	0:00:01.804952
6620	7	7	7	1	0:00:01.805168
6640	5	3	8	0	0:00:01.814324
6660	0	0	0	1	0:00:01.807256
6680	3	5	3	0	0:00:01.809414
6700	6	6	2	1	0:00:01.807751
6720	2	2	2	1	0:00:01.805923
6740	2	4	4	0	0:00:01.806221
6760	5	5	3	1	0:00:01.807531
6780	7	7	7	1	0:00:01.807677
6800	6	6	4	1	0:00:01.803502
6820	1	1	1	1	0:00:01.803137
6840	9	9	9	1	0:00:01.806680
6860	0	0	2	1	0:00:01.809570
6880	2	7	4	0	0:00:01.807714
6900	3	7	4	0	0:00:01.809643
6920	5	2	2	0	0:00:01.808430
6940	1	1	1	1	0:00:01.802096
6960	9	8	8	0	0:00:01.800048
6980	0	9	0	0	0:00:01.802644
7000	2	8	8	0	0:00:01.806721
7020	7	7	7	1	0:00:01.806191
7040	7	8	8	0	0:00:01.808918
7060	8	8	8	1	0:00:01.802819
7080	5	4	4	0	0:00:01.803358
7100	9	3	8	0	0:00:01.802817
7120	7	7	7	1	0:00:01.805437
7140	4	4	4	1	0:00:01.800925
7160	5	5	4	1	0:00:01.803163
7180	6	6	6	1	0:00:01.808422
7200	4	6	2	0	0:00:01.811100
7220	9	9	8	1	0:00:01.803836
7240	0	8	8	0	0:00:01.801690
7260	1	8	8	0	0:00:01.813442
7280	1	1	6	1	0:00:01.813597
7300	3	7	4	0	0:00:01.819335
7320	8	-1	8	0	0:00:01.813309
7340	2	4	4	0	0:00:01.813205
7360	2	4	4	0	0:00:01.814690
7380	7	7	7	1	0:00:01.809154
7400	3	3	3	1	0:00:01.810751
7420	3	0	2	0	0:00:01.801453
7440	3	3	2	1	0:00:01.800766
7460	5	5	5	1	0:00:01.800155
7480	1	8	8	0	0:00:01.801797
7500	6	6	6	1	0:00:01.800420
7520	4	4	4	1	0:00:01.809875
7540	5	5	5	1	0:00:01.809110
7560	0	9	4	0	0:00:01.810998
7580	8	8	8	1	0:00:01.813393
7600	8	9	8	0	0:00:01.808574
7620	5	3	3	0	0:00:01.805127
7640	9	9	6	1	0:00:01.801435
7660	7	7	4	1	0:00:01.804791
7680	3	-1	3	0	0:00:01.803053
7700	6	6	6	1	0:00:01.807516
7720	5	5	5	1	0:00:01.807286
7740	4	4	2	1	0:00:01.807112
7760	2	9	2	0	0:00:01.806801
7780	3	1	8	0	0:00:01.805140
7800	0	0	0	1	0:00:01.806573
7820	5	8	8	0	0:00:01.803320
7840	1	1	1	1	0:00:01.803445
7860	8	1	4	0	0:00:01.801967
7880	0	0	0	1	0:00:01.802152
7900	0	8	8	0	0:00:01.800550
7920	9	8	8	0	0:00:01.801683
7940	2	6	4	0	0:00:01.800045
7960	0	0	0	1	0:00:01.806166
7980	3	3	4	1	0:00:01.811087
8000	9	9	9	1	0:00:01.813080
8020	6	3	3	0	0:00:01.807044
8040	2	2	2	1	0:00:01.800329
8060	6	6	4	1	0:00:01.812294
8080	4	6	4	0	0:00:01.801975
8100	6	2	4	0	0:00:01.803151
8120	8	9	8	0	0:00:01.802112
8140	5	4	4	0	0:00:01.801459
8160	6	6	6	1	0:00:01.809568
8180	4	4	4	1	0:00:01.801610
8200	3	6	2	0	0:00:01.801001
8220	6	6	2	1	0:00:01.804272
8240	7	7	7	1	0:00:01.808200
8260	1	1	3	1	0:00:01.800519
8280	4	5	2	0	0:00:01.806493
8300	5	2	2	0	0:00:01.801315
8320	7	4	4	0	0:00:01.809830
8340	5	3	3	0	0:00:01.807509
8360	7	7	4	1	0:00:01.802118
8380	9	9	8	1	0:00:01.810251
8400	0	0	8	1	0:00:01.801748
8420	3	6	4	0	0:00:01.810250
8440	5	-1	4	0	0:00:01.802172
8460	8	8	8	1	0:00:01.807032
8480	2	2	4	1	0:00:01.808021
8500	4	4	4	1	0:00:01.806213
8520	8	1	4	0	0:00:01.807346
8540	4	4	2	1	0:00:01.800842
8560	7	7	7	1	0:00:01.807614
8580	3	0	2	0	0:00:01.802568
8600	3	3	4	1	0:00:01.807675
8620	3	7	4	0	0:00:01.807685
8640	1	1	1	1	0:00:01.819762
8660	7	7	7	1	0:00:01.817525
8680	3	9	4	0	0:00:01.817630
8700	3	3	3	1	0:00:01.810101
8720	2	0	0	0	0:00:01.806898
8740	2	2	4	1	0:00:01.800122
8760	8	8	8	1	0:00:01.801603
8780	4	4	4	1	0:00:01.800744
8800	0	0	0	1	0:00:01.801976
8820	2	2	2	1	0:00:01.808096
8840	2	1	7	0	0:00:01.811322
8860	2	2	2	1	0:00:01.806775
8880	1	1	1	1	0:00:01.810198
8900	2	4	4	0	0:00:01.801725
8920	6	6	6	1	0:00:01.801368
8940	6	3	6	0	0:00:01.802320
8960	0	0	0	1	0:00:01.807657
8980	9	9	9	1	0:00:01.805469
9000	8	8	8	1	0:00:01.801538
9020	7	9	8	0	0:00:01.819243
9040	2	5	5	0	0:00:01.804287
9060	9	5	5	0	0:00:01.800172
9080	3	3	3	1	0:00:01.822749
9100	9	6	6	0	0:00:01.811487
9120	3	3	3	1	0:00:01.807444
9140	7	7	4	1	0:00:01.809404
9160	5	5	5	1	0:00:01.809846
9180	5	5	5	1	0:00:01.801412
9200	8	8	8	1	0:00:01.811930
9220	8	8	8	1	0:00:01.809611
9240	8	8	8	1	0:00:01.810941
9260	5	5	5	1	0:00:01.812328
9280	9	1	8	0	0:00:01.813886
9300	5	3	2	0	0:00:01.810150
9320	9	9	8	1	0:00:01.804303
9340	1	1	1	1	0:00:01.807848
9360	5	6	6	0	0:00:01.806198
9380	5	3	3	0	0:00:01.805778
9400	6	6	4	1	0:00:01.812598
9420	5	5	6	1	0:00:01.827222
9440	8	8	8	1	0:00:01.805598
9460	3	7	6	0	0:00:01.802110
9480	2	4	4	0	0:00:01.807405
9500	9	9	6	1	0:00:01.809379
9520	1	1	1	1	0:00:01.805369
9540	5	5	4	1	0:00:01.803603
9560	9	7	7	0	0:00:01.816611
9580	1	1	4	1	0:00:01.806385
9600	8	8	8	1	0:00:01.815649
9620	4	7	4	0	0:00:01.802583
9640	5	0	6	0	0:00:01.804980
9660	6	6	6	1	0:00:01.804346
9680	8	8	8	1	0:00:01.802865
9700	0	0	0	1	0:00:01.806199
9720	8	1	8	0	0:00:01.800698
9740	3	6	4	0	0:00:01.815226
9760	9	9	4	1	0:00:01.809323
9780	4	6	4	0	0:00:01.805785
9800	1	1	1	1	0:00:01.807127
9820	0	8	8	0	0:00:01.805906
9840	4	5	5	0	0:00:01.799800
9860	0	5	8	0	0:00:01.809867
9880	7	7	4	1	0:00:01.821679
9900	8	0	8	0	0:00:01.812815
9920	6	6	2	1	0:00:01.808246
9940	4	7	4	0	0:00:01.806028
9960	2	0	0	0	0:00:01.805455
9980	0	0	0	1	0:00:01.811458
