idx	label	predict	basePredict	correct	time
0	3	3	3	1	0:00:15.843512
20	7	7	9	1	0:00:15.719574
40	4	4	0	1	0:00:15.695853
60	7	7	7	1	0:00:15.731887
80	8	8	8	1	0:00:15.868060
100	4	5	5	0	0:00:15.897826
120	8	0	8	0	0:00:15.813310
140	6	6	2	1	0:00:16.248304
160	2	0	2	0	0:00:16.982807
180	0	0	0	1	0:00:16.234324
200	5	7	5	0	0:00:17.611359
220	7	7	7	1	0:00:15.892899
240	1	1	1	1	0:00:17.015665
260	8	3	3	0	0:00:17.033711
280	9	9	9	1	0:00:16.062063
300	6	6	6	1	0:00:17.591197
320	3	3	3	1	0:00:15.825558
340	2	4	4	0	0:00:16.779382
360	9	7	5	0	0:00:15.737382
380	6	6	2	1	0:00:15.738240
400	9	9	9	1	0:00:15.757567
420	4	4	4	1	0:00:15.727653
440	1	9	1	0	0:00:15.731752
460	5	5	5	1	0:00:15.745073
480	8	9	9	0	0:00:15.720349
500	4	6	2	0	0:00:15.733054
520	5	7	7	0	0:00:15.723408
540	1	1	8	1	0:00:15.759255
560	0	0	0	1	0:00:15.711846
580	4	4	4	1	0:00:15.719759
600	8	8	8	1	0:00:15.754555
620	7	7	5	1	0:00:15.708547
640	5	3	3	0	0:00:15.764724
660	9	9	9	1	0:00:15.718579
680	9	7	7	0	0:00:15.750929
700	7	7	3	1	0:00:15.759663
720	4	9	4	0	0:00:15.708828
740	2	5	3	0	0:00:15.778284
760	3	3	3	1	0:00:15.734309
780	9	1	9	0	0:00:15.718566
800	7	7	7	1	0:00:15.834770
820	6	-1	8	0	0:00:15.722323
840	7	7	7	1	0:00:15.758451
860	4	4	4	1	0:00:15.696446
880	8	8	8	1	0:00:15.771417
900	2	6	2	0	0:00:15.742792
920	6	6	3	1	0:00:15.749162
940	9	9	9	1	0:00:15.721382
960	9	9	9	1	0:00:15.727432
980	2	6	2	0	0:00:15.712185
1000	5	5	5	1	0:00:15.017861
1020	1	1	1	1	0:00:15.048330
1040	7	5	5	0	0:00:15.011952
1060	9	9	9	1	0:00:15.064844
1080	6	6	6	1	0:00:15.032598
1100	7	0	0	0	0:00:15.019761
1120	5	2	2	0	0:00:15.054496
1140	6	6	4	1	0:00:15.017567
1160	8	0	0	0	0:00:15.007850
1180	3	3	3	1	0:00:15.008147
1200	8	0	0	0	0:00:15.003089
1220	9	6	6	0	0:00:15.034472
1240	2	6	6	0	0:00:15.020229
1260	1	9	9	0	0:00:15.024499
1280	3	7	5	0	0:00:15.018973
1300	4	3	3	0	0:00:15.025779
1320	7	2	2	0	0:00:15.015751
1340	1	1	1	1	0:00:15.014026
1360	7	7	7	1	0:00:15.012669
1380	4	5	5	0	0:00:15.023817
1400	5	3	3	0	0:00:15.010555
1420	4	7	7	0	0:00:15.013811
1440	0	8	8	0	0:00:15.034488
1460	6	6	2	1	0:00:15.019269
1480	1	1	5	1	0:00:15.029679
1500	1	1	1	1	0:00:15.026888
1520	7	7	4	1	0:00:15.046196
1540	8	8	8	1	0:00:15.030350
1560	7	7	7	1	0:00:15.031875
1580	6	1	3	0	0:00:15.033164
1600	8	9	6	0	0:00:15.066405
1620	5	8	8	0	0:00:15.086634
1640	7	3	3	0	0:00:15.026588
1660	3	5	5	0	0:00:15.056930
1680	6	6	6	1	0:00:15.015534
1700	5	3	2	0	0:00:15.025558
1720	4	-1	2	0	0:00:15.035810
1740	1	1	9	1	0:00:15.012447
1760	0	0	8	1	0:00:15.028334
1780	7	7	2	1	0:00:15.015705
1800	4	0	8	0	0:00:15.060075
1820	8	9	8	0	0:00:15.025645
1840	8	9	4	0	0:00:15.012988
1860	8	8	8	1	0:00:15.070816
1880	1	1	8	1	0:00:15.062908
1900	8	8	8	1	0:00:15.012872
1920	2	2	2	1	0:00:15.003725
1940	5	2	2	0	0:00:15.015123
1960	2	5	5	0	0:00:14.989649
1980	9	9	9	1	0:00:15.024171
2000	1	6	6	0	0:00:15.021148
2020	9	9	9	1	0:00:15.023315
2040	0	0	0	1	0:00:15.014016
2060	5	3	3	0	0:00:15.021745
2080	1	9	9	0	0:00:15.016272
2100	2	2	2	1	0:00:15.018024
2120	4	8	8	0	0:00:15.028836
2140	9	9	9	1	0:00:15.055475
2160	0	8	8	0	0:00:15.023860
2180	4	4	4	1	0:00:15.024701
2200	0	2	2	0	0:00:14.995393
2220	1	1	1	1	0:00:15.023182
2240	9	1	8	0	0:00:15.007869
2260	4	4	4	1	0:00:15.032351
2280	4	8	8	0	0:00:15.013709
2300	3	2	2	0	0:00:15.006949
2320	5	2	2	0	0:00:15.017500
2340	7	7	7	1	0:00:15.008931
2360	7	5	5	0	0:00:15.024880
2380	8	8	8	1	0:00:15.031487
2400	0	0	0	1	0:00:15.022714
2420	8	5	5	0	0:00:15.007722
2440	7	7	7	1	0:00:15.003645
2460	9	7	7	0	0:00:15.008927
2480	8	8	8	1	0:00:15.007526
2500	4	6	4	0	0:00:14.985118
2520	1	1	8	1	0:00:14.989027
2540	2	5	5	0	0:00:14.999067
2560	7	7	4	1	0:00:15.008013
2580	6	5	6	0	0:00:15.068624
2600	8	8	8	1	0:00:15.072177
2620	1	1	8	1	0:00:15.010348
2640	7	7	7	1	0:00:15.008254
2660	3	5	2	0	0:00:15.011406
2680	0	0	0	1	0:00:15.024830
2700	9	-1	1	0	0:00:15.024397
2720	3	3	3	1	0:00:15.055306
2740	1	1	2	1	0:00:15.023000
2760	2	2	2	1	0:00:15.058668
2780	7	7	7	1	0:00:15.020416
2800	4	6	3	0	0:00:15.012712
2820	6	6	2	1	0:00:15.011594
2840	3	3	3	1	0:00:15.046179
2860	5	7	6	0	0:00:15.011579
2880	4	4	4	1	0:00:15.008187
2900	3	5	5	0	0:00:15.067389
2920	2	3	3	0	0:00:15.026381
2940	3	0	0	0	0:00:15.081972
2960	9	9	9	1	0:00:15.051902
2980	8	8	8	1	0:00:15.051292
3000	5	5	5	1	0:00:15.025710
3020	1	1	1	1	0:00:15.020650
3040	7	7	7	1	0:00:15.037289
3060	7	7	7	1	0:00:15.029637
3080	1	1	9	1	0:00:15.005962
3100	0	0	0	1	0:00:15.006893
3120	4	6	2	0	0:00:15.018577
3140	8	8	8	1	0:00:15.028210
3160	6	2	2	0	0:00:15.010028
3180	3	3	3	1	0:00:15.009899
3200	5	7	7	0	0:00:15.010983
3220	3	9	6	0	0:00:15.023490
3240	4	1	8	0	0:00:15.008004
3260	7	7	7	1	0:00:15.020439
3280	3	5	5	0	0:00:15.007205
3300	4	4	2	1	0:00:15.015677
3320	2	7	7	0	0:00:14.999902
3340	6	6	2	1	0:00:15.004747
3360	4	6	6	0	0:00:15.002515
3380	8	8	8	1	0:00:15.006373
3400	6	4	4	0	0:00:14.998460
3420	5	3	3	0	0:00:15.001684
3440	2	3	3	0	0:00:15.011284
3460	1	1	1	1	0:00:15.038928
3480	2	2	2	1	0:00:15.028281
3500	1	1	9	1	0:00:15.018837
3520	1	1	1	1	0:00:15.012738
3540	6	6	3	1	0:00:15.018414
3560	1	9	7	0	0:00:14.982670
3580	4	2	4	0	0:00:15.016540
3600	4	2	2	0	0:00:15.034256
3620	0	6	6	0	0:00:15.031294
3640	6	2	2	0	0:00:15.022735
3660	0	0	8	1	0:00:15.011866
3680	0	4	2	0	0:00:14.992234
3700	3	3	3	1	0:00:15.002800
3720	2	2	2	1	0:00:15.018790
3740	0	0	0	1	0:00:15.005300
3760	7	7	4	1	0:00:14.997177
3780	4	4	2	1	0:00:15.050611
3800	9	9	3	1	0:00:15.004363
3820	0	2	2	0	0:00:15.044642
3840	6	3	3	0	0:00:15.011610
3860	7	7	7	1	0:00:15.023336
3880	6	4	4	0	0:00:14.979844
3900	3	6	6	0	0:00:15.025359
3920	7	9	7	0	0:00:15.014373
3940	6	5	4	0	0:00:15.038057
3960	2	2	2	1	0:00:15.028947
3980	9	7	7	0	0:00:15.029295
4000	8	7	0	0	0:00:14.996160
4020	8	8	8	1	0:00:14.984764
4040	0	0	0	1	0:00:14.991238
4060	6	3	3	0	0:00:15.007755
4080	1	1	8	1	0:00:15.041944
4100	7	7	7	1	0:00:15.024054
4120	4	4	8	1	0:00:15.030272
4140	5	5	3	1	0:00:15.024247
4160	5	2	2	0	0:00:15.015255
4180	0	8	8	0	0:00:15.022125
4200	4	2	2	0	0:00:15.005433
4220	4	0	0	0	0:00:15.022678
4240	7	0	8	0	0:00:15.007941
4260	8	8	8	1	0:00:15.039503
4280	8	1	1	0	0:00:15.016999
4300	8	8	8	1	0:00:15.016660
4320	1	8	8	0	0:00:15.040881
4340	0	0	0	1	0:00:15.012436
4360	6	9	3	0	0:00:15.030684
4380	9	9	8	1	0:00:15.022154
4400	3	6	4	0	0:00:15.033707
4420	5	5	7	1	0:00:15.015301
4440	2	2	2	1	0:00:15.006220
4460	9	9	8	1	0:00:15.008066
4480	9	9	3	1	0:00:15.008365
4500	3	5	5	0	0:00:15.018173
4520	3	6	6	0	0:00:15.000006
4540	9	9	9	1	0:00:15.013191
4560	1	1	8	1	0:00:15.021238
4580	6	4	4	0	0:00:15.019242
4600	4	7	7	0	0:00:15.017992
4620	7	3	3	0	0:00:15.019097
4640	2	2	2	1	0:00:15.012693
4660	7	4	4	0	0:00:15.043013
4680	9	1	1	0	0:00:15.021971
4700	6	5	5	0	0:00:15.003680
4720	8	0	8	0	0:00:15.010353
4740	5	3	3	0	0:00:15.023561
4760	3	2	2	0	0:00:15.007935
4780	0	0	8	1	0:00:15.000469
4800	9	9	9	1	0:00:15.008046
4820	3	3	3	1	0:00:15.012769
4840	0	0	0	1	0:00:15.011786
4860	5	5	5	1	0:00:15.014539
4880	0	8	8	0	0:00:14.994263
4900	3	6	6	0	0:00:15.059289
4920	7	7	7	1	0:00:15.037796
4940	6	4	2	0	0:00:15.033299
4960	4	3	3	0	0:00:15.055600
4980	1	9	9	0	0:00:15.025553
5000	7	7	7	1	0:00:15.012906
5020	8	8	8	1	0:00:15.006988
5040	3	1	2	0	0:00:15.012946
5060	6	6	2	1	0:00:15.001226
5080	7	7	7	1	0:00:15.014930
5100	3	3	3	1	0:00:15.013847
5120	9	9	8	1	0:00:15.078302
5140	8	8	8	1	0:00:15.035124
5160	0	0	0	1	0:00:14.996909
5180	9	7	4	0	0:00:15.021111
5200	3	3	3	1	0:00:14.997164
5220	0	0	0	1	0:00:15.020900
5240	1	9	9	0	0:00:15.078284
5260	0	0	0	1	0:00:15.025955
5280	0	9	8	0	0:00:15.036038
5300	9	9	2	1	0:00:15.044915
5320	7	7	7	1	0:00:15.036337
5340	3	4	4	0	0:00:15.006035
5360	9	9	3	1	0:00:15.042535
5380	1	9	9	0	0:00:15.041050
5400	9	9	9	1	0:00:15.008770
5420	6	6	6	1	0:00:15.019391
5440	9	9	9	1	0:00:15.027150
5460	0	0	0	1	0:00:15.059462
5480	1	1	4	1	0:00:15.014640
5500	8	8	8	1	0:00:15.024624
5520	4	3	3	0	0:00:15.000982
5540	5	6	3	0	0:00:15.010819
5560	3	5	5	0	0:00:14.991306
5580	5	6	3	0	0:00:15.022917
5600	6	5	4	0	0:00:15.022077
5620	3	6	6	0	0:00:15.047675
5640	2	2	2	1	0:00:15.061103
5660	9	9	8	1	0:00:15.076134
5680	2	3	3	0	0:00:15.044152
5700	3	5	3	0	0:00:15.050979
5720	9	9	9	1	0:00:15.032144
5740	6	6	6	1	0:00:15.048920
5760	2	2	2	1	0:00:15.009415
5780	7	7	7	1	0:00:15.151519
5800	2	4	4	0	0:00:15.031598
5820	5	3	3	0	0:00:15.012756
5840	2	2	2	1	0:00:15.090262
5860	0	1	8	0	0:00:15.036783
5880	0	0	0	1	0:00:15.069390
5900	4	3	0	0	0:00:15.056400
5920	8	8	8	1	0:00:15.072520
5940	7	4	4	0	0:00:15.138785
5960	2	6	6	0	0:00:15.006781
5980	9	9	9	1	0:00:15.012104
6000	8	9	8	0	0:00:15.059897
6020	6	6	6	1	0:00:15.081232
6040	2	7	7	0	0:00:14.985800
6060	3	4	2	0	0:00:15.005111
6080	1	1	9	1	0:00:15.034269
6100	1	1	8	1	0:00:15.026007
6120	5	5	5	1	0:00:14.990364
6140	9	9	9	1	0:00:14.996294
6160	2	5	5	0	0:00:14.993776
6180	0	0	0	1	0:00:15.000053
6200	3	3	3	1	0:00:15.013061
6220	2	5	5	0	0:00:14.982313
6240	2	1	2	0	0:00:14.978386
6260	2	9	6	0	0:00:15.001129
6280	8	5	5	0	0:00:14.980545
6300	1	1	2	1	0:00:15.009501
6320	0	0	0	1	0:00:15.015616
6340	3	3	3	1	0:00:15.147232
6360	2	2	2	1	0:00:15.120827
6380	3	7	3	0	0:00:15.326241
6400	0	1	8	0	0:00:15.284459
6420	7	7	7	1	0:00:15.332458
6440	3	9	4	0	0:00:15.102237
6460	3	3	3	1	0:00:15.032245
6480	0	0	0	1	0:00:14.999099
6500	7	6	6	0	0:00:15.024444
6520	6	2	2	0	0:00:15.049068
6540	8	8	8	1	0:00:15.035362
6560	6	6	2	1	0:00:15.155504
6580	1	1	4	1	0:00:15.341048
6600	7	7	7	1	0:00:15.239249
6620	7	7	7	1	0:00:15.407962
6640	5	3	3	0	0:00:15.352968
6660	0	0	0	1	0:00:15.349269
6680	3	5	3	0	0:00:15.235665
6700	6	0	0	0	0:00:15.303379
6720	2	2	2	1	0:00:15.326890
6740	2	-1	4	0	0:00:15.396425
6760	5	5	5	1	0:00:15.344255
6780	7	7	7	1	0:00:15.301465
6800	6	4	2	0	0:00:15.406080
6820	1	1	1	1	0:00:15.333413
6840	9	9	1	1	0:00:15.391823
6860	0	2	2	0	0:00:15.479384
6880	2	2	2	1	0:00:15.387918
6900	3	5	5	0	0:00:15.325159
6920	5	-1	2	0	0:00:15.278510
6940	1	1	1	1	0:00:15.416919
6960	9	8	8	0	0:00:15.330141
6980	0	1	8	0	0:00:15.255573
7000	2	0	8	0	0:00:15.359575
7020	7	7	7	1	0:00:15.352856
7040	7	1	8	0	0:00:15.356984
7060	8	8	8	1	0:00:15.407601
7080	5	4	4	0	0:00:15.442158
7100	9	5	3	0	0:00:15.299417
7120	7	5	5	0	0:00:15.354089
7140	4	9	4	0	0:00:15.383090
7160	5	5	5	1	0:00:15.288362
7180	6	6	3	1	0:00:15.380071
7200	4	6	2	0	0:00:15.381216
7220	9	9	8	1	0:00:15.325562
7240	0	8	8	0	0:00:15.335009
7260	1	1	8	1	0:00:15.252701
7280	1	9	9	0	0:00:15.378194
7300	3	4	4	0	0:00:15.282743
7320	8	0	8	0	0:00:15.426759
7340	2	4	4	0	0:00:15.310663
7360	2	7	4	0	0:00:15.263236
7380	7	7	7	1	0:00:15.347906
7400	3	3	3	1	0:00:15.262520
7420	3	4	2	0	0:00:15.328354
7440	3	3	3	1	0:00:15.251050
7460	5	5	5	1	0:00:15.379814
7480	1	8	8	0	0:00:15.356604
7500	6	6	6	1	0:00:15.161085
7520	4	4	2	1	0:00:15.396986
7540	5	5	5	1	0:00:15.328536
7560	0	0	0	1	0:00:15.395184
7580	8	8	8	1	0:00:15.398000
7600	8	9	2	0	0:00:15.348884
7620	5	3	3	0	0:00:15.381121
7640	9	8	8	0	0:00:15.351057
7660	7	9	4	0	0:00:15.364845
7680	3	9	3	0	0:00:15.337756
7700	6	6	6	1	0:00:15.439152
7720	5	2	2	0	0:00:15.288201
7740	4	4	2	1	0:00:15.312601
7760	2	9	2	0	0:00:15.393875
7780	3	1	9	0	0:00:15.286728
7800	0	0	0	1	0:00:15.299521
7820	5	5	5	1	0:00:15.300472
7840	1	1	1	1	0:00:15.224473
7860	8	8	8	1	0:00:15.324640
7880	0	4	2	0	0:00:15.280626
7900	0	8	8	0	0:00:15.358280
7920	9	9	2	1	0:00:15.353587
7940	2	6	4	0	0:00:15.299362
7960	0	0	0	1	0:00:15.343444
7980	3	3	3	1	0:00:15.379518
8000	9	9	9	1	0:00:15.263630
8020	6	3	3	0	0:00:15.327971
8040	2	2	2	1	0:00:15.298110
8060	6	6	6	1	0:00:15.313407
8080	4	6	2	0	0:00:15.324390
8100	6	2	2	0	0:00:15.308916
8120	8	9	9	0	0:00:15.317360
8140	5	4	4	0	0:00:15.281081
8160	6	6	6	1	0:00:15.348533
8180	4	4	2	1	0:00:15.355695
8200	3	4	4	0	0:00:15.334083
8220	6	7	3	0	0:00:15.205856
8240	7	7	7	1	0:00:15.311135
8260	1	1	1	1	0:00:15.275152
8280	4	5	5	0	0:00:15.410869
8300	5	2	2	0	0:00:15.359792
8320	7	4	4	0	0:00:15.339189
8340	5	3	3	0	0:00:15.402413
8360	7	7	7	1	0:00:15.360714
8380	9	9	9	1	0:00:15.437230
8400	0	8	8	0	0:00:15.395066
8420	3	6	6	0	0:00:15.313281
8440	5	3	3	0	0:00:15.394464
8460	8	8	8	1	0:00:15.305948
8480	2	2	4	1	0:00:15.307197
8500	4	4	4	1	0:00:15.364164
8520	8	1	8	0	0:00:15.389512
8540	4	2	2	0	0:00:15.314816
8560	7	7	7	1	0:00:15.317890
8580	3	2	5	0	0:00:15.333915
8600	3	3	3	1	0:00:15.319649
8620	3	4	4	0	0:00:15.304217
8640	1	1	8	1	0:00:15.298736
8660	7	7	7	1	0:00:15.339759
8680	3	7	8	0	0:00:15.381387
8700	3	3	3	1	0:00:15.336176
8720	2	0	0	0	0:00:15.294357
8740	2	2	5	1	0:00:15.379569
8760	8	8	8	1	0:00:15.285411
8780	4	4	2	1	0:00:15.420651
8800	0	0	0	1	0:00:15.367132
8820	2	2	2	1	0:00:15.339542
8840	2	7	7	0	0:00:15.410843
8860	2	2	2	1	0:00:15.345022
8880	1	1	1	1	0:00:15.230037
8900	2	4	4	0	0:00:15.278105
8920	6	6	2	1	0:00:15.286455
8940	6	3	3	0	0:00:15.291556
8960	0	0	0	1	0:00:15.352575
8980	9	9	9	1	0:00:15.376230
9000	8	8	8	1	0:00:15.208960
9020	7	7	7	1	0:00:15.307718
9040	2	5	5	0	0:00:15.285300
9060	9	9	3	1	0:00:15.135681
9080	3	3	2	1	0:00:15.327935
9100	9	1	3	0	0:00:15.190904
9120	3	0	3	0	0:00:15.228541
9140	7	6	2	0	0:00:15.237287
9160	5	3	3	0	0:00:15.247228
9180	5	5	5	1	0:00:15.369771
9200	8	8	8	1	0:00:15.260051
9220	8	8	8	1	0:00:15.375541
9240	8	8	8	1	0:00:15.328260
9260	5	5	5	1	0:00:15.256728
9280	9	8	8	0	0:00:15.408214
9300	5	2	2	0	0:00:15.323630
9320	9	9	9	1	0:00:15.225365
9340	1	1	1	1	0:00:15.370101
9360	5	0	5	0	0:00:15.344213
9380	5	3	3	0	0:00:15.272650
9400	6	6	2	1	0:00:15.365537
9420	5	5	5	1	0:00:15.351310
9440	8	8	8	1	0:00:15.306729
9460	3	7	7	0	0:00:15.254641
9480	2	6	2	0	0:00:15.310688
9500	9	9	2	1	0:00:15.262349
9520	1	1	1	1	0:00:15.273483
9540	5	3	3	0	0:00:15.217721
9560	9	7	5	0	0:00:15.313461
9580	1	1	8	1	0:00:15.350247
9600	8	8	8	1	0:00:15.294377
9620	4	4	4	1	0:00:15.272209
9640	5	0	2	0	0:00:15.339822
9660	6	6	6	1	0:00:15.342183
9680	8	8	8	1	0:00:15.152533
9700	0	0	0	1	0:00:15.344796
9720	8	1	8	0	0:00:15.367227
9740	3	6	2	0	0:00:15.338418
9760	9	3	3	0	0:00:15.257291
9780	4	6	2	0	0:00:15.247647
9800	1	1	1	1	0:00:15.428794
9820	0	8	8	0	0:00:15.404140
9840	4	7	5	0	0:00:15.291365
9860	0	5	8	0	0:00:15.263660
9880	7	8	3	0	0:00:15.367076
9900	8	8	8	1	0:00:15.297707
9920	6	6	4	1	0:00:15.229765
9940	4	5	5	0	0:00:15.266399
9960	2	0	0	0	0:00:15.338712
9980	0	0	0	1	0:00:15.327254
