idx	label	predict	basePredict	correct	time
0	3	6	6	0	0:00:01.832971
20	7	9	9	0	0:00:01.485439
40	4	8	8	0	0:00:01.484196
60	7	2	2	0	0:00:01.472628
80	8	8	8	1	0:00:01.463943
100	4	5	5	0	0:00:01.469283
120	8	8	8	1	0:00:01.469891
140	6	2	2	0	0:00:01.621729
160	2	0	0	0	0:00:01.460712
180	0	0	0	1	0:00:01.472404
200	5	3	3	0	0:00:01.466644
220	7	7	7	1	0:00:01.445025
240	1	1	1	1	0:00:01.480465
260	8	5	5	0	0:00:01.475891
280	9	9	9	1	0:00:01.454038
300	6	4	4	0	0:00:01.476028
320	3	4	4	0	0:00:01.445248
340	2	4	4	0	0:00:01.449171
360	9	6	6	0	0:00:01.447862
380	6	6	6	1	0:00:01.490431
400	9	9	9	1	0:00:01.450110
420	4	6	6	0	0:00:01.449577
440	1	1	1	1	0:00:01.503392
460	5	5	5	1	0:00:01.451472
480	8	9	9	0	0:00:01.451512
500	4	6	6	0	0:00:01.479505
520	5	5	5	1	0:00:01.463272
540	1	8	8	0	0:00:01.441360
560	0	0	0	1	0:00:01.465941
580	4	6	6	0	0:00:01.481111
600	8	8	8	1	0:00:01.451989
620	7	6	6	0	0:00:01.483630
640	5	6	6	0	0:00:01.480749
660	9	9	9	1	0:00:01.486485
680	9	9	9	1	0:00:01.471711
700	7	7	7	1	0:00:01.447841
720	4	9	9	0	0:00:01.471457
740	2	5	5	0	0:00:01.457747
760	3	9	9	0	0:00:01.463330
780	9	-1	8	0	0:00:01.431331
800	7	7	7	1	0:00:01.483757
820	6	9	9	0	0:00:01.469776
840	7	7	7	1	0:00:01.460997
860	4	6	6	0	0:00:01.459389
880	8	8	8	1	0:00:01.466919
900	2	6	6	0	0:00:01.448689
920	6	2	2	0	0:00:01.468966
940	9	1	6	0	0:00:01.439198
960	9	9	9	1	0:00:01.478022
980	2	6	6	0	0:00:01.454597
1000	5	5	5	1	0:00:01.370148
1020	1	8	8	0	0:00:01.397171
1040	7	5	5	0	0:00:01.373596
1060	9	9	8	1	0:00:01.367565
1080	6	6	6	1	0:00:01.358479
1100	7	8	8	0	0:00:01.356073
1120	5	2	2	0	0:00:01.367417
1140	6	6	6	1	0:00:01.366331
1160	8	0	0	0	0:00:01.366837
1180	3	9	9	0	0:00:01.394517
1200	8	0	0	0	0:00:01.358855
1220	9	-1	2	0	0:00:01.366084
1240	2	6	6	0	0:00:01.350160
1260	1	9	9	0	0:00:01.363674
1280	3	7	7	0	0:00:01.374214
1300	4	6	6	0	0:00:01.364536
1320	7	0	0	0	0:00:01.369372
1340	1	1	1	1	0:00:01.376509
1360	7	9	5	0	0:00:01.360876
1380	4	5	5	0	0:00:01.363755
1400	5	4	2	0	0:00:01.369097
1420	4	7	7	0	0:00:01.368837
1440	0	8	8	0	0:00:01.367940
1460	6	6	6	1	0:00:01.368251
1480	1	5	5	0	0:00:01.382482
1500	1	9	9	0	0:00:01.368486
1520	7	6	6	0	0:00:01.369112
1540	8	8	8	1	0:00:01.373431
1560	7	7	7	1	0:00:01.370655
1580	6	1	1	0	0:00:01.377614
1600	8	9	6	0	0:00:01.357671
1620	5	8	8	0	0:00:01.367449
1640	7	5	5	0	0:00:01.368390
1660	3	5	5	0	0:00:01.360542
1680	6	6	6	1	0:00:01.354585
1700	5	2	2	0	0:00:01.367322
1720	4	0	0	0	0:00:01.379400
1740	1	9	9	0	0:00:01.380558
1760	0	8	8	0	0:00:01.372721
1780	7	8	8	0	0:00:01.392183
1800	4	8	8	0	0:00:01.357863
1820	8	9	9	0	0:00:01.318048
1840	8	7	7	0	0:00:01.319172
1860	8	8	8	1	0:00:01.329680
1880	1	1	8	1	0:00:01.316826
1900	8	8	8	1	0:00:01.334094
1920	2	7	4	0	0:00:01.359894
1940	5	2	2	0	0:00:01.366721
1960	2	5	5	0	0:00:01.358944
1980	9	9	9	1	0:00:01.360967
2000	1	6	6	0	0:00:01.367335
2020	9	9	9	1	0:00:01.365281
2040	0	8	8	0	0:00:01.368241
2060	5	5	5	1	0:00:01.377075
2080	1	1	6	1	0:00:01.384087
2100	2	4	4	0	0:00:01.381680
2120	4	8	8	0	0:00:01.369995
2140	9	9	1	1	0:00:01.364730
2160	0	8	8	0	0:00:01.372359
2180	4	6	6	0	0:00:01.334189
2200	0	0	0	1	0:00:01.338645
2220	1	1	1	1	0:00:01.356695
2240	9	9	9	1	0:00:01.340457
2260	4	-1	4	0	0:00:01.372134
2280	4	8	8	0	0:00:01.383148
2300	3	6	6	0	0:00:01.380170
2320	5	8	8	0	0:00:01.396227
2340	7	7	7	1	0:00:01.366995
2360	7	7	7	1	0:00:01.350027
2380	8	8	8	1	0:00:01.343464
2400	0	0	0	1	0:00:01.343854
2420	8	5	5	0	0:00:01.369669
2440	7	1	1	0	0:00:01.350441
2460	9	6	6	0	0:00:01.346972
2480	8	8	8	1	0:00:01.369335
2500	4	6	4	0	0:00:01.380164
2520	1	8	8	0	0:00:01.373482
2540	2	3	3	0	0:00:01.416576
2560	7	4	4	0	0:00:01.383373
2580	6	4	4	0	0:00:01.397662
2600	8	8	8	1	0:00:01.378140
2620	1	6	6	0	0:00:01.384317
2640	7	7	7	1	0:00:01.379232
2660	3	0	0	0	0:00:01.389259
2680	0	0	0	1	0:00:01.373051
2700	9	9	0	1	0:00:01.384735
2720	3	8	8	0	0:00:01.379611
2740	1	1	1	1	0:00:01.349846
2760	2	6	6	0	0:00:01.342078
2780	7	7	7	1	0:00:01.334279
2800	4	6	6	0	0:00:01.322254
2820	6	6	6	1	0:00:01.340617
2840	3	3	3	1	0:00:01.353490
2860	5	7	7	0	0:00:01.350573
2880	4	4	4	1	0:00:01.375097
2900	3	5	5	0	0:00:01.320338
2920	2	-1	8	0	0:00:01.328043
2940	3	8	8	0	0:00:01.340887
2960	9	7	7	0	0:00:01.354352
2980	8	1	1	0	0:00:01.362356
3000	5	5	5	1	0:00:01.369794
3020	1	1	1	1	0:00:01.377681
3040	7	7	7	1	0:00:01.389868
3060	7	7	7	1	0:00:01.327600
3080	1	2	2	0	0:00:01.352799
3100	0	0	0	1	0:00:01.377165
3120	4	6	6	0	0:00:01.364772
3140	8	8	8	1	0:00:01.364736
3160	6	4	4	0	0:00:01.363188
3180	3	9	8	0	0:00:01.370706
3200	5	7	7	0	0:00:01.386354
3220	3	9	9	0	0:00:01.372177
3240	4	1	8	0	0:00:01.354148
3260	7	0	0	0	0:00:01.340125
3280	3	0	0	0	0:00:01.367018
3300	4	4	4	1	0:00:01.364254
3320	2	7	7	0	0:00:01.370527
3340	6	4	4	0	0:00:01.355769
3360	4	6	6	0	0:00:01.396059
3380	8	9	8	0	0:00:01.385892
3400	6	4	4	0	0:00:01.379697
3420	5	6	6	0	0:00:01.375505
3440	2	9	9	0	0:00:01.379827
3460	1	1	1	1	0:00:01.372775
3480	2	2	2	1	0:00:01.383311
3500	1	1	4	1	0:00:01.392140
3520	1	1	1	1	0:00:01.390998
3540	6	8	8	0	0:00:01.388588
3560	1	9	9	0	0:00:01.387439
3580	4	1	1	0	0:00:01.384232
3600	4	2	2	0	0:00:01.359032
3620	0	7	7	0	0:00:01.376315
3640	6	2	2	0	0:00:01.381583
3660	0	8	8	0	0:00:01.364551
3680	0	-1	2	0	0:00:01.364643
3700	3	-1	4	0	0:00:01.360671
3720	2	2	2	1	0:00:01.393348
3740	0	0	0	1	0:00:01.365281
3760	7	7	7	1	0:00:01.378257
3780	4	2	2	0	0:00:01.372388
3800	9	9	3	1	0:00:01.365389
3820	0	0	0	1	0:00:01.402866
3840	6	8	8	0	0:00:01.365729
3860	7	7	7	1	0:00:01.377878
3880	6	4	4	0	0:00:01.351607
3900	3	0	0	0	0:00:01.352532
3920	7	8	8	0	0:00:01.369738
3940	6	6	6	1	0:00:01.369975
3960	2	5	5	0	0:00:01.359215
3980	9	7	7	0	0:00:01.394455
4000	8	7	7	0	0:00:01.369278
4020	8	9	8	0	0:00:01.374907
4040	0	0	0	1	0:00:01.357455
4060	6	0	0	0	0:00:01.373565
4080	1	8	8	0	0:00:01.346372
4100	7	7	7	1	0:00:01.367625
4120	4	0	0	0	0:00:01.372370
4140	5	2	2	0	0:00:01.391302
4160	5	2	2	0	0:00:01.375206
4180	0	-1	8	0	0:00:01.389302
4200	4	2	2	0	0:00:01.396179
4220	4	0	0	0	0:00:01.367369
4240	7	8	8	0	0:00:01.373616
4260	8	8	8	1	0:00:01.376472
4280	8	8	8	1	0:00:01.387093
4300	8	8	8	1	0:00:01.364144
4320	1	8	8	0	0:00:01.366943
4340	0	0	0	1	0:00:01.388826
4360	6	9	9	0	0:00:01.375289
4380	9	9	9	1	0:00:01.376843
4400	3	8	8	0	0:00:01.374182
4420	5	8	8	0	0:00:01.375654
4440	2	6	6	0	0:00:01.406363
4460	9	8	8	0	0:00:01.355054
4480	9	6	6	0	0:00:01.353944
4500	3	7	7	0	0:00:01.366710
4520	3	6	6	0	0:00:01.369714
4540	9	9	9	1	0:00:01.383204
4560	1	1	6	1	0:00:01.362422
4580	6	6	6	1	0:00:01.360472
4600	4	7	7	0	0:00:01.401188
4620	7	3	3	0	0:00:01.365884
4640	2	5	5	0	0:00:01.364099
4660	7	2	2	0	0:00:01.364518
4680	9	1	1	0	0:00:01.357082
4700	6	1	1	0	0:00:01.331056
4720	8	0	0	0	0:00:01.356031
4740	5	6	6	0	0:00:01.367288
4760	3	2	2	0	0:00:01.384483
4780	0	8	0	0	0:00:01.373377
4800	9	9	9	1	0:00:01.376313
4820	3	5	5	0	0:00:01.380700
4840	0	0	0	1	0:00:01.364562
4860	5	5	5	1	0:00:01.354768
4880	0	2	2	0	0:00:01.363240
4900	3	1	1	0	0:00:01.379962
4920	7	0	0	0	0:00:01.365726
4940	6	4	2	0	0:00:01.361825
4960	4	6	6	0	0:00:01.363764
4980	1	9	9	0	0:00:01.376493
5000	7	7	7	1	0:00:01.379868
5020	8	1	8	0	0:00:01.381893
5040	3	7	7	0	0:00:01.371087
5060	6	6	6	1	0:00:01.394839
5080	7	7	7	1	0:00:01.382775
5100	3	4	4	0	0:00:01.357962
5120	9	8	8	0	0:00:01.369797
5140	8	8	8	1	0:00:01.378886
5160	0	8	8	0	0:00:01.364034
5180	9	6	6	0	0:00:01.380793
5200	3	3	3	1	0:00:01.352216
5220	0	0	0	1	0:00:01.398556
5240	1	9	3	0	0:00:01.352007
5260	0	0	0	1	0:00:01.351389
5280	0	8	8	0	0:00:01.350413
5300	9	1	1	0	0:00:01.382930
5320	7	7	7	1	0:00:01.369753
5340	3	4	4	0	0:00:01.373647
5360	9	9	9	1	0:00:01.343294
5380	1	9	9	0	0:00:01.392441
5400	9	0	8	0	0:00:01.357807
5420	6	-1	6	0	0:00:01.357312
5440	9	9	9	1	0:00:01.349175
5460	0	7	7	0	0:00:01.361766
5480	1	8	8	0	0:00:01.350957
5500	8	1	1	0	0:00:01.390016
5520	4	5	5	0	0:00:01.356359
5540	5	6	2	0	0:00:01.369381
5560	3	6	6	0	0:00:01.351009
5580	5	6	6	0	0:00:01.353821
5600	6	8	8	0	0:00:01.387058
5620	3	2	2	0	0:00:01.355365
5640	2	3	3	0	0:00:01.352278
5660	9	9	9	1	0:00:01.377524
5680	2	8	8	0	0:00:01.372285
5700	3	6	6	0	0:00:01.357323
5720	9	9	9	1	0:00:01.352422
5740	6	6	6	1	0:00:01.378060
5760	2	2	2	1	0:00:01.382638
5780	7	7	7	1	0:00:01.382658
5800	2	6	6	0	0:00:01.371047
5820	5	6	6	0	0:00:01.366090
5840	2	6	6	0	0:00:01.395289
5860	0	8	8	0	0:00:01.370895
5880	0	8	0	0	0:00:01.385348
5900	4	5	5	0	0:00:01.369279
5920	8	8	8	1	0:00:01.361019
5940	7	4	4	0	0:00:01.357897
5960	2	7	7	0	0:00:01.364572
5980	9	9	9	1	0:00:01.317267
6000	8	9	9	0	0:00:01.378150
6020	6	7	6	0	0:00:01.386455
6040	2	7	7	0	0:00:01.373427
6060	3	4	4	0	0:00:01.372546
6080	1	9	6	0	0:00:01.363589
6100	1	1	8	1	0:00:01.374743
6120	5	5	5	1	0:00:01.375144
6140	9	9	9	1	0:00:01.366073
6160	2	5	5	0	0:00:01.369782
6180	0	9	8	0	0:00:01.332140
6200	3	-1	0	0	0:00:01.328867
6220	2	6	6	0	0:00:01.342741
6240	2	1	6	0	0:00:01.354429
6260	2	9	9	0	0:00:01.383046
6280	8	5	5	0	0:00:01.377576
6300	1	7	7	0	0:00:01.391138
6320	0	0	0	1	0:00:01.376418
6340	3	8	8	0	0:00:01.365793
6360	2	6	2	0	0:00:01.319197
6380	3	1	6	0	0:00:01.327749
6400	0	1	1	0	0:00:01.353463
6420	7	-1	8	0	0:00:01.357978
6440	3	8	8	0	0:00:01.363554
6460	3	1	1	0	0:00:01.376896
6480	0	5	0	0	0:00:01.364211
6500	7	0	0	0	0:00:01.369121
6520	6	4	4	0	0:00:01.374908
6540	8	8	8	1	0:00:01.376142
6560	6	6	6	1	0:00:01.373682
6580	1	9	2	0	0:00:01.379380
6600	7	7	7	1	0:00:01.376379
6620	7	7	7	1	0:00:01.393947
6640	5	8	8	0	0:00:01.377761
6660	0	8	8	0	0:00:01.371500
6680	3	5	5	0	0:00:01.369736
6700	6	6	6	1	0:00:01.369342
6720	2	2	2	1	0:00:01.375252
6740	2	6	6	0	0:00:01.381099
6760	5	2	2	0	0:00:01.374182
6780	7	7	7	1	0:00:01.373813
6800	6	6	6	1	0:00:01.367117
6820	1	1	1	1	0:00:01.378550
6840	9	1	1	0	0:00:01.385926
6860	0	0	0	1	0:00:01.381455
6880	2	-1	4	0	0:00:01.374844
6900	3	7	7	0	0:00:01.385642
6920	5	2	2	0	0:00:01.406820
6940	1	1	1	1	0:00:01.365111
6960	9	8	8	0	0:00:01.363709
6980	0	9	9	0	0:00:01.361314
7000	2	8	8	0	0:00:01.355181
7020	7	1	1	0	0:00:01.364107
7040	7	8	8	0	0:00:01.392545
7060	8	8	8	1	0:00:01.368469
7080	5	4	4	0	0:00:01.384779
7100	9	3	3	0	0:00:01.324296
7120	7	7	6	1	0:00:01.331440
7140	4	4	4	1	0:00:01.354464
7160	5	4	4	0	0:00:01.352229
7180	6	6	6	1	0:00:01.349617
7200	4	6	6	0	0:00:01.361504
7220	9	8	8	0	0:00:01.362908
7240	0	8	8	0	0:00:01.390687
7260	1	8	8	0	0:00:01.367335
7280	1	6	6	0	0:00:01.396090
7300	3	7	7	0	0:00:01.383154
7320	8	0	0	0	0:00:01.377638
7340	2	4	4	0	0:00:01.374850
7360	2	7	7	0	0:00:01.377512
7380	7	-1	7	0	0:00:01.374770
7400	3	9	9	0	0:00:01.388266
7420	3	0	0	0	0:00:01.384478
7440	3	6	6	0	0:00:01.379611
7460	5	5	5	1	0:00:01.368047
7480	1	5	5	0	0:00:01.358845
7500	6	6	6	1	0:00:01.359571
7520	4	6	6	0	0:00:01.364666
7540	5	5	5	1	0:00:01.373427
7560	0	6	2	0	0:00:01.362067
7580	8	8	8	1	0:00:01.342912
7600	8	9	9	0	0:00:01.354467
7620	5	1	1	0	0:00:01.358433
7640	9	9	8	1	0:00:01.354311
7660	7	9	9	0	0:00:01.356558
7680	3	9	9	0	0:00:01.341861
7700	6	6	6	1	0:00:01.355212
7720	5	6	6	0	0:00:01.323541
7740	4	6	2	0	0:00:01.320230
7760	2	9	9	0	0:00:01.343563
7780	3	8	8	0	0:00:01.334323
7800	0	0	0	1	0:00:01.354984
7820	5	8	8	0	0:00:01.359915
7840	1	1	1	1	0:00:01.358327
7860	8	4	4	0	0:00:01.391675
7880	0	8	8	0	0:00:01.356123
7900	0	8	8	0	0:00:01.356009
7920	9	8	8	0	0:00:01.381358
7940	2	6	6	0	0:00:01.350659
7960	0	0	0	1	0:00:01.374546
7980	3	7	4	0	0:00:01.350227
8000	9	9	9	1	0:00:01.351847
8020	6	6	6	1	0:00:01.385466
8040	2	6	6	0	0:00:01.352705
8060	6	6	6	1	0:00:01.354461
8080	4	6	6	0	0:00:01.366231
8100	6	2	2	0	0:00:01.371327
8120	8	9	9	0	0:00:01.376253
8140	5	6	6	0	0:00:01.363518
8160	6	9	9	0	0:00:01.384928
8180	4	6	6	0	0:00:01.372653
8200	3	6	6	0	0:00:01.358603
8220	6	-1	6	0	0:00:01.365674
8240	7	7	7	1	0:00:01.387905
8260	1	1	1	1	0:00:01.382213
8280	4	1	1	0	0:00:01.365566
8300	5	2	2	0	0:00:01.364861
8320	7	4	4	0	0:00:01.359525
8340	5	4	4	0	0:00:01.375871
8360	7	4	4	0	0:00:01.355705
8380	9	8	8	0	0:00:01.356763
8400	0	8	8	0	0:00:01.364966
8420	3	6	4	0	0:00:01.352130
8440	5	9	9	0	0:00:01.350913
8460	8	8	8	1	0:00:01.348942
8480	2	1	1	0	0:00:01.372565
8500	4	2	2	0	0:00:01.362943
8520	8	6	6	0	0:00:01.368901
8540	4	6	4	0	0:00:01.377665
8560	7	7	7	1	0:00:01.375371
8580	3	0	0	0	0:00:01.360333
8600	3	7	7	0	0:00:01.368286
8620	3	1	4	0	0:00:01.362191
8640	1	1	1	1	0:00:01.388618
8660	7	5	5	0	0:00:01.358309
8680	3	9	9	0	0:00:01.350250
8700	3	5	5	0	0:00:01.364643
8720	2	0	0	0	0:00:01.369688
8740	2	6	6	0	0:00:01.362166
8760	8	8	8	1	0:00:01.351534
8780	4	4	4	1	0:00:01.485589
8800	0	0	0	1	0:00:01.393701
8820	2	2	2	1	0:00:01.353021
8840	2	1	1	0	0:00:01.347544
8860	2	0	0	0	0:00:01.344012
8880	1	6	6	0	0:00:01.365980
8900	2	1	6	0	0:00:01.334278
8920	6	6	6	1	0:00:01.330339
8940	6	3	3	0	0:00:01.342227
8960	0	0	0	1	0:00:01.370266
8980	9	9	9	1	0:00:01.356407
9000	8	8	8	1	0:00:01.323432
9020	7	9	9	0	0:00:01.337331
9040	2	5	5	0	0:00:01.347496
9060	9	5	5	0	0:00:01.325257
9080	3	0	0	0	0:00:01.368407
9100	9	6	6	0	0:00:01.331041
9120	3	0	0	0	0:00:01.369574
9140	7	8	8	0	0:00:01.353530
9160	5	5	5	1	0:00:01.333218
9180	5	5	5	1	0:00:01.322730
9200	8	8	8	1	0:00:01.341317
9220	8	8	8	1	0:00:01.367223
9240	8	8	8	1	0:00:01.354692
9260	5	5	5	1	0:00:01.372888
9280	9	0	8	0	0:00:01.348968
9300	5	5	6	1	0:00:01.339843
9320	9	9	8	1	0:00:01.337841
9340	1	1	1	1	0:00:01.343363
9360	5	6	6	0	0:00:01.331795
9380	5	5	5	1	0:00:01.356083
9400	6	6	4	1	0:00:01.348582
9420	5	6	6	0	0:00:01.367162
9440	8	8	8	1	0:00:01.352418
9460	3	-1	7	0	0:00:01.356713
9480	2	-1	6	0	0:00:01.372223
9500	9	1	6	0	0:00:01.360231
9520	1	9	9	0	0:00:01.338212
9540	5	-1	4	0	0:00:01.328612
9560	9	7	7	0	0:00:01.360806
9580	1	4	4	0	0:00:01.351614
9600	8	8	8	1	0:00:01.356242
9620	4	7	7	0	0:00:01.369722
9640	5	6	6	0	0:00:01.341920
9660	6	6	6	1	0:00:01.390855
9680	8	9	9	0	0:00:01.359383
9700	0	0	0	1	0:00:01.411431
9720	8	6	6	0	0:00:01.386858
9740	3	6	6	0	0:00:01.391812
9760	9	9	9	1	0:00:01.397715
9780	4	6	6	0	0:00:01.373187
9800	1	1	1	1	0:00:01.346341
9820	0	9	8	0	0:00:01.374383
9840	4	3	3	0	0:00:01.350739
9860	0	2	2	0	0:00:01.376859
9880	7	7	4	1	0:00:01.382560
9900	8	0	0	0	0:00:01.402488
9920	6	6	6	1	0:00:01.374876
9940	4	7	7	0	0:00:01.344057
9960	2	0	0	0	0:00:01.350323
9980	0	0	0	1	0:00:01.383133
