idx	label	predict	basePredict	correct	time
0	3	-1	2	0	0:00:01.449426
20	7	-1	7	0	0:00:01.246842
40	4	8	8	0	0:00:01.277767
60	7	7	4	1	0:00:01.271464
80	8	8	8	1	0:00:01.278378
100	4	3	4	0	0:00:01.269010
120	8	8	8	1	0:00:01.267349
140	6	-1	2	0	0:00:01.283396
160	2	0	2	0	0:00:01.288148
180	0	0	8	1	0:00:01.261850
200	5	3	3	0	0:00:01.298599
220	7	7	7	1	0:00:01.218364
240	1	1	8	1	0:00:01.238473
260	8	3	3	0	0:00:01.253536
280	9	9	9	1	0:00:01.288546
300	6	-1	4	0	0:00:01.317787
320	3	-1	2	0	0:00:01.266825
340	2	4	4	0	0:00:01.277103
360	9	7	6	0	0:00:01.273739
380	6	-1	4	0	0:00:01.232564
400	9	9	9	1	0:00:01.201998
420	4	-1	6	0	0:00:01.198299
440	1	1	9	1	0:00:01.237803
460	5	5	3	1	0:00:01.265062
480	8	9	8	0	0:00:01.264006
500	4	6	4	0	0:00:01.277425
520	5	7	5	0	0:00:01.268545
540	1	-1	8	0	0:00:01.254308
560	0	0	8	1	0:00:01.269822
580	4	4	4	1	0:00:01.277588
600	8	8	8	1	0:00:01.262731
620	7	-1	4	0	0:00:01.260287
640	5	3	3	0	0:00:01.276585
660	9	9	9	1	0:00:01.228969
680	9	-1	4	0	0:00:01.317644
700	7	7	4	1	0:00:01.266102
720	4	9	7	0	0:00:01.269989
740	2	5	3	0	0:00:01.270619
760	3	9	9	0	0:00:01.258069
780	9	-1	0	0	0:00:01.255924
800	7	7	7	1	0:00:01.215422
820	6	-1	8	0	0:00:01.230756
840	7	7	7	1	0:00:01.253588
860	4	4	4	1	0:00:01.250713
880	8	8	8	1	0:00:01.219316
900	2	6	4	0	0:00:01.251432
920	6	6	2	1	0:00:01.236650
940	9	9	9	1	0:00:01.240200
960	9	9	4	1	0:00:01.217458
980	2	6	6	0	0:00:01.233316
1000	5	5	5	1	0:00:01.107927
1020	1	1	8	1	0:00:01.182698
1040	7	5	5	0	0:00:01.119770
1060	9	9	8	1	0:00:01.103269
1080	6	6	6	1	0:00:01.114168
1100	7	8	8	0	0:00:01.102257
1120	5	2	2	0	0:00:01.119795
1140	6	-1	4	0	0:00:01.169473
1160	8	0	0	0	0:00:01.164147
1180	3	3	8	1	0:00:01.170956
1200	8	0	0	0	0:00:01.177158
1220	9	6	6	0	0:00:01.190408
1240	2	6	6	0	0:00:01.151036
1260	1	9	9	0	0:00:01.148539
1280	3	7	7	0	0:00:01.168650
1300	4	3	3	0	0:00:01.147695
1320	7	2	2	0	0:00:01.137143
1340	1	1	1	1	0:00:01.155807
1360	7	7	4	1	0:00:01.166108
1380	4	5	5	0	0:00:01.158822
1400	5	-1	2	0	0:00:01.205863
1420	4	7	7	0	0:00:01.172092
1440	0	8	8	0	0:00:01.179589
1460	6	6	4	1	0:00:01.155959
1480	1	-1	5	0	0:00:01.165151
1500	1	-1	8	0	0:00:01.168783
1520	7	7	4	1	0:00:01.162004
1540	8	8	8	1	0:00:01.167648
1560	7	7	7	1	0:00:01.166748
1580	6	1	1	0	0:00:01.196792
1600	8	1	6	0	0:00:01.205015
1620	5	8	8	0	0:00:01.168397
1640	7	5	3	0	0:00:01.178089
1660	3	3	3	1	0:00:01.162462
1680	6	6	6	1	0:00:01.169736
1700	5	2	2	0	0:00:01.171012
1720	4	2	2	0	0:00:01.169838
1740	1	9	9	0	0:00:01.176054
1760	0	8	8	0	0:00:01.190261
1780	7	-1	8	0	0:00:01.183684
1800	4	8	8	0	0:00:01.179934
1820	8	-1	8	0	0:00:01.176392
1840	8	9	4	0	0:00:01.149947
1860	8	8	8	1	0:00:01.177016
1880	1	1	8	1	0:00:01.166148
1900	8	8	8	1	0:00:01.202114
1920	2	-1	2	0	0:00:01.183276
1940	5	3	3	0	0:00:01.159892
1960	2	5	5	0	0:00:01.194053
1980	9	9	4	1	0:00:01.180911
2000	1	6	4	0	0:00:01.176029
2020	9	9	9	1	0:00:01.203704
2040	0	8	8	0	0:00:01.163500
2060	5	5	3	1	0:00:01.199255
2080	1	-1	4	0	0:00:01.170348
2100	2	4	4	0	0:00:01.186148
2120	4	8	8	0	0:00:01.187767
2140	9	9	1	1	0:00:01.231455
2160	0	8	8	0	0:00:01.191618
2180	4	4	4	1	0:00:01.177390
2200	0	2	2	0	0:00:01.150180
2220	1	1	4	1	0:00:01.148608
2240	9	9	8	1	0:00:01.186474
2260	4	7	4	0	0:00:01.169649
2280	4	-1	8	0	0:00:01.185329
2300	3	-1	4	0	0:00:01.172261
2320	5	2	8	0	0:00:01.191468
2340	7	7	7	1	0:00:01.155354
2360	7	-1	3	0	0:00:01.185335
2380	8	-1	8	0	0:00:01.161202
2400	0	0	0	1	0:00:01.159997
2420	8	1	5	0	0:00:01.187205
2440	7	7	7	1	0:00:01.177723
2460	9	3	3	0	0:00:01.157802
2480	8	8	8	1	0:00:01.206460
2500	4	2	2	0	0:00:01.233657
2520	1	9	8	0	0:00:01.171897
2540	2	3	3	0	0:00:01.169389
2560	7	7	4	1	0:00:01.175756
2580	6	4	4	0	0:00:01.194941
2600	8	8	8	1	0:00:01.213046
2620	1	-1	4	0	0:00:01.195002
2640	7	7	6	1	0:00:01.197872
2660	3	4	2	0	0:00:01.197434
2680	0	0	0	1	0:00:01.212667
2700	9	-1	8	0	0:00:01.176790
2720	3	2	2	0	0:00:01.175458
2740	1	1	1	1	0:00:01.167530
2760	2	2	4	1	0:00:01.182546
2780	7	7	7	1	0:00:01.165217
2800	4	6	4	0	0:00:01.167978
2820	6	6	6	1	0:00:01.163056
2840	3	3	3	1	0:00:01.186533
2860	5	6	6	0	0:00:01.197031
2880	4	4	4	1	0:00:01.197208
2900	3	2	2	0	0:00:01.187245
2920	2	5	8	0	0:00:01.181087
2940	3	0	0	0	0:00:01.184013
2960	9	9	8	1	0:00:01.169511
2980	8	-1	8	0	0:00:01.194501
3000	5	5	5	1	0:00:01.190070
3020	1	1	8	1	0:00:01.211768
3040	7	7	7	1	0:00:01.188007
3060	7	7	7	1	0:00:01.188952
3080	1	7	4	0	0:00:01.202297
3100	0	0	0	1	0:00:01.151152
3120	4	6	2	0	0:00:01.180944
3140	8	8	8	1	0:00:01.194312
3160	6	4	4	0	0:00:01.178694
3180	3	-1	8	0	0:00:01.174333
3200	5	7	7	0	0:00:01.201675
3220	3	-1	3	0	0:00:01.187758
3240	4	1	8	0	0:00:01.175483
3260	7	0	0	0	0:00:01.163646
3280	3	5	0	0	0:00:01.182246
3300	4	6	4	0	0:00:01.157170
3320	2	7	7	0	0:00:01.158421
3340	6	6	4	1	0:00:01.146349
3360	4	6	4	0	0:00:01.178688
3380	8	-1	8	0	0:00:01.183629
3400	6	4	4	0	0:00:01.167171
3420	5	-1	4	0	0:00:01.197290
3440	2	9	3	0	0:00:01.172955
3460	1	1	4	1	0:00:01.173049
3480	2	2	2	1	0:00:01.170804
3500	1	1	4	1	0:00:01.188231
3520	1	1	1	1	0:00:01.180281
3540	6	6	4	1	0:00:01.183640
3560	1	9	7	0	0:00:01.171766
3580	4	1	4	0	0:00:01.190444
3600	4	2	2	0	0:00:01.191035
3620	0	6	6	0	0:00:01.207939
3640	6	2	2	0	0:00:01.190456
3660	0	8	8	0	0:00:01.175236
3680	0	2	2	0	0:00:01.154361
3700	3	5	5	0	0:00:01.154033
3720	2	2	2	1	0:00:01.212867
3740	0	0	0	1	0:00:01.199876
3760	7	7	7	1	0:00:01.163021
3780	4	-1	2	0	0:00:01.190243
3800	9	-1	3	0	0:00:01.160717
3820	0	-1	0	0	0:00:01.189864
3840	6	3	3	0	0:00:01.144790
3860	7	7	7	1	0:00:01.191886
3880	6	4	4	0	0:00:01.175305
3900	3	1	6	0	0:00:01.175064
3920	7	9	8	0	0:00:01.172596
3940	6	7	4	0	0:00:01.161270
3960	2	-1	5	0	0:00:01.182837
3980	9	7	7	0	0:00:01.196259
4000	8	7	0	0	0:00:01.172131
4020	8	1	8	0	0:00:01.149154
4040	0	0	0	1	0:00:01.187077
4060	6	3	3	0	0:00:01.180910
4080	1	8	8	0	0:00:01.146975
4100	7	7	7	1	0:00:01.187863
4120	4	0	0	0	0:00:01.178534
4140	5	3	3	0	0:00:01.145965
4160	5	2	2	0	0:00:01.205522
4180	0	8	8	0	0:00:01.196443
4200	4	2	2	0	0:00:01.162435
4220	4	0	0	0	0:00:01.162724
4240	7	0	0	0	0:00:01.195050
4260	8	-1	8	0	0:00:01.183498
4280	8	-1	8	0	0:00:01.145683
4300	8	8	8	1	0:00:01.154998
4320	1	8	8	0	0:00:01.161893
4340	0	0	8	1	0:00:01.191476
4360	6	9	6	0	0:00:01.172891
4380	9	9	8	1	0:00:01.162190
4400	3	4	4	0	0:00:01.176505
4420	5	8	8	0	0:00:01.190169
4440	2	-1	2	0	0:00:01.141721
4460	9	1	8	0	0:00:01.116330
4480	9	9	6	1	0:00:01.115703
4500	3	3	6	1	0:00:01.120223
4520	3	6	6	0	0:00:01.188737
4540	9	9	9	1	0:00:01.181362
4560	1	1	4	1	0:00:01.180909
4580	6	4	4	0	0:00:01.189765
4600	4	7	4	0	0:00:01.177622
4620	7	3	3	0	0:00:01.184632
4640	2	3	4	0	0:00:01.182149
4660	7	4	2	0	0:00:01.177570
4680	9	1	1	0	0:00:01.180650
4700	6	1	4	0	0:00:01.180029
4720	8	0	0	0	0:00:01.148153
4740	5	3	4	0	0:00:01.127757
4760	3	3	4	1	0:00:01.128391
4780	0	0	8	1	0:00:01.118232
4800	9	9	9	1	0:00:01.126477
4820	3	5	5	0	0:00:01.120560
4840	0	0	0	1	0:00:01.127254
4860	5	-1	5	0	0:00:01.130621
4880	0	2	2	0	0:00:01.160283
4900	3	6	6	0	0:00:01.167767
4920	7	7	7	1	0:00:01.180446
4940	6	4	4	0	0:00:01.165425
4960	4	3	3	0	0:00:01.121253
4980	1	9	9	0	0:00:01.096589
5000	7	7	7	1	0:00:01.110616
5020	8	1	8	0	0:00:01.105223
5040	3	3	4	1	0:00:01.098523
5060	6	-1	4	0	0:00:01.112208
5080	7	7	7	1	0:00:01.106573
5100	3	3	3	1	0:00:01.140775
5120	9	9	8	1	0:00:01.116273
5140	8	8	8	1	0:00:01.103144
5160	0	8	8	0	0:00:01.115040
5180	9	-1	4	0	0:00:01.099541
5200	3	3	3	1	0:00:01.103439
5220	0	0	0	1	0:00:01.105031
5240	1	9	2	0	0:00:01.110932
5260	0	0	0	1	0:00:01.179514
5280	0	8	8	0	0:00:01.182832
5300	9	9	9	1	0:00:01.142024
5320	7	7	7	1	0:00:01.114285
5340	3	4	4	0	0:00:01.107757
5360	9	9	9	1	0:00:01.114048
5380	1	9	9	0	0:00:01.120491
5400	9	-1	8	0	0:00:01.115530
5420	6	6	6	1	0:00:01.114951
5440	9	9	9	1	0:00:01.130784
5460	0	7	7	0	0:00:01.114072
5480	1	1	8	1	0:00:01.154002
5500	8	1	8	0	0:00:01.124441
5520	4	-1	3	0	0:00:01.121401
5540	5	6	2	0	0:00:01.118029
5560	3	-1	5	0	0:00:01.114110
5580	5	6	6	0	0:00:01.112831
5600	6	-1	0	0	0:00:01.107149
5620	3	2	2	0	0:00:01.108720
5640	2	5	3	0	0:00:01.101186
5660	9	9	8	1	0:00:01.103060
5680	2	1	8	0	0:00:01.173585
5700	3	5	6	0	0:00:01.126961
5720	9	9	9	1	0:00:01.151347
5740	6	4	4	0	0:00:01.132824
5760	2	2	2	1	0:00:01.128788
5780	7	7	4	1	0:00:01.130815
5800	2	4	4	0	0:00:01.127360
5820	5	6	6	0	0:00:01.128170
5840	2	-1	6	0	0:00:01.131508
5860	0	8	8	0	0:00:01.152712
5880	0	8	0	0	0:00:01.165464
5900	4	3	4	0	0:00:01.173735
5920	8	8	8	1	0:00:01.130686
5940	7	4	4	0	0:00:01.131616
5960	2	-1	4	0	0:00:01.150473
5980	9	9	8	1	0:00:01.156338
6000	8	9	8	0	0:00:01.176969
6020	6	-1	6	0	0:00:01.212573
6040	2	7	7	0	0:00:01.194623
6060	3	4	4	0	0:00:01.202275
6080	1	9	6	0	0:00:01.185633
6100	1	1	8	1	0:00:01.190320
6120	5	5	5	1	0:00:01.191150
6140	9	9	7	1	0:00:01.197626
6160	2	5	5	0	0:00:01.160390
6180	0	9	8	0	0:00:01.153664
6200	3	9	3	0	0:00:01.129811
6220	2	6	6	0	0:00:01.138103
6240	2	-1	4	0	0:00:01.199255
6260	2	9	4	0	0:00:01.168636
6280	8	5	4	0	0:00:01.181502
6300	1	7	4	0	0:00:01.167298
6320	0	0	0	1	0:00:01.174493
6340	3	3	3	1	0:00:01.162043
6360	2	6	2	0	0:00:01.171357
6380	3	6	6	0	0:00:01.163442
6400	0	1	8	0	0:00:01.175134
6420	7	-1	8	0	0:00:01.183659
6440	3	9	8	0	0:00:01.153224
6460	3	1	4	0	0:00:01.149504
6480	0	0	0	1	0:00:01.149069
6500	7	0	8	0	0:00:01.157704
6520	6	4	4	0	0:00:01.155799
6540	8	8	8	1	0:00:01.173711
6560	6	6	4	1	0:00:01.176227
6580	1	2	2	0	0:00:01.183316
6600	7	7	7	1	0:00:01.210048
6620	7	7	7	1	0:00:01.160977
6640	5	3	8	0	0:00:01.128000
6660	0	0	8	1	0:00:01.149790
6680	3	5	5	0	0:00:01.150096
6700	6	6	4	1	0:00:01.121031
6720	2	-1	2	0	0:00:01.156066
6740	2	-1	4	0	0:00:01.201833
6760	5	3	6	0	0:00:01.148117
6780	7	7	7	1	0:00:01.149989
6800	6	2	4	0	0:00:01.156384
6820	1	1	1	1	0:00:01.228919
6840	9	9	9	1	0:00:01.149424
6860	0	0	2	1	0:00:01.139901
6880	2	7	6	0	0:00:01.155462
6900	3	7	4	0	0:00:01.203972
6920	5	2	2	0	0:00:01.175276
6940	1	1	1	1	0:00:01.203252
6960	9	8	8	0	0:00:01.190922
6980	0	9	8	0	0:00:01.196437
7000	2	8	8	0	0:00:01.182162
7020	7	7	7	1	0:00:01.174238
7040	7	8	8	0	0:00:01.171358
7060	8	-1	8	0	0:00:01.190376
7080	5	4	4	0	0:00:01.185855
7100	9	3	3	0	0:00:01.159491
7120	7	-1	6	0	0:00:01.161914
7140	4	-1	4	0	0:00:01.173555
7160	5	-1	4	0	0:00:01.189182
7180	6	6	6	1	0:00:01.200485
7200	4	6	2	0	0:00:01.200623
7220	9	9	8	1	0:00:01.176773
7240	0	8	8	0	0:00:01.194169
7260	1	-1	8	0	0:00:01.189677
7280	1	-1	6	0	0:00:01.168384
7300	3	7	4	0	0:00:01.203168
7320	8	0	8	0	0:00:01.201472
7340	2	4	4	0	0:00:01.229413
7360	2	-1	4	0	0:00:01.189151
7380	7	7	7	1	0:00:01.165303
7400	3	3	3	1	0:00:01.190484
7420	3	0	2	0	0:00:01.192646
7440	3	3	2	1	0:00:01.161392
7460	5	5	5	1	0:00:01.162858
7480	1	8	8	0	0:00:01.199775
7500	6	6	6	1	0:00:01.179653
7520	4	-1	4	0	0:00:01.202746
7540	5	5	5	1	0:00:01.159514
7560	0	6	2	0	0:00:01.160315
7580	8	8	8	1	0:00:01.173581
7600	8	9	8	0	0:00:01.169759
7620	5	9	3	0	0:00:01.164263
7640	9	9	8	1	0:00:01.198108
7660	7	-1	4	0	0:00:01.155358
7680	3	9	3	0	0:00:01.161094
7700	6	6	6	1	0:00:01.171426
7720	5	5	2	1	0:00:01.195286
7740	4	6	2	0	0:00:01.188182
7760	2	-1	6	0	0:00:01.183422
7780	3	1	8	0	0:00:01.184783
7800	0	0	0	1	0:00:01.200297
7820	5	8	8	0	0:00:01.175568
7840	1	1	1	1	0:00:01.187221
7860	8	-1	4	0	0:00:01.176643
7880	0	0	0	1	0:00:01.157354
7900	0	8	8	0	0:00:01.216581
7920	9	8	8	0	0:00:01.197490
7940	2	6	6	0	0:00:01.177062
7960	0	0	8	1	0:00:01.201478
7980	3	7	4	0	0:00:01.184525
8000	9	9	9	1	0:00:01.191476
8020	6	3	3	0	0:00:01.204108
8040	2	2	4	1	0:00:01.188537
8060	6	6	4	1	0:00:01.218012
8080	4	6	2	0	0:00:01.230531
8100	6	2	2	0	0:00:01.213494
8120	8	9	8	0	0:00:01.269004
8140	5	4	4	0	0:00:01.185085
8160	6	9	6	0	0:00:01.187020
8180	4	4	4	1	0:00:01.180876
8200	3	6	2	0	0:00:01.188176
8220	6	-1	2	0	0:00:01.191905
8240	7	7	7	1	0:00:01.173178
8260	1	3	3	0	0:00:01.218132
8280	4	5	3	0	0:00:01.193062
8300	5	2	2	0	0:00:01.181859
8320	7	-1	4	0	0:00:01.178669
8340	5	3	4	0	0:00:01.186583
8360	7	7	4	1	0:00:01.185978
8380	9	9	8	1	0:00:01.185011
8400	0	8	8	0	0:00:01.206089
8420	3	6	4	0	0:00:01.181221
8440	5	3	4	0	0:00:01.217569
8460	8	8	8	1	0:00:01.202460
8480	2	1	4	0	0:00:01.191579
8500	4	2	2	0	0:00:01.193604
8520	8	1	4	0	0:00:01.198416
8540	4	-1	2	0	0:00:01.165854
8560	7	-1	4	0	0:00:01.192393
8580	3	-1	2	0	0:00:01.201240
8600	3	-1	4	0	0:00:01.175542
8620	3	-1	4	0	0:00:01.198002
8640	1	1	1	1	0:00:01.163469
8660	7	7	5	1	0:00:01.206608
8680	3	9	8	0	0:00:01.193497
8700	3	3	3	1	0:00:01.193370
8720	2	0	0	0	0:00:01.175471
8740	2	-1	4	0	0:00:01.203136
8760	8	8	8	1	0:00:01.207170
8780	4	7	4	0	0:00:01.211102
8800	0	0	0	1	0:00:01.219456
8820	2	2	3	1	0:00:01.209479
8840	2	1	7	0	0:00:01.218325
8860	2	6	6	0	0:00:01.197243
8880	1	9	9	0	0:00:01.200089
8900	2	-1	4	0	0:00:01.161876
8920	6	6	6	1	0:00:01.172523
8940	6	3	3	0	0:00:01.194513
8960	0	0	0	1	0:00:01.214261
8980	9	9	9	1	0:00:01.206117
9000	8	8	8	1	0:00:01.189209
9020	7	9	8	0	0:00:01.179813
9040	2	5	5	0	0:00:01.203839
9060	9	5	5	0	0:00:01.202309
9080	3	3	3	1	0:00:01.193283
9100	9	6	6	0	0:00:01.198722
9120	3	0	0	0	0:00:01.196483
9140	7	-1	8	0	0:00:01.216924
9160	5	-1	4	0	0:00:01.200210
9180	5	5	5	1	0:00:01.197206
9200	8	8	8	1	0:00:01.191068
9220	8	8	8	1	0:00:01.198659
9240	8	8	8	1	0:00:01.192270
9260	5	5	5	1	0:00:01.197142
9280	9	1	8	0	0:00:01.179320
9300	5	3	2	0	0:00:01.181668
9320	9	9	8	1	0:00:01.186590
9340	1	1	1	1	0:00:01.204830
9360	5	9	4	0	0:00:01.223011
9380	5	9	3	0	0:00:01.198360
9400	6	-1	4	0	0:00:01.181937
9420	5	5	6	1	0:00:01.180410
9440	8	8	8	1	0:00:01.178256
9460	3	7	6	0	0:00:01.184518
9480	2	4	4	0	0:00:01.172882
9500	9	9	4	1	0:00:01.181647
9520	1	1	1	1	0:00:01.201795
9540	5	5	4	1	0:00:01.201504
9560	9	7	7	0	0:00:01.207146
9580	1	4	4	0	0:00:01.199359
9600	8	8	8	1	0:00:01.180411
9620	4	7	4	0	0:00:01.163818
9640	5	0	6	0	0:00:01.168641
9660	6	6	6	1	0:00:01.168453
9680	8	8	8	1	0:00:01.173177
9700	0	0	0	1	0:00:01.179184
9720	8	-1	4	0	0:00:01.213904
9740	3	6	4	0	0:00:01.193755
9760	9	9	4	1	0:00:01.206939
9780	4	6	4	0	0:00:01.210284
9800	1	1	1	1	0:00:01.208152
9820	0	8	8	0	0:00:01.189848
9840	4	5	5	0	0:00:01.198998
9860	0	5	8	0	0:00:01.193021
9880	7	-1	4	0	0:00:01.218230
9900	8	0	8	0	0:00:01.223195
9920	6	4	2	0	0:00:01.186588
9940	4	-1	4	0	0:00:01.189622
9960	2	0	0	0	0:00:01.199189
9980	0	0	0	1	0:00:01.159944
