idx	label	predict	basePredict	correct	time
0	3	3	3	1	0:00:00.867954
20	7	-1	9	0	0:00:00.731876
40	4	-1	8	0	0:00:00.747828
60	7	7	7	1	0:00:00.739950
80	8	8	8	1	0:00:00.753175
100	4	5	5	0	0:00:00.761624
120	8	0	8	0	0:00:00.736076
140	6	-1	2	0	0:00:00.726645
160	2	-1	2	0	0:00:00.738902
180	0	0	0	1	0:00:00.730287
200	5	-1	5	0	0:00:00.735681
220	7	7	7	1	0:00:00.734120
240	1	1	1	1	0:00:00.732395
260	8	-1	3	0	0:00:00.746814
280	9	9	9	1	0:00:00.752694
300	6	6	6	1	0:00:00.742283
320	3	3	2	1	0:00:00.740544
340	2	4	4	0	0:00:00.769046
360	9	-1	5	0	0:00:00.729159
380	6	-1	2	0	0:00:00.732897
400	9	9	9	1	0:00:00.731249
420	4	4	4	1	0:00:00.727779
440	1	-1	9	0	0:00:00.719659
460	5	5	5	1	0:00:00.738483
480	8	9	9	0	0:00:00.755436
500	4	6	2	0	0:00:00.729715
520	5	-1	7	0	0:00:00.725935
540	1	-1	8	0	0:00:00.755611
560	0	0	0	1	0:00:00.731407
580	4	-1	4	0	0:00:00.740661
600	8	8	8	1	0:00:00.735802
620	7	-1	5	0	0:00:00.728949
640	5	3	3	0	0:00:00.730794
660	9	9	9	1	0:00:00.725481
680	9	-1	7	0	0:00:00.756836
700	7	7	3	1	0:00:00.727262
720	4	9	4	0	0:00:00.732222
740	2	-1	3	0	0:00:00.721628
760	3	-1	3	0	0:00:00.735997
780	9	-1	9	0	0:00:00.730998
800	7	7	7	1	0:00:00.741316
820	6	-1	8	0	0:00:00.741073
840	7	7	7	1	0:00:00.759336
860	4	-1	4	0	0:00:00.728200
880	8	8	8	1	0:00:00.736012
900	2	-1	4	0	0:00:00.763430
920	6	-1	2	0	0:00:00.735865
940	9	9	9	1	0:00:00.732140
960	9	9	9	1	0:00:00.735751
980	2	6	2	0	0:00:00.754533
1000	5	5	5	1	0:00:00.632936
1020	1	1	1	1	0:00:00.635111
1040	7	5	5	0	0:00:00.639373
1060	9	9	9	1	0:00:00.634373
1080	6	-1	6	0	0:00:00.635167
1100	7	0	0	0	0:00:00.633934
1120	5	2	2	0	0:00:00.635870
1140	6	-1	4	0	0:00:00.639780
1160	8	0	0	0	0:00:00.637944
1180	3	3	3	1	0:00:00.644205
1200	8	-1	0	0	0:00:00.636075
1220	9	-1	6	0	0:00:00.633316
1240	2	6	6	0	0:00:00.635053
1260	1	9	9	0	0:00:00.640745
1280	3	7	5	0	0:00:00.639220
1300	4	3	3	0	0:00:00.636248
1320	7	2	2	0	0:00:00.638466
1340	1	1	1	1	0:00:00.641624
1360	7	7	2	1	0:00:00.644209
1380	4	5	5	0	0:00:00.636398
1400	5	3	3	0	0:00:00.641443
1420	4	7	4	0	0:00:00.637284
1440	0	8	8	0	0:00:00.634007
1460	6	6	2	1	0:00:00.638233
1480	1	-1	5	0	0:00:00.637224
1500	1	1	1	1	0:00:00.637806
1520	7	7	4	1	0:00:00.638714
1540	8	8	8	1	0:00:00.638207
1560	7	7	7	1	0:00:00.634178
1580	6	1	3	0	0:00:00.635277
1600	8	-1	6	0	0:00:00.636225
1620	5	-1	4	0	0:00:00.634217
1640	7	3	3	0	0:00:00.634998
1660	3	-1	5	0	0:00:00.642060
1680	6	6	6	1	0:00:00.637462
1700	5	-1	2	0	0:00:00.637368
1720	4	-1	2	0	0:00:00.639252
1740	1	-1	9	0	0:00:00.636754
1760	0	-1	8	0	0:00:00.631676
1780	7	7	7	1	0:00:00.628943
1800	4	-1	8	0	0:00:00.643069
1820	8	-1	8	0	0:00:00.648178
1840	8	-1	4	0	0:00:00.632313
1860	8	8	8	1	0:00:00.637061
1880	1	1	8	1	0:00:00.646321
1900	8	8	8	1	0:00:00.636119
1920	2	2	2	1	0:00:00.633332
1940	5	2	2	0	0:00:00.644110
1960	2	5	5	0	0:00:00.644465
1980	9	9	9	1	0:00:00.637263
2000	1	6	2	0	0:00:00.641024
2020	9	9	9	1	0:00:00.638192
2040	0	0	0	1	0:00:00.641077
2060	5	3	3	0	0:00:00.635490
2080	1	-1	9	0	0:00:00.642110
2100	2	2	2	1	0:00:00.645588
2120	4	8	8	0	0:00:00.639713
2140	9	9	9	1	0:00:00.632826
2160	0	-1	8	0	0:00:00.628100
2180	4	4	4	1	0:00:00.625058
2200	0	2	2	0	0:00:00.627529
2220	1	1	1	1	0:00:00.633903
2240	9	1	8	0	0:00:00.632539
2260	4	4	4	1	0:00:00.639802
2280	4	-1	2	0	0:00:00.637122
2300	3	-1	2	0	0:00:00.637824
2320	5	2	2	0	0:00:00.632778
2340	7	7	7	1	0:00:00.633542
2360	7	5	5	0	0:00:00.637717
2380	8	8	8	1	0:00:00.633914
2400	0	-1	0	0	0:00:00.641552
2420	8	-1	5	0	0:00:00.633637
2440	7	7	7	1	0:00:00.637025
2460	9	7	3	0	0:00:00.635271
2480	8	8	8	1	0:00:00.641504
2500	4	-1	2	0	0:00:00.639134
2520	1	1	7	1	0:00:00.647713
2540	2	5	5	0	0:00:00.630941
2560	7	-1	4	0	0:00:00.633057
2580	6	5	6	0	0:00:00.638560
2600	8	8	8	1	0:00:00.635965
2620	1	-1	8	0	0:00:00.632277
2640	7	7	7	1	0:00:00.637955
2660	3	-1	2	0	0:00:00.638455
2680	0	0	0	1	0:00:00.634530
2700	9	-1	1	0	0:00:00.635420
2720	3	3	3	1	0:00:00.635507
2740	1	1	2	1	0:00:00.641685
2760	2	2	2	1	0:00:00.631259
2780	7	7	7	1	0:00:00.643019
2800	4	-1	3	0	0:00:00.630402
2820	6	6	2	1	0:00:00.633891
2840	3	3	3	1	0:00:00.640587
2860	5	-1	6	0	0:00:00.631443
2880	4	4	4	1	0:00:00.639792
2900	3	5	5	0	0:00:00.646214
2920	2	3	3	0	0:00:00.632912
2940	3	0	0	0	0:00:00.628208
2960	9	9	9	1	0:00:00.636894
2980	8	-1	8	0	0:00:00.641658
3000	5	5	5	1	0:00:00.643894
3020	1	1	1	1	0:00:00.646745
3040	7	7	7	1	0:00:00.645638
3060	7	7	7	1	0:00:00.639705
3080	1	-1	9	0	0:00:00.641481
3100	0	0	0	1	0:00:00.639470
3120	4	-1	2	0	0:00:00.648859
3140	8	8	8	1	0:00:00.638964
3160	6	-1	2	0	0:00:00.639155
3180	3	-1	3	0	0:00:00.642439
3200	5	7	7	0	0:00:00.644787
3220	3	9	6	0	0:00:00.644537
3240	4	1	8	0	0:00:00.640987
3260	7	7	7	1	0:00:00.638078
3280	3	5	5	0	0:00:00.640005
3300	4	-1	2	0	0:00:00.641469
3320	2	7	7	0	0:00:00.635378
3340	6	-1	2	0	0:00:00.642722
3360	4	-1	2	0	0:00:00.633785
3380	8	8	8	1	0:00:00.631557
3400	6	4	4	0	0:00:00.638430
3420	5	3	3	0	0:00:00.645131
3440	2	3	3	0	0:00:00.650354
3460	1	1	1	1	0:00:00.657776
3480	2	2	2	1	0:00:00.643999
3500	1	-1	9	0	0:00:00.637640
3520	1	1	1	1	0:00:00.637623
3540	6	6	3	1	0:00:00.642049
3560	1	9	7	0	0:00:00.643209
3580	4	2	4	0	0:00:00.640071
3600	4	2	2	0	0:00:00.634521
3620	0	6	6	0	0:00:00.650210
3640	6	2	2	0	0:00:00.647973
3660	0	-1	8	0	0:00:00.645705
3680	0	-1	2	0	0:00:00.645844
3700	3	3	3	1	0:00:00.642788
3720	2	2	2	1	0:00:00.631316
3740	0	0	0	1	0:00:00.626669
3760	7	7	4	1	0:00:00.635180
3780	4	-1	2	0	0:00:00.643958
3800	9	9	3	1	0:00:00.640512
3820	0	2	2	0	0:00:00.637814
3840	6	3	3	0	0:00:00.639931
3860	7	7	7	1	0:00:00.641769
3880	6	4	4	0	0:00:00.643070
3900	3	6	6	0	0:00:00.648070
3920	7	9	7	0	0:00:00.650452
3940	6	-1	4	0	0:00:00.644225
3960	2	2	2	1	0:00:00.641539
3980	9	-1	7	0	0:00:00.641440
4000	8	-1	0	0	0:00:00.644132
4020	8	-1	8	0	0:00:00.642010
4040	0	0	0	1	0:00:00.642359
4060	6	-1	3	0	0:00:00.638115
4080	1	1	8	1	0:00:00.643425
4100	7	7	7	1	0:00:00.636435
4120	4	4	8	1	0:00:00.647077
4140	5	5	3	1	0:00:00.638966
4160	5	2	2	0	0:00:00.643285
4180	0	8	8	0	0:00:00.637383
4200	4	2	2	0	0:00:00.649268
4220	4	0	0	0	0:00:00.639293
4240	7	0	8	0	0:00:00.637664
4260	8	8	8	1	0:00:00.637388
4280	8	-1	1	0	0:00:00.642892
4300	8	8	8	1	0:00:00.636863
4320	1	8	8	0	0:00:00.635382
4340	0	0	0	1	0:00:00.645453
4360	6	9	9	0	0:00:00.636333
4380	9	-1	8	0	0:00:00.636707
4400	3	-1	4	0	0:00:00.642040
4420	5	5	7	1	0:00:00.642217
4440	2	2	2	1	0:00:00.644897
4460	9	-1	8	0	0:00:00.646842
4480	9	9	3	1	0:00:00.643611
4500	3	5	5	0	0:00:00.639564
4520	3	6	6	0	0:00:00.643278
4540	9	9	9	1	0:00:00.688230
4560	1	1	8	1	0:00:00.675100
4580	6	4	4	0	0:00:00.641503
4600	4	7	7	0	0:00:00.633724
4620	7	3	3	0	0:00:00.646157
4640	2	-1	2	0	0:00:00.644428
4660	7	-1	4	0	0:00:00.647399
4680	9	1	1	0	0:00:00.639322
4700	6	1	5	0	0:00:00.645055
4720	8	0	8	0	0:00:00.638490
4740	5	3	3	0	0:00:00.639277
4760	3	2	2	0	0:00:00.638523
4780	0	0	8	1	0:00:00.631138
4800	9	9	9	1	0:00:00.643734
4820	3	3	3	1	0:00:00.638758
4840	0	0	0	1	0:00:00.643243
4860	5	5	5	1	0:00:00.649226
4880	0	-1	2	0	0:00:00.643183
4900	3	6	6	0	0:00:00.642840
4920	7	7	7	1	0:00:00.647101
4940	6	-1	2	0	0:00:00.642295
4960	4	3	3	0	0:00:00.652386
4980	1	9	9	0	0:00:00.637198
5000	7	7	7	1	0:00:00.646925
5020	8	8	8	1	0:00:00.641748
5040	3	1	2	0	0:00:00.634138
5060	6	-1	2	0	0:00:00.637643
5080	7	7	7	1	0:00:00.646329
5100	3	3	3	1	0:00:00.647576
5120	9	-1	8	0	0:00:00.642902
5140	8	8	8	1	0:00:00.643465
5160	0	0	8	1	0:00:00.646212
5180	9	7	4	0	0:00:00.648209
5200	3	3	3	1	0:00:00.643757
5220	0	0	0	1	0:00:00.652349
5240	1	9	9	0	0:00:00.646056
5260	0	0	0	1	0:00:00.641680
5280	0	-1	8	0	0:00:00.650516
5300	9	-1	9	0	0:00:00.641663
5320	7	7	7	1	0:00:00.633234
5340	3	4	4	0	0:00:00.640007
5360	9	9	3	1	0:00:00.635000
5380	1	9	9	0	0:00:00.641101
5400	9	9	9	1	0:00:00.634993
5420	6	-1	6	0	0:00:00.643285
5440	9	9	9	1	0:00:00.651676
5460	0	0	0	1	0:00:00.644063
5480	1	1	4	1	0:00:00.645556
5500	8	-1	8	0	0:00:00.639828
5520	4	3	3	0	0:00:00.647350
5540	5	6	4	0	0:00:00.642904
5560	3	5	5	0	0:00:00.643373
5580	5	-1	3	0	0:00:00.631225
5600	6	-1	4	0	0:00:00.643299
5620	3	6	6	0	0:00:00.644455
5640	2	2	2	1	0:00:00.641157
5660	9	-1	8	0	0:00:00.638110
5680	2	3	3	0	0:00:00.645316
5700	3	5	3	0	0:00:00.636658
5720	9	9	9	1	0:00:00.639667
5740	6	-1	6	0	0:00:00.637857
5760	2	-1	2	0	0:00:00.639910
5780	7	7	7	1	0:00:00.644444
5800	2	4	4	0	0:00:00.640377
5820	5	-1	3	0	0:00:00.638890
5840	2	2	2	1	0:00:00.646597
5860	0	-1	8	0	0:00:00.639270
5880	0	0	0	1	0:00:00.650048
5900	4	-1	0	0	0:00:00.642624
5920	8	8	8	1	0:00:00.644459
5940	7	4	4	0	0:00:00.643862
5960	2	6	6	0	0:00:00.645590
5980	9	9	2	1	0:00:00.629482
6000	8	-1	8	0	0:00:00.637684
6020	6	6	6	1	0:00:00.642271
6040	2	-1	7	0	0:00:00.650673
6060	3	4	2	0	0:00:00.634263
6080	1	-1	9	0	0:00:00.645702
6100	1	1	8	1	0:00:00.637223
6120	5	5	5	1	0:00:00.634302
6140	9	9	9	1	0:00:00.651642
6160	2	5	5	0	0:00:00.646683
6180	0	0	0	1	0:00:00.639435
6200	3	-1	3	0	0:00:00.636577
6220	2	5	5	0	0:00:00.639878
6240	2	-1	2	0	0:00:00.647175
6260	2	-1	6	0	0:00:00.651403
6280	8	-1	5	0	0:00:00.635035
6300	1	1	2	1	0:00:00.630715
6320	0	-1	0	0	0:00:00.644035
6340	3	3	3	1	0:00:00.645745
6360	2	-1	2	0	0:00:00.644116
6380	3	-1	3	0	0:00:00.636612
6400	0	1	8	0	0:00:00.647159
6420	7	7	7	1	0:00:00.647519
6440	3	-1	4	0	0:00:00.648691
6460	3	-1	3	0	0:00:00.637667
6480	0	0	0	1	0:00:00.646808
6500	7	6	6	0	0:00:00.642678
6520	6	-1	4	0	0:00:00.639412
6540	8	8	8	1	0:00:00.641077
6560	6	6	2	1	0:00:00.639088
6580	1	-1	4	0	0:00:00.651881
6600	7	7	7	1	0:00:00.655483
6620	7	7	7	1	0:00:00.648165
6640	5	3	3	0	0:00:00.643756
6660	0	0	0	1	0:00:00.647472
6680	3	-1	3	0	0:00:00.643456
6700	6	0	0	0	0:00:00.642321
6720	2	-1	2	0	0:00:00.643318
6740	2	-1	4	0	0:00:00.642254
6760	5	5	5	1	0:00:00.639944
6780	7	7	7	1	0:00:00.643848
6800	6	-1	2	0	0:00:00.643720
6820	1	1	1	1	0:00:00.640250
6840	9	9	1	1	0:00:00.642387
6860	0	-1	2	0	0:00:00.647438
6880	2	-1	2	0	0:00:00.644228
6900	3	-1	5	0	0:00:00.638738
6920	5	-1	2	0	0:00:00.646096
6940	1	1	1	1	0:00:00.640067
6960	9	-1	8	0	0:00:00.647930
6980	0	-1	8	0	0:00:00.642649
7000	2	-1	8	0	0:00:00.649865
7020	7	7	7	1	0:00:00.640609
7040	7	-1	8	0	0:00:00.649015
7060	8	-1	8	0	0:00:00.645879
7080	5	4	4	0	0:00:00.641175
7100	9	-1	3	0	0:00:00.634977
7120	7	5	5	0	0:00:00.646313
7140	4	-1	3	0	0:00:00.646555
7160	5	5	5	1	0:00:00.634108
7180	6	6	3	1	0:00:00.648696
7200	4	6	2	0	0:00:00.639303
7220	9	9	8	1	0:00:00.640040
7240	0	-1	8	0	0:00:00.633289
7260	1	-1	8	0	0:00:00.641536
7280	1	9	9	0	0:00:00.633479
7300	3	4	4	0	0:00:00.646638
7320	8	-1	8	0	0:00:00.641932
7340	2	4	4	0	0:00:00.638128
7360	2	-1	4	0	0:00:00.649328
7380	7	7	7	1	0:00:00.639837
7400	3	-1	3	0	0:00:00.640111
7420	3	4	2	0	0:00:00.639672
7440	3	3	3	1	0:00:00.635162
7460	5	5	5	1	0:00:00.643282
7480	1	8	8	0	0:00:00.645541
7500	6	6	6	1	0:00:00.639154
7520	4	-1	2	0	0:00:00.643123
7540	5	5	5	1	0:00:00.643467
7560	0	0	0	1	0:00:00.639304
7580	8	8	8	1	0:00:00.637377
7600	8	9	2	0	0:00:00.637117
7620	5	3	3	0	0:00:00.642075
7640	9	8	8	0	0:00:00.642866
7660	7	-1	4	0	0:00:00.637021
7680	3	9	3	0	0:00:00.634277
7700	6	6	6	1	0:00:00.645504
7720	5	2	2	0	0:00:00.641751
7740	4	-1	2	0	0:00:00.641849
7760	2	9	6	0	0:00:00.639922
7780	3	-1	8	0	0:00:00.639685
7800	0	0	0	1	0:00:00.638335
7820	5	-1	5	0	0:00:00.639407
7840	1	1	1	1	0:00:00.634348
7860	8	8	8	1	0:00:00.634607
7880	0	-1	2	0	0:00:00.634409
7900	0	8	8	0	0:00:00.640056
7920	9	9	2	1	0:00:00.638649
7940	2	6	4	0	0:00:00.636999
7960	0	0	0	1	0:00:00.634598
7980	3	3	3	1	0:00:00.649499
8000	9	9	9	1	0:00:00.649738
8020	6	3	3	0	0:00:00.648065
8040	2	2	2	1	0:00:00.645642
8060	6	6	6	1	0:00:00.642168
8080	4	6	2	0	0:00:00.647470
8100	6	2	4	0	0:00:00.647020
8120	8	9	9	0	0:00:00.638059
8140	5	4	4	0	0:00:00.636879
8160	6	6	6	1	0:00:00.637209
8180	4	-1	2	0	0:00:00.638232
8200	3	4	4	0	0:00:00.631803
8220	6	7	3	0	0:00:00.634532
8240	7	7	7	1	0:00:00.635423
8260	1	1	1	1	0:00:00.640847
8280	4	5	5	0	0:00:00.636360
8300	5	-1	2	0	0:00:00.634885
8320	7	-1	4	0	0:00:00.639583
8340	5	3	3	0	0:00:00.643313
8360	7	7	7	1	0:00:00.635450
8380	9	9	9	1	0:00:00.643837
8400	0	-1	8	0	0:00:00.632595
8420	3	6	6	0	0:00:00.647651
8440	5	3	3	0	0:00:00.634623
8460	8	8	8	1	0:00:00.639566
8480	2	2	4	1	0:00:00.644357
8500	4	4	4	1	0:00:00.645120
8520	8	-1	8	0	0:00:00.643980
8540	4	-1	2	0	0:00:00.635538
8560	7	7	7	1	0:00:00.647714
8580	3	-1	2	0	0:00:00.648660
8600	3	-1	3	0	0:00:00.641627
8620	3	4	4	0	0:00:00.648999
8640	1	1	8	1	0:00:00.646006
8660	7	7	7	1	0:00:00.646231
8680	3	7	8	0	0:00:00.634933
8700	3	-1	3	0	0:00:00.632844
8720	2	0	0	0	0:00:00.645052
8740	2	-1	5	0	0:00:00.637973
8760	8	8	8	1	0:00:00.647662
8780	4	-1	2	0	0:00:00.633755
8800	0	0	0	1	0:00:00.647310
8820	2	2	2	1	0:00:00.641790
8840	2	-1	7	0	0:00:00.632915
8860	2	2	2	1	0:00:00.647553
8880	1	1	1	1	0:00:00.642750
8900	2	4	4	0	0:00:00.636479
8920	6	6	2	1	0:00:00.636814
8940	6	3	3	0	0:00:00.646839
8960	0	0	0	1	0:00:00.643430
8980	9	9	9	1	0:00:00.639562
9000	8	8	8	1	0:00:00.646793
9020	7	7	7	1	0:00:00.636851
9040	2	-1	5	0	0:00:00.653073
9060	9	9	3	1	0:00:00.644943
9080	3	-1	2	0	0:00:00.644150
9100	9	1	3	0	0:00:00.645823
9120	3	-1	3	0	0:00:00.645186
9140	7	-1	5	0	0:00:00.646490
9160	5	3	3	0	0:00:00.638689
9180	5	5	5	1	0:00:00.643429
9200	8	8	8	1	0:00:00.632390
9220	8	8	8	1	0:00:00.638743
9240	8	8	8	1	0:00:00.638363
9260	5	5	5	1	0:00:00.645232
9280	9	8	8	0	0:00:00.645101
9300	5	-1	2	0	0:00:00.636841
9320	9	9	9	1	0:00:00.635172
9340	1	1	1	1	0:00:00.639965
9360	5	0	5	0	0:00:00.643143
9380	5	3	3	0	0:00:00.638285
9400	6	6	2	1	0:00:00.639676
9420	5	5	5	1	0:00:00.641354
9440	8	8	8	1	0:00:00.632709
9460	3	7	7	0	0:00:00.636982
9480	2	-1	2	0	0:00:00.644473
9500	9	9	5	1	0:00:00.636516
9520	1	1	1	1	0:00:00.638127
9540	5	3	3	0	0:00:00.638205
9560	9	7	5	0	0:00:00.637850
9580	1	1	8	1	0:00:00.699866
9600	8	-1	8	0	0:00:00.645267
9620	4	-1	4	0	0:00:00.640922
9640	5	-1	2	0	0:00:00.640850
9660	6	6	6	1	0:00:00.644902
9680	8	8	8	1	0:00:00.633178
9700	0	0	0	1	0:00:00.639553
9720	8	1	8	0	0:00:00.639589
9740	3	6	2	0	0:00:00.641568
9760	9	3	3	0	0:00:00.649625
9780	4	6	2	0	0:00:00.632173
9800	1	1	1	1	0:00:00.634317
9820	0	8	8	0	0:00:00.637800
9840	4	-1	5	0	0:00:00.641683
9860	0	5	8	0	0:00:00.638058
9880	7	-1	3	0	0:00:00.643526
9900	8	-1	8	0	0:00:00.647709
9920	6	6	4	1	0:00:00.638304
9940	4	5	5	0	0:00:00.631806
9960	2	0	0	0	0:00:00.637316
9980	0	0	0	1	0:00:00.641681
