idx	label	predict	basePredict	correct	time
0	3	3	2	1	0:00:02.733353
20	7	7	7	1	0:00:02.641552
40	4	8	8	0	0:00:02.650160
60	7	7	4	1	0:00:02.655277
80	8	8	8	1	0:00:02.667370
100	4	4	4	1	0:00:02.644511
120	8	8	8	1	0:00:02.661710
140	6	-1	2	0	0:00:02.644196
160	2	0	2	0	0:00:02.680551
180	0	0	0	1	0:00:02.636680
200	5	3	3	0	0:00:02.652887
220	7	7	7	1	0:00:02.641809
240	1	1	1	1	0:00:02.671098
260	8	3	3	0	0:00:02.643929
280	9	9	9	1	0:00:02.642083
300	6	6	4	1	0:00:02.628615
320	3	3	2	1	0:00:02.639728
340	2	4	4	0	0:00:02.651434
360	9	9	6	1	0:00:02.633993
380	6	6	4	1	0:00:02.640359
400	9	9	8	1	0:00:02.678623
420	4	4	4	1	0:00:02.650372
440	1	1	1	1	0:00:02.647608
460	5	5	5	1	0:00:02.655855
480	8	9	8	0	0:00:02.683700
500	4	6	4	0	0:00:02.642100
520	5	5	5	1	0:00:02.633307
540	1	9	8	0	0:00:02.641866
560	0	0	8	1	0:00:02.640161
580	4	4	4	1	0:00:02.641233
600	8	8	8	1	0:00:02.642963
620	7	7	4	1	0:00:02.652650
640	5	3	3	0	0:00:02.643789
660	9	9	9	1	0:00:02.640120
680	9	9	1	1	0:00:02.652488
700	7	7	4	1	0:00:02.685494
720	4	9	4	0	0:00:02.636065
740	2	5	2	0	0:00:02.679025
760	3	9	3	0	0:00:02.637736
780	9	9	8	1	0:00:02.649614
800	7	7	7	1	0:00:02.638791
820	6	-1	8	0	0:00:02.635046
840	7	7	7	1	0:00:02.651989
860	4	4	4	1	0:00:02.644306
880	8	8	8	1	0:00:02.668317
900	2	6	4	0	0:00:02.664425
920	6	6	2	1	0:00:02.645853
940	9	9	9	1	0:00:02.655551
960	9	9	9	1	0:00:02.639573
980	2	6	2	0	0:00:02.646499
1000	5	5	5	1	0:00:01.935647
1020	1	1	8	1	0:00:01.936781
1040	7	5	5	0	0:00:01.936493
1060	9	9	8	1	0:00:01.935164
1080	6	6	6	1	0:00:01.935414
1100	7	8	8	0	0:00:01.934241
1120	5	2	2	0	0:00:01.941226
1140	6	6	4	1	0:00:01.935130
1160	8	8	8	1	0:00:01.934865
1180	3	3	3	1	0:00:01.935586
1200	8	8	0	1	0:00:01.935124
1220	9	6	6	0	0:00:01.934164
1240	2	6	6	0	0:00:01.935813
1260	1	9	9	0	0:00:01.935675
1280	3	7	7	0	0:00:01.935621
1300	4	3	8	0	0:00:01.935364
1320	7	2	2	0	0:00:01.936464
1340	1	1	1	1	0:00:01.934086
1360	7	7	4	1	0:00:01.937414
1380	4	5	5	0	0:00:01.933881
1400	5	6	2	0	0:00:01.934783
1420	4	7	4	0	0:00:01.933089
1440	0	0	0	1	0:00:01.937581
1460	6	6	4	1	0:00:01.934218
1480	1	-1	5	0	0:00:01.934947
1500	1	1	1	1	0:00:01.936883
1520	7	7	4	1	0:00:01.937196
1540	8	8	8	1	0:00:01.934221
1560	7	7	7	1	0:00:01.934003
1580	6	1	1	0	0:00:01.934691
1600	8	9	6	0	0:00:01.934339
1620	5	8	8	0	0:00:01.936187
1640	7	5	3	0	0:00:01.934552
1660	3	3	3	1	0:00:01.936586
1680	6	6	6	1	0:00:01.936194
1700	5	2	2	0	0:00:01.944160
1720	4	2	2	0	0:00:01.933708
1740	1	-1	1	0	0:00:01.945927
1760	0	8	8	0	0:00:01.940529
1780	7	7	8	1	0:00:01.940863
1800	4	8	8	0	0:00:01.936369
1820	8	8	8	1	0:00:01.936417
1840	8	9	4	0	0:00:01.935637
1860	8	8	8	1	0:00:01.935165
1880	1	1	8	1	0:00:01.936354
1900	8	8	8	1	0:00:01.935316
1920	2	2	2	1	0:00:01.937904
1940	5	3	3	0	0:00:01.934343
1960	2	5	5	0	0:00:01.935785
1980	9	9	9	1	0:00:01.934133
2000	1	6	6	0	0:00:01.932715
2020	9	9	9	1	0:00:01.933897
2040	0	8	8	0	0:00:01.934042
2060	5	5	5	1	0:00:01.933512
2080	1	1	6	1	0:00:01.934619
2100	2	4	4	0	0:00:01.933147
2120	4	8	8	0	0:00:01.935438
2140	9	9	9	1	0:00:01.944404
2160	0	8	8	0	0:00:01.933994
2180	4	4	4	1	0:00:01.934445
2200	0	0	2	1	0:00:01.932842
2220	1	1	1	1	0:00:01.935279
2240	9	9	9	1	0:00:01.934397
2260	4	-1	4	0	0:00:01.935280
2280	4	8	8	0	0:00:01.940219
2300	3	6	4	0	0:00:01.934808
2320	5	2	8	0	0:00:01.934191
2340	7	7	7	1	0:00:01.936055
2360	7	7	7	1	0:00:01.934324
2380	8	8	8	1	0:00:01.934550
2400	0	0	0	1	0:00:01.936187
2420	8	1	5	0	0:00:01.934091
2440	7	7	7	1	0:00:01.933768
2460	9	9	3	1	0:00:01.938945
2480	8	8	8	1	0:00:01.933891
2500	4	2	2	0	0:00:01.935200
2520	1	1	8	1	0:00:01.940990
2540	2	3	3	0	0:00:01.936012
2560	7	7	4	1	0:00:01.942297
2580	6	-1	4	0	0:00:01.934073
2600	8	8	8	1	0:00:01.932858
2620	1	1	4	1	0:00:01.934208
2640	7	7	4	1	0:00:01.935092
2660	3	-1	2	0	0:00:01.933461
2680	0	0	0	1	0:00:01.934132
2700	9	9	0	1	0:00:01.933655
2720	3	2	2	0	0:00:01.934977
2740	1	1	1	1	0:00:01.936952
2760	2	2	4	1	0:00:01.937220
2780	7	7	7	1	0:00:01.938758
2800	4	6	4	0	0:00:01.934747
2820	6	6	6	1	0:00:01.933620
2840	3	3	3	1	0:00:01.934164
2860	5	6	6	0	0:00:01.934196
2880	4	4	4	1	0:00:01.935125
2900	3	2	5	0	0:00:01.933324
2920	2	-1	2	0	0:00:01.933553
2940	3	0	0	0	0:00:01.933832
2960	9	9	8	1	0:00:01.934990
2980	8	8	8	1	0:00:01.934725
3000	5	5	5	1	0:00:01.935159
3020	1	1	8	1	0:00:01.935231
3040	7	7	7	1	0:00:01.936132
3060	7	7	7	1	0:00:01.934283
3080	1	7	4	0	0:00:01.934765
3100	0	0	0	1	0:00:01.937862
3120	4	6	2	0	0:00:01.935933
3140	8	8	8	1	0:00:01.935884
3160	6	4	4	0	0:00:01.936509
3180	3	-1	8	0	0:00:01.933670
3200	5	7	7	0	0:00:01.935580
3220	3	3	3	1	0:00:01.934657
3240	4	2	8	0	0:00:01.934900
3260	7	0	0	0	0:00:01.936253
3280	3	5	0	0	0:00:01.936526
3300	4	-1	4	0	0:00:01.934382
3320	2	7	7	0	0:00:01.933569
3340	6	6	4	1	0:00:01.934580
3360	4	6	4	0	0:00:01.934387
3380	8	8	8	1	0:00:01.935148
3400	6	4	4	0	0:00:01.936004
3420	5	-1	4	0	0:00:01.935707
3440	2	9	3	0	0:00:01.934524
3460	1	1	1	1	0:00:01.935713
3480	2	2	2	1	0:00:01.935859
3500	1	1	1	1	0:00:01.936979
3520	1	1	1	1	0:00:01.936160
3540	6	6	6	1	0:00:01.934761
3560	1	9	0	0	0:00:01.934850
3580	4	1	4	0	0:00:01.934232
3600	4	2	2	0	0:00:01.934592
3620	0	7	6	0	0:00:01.938089
3640	6	2	2	0	0:00:01.935101
3660	0	8	8	0	0:00:01.935029
3680	0	2	2	0	0:00:01.933766
3700	3	3	4	1	0:00:01.934922
3720	2	2	2	1	0:00:01.935185
3740	0	0	0	1	0:00:01.935582
3760	7	7	7	1	0:00:01.936693
3780	4	4	2	1	0:00:01.937050
3800	9	9	8	1	0:00:01.937852
3820	0	0	0	1	0:00:01.937114
3840	6	3	3	0	0:00:01.934215
3860	7	7	7	1	0:00:01.934928
3880	6	4	4	0	0:00:01.936511
3900	3	3	6	1	0:00:01.938101
3920	7	9	8	0	0:00:01.935292
3940	6	6	4	1	0:00:01.938466
3960	2	2	2	1	0:00:01.934750
3980	9	7	7	0	0:00:01.935349
4000	8	-1	0	0	0:00:01.935476
4020	8	1	8	0	0:00:01.935875
4040	0	0	0	1	0:00:01.938162
4060	6	3	3	0	0:00:01.935149
4080	1	-1	8	0	0:00:01.935007
4100	7	7	7	1	0:00:01.937045
4120	4	0	4	0	0:00:01.935831
4140	5	3	3	0	0:00:01.934847
4160	5	2	2	0	0:00:01.935049
4180	0	0	8	1	0:00:01.934487
4200	4	4	2	1	0:00:01.934752
4220	4	0	0	0	0:00:01.937007
4240	7	0	0	0	0:00:01.935086
4260	8	8	8	1	0:00:01.939323
4280	8	8	8	1	0:00:01.934439
4300	8	8	8	1	0:00:01.935694
4320	1	8	8	0	0:00:01.939165
4340	0	0	8	1	0:00:01.935486
4360	6	-1	6	0	0:00:01.935779
4380	9	9	8	1	0:00:01.936342
4400	3	4	4	0	0:00:01.936367
4420	5	8	8	0	0:00:01.934620
4440	2	2	2	1	0:00:01.934278
4460	9	1	8	0	0:00:01.941899
4480	9	9	3	1	0:00:01.951082
4500	3	3	6	1	0:00:01.937906
4520	3	6	6	0	0:00:01.935478
4540	9	9	9	1	0:00:01.936423
4560	1	1	4	1	0:00:01.937736
4580	6	4	4	0	0:00:01.937005
4600	4	7	4	0	0:00:01.940152
4620	7	3	3	0	0:00:01.937664
4640	2	4	4	0	0:00:01.936778
4660	7	4	2	0	0:00:01.935842
4680	9	1	1	0	0:00:01.935215
4700	6	1	4	0	0:00:01.933763
4720	8	0	0	0	0:00:01.941481
4740	5	3	3	0	0:00:01.934253
4760	3	3	4	1	0:00:01.936471
4780	0	0	0	1	0:00:01.934985
4800	9	9	9	1	0:00:01.935846
4820	3	5	5	0	0:00:01.935801
4840	0	0	0	1	0:00:01.934298
4860	5	5	5	1	0:00:01.935345
4880	0	2	2	0	0:00:01.934507
4900	3	6	6	0	0:00:01.934586
4920	7	7	7	1	0:00:01.938620
4940	6	6	2	1	0:00:01.936590
4960	4	6	4	0	0:00:01.935505
4980	1	9	8	0	0:00:01.936847
5000	7	7	7	1	0:00:01.937377
5020	8	8	8	1	0:00:01.938343
5040	3	3	4	1	0:00:01.937323
5060	6	6	4	1	0:00:01.935306
5080	7	7	7	1	0:00:01.935491
5100	3	3	3	1	0:00:01.935976
5120	9	9	8	1	0:00:01.937309
5140	8	8	8	1	0:00:01.936531
5160	0	0	8	1	0:00:01.934802
5180	9	7	4	0	0:00:01.934647
5200	3	3	3	1	0:00:01.935045
5220	0	0	0	1	0:00:01.935257
5240	1	9	2	0	0:00:01.940242
5260	0	0	0	1	0:00:01.939978
5280	0	8	8	0	0:00:01.935040
5300	9	9	9	1	0:00:01.934280
5320	7	7	7	1	0:00:01.937508
5340	3	4	4	0	0:00:01.936226
5360	9	9	9	1	0:00:01.934489
5380	1	9	9	0	0:00:01.936306
5400	9	9	8	1	0:00:01.934431
5420	6	6	6	1	0:00:01.934919
5440	9	9	9	1	0:00:01.937115
5460	0	7	7	0	0:00:01.935577
5480	1	1	8	1	0:00:01.935501
5500	8	1	8	0	0:00:01.937161
5520	4	3	3	0	0:00:01.934605
5540	5	6	2	0	0:00:01.936260
5560	3	6	5	0	0:00:01.937510
5580	5	6	6	0	0:00:01.937200
5600	6	-1	0	0	0:00:01.937819
5620	3	2	2	0	0:00:01.939917
5640	2	3	2	0	0:00:01.935757
5660	9	9	8	1	0:00:01.937031
5680	2	3	8	0	0:00:01.934441
5700	3	3	3	1	0:00:01.934008
5720	9	9	9	1	0:00:01.941572
5740	6	4	4	0	0:00:01.945893
5760	2	2	2	1	0:00:01.934754
5780	7	7	7	1	0:00:01.935361
5800	2	4	2	0	0:00:01.936483
5820	5	6	3	0	0:00:01.934669
5840	2	2	6	1	0:00:01.933964
5860	0	8	8	0	0:00:01.935967
5880	0	0	0	1	0:00:01.938651
5900	4	4	4	1	0:00:01.935428
5920	8	8	8	1	0:00:01.936121
5940	7	4	4	0	0:00:01.935588
5960	2	4	4	0	0:00:01.934991
5980	9	9	9	1	0:00:01.936945
6000	8	9	8	0	0:00:01.936364
6020	6	6	6	1	0:00:01.936044
6040	2	7	7	0	0:00:01.938044
6060	3	4	4	0	0:00:01.936263
6080	1	9	6	0	0:00:01.934797
6100	1	1	8	1	0:00:01.934275
6120	5	5	5	1	0:00:01.938180
6140	9	9	9	1	0:00:01.934752
6160	2	5	5	0	0:00:01.943951
6180	0	9	8	0	0:00:01.940784
6200	3	3	3	1	0:00:01.945000
6220	2	6	4	0	0:00:01.941238
6240	2	2	4	1	0:00:01.939813
6260	2	9	4	0	0:00:01.938659
6280	8	5	4	0	0:00:01.935750
6300	1	7	4	0	0:00:01.935511
6320	0	0	0	1	0:00:01.934440
6340	3	3	3	1	0:00:01.936175
6360	2	2	2	1	0:00:01.934510
6380	3	6	6	0	0:00:01.936125
6400	0	1	8	0	0:00:01.935588
6420	7	7	8	1	0:00:01.936044
6440	3	9	8	0	0:00:01.935665
6460	3	1	4	0	0:00:01.938684
6480	0	0	0	1	0:00:01.936189
6500	7	0	8	0	0:00:01.936901
6520	6	4	4	0	0:00:01.936165
6540	8	8	8	1	0:00:01.937575
6560	6	6	4	1	0:00:01.934715
6580	1	1	2	1	0:00:01.936378
6600	7	7	7	1	0:00:01.935549
6620	7	7	7	1	0:00:01.935610
6640	5	3	8	0	0:00:01.935179
6660	0	0	0	1	0:00:01.934608
6680	3	5	3	0	0:00:01.936342
6700	6	6	2	1	0:00:01.936310
6720	2	2	2	1	0:00:01.940045
6740	2	4	4	0	0:00:01.937212
6760	5	5	3	1	0:00:01.935251
6780	7	7	7	1	0:00:01.934938
6800	6	6	4	1	0:00:01.935934
6820	1	1	1	1	0:00:01.938407
6840	9	9	9	1	0:00:01.936042
6860	0	0	2	1	0:00:01.938493
6880	2	7	4	0	0:00:01.943481
6900	3	7	4	0	0:00:01.934949
6920	5	2	2	0	0:00:01.935951
6940	1	1	1	1	0:00:01.936285
6960	9	8	8	0	0:00:01.935861
6980	0	9	0	0	0:00:01.935558
7000	2	8	8	0	0:00:01.936828
7020	7	7	7	1	0:00:01.936589
7040	7	8	8	0	0:00:01.937116
7060	8	8	8	1	0:00:01.944206
7080	5	4	4	0	0:00:01.935132
7100	9	3	8	0	0:00:01.934837
7120	7	7	7	1	0:00:01.940361
7140	4	4	4	1	0:00:01.935284
7160	5	-1	4	0	0:00:01.935350
7180	6	6	6	1	0:00:01.935968
7200	4	6	2	0	0:00:01.935445
7220	9	9	8	1	0:00:01.934847
7240	0	8	8	0	0:00:01.934977
7260	1	8	8	0	0:00:01.934606
7280	1	1	6	1	0:00:01.935627
7300	3	7	4	0	0:00:01.935198
7320	8	-1	8	0	0:00:01.937587
7340	2	4	4	0	0:00:01.941466
7360	2	4	4	0	0:00:01.939851
7380	7	7	7	1	0:00:01.934591
7400	3	3	3	1	0:00:01.934827
7420	3	0	2	0	0:00:01.938894
7440	3	3	2	1	0:00:01.937163
7460	5	5	5	1	0:00:01.937589
7480	1	8	8	0	0:00:01.937868
7500	6	6	6	1	0:00:01.941680
7520	4	4	4	1	0:00:01.935557
7540	5	5	5	1	0:00:01.936160
7560	0	9	4	0	0:00:01.934480
7580	8	8	8	1	0:00:01.935344
7600	8	9	8	0	0:00:01.936969
7620	5	3	3	0	0:00:01.934831
7640	9	9	6	1	0:00:01.943557
7660	7	7	4	1	0:00:01.934449
7680	3	9	3	0	0:00:01.942604
7700	6	6	6	1	0:00:01.934492
7720	5	5	5	1	0:00:01.937868
7740	4	4	2	1	0:00:01.943940
7760	2	9	2	0	0:00:01.941539
7780	3	1	8	0	0:00:01.935498
7800	0	0	0	1	0:00:01.935334
7820	5	8	8	0	0:00:01.935052
7840	1	1	1	1	0:00:01.935054
7860	8	1	4	0	0:00:01.934721
7880	0	0	0	1	0:00:01.934580
7900	0	8	8	0	0:00:01.934519
7920	9	8	8	0	0:00:01.934772
7940	2	6	6	0	0:00:01.935592
7960	0	0	0	1	0:00:01.934656
7980	3	3	4	1	0:00:01.937316
8000	9	9	9	1	0:00:01.935455
8020	6	3	3	0	0:00:01.936799
8040	2	2	2	1	0:00:01.934984
8060	6	6	4	1	0:00:01.935876
8080	4	6	2	0	0:00:01.936552
8100	6	2	4	0	0:00:01.935747
8120	8	9	8	0	0:00:01.935365
8140	5	4	4	0	0:00:01.936872
8160	6	6	6	1	0:00:01.934786
8180	4	4	4	1	0:00:01.934419
8200	3	6	2	0	0:00:01.937176
8220	6	6	2	1	0:00:01.935641
8240	7	7	7	1	0:00:01.937339
8260	1	1	3	1	0:00:01.934633
8280	4	5	3	0	0:00:01.934803
8300	5	2	2	0	0:00:01.934892
8320	7	4	4	0	0:00:01.935042
8340	5	3	3	0	0:00:01.936506
8360	7	7	4	1	0:00:01.935524
8380	9	9	8	1	0:00:01.936839
8400	0	0	8	1	0:00:01.935230
8420	3	6	4	0	0:00:01.934863
8440	5	3	4	0	0:00:01.935812
8460	8	8	8	1	0:00:01.935854
8480	2	2	4	1	0:00:01.935129
8500	4	4	4	1	0:00:01.935148
8520	8	1	4	0	0:00:01.934222
8540	4	4	2	1	0:00:01.935370
8560	7	7	4	1	0:00:01.935284
8580	3	0	2	0	0:00:01.941904
8600	3	3	4	1	0:00:01.938463
8620	3	-1	4	0	0:00:01.935196
8640	1	1	1	1	0:00:01.937288
8660	7	7	7	1	0:00:01.934783
8680	3	9	4	0	0:00:01.935183
8700	3	3	3	1	0:00:01.937605
8720	2	0	0	0	0:00:01.939020
8740	2	2	4	1	0:00:01.935525
8760	8	8	8	1	0:00:01.935906
8780	4	4	4	1	0:00:01.938160
8800	0	0	0	1	0:00:01.935282
8820	2	2	2	1	0:00:01.935386
8840	2	1	7	0	0:00:01.939347
8860	2	2	2	1	0:00:01.938915
8880	1	1	1	1	0:00:01.934701
8900	2	4	4	0	0:00:01.937809
8920	6	6	6	1	0:00:01.937817
8940	6	3	6	0	0:00:01.935251
8960	0	0	0	1	0:00:01.936030
8980	9	9	9	1	0:00:01.939468
9000	8	8	8	1	0:00:01.935890
9020	7	9	8	0	0:00:01.934745
9040	2	5	5	0	0:00:01.936288
9060	9	5	5	0	0:00:01.934842
9080	3	3	3	1	0:00:01.939196
9100	9	6	6	0	0:00:01.937781
9120	3	3	3	1	0:00:01.939687
9140	7	7	4	1	0:00:01.934155
9160	5	5	5	1	0:00:01.935006
9180	5	5	5	1	0:00:01.935100
9200	8	8	8	1	0:00:01.942338
9220	8	8	8	1	0:00:01.938797
9240	8	8	8	1	0:00:01.934826
9260	5	5	5	1	0:00:01.934652
9280	9	1	8	0	0:00:01.939496
9300	5	3	2	0	0:00:01.935662
9320	9	9	8	1	0:00:01.936020
9340	1	1	1	1	0:00:01.936896
9360	5	6	6	0	0:00:01.935461
9380	5	3	3	0	0:00:01.935728
9400	6	6	4	1	0:00:01.934765
9420	5	5	6	1	0:00:01.934240
9440	8	8	8	1	0:00:01.935096
9460	3	7	6	0	0:00:01.937489
9480	2	4	4	0	0:00:01.935690
9500	9	-1	6	0	0:00:01.935359
9520	1	1	1	1	0:00:01.937461
9540	5	5	4	1	0:00:01.935277
9560	9	7	7	0	0:00:01.940249
9580	1	-1	4	0	0:00:01.937734
9600	8	8	8	1	0:00:01.937750
9620	4	7	4	0	0:00:01.937121
9640	5	0	6	0	0:00:01.940063
9660	6	6	6	1	0:00:01.946199
9680	8	8	8	1	0:00:01.937043
9700	0	0	0	1	0:00:01.942389
9720	8	1	8	0	0:00:01.934755
9740	3	6	4	0	0:00:01.936333
9760	9	9	4	1	0:00:01.934522
9780	4	6	4	0	0:00:01.935843
9800	1	1	1	1	0:00:01.934499
9820	0	8	8	0	0:00:01.934316
9840	4	5	5	0	0:00:01.935840
9860	0	5	8	0	0:00:01.934098
9880	7	7	4	1	0:00:01.937550
9900	8	0	8	0	0:00:01.935008
9920	6	6	2	1	0:00:01.938971
9940	4	7	4	0	0:00:01.936755
9960	2	0	0	0	0:00:01.944944
9980	0	0	0	1	0:00:01.940231
