idx	label	predict	basePredict	correct	time
0	3	-1	2	0	0:00:07.598504
20	7	-1	9	0	0:00:07.462387
40	4	-1	8	0	0:00:07.462035
60	7	2	2	0	0:00:07.449106
80	8	-1	8	0	0:00:07.454701
100	4	-1	3	0	0:00:07.459651
120	8	-1	8	0	0:00:07.452468
140	6	2	2	0	0:00:07.468353
160	2	0	0	0	0:00:07.447815
180	0	-1	8	0	0:00:07.439595
200	5	7	3	0	0:00:07.459445
220	7	-1	4	0	0:00:07.458042
240	1	1	8	1	0:00:07.450662
260	8	-1	6	0	0:00:07.457082
280	9	9	8	1	0:00:07.446871
300	6	7	4	0	0:00:07.445585
320	3	-1	4	0	0:00:07.478374
340	2	4	4	0	0:00:07.452985
360	9	-1	4	0	0:00:07.470516
380	6	-1	4	0	0:00:07.454549
400	9	1	1	0	0:00:07.447623
420	4	6	6	0	0:00:07.451611
440	1	-1	6	0	0:00:07.453397
460	5	-1	4	0	0:00:07.460410
480	8	9	9	0	0:00:07.451091
500	4	-1	6	0	0:00:07.485541
520	5	7	7	0	0:00:07.449123
540	1	-1	8	0	0:00:07.444044
560	0	-1	8	0	0:00:07.478472
580	4	6	4	0	0:00:07.449961
600	8	-1	4	0	0:00:07.458829
620	7	-1	4	0	0:00:07.450747
640	5	3	3	0	0:00:07.449912
660	9	9	3	1	0:00:07.474747
680	9	7	4	0	0:00:07.481488
700	7	0	0	0	0:00:07.446000
720	4	9	9	0	0:00:07.467299
740	2	5	3	0	0:00:07.468871
760	3	9	9	0	0:00:07.486733
780	9	-1	0	0	0:00:07.442860
800	7	7	7	1	0:00:07.452698
820	6	-1	8	0	0:00:07.445082
840	7	7	7	1	0:00:07.460426
860	4	-1	4	0	0:00:07.465079
880	8	8	8	1	0:00:07.483625
900	2	-1	4	0	0:00:07.445924
920	6	-1	2	0	0:00:07.447497
940	9	1	1	0	0:00:07.450596
960	9	9	4	1	0:00:07.450256
980	2	6	6	0	0:00:07.457713
1000	5	5	5	1	0:00:07.360650
1020	1	-1	8	0	0:00:07.368120
1040	7	5	5	0	0:00:07.360990
1060	9	9	8	1	0:00:07.363623
1080	6	-1	6	0	0:00:07.359008
1100	7	8	8	0	0:00:07.362543
1120	5	-1	2	0	0:00:07.360549
1140	6	4	4	0	0:00:07.359080
1160	8	0	0	0	0:00:07.362130
1180	3	-1	8	0	0:00:07.359344
1200	8	0	0	0	0:00:07.359361
1220	9	6	2	0	0:00:07.362911
1240	2	6	6	0	0:00:07.354798
1260	1	9	9	0	0:00:07.354401
1280	3	7	7	0	0:00:07.355639
1300	4	3	3	0	0:00:07.351118
1320	7	-1	2	0	0:00:07.356917
1340	1	-1	8	0	0:00:07.352325
1360	7	-1	4	0	0:00:07.357074
1380	4	5	5	0	0:00:07.359259
1400	5	-1	2	0	0:00:07.356230
1420	4	7	7	0	0:00:07.354436
1440	0	8	8	0	0:00:07.356849
1460	6	-1	4	0	0:00:07.358555
1480	1	5	5	0	0:00:07.359010
1500	1	9	9	0	0:00:07.356810
1520	7	6	2	0	0:00:07.353474
1540	8	-1	8	0	0:00:07.356592
1560	7	7	7	1	0:00:07.355935
1580	6	1	1	0	0:00:07.355270
1600	8	-1	6	0	0:00:07.355938
1620	5	8	8	0	0:00:07.353471
1640	7	5	3	0	0:00:07.357440
1660	3	-1	4	0	0:00:07.358094
1680	6	6	6	1	0:00:07.352321
1700	5	2	2	0	0:00:07.354425
1720	4	2	2	0	0:00:07.354868
1740	1	9	9	0	0:00:07.356459
1760	0	-1	8	0	0:00:07.351595
1780	7	-1	8	0	0:00:07.357330
1800	4	8	8	0	0:00:07.355685
1820	8	-1	8	0	0:00:07.357722
1840	8	-1	4	0	0:00:07.356405
1860	8	-1	8	0	0:00:07.356679
1880	1	8	8	0	0:00:07.358650
1900	8	-1	8	0	0:00:07.353974
1920	2	-1	2	0	0:00:07.356279
1940	5	-1	3	0	0:00:07.353913
1960	2	5	5	0	0:00:07.356224
1980	9	9	2	1	0:00:07.356540
2000	1	6	4	0	0:00:07.353089
2020	9	9	1	1	0:00:07.358129
2040	0	8	8	0	0:00:07.355098
2060	5	-1	3	0	0:00:07.360488
2080	1	6	4	0	0:00:07.358011
2100	2	4	4	0	0:00:07.350072
2120	4	8	8	0	0:00:07.355379
2140	9	1	1	0	0:00:07.358479
2160	0	8	8	0	0:00:07.356163
2180	4	-1	2	0	0:00:07.351953
2200	0	2	2	0	0:00:07.356586
2220	1	-1	4	0	0:00:07.354618
2240	9	-1	8	0	0:00:07.353699
2260	4	7	4	0	0:00:07.358088
2280	4	-1	8	0	0:00:07.356940
2300	3	-1	4	0	0:00:07.354751
2320	5	-1	8	0	0:00:07.357345
2340	7	-1	7	0	0:00:07.355422
2360	7	5	3	0	0:00:07.353532
2380	8	0	0	0	0:00:07.352631
2400	0	-1	4	0	0:00:07.352926
2420	8	5	5	0	0:00:07.355976
2440	7	-1	8	0	0:00:07.359012
2460	9	3	3	0	0:00:07.355820
2480	8	-1	8	0	0:00:07.354912
2500	4	-1	2	0	0:00:07.356097
2520	1	9	8	0	0:00:07.353513
2540	2	3	3	0	0:00:07.353643
2560	7	-1	2	0	0:00:07.352731
2580	6	-1	4	0	0:00:07.351413
2600	8	8	8	1	0:00:07.358593
2620	1	-1	4	0	0:00:07.355532
2640	7	-1	6	0	0:00:07.355863
2660	3	-1	2	0	0:00:07.356931
2680	0	0	0	1	0:00:07.358448
2700	9	-1	0	0	0:00:07.364230
2720	3	-1	2	0	0:00:07.358451
2740	1	-1	7	0	0:00:07.355159
2760	2	4	4	0	0:00:07.354744
2780	7	-1	6	0	0:00:07.358433
2800	4	6	6	0	0:00:07.355004
2820	6	6	4	1	0:00:07.354849
2840	3	3	3	1	0:00:07.356333
2860	5	7	4	0	0:00:07.356756
2880	4	4	4	1	0:00:07.361077
2900	3	2	2	0	0:00:07.354695
2920	2	5	5	0	0:00:07.354784
2940	3	0	0	0	0:00:07.352302
2960	9	-1	8	0	0:00:07.357410
2980	8	1	8	0	0:00:07.354244
3000	5	5	5	1	0:00:07.356124
3020	1	-1	8	0	0:00:07.355968
3040	7	7	7	1	0:00:07.355609
3060	7	-1	3	0	0:00:07.358351
3080	1	-1	4	0	0:00:07.354055
3100	0	0	8	1	0:00:07.354903
3120	4	6	2	0	0:00:07.361377
3140	8	0	8	0	0:00:07.352217
3160	6	4	4	0	0:00:07.356135
3180	3	-1	8	0	0:00:07.354797
3200	5	7	7	0	0:00:07.350958
3220	3	9	9	0	0:00:07.356177
3240	4	1	8	0	0:00:07.358194
3260	7	0	2	0	0:00:07.356092
3280	3	0	0	0	0:00:07.356685
3300	4	-1	4	0	0:00:07.357507
3320	2	7	7	0	0:00:07.353769
3340	6	-1	4	0	0:00:07.354840
3360	4	6	6	0	0:00:07.354526
3380	8	-1	8	0	0:00:07.357496
3400	6	4	4	0	0:00:07.355954
3420	5	-1	4	0	0:00:07.360453
3440	2	9	3	0	0:00:07.364926
3460	1	1	4	1	0:00:07.364066
3480	2	2	2	1	0:00:07.364398
3500	1	-1	4	0	0:00:07.366349
3520	1	-1	1	0	0:00:07.367883
3540	6	-1	4	0	0:00:07.364553
3560	1	-1	7	0	0:00:07.364881
3580	4	1	8	0	0:00:07.359612
3600	4	2	2	0	0:00:07.363516
3620	0	6	6	0	0:00:07.365474
3640	6	2	2	0	0:00:07.362698
3660	0	8	8	0	0:00:07.360702
3680	0	-1	2	0	0:00:07.363593
3700	3	-1	4	0	0:00:07.361965
3720	2	-1	2	0	0:00:07.361828
3740	0	-1	8	0	0:00:07.362607
3760	7	7	7	1	0:00:07.360950
3780	4	-1	2	0	0:00:07.365074
3800	9	3	3	0	0:00:07.361702
3820	0	2	2	0	0:00:07.358565
3840	6	-1	3	0	0:00:07.362584
3860	7	7	7	1	0:00:07.360661
3880	6	4	4	0	0:00:07.363885
3900	3	1	1	0	0:00:07.360602
3920	7	-1	8	0	0:00:07.357378
3940	6	7	4	0	0:00:07.360794
3960	2	5	5	0	0:00:07.359593
3980	9	7	7	0	0:00:07.354749
4000	8	7	4	0	0:00:07.365842
4020	8	1	8	0	0:00:07.361781
4040	0	-1	8	0	0:00:07.359035
4060	6	3	3	0	0:00:07.359116
4080	1	8	8	0	0:00:07.362725
4100	7	7	7	1	0:00:07.365837
4120	4	0	0	0	0:00:07.361573
4140	5	3	3	0	0:00:07.363513
4160	5	2	2	0	0:00:07.361023
4180	0	8	8	0	0:00:07.359572
4200	4	-1	2	0	0:00:07.362007
4220	4	0	0	0	0:00:07.362313
4240	7	0	0	0	0:00:07.359994
4260	8	-1	1	0	0:00:07.358747
4280	8	-1	0	0	0:00:07.366333
4300	8	-1	8	0	0:00:07.365717
4320	1	8	8	0	0:00:07.374541
4340	0	8	8	0	0:00:07.370852
4360	6	9	9	0	0:00:07.372946
4380	9	-1	8	0	0:00:07.370131
4400	3	4	4	0	0:00:07.366400
4420	5	8	8	0	0:00:07.372601
4440	2	6	2	0	0:00:07.365569
4460	9	8	8	0	0:00:07.365407
4480	9	-1	6	0	0:00:07.365795
4500	3	-1	6	0	0:00:07.366682
4520	3	6	6	0	0:00:07.365892
4540	9	-1	1	0	0:00:07.364594
4560	1	-1	4	0	0:00:07.364778
4580	6	4	4	0	0:00:07.368001
4600	4	7	7	0	0:00:07.369193
4620	7	3	3	0	0:00:07.365656
4640	2	-1	4	0	0:00:07.371916
4660	7	-1	2	0	0:00:07.363840
4680	9	1	1	0	0:00:07.366683
4700	6	1	4	0	0:00:07.362797
4720	8	0	0	0	0:00:07.359950
4740	5	-1	4	0	0:00:07.362845
4760	3	-1	8	0	0:00:07.364433
4780	0	-1	8	0	0:00:07.363570
4800	9	9	9	1	0:00:07.364299
4820	3	-1	5	0	0:00:07.365661
4840	0	0	0	1	0:00:07.362870
4860	5	3	3	0	0:00:07.370728
4880	0	2	2	0	0:00:07.364430
4900	3	6	6	0	0:00:07.367451
4920	7	-1	2	0	0:00:07.369540
4940	6	-1	4	0	0:00:07.370452
4960	4	3	3	0	0:00:07.365971
4980	1	9	0	0	0:00:07.368753
5000	7	7	7	1	0:00:07.372026
5020	8	1	8	0	0:00:07.369560
5040	3	-1	4	0	0:00:07.363874
5060	6	2	4	0	0:00:07.371635
5080	7	7	7	1	0:00:07.367553
5100	3	-1	4	0	0:00:07.372447
5120	9	8	8	0	0:00:07.370498
5140	8	0	8	0	0:00:07.371158
5160	0	8	8	0	0:00:07.370625
5180	9	-1	4	0	0:00:07.365495
5200	3	3	3	1	0:00:07.369327
5220	0	-1	0	0	0:00:07.367689
5240	1	-1	2	0	0:00:07.370228
5260	0	0	0	1	0:00:07.370711
5280	0	8	8	0	0:00:07.369427
5300	9	1	1	0	0:00:07.364961
5320	7	-1	3	0	0:00:07.366987
5340	3	4	4	0	0:00:07.366712
5360	9	-1	3	0	0:00:07.368639
5380	1	9	9	0	0:00:07.371863
5400	9	0	2	0	0:00:07.371267
5420	6	5	6	0	0:00:07.367887
5440	9	9	8	1	0:00:07.371121
5460	0	7	7	0	0:00:07.372211
5480	1	-1	4	0	0:00:07.372590
5500	8	1	8	0	0:00:07.372829
5520	4	-1	3	0	0:00:07.372545
5540	5	6	2	0	0:00:07.379409
5560	3	6	4	0	0:00:07.372905
5580	5	6	6	0	0:00:07.372353
5600	6	-1	0	0	0:00:07.366460
5620	3	2	2	0	0:00:07.370631
5640	2	-1	3	0	0:00:07.372596
5660	9	-1	8	0	0:00:07.371442
5680	2	-1	8	0	0:00:07.374791
5700	3	-1	2	0	0:00:07.372811
5720	9	9	7	1	0:00:07.373694
5740	6	4	4	0	0:00:07.372113
5760	2	0	2	0	0:00:07.372372
5780	7	-1	4	0	0:00:07.372018
5800	2	-1	4	0	0:00:07.372043
5820	5	6	6	0	0:00:07.370332
5840	2	-1	6	0	0:00:07.369998
5860	0	-1	8	0	0:00:07.368373
5880	0	8	8	0	0:00:07.372790
5900	4	3	4	0	0:00:07.371176
5920	8	8	6	1	0:00:07.368946
5940	7	4	4	0	0:00:07.374297
5960	2	-1	4	0	0:00:07.375942
5980	9	-1	6	0	0:00:07.370845
6000	8	9	8	0	0:00:07.371671
6020	6	7	6	0	0:00:07.371348
6040	2	7	7	0	0:00:07.370836
6060	3	4	4	0	0:00:07.366676
6080	1	-1	6	0	0:00:07.374538
6100	1	-1	8	0	0:00:07.367264
6120	5	-1	3	0	0:00:07.371660
6140	9	-1	7	0	0:00:07.367740
6160	2	5	5	0	0:00:07.371980
6180	0	-1	8	0	0:00:07.371297
6200	3	-1	8	0	0:00:07.372319
6220	2	6	5	0	0:00:07.370652
6240	2	-1	4	0	0:00:07.369996
6260	2	9	8	0	0:00:07.366399
6280	8	-1	4	0	0:00:07.372075
6300	1	7	4	0	0:00:07.372204
6320	0	0	0	1	0:00:07.368196
6340	3	7	3	0	0:00:07.367260
6360	2	6	6	0	0:00:07.372871
6380	3	-1	6	0	0:00:07.372516
6400	0	1	8	0	0:00:07.371278
6420	7	8	8	0	0:00:07.370856
6440	3	-1	8	0	0:00:07.371608
6460	3	-1	4	0	0:00:07.365514
6480	0	-1	2	0	0:00:07.371134
6500	7	-1	8	0	0:00:07.375988
6520	6	-1	4	0	0:00:07.367749
6540	8	-1	8	0	0:00:07.370510
6560	6	7	4	0	0:00:07.373473
6580	1	-1	2	0	0:00:07.367774
6600	7	7	7	1	0:00:07.370175
6620	7	-1	3	0	0:00:07.367304
6640	5	-1	8	0	0:00:07.369523
6660	0	-1	8	0	0:00:07.368551
6680	3	5	5	0	0:00:07.371716
6700	6	-1	2	0	0:00:07.366217
6720	2	-1	2	0	0:00:07.370711
6740	2	-1	4	0	0:00:07.363573
6760	5	-1	6	0	0:00:07.373815
6780	7	7	7	1	0:00:07.372811
6800	6	2	4	0	0:00:07.368118
6820	1	1	8	1	0:00:07.373728
6840	9	1	1	0	0:00:07.363965
6860	0	2	2	0	0:00:07.372869
6880	2	7	7	0	0:00:07.370195
6900	3	7	4	0	0:00:07.369685
6920	5	2	2	0	0:00:07.371486
6940	1	1	1	1	0:00:07.372927
6960	9	8	8	0	0:00:07.366319
6980	0	-1	1	0	0:00:07.372770
7000	2	8	8	0	0:00:07.372501
7020	7	1	8	0	0:00:07.373903
7040	7	-1	8	0	0:00:07.369254
7060	8	0	0	0	0:00:07.369043
7080	5	-1	4	0	0:00:07.375547
7100	9	3	3	0	0:00:07.369775
7120	7	-1	6	0	0:00:07.368789
7140	4	-1	4	0	0:00:07.371012
7160	5	-1	4	0	0:00:07.368894
7180	6	-1	6	0	0:00:07.370591
7200	4	6	2	0	0:00:07.372695
7220	9	-1	8	0	0:00:07.369525
7240	0	8	8	0	0:00:07.371125
7260	1	8	8	0	0:00:07.366531
7280	1	-1	4	0	0:00:07.366423
7300	3	7	4	0	0:00:07.367892
7320	8	0	0	0	0:00:07.372032
7340	2	-1	4	0	0:00:07.372070
7360	2	7	4	0	0:00:07.375382
7380	7	9	5	0	0:00:07.365031
7400	3	-1	3	0	0:00:07.369651
7420	3	0	0	0	0:00:07.372072
7440	3	6	4	0	0:00:07.372933
7460	5	5	5	1	0:00:07.370005
7480	1	-1	5	0	0:00:07.372797
7500	6	6	6	1	0:00:07.367300
7520	4	-1	4	0	0:00:07.370654
7540	5	5	5	1	0:00:07.369407
7560	0	6	2	0	0:00:07.370494
7580	8	0	8	0	0:00:07.376411
7600	8	9	8	0	0:00:07.370914
7620	5	-1	9	0	0:00:07.371787
7640	9	-1	6	0	0:00:07.368163
7660	7	-1	4	0	0:00:07.366229
7680	3	9	3	0	0:00:07.367790
7700	6	6	4	1	0:00:07.366310
7720	5	-1	4	0	0:00:07.367466
7740	4	6	2	0	0:00:07.368474
7760	2	9	9	0	0:00:07.366669
7780	3	1	8	0	0:00:07.365926
7800	0	-1	8	0	0:00:07.362875
7820	5	8	8	0	0:00:07.370768
7840	1	1	1	1	0:00:07.362206
7860	8	-1	4	0	0:00:07.364271
7880	0	-1	2	0	0:00:07.364160
7900	0	-1	8	0	0:00:07.368622
7920	9	-1	8	0	0:00:07.374725
7940	2	6	6	0	0:00:07.365319
7960	0	-1	2	0	0:00:07.367140
7980	3	7	4	0	0:00:07.372689
8000	9	-1	0	0	0:00:07.362259
8020	6	3	3	0	0:00:07.366658
8040	2	6	4	0	0:00:07.368264
8060	6	4	4	0	0:00:07.365401
8080	4	6	6	0	0:00:07.365971
8100	6	2	2	0	0:00:07.365466
8120	8	9	9	0	0:00:07.367072
8140	5	4	4	0	0:00:07.367122
8160	6	9	6	0	0:00:07.369139
8180	4	6	2	0	0:00:07.365561
8200	3	-1	2	0	0:00:07.368470
8220	6	-1	2	0	0:00:07.370686
8240	7	7	4	1	0:00:07.366894
8260	1	3	3	0	0:00:07.365044
8280	4	-1	3	0	0:00:07.369097
8300	5	2	2	0	0:00:07.366228
8320	7	-1	4	0	0:00:07.365311
8340	5	-1	4	0	0:00:07.371887
8360	7	-1	4	0	0:00:07.369410
8380	9	8	8	0	0:00:07.365297
8400	0	8	8	0	0:00:07.373499
8420	3	4	4	0	0:00:07.372670
8440	5	-1	4	0	0:00:07.372658
8460	8	-1	8	0	0:00:07.365591
8480	2	-1	8	0	0:00:07.367504
8500	4	2	2	0	0:00:07.365786
8520	8	-1	4	0	0:00:07.364960
8540	4	6	2	0	0:00:07.368026
8560	7	4	4	0	0:00:07.364040
8580	3	0	2	0	0:00:07.367178
8600	3	7	4	0	0:00:07.365571
8620	3	-1	4	0	0:00:07.367326
8640	1	1	8	1	0:00:07.365433
8660	7	5	5	0	0:00:07.371325
8680	3	9	8	0	0:00:07.366091
8700	3	-1	3	0	0:00:07.364136
8720	2	0	0	0	0:00:07.364692
8740	2	-1	4	0	0:00:07.365721
8760	8	-1	5	0	0:00:07.368408
8780	4	7	4	0	0:00:07.366396
8800	0	0	0	1	0:00:07.367670
8820	2	3	3	0	0:00:07.365764
8840	2	1	1	0	0:00:07.368519
8860	2	6	6	0	0:00:07.367449
8880	1	9	6	0	0:00:07.366909
8900	2	6	4	0	0:00:07.371484
8920	6	6	4	1	0:00:07.359288
8940	6	3	3	0	0:00:07.366277
8960	0	0	0	1	0:00:07.363253
8980	9	-1	8	0	0:00:07.370136
9000	8	8	8	1	0:00:07.368545
9020	7	9	8	0	0:00:07.359425
9040	2	5	5	0	0:00:07.366592
9060	9	5	5	0	0:00:07.369015
9080	3	0	0	0	0:00:07.366494
9100	9	6	6	0	0:00:07.370239
9120	3	0	0	0	0:00:07.368284
9140	7	-1	8	0	0:00:07.371412
9160	5	-1	4	0	0:00:07.367257
9180	5	5	5	1	0:00:07.369586
9200	8	8	8	1	0:00:07.372253
9220	8	8	8	1	0:00:07.369247
9240	8	-1	8	0	0:00:07.367167
9260	5	6	6	0	0:00:07.369381
9280	9	-1	8	0	0:00:07.365336
9300	5	-1	2	0	0:00:07.368244
9320	9	-1	8	0	0:00:07.364385
9340	1	1	1	1	0:00:07.363550
9360	5	-1	4	0	0:00:07.363530
9380	5	9	9	0	0:00:07.367559
9400	6	-1	4	0	0:00:07.364981
9420	5	6	6	0	0:00:07.370790
9440	8	8	8	1	0:00:07.367823
9460	3	7	7	0	0:00:07.360807
9480	2	4	4	0	0:00:07.365807
9500	9	-1	4	0	0:00:07.369772
9520	1	-1	8	0	0:00:07.365825
9540	5	-1	4	0	0:00:07.365718
9560	9	7	7	0	0:00:07.367590
9580	1	4	4	0	0:00:07.365943
9600	8	-1	8	0	0:00:07.365946
9620	4	7	7	0	0:00:07.369222
9640	5	0	0	0	0:00:07.364326
9660	6	-1	6	0	0:00:07.363807
9680	8	-1	8	0	0:00:07.365677
9700	0	-1	2	0	0:00:07.364134
9720	8	-1	6	0	0:00:07.370772
9740	3	-1	4	0	0:00:07.363871
9760	9	7	4	0	0:00:07.366731
9780	4	6	6	0	0:00:07.366663
9800	1	1	1	1	0:00:07.358112
9820	0	8	8	0	0:00:07.367876
9840	4	-1	5	0	0:00:07.368332
9860	0	-1	2	0	0:00:07.368900
9880	7	-1	8	0	0:00:07.364880
9900	8	0	6	0	0:00:07.370409
9920	6	4	2	0	0:00:07.368561
9940	4	5	5	0	0:00:07.368862
9960	2	0	0	0	0:00:07.368485
9980	0	0	0	1	0:00:07.367884
