idx	label	predict	basePredict	correct	time
0	3	3	3	1	0:00:03.777327
20	7	1	1	0	0:00:03.534358
40	4	4	4	1	0:00:03.552670
60	7	7	7	1	0:00:03.560311
80	8	8	8	1	0:00:03.526178
100	4	5	5	0	0:00:03.560411
120	8	8	8	1	0:00:03.530693
140	6	6	6	1	0:00:03.553571
160	2	2	2	1	0:00:03.578846
180	0	0	0	1	0:00:03.544293
200	5	5	5	1	0:00:03.559975
220	7	5	5	0	0:00:03.568352
240	1	1	1	1	0:00:03.535690
260	8	8	8	1	0:00:03.571618
280	9	9	9	1	0:00:03.571465
300	6	6	6	1	0:00:03.558487
320	3	3	3	1	0:00:03.606662
340	2	4	4	0	0:00:03.539154
360	9	9	9	1	0:00:03.555170
380	6	6	6	1	0:00:03.545128
400	9	9	9	1	0:00:03.642581
420	4	4	4	1	0:00:03.580448
440	1	1	1	1	0:00:03.607419
460	5	5	5	1	0:00:03.614938
480	8	8	8	1	0:00:03.525235
500	4	6	6	0	0:00:03.525984
520	5	5	5	1	0:00:03.579638
540	1	1	1	1	0:00:03.543020
560	0	0	0	1	0:00:03.555845
580	4	4	4	1	0:00:03.589370
600	8	8	8	1	0:00:03.603491
620	7	7	7	1	0:00:03.546852
640	5	3	3	0	0:00:03.569823
660	9	9	9	1	0:00:03.558684
680	9	1	1	0	0:00:03.547233
700	7	7	7	1	0:00:03.559945
720	4	4	4	1	0:00:03.558707
740	2	3	2	0	0:00:03.561319
760	3	3	3	1	0:00:03.575931
780	9	9	9	1	0:00:03.554357
800	7	7	7	1	0:00:03.570370
820	6	6	5	1	0:00:03.582330
840	7	7	7	1	0:00:03.596190
860	4	4	4	1	0:00:03.554102
880	8	8	8	1	0:00:03.571196
900	2	6	6	0	0:00:03.554176
920	6	4	4	0	0:00:03.507291
940	9	9	9	1	0:00:03.574844
960	9	9	3	1	0:00:03.591053
980	2	2	2	1	0:00:03.554241
1000	5	5	5	1	0:00:03.465156
1020	1	1	1	1	0:00:03.470301
1040	7	3	3	0	0:00:03.497554
1060	9	9	9	1	0:00:03.456298
1080	6	6	2	1	0:00:03.486544
1100	7	7	7	1	0:00:03.473685
1120	5	2	2	0	0:00:03.476744
1140	6	6	6	1	0:00:03.466360
1160	8	8	8	1	0:00:03.467322
1180	3	3	3	1	0:00:03.484747
1200	8	8	2	1	0:00:03.477413
1220	9	3	3	0	0:00:03.441874
1240	2	2	2	1	0:00:03.460603
1260	1	9	9	0	0:00:03.460008
1280	3	5	5	0	0:00:03.480372
1300	4	3	3	0	0:00:03.470150
1320	7	7	7	1	0:00:03.448887
1340	1	1	1	1	0:00:03.454532
1360	7	7	7	1	0:00:03.464293
1380	4	4	4	1	0:00:03.483516
1400	5	5	3	1	0:00:03.459655
1420	4	4	7	1	0:00:03.453854
1440	0	0	2	1	0:00:03.450534
1460	6	6	6	1	0:00:03.463324
1480	1	1	1	1	0:00:03.432919
1500	1	1	1	1	0:00:03.489407
1520	7	7	7	1	0:00:03.479534
1540	8	8	8	1	0:00:03.459736
1560	7	7	7	1	0:00:03.432209
1580	6	6	3	1	0:00:03.453884
1600	8	9	9	0	0:00:03.478818
1620	5	4	4	0	0:00:03.474282
1640	7	7	7	1	0:00:03.454520
1660	3	3	3	1	0:00:03.448088
1680	6	6	6	1	0:00:03.467540
1700	5	3	3	0	0:00:03.464702
1720	4	4	3	1	0:00:03.467672
1740	1	1	1	1	0:00:03.417514
1760	0	0	0	1	0:00:03.463779
1780	7	7	7	1	0:00:03.443275
1800	4	4	0	1	0:00:03.474042
1820	8	8	8	1	0:00:03.476719
1840	8	4	4	0	0:00:03.478906
1860	8	8	8	1	0:00:03.474758
1880	1	1	1	1	0:00:03.471908
1900	8	8	8	1	0:00:03.465029
1920	2	2	2	1	0:00:03.480048
1940	5	5	2	1	0:00:03.498549
1960	2	5	5	0	0:00:03.479935
1980	9	9	9	1	0:00:03.469455
2000	1	1	1	1	0:00:03.445815
2020	9	9	9	1	0:00:03.465008
2040	0	0	0	1	0:00:03.448128
2060	5	3	3	0	0:00:03.470240
2080	1	1	1	1	0:00:03.455289
2100	2	2	2	1	0:00:03.454358
2120	4	8	8	0	0:00:03.432697
2140	9	9	9	1	0:00:03.459099
2160	0	0	0	1	0:00:03.463675
2180	4	4	4	1	0:00:03.489329
2200	0	0	0	1	0:00:03.404093
2220	1	1	1	1	0:00:03.390685
2240	9	9	9	1	0:00:03.453459
2260	4	4	4	1	0:00:03.457515
2280	4	2	2	0	0:00:03.462077
2300	3	2	2	0	0:00:03.466388
2320	5	3	3	0	0:00:03.484646
2340	7	7	7	1	0:00:03.464404
2360	7	7	7	1	0:00:03.485499
2380	8	1	1	0	0:00:03.474201
2400	0	0	0	1	0:00:03.464982
2420	8	7	7	0	0:00:03.420881
2440	7	7	7	1	0:00:03.416484
2460	9	9	9	1	0:00:03.442727
2480	8	8	8	1	0:00:03.440496
2500	4	2	2	0	0:00:03.407950
2520	1	0	0	0	0:00:03.437533
2540	2	2	2	1	0:00:03.436277
2560	7	7	7	1	0:00:03.390405
2580	6	6	6	1	0:00:03.411657
2600	8	8	8	1	0:00:03.429302
2620	1	1	1	1	0:00:03.420190
2640	7	7	7	1	0:00:03.453390
2660	3	3	3	1	0:00:03.469786
2680	0	0	0	1	0:00:03.481693
2700	9	1	1	0	0:00:03.484663
2720	3	3	3	1	0:00:03.485584
2740	1	1	1	1	0:00:03.470421
2760	2	2	2	1	0:00:03.490972
2780	7	7	7	1	0:00:03.469232
2800	4	4	4	1	0:00:03.461097
2820	6	6	6	1	0:00:03.490858
2840	3	3	3	1	0:00:03.454783
2860	5	5	3	1	0:00:03.486409
2880	4	4	4	1	0:00:03.469553
2900	3	2	2	0	0:00:03.478216
2920	2	2	2	1	0:00:03.478328
2940	3	0	0	0	0:00:03.479474
2960	9	0	0	0	0:00:03.460593
2980	8	8	8	1	0:00:03.482327
3000	5	5	5	1	0:00:03.474689
3020	1	1	1	1	0:00:03.463446
3040	7	7	7	1	0:00:03.443496
3060	7	7	7	1	0:00:03.469044
3080	1	1	1	1	0:00:03.465124
3100	0	0	0	1	0:00:03.491601
3120	4	4	4	1	0:00:03.476103
3140	8	8	8	1	0:00:03.478314
3160	6	2	2	0	0:00:03.416596
3180	3	6	5	0	0:00:03.450849
3200	5	5	5	1	0:00:03.453561
3220	3	3	3	1	0:00:03.482293
3240	4	1	1	0	0:00:03.477390
3260	7	7	7	1	0:00:03.432696
3280	3	3	3	1	0:00:03.439116
3300	4	4	2	1	0:00:03.435915
3320	2	2	2	1	0:00:03.442302
3340	6	6	6	1	0:00:03.453885
3360	4	4	4	1	0:00:03.415849
3380	8	8	8	1	0:00:03.421002
3400	6	4	4	0	0:00:03.463930
3420	5	3	3	0	0:00:03.421752
3440	2	3	3	0	0:00:03.423077
3460	1	1	1	1	0:00:03.461379
3480	2	2	2	1	0:00:03.388971
3500	1	9	9	0	0:00:03.419707
3520	1	1	1	1	0:00:03.434705
3540	6	6	3	1	0:00:03.400222
3560	1	0	0	0	0:00:03.388459
3580	4	4	4	1	0:00:03.416188
3600	4	3	3	0	0:00:03.398414
3620	0	0	0	1	0:00:03.440540
3640	6	6	6	1	0:00:03.418982
3660	0	0	0	1	0:00:03.399291
3680	0	0	3	1	0:00:03.407637
3700	3	3	3	1	0:00:03.436317
3720	2	2	2	1	0:00:03.419895
3740	0	0	0	1	0:00:03.427853
3760	7	7	7	1	0:00:03.411014
3780	4	4	4	1	0:00:03.412281
3800	9	9	9	1	0:00:03.420229
3820	0	8	8	0	0:00:03.390652
3840	6	8	4	0	0:00:03.398525
3860	7	7	7	1	0:00:03.394137
3880	6	6	6	1	0:00:03.392902
3900	3	3	3	1	0:00:03.397121
3920	7	7	7	1	0:00:03.383440
3940	6	4	3	0	0:00:03.400873
3960	2	2	2	1	0:00:03.426339
3980	9	-1	9	0	0:00:03.386429
4000	8	2	2	0	0:00:03.409192
4020	8	8	8	1	0:00:03.425943
4040	0	0	0	1	0:00:03.396622
4060	6	6	6	1	0:00:03.397682
4080	1	1	1	1	0:00:03.419085
4100	7	7	7	1	0:00:03.403389
4120	4	4	4	1	0:00:03.392393
4140	5	5	5	1	0:00:03.393297
4160	5	5	5	1	0:00:03.394550
4180	0	0	8	1	0:00:03.418756
4200	4	4	4	1	0:00:03.421948
4220	4	0	0	0	0:00:03.418634
4240	7	7	7	1	0:00:03.417456
4260	8	8	8	1	0:00:03.413501
4280	8	0	0	0	0:00:03.433379
4300	8	8	8	1	0:00:03.439250
4320	1	9	1	0	0:00:03.434090
4340	0	0	0	1	0:00:03.432143
4360	6	6	6	1	0:00:03.474900
4380	9	9	9	1	0:00:03.432548
4400	3	5	5	0	0:00:03.428430
4420	5	5	5	1	0:00:03.443806
4440	2	2	2	1	0:00:03.438819
4460	9	9	9	1	0:00:03.469976
4480	9	9	9	1	0:00:03.426604
4500	3	3	3	1	0:00:03.426516
4520	3	3	3	1	0:00:03.464303
4540	9	9	9	1	0:00:03.422274
4560	1	1	1	1	0:00:03.414827
4580	6	6	6	1	0:00:03.422665
4600	4	4	4	1	0:00:03.422935
4620	7	7	3	1	0:00:03.412682
4640	2	2	2	1	0:00:03.462008
4660	7	7	7	1	0:00:03.440783
4680	9	9	9	1	0:00:03.430570
4700	6	6	5	1	0:00:03.457998
4720	8	8	0	1	0:00:03.458513
4740	5	3	3	0	0:00:03.453023
4760	3	2	2	0	0:00:03.431484
4780	0	0	0	1	0:00:03.431658
4800	9	9	9	1	0:00:03.430964
4820	3	3	3	1	0:00:03.442743
4840	0	0	0	1	0:00:03.460944
4860	5	5	5	1	0:00:03.435660
4880	0	0	0	1	0:00:03.450763
4900	3	3	3	1	0:00:03.436790
4920	7	7	7	1	0:00:03.421641
4940	6	6	6	1	0:00:03.455856
4960	4	4	4	1	0:00:03.455324
4980	1	1	1	1	0:00:03.455799
5000	7	7	7	1	0:00:03.428317
5020	8	8	8	1	0:00:03.434036
5040	3	3	3	1	0:00:03.467046
5060	6	6	6	1	0:00:03.432595
5080	7	4	4	0	0:00:03.449747
5100	3	3	3	1	0:00:03.434479
5120	9	9	9	1	0:00:03.440119
5140	8	8	8	1	0:00:03.456392
5160	0	0	0	1	0:00:03.446545
5180	9	7	7	0	0:00:03.443612
5200	3	3	3	1	0:00:03.459435
5220	0	0	0	1	0:00:03.458495
5240	1	1	1	1	0:00:03.455610
5260	0	0	0	1	0:00:03.468474
5280	0	0	2	1	0:00:03.458179
5300	9	9	9	1	0:00:03.449272
5320	7	7	7	1	0:00:03.462634
5340	3	3	3	1	0:00:03.461237
5360	9	9	9	1	0:00:03.450079
5380	1	1	1	1	0:00:03.500884
5400	9	9	9	1	0:00:03.462156
5420	6	6	6	1	0:00:03.446809
5440	9	9	9	1	0:00:03.466767
5460	0	0	0	1	0:00:03.448133
5480	1	1	1	1	0:00:03.451293
5500	8	8	8	1	0:00:03.456579
5520	4	4	3	1	0:00:03.454711
5540	5	5	3	1	0:00:03.431570
5560	3	6	6	0	0:00:03.434593
5580	5	3	3	0	0:00:03.419275
5600	6	5	5	0	0:00:03.425625
5620	3	6	6	0	0:00:03.428587
5640	2	2	2	1	0:00:03.417254
5660	9	9	1	1	0:00:03.422325
5680	2	2	0	1	0:00:03.419605
5700	3	5	5	0	0:00:03.421128
5720	9	9	9	1	0:00:03.423030
5740	6	6	6	1	0:00:03.425656
5760	2	2	2	1	0:00:03.440199
5780	7	7	7	1	0:00:03.452240
5800	2	2	2	1	0:00:03.433589
5820	5	5	5	1	0:00:03.446151
5840	2	5	5	0	0:00:03.427883
5860	0	0	2	1	0:00:03.413232
5880	0	0	0	1	0:00:03.429245
5900	4	3	3	0	0:00:03.417323
5920	8	8	8	1	0:00:03.420607
5940	7	3	3	0	0:00:03.437150
5960	2	6	6	0	0:00:03.406897
5980	9	9	9	1	0:00:03.408710
6000	8	8	8	1	0:00:03.441777
6020	6	6	6	1	0:00:03.412860
6040	2	7	7	0	0:00:03.428081
6060	3	4	5	0	0:00:03.445694
6080	1	1	1	1	0:00:03.415301
6100	1	1	1	1	0:00:03.436949
6120	5	5	5	1	0:00:03.434714
6140	9	9	9	1	0:00:03.407332
6160	2	2	2	1	0:00:03.457518
6180	0	0	0	1	0:00:03.467573
6200	3	3	3	1	0:00:03.453618
6220	2	2	2	1	0:00:03.450741
6240	2	2	2	1	0:00:03.445655
6260	2	2	2	1	0:00:03.461175
6280	8	8	8	1	0:00:03.462839
6300	1	1	1	1	0:00:03.459159
6320	0	0	0	1	0:00:03.450852
6340	3	4	4	0	0:00:03.443230
6360	2	2	2	1	0:00:03.441930
6380	3	3	3	1	0:00:03.447833
6400	0	0	0	1	0:00:03.454735
6420	7	7	7	1	0:00:03.456565
6440	3	5	5	0	0:00:03.446146
6460	3	3	3	1	0:00:03.456617
6480	0	0	0	1	0:00:03.445540
6500	7	0	0	0	0:00:03.469515
6520	6	6	6	1	0:00:03.453887
6540	8	8	8	1	0:00:03.461097
6560	6	6	4	1	0:00:03.457930
6580	1	1	1	1	0:00:03.455686
6600	7	7	7	1	0:00:03.470044
6620	7	7	7	1	0:00:03.462684
6640	5	3	3	0	0:00:03.436788
6660	0	0	0	1	0:00:03.468678
6680	3	5	5	0	0:00:03.469519
6700	6	6	6	1	0:00:03.452842
6720	2	6	2	0	0:00:03.465376
6740	2	3	3	0	0:00:03.467263
6760	5	5	5	1	0:00:03.446896
6780	7	7	7	1	0:00:03.448284
6800	6	6	3	1	0:00:03.499158
6820	1	1	1	1	0:00:03.451688
6840	9	9	9	1	0:00:03.451313
6860	0	0	0	1	0:00:03.459308
6880	2	2	2	1	0:00:03.451305
6900	3	3	3	1	0:00:03.450644
6920	5	6	6	0	0:00:03.488922
6940	1	1	1	1	0:00:03.443294
6960	9	9	9	1	0:00:03.443937
6980	0	0	0	1	0:00:03.443139
7000	2	8	8	0	0:00:03.448230
7020	7	7	7	1	0:00:03.454536
7040	7	0	0	0	0:00:03.454305
7060	8	8	8	1	0:00:03.476431
7080	5	4	0	0	0:00:03.439068
7100	9	3	3	0	0:00:03.462213
7120	7	7	7	1	0:00:03.462425
7140	4	2	2	0	0:00:03.447855
7160	5	5	5	1	0:00:03.447818
7180	6	6	6	1	0:00:03.449781
7200	4	4	3	1	0:00:03.453629
7220	9	9	9	1	0:00:03.460178
7240	0	0	8	1	0:00:03.447023
7260	1	1	1	1	0:00:03.453242
7280	1	9	9	0	0:00:03.415657
7300	3	5	3	0	0:00:03.416001
7320	8	8	8	1	0:00:03.417045
7340	2	2	2	1	0:00:03.417880
7360	2	2	2	1	0:00:03.416998
7380	7	7	7	1	0:00:03.428686
7400	3	3	3	1	0:00:03.426505
7420	3	3	3	1	0:00:03.428904
7440	3	3	3	1	0:00:03.407531
7460	5	5	5	1	0:00:03.402009
7480	1	1	1	1	0:00:03.432630
7500	6	6	6	1	0:00:03.428085
7520	4	4	4	1	0:00:03.425425
7540	5	5	5	1	0:00:03.381983
7560	0	0	0	1	0:00:03.367525
7580	8	8	8	1	0:00:03.362506
7600	8	5	5	0	0:00:03.380664
7620	5	3	3	0	0:00:03.369016
7640	9	-1	8	0	0:00:03.358781
7660	7	7	7	1	0:00:03.373332
7680	3	5	5	0	0:00:03.366337
7700	6	6	6	1	0:00:03.370138
7720	5	5	3	1	0:00:03.394315
7740	4	4	4	1	0:00:03.383590
7760	2	9	9	0	0:00:03.378684
7780	3	8	8	0	0:00:03.370172
7800	0	0	0	1	0:00:03.370425
7820	5	3	3	0	0:00:03.366008
7840	1	1	1	1	0:00:03.376021
7860	8	8	8	1	0:00:03.373042
7880	0	0	0	1	0:00:03.366854
7900	0	0	0	1	0:00:03.403203
7920	9	9	9	1	0:00:03.406054
7940	2	2	2	1	0:00:03.412560
7960	0	0	0	1	0:00:03.389493
7980	3	3	3	1	0:00:03.401139
8000	9	9	9	1	0:00:03.410689
8020	6	7	7	0	0:00:03.404492
8040	2	2	2	1	0:00:03.400067
8060	6	6	6	1	0:00:03.383047
8080	4	4	3	1	0:00:03.388405
8100	6	6	6	1	0:00:03.388759
8120	8	8	8	1	0:00:03.399983
8140	5	5	5	1	0:00:03.402950
8160	6	6	6	1	0:00:03.400633
8180	4	2	2	0	0:00:03.384054
8200	3	7	7	0	0:00:03.404882
8220	6	6	6	1	0:00:03.401634
8240	7	7	7	1	0:00:03.376379
8260	1	1	1	1	0:00:03.399750
8280	4	4	4	1	0:00:03.403674
8300	5	5	5	1	0:00:03.395688
8320	7	7	7	1	0:00:03.398918
8340	5	5	5	1	0:00:03.384108
8360	7	7	7	1	0:00:03.395139
8380	9	9	9	1	0:00:03.386815
8400	0	0	0	1	0:00:03.411902
8420	3	6	6	0	0:00:03.418437
8440	5	3	3	0	0:00:03.400166
8460	8	8	8	1	0:00:03.378853
8480	2	2	2	1	0:00:03.418390
8500	4	4	4	1	0:00:03.401730
8520	8	8	8	1	0:00:03.408604
8540	4	2	2	0	0:00:03.439419
8560	7	7	7	1	0:00:03.405675
8580	3	5	5	0	0:00:03.394150
8600	3	5	5	0	0:00:03.406281
8620	3	3	5	1	0:00:03.391339
8640	1	1	1	1	0:00:03.410798
8660	7	7	7	1	0:00:03.395596
8680	3	5	5	0	0:00:03.390400
8700	3	3	5	1	0:00:03.413880
8720	2	0	0	0	0:00:03.418714
8740	2	5	5	0	0:00:03.418923
8760	8	8	8	1	0:00:03.393098
8780	4	7	4	0	0:00:03.405348
8800	0	0	0	1	0:00:03.413353
8820	2	2	2	1	0:00:03.404972
8840	2	2	2	1	0:00:03.410010
8860	2	2	2	1	0:00:03.397800
8880	1	1	1	1	0:00:03.405976
8900	2	2	2	1	0:00:03.415125
8920	6	6	6	1	0:00:03.412378
8940	6	3	3	0	0:00:03.399823
8960	0	2	2	0	0:00:03.412537
8980	9	9	9	1	0:00:03.426580
9000	8	8	8	1	0:00:03.393312
9020	7	7	7	1	0:00:03.376813
9040	2	5	5	0	0:00:03.398466
9060	9	9	9	1	0:00:03.378770
9080	3	3	3	1	0:00:03.387279
9100	9	1	1	0	0:00:03.391165
9120	3	5	5	0	0:00:03.380375
9140	7	7	7	1	0:00:03.378975
9160	5	3	3	0	0:00:03.381039
9180	5	5	5	1	0:00:03.407651
9200	8	8	8	1	0:00:03.401272
9220	8	8	8	1	0:00:03.400629
9240	8	8	8	1	0:00:03.406038
9260	5	3	3	0	0:00:03.398526
9280	9	9	9	1	0:00:03.405531
9300	5	3	3	0	0:00:03.401965
9320	9	9	9	1	0:00:03.399768
9340	1	1	1	1	0:00:03.407498
9360	5	0	0	0	0:00:03.406562
9380	5	3	3	0	0:00:03.399057
9400	6	6	6	1	0:00:03.401231
9420	5	5	5	1	0:00:03.408843
9440	8	8	8	1	0:00:03.392283
9460	3	3	3	1	0:00:03.404092
9480	2	2	2	1	0:00:03.407800
9500	9	9	9	1	0:00:03.394162
9520	1	1	1	1	0:00:03.404148
9540	5	5	3	1	0:00:03.412477
9560	9	7	7	0	0:00:03.405129
9580	1	1	1	1	0:00:03.392719
9600	8	8	8	1	0:00:03.420727
9620	4	4	4	1	0:00:03.404395
9640	5	5	5	1	0:00:03.411461
9660	6	6	6	1	0:00:03.423293
9680	8	8	8	1	0:00:03.409883
9700	0	0	0	1	0:00:03.394394
9720	8	8	8	1	0:00:03.428579
9740	3	6	2	0	0:00:03.401773
9760	9	9	5	1	0:00:03.418498
9780	4	4	2	1	0:00:03.405224
9800	1	1	1	1	0:00:03.384694
9820	0	8	8	0	0:00:03.398918
9840	4	7	7	0	0:00:03.414121
9860	0	0	0	1	0:00:03.410048
9880	7	7	7	1	0:00:03.436041
9900	8	8	8	1	0:00:03.410938
9920	6	6	6	1	0:00:03.412658
9940	4	4	4	1	0:00:03.409846
9960	2	0	3	0	0:00:03.405466
9980	0	0	0	1	0:00:03.410038
