idx	label	predict	basePredict	correct	time
0	3	3	3	1	0:00:01.966989
20	7	7	7	1	0:00:01.895409
40	4	4	4	1	0:00:01.843496
60	7	7	7	1	0:00:01.980731
80	8	8	8	1	0:00:01.917639
100	4	4	5	1	0:00:01.933235
120	8	8	8	1	0:00:01.916439
140	6	6	6	1	0:00:01.921715
160	2	2	2	1	0:00:01.933880
180	0	0	0	1	0:00:01.928498
200	5	5	5	1	0:00:01.915786
220	7	7	7	1	0:00:01.920372
240	1	1	1	1	0:00:01.912736
260	8	8	8	1	0:00:01.942572
280	9	9	9	1	0:00:01.938762
300	6	6	6	1	0:00:01.928720
320	3	3	3	1	0:00:01.909582
340	2	2	2	1	0:00:01.923027
360	9	9	9	1	0:00:01.937839
380	6	6	6	1	0:00:01.915443
400	9	9	9	1	0:00:01.917005
420	4	4	3	1	0:00:01.924451
440	1	1	1	1	0:00:01.942596
460	5	5	5	1	0:00:01.916362
480	8	8	8	1	0:00:01.937841
500	4	6	4	0	0:00:01.959931
520	5	5	5	1	0:00:01.918422
540	1	1	1	1	0:00:01.916790
560	0	0	0	1	0:00:01.906317
580	4	4	4	1	0:00:01.911980
600	8	8	8	1	0:00:01.912258
620	7	7	7	1	0:00:01.885410
640	5	3	3	0	0:00:01.941235
660	9	9	9	1	0:00:01.938459
680	9	9	5	1	0:00:01.931260
700	7	7	7	1	0:00:01.918349
720	4	4	4	1	0:00:01.913335
740	2	2	5	1	0:00:01.926320
760	3	3	3	1	0:00:01.930350
780	9	9	9	1	0:00:01.941931
800	7	7	7	1	0:00:01.939857
820	6	6	5	1	0:00:01.946653
840	7	7	7	1	0:00:01.918921
860	4	4	2	1	0:00:01.930935
880	8	8	8	1	0:00:01.897297
900	2	6	3	0	0:00:01.919988
920	6	4	4	0	0:00:01.924824
940	9	9	9	1	0:00:01.942815
960	9	9	9	1	0:00:01.918555
980	2	2	2	1	0:00:01.926868
1000	5	5	5	1	0:00:01.833945
1020	1	1	1	1	0:00:01.825761
1040	7	7	7	1	0:00:01.829569
1060	9	9	9	1	0:00:01.842111
1080	6	2	2	0	0:00:01.821022
1100	7	5	5	0	0:00:01.831781
1120	5	5	2	1	0:00:01.821385
1140	6	6	3	1	0:00:01.825372
1160	8	8	8	1	0:00:01.842618
1180	3	3	3	1	0:00:01.831991
1200	8	8	8	1	0:00:01.839469
1220	9	3	3	0	0:00:01.842394
1240	2	2	2	1	0:00:01.838416
1260	1	9	9	0	0:00:01.769658
1280	3	3	3	1	0:00:01.806346
1300	4	3	3	0	0:00:01.814900
1320	7	7	7	1	0:00:01.825773
1340	1	1	1	1	0:00:01.833950
1360	7	7	7	1	0:00:01.827451
1380	4	4	4	1	0:00:01.850332
1400	5	5	5	1	0:00:01.868910
1420	4	2	2	0	0:00:01.842515
1440	0	0	0	1	0:00:01.827374
1460	6	6	6	1	0:00:01.820866
1480	1	1	1	1	0:00:01.839201
1500	1	1	1	1	0:00:01.834638
1520	7	7	7	1	0:00:01.776857
1540	8	8	8	1	0:00:01.806390
1560	7	7	7	1	0:00:01.800686
1580	6	6	6	1	0:00:01.805495
1600	8	8	8	1	0:00:01.776555
1620	5	3	3	0	0:00:01.804258
1640	7	7	7	1	0:00:01.830144
1660	3	3	3	1	0:00:01.826534
1680	6	6	6	1	0:00:01.822766
1700	5	5	5	1	0:00:01.824103
1720	4	4	4	1	0:00:01.854383
1740	1	1	1	1	0:00:01.838302
1760	0	0	0	1	0:00:01.821741
1780	7	7	7	1	0:00:01.840750
1800	4	4	4	1	0:00:01.815594
1820	8	8	8	1	0:00:01.847440
1840	8	8	8	1	0:00:01.860546
1860	8	8	8	1	0:00:01.858382
1880	1	1	1	1	0:00:01.820859
1900	8	8	8	1	0:00:01.840982
1920	2	2	2	1	0:00:01.846250
1940	5	5	2	1	0:00:01.844148
1960	2	2	2	1	0:00:01.844348
1980	9	9	9	1	0:00:01.820116
2000	1	1	1	1	0:00:01.823814
2020	9	9	9	1	0:00:01.839630
2040	0	0	0	1	0:00:01.844671
2060	5	3	3	0	0:00:01.809471
2080	1	1	1	1	0:00:01.834765
2100	2	2	2	1	0:00:01.839897
2120	4	8	8	0	0:00:01.845560
2140	9	9	9	1	0:00:01.846719
2160	0	0	0	1	0:00:01.841157
2180	4	4	4	1	0:00:01.836470
2200	0	0	0	1	0:00:01.845993
2220	1	1	1	1	0:00:01.820788
2240	9	9	9	1	0:00:01.810671
2260	4	4	4	1	0:00:01.815566
2280	4	4	2	1	0:00:01.829813
2300	3	1	1	0	0:00:01.816573
2320	5	3	3	0	0:00:01.840250
2340	7	7	7	1	0:00:01.838315
2360	7	7	7	1	0:00:01.833109
2380	8	8	8	1	0:00:01.848444
2400	0	0	0	1	0:00:01.834111
2420	8	7	7	0	0:00:01.820749
2440	7	7	7	1	0:00:01.821936
2460	9	9	9	1	0:00:01.843388
2480	8	8	8	1	0:00:01.822762
2500	4	6	5	0	0:00:01.836671
2520	1	0	0	0	0:00:01.838877
2540	2	2	2	1	0:00:01.837312
2560	7	7	7	1	0:00:01.819157
2580	6	6	6	1	0:00:01.845100
2600	8	8	8	1	0:00:01.842909
2620	1	1	1	1	0:00:01.833204
2640	7	7	7	1	0:00:01.839394
2660	3	3	3	1	0:00:01.872501
2680	0	0	0	1	0:00:01.836325
2700	9	1	1	0	0:00:01.851125
2720	3	3	3	1	0:00:01.852946
2740	1	1	1	1	0:00:01.844718
2760	2	2	2	1	0:00:01.841624
2780	7	7	7	1	0:00:01.834838
2800	4	4	4	1	0:00:01.827296
2820	6	6	6	1	0:00:01.839735
2840	3	3	3	1	0:00:01.834906
2860	5	5	5	1	0:00:01.832397
2880	4	4	4	1	0:00:01.828251
2900	3	3	3	1	0:00:01.818998
2920	2	2	2	1	0:00:01.803297
2940	3	0	0	0	0:00:01.835695
2960	9	0	0	0	0:00:01.836885
2980	8	8	8	1	0:00:01.824847
3000	5	5	5	1	0:00:01.847242
3020	1	1	1	1	0:00:01.816511
3040	7	7	7	1	0:00:01.778811
3060	7	7	7	1	0:00:01.784585
3080	1	1	1	1	0:00:01.793267
3100	0	0	0	1	0:00:01.782875
3120	4	4	3	1	0:00:01.804687
3140	8	8	8	1	0:00:01.786525
3160	6	2	2	0	0:00:01.836158
3180	3	3	3	1	0:00:01.848503
3200	5	5	5	1	0:00:01.836799
3220	3	3	3	1	0:00:01.773340
3240	4	4	1	1	0:00:01.838868
3260	7	7	7	1	0:00:01.792935
3280	3	3	3	1	0:00:01.805292
3300	4	4	4	1	0:00:01.822802
3320	2	2	3	1	0:00:01.826185
3340	6	6	6	1	0:00:01.826859
3360	4	4	4	1	0:00:01.855391
3380	8	8	8	1	0:00:01.846469
3400	6	1	0	0	0:00:01.836184
3420	5	3	3	0	0:00:01.837512
3440	2	3	3	0	0:00:01.835727
3460	1	1	1	1	0:00:01.848086
3480	2	2	2	1	0:00:01.830532
3500	1	1	1	1	0:00:01.815753
3520	1	1	1	1	0:00:01.811937
3540	6	6	6	1	0:00:01.817368
3560	1	9	9	0	0:00:01.824635
3580	4	4	4	1	0:00:01.836663
3600	4	3	3	0	0:00:01.836864
3620	0	0	0	1	0:00:01.844352
3640	6	6	6	1	0:00:01.839884
3660	0	0	0	1	0:00:01.839952
3680	0	0	0	1	0:00:01.862270
3700	3	3	3	1	0:00:01.851731
3720	2	2	2	1	0:00:01.841062
3740	0	0	0	1	0:00:01.830397
3760	7	7	7	1	0:00:01.841986
3780	4	3	3	0	0:00:01.828409
3800	9	9	9	1	0:00:01.833548
3820	0	3	3	0	0:00:01.842261
3840	6	6	5	1	0:00:01.821970
3860	7	7	7	1	0:00:01.835387
3880	6	6	6	1	0:00:01.841628
3900	3	3	3	1	0:00:01.843645
3920	7	7	7	1	0:00:01.843162
3940	6	6	6	1	0:00:01.813754
3960	2	2	2	1	0:00:01.834511
3980	9	9	9	1	0:00:01.823051
4000	8	7	7	0	0:00:01.817494
4020	8	8	8	1	0:00:01.834788
4040	0	0	0	1	0:00:01.842628
4060	6	6	6	1	0:00:01.829906
4080	1	1	1	1	0:00:01.820103
4100	7	7	7	1	0:00:01.825560
4120	4	4	4	1	0:00:01.826810
4140	5	5	5	1	0:00:01.827308
4160	5	5	5	1	0:00:01.853817
4180	0	0	8	1	0:00:01.826735
4200	4	4	4	1	0:00:01.828575
4220	4	0	0	0	0:00:01.829597
4240	7	7	7	1	0:00:01.828603
4260	8	8	8	1	0:00:01.833288
4280	8	8	8	1	0:00:01.842742
4300	8	8	8	1	0:00:01.829371
4320	1	1	1	1	0:00:01.842680
4340	0	0	0	1	0:00:01.843630
4360	6	6	6	1	0:00:01.829128
4380	9	9	9	1	0:00:01.841628
4400	3	3	3	1	0:00:01.843397
4420	5	5	5	1	0:00:01.846967
4440	2	2	2	1	0:00:01.822770
4460	9	9	9	1	0:00:01.836460
4480	9	9	9	1	0:00:01.830059
4500	3	3	3	1	0:00:01.853915
4520	3	3	3	1	0:00:01.842636
4540	9	9	9	1	0:00:01.827425
4560	1	1	1	1	0:00:01.840104
4580	6	6	6	1	0:00:01.831833
4600	4	4	4	1	0:00:01.840647
4620	7	7	7	1	0:00:01.852199
4640	2	2	2	1	0:00:01.845557
4660	7	7	7	1	0:00:01.846488
4680	9	9	9	1	0:00:01.845113
4700	6	-1	5	0	0:00:01.841853
4720	8	8	8	1	0:00:01.825602
4740	5	3	3	0	0:00:01.838234
4760	3	2	3	0	0:00:01.840300
4780	0	0	0	1	0:00:01.813907
4800	9	9	9	1	0:00:01.805535
4820	3	3	3	1	0:00:01.787427
4840	0	0	0	1	0:00:01.804208
4860	5	5	5	1	0:00:01.827514
4880	0	0	0	1	0:00:01.829802
4900	3	3	3	1	0:00:01.828323
4920	7	7	7	1	0:00:01.835945
4940	6	6	6	1	0:00:01.853943
4960	4	4	4	1	0:00:01.846332
4980	1	1	1	1	0:00:01.850313
5000	7	7	7	1	0:00:01.837412
5020	8	8	8	1	0:00:01.831232
5040	3	3	3	1	0:00:01.826800
5060	6	6	3	1	0:00:01.801978
5080	7	7	7	1	0:00:01.870509
5100	3	3	3	1	0:00:01.824808
5120	9	9	9	1	0:00:01.841813
5140	8	8	8	1	0:00:01.834189
5160	0	0	0	1	0:00:01.848536
5180	9	7	5	0	0:00:01.805454
5200	3	3	2	1	0:00:01.848611
5220	0	0	0	1	0:00:01.808488
5240	1	1	1	1	0:00:01.838898
5260	0	0	0	1	0:00:01.829283
5280	0	4	4	0	0:00:01.832039
5300	9	9	9	1	0:00:01.834756
5320	7	7	7	1	0:00:01.833929
5340	3	3	3	1	0:00:01.798726
5360	9	9	9	1	0:00:01.794916
5380	1	-1	1	0	0:00:01.823691
5400	9	9	9	1	0:00:01.819753
5420	6	6	6	1	0:00:01.801820
5440	9	9	9	1	0:00:01.801201
5460	0	0	0	1	0:00:01.808475
5480	1	1	1	1	0:00:01.832145
5500	8	8	8	1	0:00:01.814761
5520	4	4	3	1	0:00:01.809532
5540	5	5	5	1	0:00:01.824886
5560	3	3	3	1	0:00:01.806996
5580	5	3	3	0	0:00:01.828415
5600	6	5	5	0	0:00:01.816684
5620	3	3	3	1	0:00:01.814074
5640	2	3	2	0	0:00:01.834369
5660	9	9	9	1	0:00:01.842402
5680	2	2	2	1	0:00:01.849935
5700	3	3	3	1	0:00:01.820591
5720	9	9	9	1	0:00:01.828648
5740	6	6	6	1	0:00:01.822309
5760	2	2	2	1	0:00:01.799559
5780	7	7	7	1	0:00:01.844728
5800	2	2	2	1	0:00:01.811144
5820	5	5	5	1	0:00:01.824027
5840	2	2	2	1	0:00:01.819069
5860	0	0	8	1	0:00:01.820119
5880	0	0	0	1	0:00:01.805853
5900	4	0	0	0	0:00:01.802029
5920	8	8	8	1	0:00:01.790892
5940	7	7	7	1	0:00:01.811613
5960	2	6	5	0	0:00:01.795074
5980	9	9	9	1	0:00:01.810451
6000	8	8	8	1	0:00:01.836374
6020	6	6	6	1	0:00:01.817362
6040	2	7	7	0	0:00:01.835511
6060	3	3	3	1	0:00:01.787035
6080	1	1	1	1	0:00:01.793904
6100	1	1	1	1	0:00:01.794246
6120	5	5	5	1	0:00:01.860248
6140	9	9	9	1	0:00:01.829724
6160	2	2	2	1	0:00:01.837306
6180	0	0	0	1	0:00:01.845013
6200	3	3	3	1	0:00:01.840835
6220	2	2	2	1	0:00:01.840936
6240	2	2	2	1	0:00:01.822957
6260	2	-1	2	0	0:00:01.808367
6280	8	8	8	1	0:00:01.808867
6300	1	1	1	1	0:00:01.809836
6320	0	0	0	1	0:00:01.830343
6340	3	3	3	1	0:00:01.835824
6360	2	2	2	1	0:00:01.830678
6380	3	3	3	1	0:00:01.827568
6400	0	0	0	1	0:00:01.833851
6420	7	7	7	1	0:00:01.830818
6440	3	2	2	0	0:00:01.826699
6460	3	3	3	1	0:00:01.835212
6480	0	0	0	1	0:00:01.826236
6500	7	7	3	1	0:00:01.825865
6520	6	6	6	1	0:00:01.821374
6540	8	8	8	1	0:00:01.831252
6560	6	6	6	1	0:00:01.830482
6580	1	1	1	1	0:00:01.843703
6600	7	7	7	1	0:00:01.829705
6620	7	7	7	1	0:00:01.835030
6640	5	3	3	0	0:00:01.831945
6660	0	0	0	1	0:00:01.856667
6680	3	3	3	1	0:00:01.828473
6700	6	6	6	1	0:00:01.878386
6720	2	2	2	1	0:00:01.860396
6740	2	2	2	1	0:00:01.853441
6760	5	5	5	1	0:00:01.836128
6780	7	7	7	1	0:00:01.832863
6800	6	-1	3	0	0:00:01.764625
6820	1	1	1	1	0:00:01.813457
6840	9	9	9	1	0:00:01.814893
6860	0	0	0	1	0:00:01.834750
6880	2	2	2	1	0:00:01.831139
6900	3	3	3	1	0:00:01.831235
6920	5	-1	2	0	0:00:01.837136
6940	1	1	1	1	0:00:01.837944
6960	9	9	9	1	0:00:01.849016
6980	0	8	8	0	0:00:01.835168
7000	2	8	8	0	0:00:01.826154
7020	7	7	7	1	0:00:01.821968
7040	7	0	0	0	0:00:01.836026
7060	8	8	8	1	0:00:01.813801
7080	5	3	3	0	0:00:01.830427
7100	9	3	3	0	0:00:01.824468
7120	7	7	7	1	0:00:01.831458
7140	4	4	2	1	0:00:01.838311
7160	5	5	5	1	0:00:01.845542
7180	6	6	3	1	0:00:01.821285
7200	4	4	4	1	0:00:01.832099
7220	9	9	9	1	0:00:01.813843
7240	0	0	0	1	0:00:01.779832
7260	1	1	1	1	0:00:01.776890
7280	1	9	9	0	0:00:01.827341
7300	3	5	3	0	0:00:01.815759
7320	8	8	8	1	0:00:01.818486
7340	2	2	2	1	0:00:01.825504
7360	2	2	2	1	0:00:01.822714
7380	7	7	7	1	0:00:01.807157
7400	3	3	3	1	0:00:01.818394
7420	3	3	3	1	0:00:01.824807
7440	3	3	3	1	0:00:01.823724
7460	5	5	5	1	0:00:01.836184
7480	1	1	1	1	0:00:01.823776
7500	6	6	6	1	0:00:01.836083
7520	4	4	4	1	0:00:01.813292
7540	5	5	5	1	0:00:01.824607
7560	0	0	0	1	0:00:01.826213
7580	8	8	8	1	0:00:01.826332
7600	8	2	2	0	0:00:01.817711
7620	5	5	5	1	0:00:01.862896
7640	9	8	8	0	0:00:01.823081
7660	7	7	7	1	0:00:01.823291
7680	3	5	5	0	0:00:01.819424
7700	6	6	6	1	0:00:01.822917
7720	5	5	5	1	0:00:01.827019
7740	4	4	4	1	0:00:01.853580
7760	2	2	2	1	0:00:01.829949
7780	3	-1	8	0	0:00:01.824608
7800	0	0	0	1	0:00:01.811601
7820	5	3	3	0	0:00:01.825990
7840	1	1	1	1	0:00:01.815478
7860	8	8	8	1	0:00:01.858890
7880	0	0	0	1	0:00:01.817247
7900	0	0	0	1	0:00:01.837176
7920	9	9	9	1	0:00:01.824829
7940	2	2	2	1	0:00:01.821647
7960	0	0	0	1	0:00:01.822840
7980	3	3	3	1	0:00:01.820185
8000	9	9	9	1	0:00:01.813127
8020	6	3	3	0	0:00:01.833124
8040	2	2	2	1	0:00:01.825719
8060	6	6	6	1	0:00:01.838323
8080	4	4	4	1	0:00:01.842715
8100	6	6	6	1	0:00:01.837347
8120	8	8	8	1	0:00:01.816831
8140	5	3	5	0	0:00:01.819673
8160	6	6	6	1	0:00:01.836805
8180	4	2	2	0	0:00:01.824639
8200	3	4	3	0	0:00:01.825075
8220	6	6	6	1	0:00:01.820573
8240	7	7	7	1	0:00:01.835909
8260	1	1	1	1	0:00:01.815494
8280	4	4	4	1	0:00:01.853471
8300	5	5	5	1	0:00:01.804951
8320	7	7	7	1	0:00:01.816835
8340	5	5	5	1	0:00:01.839519
8360	7	7	7	1	0:00:01.804491
8380	9	9	9	1	0:00:01.835898
8400	0	0	0	1	0:00:01.790911
8420	3	6	2	0	0:00:01.828089
8440	5	2	2	0	0:00:01.788429
8460	8	8	8	1	0:00:01.816880
8480	2	2	2	1	0:00:01.803772
8500	4	4	4	1	0:00:01.831823
8520	8	8	8	1	0:00:01.798273
8540	4	2	2	0	0:00:01.799775
8560	7	7	7	1	0:00:01.815873
8580	3	5	5	0	0:00:01.780767
8600	3	3	3	1	0:00:01.810250
8620	3	5	5	0	0:00:01.795716
8640	1	1	1	1	0:00:01.835356
8660	7	7	7	1	0:00:01.811074
8680	3	3	3	1	0:00:01.808018
8700	3	5	5	0	0:00:01.799893
8720	2	-1	0	0	0:00:01.830178
8740	2	2	2	1	0:00:01.808930
8760	8	8	8	1	0:00:01.775829
8780	4	7	7	0	0:00:01.814039
8800	0	0	0	1	0:00:01.787537
8820	2	2	2	1	0:00:01.803943
8840	2	2	2	1	0:00:01.802197
8860	2	2	2	1	0:00:01.842137
8880	1	1	1	1	0:00:01.821282
8900	2	2	2	1	0:00:01.811741
8920	6	6	6	1	0:00:01.810815
8940	6	6	6	1	0:00:01.829512
8960	0	2	2	0	0:00:01.824872
8980	9	9	9	1	0:00:01.881086
9000	8	8	8	1	0:00:01.793602
9020	7	7	7	1	0:00:01.806150
9040	2	5	5	0	0:00:01.762786
9060	9	9	9	1	0:00:01.783729
9080	3	2	2	0	0:00:01.802640
9100	9	9	9	1	0:00:01.754344
9120	3	2	3	0	0:00:01.757214
9140	7	7	7	1	0:00:01.789881
9160	5	3	3	0	0:00:01.761755
9180	5	5	5	1	0:00:01.768936
9200	8	8	8	1	0:00:01.753502
9220	8	8	8	1	0:00:01.751693
9240	8	8	8	1	0:00:01.763720
9260	5	3	3	0	0:00:01.773282
9280	9	9	9	1	0:00:01.805606
9300	5	3	5	0	0:00:01.770902
9320	9	9	9	1	0:00:01.748592
9340	1	1	1	1	0:00:01.752927
9360	5	0	0	0	0:00:01.738743
9380	5	3	3	0	0:00:01.756808
9400	6	6	6	1	0:00:01.738348
9420	5	5	5	1	0:00:01.731794
9440	8	8	8	1	0:00:01.746459
9460	3	3	3	1	0:00:01.745365
9480	2	-1	2	0	0:00:01.746232
9500	9	9	9	1	0:00:01.761652
9520	1	1	1	1	0:00:01.768926
9540	5	5	5	1	0:00:01.739772
9560	9	7	7	0	0:00:01.744413
9580	1	1	1	1	0:00:01.743967
9600	8	8	8	1	0:00:01.763126
9620	4	4	4	1	0:00:01.806733
9640	5	5	5	1	0:00:01.740931
9660	6	6	6	1	0:00:01.738736
9680	8	8	8	1	0:00:01.752466
9700	0	0	0	1	0:00:01.746515
9720	8	8	8	1	0:00:01.746184
9740	3	-1	3	0	0:00:01.745370
9760	9	9	9	1	0:00:01.769388
9780	4	4	2	1	0:00:01.756043
9800	1	1	1	1	0:00:01.759980
9820	0	0	8	1	0:00:01.767230
9840	4	7	7	0	0:00:01.769355
9860	0	0	0	1	0:00:01.774407
9880	7	7	7	1	0:00:01.770613
9900	8	8	8	1	0:00:01.776977
9920	6	6	6	1	0:00:01.769856
9940	4	4	4	1	0:00:01.762501
9960	2	0	0	0	0:00:01.789011
9980	0	0	0	1	0:00:01.766130
