idx	label	predict	basePredict	correct	time
0	3	-1	4	0	0:00:03.646767
20	7	9	9	0	0:00:03.548070
40	4	8	8	0	0:00:03.550152
60	7	2	2	0	0:00:03.543889
80	8	8	8	1	0:00:03.544874
100	4	5	4	0	0:00:03.553280
120	8	8	8	1	0:00:03.532984
140	6	2	2	0	0:00:03.534719
160	2	0	0	0	0:00:03.544496
180	0	0	0	1	0:00:03.538675
200	5	7	3	0	0:00:03.494549
220	7	7	7	1	0:00:03.583843
240	1	1	1	1	0:00:03.537864
260	8	5	5	0	0:00:03.532188
280	9	9	8	1	0:00:03.557376
300	6	4	4	0	0:00:03.559563
320	3	5	2	0	0:00:03.561830
340	2	5	4	0	0:00:03.553597
360	9	6	6	0	0:00:03.494656
380	6	8	8	0	0:00:03.537370
400	9	9	8	1	0:00:03.542138
420	4	6	6	0	0:00:03.547951
440	1	9	2	0	0:00:03.557981
460	5	-1	4	0	0:00:03.519079
480	8	9	9	0	0:00:03.538717
500	4	-1	6	0	0:00:03.511501
520	5	7	8	0	0:00:03.576524
540	1	8	8	0	0:00:03.541114
560	0	0	0	1	0:00:03.474872
580	4	6	6	0	0:00:03.488134
600	8	9	0	0	0:00:03.511011
620	7	-1	4	0	0:00:03.548082
640	5	6	6	0	0:00:03.542735
660	9	9	9	1	0:00:03.472111
680	9	9	9	1	0:00:03.534702
700	7	7	7	1	0:00:03.537173
720	4	9	9	0	0:00:03.524011
740	2	5	5	0	0:00:03.531756
760	3	9	9	0	0:00:03.545810
780	9	9	8	1	0:00:03.535857
800	7	7	7	1	0:00:03.476271
820	6	9	9	0	0:00:03.482549
840	7	7	7	1	0:00:03.516773
860	4	6	6	0	0:00:03.486891
880	8	8	8	1	0:00:03.493756
900	2	6	6	0	0:00:03.474431
920	6	2	2	0	0:00:03.545143
940	9	6	6	0	0:00:03.540425
960	9	9	4	1	0:00:03.526342
980	2	6	6	0	0:00:03.518715
1000	5	5	8	1	0:00:03.463362
1020	1	8	8	0	0:00:03.454587
1040	7	5	5	0	0:00:03.451888
1060	9	8	8	0	0:00:03.432336
1080	6	6	6	1	0:00:03.437504
1100	7	8	8	0	0:00:03.446480
1120	5	8	8	0	0:00:03.437381
1140	6	-1	6	0	0:00:03.437423
1160	8	0	0	0	0:00:03.437779
1180	3	9	9	0	0:00:03.468791
1200	8	0	0	0	0:00:03.453633
1220	9	7	2	0	0:00:03.459006
1240	2	6	6	0	0:00:03.441188
1260	1	9	9	0	0:00:03.450890
1280	3	7	7	0	0:00:03.445783
1300	4	6	6	0	0:00:03.466693
1320	7	0	0	0	0:00:03.469579
1340	1	1	1	1	0:00:03.421688
1360	7	9	2	0	0:00:03.404244
1380	4	8	8	0	0:00:03.457706
1400	5	2	2	0	0:00:03.463869
1420	4	7	7	0	0:00:03.432029
1440	0	-1	0	0	0:00:03.452102
1460	6	-1	4	0	0:00:03.448680
1480	1	-1	5	0	0:00:03.416860
1500	1	9	9	0	0:00:03.413108
1520	7	6	6	0	0:00:03.455724
1540	8	8	8	1	0:00:03.448737
1560	7	7	7	1	0:00:03.440732
1580	6	9	9	0	0:00:03.456630
1600	8	9	6	0	0:00:03.447359
1620	5	8	8	0	0:00:03.465116
1640	7	5	5	0	0:00:03.386449
1660	3	-1	4	0	0:00:03.431527
1680	6	6	6	1	0:00:03.454082
1700	5	0	0	0	0:00:03.463368
1720	4	0	0	0	0:00:03.454061
1740	1	9	9	0	0:00:03.434445
1760	0	8	8	0	0:00:03.419927
1780	7	8	8	0	0:00:03.386341
1800	4	8	8	0	0:00:03.370631
1820	8	9	8	0	0:00:03.383807
1840	8	9	7	0	0:00:03.373126
1860	8	8	8	1	0:00:03.382085
1880	1	4	4	0	0:00:03.373228
1900	8	8	8	1	0:00:03.363590
1920	2	7	6	0	0:00:03.368758
1940	5	2	2	0	0:00:03.370079
1960	2	7	7	0	0:00:03.363710
1980	9	9	8	1	0:00:03.369803
2000	1	6	6	0	0:00:03.390718
2020	9	9	9	1	0:00:03.403095
2040	0	8	8	0	0:00:03.411426
2060	5	5	0	1	0:00:03.406928
2080	1	2	2	0	0:00:03.409447
2100	2	4	4	0	0:00:03.397520
2120	4	8	8	0	0:00:03.422513
2140	9	9	1	1	0:00:03.424297
2160	0	8	8	0	0:00:03.452767
2180	4	6	6	0	0:00:03.433424
2200	0	0	0	1	0:00:03.436371
2220	1	1	4	1	0:00:03.421894
2240	9	9	9	1	0:00:03.431543
2260	4	1	4	0	0:00:03.427119
2280	4	-1	8	0	0:00:03.424128
2300	3	6	6	0	0:00:03.425287
2320	5	8	8	0	0:00:03.422816
2340	7	9	7	0	0:00:03.411395
2360	7	9	9	0	0:00:03.387997
2380	8	8	8	1	0:00:03.399477
2400	0	0	0	1	0:00:03.406854
2420	8	1	5	0	0:00:03.397070
2440	7	1	8	0	0:00:03.410450
2460	9	9	6	1	0:00:03.406837
2480	8	8	8	1	0:00:03.434811
2500	4	6	4	0	0:00:03.424755
2520	1	8	8	0	0:00:03.428858
2540	2	3	4	0	0:00:03.407596
2560	7	2	2	0	0:00:03.406149
2580	6	4	4	0	0:00:03.425341
2600	8	8	8	1	0:00:03.402601
2620	1	6	6	0	0:00:03.416668
2640	7	7	8	1	0:00:03.416815
2660	3	0	0	0	0:00:03.413140
2680	0	0	0	1	0:00:03.445965
2700	9	0	0	0	0:00:03.440547
2720	3	8	8	0	0:00:03.439568
2740	1	1	1	1	0:00:03.446554
2760	2	6	6	0	0:00:03.455620
2780	7	7	6	1	0:00:03.459471
2800	4	6	6	0	0:00:03.442975
2820	6	6	6	1	0:00:03.452675
2840	3	3	3	1	0:00:03.440589
2860	5	7	7	0	0:00:03.461642
2880	4	4	4	1	0:00:03.444890
2900	3	5	6	0	0:00:03.452934
2920	2	-1	0	0	0:00:03.453580
2940	3	0	8	0	0:00:03.447274
2960	9	7	9	0	0:00:03.446515
2980	8	1	4	0	0:00:03.459443
3000	5	5	5	1	0:00:03.447072
3020	1	1	8	1	0:00:03.441126
3040	7	7	7	1	0:00:03.451989
3060	7	7	7	1	0:00:03.436229
3080	1	2	2	0	0:00:03.433445
3100	0	0	0	1	0:00:03.430283
3120	4	6	6	0	0:00:03.444265
3140	8	8	8	1	0:00:03.451186
3160	6	4	4	0	0:00:03.454559
3180	3	8	8	0	0:00:03.456922
3200	5	7	7	0	0:00:03.449793
3220	3	9	7	0	0:00:03.447670
3240	4	8	8	0	0:00:03.435600
3260	7	0	0	0	0:00:03.426566
3280	3	0	0	0	0:00:03.425292
3300	4	9	4	0	0:00:03.436295
3320	2	9	7	0	0:00:03.445672
3340	6	7	4	0	0:00:03.433578
3360	4	6	6	0	0:00:03.438213
3380	8	9	8	0	0:00:03.422395
3400	6	4	4	0	0:00:03.426381
3420	5	6	6	0	0:00:03.423169
3440	2	9	9	0	0:00:03.436186
3460	1	1	4	1	0:00:03.432121
3480	2	2	2	1	0:00:03.433233
3500	1	4	4	0	0:00:03.408901
3520	1	1	1	1	0:00:03.411636
3540	6	8	8	0	0:00:03.418244
3560	1	9	8	0	0:00:03.456896
3580	4	1	8	0	0:00:03.423944
3600	4	2	2	0	0:00:03.427649
3620	0	7	7	0	0:00:03.431247
3640	6	0	0	0	0:00:03.434089
3660	0	8	8	0	0:00:03.411138
3680	0	2	2	0	0:00:03.410638
3700	3	5	4	0	0:00:03.406208
3720	2	2	0	1	0:00:03.405261
3740	0	0	0	1	0:00:03.406456
3760	7	7	7	1	0:00:03.400803
3780	4	2	2	0	0:00:03.401386
3800	9	9	8	1	0:00:03.399260
3820	0	0	0	1	0:00:03.401227
3840	6	8	8	0	0:00:03.395744
3860	7	7	7	1	0:00:03.396513
3880	6	-1	4	0	0:00:03.402935
3900	3	0	1	0	0:00:03.404956
3920	7	8	8	0	0:00:03.408946
3940	6	7	7	0	0:00:03.398615
3960	2	5	6	0	0:00:03.398368
3980	9	7	7	0	0:00:03.442859
4000	8	7	4	0	0:00:03.399903
4020	8	9	8	0	0:00:03.408067
4040	0	0	0	1	0:00:03.408072
4060	6	0	0	0	0:00:03.405649
4080	1	8	8	0	0:00:03.407711
4100	7	7	7	1	0:00:03.417407
4120	4	0	0	0	0:00:03.411207
4140	5	2	2	0	0:00:03.407738
4160	5	2	2	0	0:00:03.413267
4180	0	-1	8	0	0:00:03.411832
4200	4	2	2	0	0:00:03.432558
4220	4	0	0	0	0:00:03.421832
4240	7	8	8	0	0:00:03.406743
4260	8	-1	8	0	0:00:03.454397
4280	8	9	8	0	0:00:03.400884
4300	8	9	8	0	0:00:03.405271
4320	1	8	8	0	0:00:03.407172
4340	0	8	8	0	0:00:03.415622
4360	6	9	9	0	0:00:03.419344
4380	9	9	8	1	0:00:03.445015
4400	3	8	8	0	0:00:03.419726
4420	5	8	8	0	0:00:03.442152
4440	2	6	6	0	0:00:03.459001
4460	9	8	8	0	0:00:03.465730
4480	9	6	6	0	0:00:03.462852
4500	3	7	7	0	0:00:03.470022
4520	3	6	6	0	0:00:03.447185
4540	9	9	9	1	0:00:03.448395
4560	1	1	4	1	0:00:03.460219
4580	6	6	4	1	0:00:03.454726
4600	4	1	1	0	0:00:03.451835
4620	7	3	3	0	0:00:03.454942
4640	2	5	4	0	0:00:03.444506
4660	7	2	2	0	0:00:03.446834
4680	9	1	1	0	0:00:03.444086
4700	6	1	4	0	0:00:03.459654
4720	8	0	0	0	0:00:03.441107
4740	5	6	6	0	0:00:03.459274
4760	3	8	8	0	0:00:03.453315
4780	0	8	0	0	0:00:03.451300
4800	9	9	9	1	0:00:03.447356
4820	3	1	6	0	0:00:03.435976
4840	0	0	0	1	0:00:03.451148
4860	5	5	5	1	0:00:03.449636
4880	0	2	2	0	0:00:03.435984
4900	3	6	6	0	0:00:03.437591
4920	7	0	0	0	0:00:03.452652
4940	6	4	2	0	0:00:03.434816
4960	4	6	6	0	0:00:03.477460
4980	1	9	9	0	0:00:03.430276
5000	7	7	7	1	0:00:03.437676
5020	8	8	8	1	0:00:03.450760
5040	3	7	4	0	0:00:03.454256
5060	6	6	6	1	0:00:03.449406
5080	7	7	7	1	0:00:03.443911
5100	3	4	4	0	0:00:03.460119
5120	9	8	8	0	0:00:03.448958
5140	8	8	8	1	0:00:03.434132
5160	0	8	8	0	0:00:03.420794
5180	9	6	4	0	0:00:03.429445
5200	3	3	3	1	0:00:03.429789
5220	0	0	0	1	0:00:03.430230
5240	1	9	4	0	0:00:03.427099
5260	0	0	0	1	0:00:03.426530
5280	0	8	8	0	0:00:03.431259
5300	9	1	6	0	0:00:03.407739
5320	7	7	7	1	0:00:03.400060
5340	3	8	8	0	0:00:03.402670
5360	9	9	9	1	0:00:03.411176
5380	1	9	9	0	0:00:03.404455
5400	9	0	8	0	0:00:03.404464
5420	6	7	6	0	0:00:03.421752
5440	9	9	9	1	0:00:03.424354
5460	0	7	6	0	0:00:03.427972
5480	1	8	8	0	0:00:03.426662
5500	8	9	8	0	0:00:03.415563
5520	4	6	6	0	0:00:03.414770
5540	5	6	2	0	0:00:03.425049
5560	3	6	6	0	0:00:03.421236
5580	5	6	6	0	0:00:03.428528
5600	6	9	8	0	0:00:03.422861
5620	3	2	2	0	0:00:03.416025
5640	2	3	3	0	0:00:03.420343
5660	9	9	8	1	0:00:03.455618
5680	2	8	8	0	0:00:03.413473
5700	3	9	6	0	0:00:03.403478
5720	9	9	9	1	0:00:03.410589
5740	6	6	4	1	0:00:03.416581
5760	2	8	8	0	0:00:03.403438
5780	7	9	7	0	0:00:03.403442
5800	2	6	4	0	0:00:03.408418
5820	5	6	6	0	0:00:03.383548
5840	2	6	6	0	0:00:03.397158
5860	0	8	8	0	0:00:03.399556
5880	0	8	8	0	0:00:03.396706
5900	4	5	0	0	0:00:03.395996
5920	8	8	8	1	0:00:03.387847
5940	7	4	4	0	0:00:03.382658
5960	2	7	7	0	0:00:03.389540
5980	9	9	8	1	0:00:03.392193
6000	8	9	8	0	0:00:03.380499
6020	6	9	6	0	0:00:03.371940
6040	2	1	7	0	0:00:03.361089
6060	3	4	4	0	0:00:03.356956
6080	1	9	6	0	0:00:03.366418
6100	1	-1	8	0	0:00:03.361789
6120	5	5	5	1	0:00:03.362454
6140	9	9	9	1	0:00:03.376399
6160	2	9	8	0	0:00:03.356575
6180	0	9	8	0	0:00:03.439834
6200	3	0	0	0	0:00:03.418427
6220	2	6	6	0	0:00:03.441926
6240	2	1	6	0	0:00:03.433599
6260	2	9	9	0	0:00:03.431600
6280	8	5	5	0	0:00:03.456201
6300	1	7	4	0	0:00:03.445145
6320	0	0	0	1	0:00:03.425862
6340	3	8	8	0	0:00:03.444594
6360	2	6	2	0	0:00:03.437408
6380	3	1	6	0	0:00:03.441163
6400	0	1	4	0	0:00:03.414138
6420	7	8	8	0	0:00:03.402978
6440	3	8	8	0	0:00:03.412886
6460	3	1	1	0	0:00:03.409037
6480	0	0	0	1	0:00:03.389183
6500	7	0	0	0	0:00:03.422979
6520	6	4	4	0	0:00:03.386133
6540	8	8	8	1	0:00:03.387458
6560	6	6	6	1	0:00:03.410062
6580	1	8	8	0	0:00:03.405226
6600	7	7	7	1	0:00:03.435675
6620	7	7	7	1	0:00:03.438135
6640	5	-1	8	0	0:00:03.414279
6660	0	8	8	0	0:00:03.438960
6680	3	3	3	1	0:00:03.422093
6700	6	6	6	1	0:00:03.439867
6720	2	2	2	1	0:00:03.450347
6740	2	6	6	0	0:00:03.442307
6760	5	0	0	0	0:00:03.422172
6780	7	7	7	1	0:00:03.402618
6800	6	6	6	1	0:00:03.410490
6820	1	1	1	1	0:00:03.423656
6840	9	9	6	1	0:00:03.421740
6860	0	0	0	1	0:00:03.433432
6880	2	6	6	0	0:00:03.384790
6900	3	7	7	0	0:00:03.380497
6920	5	2	2	0	0:00:03.382676
6940	1	1	1	1	0:00:03.375138
6960	9	8	8	0	0:00:03.396395
6980	0	9	9	0	0:00:03.407757
7000	2	8	8	0	0:00:03.397472
7020	7	1	1	0	0:00:03.401675
7040	7	8	8	0	0:00:03.412399
7060	8	-1	8	0	0:00:03.424983
7080	5	0	0	0	0:00:03.419055
7100	9	8	8	0	0:00:03.435548
7120	7	7	6	1	0:00:03.419461
7140	4	4	4	1	0:00:03.414700
7160	5	7	2	0	0:00:03.441725
7180	6	6	6	1	0:00:03.421263
7200	4	6	2	0	0:00:03.429487
7220	9	8	8	0	0:00:03.446864
7240	0	8	8	0	0:00:03.418452
7260	1	8	8	0	0:00:03.410000
7280	1	9	6	0	0:00:03.426798
7300	3	7	8	0	0:00:03.427833
7320	8	0	0	0	0:00:03.422166
7340	2	4	0	0	0:00:03.435256
7360	2	7	7	0	0:00:03.433070
7380	7	1	7	0	0:00:03.425460
7400	3	9	9	0	0:00:03.442567
7420	3	0	0	0	0:00:03.452821
7440	3	6	6	0	0:00:03.429452
7460	5	5	5	1	0:00:03.405475
7480	1	5	5	0	0:00:03.379064
7500	6	6	6	1	0:00:03.377212
7520	4	6	6	0	0:00:03.371452
7540	5	5	5	1	0:00:03.377079
7560	0	9	2	0	0:00:03.360199
7580	8	-1	8	0	0:00:03.386308
7600	8	9	9	0	0:00:03.392249
7620	5	9	1	0	0:00:03.368216
7640	9	8	8	0	0:00:03.390451
7660	7	9	9	0	0:00:03.434640
7680	3	9	9	0	0:00:03.426978
7700	6	6	6	1	0:00:03.427675
7720	5	6	6	0	0:00:03.391117
7740	4	2	2	0	0:00:03.415763
7760	2	9	9	0	0:00:03.422411
7780	3	8	8	0	0:00:03.415798
7800	0	0	0	1	0:00:03.373798
7820	5	8	8	0	0:00:03.405699
7840	1	1	1	1	0:00:03.430690
7860	8	-1	4	0	0:00:03.426181
7880	0	0	0	1	0:00:03.416928
7900	0	8	8	0	0:00:03.421923
7920	9	8	8	0	0:00:03.426681
7940	2	6	6	0	0:00:03.443609
7960	0	0	0	1	0:00:03.417236
7980	3	7	4	0	0:00:03.406834
8000	9	0	0	0	0:00:03.405941
8020	6	6	6	1	0:00:03.427044
8040	2	6	6	0	0:00:03.443645
8060	6	6	6	1	0:00:03.443897
8080	4	6	4	0	0:00:03.428702
8100	6	2	2	0	0:00:03.406060
8120	8	9	9	0	0:00:03.422757
8140	5	6	6	0	0:00:03.387530
8160	6	9	8	0	0:00:03.428037
8180	4	6	6	0	0:00:03.395563
8200	3	9	6	0	0:00:03.396803
8220	6	9	2	0	0:00:03.416584
8240	7	7	7	1	0:00:03.405993
8260	1	1	3	1	0:00:03.398419
8280	4	-1	3	0	0:00:03.411824
8300	5	2	2	0	0:00:03.396726
8320	7	9	4	0	0:00:03.413283
8340	5	4	4	0	0:00:03.407137
8360	7	6	6	0	0:00:03.405781
8380	9	8	8	0	0:00:03.393754
8400	0	8	8	0	0:00:03.400882
8420	3	6	4	0	0:00:03.400463
8440	5	9	9	0	0:00:03.434164
8460	8	8	8	1	0:00:03.390586
8480	2	1	8	0	0:00:03.421948
8500	4	2	2	0	0:00:03.418453
8520	8	6	6	0	0:00:03.390852
8540	4	6	4	0	0:00:03.424998
8560	7	7	6	1	0:00:03.403455
8580	3	0	0	0	0:00:03.406849
8600	3	7	7	0	0:00:03.423477
8620	3	1	4	0	0:00:03.431108
8640	1	1	1	1	0:00:03.417758
8660	7	5	5	0	0:00:03.376499
8680	3	9	8	0	0:00:03.393979
8700	3	5	3	0	0:00:03.387976
8720	2	0	0	0	0:00:03.387579
8740	2	6	6	0	0:00:03.370563
8760	8	8	5	1	0:00:03.386073
8780	4	7	4	0	0:00:03.394447
8800	0	0	0	1	0:00:03.393250
8820	2	2	2	1	0:00:03.400468
8840	2	1	1	0	0:00:03.404327
8860	2	0	8	0	0:00:03.414927
8880	1	6	6	0	0:00:03.419016
8900	2	1	4	0	0:00:03.399890
8920	6	6	6	1	0:00:03.386720
8940	6	3	3	0	0:00:03.365317
8960	0	0	0	1	0:00:03.375431
8980	9	9	9	1	0:00:03.370975
9000	8	8	8	1	0:00:03.402580
9020	7	9	9	0	0:00:03.407682
9040	2	5	5	0	0:00:03.397494
9060	9	5	5	0	0:00:03.374852
9080	3	0	0	0	0:00:03.380349
9100	9	6	6	0	0:00:03.366690
9120	3	0	0	0	0:00:03.368636
9140	7	8	8	0	0:00:03.374216
9160	5	0	0	0	0:00:03.370515
9180	5	5	5	1	0:00:03.370234
9200	8	8	8	1	0:00:03.375688
9220	8	8	8	1	0:00:03.367793
9240	8	9	8	0	0:00:03.379360
9260	5	5	4	1	0:00:03.368599
9280	9	0	0	0	0:00:03.367165
9300	5	8	8	0	0:00:03.361880
9320	9	-1	8	0	0:00:03.362498
9340	1	1	1	1	0:00:03.375496
9360	5	0	0	0	0:00:03.364194
9380	5	9	9	0	0:00:03.372705
9400	6	4	2	0	0:00:03.376571
9420	5	6	6	0	0:00:03.366836
9440	8	8	8	1	0:00:03.380924
9460	3	9	7	0	0:00:03.369601
9480	2	6	6	0	0:00:03.352457
9500	9	6	6	0	0:00:03.358546
9520	1	9	9	0	0:00:03.370533
9540	5	5	4	1	0:00:03.353974
9560	9	7	7	0	0:00:03.367621
9580	1	4	4	0	0:00:03.370347
9600	8	8	8	1	0:00:03.363958
9620	4	7	7	0	0:00:03.363303
9640	5	6	6	0	0:00:03.371674
9660	6	6	6	1	0:00:03.371883
9680	8	9	8	0	0:00:03.369147
9700	0	0	0	1	0:00:03.380862
9720	8	6	6	0	0:00:03.373172
9740	3	6	6	0	0:00:03.378995
9760	9	9	7	1	0:00:03.406769
9780	4	6	6	0	0:00:03.378218
9800	1	1	1	1	0:00:03.377977
9820	0	9	8	0	0:00:03.375872
9840	4	-1	3	0	0:00:03.376281
9860	0	8	8	0	0:00:03.375318
9880	7	4	4	0	0:00:03.379702
9900	8	0	0	0	0:00:03.358727
9920	6	6	6	1	0:00:03.366619
9940	4	7	7	0	0:00:03.385789
9960	2	0	0	0	0:00:03.363956
9980	0	0	0	1	0:00:03.376131
