idx	label	predict	basePredict	correct	time
0	3	3	2	1	0:00:02.567139
20	7	7	7	1	0:00:02.649220
40	4	8	8	0	0:00:02.645237
60	7	7	4	1	0:00:02.491135
80	8	8	8	1	0:00:02.514457
100	4	4	4	1	0:00:02.500853
120	8	8	8	1	0:00:02.516097
140	6	6	2	1	0:00:02.528591
160	2	0	2	0	0:00:02.502360
180	0	0	0	1	0:00:02.505295
200	5	3	3	0	0:00:02.494660
220	7	7	7	1	0:00:02.526239
240	1	1	1	1	0:00:02.559822
260	8	3	3	0	0:00:02.518508
280	9	9	9	1	0:00:02.515027
300	6	6	4	1	0:00:02.515204
320	3	3	2	1	0:00:07.737860
340	2	4	4	0	0:00:02.499084
360	9	9	6	1	0:00:02.733085
380	6	6	4	1	0:00:02.506047
400	9	9	9	1	0:00:02.492247
420	4	4	4	1	0:00:02.488270
440	1	1	1	1	0:00:02.510596
460	5	5	5	1	0:00:02.494182
480	8	9	8	0	0:00:02.527113
500	4	6	4	0	0:00:02.510570
520	5	5	5	1	0:00:02.494035
540	1	-1	8	0	0:00:02.581120
560	0	0	8	1	0:00:02.697955
580	4	4	4	1	0:00:02.517799
600	8	8	8	1	0:00:02.513483
620	7	7	4	1	0:00:02.494537
640	5	3	3	0	0:00:02.539880
660	9	9	9	1	0:00:02.529025
680	9	9	1	1	0:00:02.497663
700	7	7	4	1	0:00:02.523653
720	4	9	4	0	0:00:02.488786
740	2	5	2	0	0:00:02.501944
760	3	9	3	0	0:00:02.495404
780	9	9	8	1	0:00:02.504142
800	7	7	7	1	0:00:02.495904
820	6	9	8	0	0:00:02.501758
840	7	7	7	1	0:00:02.504526
860	4	4	4	1	0:00:02.498421
880	8	8	8	1	0:00:02.503079
900	2	6	4	0	0:00:02.515114
920	6	6	2	1	0:00:02.489767
940	9	9	9	1	0:00:02.505499
960	9	9	9	1	0:00:02.488568
980	2	6	2	0	0:00:02.501960
1000	5	5	5	1	0:00:01.799809
1020	1	1	8	1	0:00:01.796787
1040	7	5	5	0	0:00:01.795603
1060	9	9	8	1	0:00:01.791993
1080	6	6	6	1	0:00:01.807124
1100	7	8	8	0	0:00:01.791421
1120	5	2	2	0	0:00:01.793210
1140	6	6	4	1	0:00:01.793761
1160	8	8	8	1	0:00:01.794780
1180	3	3	3	1	0:00:01.796536
1200	8	8	0	1	0:00:01.794862
1220	9	6	6	0	0:00:01.792759
1240	2	6	6	0	0:00:01.794880
1260	1	9	9	0	0:00:01.794929
1280	3	7	7	0	0:00:01.793381
1300	4	3	8	0	0:00:01.794436
1320	7	2	2	0	0:00:01.798940
1340	1	1	1	1	0:00:01.795608
1360	7	7	4	1	0:00:01.798066
1380	4	5	4	0	0:00:01.798011
1400	5	-1	2	0	0:00:01.801185
1420	4	7	4	0	0:00:01.793427
1440	0	0	0	1	0:00:01.795197
1460	6	6	4	1	0:00:01.805819
1480	1	-1	5	0	0:00:01.795737
1500	1	1	1	1	0:00:01.793211
1520	7	7	4	1	0:00:01.836660
1540	8	8	8	1	0:00:01.795835
1560	7	7	7	1	0:00:01.798319
1580	6	1	1	0	0:00:01.786239
1600	8	9	6	0	0:00:01.789808
1620	5	8	8	0	0:00:01.788910
1640	7	5	3	0	0:00:01.800615
1660	3	3	3	1	0:00:01.792788
1680	6	6	6	1	0:00:01.789680
1700	5	2	2	0	0:00:01.794267
1720	4	2	2	0	0:00:01.784986
1740	1	1	1	1	0:00:01.797540
1760	0	8	8	0	0:00:01.788536
1780	7	7	8	1	0:00:01.788763
1800	4	8	8	0	0:00:01.788493
1820	8	8	8	1	0:00:01.793693
1840	8	9	4	0	0:00:01.794939
1860	8	8	8	1	0:00:01.792794
1880	1	1	8	1	0:00:01.788593
1900	8	8	8	1	0:00:01.791694
1920	2	2	2	1	0:00:01.785269
1940	5	3	3	0	0:00:01.789524
1960	2	5	5	0	0:00:01.786223
1980	9	9	9	1	0:00:01.788198
2000	1	6	6	0	0:00:01.789604
2020	9	9	9	1	0:00:01.795497
2040	0	8	8	0	0:00:01.794924
2060	5	5	5	1	0:00:01.797724
2080	1	1	6	1	0:00:01.795070
2100	2	4	4	0	0:00:01.801301
2120	4	8	8	0	0:00:01.794261
2140	9	9	9	1	0:00:01.788510
2160	0	8	8	0	0:00:01.798993
2180	4	4	4	1	0:00:01.795495
2200	0	0	2	1	0:00:01.784777
2220	1	1	1	1	0:00:01.794025
2240	9	9	9	1	0:00:01.786951
2260	4	-1	4	0	0:00:01.785604
2280	4	8	8	0	0:00:01.791886
2300	3	6	2	0	0:00:01.791175
2320	5	2	8	0	0:00:01.793572
2340	7	7	7	1	0:00:01.793813
2360	7	7	7	1	0:00:01.792864
2380	8	8	8	1	0:00:01.786106
2400	0	0	0	1	0:00:01.795085
2420	8	1	8	0	0:00:01.792810
2440	7	7	7	1	0:00:01.783816
2460	9	9	3	1	0:00:01.785249
2480	8	8	8	1	0:00:01.795599
2500	4	2	2	0	0:00:01.792106
2520	1	1	8	1	0:00:01.784820
2540	2	3	3	0	0:00:01.786722
2560	7	7	4	1	0:00:01.786151
2580	6	-1	4	0	0:00:01.784415
2600	8	8	8	1	0:00:01.786896
2620	1	1	4	1	0:00:01.784525
2640	7	7	4	1	0:00:01.785290
2660	3	-1	2	0	0:00:01.789915
2680	0	0	0	1	0:00:01.787816
2700	9	9	0	1	0:00:01.790216
2720	3	2	2	0	0:00:01.789777
2740	1	1	1	1	0:00:01.794174
2760	2	2	4	1	0:00:01.793039
2780	7	7	7	1	0:00:01.793597
2800	4	6	4	0	0:00:01.791753
2820	6	6	6	1	0:00:01.794754
2840	3	3	3	1	0:00:01.795106
2860	5	6	6	0	0:00:01.788282
2880	4	4	4	1	0:00:01.789311
2900	3	2	5	0	0:00:01.794770
2920	2	2	2	1	0:00:01.792398
2940	3	0	0	0	0:00:01.793306
2960	9	9	8	1	0:00:01.800076
2980	8	8	8	1	0:00:01.794951
3000	5	5	5	1	0:00:01.796296
3020	1	1	8	1	0:00:01.795863
3040	7	7	7	1	0:00:01.796093
3060	7	7	7	1	0:00:01.793465
3080	1	7	2	0	0:00:01.791943
3100	0	0	0	1	0:00:01.787211
3120	4	6	2	0	0:00:01.798119
3140	8	8	8	1	0:00:01.792431
3160	6	4	4	0	0:00:01.803743
3180	3	9	8	0	0:00:01.794461
3200	5	7	7	0	0:00:01.794764
3220	3	3	3	1	0:00:01.796252
3240	4	2	8	0	0:00:01.793640
3260	7	-1	7	0	0:00:01.796700
3280	3	5	0	0	0:00:01.799263
3300	4	4	4	1	0:00:01.785566
3320	2	7	2	0	0:00:01.786041
3340	6	6	4	1	0:00:01.784275
3360	4	6	4	0	0:00:01.785344
3380	8	8	8	1	0:00:01.793829
3400	6	4	4	0	0:00:01.794504
3420	5	3	4	0	0:00:01.794450
3440	2	9	3	0	0:00:01.798096
3460	1	1	1	1	0:00:01.794790
3480	2	2	2	1	0:00:01.793330
3500	1	1	1	1	0:00:01.798997
3520	1	1	1	1	0:00:01.794254
3540	6	6	6	1	0:00:01.794564
3560	1	9	0	0	0:00:01.795630
3580	4	1	4	0	0:00:01.792593
3600	4	2	2	0	0:00:01.794032
3620	0	7	6	0	0:00:01.797884
3640	6	2	2	0	0:00:01.795163
3660	0	8	8	0	0:00:01.801168
3680	0	2	2	0	0:00:01.786592
3700	3	3	4	1	0:00:01.793854
3720	2	2	2	1	0:00:01.797470
3740	0	0	0	1	0:00:01.793153
3760	7	7	7	1	0:00:01.787563
3780	4	4	2	1	0:00:01.789543
3800	9	9	8	1	0:00:01.786829
3820	0	0	0	1	0:00:01.785891
3840	6	3	3	0	0:00:01.794122
3860	7	7	7	1	0:00:01.785492
3880	6	4	4	0	0:00:01.792263
3900	3	3	6	1	0:00:01.794065
3920	7	9	8	0	0:00:01.791731
3940	6	6	4	1	0:00:01.793093
3960	2	2	2	1	0:00:01.793611
3980	9	7	7	0	0:00:01.792670
4000	8	-1	0	0	0:00:01.793111
4020	8	1	8	0	0:00:01.785733
4040	0	0	0	1	0:00:01.794116
4060	6	3	3	0	0:00:01.788698
4080	1	-1	8	0	0:00:01.787491
4100	7	7	7	1	0:00:01.785591
4120	4	0	4	0	0:00:01.793381
4140	5	3	3	0	0:00:01.793016
4160	5	2	2	0	0:00:01.795079
4180	0	0	8	1	0:00:01.785028
4200	4	4	2	1	0:00:01.783732
4220	4	0	0	0	0:00:01.788939
4240	7	0	0	0	0:00:01.788351
4260	8	8	8	1	0:00:01.785397
4280	8	8	8	1	0:00:01.787459
4300	8	8	8	1	0:00:01.802482
4320	1	8	8	0	0:00:01.801082
4340	0	0	8	1	0:00:01.799584
4360	6	6	6	1	0:00:01.794804
4380	9	9	8	1	0:00:01.794170
4400	3	4	4	0	0:00:01.795274
4420	5	8	8	0	0:00:01.791257
4440	2	2	2	1	0:00:01.795097
4460	9	1	8	0	0:00:01.797592
4480	9	9	3	1	0:00:01.794177
4500	3	3	6	1	0:00:01.795198
4520	3	6	6	0	0:00:01.793751
4540	9	9	9	1	0:00:01.785242
4560	1	1	4	1	0:00:01.790857
4580	6	4	4	0	0:00:01.786216
4600	4	7	4	0	0:00:01.790076
4620	7	3	3	0	0:00:01.789479
4640	2	4	4	0	0:00:01.784782
4660	7	4	2	0	0:00:01.784513
4680	9	1	1	0	0:00:01.786711
4700	6	1	4	0	0:00:01.789153
4720	8	0	0	0	0:00:01.786336
4740	5	3	3	0	0:00:01.786811
4760	3	3	4	1	0:00:01.791477
4780	0	0	0	1	0:00:01.785858
4800	9	9	9	1	0:00:01.794044
4820	3	5	5	0	0:00:01.788808
4840	0	0	0	1	0:00:01.794913
4860	5	5	5	1	0:00:01.801672
4880	0	2	2	0	0:00:01.793474
4900	3	6	6	0	0:00:01.793585
4920	7	7	7	1	0:00:01.790642
4940	6	6	2	1	0:00:01.789510
4960	4	6	4	0	0:00:01.805801
4980	1	9	8	0	0:00:01.794037
5000	7	7	7	1	0:00:01.793949
5020	8	8	8	1	0:00:01.786897
5040	3	3	4	1	0:00:01.793248
5060	6	6	4	1	0:00:01.794464
5080	7	7	7	1	0:00:01.793249
5100	3	3	3	1	0:00:01.787450
5120	9	9	8	1	0:00:01.787776
5140	8	8	8	1	0:00:01.785052
5160	0	0	8	1	0:00:01.803766
5180	9	7	4	0	0:00:01.791382
5200	3	3	3	1	0:00:01.792679
5220	0	0	0	1	0:00:01.786451
5240	1	9	2	0	0:00:01.785908
5260	0	0	0	1	0:00:01.783275
5280	0	8	8	0	0:00:01.789191
5300	9	9	9	1	0:00:01.784811
5320	7	7	7	1	0:00:01.787663
5340	3	4	4	0	0:00:01.790344
5360	9	9	9	1	0:00:01.788130
5380	1	9	9	0	0:00:01.785838
5400	9	9	8	1	0:00:01.784575
5420	6	6	6	1	0:00:01.786961
5440	9	9	9	1	0:00:01.793731
5460	0	7	7	0	0:00:01.788437
5480	1	1	8	1	0:00:01.795293
5500	8	1	8	0	0:00:01.782653
5520	4	3	3	0	0:00:01.785266
5540	5	6	2	0	0:00:01.783706
5560	3	6	5	0	0:00:01.794647
5580	5	6	6	0	0:00:01.787741
5600	6	-1	0	0	0:00:01.784708
5620	3	2	2	0	0:00:01.798919
5640	2	-1	2	0	0:00:01.804590
5660	9	9	8	1	0:00:01.796092
5680	2	3	8	0	0:00:01.793581
5700	3	3	3	1	0:00:01.784499
5720	9	9	9	1	0:00:01.793906
5740	6	4	4	0	0:00:01.793062
5760	2	2	2	1	0:00:01.787577
5780	7	7	7	1	0:00:01.791748
5800	2	4	2	0	0:00:01.793175
5820	5	-1	3	0	0:00:01.795180
5840	2	2	6	1	0:00:01.786487
5860	0	-1	8	0	0:00:01.794217
5880	0	0	0	1	0:00:01.785786
5900	4	4	4	1	0:00:01.795733
5920	8	8	8	1	0:00:01.794771
5940	7	4	4	0	0:00:01.795702
5960	2	4	4	0	0:00:01.786611
5980	9	9	9	1	0:00:01.793799
6000	8	9	8	0	0:00:01.795527
6020	6	6	6	1	0:00:01.786121
6040	2	7	7	0	0:00:01.786848
6060	3	4	4	0	0:00:01.784847
6080	1	9	6	0	0:00:01.796530
6100	1	1	8	1	0:00:01.790313
6120	5	5	5	1	0:00:01.803384
6140	9	9	9	1	0:00:01.787080
6160	2	5	5	0	0:00:01.784214
6180	0	9	8	0	0:00:01.794352
6200	3	3	3	1	0:00:01.787308
6220	2	6	4	0	0:00:01.787889
6240	2	2	4	1	0:00:01.792767
6260	2	9	4	0	0:00:01.785220
6280	8	5	4	0	0:00:01.786352
6300	1	7	4	0	0:00:01.798467
6320	0	0	0	1	0:00:01.795271
6340	3	3	3	1	0:00:01.795202
6360	2	2	2	1	0:00:01.785820
6380	3	6	6	0	0:00:01.785562
6400	0	1	8	0	0:00:01.785372
6420	7	7	8	1	0:00:01.787973
6440	3	9	8	0	0:00:01.800412
6460	3	1	4	0	0:00:01.805473
6480	0	0	0	1	0:00:01.788012
6500	7	0	8	0	0:00:01.786029
6520	6	4	4	0	0:00:01.788295
6540	8	8	8	1	0:00:01.790105
6560	6	6	4	1	0:00:01.793509
6580	1	1	2	1	0:00:01.788464
6600	7	7	7	1	0:00:01.787615
6620	7	7	7	1	0:00:01.792095
6640	5	3	8	0	0:00:01.794821
6660	0	0	0	1	0:00:01.795058
6680	3	5	3	0	0:00:01.793950
6700	6	6	2	1	0:00:01.791116
6720	2	2	2	1	0:00:01.793609
6740	2	4	4	0	0:00:01.795037
6760	5	5	3	1	0:00:01.794633
6780	7	7	7	1	0:00:01.786802
6800	6	6	4	1	0:00:01.793716
6820	1	1	1	1	0:00:01.793724
6840	9	9	9	1	0:00:01.785254
6860	0	0	2	1	0:00:01.789901
6880	2	7	4	0	0:00:01.784251
6900	3	7	4	0	0:00:01.795723
6920	5	2	2	0	0:00:01.794336
6940	1	1	1	1	0:00:01.786447
6960	9	8	8	0	0:00:01.787450
6980	0	9	0	0	0:00:01.791437
7000	2	8	8	0	0:00:01.787253
7020	7	7	7	1	0:00:01.789354
7040	7	8	8	0	0:00:01.789458
7060	8	8	8	1	0:00:01.799073
7080	5	4	4	0	0:00:01.799786
7100	9	3	8	0	0:00:01.785972
7120	7	7	7	1	0:00:01.787901
7140	4	4	4	1	0:00:01.786648
7160	5	5	4	1	0:00:01.797538
7180	6	6	6	1	0:00:01.792576
7200	4	6	2	0	0:00:01.793282
7220	9	9	8	1	0:00:01.800258
7240	0	8	8	0	0:00:01.798026
7260	1	-1	8	0	0:00:01.796871
7280	1	1	6	1	0:00:01.795161
7300	3	7	4	0	0:00:01.792655
7320	8	-1	8	0	0:00:01.784830
7340	2	4	4	0	0:00:01.794703
7360	2	4	4	0	0:00:01.784191
7380	7	7	7	1	0:00:01.793629
7400	3	3	3	1	0:00:01.783758
7420	3	0	2	0	0:00:01.785220
7440	3	3	2	1	0:00:01.786138
7460	5	5	5	1	0:00:01.785288
7480	1	8	8	0	0:00:01.796338
7500	6	6	6	1	0:00:01.784305
7520	4	4	4	1	0:00:01.785939
7540	5	5	5	1	0:00:01.794732
7560	0	9	4	0	0:00:01.785511
7580	8	8	8	1	0:00:01.795031
7600	8	9	8	0	0:00:01.794451
7620	5	3	3	0	0:00:01.786614
7640	9	9	6	1	0:00:01.790438
7660	7	7	4	1	0:00:01.807642
7680	3	-1	3	0	0:00:01.785855
7700	6	6	6	1	0:00:01.786095
7720	5	5	5	1	0:00:01.785223
7740	4	4	2	1	0:00:01.791141
7760	2	9	2	0	0:00:01.789755
7780	3	1	8	0	0:00:01.783455
7800	0	0	0	1	0:00:01.796354
7820	5	8	8	0	0:00:01.797286
7840	1	1	1	1	0:00:01.796146
7860	8	1	4	0	0:00:01.784855
7880	0	0	0	1	0:00:01.785536
7900	0	8	8	0	0:00:01.785870
7920	9	8	8	0	0:00:01.789292
7940	2	6	6	0	0:00:01.794245
7960	0	0	0	1	0:00:01.794722
7980	3	3	4	1	0:00:01.784922
8000	9	9	9	1	0:00:01.786160
8020	6	3	3	0	0:00:01.794364
8040	2	2	2	1	0:00:01.794787
8060	6	6	4	1	0:00:01.795632
8080	4	6	4	0	0:00:01.785332
8100	6	2	4	0	0:00:01.796956
8120	8	9	8	0	0:00:01.800080
8140	5	4	4	0	0:00:01.797662
8160	6	6	6	1	0:00:01.799597
8180	4	4	4	1	0:00:01.792782
8200	3	6	2	0	0:00:01.785155
8220	6	6	2	1	0:00:01.784019
8240	7	7	7	1	0:00:01.784282
8260	1	1	3	1	0:00:01.797250
8280	4	5	3	0	0:00:01.795532
8300	5	2	2	0	0:00:01.793348
8320	7	4	4	0	0:00:01.798405
8340	5	3	3	0	0:00:01.785783
8360	7	7	4	1	0:00:01.792703
8380	9	9	8	1	0:00:01.799803
8400	0	0	8	1	0:00:01.795311
8420	3	6	4	0	0:00:01.784758
8440	5	-1	4	0	0:00:01.795160
8460	8	8	8	1	0:00:01.796324
8480	2	2	4	1	0:00:01.794262
8500	4	4	4	1	0:00:01.794868
8520	8	1	4	0	0:00:01.785532
8540	4	4	2	1	0:00:01.786897
8560	7	7	4	1	0:00:01.785244
8580	3	0	2	0	0:00:01.785525
8600	3	3	4	1	0:00:01.785472
8620	3	7	4	0	0:00:01.785591
8640	1	1	1	1	0:00:01.793653
8660	7	7	7	1	0:00:01.787376
8680	3	9	4	0	0:00:01.786174
8700	3	3	3	1	0:00:01.793867
8720	2	0	0	0	0:00:01.792927
8740	2	2	4	1	0:00:01.787241
8760	8	8	8	1	0:00:01.795737
8780	4	4	4	1	0:00:01.794860
8800	0	0	0	1	0:00:01.801209
8820	2	2	2	1	0:00:01.796194
8840	2	1	7	0	0:00:01.787133
8860	2	2	2	1	0:00:01.788939
8880	1	1	1	1	0:00:01.784314
8900	2	4	4	0	0:00:01.796975
8920	6	6	6	1	0:00:01.783578
8940	6	3	6	0	0:00:01.794155
8960	0	0	0	1	0:00:01.794033
8980	9	9	9	1	0:00:01.809889
9000	8	8	8	1	0:00:01.786806
9020	7	9	8	0	0:00:01.787065
9040	2	5	5	0	0:00:01.787565
9060	9	5	5	0	0:00:01.784442
9080	3	3	3	1	0:00:01.786288
9100	9	6	6	0	0:00:01.795553
9120	3	3	3	1	0:00:01.795683
9140	7	7	4	1	0:00:01.793662
9160	5	5	5	1	0:00:01.804206
9180	5	5	5	1	0:00:01.792520
9200	8	8	8	1	0:00:01.793491
9220	8	8	8	1	0:00:01.793823
9240	8	8	8	1	0:00:01.792984
9260	5	5	5	1	0:00:01.785897
9280	9	1	8	0	0:00:01.786808
9300	5	3	2	0	0:00:01.783272
9320	9	9	8	1	0:00:01.786364
9340	1	1	1	1	0:00:01.783051
9360	5	6	6	0	0:00:01.795650
9380	5	3	3	0	0:00:01.793959
9400	6	6	4	1	0:00:01.793384
9420	5	5	6	1	0:00:01.793475
9440	8	8	8	1	0:00:01.802500
9460	3	7	6	0	0:00:01.785743
9480	2	4	4	0	0:00:01.785085
9500	9	9	6	1	0:00:01.788028
9520	1	1	1	1	0:00:01.799770
9540	5	5	4	1	0:00:01.785718
9560	9	7	7	0	0:00:01.787690
9580	1	1	4	1	0:00:01.784259
9600	8	8	8	1	0:00:01.795754
9620	4	7	4	0	0:00:01.796421
9640	5	0	6	0	0:00:01.785824
9660	6	6	6	1	0:00:01.800518
9680	8	8	8	1	0:00:01.786727
9700	0	0	0	1	0:00:01.787210
9720	8	1	8	0	0:00:01.783807
9740	3	6	4	0	0:00:01.786649
9760	9	9	4	1	0:00:01.784603
9780	4	6	4	0	0:00:01.787233
9800	1	1	1	1	0:00:01.796964
9820	0	8	8	0	0:00:01.786622
9840	4	5	5	0	0:00:01.784956
9860	0	5	8	0	0:00:01.790627
9880	7	7	4	1	0:00:01.785226
9900	8	0	8	0	0:00:01.785752
9920	6	6	2	1	0:00:01.785186
9940	4	7	4	0	0:00:01.784874
9960	2	0	0	0	0:00:01.784085
9980	0	0	0	1	0:00:01.784052
