idx	label	predict	basePredict	correct	time
0	3	3	3	1	0:00:03.709690
20	7	1	1	0	0:00:03.554525
40	4	4	4	1	0:00:03.545962
60	7	7	7	1	0:00:03.529853
80	8	8	8	1	0:00:03.595730
100	4	5	5	0	0:00:03.583146
120	8	8	8	1	0:00:03.559809
140	6	6	6	1	0:00:03.557689
160	2	2	2	1	0:00:03.589994
180	0	0	0	1	0:00:03.499765
200	5	5	5	1	0:00:03.507894
220	7	7	7	1	0:00:03.534888
240	1	1	1	1	0:00:03.573937
260	8	8	5	1	0:00:03.558460
280	9	9	9	1	0:00:03.564930
300	6	6	6	1	0:00:03.554163
320	3	5	5	0	0:00:03.544189
340	2	6	4	0	0:00:03.535139
360	9	9	9	1	0:00:03.557344
380	6	6	4	1	0:00:03.483420
400	9	9	9	1	0:00:03.487189
420	4	4	3	1	0:00:03.481356
440	1	1	1	1	0:00:03.497545
460	5	5	5	1	0:00:03.543942
480	8	9	9	0	0:00:03.538361
500	4	6	4	0	0:00:03.536573
520	5	5	5	1	0:00:03.555332
540	1	1	1	1	0:00:03.530243
560	0	0	0	1	0:00:03.542010
580	4	4	4	1	0:00:03.521968
600	8	8	8	1	0:00:03.559067
620	7	7	7	1	0:00:03.569526
640	5	3	3	0	0:00:03.514855
660	9	9	9	1	0:00:03.545103
680	9	0	1	0	0:00:03.513132
700	7	7	7	1	0:00:03.554814
720	4	9	9	0	0:00:03.548940
740	2	3	3	0	0:00:03.554971
760	3	3	3	1	0:00:03.557154
780	9	1	1	0	0:00:03.554688
800	7	7	7	1	0:00:03.538367
820	6	1	8	0	0:00:03.547811
840	7	7	7	1	0:00:03.535926
860	4	4	4	1	0:00:03.569097
880	8	8	8	1	0:00:03.580408
900	2	6	4	0	0:00:03.533501
920	6	4	4	0	0:00:03.549624
940	9	9	9	1	0:00:03.516886
960	9	3	3	0	0:00:03.513946
980	2	6	6	0	0:00:03.567835
1000	5	5	5	1	0:00:03.474070
1020	1	1	1	1	0:00:03.443867
1040	7	5	5	0	0:00:03.466728
1060	9	9	9	1	0:00:03.449181
1080	6	6	2	1	0:00:03.481624
1100	7	8	8	0	0:00:03.461784
1120	5	2	2	0	0:00:03.438953
1140	6	6	4	1	0:00:03.425012
1160	8	8	8	1	0:00:03.445148
1180	3	3	3	1	0:00:03.461663
1200	8	8	8	1	0:00:03.416490
1220	9	6	3	0	0:00:03.432082
1240	2	6	6	0	0:00:03.441470
1260	1	9	9	0	0:00:03.443722
1280	3	3	3	1	0:00:03.446227
1300	4	3	3	0	0:00:03.449458
1320	7	7	2	1	0:00:03.450991
1340	1	1	1	1	0:00:03.431627
1360	7	7	7	1	0:00:03.448101
1380	4	5	5	0	0:00:03.421032
1400	5	5	5	1	0:00:03.460961
1420	4	4	4	1	0:00:03.471263
1440	0	0	0	1	0:00:03.450146
1460	6	6	6	1	0:00:03.479709
1480	1	1	1	1	0:00:03.467075
1500	1	1	1	1	0:00:03.467271
1520	7	7	7	1	0:00:03.469126
1540	8	8	8	1	0:00:03.426130
1560	7	7	7	1	0:00:03.459028
1580	6	1	1	0	0:00:03.475365
1600	8	9	9	0	0:00:03.476231
1620	5	3	3	0	0:00:03.481974
1640	7	3	3	0	0:00:03.479980
1660	3	3	5	1	0:00:03.474775
1680	6	6	6	1	0:00:03.476310
1700	5	3	3	0	0:00:03.489492
1720	4	2	2	0	0:00:03.445130
1740	1	9	9	0	0:00:03.470675
1760	0	0	8	1	0:00:03.462273
1780	7	7	7	1	0:00:03.447795
1800	4	8	8	0	0:00:03.429512
1820	8	9	8	0	0:00:03.425313
1840	8	4	4	0	0:00:03.446878
1860	8	8	8	1	0:00:03.425036
1880	1	1	1	1	0:00:03.447351
1900	8	8	8	1	0:00:03.454696
1920	2	2	2	1	0:00:03.461485
1940	5	5	5	1	0:00:03.413590
1960	2	5	5	0	0:00:03.460241
1980	9	9	9	1	0:00:03.470756
2000	1	1	1	1	0:00:03.472640
2020	9	9	9	1	0:00:03.475874
2040	0	0	0	1	0:00:03.467603
2060	5	5	5	1	0:00:03.465163
2080	1	1	1	1	0:00:03.455808
2100	2	2	2	1	0:00:03.458829
2120	4	8	8	0	0:00:03.463180
2140	9	9	9	1	0:00:03.460588
2160	0	8	8	0	0:00:03.458198
2180	4	4	4	1	0:00:03.467303
2200	0	0	0	1	0:00:03.467667
2220	1	1	1	1	0:00:03.465606
2240	9	1	1	0	0:00:03.458222
2260	4	2	3	0	0:00:03.464789
2280	4	8	8	0	0:00:03.477509
2300	3	3	3	1	0:00:03.467540
2320	5	3	3	0	0:00:03.479336
2340	7	7	7	1	0:00:03.472425
2360	7	5	5	0	0:00:03.456798
2380	8	8	8	1	0:00:03.486037
2400	0	0	0	1	0:00:03.499524
2420	8	5	8	0	0:00:03.484718
2440	7	7	5	1	0:00:03.477770
2460	9	3	3	0	0:00:03.454478
2480	8	8	8	1	0:00:03.483573
2500	4	6	2	0	0:00:03.484358
2520	1	8	8	0	0:00:03.473945
2540	2	3	3	0	0:00:03.479923
2560	7	7	5	1	0:00:03.478464
2580	6	6	6	1	0:00:03.491139
2600	8	8	8	1	0:00:03.480430
2620	1	1	1	1	0:00:03.467609
2640	7	7	7	1	0:00:03.473975
2660	3	2	2	0	0:00:03.483125
2680	0	0	0	1	0:00:03.534215
2700	9	1	1	0	0:00:03.480887
2720	3	3	3	1	0:00:03.468359
2740	1	1	1	1	0:00:03.484037
2760	2	2	2	1	0:00:03.471145
2780	7	7	7	1	0:00:03.489662
2800	4	6	4	0	0:00:03.483656
2820	6	6	6	1	0:00:03.484673
2840	3	3	3	1	0:00:03.476787
2860	5	6	6	0	0:00:03.486157
2880	4	4	4	1	0:00:03.486469
2900	3	5	5	0	0:00:03.485417
2920	2	3	5	0	0:00:03.481339
2940	3	0	0	0	0:00:03.474767
2960	9	0	9	0	0:00:03.478469
2980	8	8	8	1	0:00:03.466613
3000	5	5	5	1	0:00:03.469743
3020	1	1	1	1	0:00:03.464147
3040	7	7	7	1	0:00:03.468318
3060	7	7	7	1	0:00:03.454124
3080	1	1	1	1	0:00:03.462305
3100	0	0	0	1	0:00:03.469035
3120	4	6	4	0	0:00:03.488150
3140	8	8	8	1	0:00:03.463586
3160	6	2	2	0	0:00:03.480478
3180	3	6	3	0	0:00:03.473673
3200	5	5	5	1	0:00:03.476416
3220	3	9	9	0	0:00:03.481845
3240	4	0	0	0	0:00:03.459237
3260	7	7	7	1	0:00:03.477490
3280	3	5	5	0	0:00:03.473317
3300	4	4	2	1	0:00:03.476298
3320	2	7	7	0	0:00:03.438257
3340	6	6	4	1	0:00:03.425101
3360	4	6	3	0	0:00:03.458921
3380	8	8	8	1	0:00:03.477408
3400	6	7	4	0	0:00:03.468560
3420	5	3	3	0	0:00:03.474890
3440	2	3	3	0	0:00:03.466201
3460	1	1	1	1	0:00:03.458803
3480	2	2	2	1	0:00:03.458745
3500	1	1	1	1	0:00:03.418823
3520	1	1	1	1	0:00:03.438527
3540	6	6	3	1	0:00:03.443676
3560	1	0	0	0	0:00:03.459800
3580	4	2	2	0	0:00:03.475271
3600	4	2	2	0	0:00:03.459955
3620	0	3	3	0	0:00:03.403915
3640	6	2	2	0	0:00:03.421579
3660	0	0	8	1	0:00:03.420198
3680	0	2	2	0	0:00:03.442722
3700	3	3	3	1	0:00:03.449777
3720	2	2	2	1	0:00:03.444292
3740	0	0	0	1	0:00:03.447123
3760	7	7	7	1	0:00:03.466426
3780	4	2	2	0	0:00:03.460783
3800	9	9	9	1	0:00:03.445848
3820	0	0	0	1	0:00:03.391084
3840	6	3	3	0	0:00:03.402349
3860	7	7	7	1	0:00:03.413747
3880	6	4	4	0	0:00:03.427277
3900	3	-1	6	0	0:00:03.453971
3920	7	1	5	0	0:00:03.400012
3940	6	3	2	0	0:00:03.391992
3960	2	2	2	1	0:00:03.389438
3980	9	3	3	0	0:00:03.432340
4000	8	0	0	0	0:00:03.447778
4020	8	8	8	1	0:00:03.451459
4040	0	0	0	1	0:00:03.468627
4060	6	-1	3	0	0:00:03.465140
4080	1	1	1	1	0:00:03.456501
4100	7	7	7	1	0:00:03.464521
4120	4	4	4	1	0:00:03.476121
4140	5	5	5	1	0:00:03.473280
4160	5	5	5	1	0:00:03.469604
4180	0	0	8	1	0:00:03.458669
4200	4	4	2	1	0:00:03.467846
4220	4	0	0	0	0:00:03.468217
4240	7	0	0	0	0:00:03.459213
4260	8	8	8	1	0:00:03.483963
4280	8	9	9	0	0:00:03.486934
4300	8	8	8	1	0:00:03.478626
4320	1	-1	8	0	0:00:03.476321
4340	0	0	0	1	0:00:03.473138
4360	6	3	3	0	0:00:03.471666
4380	9	9	9	1	0:00:03.476153
4400	3	4	2	0	0:00:03.476854
4420	5	5	7	1	0:00:03.484814
4440	2	2	2	1	0:00:03.470457
4460	9	9	9	1	0:00:03.474887
4480	9	9	9	1	0:00:03.485283
4500	3	5	5	0	0:00:03.470356
4520	3	3	3	1	0:00:03.464421
4540	9	9	9	1	0:00:03.469010
4560	1	1	1	1	0:00:03.484686
4580	6	4	4	0	0:00:03.472898
4600	4	4	4	1	0:00:03.460588
4620	7	3	3	0	0:00:03.468277
4640	2	2	2	1	0:00:03.467211
4660	7	7	7	1	0:00:03.476880
4680	9	9	9	1	0:00:03.486894
4700	6	6	3	1	0:00:03.463457
4720	8	0	0	0	0:00:03.452604
4740	5	3	3	0	0:00:03.468789
4760	3	2	2	0	0:00:03.469982
4780	0	0	0	1	0:00:03.464946
4800	9	9	9	1	0:00:03.478385
4820	3	5	3	0	0:00:03.501102
4840	0	0	0	1	0:00:03.459263
4860	5	5	5	1	0:00:03.469943
4880	0	0	0	1	0:00:03.453430
4900	3	1	5	0	0:00:03.463567
4920	7	7	7	1	0:00:03.468228
4940	6	6	2	1	0:00:03.464990
4960	4	3	3	0	0:00:03.473727
4980	1	9	9	0	0:00:03.462191
5000	7	7	7	1	0:00:03.475171
5020	8	8	8	1	0:00:03.472646
5040	3	3	3	1	0:00:03.458164
5060	6	6	6	1	0:00:03.451178
5080	7	7	7	1	0:00:03.445537
5100	3	3	3	1	0:00:03.413265
5120	9	9	8	1	0:00:03.444887
5140	8	8	8	1	0:00:03.442094
5160	0	0	0	1	0:00:03.418104
5180	9	7	7	0	0:00:03.441108
5200	3	3	3	1	0:00:03.418949
5220	0	0	0	1	0:00:03.418064
5240	1	1	1	1	0:00:03.388266
5260	0	0	0	1	0:00:03.391104
5280	0	8	8	0	0:00:03.386586
5300	9	9	9	1	0:00:03.390320
5320	7	7	7	1	0:00:03.393521
5340	3	4	3	0	0:00:03.464642
5360	9	9	9	1	0:00:03.463217
5380	1	9	9	0	0:00:03.459841
5400	9	9	9	1	0:00:03.457844
5420	6	6	6	1	0:00:03.442593
5440	9	9	9	1	0:00:03.454890
5460	0	0	0	1	0:00:03.474220
5480	1	1	1	1	0:00:03.488455
5500	8	8	8	1	0:00:03.464618
5520	4	5	3	0	0:00:03.483471
5540	5	6	2	0	0:00:03.472752
5560	3	5	5	0	0:00:03.467564
5580	5	6	3	0	0:00:03.471613
5600	6	3	0	0	0:00:03.460266
5620	3	2	2	0	0:00:03.418961
5640	2	5	2	0	0:00:03.391250
5660	9	9	9	1	0:00:03.413218
5680	2	3	3	0	0:00:03.411403
5700	3	5	5	0	0:00:03.385423
5720	9	9	9	1	0:00:03.389556
5740	6	4	4	0	0:00:03.387782
5760	2	2	2	1	0:00:03.419755
5780	7	7	7	1	0:00:03.421247
5800	2	2	2	1	0:00:03.476885
5820	5	5	3	1	0:00:03.461618
5840	2	5	5	0	0:00:03.467198
5860	0	0	0	1	0:00:03.489877
5880	0	0	0	1	0:00:03.461023
5900	4	0	5	0	0:00:03.466594
5920	8	8	8	1	0:00:03.471342
5940	7	-1	4	0	0:00:03.449352
5960	2	6	6	0	0:00:03.469177
5980	9	9	9	1	0:00:03.463894
6000	8	1	8	0	0:00:03.463435
6020	6	6	6	1	0:00:03.462002
6040	2	7	7	0	0:00:03.485417
6060	3	4	4	0	0:00:03.469561
6080	1	1	1	1	0:00:03.488693
6100	1	1	1	1	0:00:03.470364
6120	5	5	5	1	0:00:03.479943
6140	9	9	9	1	0:00:03.464652
6160	2	5	5	0	0:00:03.480635
6180	0	0	0	1	0:00:03.474905
6200	3	3	3	1	0:00:03.470507
6220	2	5	5	0	0:00:03.460399
6240	2	2	2	1	0:00:03.464297
6260	2	1	0	0	0:00:03.472122
6280	8	5	5	0	0:00:03.455058
6300	1	1	1	1	0:00:03.462814
6320	0	0	0	1	0:00:03.452486
6340	3	5	5	0	0:00:03.447453
6360	2	2	2	1	0:00:03.458692
6380	3	6	5	0	0:00:03.465985
6400	0	8	0	0	0:00:03.463253
6420	7	7	7	1	0:00:03.470120
6440	3	8	8	0	0:00:03.460022
6460	3	0	0	0	0:00:03.470271
6480	0	0	0	1	0:00:03.469227
6500	7	6	6	0	0:00:03.464468
6520	6	4	2	0	0:00:03.457418
6540	8	8	8	1	0:00:03.463917
6560	6	6	4	1	0:00:03.467794
6580	1	1	3	1	0:00:03.462582
6600	7	7	7	1	0:00:03.457295
6620	7	7	7	1	0:00:03.438483
6640	5	3	3	0	0:00:03.456613
6660	0	0	0	1	0:00:03.456569
6680	3	5	5	0	0:00:03.459084
6700	6	6	6	1	0:00:03.457248
6720	2	2	2	1	0:00:03.463449
6740	2	4	4	0	0:00:03.463586
6760	5	5	2	1	0:00:03.473696
6780	7	7	7	1	0:00:03.454524
6800	6	6	2	1	0:00:03.449280
6820	1	1	1	1	0:00:03.408698
6840	9	9	9	1	0:00:03.431825
6860	0	0	0	1	0:00:03.430141
6880	2	2	2	1	0:00:03.439759
6900	3	3	3	1	0:00:03.439604
6920	5	2	2	0	0:00:03.456696
6940	1	1	1	1	0:00:03.458287
6960	9	9	8	1	0:00:03.461142
6980	0	0	8	1	0:00:03.464182
7000	2	8	8	0	0:00:03.468221
7020	7	7	7	1	0:00:03.460786
7040	7	1	8	0	0:00:03.441993
7060	8	8	8	1	0:00:03.448266
7080	5	4	4	0	0:00:03.446081
7100	9	3	3	0	0:00:03.444020
7120	7	7	7	1	0:00:03.449935
7140	4	4	3	1	0:00:03.447471
7160	5	5	5	1	0:00:03.380302
7180	6	6	6	1	0:00:03.383303
7200	4	6	2	0	0:00:03.380366
7220	9	9	9	1	0:00:03.382321
7240	0	8	8	0	0:00:03.390340
7260	1	1	1	1	0:00:03.390532
7280	1	9	0	0	0:00:03.392708
7300	3	4	4	0	0:00:03.443509
7320	8	0	8	0	0:00:03.439460
7340	2	4	4	0	0:00:03.438285
7360	2	2	2	1	0:00:03.438923
7380	7	7	7	1	0:00:03.458023
7400	3	5	5	0	0:00:03.463328
7420	3	2	2	0	0:00:03.461455
7440	3	3	3	1	0:00:03.387969
7460	5	5	5	1	0:00:03.387609
7480	1	1	3	1	0:00:03.457057
7500	6	6	6	1	0:00:03.430807
7520	4	4	4	1	0:00:03.419993
7540	5	5	5	1	0:00:03.470773
7560	0	0	0	1	0:00:03.465285
7580	8	8	8	1	0:00:03.463911
7600	8	9	2	0	0:00:03.484132
7620	5	3	3	0	0:00:03.475502
7640	9	8	8	0	0:00:03.481984
7660	7	4	7	0	0:00:03.464195
7680	3	9	5	0	0:00:03.464143
7700	6	6	6	1	0:00:03.475263
7720	5	5	5	1	0:00:03.477142
7740	4	2	2	0	0:00:03.465698
7760	2	9	8	0	0:00:03.464475
7780	3	1	1	0	0:00:03.464345
7800	0	0	0	1	0:00:03.468428
7820	5	8	8	0	0:00:03.461980
7840	1	1	1	1	0:00:03.475030
7860	8	8	8	1	0:00:03.484613
7880	0	0	0	1	0:00:03.472996
7900	0	2	2	0	0:00:03.481152
7920	9	9	9	1	0:00:03.461773
7940	2	6	6	0	0:00:03.476705
7960	0	0	0	1	0:00:03.466229
7980	3	3	5	1	0:00:03.473267
8000	9	9	9	1	0:00:03.470099
8020	6	3	3	0	0:00:03.456910
8040	2	2	2	1	0:00:03.472757
8060	6	6	6	1	0:00:03.476764
8080	4	6	4	0	0:00:03.472188
8100	6	2	2	0	0:00:03.468883
8120	8	9	9	0	0:00:03.463904
8140	5	4	4	0	0:00:03.470582
8160	6	6	6	1	0:00:03.468910
8180	4	4	4	1	0:00:03.456453
8200	3	0	0	0	0:00:03.470718
8220	6	6	2	1	0:00:03.472628
8240	7	7	7	1	0:00:03.473205
8260	1	1	1	1	0:00:03.467044
8280	4	3	3	0	0:00:03.465363
8300	5	2	2	0	0:00:03.473504
8320	7	4	3	0	0:00:03.468328
8340	5	5	5	1	0:00:03.464466
8360	7	7	7	1	0:00:03.473052
8380	9	9	9	1	0:00:03.470466
8400	0	0	0	1	0:00:03.474347
8420	3	6	2	0	0:00:03.478938
8440	5	3	3	0	0:00:03.476529
8460	8	8	8	1	0:00:03.459705
8480	2	2	2	1	0:00:03.455706
8500	4	4	4	1	0:00:03.463933
8520	8	8	8	1	0:00:03.458598
8540	4	2	2	0	0:00:03.457395
8560	7	7	7	1	0:00:03.464360
8580	3	5	5	0	0:00:03.450269
8600	3	5	5	0	0:00:03.456474
8620	3	3	3	1	0:00:03.462771
8640	1	1	1	1	0:00:03.471642
8660	7	7	7	1	0:00:03.450810
8680	3	3	2	1	0:00:03.472330
8700	3	5	5	0	0:00:03.457522
8720	2	0	0	0	0:00:03.467152
8740	2	4	4	0	0:00:03.465216
8760	8	8	8	1	0:00:03.457692
8780	4	4	4	1	0:00:03.452087
8800	0	0	0	1	0:00:03.471521
8820	2	2	2	1	0:00:03.471991
8840	2	2	2	1	0:00:03.471338
8860	2	2	2	1	0:00:03.490158
8880	1	1	1	1	0:00:03.460192
8900	2	2	2	1	0:00:03.475191
8920	6	6	6	1	0:00:03.470717
8940	6	3	5	0	0:00:03.474461
8960	0	0	0	1	0:00:03.458364
8980	9	9	9	1	0:00:03.453613
9000	8	8	8	1	0:00:03.453510
9020	7	7	7	1	0:00:03.460850
9040	2	5	5	0	0:00:03.464514
9060	9	9	9	1	0:00:03.472596
9080	3	2	2	0	0:00:03.474508
9100	9	1	1	0	0:00:03.466312
9120	3	5	5	0	0:00:03.454321
9140	7	7	7	1	0:00:03.459738
9160	5	5	5	1	0:00:03.467162
9180	5	5	5	1	0:00:03.458529
9200	8	8	8	1	0:00:03.452643
9220	8	8	8	1	0:00:03.461933
9240	8	8	8	1	0:00:03.451876
9260	5	5	5	1	0:00:03.478992
9280	9	9	8	1	0:00:03.481757
9300	5	3	3	0	0:00:03.480363
9320	9	9	9	1	0:00:03.482610
9340	1	1	1	1	0:00:03.486860
9360	5	0	0	0	0:00:03.476875
9380	5	3	3	0	0:00:03.466292
9400	6	6	2	1	0:00:03.468713
9420	5	5	5	1	0:00:03.479501
9440	8	8	8	1	0:00:03.477912
9460	3	7	7	0	0:00:03.472978
9480	2	4	4	0	0:00:03.477908
9500	9	9	9	1	0:00:03.478813
9520	1	1	1	1	0:00:03.485481
9540	5	5	5	1	0:00:03.481879
9560	9	7	8	0	0:00:03.481822
9580	1	1	1	1	0:00:03.479043
9600	8	8	8	1	0:00:03.487984
9620	4	4	4	1	0:00:03.463551
9640	5	5	5	1	0:00:03.468333
9660	6	6	6	1	0:00:03.478009
9680	8	8	8	1	0:00:03.497478
9700	0	0	0	1	0:00:03.469328
9720	8	8	3	1	0:00:03.487175
9740	3	6	2	0	0:00:03.482258
9760	9	9	9	1	0:00:03.481385
9780	4	6	4	0	0:00:03.472442
9800	1	1	1	1	0:00:03.469590
9820	0	1	8	0	0:00:03.483448
9840	4	3	3	0	0:00:03.459842
9860	0	0	0	1	0:00:03.469368
9880	7	3	3	0	0:00:03.468886
9900	8	8	8	1	0:00:03.461446
9920	6	6	6	1	0:00:03.462114
9940	4	4	4	1	0:00:03.573024
9960	2	0	0	0	0:00:03.474630
9980	0	0	0	1	0:00:03.450928
