idx	label	predict	basePredict	correct	time
0	3	-1	4	0	0:00:03.642269
20	7	9	9	0	0:00:03.587261
40	4	8	8	0	0:00:03.528930
60	7	7	4	1	0:00:03.587422
80	8	8	8	1	0:00:03.564837
100	4	5	5	0	0:00:03.579134
120	8	8	8	1	0:00:03.501181
140	6	2	2	0	0:00:03.563910
160	2	2	2	1	0:00:03.528533
180	0	0	0	1	0:00:03.565731
200	5	3	3	0	0:00:03.530472
220	7	7	7	1	0:00:03.525021
240	1	1	1	1	0:00:03.552662
260	8	5	5	0	0:00:03.538337
280	9	9	9	1	0:00:03.537498
300	6	6	4	1	0:00:03.544277
320	3	5	2	0	0:00:03.533702
340	2	4	4	0	0:00:03.523545
360	9	6	6	0	0:00:03.567733
380	6	6	4	1	0:00:03.533724
400	9	1	1	0	0:00:03.549407
420	4	6	6	0	0:00:03.581825
440	1	1	1	1	0:00:03.543084
460	5	5	5	1	0:00:03.573822
480	8	9	9	0	0:00:03.568749
500	4	6	6	0	0:00:03.550290
520	5	7	7	0	0:00:03.539681
540	1	8	8	0	0:00:03.549340
560	0	0	0	1	0:00:03.557783
580	4	6	6	0	0:00:03.558110
600	8	8	8	1	0:00:03.563736
620	7	6	6	0	0:00:03.558043
640	5	3	3	0	0:00:03.559738
660	9	9	9	1	0:00:03.528379
680	9	1	1	0	0:00:03.568137
700	7	7	7	1	0:00:03.555823
720	4	9	9	0	0:00:03.556547
740	2	5	5	0	0:00:03.573285
760	3	9	9	0	0:00:03.556441
780	9	9	8	1	0:00:03.574726
800	7	7	7	1	0:00:03.572557
820	6	9	9	0	0:00:03.571604
840	7	7	7	1	0:00:03.567478
860	4	6	6	0	0:00:03.576367
880	8	8	8	1	0:00:03.580482
900	2	6	6	0	0:00:03.588300
920	6	2	2	0	0:00:03.582580
940	9	1	1	0	0:00:03.590180
960	9	9	8	1	0:00:03.570194
980	2	6	6	0	0:00:03.567148
1000	5	5	5	1	0:00:03.488196
1020	1	1	1	1	0:00:03.481086
1040	7	5	5	0	0:00:03.477617
1060	9	9	9	1	0:00:03.464261
1080	6	6	6	1	0:00:03.482822
1100	7	8	8	0	0:00:03.458107
1120	5	2	2	0	0:00:03.469783
1140	6	6	6	1	0:00:03.489000
1160	8	0	0	0	0:00:03.503964
1180	3	9	9	0	0:00:03.483966
1200	8	0	0	0	0:00:03.477745
1220	9	7	2	0	0:00:03.472089
1240	2	6	6	0	0:00:03.492266
1260	1	9	9	0	0:00:03.482170
1280	3	7	7	0	0:00:03.459294
1300	4	6	6	0	0:00:03.465836
1320	7	7	2	1	0:00:03.477216
1340	1	1	1	1	0:00:03.477537
1360	7	5	2	0	0:00:03.425097
1380	4	5	5	0	0:00:03.433098
1400	5	6	4	0	0:00:03.449901
1420	4	7	7	0	0:00:03.465275
1440	0	8	0	0	0:00:03.495069
1460	6	6	6	1	0:00:03.487414
1480	1	5	5	0	0:00:03.486321
1500	1	9	9	0	0:00:03.484275
1520	7	6	6	0	0:00:03.462828
1540	8	8	8	1	0:00:03.454408
1560	7	7	7	1	0:00:03.456443
1580	6	1	1	0	0:00:03.451097
1600	8	9	1	0	0:00:03.475280
1620	5	8	8	0	0:00:03.487880
1640	7	5	5	0	0:00:03.467292
1660	3	5	5	0	0:00:03.467028
1680	6	6	6	1	0:00:03.481150
1700	5	2	2	0	0:00:03.484656
1720	4	0	0	0	0:00:03.468964
1740	1	9	9	0	0:00:03.467540
1760	0	8	8	0	0:00:03.474363
1780	7	8	8	0	0:00:03.466696
1800	4	8	8	0	0:00:03.498357
1820	8	1	1	0	0:00:03.467477
1840	8	7	7	0	0:00:03.466751
1860	8	8	8	1	0:00:03.469447
1880	1	1	1	1	0:00:03.453849
1900	8	8	8	1	0:00:03.474184
1920	2	2	2	1	0:00:03.473636
1940	5	2	2	0	0:00:03.484756
1960	2	5	5	0	0:00:03.479776
1980	9	9	9	1	0:00:03.462555
2000	1	6	6	0	0:00:03.468754
2020	9	9	9	1	0:00:03.461492
2040	0	8	8	0	0:00:03.483140
2060	5	5	5	1	0:00:03.478175
2080	1	1	1	1	0:00:03.474010
2100	2	4	4	0	0:00:03.483619
2120	4	8	8	0	0:00:03.493730
2140	9	-1	1	0	0:00:03.486109
2160	0	8	8	0	0:00:03.489510
2180	4	6	6	0	0:00:03.474330
2200	0	0	0	1	0:00:03.479524
2220	1	1	1	1	0:00:03.496262
2240	9	9	9	1	0:00:03.477012
2260	4	6	4	0	0:00:03.468636
2280	4	8	8	0	0:00:03.480966
2300	3	6	6	0	0:00:03.471917
2320	5	-1	0	0	0:00:03.460576
2340	7	7	7	1	0:00:03.479764
2360	7	7	7	1	0:00:03.467906
2380	8	8	8	1	0:00:03.467407
2400	0	4	4	0	0:00:03.482860
2420	8	5	5	0	0:00:03.473739
2440	7	1	8	0	0:00:03.492928
2460	9	9	6	1	0:00:03.474844
2480	8	8	8	1	0:00:03.484135
2500	4	6	4	0	0:00:03.482567
2520	1	8	8	0	0:00:03.487255
2540	2	3	3	0	0:00:03.503874
2560	7	6	2	0	0:00:03.500888
2580	6	6	4	1	0:00:03.490367
2600	8	8	8	1	0:00:03.480475
2620	1	6	6	0	0:00:03.492593
2640	7	7	7	1	0:00:03.504331
2660	3	0	0	0	0:00:03.484797
2680	0	0	0	1	0:00:03.491683
2700	9	3	3	0	0:00:03.466463
2720	3	8	8	0	0:00:03.481539
2740	1	1	1	1	0:00:03.494693
2760	2	6	6	0	0:00:03.483029
2780	7	7	7	1	0:00:03.498797
2800	4	6	6	0	0:00:03.482030
2820	6	6	6	1	0:00:03.508587
2840	3	7	7	0	0:00:03.476214
2860	5	7	7	0	0:00:03.473274
2880	4	4	4	1	0:00:03.486166
2900	3	5	5	0	0:00:03.483727
2920	2	3	8	0	0:00:03.496477
2940	3	0	0	0	0:00:03.496256
2960	9	9	9	1	0:00:03.505265
2980	8	1	1	0	0:00:03.489568
3000	5	5	5	1	0:00:03.479505
3020	1	1	8	1	0:00:03.499437
3040	7	7	7	1	0:00:03.487907
3060	7	7	7	1	0:00:03.488384
3080	1	6	2	0	0:00:03.487733
3100	0	0	0	1	0:00:03.458314
3120	4	6	6	0	0:00:03.459111
3140	8	8	8	1	0:00:03.470844
3160	6	4	4	0	0:00:03.444771
3180	3	9	8	0	0:00:03.447514
3200	5	7	7	0	0:00:03.468522
3220	3	9	9	0	0:00:03.462998
3240	4	1	8	0	0:00:03.464392
3260	7	7	7	1	0:00:03.439216
3280	3	5	0	0	0:00:03.448343
3300	4	6	6	0	0:00:03.464241
3320	2	7	7	0	0:00:03.472395
3340	6	6	6	1	0:00:03.466512
3360	4	6	6	0	0:00:03.459280
3380	8	8	8	1	0:00:03.456525
3400	6	1	1	0	0:00:03.451293
3420	5	6	6	0	0:00:03.480124
3440	2	9	9	0	0:00:03.466162
3460	1	1	1	1	0:00:03.450609
3480	2	2	2	1	0:00:03.459617
3500	1	1	1	1	0:00:03.464892
3520	1	1	1	1	0:00:03.456747
3540	6	8	8	0	0:00:03.461286
3560	1	9	9	0	0:00:03.472653
3580	4	1	1	0	0:00:03.472081
3600	4	2	2	0	0:00:03.470531
3620	0	7	6	0	0:00:03.449201
3640	6	2	2	0	0:00:03.478184
3660	0	8	8	0	0:00:03.479315
3680	0	2	2	0	0:00:03.483832
3700	3	5	5	0	0:00:03.472075
3720	2	2	2	1	0:00:03.471842
3740	0	0	0	1	0:00:03.465802
3760	7	7	7	1	0:00:03.479008
3780	4	2	2	0	0:00:03.486330
3800	9	3	3	0	0:00:03.487443
3820	0	0	0	1	0:00:03.476862
3840	6	8	8	0	0:00:03.465430
3860	7	7	7	1	0:00:03.475137
3880	6	4	4	0	0:00:03.473978
3900	3	0	6	0	0:00:03.492296
3920	7	9	8	0	0:00:03.489060
3940	6	6	7	1	0:00:03.478309
3960	2	5	5	0	0:00:03.483272
3980	9	7	7	0	0:00:03.479182
4000	8	7	0	0	0:00:03.479966
4020	8	8	8	1	0:00:03.485716
4040	0	0	0	1	0:00:03.467168
4060	6	6	0	1	0:00:03.460416
4080	1	1	8	1	0:00:03.461186
4100	7	7	7	1	0:00:03.464502
4120	4	0	0	0	0:00:03.510419
4140	5	-1	3	0	0:00:03.468962
4160	5	2	2	0	0:00:03.485959
4180	0	0	8	1	0:00:03.491970
4200	4	2	2	0	0:00:03.491184
4220	4	0	0	0	0:00:03.484823
4240	7	8	8	0	0:00:03.498394
4260	8	8	8	1	0:00:03.520380
4280	8	8	8	1	0:00:03.490516
4300	8	8	8	1	0:00:03.484324
4320	1	8	8	0	0:00:03.475168
4340	0	8	0	0	0:00:03.486717
4360	6	9	9	0	0:00:03.488273
4380	9	9	9	1	0:00:03.478993
4400	3	6	8	0	0:00:03.478276
4420	5	8	8	0	0:00:03.489784
4440	2	6	6	0	0:00:03.479291
4460	9	1	8	0	0:00:03.481109
4480	9	9	6	1	0:00:03.504271
4500	3	7	7	0	0:00:03.477515
4520	3	6	6	0	0:00:03.494602
4540	9	9	9	1	0:00:03.505487
4560	1	1	1	1	0:00:03.511693
4580	6	6	6	1	0:00:03.490196
4600	4	7	7	0	0:00:03.494149
4620	7	3	3	0	0:00:03.485463
4640	2	5	5	0	0:00:03.474755
4660	7	6	2	0	0:00:03.484726
4680	9	1	1	0	0:00:03.483138
4700	6	1	4	0	0:00:03.483280
4720	8	0	0	0	0:00:03.475780
4740	5	6	6	0	0:00:03.467716
4760	3	2	2	0	0:00:03.453856
4780	0	0	0	1	0:00:03.480172
4800	9	9	9	1	0:00:03.486402
4820	3	5	5	0	0:00:03.472341
4840	0	0	0	1	0:00:03.479966
4860	5	5	5	1	0:00:03.488407
4880	0	2	2	0	0:00:03.486571
4900	3	1	1	0	0:00:03.475745
4920	7	7	0	1	0:00:03.487388
4940	6	6	2	1	0:00:03.492406
4960	4	6	6	0	0:00:03.475477
4980	1	9	9	0	0:00:03.481479
5000	7	7	7	1	0:00:03.488102
5020	8	8	8	1	0:00:03.489588
5040	3	4	4	0	0:00:03.490625
5060	6	6	6	1	0:00:03.488105
5080	7	7	7	1	0:00:03.482786
5100	3	4	4	0	0:00:03.480520
5120	9	8	8	0	0:00:03.492718
5140	8	8	8	1	0:00:03.485611
5160	0	8	8	0	0:00:03.480423
5180	9	6	6	0	0:00:03.464959
5200	3	3	3	1	0:00:03.471678
5220	0	0	0	1	0:00:03.485287
5240	1	9	9	0	0:00:03.480453
5260	0	0	0	1	0:00:03.464052
5280	0	8	8	0	0:00:03.468911
5300	9	1	1	0	0:00:03.486243
5320	7	7	7	1	0:00:03.487951
5340	3	2	2	0	0:00:03.475895
5360	9	9	9	1	0:00:03.477672
5380	1	9	9	0	0:00:03.480451
5400	9	0	0	0	0:00:03.482383
5420	6	6	6	1	0:00:03.482766
5440	9	9	9	1	0:00:03.497513
5460	0	0	2	1	0:00:03.489485
5480	1	1	8	1	0:00:03.497524
5500	8	1	8	0	0:00:03.479746
5520	4	5	5	0	0:00:03.462115
5540	5	6	6	0	0:00:03.474296
5560	3	6	6	0	0:00:03.477713
5580	5	6	6	0	0:00:03.486519
5600	6	8	8	0	0:00:03.491877
5620	3	4	4	0	0:00:03.468745
5640	2	3	3	0	0:00:03.489690
5660	9	-1	8	0	0:00:03.491028
5680	2	1	8	0	0:00:03.485468
5700	3	6	6	0	0:00:03.486844
5720	9	9	9	1	0:00:03.464661
5740	6	6	6	1	0:00:03.486280
5760	2	2	8	1	0:00:03.487388
5780	7	7	7	1	0:00:03.483157
5800	2	6	6	0	0:00:03.488155
5820	5	6	6	0	0:00:03.484053
5840	2	6	6	0	0:00:03.472113
5860	0	8	8	0	0:00:03.473624
5880	0	8	0	0	0:00:03.479514
5900	4	4	4	1	0:00:03.476549
5920	8	8	8	1	0:00:03.473900
5940	7	4	4	0	0:00:03.483848
5960	2	7	7	0	0:00:03.486377
5980	9	9	9	1	0:00:03.497866
6000	8	9	8	0	0:00:03.499583
6020	6	6	6	1	0:00:03.478664
6040	2	7	7	0	0:00:03.482327
6060	3	4	4	0	0:00:03.482537
6080	1	1	1	1	0:00:03.480112
6100	1	1	8	1	0:00:03.475740
6120	5	5	5	1	0:00:03.481477
6140	9	9	9	1	0:00:03.477612
6160	2	5	5	0	0:00:03.478400
6180	0	9	8	0	0:00:03.472319
6200	3	3	3	1	0:00:03.473487
6220	2	6	6	0	0:00:03.475206
6240	2	1	6	0	0:00:03.483721
6260	2	9	9	0	0:00:03.479335
6280	8	5	5	0	0:00:03.483052
6300	1	7	4	0	0:00:03.472122
6320	0	0	0	1	0:00:03.472082
6340	3	3	3	1	0:00:03.476265
6360	2	6	2	0	0:00:03.474925
6380	3	1	6	0	0:00:03.479529
6400	0	1	1	0	0:00:03.484540
6420	7	7	7	1	0:00:03.489803
6440	3	8	8	0	0:00:03.480962
6460	3	1	1	0	0:00:03.492733
6480	0	0	0	1	0:00:03.474840
6500	7	0	0	0	0:00:03.487212
6520	6	4	4	0	0:00:03.476920
6540	8	8	8	1	0:00:03.476477
6560	6	6	6	1	0:00:03.477166
6580	1	8	8	0	0:00:03.462001
6600	7	7	7	1	0:00:03.474627
6620	7	7	7	1	0:00:03.477909
6640	5	3	3	0	0:00:03.468329
6660	0	0	0	1	0:00:03.485077
6680	3	3	3	1	0:00:03.480570
6700	6	6	6	1	0:00:03.450980
6720	2	2	2	1	0:00:03.457725
6740	2	6	6	0	0:00:03.466441
6760	5	2	2	0	0:00:03.490563
6780	7	7	7	1	0:00:03.470806
6800	6	6	6	1	0:00:03.475662
6820	1	1	1	1	0:00:03.469114
6840	9	1	1	0	0:00:03.471128
6860	0	0	0	1	0:00:03.487936
6880	2	7	7	0	0:00:03.478499
6900	3	7	7	0	0:00:03.485341
6920	5	2	2	0	0:00:03.455810
6940	1	1	1	1	0:00:03.451263
6960	9	8	8	0	0:00:03.467736
6980	0	9	9	0	0:00:03.480390
7000	2	8	8	0	0:00:03.465813
7020	7	7	7	1	0:00:03.478508
7040	7	8	8	0	0:00:03.470633
7060	8	8	8	1	0:00:03.470083
7080	5	4	4	0	0:00:03.475241
7100	9	3	3	0	0:00:03.492827
7120	7	7	7	1	0:00:03.489327
7140	4	4	4	1	0:00:03.466532
7160	5	4	4	0	0:00:03.473687
7180	6	6	6	1	0:00:03.480607
7200	4	6	6	0	0:00:03.474091
7220	9	8	8	0	0:00:03.487683
7240	0	8	8	0	0:00:03.485548
7260	1	8	8	0	0:00:03.473505
7280	1	1	6	1	0:00:03.493017
7300	3	0	0	0	0:00:03.478299
7320	8	0	0	0	0:00:03.496215
7340	2	4	4	0	0:00:03.512366
7360	2	7	5	0	0:00:03.498778
7380	7	7	7	1	0:00:03.507636
7400	3	9	9	0	0:00:03.492190
7420	3	0	0	0	0:00:03.503743
7440	3	6	6	0	0:00:03.487736
7460	5	5	5	1	0:00:03.493525
7480	1	5	5	0	0:00:03.461734
7500	6	6	6	1	0:00:03.467869
7520	4	6	6	0	0:00:03.481172
7540	5	5	5	1	0:00:03.482234
7560	0	6	2	0	0:00:03.478960
7580	8	8	8	1	0:00:03.470923
7600	8	9	9	0	0:00:03.474841
7620	5	3	3	0	0:00:03.500083
7640	9	-1	8	0	0:00:03.506169
7660	7	1	1	0	0:00:03.496050
7680	3	9	9	0	0:00:03.487105
7700	6	6	6	1	0:00:03.497849
7720	5	6	6	0	0:00:03.486666
7740	4	6	2	0	0:00:03.491135
7760	2	9	9	0	0:00:03.507299
7780	3	1	1	0	0:00:03.507394
7800	0	0	0	1	0:00:03.511097
7820	5	8	8	0	0:00:03.486895
7840	1	1	1	1	0:00:03.487384
7860	8	-1	4	0	0:00:03.501595
7880	0	4	2	0	0:00:03.481223
7900	0	8	8	0	0:00:03.484026
7920	9	8	8	0	0:00:03.492235
7940	2	6	6	0	0:00:03.482780
7960	0	0	0	1	0:00:03.488497
7980	3	7	4	0	0:00:03.483512
8000	9	9	9	1	0:00:03.490459
8020	6	6	6	1	0:00:03.484597
8040	2	6	6	0	0:00:03.481856
8060	6	6	6	1	0:00:03.489362
8080	4	6	6	0	0:00:03.492157
8100	6	2	2	0	0:00:03.490775
8120	8	9	8	0	0:00:03.487978
8140	5	6	6	0	0:00:03.490840
8160	6	9	6	0	0:00:03.488661
8180	4	6	6	0	0:00:03.491793
8200	3	6	6	0	0:00:03.483950
8220	6	6	6	1	0:00:03.476341
8240	7	7	7	1	0:00:03.491918
8260	1	1	1	1	0:00:03.477062
8280	4	5	5	0	0:00:03.482322
8300	5	2	2	0	0:00:03.483096
8320	7	4	4	0	0:00:03.490235
8340	5	5	5	1	0:00:03.480447
8360	7	7	7	1	0:00:03.483740
8380	9	8	8	0	0:00:03.468328
8400	0	8	8	0	0:00:03.479836
8420	3	6	4	0	0:00:03.490082
8440	5	9	4	0	0:00:03.476131
8460	8	8	8	1	0:00:03.460962
8480	2	1	8	0	0:00:03.464332
8500	4	2	2	0	0:00:03.479635
8520	8	6	6	0	0:00:03.473703
8540	4	6	4	0	0:00:03.461036
8560	7	7	7	1	0:00:03.474627
8580	3	1	1	0	0:00:03.454272
8600	3	7	7	0	0:00:03.447536
8620	3	1	4	0	0:00:03.467474
8640	1	1	1	1	0:00:03.487535
8660	7	5	5	0	0:00:03.471104
8680	3	9	0	0	0:00:03.475747
8700	3	5	5	0	0:00:03.457391
8720	2	0	0	0	0:00:03.466468
8740	2	6	6	0	0:00:03.485593
8760	8	8	8	1	0:00:03.463690
8780	4	4	4	1	0:00:03.452189
8800	0	0	0	1	0:00:03.476610
8820	2	2	2	1	0:00:03.471465
8840	2	1	1	0	0:00:03.481241
8860	2	2	2	1	0:00:03.483214
8880	1	1	6	1	0:00:03.486451
8900	2	6	4	0	0:00:03.495666
8920	6	6	6	1	0:00:03.486090
8940	6	3	3	0	0:00:03.477165
8960	0	0	0	1	0:00:03.485158
8980	9	9	9	1	0:00:03.491405
9000	8	8	8	1	0:00:03.482251
9020	7	7	7	1	0:00:03.458473
9040	2	5	5	0	0:00:03.491925
9060	9	5	5	0	0:00:03.464527
9080	3	0	0	0	0:00:03.484811
9100	9	6	6	0	0:00:03.491559
9120	3	0	0	0	0:00:03.460472
9140	7	8	8	0	0:00:03.478944
9160	5	5	5	1	0:00:03.480204
9180	5	5	5	1	0:00:03.499429
9200	8	8	8	1	0:00:03.468382
9220	8	8	8	1	0:00:03.473957
9240	8	8	8	1	0:00:03.471956
9260	5	5	5	1	0:00:03.466429
9280	9	0	8	0	0:00:03.488487
9300	5	5	2	1	0:00:03.488002
9320	9	9	8	1	0:00:03.474160
9340	1	1	1	1	0:00:03.480743
9360	5	0	6	0	0:00:03.486429
9380	5	9	9	0	0:00:03.488546
9400	6	6	6	1	0:00:03.491294
9420	5	6	6	0	0:00:03.479993
9440	8	8	8	1	0:00:03.490584
9460	3	6	6	0	0:00:03.485336
9480	2	4	4	0	0:00:03.486274
9500	9	1	1	0	0:00:03.478172
9520	1	1	1	1	0:00:03.487954
9540	5	5	5	1	0:00:03.471026
9560	9	7	7	0	0:00:03.475421
9580	1	4	4	0	0:00:03.493301
9600	8	8	8	1	0:00:03.492028
9620	4	7	7	0	0:00:03.490213
9640	5	0	0	0	0:00:03.493379
9660	6	6	6	1	0:00:03.484191
9680	8	8	8	1	0:00:03.481594
9700	0	0	0	1	0:00:03.495129
9720	8	6	6	0	0:00:03.477320
9740	3	6	6	0	0:00:03.479170
9760	9	9	7	1	0:00:03.480880
9780	4	6	6	0	0:00:03.481920
9800	1	1	1	1	0:00:03.486750
9820	0	8	8	0	0:00:03.491658
9840	4	7	7	0	0:00:03.478014
9860	0	2	8	0	0:00:03.476817
9880	7	4	4	0	0:00:03.478130
9900	8	0	0	0	0:00:03.473145
9920	6	6	6	1	0:00:03.468220
9940	4	5	5	0	0:00:03.478741
9960	2	0	0	0	0:00:03.478260
9980	0	0	0	1	0:00:03.465126
