idx	label	predict	basePredict	correct	time
0	3	6	4	0	0:00:16.960406
20	7	9	9	0	0:00:15.774543
40	4	8	8	0	0:00:15.737367
60	7	2	2	0	0:00:15.864113
80	8	8	8	1	0:00:15.785194
100	4	5	0	0	0:00:15.657457
120	8	8	8	1	0:00:15.806463
140	6	2	2	0	0:00:15.773469
160	2	0	0	0	0:00:15.746365
180	0	0	0	1	0:00:15.741588
200	5	7	3	0	0:00:15.765281
220	7	7	7	1	0:00:15.794122
240	1	1	1	1	0:00:15.839996
260	8	5	5	0	0:00:15.756536
280	9	9	8	1	0:00:15.794250
300	6	6	4	1	0:00:15.758369
320	3	5	2	0	0:00:15.840582
340	2	4	4	0	0:00:15.751786
360	9	6	6	0	0:00:15.837738
380	6	8	8	0	0:00:15.728934
400	9	9	9	1	0:00:15.736471
420	4	6	6	0	0:00:15.707213
440	1	1	2	1	0:00:15.691424
460	5	7	4	0	0:00:15.774860
480	8	9	9	0	0:00:15.755945
500	4	6	6	0	0:00:15.742811
520	5	7	8	0	0:00:15.766210
540	1	8	8	0	0:00:15.776169
560	0	0	0	1	0:00:15.768933
580	4	6	6	0	0:00:15.729795
600	8	9	0	0	0:00:15.731110
620	7	6	4	0	0:00:15.843367
640	5	6	6	0	0:00:15.818186
660	9	9	9	1	0:00:15.873919
680	9	9	9	1	0:00:15.749954
700	7	7	7	1	0:00:15.745109
720	4	9	7	0	0:00:15.790895
740	2	5	5	0	0:00:15.814885
760	3	9	9	0	0:00:16.107150
780	9	9	8	1	0:00:16.117246
800	7	7	7	1	0:00:15.797262
820	6	9	9	0	0:00:15.833746
840	7	7	7	1	0:00:15.848270
860	4	6	6	0	0:00:15.748561
880	8	8	8	1	0:00:15.994560
900	2	6	6	0	0:00:15.820241
920	6	-1	2	0	0:00:15.794021
940	9	6	6	0	0:00:15.907612
960	9	9	9	1	0:00:15.723779
980	2	6	6	0	0:00:15.866158
1000	5	5	5	1	0:00:15.073223
1020	1	8	8	0	0:00:15.043695
1040	7	5	5	0	0:00:14.968760
1060	9	8	8	0	0:00:15.078965
1080	6	6	6	1	0:00:15.013083
1100	7	8	8	0	0:00:15.151773
1120	5	8	8	0	0:00:15.036853
1140	6	6	6	1	0:00:15.041274
1160	8	0	0	0	0:00:15.156895
1180	3	9	9	0	0:00:15.041632
1200	8	0	0	0	0:00:15.091890
1220	9	7	2	0	0:00:14.973380
1240	2	6	6	0	0:00:15.071282
1260	1	9	9	0	0:00:15.081310
1280	3	7	7	0	0:00:15.020496
1300	4	6	6	0	0:00:14.955207
1320	7	0	0	0	0:00:15.140631
1340	1	1	1	1	0:00:15.039643
1360	7	9	2	0	0:00:15.053509
1380	4	8	8	0	0:00:15.112200
1400	5	4	2	0	0:00:15.076404
1420	4	7	7	0	0:00:15.178118
1440	0	8	0	0	0:00:15.012482
1460	6	6	4	1	0:00:14.973928
1480	1	5	5	0	0:00:14.948607
1500	1	9	9	0	0:00:15.041872
1520	7	6	6	0	0:00:14.975239
1540	8	8	8	1	0:00:15
1560	7	7	7	1	0:00:15.103346
1580	6	9	9	0	0:00:15.145990
1600	8	9	6	0	0:00:15.139846
1620	5	8	8	0	0:00:15.079173
1640	7	5	5	0	0:00:15.156478
1660	3	5	4	0	0:00:15.070113
1680	6	6	6	1	0:00:15.005501
1700	5	0	0	0	0:00:14.970158
1720	4	0	0	0	0:00:14.962409
1740	1	9	9	0	0:00:15.042930
1760	0	8	8	0	0:00:15.057348
1780	7	8	8	0	0:00:15.014744
1800	4	8	8	0	0:00:15.035497
1820	8	9	8	0	0:00:14.982681
1840	8	7	7	0	0:00:15.001653
1860	8	8	8	1	0:00:15.088090
1880	1	4	4	0	0:00:15.034715
1900	8	8	8	1	0:00:15.006087
1920	2	7	6	0	0:00:14.962342
1940	5	2	2	0	0:00:15.042820
1960	2	7	7	0	0:00:15.040550
1980	9	9	8	1	0:00:15.019250
2000	1	6	6	0	0:00:15.089966
2020	9	9	9	1	0:00:15.032611
2040	0	8	8	0	0:00:15.119905
2060	5	5	5	1	0:00:15.122334
2080	1	2	2	0	0:00:15.006511
2100	2	4	4	0	0:00:15.043589
2120	4	8	8	0	0:00:15.051252
2140	9	9	1	1	0:00:15.125472
2160	0	8	8	0	0:00:15.058908
2180	4	6	6	0	0:00:15.001543
2200	0	0	0	1	0:00:14.981481
2220	1	1	4	1	0:00:14.947404
2240	9	9	9	1	0:00:14.982186
2260	4	1	4	0	0:00:14.988378
2280	4	9	8	0	0:00:14.957386
2300	3	6	6	0	0:00:15.124145
2320	5	8	8	0	0:00:15.062190
2340	7	9	9	0	0:00:15.095535
2360	7	9	9	0	0:00:15.026948
2380	8	8	8	1	0:00:15.088050
2400	0	0	0	1	0:00:15.100318
2420	8	1	5	0	0:00:15.017780
2440	7	1	8	0	0:00:14.991947
2460	9	9	6	1	0:00:15.005598
2480	8	8	8	1	0:00:15.084985
2500	4	6	4	0	0:00:15.067866
2520	1	8	8	0	0:00:15.038305
2540	2	4	4	0	0:00:15.017462
2560	7	2	2	0	0:00:15.111703
2580	6	4	4	0	0:00:15.045625
2600	8	8	8	1	0:00:15.085913
2620	1	6	6	0	0:00:15.054312
2640	7	7	2	1	0:00:15.006668
2660	3	0	0	0	0:00:15.016387
2680	0	0	0	1	0:00:15.045279
2700	9	0	0	0	0:00:14.979856
2720	3	8	8	0	0:00:14.971580
2740	1	1	1	1	0:00:15.035426
2760	2	6	6	0	0:00:15.161047
2780	7	7	6	1	0:00:15.172768
2800	4	6	6	0	0:00:14.996528
2820	6	6	6	1	0:00:15.034602
2840	3	3	3	1	0:00:14.987862
2860	5	7	7	0	0:00:15.023707
2880	4	4	4	1	0:00:15.031847
2900	3	5	6	0	0:00:15.032910
2920	2	-1	0	0	0:00:15.037211
2940	3	0	8	0	0:00:14.990799
2960	9	7	7	0	0:00:15.067091
2980	8	1	4	0	0:00:15.106646
3000	5	5	5	1	0:00:15.089273
3020	1	1	1	1	0:00:15.069030
3040	7	7	7	1	0:00:15.086012
3060	7	7	7	1	0:00:15.196446
3080	1	2	2	0	0:00:15.165210
3100	0	0	0	1	0:00:15.046493
3120	4	6	6	0	0:00:15.042825
3140	8	8	8	1	0:00:15.027145
3160	6	4	4	0	0:00:15.008344
3180	3	8	8	0	0:00:15.124983
3200	5	7	7	0	0:00:15.049647
3220	3	9	7	0	0:00:14.966666
3240	4	8	8	0	0:00:15.005401
3260	7	0	0	0	0:00:15.031571
3280	3	0	0	0	0:00:14.999412
3300	4	9	4	0	0:00:15.063142
3320	2	9	7	0	0:00:15.019929
3340	6	4	4	0	0:00:15.079416
3360	4	6	6	0	0:00:15.092518
3380	8	9	8	0	0:00:15.014529
3400	6	4	4	0	0:00:15.053377
3420	5	6	6	0	0:00:15.095923
3440	2	9	9	0	0:00:15.007082
3460	1	1	4	1	0:00:14.972971
3480	2	2	2	1	0:00:14.966073
3500	1	4	4	0	0:00:15.113534
3520	1	1	1	1	0:00:15.011569
3540	6	8	8	0	0:00:15.086555
3560	1	9	8	0	0:00:15.104627
3580	4	1	8	0	0:00:15.055030
3600	4	2	2	0	0:00:14.960678
3620	0	7	7	0	0:00:15.027132
3640	6	0	0	0	0:00:15.023284
3660	0	8	8	0	0:00:15.029259
3680	0	7	2	0	0:00:15.000234
3700	3	5	4	0	0:00:14.971629
3720	2	2	0	1	0:00:15.051781
3740	0	0	0	1	0:00:15.118437
3760	7	7	7	1	0:00:15.107962
3780	4	2	2	0	0:00:15.052231
3800	9	9	0	1	0:00:15.144055
3820	0	0	0	1	0:00:15.079031
3840	6	8	8	0	0:00:15.031768
3860	7	7	7	1	0:00:15.033045
3880	6	4	4	0	0:00:15.001615
3900	3	-1	1	0	0:00:14.989150
3920	7	8	8	0	0:00:15.067987
3940	6	7	4	0	0:00:15.016378
3960	2	5	5	0	0:00:15.016965
3980	9	7	7	0	0:00:15.063079
4000	8	7	4	0	0:00:15.099799
4020	8	9	8	0	0:00:14.993741
4040	0	0	0	1	0:00:15.001531
4060	6	0	0	0	0:00:15.120588
4080	1	8	8	0	0:00:14.969292
4100	7	7	7	1	0:00:15.068078
4120	4	0	0	0	0:00:15.138940
4140	5	2	2	0	0:00:15.055759
4160	5	2	2	0	0:00:14.998819
4180	0	8	8	0	0:00:15.006274
4200	4	2	2	0	0:00:15.169433
4220	4	0	0	0	0:00:15.091800
4240	7	8	8	0	0:00:15.026341
4260	8	1	8	0	0:00:15.039357
4280	8	9	8	0	0:00:15.041686
4300	8	9	8	0	0:00:15.064273
4320	1	8	8	0	0:00:15.036009
4340	0	8	8	0	0:00:15.023723
4360	6	9	9	0	0:00:15.085850
4380	9	9	8	1	0:00:15.087135
4400	3	8	8	0	0:00:14.977272
4420	5	8	8	0	0:00:15.022042
4440	2	6	6	0	0:00:15.050652
4460	9	8	8	0	0:00:15.204362
4480	9	6	6	0	0:00:15.128550
4500	3	7	7	0	0:00:15.050901
4520	3	6	6	0	0:00:15.025812
4540	9	9	9	1	0:00:15.059920
4560	1	1	4	1	0:00:15.301301
4580	6	6	4	1	0:00:14.965693
4600	4	1	1	0	0:00:15.045347
4620	7	3	3	0	0:00:15.158973
4640	2	5	4	0	0:00:15.083284
4660	7	2	2	0	0:00:15.077923
4680	9	1	1	0	0:00:15.028226
4700	6	1	4	0	0:00:15.202538
4720	8	0	0	0	0:00:15.028064
4740	5	6	6	0	0:00:15.030529
4760	3	8	8	0	0:00:15.090060
4780	0	8	0	0	0:00:14.967261
4800	9	9	9	1	0:00:15.096366
4820	3	1	6	0	0:00:14.954960
4840	0	0	0	1	0:00:15.026568
4860	5	5	5	1	0:00:15.043329
4880	0	2	2	0	0:00:14.975598
4900	3	6	6	0	0:00:14.987325
4920	7	0	0	0	0:00:14.986181
4940	6	4	2	0	0:00:15.138381
4960	4	6	6	0	0:00:15.044939
4980	1	9	9	0	0:00:15.072071
5000	7	7	7	1	0:00:15.014094
5020	8	8	8	1	0:00:15.106607
5040	3	7	4	0	0:00:14.963976
5060	6	6	6	1	0:00:15.032313
5080	7	7	7	1	0:00:15.034773
5100	3	4	4	0	0:00:15.006929
5120	9	8	8	0	0:00:15.100883
5140	8	8	8	1	0:00:15.082987
5160	0	8	8	0	0:00:15.085238
5180	9	6	4	0	0:00:15.093688
5200	3	3	3	1	0:00:15.002768
5220	0	0	0	1	0:00:15.026854
5240	1	9	4	0	0:00:15.046832
5260	0	0	0	1	0:00:15.024853
5280	0	8	8	0	0:00:15.099261
5300	9	1	1	0	0:00:15.053395
5320	7	7	7	1	0:00:15.068252
5340	3	8	8	0	0:00:14.995824
5360	9	9	9	1	0:00:15.063470
5380	1	9	9	0	0:00:15.058788
5400	9	0	8	0	0:00:15.045530
5420	6	7	6	0	0:00:15.129196
5440	9	9	9	1	0:00:15.029218
5460	0	7	6	0	0:00:14.992232
5480	1	8	8	0	0:00:15.156324
5500	8	9	8	0	0:00:15.068951
5520	4	5	6	0	0:00:14.971352
5540	5	6	2	0	0:00:15.025813
5560	3	6	6	0	0:00:15.042202
5580	5	6	6	0	0:00:15.098351
5600	6	9	8	0	0:00:15.045375
5620	3	2	2	0	0:00:15.031411
5640	2	3	3	0	0:00:15.057695
5660	9	9	8	1	0:00:15.024837
5680	2	8	8	0	0:00:15.054572
5700	3	9	2	0	0:00:14.976360
5720	9	9	9	1	0:00:14.980528
5740	6	6	4	1	0:00:15.017378
5760	2	8	8	0	0:00:14.980127
5780	7	9	7	0	0:00:15.125432
5800	2	6	4	0	0:00:15.080894
5820	5	6	6	0	0:00:15.067174
5840	2	6	6	0	0:00:15.054475
5860	0	8	8	0	0:00:15.071497
5880	0	8	8	0	0:00:15.009220
5900	4	5	4	0	0:00:14.989342
5920	8	8	8	1	0:00:15.056981
5940	7	4	4	0	0:00:14.970736
5960	2	7	7	0	0:00:14.976740
5980	9	9	8	1	0:00:14.991842
6000	8	9	8	0	0:00:14.985866
6020	6	9	6	0	0:00:15.025684
6040	2	1	7	0	0:00:15.113029
6060	3	4	4	0	0:00:15.111117
6080	1	9	6	0	0:00:15.091184
6100	1	1	8	1	0:00:15.061284
6120	5	5	5	1	0:00:15.032355
6140	9	9	7	1	0:00:15.004892
6160	2	9	8	0	0:00:15.048632
6180	0	8	8	0	0:00:15.037316
6200	3	0	0	0	0:00:14.977123
6220	2	6	6	0	0:00:15.024767
6240	2	1	6	0	0:00:15.041274
6260	2	9	9	0	0:00:15.061055
6280	8	5	5	0	0:00:15.033897
6300	1	7	7	0	0:00:15.028436
6320	0	0	0	1	0:00:15.042064
6340	3	8	8	0	0:00:15.055709
6360	2	2	2	1	0:00:15.050371
6380	3	1	6	0	0:00:15.067537
6400	0	1	4	0	0:00:15.009028
6420	7	8	8	0	0:00:15.044178
6440	3	8	8	0	0:00:15.085561
6460	3	1	1	0	0:00:15.046741
6480	0	0	0	1	0:00:15.057112
6500	7	0	0	0	0:00:15.020572
6520	6	4	2	0	0:00:15.150229
6540	8	8	8	1	0:00:14.983079
6560	6	6	6	1	0:00:15.026883
6580	1	9	2	0	0:00:15.193974
6600	7	7	7	1	0:00:15.003841
6620	7	7	7	1	0:00:15.046815
6640	5	8	8	0	0:00:15.047900
6660	0	8	8	0	0:00:14.976195
6680	3	3	3	1	0:00:15.086249
6700	6	6	6	1	0:00:15.071131
6720	2	2	2	1	0:00:15.007751
6740	2	6	6	0	0:00:15.010010
6760	5	0	0	0	0:00:15.026172
6780	7	7	7	1	0:00:14.998965
6800	6	6	6	1	0:00:14.990597
6820	1	1	1	1	0:00:15.190872
6840	9	9	6	1	0:00:15.035685
6860	0	0	0	1	0:00:15.007640
6880	2	6	6	0	0:00:15.004258
6900	3	7	7	0	0:00:14.992248
6920	5	2	2	0	0:00:15.007257
6940	1	1	1	1	0:00:15.035630
6960	9	8	8	0	0:00:15.087031
6980	0	9	9	0	0:00:15.074131
7000	2	8	8	0	0:00:14.998990
7020	7	1	1	0	0:00:14.958652
7040	7	8	8	0	0:00:14.989710
7060	8	8	8	1	0:00:15.068994
7080	5	0	0	0	0:00:14.952099
7100	9	8	8	0	0:00:15.062665
7120	7	7	6	1	0:00:15.082332
7140	4	4	4	1	0:00:15.033217
7160	5	7	2	0	0:00:15.036079
7180	6	6	6	1	0:00:15.047233
7200	4	6	2	0	0:00:15.129617
7220	9	8	8	0	0:00:15.070898
7240	0	8	8	0	0:00:15.237269
7260	1	8	8	0	0:00:15.026489
7280	1	9	6	0	0:00:15.006547
7300	3	7	8	0	0:00:14.980599
7320	8	0	0	0	0:00:14.999544
7340	2	4	0	0	0:00:15.060247
7360	2	7	7	0	0:00:15.029480
7380	7	1	7	0	0:00:15.141979
7400	3	9	9	0	0:00:15.020739
7420	3	0	0	0	0:00:15.079416
7440	3	6	6	0	0:00:14.982421
7460	5	5	5	1	0:00:15.072744
7480	1	5	5	0	0:00:15.066605
7500	6	6	6	1	0:00:15.029786
7520	4	6	6	0	0:00:15.078895
7540	5	5	5	1	0:00:15.014585
7560	0	9	2	0	0:00:15.039151
7580	8	8	8	1	0:00:15.027725
7600	8	9	9	0	0:00:15.054638
7620	5	9	1	0	0:00:15.070348
7640	9	8	8	0	0:00:15.045005
7660	7	9	9	0	0:00:15.069721
7680	3	9	9	0	0:00:14.950836
7700	6	6	6	1	0:00:14.971903
7720	5	6	6	0	0:00:15.071563
7740	4	6	2	0	0:00:15.113051
7760	2	9	9	0	0:00:15.107664
7780	3	8	8	0	0:00:15.082716
7800	0	0	0	1	0:00:15.088036
7820	5	8	8	0	0:00:15.039581
7840	1	1	1	1	0:00:15.052762
7860	8	4	4	0	0:00:15.111915
7880	0	0	0	1	0:00:14.995315
7900	0	8	8	0	0:00:15.014629
7920	9	8	8	0	0:00:15.043679
7940	2	6	6	0	0:00:14.998453
7960	0	0	0	1	0:00:15.029350
7980	3	7	4	0	0:00:15.071611
8000	9	-1	0	0	0:00:15.080713
8020	6	6	6	1	0:00:15.170598
8040	2	6	6	0	0:00:15.054938
8060	6	6	6	1	0:00:14.996109
8080	4	6	4	0	0:00:15.055022
8100	6	2	2	0	0:00:15.066753
8120	8	9	9	0	0:00:15.048037
8140	5	6	6	0	0:00:15.035481
8160	6	9	8	0	0:00:15.040121
8180	4	6	6	0	0:00:15.046730
8200	3	9	6	0	0:00:15.025196
8220	6	9	2	0	0:00:15.010689
8240	7	7	7	1	0:00:14.973885
8260	1	1	3	1	0:00:15.025587
8280	4	3	3	0	0:00:15.119015
8300	5	2	2	0	0:00:14.992388
8320	7	9	4	0	0:00:14.990232
8340	5	4	4	0	0:00:14.945030
8360	7	6	6	0	0:00:14.981660
8380	9	8	8	0	0:00:15.006390
8400	0	8	8	0	0:00:15.024715
8420	3	6	4	0	0:00:15.026998
8440	5	9	4	0	0:00:15.019244
8460	8	8	8	1	0:00:15.096303
8480	2	1	8	0	0:00:15.004133
8500	4	2	2	0	0:00:15.030233
8520	8	6	6	0	0:00:15.005600
8540	4	6	4	0	0:00:15.091651
8560	7	7	6	1	0:00:15.147576
8580	3	0	0	0	0:00:15.087391
8600	3	7	7	0	0:00:15.021844
8620	3	1	4	0	0:00:14.992293
8640	1	1	1	1	0:00:15.037726
8660	7	5	5	0	0:00:15.056031
8680	3	9	8	0	0:00:15.068352
8700	3	5	3	0	0:00:15.164293
8720	2	0	0	0	0:00:15.097191
8740	2	6	6	0	0:00:15.044947
8760	8	8	5	1	0:00:15.212852
8780	4	7	4	0	0:00:15.080037
8800	0	0	0	1	0:00:14.955178
8820	2	2	2	1	0:00:15.107894
8840	2	1	1	0	0:00:15.064602
8860	2	0	8	0	0:00:15.086114
8880	1	6	6	0	0:00:15.006166
8900	2	1	4	0	0:00:15.076729
8920	6	6	6	1	0:00:15.071775
8940	6	3	3	0	0:00:15.090292
8960	0	0	0	1	0:00:15.026531
8980	9	9	9	1	0:00:15.093997
9000	8	8	8	1	0:00:15.088326
9020	7	9	9	0	0:00:14.992144
9040	2	5	5	0	0:00:14.999899
9060	9	5	5	0	0:00:14.967371
9080	3	0	0	0	0:00:14.995339
9100	9	6	6	0	0:00:15.074440
9120	3	0	0	0	0:00:15.003010
9140	7	8	8	0	0:00:15.100343
9160	5	0	0	0	0:00:15.122292
9180	5	5	5	1	0:00:15.070143
9200	8	8	8	1	0:00:15.023043
9220	8	8	8	1	0:00:15.112437
9240	8	9	8	0	0:00:15.058910
9260	5	5	4	1	0:00:15.010859
9280	9	0	8	0	0:00:14.984411
9300	5	8	8	0	0:00:15.053429
9320	9	9	8	1	0:00:15.025557
9340	1	1	1	1	0:00:15.028112
9360	5	0	0	0	0:00:15.025279
9380	5	9	9	0	0:00:15.043194
9400	6	-1	2	0	0:00:15.040154
9420	5	6	6	0	0:00:15.078540
9440	8	8	8	1	0:00:14.981482
9460	3	9	7	0	0:00:14.999226
9480	2	6	6	0	0:00:15.028255
9500	9	6	6	0	0:00:14.986888
9520	1	9	9	0	0:00:15.053925
9540	5	5	4	1	0:00:15.051669
9560	9	7	7	0	0:00:15.026125
9580	1	4	4	0	0:00:15.043895
9600	8	8	8	1	0:00:15.220591
9620	4	7	7	0	0:00:15.073221
9640	5	1	6	0	0:00:15.065514
9660	6	6	6	1	0:00:15.030812
9680	8	9	8	0	0:00:15.015611
9700	0	0	0	1	0:00:15.005593
9720	8	6	4	0	0:00:15.025290
9740	3	6	4	0	0:00:15.035938
9760	9	9	9	1	0:00:15.029379
9780	4	6	6	0	0:00:15.167074
9800	1	1	1	1	0:00:15.068946
9820	0	9	8	0	0:00:15.038765
9840	4	3	3	0	0:00:15.039831
9860	0	8	8	0	0:00:15.022976
9880	7	4	4	0	0:00:15.058234
9900	8	0	0	0	0:00:15.068004
9920	6	6	6	1	0:00:15.033757
9940	4	7	7	0	0:00:14.982460
9960	2	0	0	0	0:00:15.048542
9980	0	0	0	1	0:00:15.095467
