idx	label	predict	basePredict	correct	time
0	3	-1	4	0	0:00:01.328829
20	7	9	9	0	0:00:01.062641
40	4	8	8	0	0:00:01.027976
60	7	-1	2	0	0:00:01.008540
80	8	8	8	1	0:00:01.038462
100	4	5	5	0	0:00:01.005288
120	8	8	8	1	0:00:01.052351
140	6	2	2	0	0:00:01.073798
160	2	0	0	0	0:00:01.036712
180	0	0	0	1	0:00:01.058701
200	5	3	3	0	0:00:01.049975
220	7	7	7	1	0:00:01.062458
240	1	1	1	1	0:00:01.066682
260	8	5	5	0	0:00:01.197167
280	9	9	9	1	0:00:01.093422
300	6	-1	4	0	0:00:01.093524
320	3	5	2	0	0:00:01.068395
340	2	4	4	0	0:00:01.082415
360	9	6	6	0	0:00:01.086732
380	6	6	4	1	0:00:01.088774
400	9	9	9	1	0:00:01.089067
420	4	6	6	0	0:00:01.078778
440	1	1	1	1	0:00:01.052694
460	5	5	5	1	0:00:01.066755
480	8	9	9	0	0:00:01.381802
500	4	6	6	0	0:00:01.047175
520	5	7	7	0	0:00:00.966916
540	1	9	8	0	0:00:01.025525
560	0	0	0	1	0:00:00.986108
580	4	6	6	0	0:00:00.998559
600	8	-1	0	0	0:00:01.014601
620	7	6	6	0	0:00:01.041888
640	5	-1	3	0	0:00:01.040795
660	9	9	9	1	0:00:01.054587
680	9	1	1	0	0:00:01.075015
700	7	7	7	1	0:00:01.040756
720	4	9	9	0	0:00:01.021796
740	2	5	5	0	0:00:01.029830
760	3	9	9	0	0:00:01.032435
780	9	-1	0	0	0:00:01.089466
800	7	7	7	1	0:00:00.931731
820	6	9	9	0	0:00:00.947345
840	7	7	7	1	0:00:00.964759
860	4	6	6	0	0:00:00.966000
880	8	8	8	1	0:00:00.997226
900	2	6	6	0	0:00:01.048399
920	6	2	2	0	0:00:01.060912
940	9	1	1	0	0:00:01.113147
960	9	9	9	1	0:00:01.102578
980	2	6	6	0	0:00:01.064771
1000	5	5	5	1	0:00:00.956900
1020	1	1	1	1	0:00:01.002050
1040	7	5	5	0	0:00:00.930214
1060	9	9	9	1	0:00:00.914205
1080	6	-1	6	0	0:00:00.895060
1100	7	8	8	0	0:00:00.911536
1120	5	2	2	0	0:00:00.937123
1140	6	6	6	1	0:00:00.940317
1160	8	0	0	0	0:00:00.936426
1180	3	9	9	0	0:00:00.940502
1200	8	0	0	0	0:00:00.940046
1220	9	-1	2	0	0:00:00.930645
1240	2	6	6	0	0:00:00.928029
1260	1	9	9	0	0:00:00.945376
1280	3	7	7	0	0:00:00.932928
1300	4	6	6	0	0:00:00.954539
1320	7	0	0	0	0:00:00.944529
1340	1	1	1	1	0:00:00.930137
1360	7	-1	5	0	0:00:00.988130
1380	4	5	5	0	0:00:00.945357
1400	5	-1	2	0	0:00:00.935369
1420	4	7	7	0	0:00:00.941820
1440	0	-1	0	0	0:00:00.948373
1460	6	6	6	1	0:00:00.947724
1480	1	7	7	0	0:00:00.943442
1500	1	9	9	0	0:00:00.930477
1520	7	6	6	0	0:00:00.952997
1540	8	8	8	1	0:00:00.933965
1560	7	7	7	1	0:00:00.939659
1580	6	1	1	0	0:00:00.969001
1600	8	-1	6	0	0:00:00.969003
1620	5	8	8	0	0:00:00.960699
1640	7	5	5	0	0:00:00.952816
1660	3	5	5	0	0:00:00.954940
1680	6	6	6	1	0:00:00.954468
1700	5	2	2	0	0:00:00.944367
1720	4	0	0	0	0:00:00.940011
1740	1	9	9	0	0:00:00.953068
1760	0	8	8	0	0:00:00.934510
1780	7	-1	8	0	0:00:00.957377
1800	4	8	8	0	0:00:00.965273
1820	8	9	9	0	0:00:00.983418
1840	8	7	7	0	0:00:00.961071
1860	8	8	8	1	0:00:00.964167
1880	1	1	1	1	0:00:00.943576
1900	8	8	8	1	0:00:00.948730
1920	2	2	2	1	0:00:00.945536
1940	5	2	2	0	0:00:00.961930
1960	2	5	7	0	0:00:00.991045
1980	9	9	9	1	0:00:00.974683
2000	1	6	6	0	0:00:00.962175
2020	9	9	9	1	0:00:00.987753
2040	0	8	8	0	0:00:00.966873
2060	5	5	5	1	0:00:00.965231
2080	1	1	4	1	0:00:00.943958
2100	2	4	4	0	0:00:00.945706
2120	4	8	8	0	0:00:00.932372
2140	9	-1	1	0	0:00:00.938316
2160	0	8	8	0	0:00:00.952511
2180	4	6	6	0	0:00:00.944544
2200	0	0	0	1	0:00:00.945300
2220	1	1	1	1	0:00:00.948527
2240	9	9	9	1	0:00:00.940680
2260	4	7	4	0	0:00:00.937914
2280	4	8	8	0	0:00:00.980695
2300	3	6	6	0	0:00:00.964523
2320	5	8	8	0	0:00:00.955740
2340	7	7	7	1	0:00:00.964110
2360	7	7	7	1	0:00:00.940175
2380	8	8	8	1	0:00:00.941773
2400	0	0	0	1	0:00:00.949021
2420	8	5	5	0	0:00:00.935973
2440	7	-1	7	0	0:00:00.951984
2460	9	-1	6	0	0:00:00.937031
2480	8	8	8	1	0:00:00.946899
2500	4	6	4	0	0:00:00.949749
2520	1	-1	8	0	0:00:00.971705
2540	2	3	3	0	0:00:00.950362
2560	7	-1	2	0	0:00:00.946007
2580	6	4	4	0	0:00:00.934580
2600	8	8	8	1	0:00:00.933069
2620	1	6	6	0	0:00:00.956838
2640	7	7	7	1	0:00:00.960074
2660	3	-1	0	0	0:00:00.971021
2680	0	0	0	1	0:00:00.965056
2700	9	1	3	0	0:00:01.007382
2720	3	8	8	0	0:00:00.970812
2740	1	1	9	1	0:00:00.984312
2760	2	6	6	0	0:00:00.994707
2780	7	7	7	1	0:00:00.941767
2800	4	6	6	0	0:00:00.960749
2820	6	6	6	1	0:00:00.958676
2840	3	3	3	1	0:00:00.977142
2860	5	7	7	0	0:00:00.971735
2880	4	4	4	1	0:00:00.995480
2900	3	5	5	0	0:00:00.993338
2920	2	-1	8	0	0:00:00.986276
2940	3	-1	8	0	0:00:00.925074
2960	9	-1	9	0	0:00:00.958482
2980	8	1	1	0	0:00:00.980605
3000	5	5	5	1	0:00:00.974139
3020	1	1	8	1	0:00:00.974128
3040	7	7	7	1	0:00:01.003690
3060	7	7	7	1	0:00:00.987748
3080	1	2	2	0	0:00:00.952308
3100	0	0	0	1	0:00:00.941496
3120	4	6	6	0	0:00:00.943841
3140	8	8	8	1	0:00:00.953865
3160	6	4	4	0	0:00:00.938347
3180	3	9	8	0	0:00:00.940148
3200	5	7	7	0	0:00:00.958265
3220	3	9	9	0	0:00:00.954435
3240	4	1	8	0	0:00:00.959014
3260	7	0	0	0	0:00:00.963930
3280	3	5	0	0	0:00:00.961221
3300	4	-1	4	0	0:00:00.955362
3320	2	7	7	0	0:00:00.954900
3340	6	-1	4	0	0:00:00.937707
3360	4	6	6	0	0:00:00.944033
3380	8	8	8	1	0:00:00.958705
3400	6	1	1	0	0:00:00.944032
3420	5	6	6	0	0:00:00.959872
3440	2	9	9	0	0:00:01.001725
3460	1	1	1	1	0:00:00.996641
3480	2	2	2	1	0:00:00.953725
3500	1	1	4	1	0:00:00.944716
3520	1	1	1	1	0:00:00.963952
3540	6	-1	8	0	0:00:00.955785
3560	1	9	9	0	0:00:00.950053
3580	4	1	1	0	0:00:00.943068
3600	4	2	2	0	0:00:00.936330
3620	0	7	7	0	0:00:00.943931
3640	6	2	0	0	0:00:00.968739
3660	0	8	8	0	0:00:00.983061
3680	0	2	2	0	0:00:00.972792
3700	3	5	5	0	0:00:00.940013
3720	2	2	2	1	0:00:00.965120
3740	0	0	0	1	0:00:00.952778
3760	7	7	7	1	0:00:00.941824
3780	4	2	2	0	0:00:00.936691
3800	9	3	3	0	0:00:00.924458
3820	0	0	0	1	0:00:00.938323
3840	6	8	8	0	0:00:00.945108
3860	7	7	7	1	0:00:00.938686
3880	6	4	4	0	0:00:00.985796
3900	3	0	0	0	0:00:00.959435
3920	7	-1	8	0	0:00:00.947788
3940	6	7	7	0	0:00:00.925414
3960	2	5	5	0	0:00:00.927518
3980	9	7	7	0	0:00:00.949779
4000	8	7	0	0	0:00:00.963442
4020	8	-1	8	0	0:00:00.923158
4040	0	-1	0	0	0:00:00.937157
4060	6	0	0	0	0:00:00.938110
4080	1	-1	8	0	0:00:00.935466
4100	7	7	7	1	0:00:00.960395
4120	4	0	0	0	0:00:00.982385
4140	5	2	2	0	0:00:00.934658
4160	5	2	2	0	0:00:00.932865
4180	0	8	8	0	0:00:00.928855
4200	4	2	2	0	0:00:00.944177
4220	4	0	0	0	0:00:00.970471
4240	7	8	8	0	0:00:00.981081
4260	8	-1	9	0	0:00:00.971589
4280	8	9	0	0	0:00:00.993927
4300	8	8	8	1	0:00:00.981220
4320	1	8	8	0	0:00:00.983873
4340	0	0	0	1	0:00:00.969834
4360	6	9	9	0	0:00:00.968803
4380	9	9	9	1	0:00:00.967161
4400	3	-1	8	0	0:00:00.962326
4420	5	8	8	0	0:00:00.958248
4440	2	6	6	0	0:00:00.950907
4460	9	1	8	0	0:00:00.955478
4480	9	-1	6	0	0:00:00.947758
4500	3	-1	6	0	0:00:00.929061
4520	3	6	6	0	0:00:00.944526
4540	9	9	9	1	0:00:00.941149
4560	1	1	4	1	0:00:00.922185
4580	6	-1	4	0	0:00:00.923101
4600	4	7	7	0	0:00:00.872187
4620	7	3	3	0	0:00:00.900213
4640	2	5	5	0	0:00:00.890442
4660	7	2	2	0	0:00:00.883313
4680	9	1	1	0	0:00:00.883110
4700	6	1	1	0	0:00:00.921344
4720	8	0	0	0	0:00:00.919269
4740	5	6	6	0	0:00:00.926649
4760	3	2	2	0	0:00:00.981442
4780	0	0	0	1	0:00:01.014995
4800	9	9	9	1	0:00:00.954659
4820	3	5	5	0	0:00:00.947368
4840	0	0	0	1	0:00:00.905321
4860	5	5	5	1	0:00:00.909497
4880	0	2	2	0	0:00:00.913110
4900	3	1	1	0	0:00:00.924886
4920	7	0	0	0	0:00:00.936149
4940	6	2	2	0	0:00:00.942501
4960	4	6	6	0	0:00:00.929696
4980	1	9	9	0	0:00:00.936391
5000	7	7	7	1	0:00:00.943731
5020	8	8	8	1	0:00:00.944556
5040	3	-1	5	0	0:00:00.967705
5060	6	6	6	1	0:00:00.940079
5080	7	7	7	1	0:00:00.909502
5100	3	4	4	0	0:00:00.908601
5120	9	8	8	0	0:00:00.912998
5140	8	8	8	1	0:00:00.932047
5160	0	8	8	0	0:00:00.912067
5180	9	-1	6	0	0:00:00.928357
5200	3	3	3	1	0:00:00.922104
5220	0	0	0	1	0:00:00.849226
5240	1	9	2	0	0:00:00.849855
5260	0	0	0	1	0:00:00.842126
5280	0	-1	8	0	0:00:00.860945
5300	9	1	1	0	0:00:00.899094
5320	7	7	7	1	0:00:00.883714
5340	3	2	2	0	0:00:00.919993
5360	9	9	9	1	0:00:00.909469
5380	1	9	9	0	0:00:00.900905
5400	9	0	0	0	0:00:00.913514
5420	6	-1	6	0	0:00:00.928976
5440	9	9	9	1	0:00:00.933424
5460	0	6	6	0	0:00:00.946768
5480	1	-1	8	0	0:00:00.952222
5500	8	1	1	0	0:00:00.927990
5520	4	5	5	0	0:00:00.946160
5540	5	6	2	0	0:00:00.945852
5560	3	6	6	0	0:00:00.945211
5580	5	6	6	0	0:00:00.959855
5600	6	-1	8	0	0:00:00.961013
5620	3	2	2	0	0:00:00.948066
5640	2	3	3	0	0:00:00.923403
5660	9	9	8	1	0:00:00.919877
5680	2	8	8	0	0:00:00.913639
5700	3	6	6	0	0:00:00.919596
5720	9	9	9	1	0:00:00.915630
5740	6	-1	4	0	0:00:00.952298
5760	2	2	8	1	0:00:00.951356
5780	7	7	7	1	0:00:00.941983
5800	2	6	4	0	0:00:00.925261
5820	5	6	6	0	0:00:00.943769
5840	2	6	6	0	0:00:00.915922
5860	0	8	8	0	0:00:00.925944
5880	0	0	0	1	0:00:00.969092
5900	4	5	4	0	0:00:00.976584
5920	8	8	8	1	0:00:00.973297
5940	7	4	4	0	0:00:00.969316
5960	2	7	7	0	0:00:00.963879
5980	9	9	9	1	0:00:00.964259
6000	8	9	8	0	0:00:00.993115
6020	6	6	6	1	0:00:00.928422
6040	2	7	7	0	0:00:00.886757
6060	3	4	4	0	0:00:00.868395
6080	1	1	6	1	0:00:00.855907
6100	1	1	8	1	0:00:00.877276
6120	5	5	5	1	0:00:00.871705
6140	9	9	9	1	0:00:00.918126
6160	2	5	5	0	0:00:00.926381
6180	0	-1	8	0	0:00:00.935200
6200	3	0	0	0	0:00:00.939325
6220	2	6	6	0	0:00:00.935172
6240	2	1	4	0	0:00:00.981252
6260	2	9	9	0	0:00:00.954863
6280	8	5	5	0	0:00:00.948738
6300	1	6	6	0	0:00:00.950674
6320	0	0	0	1	0:00:00.955793
6340	3	-1	2	0	0:00:00.958181
6360	2	2	2	1	0:00:00.956639
6380	3	1	1	0	0:00:00.976930
6400	0	1	1	0	0:00:00.963801
6420	7	-1	5	0	0:00:00.945312
6440	3	8	8	0	0:00:00.938081
6460	3	1	1	0	0:00:00.943099
6480	0	0	0	1	0:00:00.924921
6500	7	0	0	0	0:00:00.919755
6520	6	4	4	0	0:00:00.891701
6540	8	8	8	1	0:00:00.911867
6560	6	6	6	1	0:00:00.949757
6580	1	-1	4	0	0:00:00.889336
6600	7	7	7	1	0:00:00.920206
6620	7	7	7	1	0:00:00.908362
6640	5	3	3	0	0:00:00.907210
6660	0	-1	8	0	0:00:00.900494
6680	3	5	5	0	0:00:00.902469
6700	6	6	6	1	0:00:00.905041
6720	2	2	2	1	0:00:00.944733
6740	2	6	6	0	0:00:00.914016
6760	5	2	2	0	0:00:00.924432
6780	7	7	7	1	0:00:00.911590
6800	6	6	6	1	0:00:00.915178
6820	1	1	1	1	0:00:00.921699
6840	9	1	1	0	0:00:00.926278
6860	0	0	0	1	0:00:00.928369
6880	2	7	7	0	0:00:00.952667
6900	3	7	7	0	0:00:00.958724
6920	5	2	2	0	0:00:00.947271
6940	1	1	1	1	0:00:00.973738
6960	9	8	8	0	0:00:00.976945
6980	0	9	9	0	0:00:00.973910
7000	2	8	8	0	0:00:00.948612
7020	7	7	7	1	0:00:00.943255
7040	7	8	8	0	0:00:00.954331
7060	8	0	0	0	0:00:00.919160
7080	5	4	4	0	0:00:00.903775
7100	9	3	3	0	0:00:00.917957
7120	7	7	7	1	0:00:00.903536
7140	4	4	4	1	0:00:00.916669
7160	5	4	4	0	0:00:00.920826
7180	6	6	6	1	0:00:00.951824
7200	4	6	6	0	0:00:00.915143
7220	9	0	0	0	0:00:00.908456
7240	0	8	8	0	0:00:00.927918
7260	1	8	8	0	0:00:00.890170
7280	1	-1	6	0	0:00:00.834546
7300	3	7	7	0	0:00:00.831588
7320	8	0	0	0	0:00:00.836974
7340	2	4	4	0	0:00:00.850256
7360	2	-1	4	0	0:00:00.853541
7380	7	7	7	1	0:00:00.859196
7400	3	9	9	0	0:00:00.870728
7420	3	0	0	0	0:00:00.861953
7440	3	6	6	0	0:00:00.948991
7460	5	5	5	1	0:00:00.913895
7480	1	5	5	0	0:00:00.932645
7500	6	6	6	1	0:00:00.961842
7520	4	6	6	0	0:00:00.953246
7540	5	5	5	1	0:00:00.933227
7560	0	-1	2	0	0:00:00.951494
7580	8	-1	8	0	0:00:00.944254
7600	8	9	9	0	0:00:00.960115
7620	5	1	3	0	0:00:00.957369
7640	9	-1	8	0	0:00:00.965636
7660	7	9	9	0	0:00:00.971710
7680	3	9	9	0	0:00:00.904100
7700	6	6	6	1	0:00:00.888076
7720	5	6	6	0	0:00:00.894203
7740	4	6	2	0	0:00:00.894295
7760	2	9	9	0	0:00:00.924672
7780	3	-1	1	0	0:00:00.909431
7800	0	0	0	1	0:00:00.896456
7820	5	8	8	0	0:00:00.879903
7840	1	1	1	1	0:00:00.927364
7860	8	-1	4	0	0:00:00.916894
7880	0	0	0	1	0:00:00.920696
7900	0	8	8	0	0:00:00.934188
7920	9	8	8	0	0:00:00.941687
7940	2	6	6	0	0:00:00.908083
7960	0	-1	2	0	0:00:00.920477
7980	3	7	4	0	0:00:00.956388
8000	9	9	9	1	0:00:00.949464
8020	6	6	6	1	0:00:00.941025
8040	2	6	6	0	0:00:00.925332
8060	6	6	6	1	0:00:00.944963
8080	4	6	6	0	0:00:00.938505
8100	6	2	2	0	0:00:00.950933
8120	8	9	9	0	0:00:00.956242
8140	5	6	6	0	0:00:00.986178
8160	6	9	6	0	0:00:00.990844
8180	4	6	6	0	0:00:00.961983
8200	3	6	4	0	0:00:00.979732
8220	6	-1	6	0	0:00:00.983103
8240	7	7	7	1	0:00:00.964782
8260	1	1	1	1	0:00:00.976118
8280	4	-1	3	0	0:00:00.959942
8300	5	2	2	0	0:00:00.927218
8320	7	4	4	0	0:00:00.917346
8340	5	5	5	1	0:00:00.924640
8360	7	7	4	1	0:00:00.942273
8380	9	9	8	1	0:00:00.976116
8400	0	8	8	0	0:00:00.932195
8420	3	6	4	0	0:00:00.926705
8440	5	9	4	0	0:00:00.927036
8460	8	8	8	1	0:00:00.918951
8480	2	1	1	0	0:00:00.961013
8500	4	2	2	0	0:00:00.940308
8520	8	-1	4	0	0:00:00.958088
8540	4	-1	4	0	0:00:00.939516
8560	7	7	7	1	0:00:00.947118
8580	3	9	9	0	0:00:00.934330
8600	3	7	7	0	0:00:00.987225
8620	3	4	4	0	0:00:00.962481
8640	1	1	1	1	0:00:00.976102
8660	7	5	5	0	0:00:00.964191
8680	3	9	0	0	0:00:00.964434
8700	3	5	5	0	0:00:00.974371
8720	2	0	0	0	0:00:00.979066
8740	2	-1	6	0	0:00:00.977309
8760	8	8	8	1	0:00:00.981301
8780	4	4	4	1	0:00:00.990103
8800	0	0	0	1	0:00:00.953425
8820	2	2	2	1	0:00:00.949104
8840	2	1	1	0	0:00:00.951502
8860	2	2	2	1	0:00:00.931097
8880	1	1	6	1	0:00:00.921602
8900	2	-1	4	0	0:00:00.937326
8920	6	6	6	1	0:00:00.934080
8940	6	5	5	0	0:00:00.937985
8960	0	0	0	1	0:00:00.943047
8980	9	9	9	1	0:00:00.928458
9000	8	8	8	1	0:00:00.928681
9020	7	9	9	0	0:00:00.923771
9040	2	5	5	0	0:00:00.929576
9060	9	5	5	0	0:00:00.974438
9080	3	0	0	0	0:00:00.937579
9100	9	6	6	0	0:00:00.929474
9120	3	0	0	0	0:00:00.929821
9140	7	8	8	0	0:00:00.937741
9160	5	5	5	1	0:00:00.948981
9180	5	5	5	1	0:00:00.947999
9200	8	8	8	1	0:00:00.964173
9220	8	8	8	1	0:00:00.958605
9240	8	8	8	1	0:00:00.936976
9260	5	5	5	1	0:00:00.940099
9280	9	0	0	0	0:00:00.947482
9300	5	5	5	1	0:00:00.961841
9320	9	9	8	1	0:00:00.968043
9340	1	1	1	1	0:00:00.963208
9360	5	-1	6	0	0:00:00.966053
9380	5	-1	5	0	0:00:00.970732
9400	6	-1	2	0	0:00:00.967374
9420	5	-1	6	0	0:00:00.979433
9440	8	8	8	1	0:00:00.983568
9460	3	-1	6	0	0:00:00.988859
9480	2	4	4	0	0:00:00.963166
9500	9	1	6	0	0:00:00.945571
9520	1	-1	9	0	0:00:00.968181
9540	5	5	5	1	0:00:00.934426
9560	9	7	7	0	0:00:00.941130
9580	1	4	4	0	0:00:00.925638
9600	8	8	8	1	0:00:00.927362
9620	4	7	7	0	0:00:00.923509
9640	5	0	0	0	0:00:00.938916
9660	6	6	6	1	0:00:00.947683
9680	8	9	8	0	0:00:00.954134
9700	0	0	0	1	0:00:00.970021
9720	8	6	6	0	0:00:00.970387
9740	3	6	6	0	0:00:00.969049
9760	9	9	7	1	0:00:00.937053
9780	4	6	6	0	0:00:00.946516
9800	1	1	1	1	0:00:00.956888
9820	0	8	8	0	0:00:00.967746
9840	4	-1	0	0	0:00:00.980584
9860	0	2	2	0	0:00:00.978510
9880	7	7	7	1	0:00:00.984441
9900	8	0	0	0	0:00:00.966856
9920	6	6	6	1	0:00:00.965539
9940	4	-1	7	0	0:00:00.985856
9960	2	0	0	0	0:00:01.048414
9980	0	0	0	1	0:00:01.000681
