idx	label	predict	basePredict	correct	time
0	3	3	3	1	0:00:01.190056
20	7	7	7	1	0:00:01.068624
40	4	4	4	1	0:00:01.065702
60	7	7	7	1	0:00:01.042346
80	8	8	8	1	0:00:01.094593
100	4	4	3	1	0:00:01.039483
120	8	8	8	1	0:00:01.058629
140	6	6	6	1	0:00:01.076485
160	2	2	2	1	0:00:01.117338
180	0	0	0	1	0:00:01.083423
200	5	5	5	1	0:00:01.045610
220	7	7	7	1	0:00:01.009235
240	1	1	1	1	0:00:01.027371
260	8	8	8	1	0:00:01.033669
280	9	9	9	1	0:00:01.066472
300	6	6	6	1	0:00:01.015224
320	3	3	3	1	0:00:00.975336
340	2	2	2	1	0:00:01.016687
360	9	9	9	1	0:00:01.068565
380	6	6	6	1	0:00:01.056688
400	9	9	9	1	0:00:01.037220
420	4	4	4	1	0:00:01.073439
440	1	1	1	1	0:00:01.022349
460	5	5	5	1	0:00:01.032943
480	8	8	8	1	0:00:01.066497
500	4	4	4	1	0:00:01.091260
520	5	5	5	1	0:00:01.066283
540	1	1	1	1	0:00:01.026200
560	0	0	0	1	0:00:01.073547
580	4	4	4	1	0:00:01.124363
600	8	8	8	1	0:00:01.116575
620	7	7	7	1	0:00:01.060923
640	5	3	3	0	0:00:01.072614
660	9	9	9	1	0:00:01.039739
680	9	3	3	0	0:00:01.065252
700	7	7	7	1	0:00:01.059317
720	4	4	4	1	0:00:01.066276
740	2	2	2	1	0:00:01.075380
760	3	3	3	1	0:00:01.081772
780	9	9	9	1	0:00:01.067916
800	7	7	7	1	0:00:01.091327
820	6	1	2	0	0:00:01.027542
840	7	7	7	1	0:00:01.053898
860	4	4	4	1	0:00:01.029312
880	8	8	8	1	0:00:01.126734
900	2	2	2	1	0:00:01.039909
920	6	6	6	1	0:00:01.093584
940	9	9	9	1	0:00:01.062926
960	9	9	9	1	0:00:01.067250
980	2	2	2	1	0:00:01.054179
1000	5	5	5	1	0:00:00.941669
1020	1	1	1	1	0:00:00.938253
1040	7	-1	2	0	0:00:00.925386
1060	9	9	9	1	0:00:00.918342
1080	6	6	6	1	0:00:00.912476
1100	7	7	7	1	0:00:00.998144
1120	5	-1	2	0	0:00:00.957641
1140	6	6	6	1	0:00:00.966118
1160	8	8	8	1	0:00:00.954849
1180	3	3	3	1	0:00:00.961966
1200	8	8	8	1	0:00:00.960474
1220	9	3	3	0	0:00:00.981999
1240	2	2	2	1	0:00:00.959722
1260	1	9	9	0	0:00:00.947768
1280	3	3	3	1	0:00:00.963746
1300	4	3	3	0	0:00:00.952150
1320	7	7	7	1	0:00:00.977502
1340	1	1	1	1	0:00:00.968959
1360	7	7	7	1	0:00:00.953687
1380	4	4	4	1	0:00:00.947537
1400	5	5	5	1	0:00:00.946853
1420	4	4	4	1	0:00:00.929666
1440	0	8	8	0	0:00:00.939368
1460	6	6	6	1	0:00:00.970201
1480	1	1	1	1	0:00:00.983308
1500	1	1	1	1	0:00:00.940755
1520	7	7	7	1	0:00:00.931724
1540	8	8	8	1	0:00:00.948433
1560	7	7	7	1	0:00:00.976485
1580	6	6	6	1	0:00:00.968506
1600	8	8	8	1	0:00:00.923534
1620	5	-1	2	0	0:00:00.982607
1640	7	7	7	1	0:00:01.005183
1660	3	3	3	1	0:00:00.965688
1680	6	6	6	1	0:00:00.919601
1700	5	-1	5	0	0:00:00.897683
1720	4	4	4	1	0:00:00.927659
1740	1	1	1	1	0:00:00.923738
1760	0	0	0	1	0:00:00.959515
1780	7	7	7	1	0:00:00.926637
1800	4	4	4	1	0:00:00.958624
1820	8	8	8	1	0:00:00.974015
1840	8	8	8	1	0:00:00.999729
1860	8	8	8	1	0:00:00.993206
1880	1	1	1	1	0:00:00.971578
1900	8	8	8	1	0:00:00.987149
1920	2	2	2	1	0:00:00.976549
1940	5	5	5	1	0:00:00.979231
1960	2	2	2	1	0:00:00.943795
1980	9	9	9	1	0:00:00.976504
2000	1	1	1	1	0:00:01.001920
2020	9	9	9	1	0:00:00.992838
2040	0	0	0	1	0:00:01.010441
2060	5	3	3	0	0:00:00.951859
2080	1	1	1	1	0:00:01.015192
2100	2	2	2	1	0:00:01.034922
2120	4	8	8	0	0:00:00.985946
2140	9	9	9	1	0:00:00.965346
2160	0	0	0	1	0:00:00.983969
2180	4	4	4	1	0:00:00.966839
2200	0	0	0	1	0:00:00.983656
2220	1	1	1	1	0:00:00.965245
2240	9	9	9	1	0:00:00.981283
2260	4	4	4	1	0:00:00.980768
2280	4	4	5	1	0:00:00.961890
2300	3	3	3	1	0:00:00.959955
2320	5	3	3	0	0:00:00.958446
2340	7	7	7	1	0:00:00.969829
2360	7	7	7	1	0:00:00.950342
2380	8	8	8	1	0:00:00.972545
2400	0	0	0	1	0:00:00.989559
2420	8	8	8	1	0:00:00.981599
2440	7	7	7	1	0:00:00.985062
2460	9	9	9	1	0:00:00.980701
2480	8	8	8	1	0:00:00.982214
2500	4	6	2	0	0:00:00.963134
2520	1	1	1	1	0:00:00.964936
2540	2	2	2	1	0:00:00.969675
2560	7	7	7	1	0:00:00.961931
2580	6	6	3	1	0:00:00.970503
2600	8	8	8	1	0:00:00.978117
2620	1	1	1	1	0:00:00.963176
2640	7	7	7	1	0:00:00.976205
2660	3	3	3	1	0:00:00.978156
2680	0	0	0	1	0:00:00.969725
2700	9	9	9	1	0:00:00.968080
2720	3	3	3	1	0:00:00.976804
2740	1	1	1	1	0:00:00.967221
2760	2	2	2	1	0:00:00.962729
2780	7	7	7	1	0:00:00.964357
2800	4	4	4	1	0:00:00.941038
2820	6	6	6	1	0:00:00.973522
2840	3	2	2	0	0:00:00.976118
2860	5	5	3	1	0:00:00.977399
2880	4	4	4	1	0:00:00.969508
2900	3	3	3	1	0:00:00.976204
2920	2	2	2	1	0:00:00.965602
2940	3	5	5	0	0:00:00.970108
2960	9	3	3	0	0:00:00.970712
2980	8	8	8	1	0:00:00.970116
3000	5	-1	3	0	0:00:00.962570
3020	1	1	1	1	0:00:00.940082
3040	7	7	7	1	0:00:00.959818
3060	7	7	7	1	0:00:00.970287
3080	1	1	1	1	0:00:00.997250
3100	0	0	0	1	0:00:00.964326
3120	4	4	4	1	0:00:00.980368
3140	8	8	8	1	0:00:00.974142
3160	6	2	2	0	0:00:00.967418
3180	3	3	3	1	0:00:00.973968
3200	5	5	5	1	0:00:00.984585
3220	3	3	3	1	0:00:00.966115
3240	4	4	4	1	0:00:00.955589
3260	7	7	7	1	0:00:00.972104
3280	3	3	3	1	0:00:00.958261
3300	4	4	4	1	0:00:00.944464
3320	2	2	2	1	0:00:00.974691
3340	6	6	6	1	0:00:00.960500
3360	4	4	4	1	0:00:00.958893
3380	8	8	8	1	0:00:00.956722
3400	6	1	1	0	0:00:00.963045
3420	5	3	3	0	0:00:00.961968
3440	2	3	3	0	0:00:00.986314
3460	1	1	1	1	0:00:00.971343
3480	2	2	2	1	0:00:00.973774
3500	1	-1	9	0	0:00:00.970097
3520	1	1	1	1	0:00:00.977180
3540	6	6	3	1	0:00:00.972019
3560	1	9	9	0	0:00:00.980457
3580	4	4	4	1	0:00:00.975585
3600	4	3	3	0	0:00:00.951543
3620	0	0	0	1	0:00:00.977941
3640	6	6	6	1	0:00:00.954192
3660	0	0	0	1	0:00:00.967837
3680	0	0	0	1	0:00:00.970195
3700	3	3	3	1	0:00:00.970633
3720	2	2	2	1	0:00:00.960544
3740	0	0	0	1	0:00:00.977187
3760	7	7	7	1	0:00:00.964623
3780	4	4	4	1	0:00:00.954331
3800	9	9	9	1	0:00:00.979493
3820	0	8	8	0	0:00:00.974809
3840	6	-1	3	0	0:00:00.966168
3860	7	7	7	1	0:00:00.951598
3880	6	6	6	1	0:00:00.964912
3900	3	3	3	1	0:00:00.972358
3920	7	7	3	1	0:00:00.952685
3940	6	-1	3	0	0:00:00.964606
3960	2	2	2	1	0:00:00.980585
3980	9	-1	9	0	0:00:00.968321
4000	8	-1	2	0	0:00:00.958090
4020	8	8	8	1	0:00:00.963869
4040	0	0	0	1	0:00:00.969702
4060	6	6	6	1	0:00:00.966571
4080	1	1	1	1	0:00:00.998851
4100	7	7	7	1	0:00:00.977369
4120	4	4	4	1	0:00:00.968465
4140	5	3	3	0	0:00:00.980047
4160	5	5	5	1	0:00:00.978941
4180	0	0	8	1	0:00:00.974165
4200	4	4	4	1	0:00:00.972900
4220	4	3	3	0	0:00:00.980715
4240	7	7	7	1	0:00:00.976432
4260	8	8	8	1	0:00:00.964069
4280	8	8	8	1	0:00:00.967311
4300	8	8	8	1	0:00:00.967219
4320	1	1	1	1	0:00:00.960061
4340	0	0	0	1	0:00:00.958685
4360	6	6	6	1	0:00:00.952011
4380	9	9	9	1	0:00:00.968098
4400	3	3	3	1	0:00:00.973663
4420	5	5	5	1	0:00:00.965351
4440	2	2	2	1	0:00:00.961806
4460	9	9	9	1	0:00:00.968736
4480	9	9	9	1	0:00:00.974746
4500	3	3	3	1	0:00:00.964549
4520	3	3	3	1	0:00:00.966681
4540	9	9	9	1	0:00:00.977162
4560	1	1	1	1	0:00:00.974989
4580	6	6	6	1	0:00:00.978612
4600	4	4	4	1	0:00:00.978256
4620	7	7	7	1	0:00:00.987230
4640	2	2	2	1	0:00:00.966110
4660	7	7	7	1	0:00:00.949601
4680	9	9	9	1	0:00:00.988099
4700	6	6	6	1	0:00:00.975135
4720	8	8	8	1	0:00:00.976560
4740	5	-1	3	0	0:00:00.969075
4760	3	2	2	0	0:00:00.965589
4780	0	0	0	1	0:00:00.976187
4800	9	9	9	1	0:00:00.968812
4820	3	3	3	1	0:00:00.973213
4840	0	0	0	1	0:00:00.962595
4860	5	5	5	1	0:00:00.967815
4880	0	0	0	1	0:00:00.963513
4900	3	3	3	1	0:00:00.960788
4920	7	7	7	1	0:00:00.952937
4940	6	6	6	1	0:00:00.976442
4960	4	4	4	1	0:00:00.965793
4980	1	1	1	1	0:00:00.976787
5000	7	7	7	1	0:00:00.975405
5020	8	8	8	1	0:00:00.967481
5040	3	3	3	1	0:00:00.963550
5060	6	6	6	1	0:00:00.981068
5080	7	7	7	1	0:00:00.974776
5100	3	3	3	1	0:00:00.964484
5120	9	9	9	1	0:00:00.984793
5140	8	8	8	1	0:00:00.999184
5160	0	0	0	1	0:00:01.028217
5180	9	7	7	0	0:00:00.990067
5200	3	3	3	1	0:00:00.966539
5220	0	0	0	1	0:00:00.970001
5240	1	1	1	1	0:00:00.957222
5260	0	0	0	1	0:00:00.967768
5280	0	-1	8	0	0:00:00.970236
5300	9	9	9	1	0:00:00.970809
5320	7	7	7	1	0:00:00.985346
5340	3	3	3	1	0:00:00.981798
5360	9	9	9	1	0:00:00.981055
5380	1	1	1	1	0:00:00.969692
5400	9	9	9	1	0:00:00.958237
5420	6	6	6	1	0:00:00.962528
5440	9	9	9	1	0:00:00.957317
5460	0	0	0	1	0:00:00.979085
5480	1	1	1	1	0:00:00.983943
5500	8	8	8	1	0:00:00.966563
5520	4	4	4	1	0:00:00.975610
5540	5	5	5	1	0:00:00.966273
5560	3	-1	6	0	0:00:00.955408
5580	5	-1	3	0	0:00:00.959782
5600	6	3	3	0	0:00:00.945760
5620	3	3	3	1	0:00:00.972416
5640	2	2	2	1	0:00:00.964201
5660	9	9	9	1	0:00:00.973612
5680	2	2	2	1	0:00:00.954406
5700	3	3	3	1	0:00:00.958661
5720	9	9	9	1	0:00:00.977464
5740	6	6	6	1	0:00:00.975273
5760	2	2	2	1	0:00:00.962333
5780	7	7	7	1	0:00:00.976429
5800	2	2	2	1	0:00:00.977698
5820	5	5	5	1	0:00:00.952384
5840	2	-1	7	0	0:00:00.984030
5860	0	8	8	0	0:00:00.975085
5880	0	0	0	1	0:00:00.970680
5900	4	4	4	1	0:00:00.976789
5920	8	8	8	1	0:00:00.976990
5940	7	7	7	1	0:00:00.979113
5960	2	-1	5	0	0:00:00.970722
5980	9	9	9	1	0:00:00.970543
6000	8	8	8	1	0:00:00.964077
6020	6	6	6	1	0:00:00.968988
6040	2	7	2	0	0:00:00.947208
6060	3	3	3	1	0:00:00.974656
6080	1	1	1	1	0:00:00.955981
6100	1	1	1	1	0:00:00.969341
6120	5	5	5	1	0:00:00.967730
6140	9	9	9	1	0:00:00.963952
6160	2	2	2	1	0:00:00.976251
6180	0	0	0	1	0:00:00.975499
6200	3	3	3	1	0:00:00.940787
6220	2	-1	2	0	0:00:00.940952
6240	2	2	2	1	0:00:00.969147
6260	2	2	2	1	0:00:00.957066
6280	8	8	8	1	0:00:00.955143
6300	1	1	1	1	0:00:00.936690
6320	0	0	0	1	0:00:00.913227
6340	3	3	3	1	0:00:00.960432
6360	2	2	2	1	0:00:00.970832
6380	3	3	3	1	0:00:00.980651
6400	0	0	0	1	0:00:00.970887
6420	7	7	7	1	0:00:00.972922
6440	3	3	3	1	0:00:00.928847
6460	3	3	3	1	0:00:00.927754
6480	0	0	0	1	0:00:00.979683
6500	7	-1	3	0	0:00:00.974436
6520	6	6	2	1	0:00:00.954959
6540	8	8	8	1	0:00:00.948618
6560	6	6	6	1	0:00:00.929061
6580	1	1	1	1	0:00:00.871297
6600	7	7	7	1	0:00:00.975810
6620	7	7	7	1	0:00:00.933257
6640	5	3	3	0	0:00:00.929241
6660	0	0	0	1	0:00:00.903671
6680	3	3	3	1	0:00:01.021371
6700	6	6	6	1	0:00:00.902057
6720	2	2	2	1	0:00:01.018644
6740	2	2	2	1	0:00:00.930085
6760	5	5	5	1	0:00:00.916139
6780	7	7	7	1	0:00:00.920295
6800	6	6	2	1	0:00:00.922239
6820	1	1	1	1	0:00:00.941643
6840	9	9	9	1	0:00:00.886542
6860	0	0	0	1	0:00:00.896899
6880	2	2	2	1	0:00:00.889194
6900	3	3	3	1	0:00:00.882910
6920	5	-1	2	0	0:00:00.902765
6940	1	1	1	1	0:00:00.858287
6960	9	9	9	1	0:00:00.869064
6980	0	0	0	1	0:00:00.867494
7000	2	8	8	0	0:00:00.865972
7020	7	7	7	1	0:00:00.891642
7040	7	0	0	0	0:00:00.897198
7060	8	8	8	1	0:00:00.929173
7080	5	-1	3	0	0:00:00.889316
7100	9	-1	3	0	0:00:00.892637
7120	7	7	7	1	0:00:00.908245
7140	4	4	4	1	0:00:00.915327
7160	5	5	5	1	0:00:00.918009
7180	6	6	6	1	0:00:00.909934
7200	4	-1	3	0	0:00:00.915205
7220	9	9	9	1	0:00:00.915536
7240	0	0	0	1	0:00:00.910009
7260	1	1	1	1	0:00:00.933448
7280	1	-1	9	0	0:00:00.924530
7300	3	3	3	1	0:00:00.939502
7320	8	8	8	1	0:00:00.930912
7340	2	2	2	1	0:00:00.893416
7360	2	2	2	1	0:00:00.896032
7380	7	7	7	1	0:00:00.881440
7400	3	3	3	1	0:00:00.905881
7420	3	3	3	1	0:00:00.898506
7440	3	3	3	1	0:00:00.907285
7460	5	5	5	1	0:00:00.910805
7480	1	1	1	1	0:00:00.910306
7500	6	6	6	1	0:00:00.911196
7520	4	4	4	1	0:00:00.944523
7540	5	5	5	1	0:00:00.936646
7560	0	0	0	1	0:00:00.928802
7580	8	8	8	1	0:00:00.920532
7600	8	2	2	0	0:00:00.914731
7620	5	3	3	0	0:00:00.937845
7640	9	-1	8	0	0:00:00.932710
7660	7	7	7	1	0:00:00.935041
7680	3	5	5	0	0:00:00.924671
7700	6	6	6	1	0:00:00.926142
7720	5	5	5	1	0:00:00.911600
7740	4	4	4	1	0:00:00.918457
7760	2	2	2	1	0:00:00.944166
7780	3	8	8	0	0:00:00.924831
7800	0	0	0	1	0:00:00.922051
7820	5	3	3	0	0:00:00.928109
7840	1	1	1	1	0:00:00.925870
7860	8	8	8	1	0:00:00.906219
7880	0	0	0	1	0:00:00.946273
7900	0	0	0	1	0:00:00.949108
7920	9	9	9	1	0:00:00.907584
7940	2	2	2	1	0:00:00.896735
7960	0	0	0	1	0:00:00.885474
7980	3	3	3	1	0:00:00.928067
8000	9	9	9	1	0:00:00.917477
8020	6	3	3	0	0:00:00.899313
8040	2	2	2	1	0:00:00.894180
8060	6	6	6	1	0:00:00.940094
8080	4	4	4	1	0:00:00.927530
8100	6	6	6	1	0:00:00.938832
8120	8	8	8	1	0:00:00.933085
8140	5	5	5	1	0:00:00.914394
8160	6	6	6	1	0:00:00.933314
8180	4	-1	2	0	0:00:00.923054
8200	3	0	0	0	0:00:00.944702
8220	6	6	6	1	0:00:00.945459
8240	7	7	7	1	0:00:00.949864
8260	1	1	1	1	0:00:00.938604
8280	4	4	4	1	0:00:00.950397
8300	5	-1	3	0	0:00:00.927631
8320	7	7	7	1	0:00:00.945757
8340	5	5	5	1	0:00:00.958222
8360	7	7	7	1	0:00:00.968697
8380	9	9	9	1	0:00:00.949558
8400	0	0	0	1	0:00:00.951723
8420	3	6	3	0	0:00:00.939750
8440	5	-1	5	0	0:00:00.971267
8460	8	8	8	1	0:00:00.938355
8480	2	2	2	1	0:00:00.922637
8500	4	4	4	1	0:00:00.938108
8520	8	8	8	1	0:00:00.942729
8540	4	-1	2	0	0:00:00.958024
8560	7	7	7	1	0:00:00.962502
8580	3	5	5	0	0:00:00.925929
8600	3	3	3	1	0:00:00.932767
8620	3	3	3	1	0:00:00.957222
8640	1	1	1	1	0:00:00.947147
8660	7	7	7	1	0:00:00.948294
8680	3	3	3	1	0:00:00.956354
8700	3	5	5	0	0:00:00.942513
8720	2	2	2	1	0:00:00.958174
8740	2	2	2	1	0:00:00.963792
8760	8	8	8	1	0:00:00.938502
8780	4	4	4	1	0:00:00.934669
8800	0	0	0	1	0:00:00.954241
8820	2	2	2	1	0:00:00.929316
8840	2	-1	2	0	0:00:00.941313
8860	2	2	2	1	0:00:00.941171
8880	1	1	1	1	0:00:00.967472
8900	2	2	2	1	0:00:00.972732
8920	6	6	6	1	0:00:00.921045
8940	6	6	6	1	0:00:00.906853
8960	0	0	0	1	0:00:00.942369
8980	9	9	9	1	0:00:00.951663
9000	8	8	8	1	0:00:00.940738
9020	7	7	7	1	0:00:00.948694
9040	2	5	2	0	0:00:00.934405
9060	9	9	9	1	0:00:00.959092
9080	3	3	3	1	0:00:00.961276
9100	9	-1	1	0	0:00:00.941354
9120	3	3	3	1	0:00:00.951525
9140	7	7	7	1	0:00:00.959798
9160	5	3	3	0	0:00:00.973043
9180	5	5	5	1	0:00:00.957723
9200	8	8	8	1	0:00:00.919299
9220	8	8	8	1	0:00:00.941066
9240	8	8	8	1	0:00:00.936873
9260	5	3	3	0	0:00:00.926675
9280	9	9	9	1	0:00:00.934680
9300	5	-1	4	0	0:00:00.919326
9320	9	9	9	1	0:00:00.960915
9340	1	1	1	1	0:00:00.994501
9360	5	5	5	1	0:00:00.951404
9380	5	3	3	0	0:00:00.931801
9400	6	6	6	1	0:00:00.939878
9420	5	5	5	1	0:00:00.940285
9440	8	8	8	1	0:00:00.918834
9460	3	3	3	1	0:00:00.948523
9480	2	2	2	1	0:00:00.929935
9500	9	9	9	1	0:00:00.946178
9520	1	1	1	1	0:00:00.956810
9540	5	5	5	1	0:00:00.950977
9560	9	-1	9	0	0:00:00.945597
9580	1	1	1	1	0:00:00.953208
9600	8	8	8	1	0:00:00.952614
9620	4	4	4	1	0:00:00.936474
9640	5	5	5	1	0:00:00.949123
9660	6	6	6	1	0:00:00.924781
9680	8	8	8	1	0:00:00.942701
9700	0	0	0	1	0:00:00.971561
9720	8	8	8	1	0:00:00.956131
9740	3	-1	3	0	0:00:00.921829
9760	9	-1	2	0	0:00:00.910503
9780	4	4	2	1	0:00:00.949001
9800	1	1	1	1	0:00:00.965391
9820	0	0	0	1	0:00:00.939668
9840	4	7	7	0	0:00:00.922369
9860	0	0	0	1	0:00:00.940863
9880	7	7	7	1	0:00:00.942538
9900	8	8	8	1	0:00:00.950303
9920	6	6	6	1	0:00:00.968121
9940	4	4	4	1	0:00:00.957008
9960	2	0	0	0	0:00:00.953530
9980	0	0	0	1	0:00:00.977377
