idx	label	predict	basePredict	correct	time
0	3	3	3	1	0:00:02.604154
20	7	7	7	1	0:00:02.511475
40	4	4	4	1	0:00:02.526309
60	7	7	7	1	0:00:02.527018
80	8	8	8	1	0:00:02.522680
100	4	-1	2	0	0:00:02.525551
120	8	8	8	1	0:00:02.537237
140	6	6	6	1	0:00:02.512696
160	2	2	2	1	0:00:02.526195
180	0	0	0	1	0:00:02.517316
200	5	5	5	1	0:00:02.579756
220	7	7	7	1	0:00:02.515052
240	1	1	1	1	0:00:02.511223
260	8	8	3	1	0:00:02.525937
280	9	9	9	1	0:00:02.511720
300	6	6	6	1	0:00:02.518581
320	3	3	3	1	0:00:02.520270
340	2	4	4	0	0:00:02.507927
360	9	9	5	1	0:00:02.528629
380	6	6	2	1	0:00:02.509824
400	9	9	9	1	0:00:02.528347
420	4	4	4	1	0:00:02.517963
440	1	1	1	1	0:00:02.533191
460	5	5	5	1	0:00:02.526979
480	8	9	9	0	0:00:02.518331
500	4	6	2	0	0:00:02.625084
520	5	5	5	1	0:00:02.520543
540	1	1	1	1	0:00:02.528819
560	0	0	0	1	0:00:02.540612
580	4	4	4	1	0:00:02.518158
600	8	8	8	1	0:00:02.540715
620	7	7	7	1	0:00:02.522036
640	5	3	3	0	0:00:02.552320
660	9	9	9	1	0:00:02.538784
680	9	9	2	1	0:00:02.524614
700	7	7	7	1	0:00:02.519295
720	4	9	4	0	0:00:02.526369
740	2	3	3	0	0:00:02.509552
760	3	3	3	1	0:00:02.540227
780	9	9	9	1	0:00:02.514169
800	7	7	7	1	0:00:02.521829
820	6	6	6	1	0:00:02.506868
840	7	7	7	1	0:00:02.525482
860	4	4	4	1	0:00:02.524366
880	8	8	8	1	0:00:02.563913
900	2	2	2	1	0:00:02.537357
920	6	6	6	1	0:00:02.511725
940	9	9	9	1	0:00:02.509898
960	9	9	9	1	0:00:02.560273
980	2	6	2	0	0:00:02.504267
1000	5	5	5	1	0:00:01.861059
1020	1	1	1	1	0:00:01.813020
1040	7	5	5	0	0:00:01.816552
1060	9	9	9	1	0:00:01.815003
1080	6	6	6	1	0:00:01.813325
1100	7	0	0	0	0:00:01.815448
1120	5	5	2	1	0:00:01.815948
1140	6	6	4	1	0:00:01.815790
1160	8	8	0	1	0:00:01.826186
1180	3	3	3	1	0:00:01.823164
1200	8	8	8	1	0:00:01.819567
1220	9	6	6	0	0:00:01.814011
1240	2	6	6	0	0:00:01.814180
1260	1	9	9	0	0:00:01.814812
1280	3	3	3	1	0:00:01.820415
1300	4	3	3	0	0:00:01.819550
1320	7	2	2	0	0:00:01.819164
1340	1	1	1	1	0:00:01.817508
1360	7	7	7	1	0:00:01.820508
1380	4	5	5	0	0:00:01.817407
1400	5	3	3	0	0:00:01.814281
1420	4	7	4	0	0:00:01.816487
1440	0	0	8	1	0:00:01.818588
1460	6	6	2	1	0:00:01.820860
1480	1	1	5	1	0:00:01.815153
1500	1	1	1	1	0:00:01.832906
1520	7	7	7	1	0:00:01.900688
1540	8	8	8	1	0:00:01.812935
1560	7	7	7	1	0:00:01.898942
1580	6	1	3	0	0:00:01.879817
1600	8	9	6	0	0:00:01.811280
1620	5	4	4	0	0:00:01.910526
1640	7	3	3	0	0:00:01.812492
1660	3	3	3	1	0:00:01.808916
1680	6	6	6	1	0:00:01.811747
1700	5	5	3	1	0:00:01.898427
1720	4	4	2	1	0:00:01.900958
1740	1	1	1	1	0:00:01.810558
1760	0	0	0	1	0:00:01.812258
1780	7	7	7	1	0:00:01.818211
1800	4	4	8	1	0:00:01.811593
1820	8	8	8	1	0:00:01.812671
1840	8	9	4	0	0:00:01.810051
1860	8	8	8	1	0:00:01.900893
1880	1	1	1	1	0:00:01.856348
1900	8	8	8	1	0:00:01.809210
1920	2	2	2	1	0:00:01.811700
1940	5	5	2	1	0:00:01.824995
1960	2	5	5	0	0:00:01.825187
1980	9	9	9	1	0:00:01.823686
2000	1	1	2	1	0:00:01.818081
2020	9	9	9	1	0:00:01.811195
2040	0	0	0	1	0:00:01.809492
2060	5	3	3	0	0:00:01.808004
2080	1	1	9	1	0:00:01.810344
2100	2	2	2	1	0:00:01.811747
2120	4	8	8	0	0:00:01.811831
2140	9	9	9	1	0:00:01.813436
2160	0	0	8	1	0:00:01.829258
2180	4	4	4	1	0:00:01.811496
2200	0	2	2	0	0:00:01.809253
2220	1	1	1	1	0:00:01.818296
2240	9	9	8	1	0:00:01.813913
2260	4	4	4	1	0:00:01.817196
2280	4	8	2	0	0:00:01.809252
2300	3	3	2	1	0:00:01.813578
2320	5	2	2	0	0:00:01.810209
2340	7	7	7	1	0:00:01.811615
2360	7	7	5	1	0:00:01.813889
2380	8	8	8	1	0:00:01.810392
2400	0	0	0	1	0:00:01.812078
2420	8	1	5	0	0:00:01.812897
2440	7	7	7	1	0:00:01.832568
2460	9	7	3	0	0:00:01.810716
2480	8	8	8	1	0:00:01.809943
2500	4	4	4	1	0:00:01.812025
2520	1	1	7	1	0:00:01.811251
2540	2	5	5	0	0:00:01.814897
2560	7	7	4	1	0:00:01.810772
2580	6	6	6	1	0:00:01.812498
2600	8	8	8	1	0:00:01.810547
2620	1	1	8	1	0:00:01.816067
2640	7	7	7	1	0:00:01.818140
2660	3	5	2	0	0:00:01.812069
2680	0	0	0	1	0:00:01.810303
2700	9	9	1	1	0:00:01.809449
2720	3	3	3	1	0:00:01.810408
2740	1	1	1	1	0:00:01.809922
2760	2	2	2	1	0:00:01.813764
2780	7	7	7	1	0:00:01.821323
2800	4	4	4	1	0:00:01.808410
2820	6	6	6	1	0:00:01.809934
2840	3	3	3	1	0:00:01.816337
2860	5	7	6	0	0:00:01.815973
2880	4	4	4	1	0:00:01.811437
2900	3	5	2	0	0:00:01.814141
2920	2	3	3	0	0:00:01.810503
2940	3	0	0	0	0:00:01.813562
2960	9	9	9	1	0:00:01.810115
2980	8	8	8	1	0:00:01.810997
3000	5	5	5	1	0:00:01.815802
3020	1	1	1	1	0:00:01.812602
3040	7	7	7	1	0:00:01.810650
3060	7	7	7	1	0:00:01.809296
3080	1	1	1	1	0:00:01.810869
3100	0	0	0	1	0:00:01.812287
3120	4	6	2	0	0:00:01.811737
3140	8	8	8	1	0:00:01.810738
3160	6	2	2	0	0:00:01.812248
3180	3	3	3	1	0:00:01.816919
3200	5	7	7	0	0:00:01.811182
3220	3	9	3	0	0:00:01.814038
3240	4	1	8	0	0:00:01.815260
3260	7	7	7	1	0:00:01.810799
3280	3	5	5	0	0:00:01.811162
3300	4	4	4	1	0:00:01.817297
3320	2	7	7	0	0:00:01.811627
3340	6	6	2	1	0:00:01.810379
3360	4	4	4	1	0:00:01.820467
3380	8	8	8	1	0:00:01.811852
3400	6	4	4	0	0:00:01.812086
3420	5	3	3	0	0:00:01.815437
3440	2	3	3	0	0:00:01.819082
3460	1	1	1	1	0:00:01.834819
3480	2	2	2	1	0:00:01.810026
3500	1	1	1	1	0:00:01.809703
3520	1	1	1	1	0:00:01.810349
3540	6	6	6	1	0:00:01.811149
3560	1	9	8	0	0:00:01.808561
3580	4	4	4	1	0:00:01.816780
3600	4	2	2	0	0:00:01.808982
3620	0	0	6	1	0:00:01.811343
3640	6	2	2	0	0:00:01.814415
3660	0	0	8	1	0:00:01.813789
3680	0	-1	2	0	0:00:01.811654
3700	3	3	3	1	0:00:01.809897
3720	2	2	2	1	0:00:01.813342
3740	0	0	0	1	0:00:01.818113
3760	7	7	7	1	0:00:01.813969
3780	4	4	2	1	0:00:01.810575
3800	9	9	9	1	0:00:01.826221
3820	0	0	2	1	0:00:01.808073
3840	6	3	3	0	0:00:01.813199
3860	7	7	7	1	0:00:01.815915
3880	6	4	3	0	0:00:01.811589
3900	3	6	6	0	0:00:01.815189
3920	7	7	7	1	0:00:01.816790
3940	6	5	4	0	0:00:01.822353
3960	2	2	2	1	0:00:01.817114
3980	9	9	9	1	0:00:01.820943
4000	8	0	8	0	0:00:01.815068
4020	8	8	8	1	0:00:01.817528
4040	0	0	0	1	0:00:01.808712
4060	6	6	3	1	0:00:01.811757
4080	1	1	8	1	0:00:01.816132
4100	7	7	7	1	0:00:01.820191
4120	4	4	4	1	0:00:01.809854
4140	5	5	5	1	0:00:01.808463
4160	5	5	2	1	0:00:01.810530
4180	0	0	8	1	0:00:01.811373
4200	4	2	2	0	0:00:01.816668
4220	4	0	0	0	0:00:01.807594
4240	7	0	8	0	0:00:01.810779
4260	8	8	8	1	0:00:01.806488
4280	8	1	8	0	0:00:01.809265
4300	8	8	8	1	0:00:01.809372
4320	1	8	8	0	0:00:01.810129
4340	0	0	0	1	0:00:01.808805
4360	6	9	6	0	0:00:01.812476
4380	9	9	8	1	0:00:01.811619
4400	3	-1	4	0	0:00:01.816636
4420	5	5	7	1	0:00:01.827879
4440	2	2	2	1	0:00:01.813397
4460	9	9	8	1	0:00:01.823425
4480	9	9	9	1	0:00:01.810872
4500	3	5	5	0	0:00:01.819433
4520	3	6	6	0	0:00:01.812683
4540	9	9	9	1	0:00:01.810420
4560	1	1	1	1	0:00:01.810595
4580	6	6	4	1	0:00:01.818037
4600	4	7	4	0	0:00:01.815423
4620	7	3	3	0	0:00:01.817430
4640	2	2	2	1	0:00:01.814188
4660	7	7	4	1	0:00:01.811262
4680	9	-1	1	0	0:00:01.811863
4700	6	1	5	0	0:00:01.810828
4720	8	8	8	1	0:00:01.808381
4740	5	3	3	0	0:00:01.812779
4760	3	-1	2	0	0:00:01.839492
4780	0	0	8	1	0:00:01.810155
4800	9	9	9	1	0:00:01.810123
4820	3	3	3	1	0:00:01.811702
4840	0	0	0	1	0:00:01.810586
4860	5	5	5	1	0:00:01.813502
4880	0	0	8	1	0:00:01.810475
4900	3	-1	6	0	0:00:01.810881
4920	7	7	7	1	0:00:01.812702
4940	6	6	2	1	0:00:01.815616
4960	4	3	3	0	0:00:01.809463
4980	1	9	9	0	0:00:01.811453
5000	7	7	7	1	0:00:01.809927
5020	8	8	8	1	0:00:01.812686
5040	3	3	3	1	0:00:01.809485
5060	6	6	2	1	0:00:01.812312
5080	7	7	7	1	0:00:01.820016
5100	3	3	3	1	0:00:01.811952
5120	9	9	9	1	0:00:01.812576
5140	8	8	8	1	0:00:01.814527
5160	0	0	0	1	0:00:01.810806
5180	9	7	4	0	0:00:01.817220
5200	3	3	3	1	0:00:01.808307
5220	0	0	0	1	0:00:01.812999
5240	1	9	9	0	0:00:01.817422
5260	0	0	0	1	0:00:01.813463
5280	0	8	8	0	0:00:01.814003
5300	9	9	9	1	0:00:01.809248
5320	7	7	7	1	0:00:01.813772
5340	3	4	4	0	0:00:01.813087
5360	9	9	3	1	0:00:01.810284
5380	1	9	9	0	0:00:01.808867
5400	9	9	9	1	0:00:01.810503
5420	6	6	6	1	0:00:01.812397
5440	9	9	9	1	0:00:01.817836
5460	0	0	0	1	0:00:01.811066
5480	1	1	8	1	0:00:01.813999
5500	8	8	8	1	0:00:01.810391
5520	4	4	3	1	0:00:01.811026
5540	5	6	3	0	0:00:01.809563
5560	3	5	5	0	0:00:01.811874
5580	5	3	3	0	0:00:01.814068
5600	6	6	4	1	0:00:01.809988
5620	3	4	6	0	0:00:01.811471
5640	2	2	2	1	0:00:01.810966
5660	9	9	9	1	0:00:01.811626
5680	2	3	3	0	0:00:01.809742
5700	3	5	3	0	0:00:01.811210
5720	9	9	9	1	0:00:01.817011
5740	6	6	6	1	0:00:01.816676
5760	2	2	2	1	0:00:01.812790
5780	7	7	7	1	0:00:01.818504
5800	2	2	2	1	0:00:01.815924
5820	5	5	5	1	0:00:01.815736
5840	2	2	2	1	0:00:01.817591
5860	0	0	0	1	0:00:01.817628
5880	0	0	0	1	0:00:01.812392
5900	4	3	0	0	0:00:01.817624
5920	8	8	8	1	0:00:01.817627
5940	7	4	4	0	0:00:01.819402
5960	2	6	6	0	0:00:01.817906
5980	9	9	9	1	0:00:01.813497
6000	8	8	8	1	0:00:01.814071
6020	6	6	6	1	0:00:01.815291
6040	2	7	5	0	0:00:01.833235
6060	3	3	2	1	0:00:01.811588
6080	1	1	1	1	0:00:01.813897
6100	1	1	1	1	0:00:01.815580
6120	5	5	5	1	0:00:01.816672
6140	9	9	9	1	0:00:01.811695
6160	2	2	5	1	0:00:01.822709
6180	0	0	0	1	0:00:01.809631
6200	3	3	3	1	0:00:01.810299
6220	2	5	5	0	0:00:01.814010
6240	2	2	2	1	0:00:01.810887
6260	2	6	2	0	0:00:01.811476
6280	8	5	5	0	0:00:01.813905
6300	1	1	1	1	0:00:01.813555
6320	0	0	0	1	0:00:01.810917
6340	3	3	3	1	0:00:01.813416
6360	2	2	2	1	0:00:01.808379
6380	3	3	3	1	0:00:01.810113
6400	0	1	8	0	0:00:01.809744
6420	7	7	7	1	0:00:01.811337
6440	3	9	4	0	0:00:01.826816
6460	3	3	3	1	0:00:01.809501
6480	0	0	0	1	0:00:01.820675
6500	7	6	6	0	0:00:01.809594
6520	6	2	2	0	0:00:01.812565
6540	8	8	8	1	0:00:01.811800
6560	6	6	2	1	0:00:01.831414
6580	1	1	4	1	0:00:01.826603
6600	7	7	7	1	0:00:01.812832
6620	7	7	7	1	0:00:01.812656
6640	5	3	3	0	0:00:01.810385
6660	0	0	0	1	0:00:01.811706
6680	3	3	3	1	0:00:01.810238
6700	6	6	0	1	0:00:01.811884
6720	2	2	2	1	0:00:01.811678
6740	2	2	4	1	0:00:01.809309
6760	5	5	5	1	0:00:01.812810
6780	7	7	7	1	0:00:01.848513
6800	6	6	2	1	0:00:01.807952
6820	1	1	1	1	0:00:01.823390
6840	9	9	9	1	0:00:01.810566
6860	0	0	0	1	0:00:01.810013
6880	2	2	2	1	0:00:01.812542
6900	3	5	5	0	0:00:01.810431
6920	5	4	2	0	0:00:01.810500
6940	1	1	1	1	0:00:01.823896
6960	9	9	9	1	0:00:01.810719
6980	0	0	8	1	0:00:01.812032
7000	2	0	8	0	0:00:01.811028
7020	7	7	7	1	0:00:01.811076
7040	7	8	8	0	0:00:01.812043
7060	8	8	8	1	0:00:01.809846
7080	5	4	4	0	0:00:01.810330
7100	9	-1	3	0	0:00:01.812525
7120	7	5	5	0	0:00:01.813186
7140	4	4	4	1	0:00:01.818012
7160	5	5	5	1	0:00:01.808237
7180	6	6	3	1	0:00:01.808485
7200	4	-1	2	0	0:00:01.809871
7220	9	9	9	1	0:00:01.822861
7240	0	0	8	1	0:00:01.818394
7260	1	1	8	1	0:00:01.821026
7280	1	9	9	0	0:00:01.821814
7300	3	4	5	0	0:00:01.811908
7320	8	8	8	1	0:00:01.819426
7340	2	4	4	0	0:00:01.811089
7360	2	7	4	0	0:00:01.814200
7380	7	7	7	1	0:00:01.814119
7400	3	3	3	1	0:00:01.822290
7420	3	4	2	0	0:00:01.812849
7440	3	3	3	1	0:00:01.814306
7460	5	5	5	1	0:00:01.809961
7480	1	8	8	0	0:00:01.823627
7500	6	6	6	1	0:00:01.810173
7520	4	4	2	1	0:00:01.810294
7540	5	5	5	1	0:00:01.812575
7560	0	0	0	1	0:00:01.813531
7580	8	8	8	1	0:00:01.810259
7600	8	9	2	0	0:00:01.818277
7620	5	3	3	0	0:00:01.817508
7640	9	9	8	1	0:00:01.810663
7660	7	7	4	1	0:00:01.810542
7680	3	9	3	0	0:00:01.830848
7700	6	6	6	1	0:00:01.809198
7720	5	-1	2	0	0:00:01.810071
7740	4	4	2	1	0:00:01.810964
7760	2	9	2	0	0:00:01.811635
7780	3	8	8	0	0:00:01.810055
7800	0	0	0	1	0:00:01.809014
7820	5	5	5	1	0:00:01.812371
7840	1	1	1	1	0:00:01.810933
7860	8	8	8	1	0:00:01.809000
7880	0	0	0	1	0:00:01.812253
7900	0	8	8	0	0:00:01.816609
7920	9	9	2	1	0:00:01.822121
7940	2	6	2	0	0:00:01.827003
7960	0	0	0	1	0:00:01.817971
7980	3	3	3	1	0:00:01.809947
8000	9	9	9	1	0:00:01.811777
8020	6	3	3	0	0:00:01.809812
8040	2	2	2	1	0:00:01.819466
8060	6	6	6	1	0:00:01.829201
8080	4	4	2	1	0:00:01.808725
8100	6	2	6	0	0:00:01.812371
8120	8	9	9	0	0:00:01.814197
8140	5	4	5	0	0:00:01.811327
8160	6	6	6	1	0:00:01.814881
8180	4	4	4	1	0:00:01.811276
8200	3	4	4	0	0:00:01.811584
8220	6	7	3	0	0:00:01.811342
8240	7	7	7	1	0:00:01.810366
8260	1	1	1	1	0:00:01.813238
8280	4	5	3	0	0:00:01.814277
8300	5	2	2	0	0:00:01.811621
8320	7	4	4	0	0:00:01.811526
8340	5	3	3	0	0:00:01.817428
8360	7	7	7	1	0:00:01.812506
8380	9	9	9	1	0:00:01.811866
8400	0	0	0	1	0:00:01.811176
8420	3	6	4	0	0:00:01.814434
8440	5	5	3	1	0:00:01.812019
8460	8	8	8	1	0:00:01.812041
8480	2	2	4	1	0:00:01.812772
8500	4	4	4	1	0:00:01.809339
8520	8	8	8	1	0:00:01.810833
8540	4	2	2	0	0:00:01.814546
8560	7	7	7	1	0:00:01.813920
8580	3	5	5	0	0:00:01.816779
8600	3	3	3	1	0:00:01.830150
8620	3	4	4	0	0:00:01.815604
8640	1	1	8	1	0:00:01.813205
8660	7	7	7	1	0:00:01.815025
8680	3	7	8	0	0:00:01.812293
8700	3	3	3	1	0:00:01.811166
8720	2	0	0	0	0:00:01.811339
8740	2	2	2	1	0:00:01.810935
8760	8	8	8	1	0:00:01.814377
8780	4	4	4	1	0:00:01.814059
8800	0	0	0	1	0:00:01.822367
8820	2	2	2	1	0:00:01.810975
8840	2	7	7	0	0:00:01.810652
8860	2	2	2	1	0:00:01.812259
8880	1	1	1	1	0:00:01.808575
8900	2	4	4	0	0:00:01.813732
8920	6	6	2	1	0:00:01.827360
8940	6	3	3	0	0:00:01.815249
8960	0	0	0	1	0:00:01.812771
8980	9	9	9	1	0:00:01.827260
9000	8	8	8	1	0:00:01.811875
9020	7	7	7	1	0:00:01.813474
9040	2	5	5	0	0:00:01.809447
9060	9	9	3	1	0:00:01.812865
9080	3	3	2	1	0:00:01.816558
9100	9	1	3	0	0:00:01.811468
9120	3	3	3	1	0:00:01.818011
9140	7	7	5	1	0:00:01.810822
9160	5	3	3	0	0:00:01.811724
9180	5	5	5	1	0:00:01.810978
9200	8	8	8	1	0:00:01.810449
9220	8	8	8	1	0:00:01.819314
9240	8	8	8	1	0:00:01.821927
9260	5	5	5	1	0:00:01.820727
9280	9	8	8	0	0:00:01.814360
9300	5	-1	2	0	0:00:01.811204
9320	9	9	9	1	0:00:01.811658
9340	1	1	1	1	0:00:01.810545
9360	5	0	5	0	0:00:01.810372
9380	5	3	3	0	0:00:01.811403
9400	6	6	2	1	0:00:01.811262
9420	5	5	5	1	0:00:01.818228
9440	8	8	8	1	0:00:01.810918
9460	3	7	7	0	0:00:01.818446
9480	2	2	2	1	0:00:01.812299
9500	9	9	9	1	0:00:01.809887
9520	1	1	1	1	0:00:01.809483
9540	5	5	5	1	0:00:01.810863
9560	9	7	5	0	0:00:01.812437
9580	1	1	8	1	0:00:01.812890
9600	8	8	8	1	0:00:01.810480
9620	4	4	4	1	0:00:01.809879
9640	5	5	5	1	0:00:01.811952
9660	6	6	6	1	0:00:01.816089
9680	8	8	8	1	0:00:01.809108
9700	0	0	0	1	0:00:01.810872
9720	8	1	8	0	0:00:01.813342
9740	3	6	2	0	0:00:01.813431
9760	9	9	3	1	0:00:01.814359
9780	4	6	2	0	0:00:01.813311
9800	1	1	1	1	0:00:01.811883
9820	0	8	8	0	0:00:01.809870
9840	4	5	5	0	0:00:01.809272
9860	0	5	8	0	0:00:01.814962
9880	7	7	3	1	0:00:01.816144
9900	8	8	8	1	0:00:01.814360
9920	6	6	4	1	0:00:01.826164
9940	4	5	5	0	0:00:01.813748
9960	2	0	0	0	0:00:01.813808
9980	0	0	0	1	0:00:01.814142
