idx	label	predict	basePredict	correct	time
0	3	4	4	0	0:00:04.908027
20	7	9	9	0	0:00:04.852606
40	4	-1	8	0	0:00:04.847550
60	7	7	2	1	0:00:04.816729
80	8	8	8	1	0:00:04.821595
100	4	5	5	0	0:00:04.820624
120	8	8	8	1	0:00:04.821474
140	6	2	2	0	0:00:04.817742
160	2	2	2	1	0:00:04.819250
180	0	0	0	1	0:00:04.820008
200	5	3	3	0	0:00:04.823856
220	7	7	7	1	0:00:04.836568
240	1	1	1	1	0:00:04.823321
260	8	5	5	0	0:00:04.878454
280	9	9	9	1	0:00:04.827710
300	6	6	6	1	0:00:04.822529
320	3	5	5	0	0:00:04.821000
340	2	4	4	0	0:00:04.860963
360	9	-1	6	0	0:00:04.814818
380	6	6	8	1	0:00:04.815241
400	9	9	9	1	0:00:04.818085
420	4	6	6	0	0:00:04.822859
440	1	1	1	1	0:00:04.823766
460	5	5	5	1	0:00:04.817820
480	8	9	9	0	0:00:04.822191
500	4	6	2	0	0:00:04.825723
520	5	7	7	0	0:00:04.835594
540	1	9	8	0	0:00:04.815827
560	0	0	0	1	0:00:04.811861
580	4	6	4	0	0:00:04.812665
600	8	8	8	1	0:00:04.846389
620	7	6	4	0	0:00:04.818285
640	5	3	3	0	0:00:04.827773
660	9	9	9	1	0:00:04.822472
680	9	1	1	0	0:00:04.834820
700	7	7	7	1	0:00:04.834524
720	4	9	9	0	0:00:04.966077
740	2	5	5	0	0:00:04.818610
760	3	9	7	0	0:00:04.826893
780	9	9	8	1	0:00:04.814453
800	7	7	7	1	0:00:04.810584
820	6	9	1	0	0:00:04.862837
840	7	7	7	1	0:00:04.825356
860	4	6	4	0	0:00:04.815547
880	8	8	8	1	0:00:04.817839
900	2	6	6	0	0:00:04.830726
920	6	2	2	0	0:00:04.818485
940	9	9	9	1	0:00:04.817121
960	9	9	9	1	0:00:04.823432
980	2	6	6	0	0:00:04.820199
1000	5	5	5	1	0:00:04.737181
1020	1	1	8	1	0:00:04.735771
1040	7	5	5	0	0:00:04.733912
1060	9	9	9	1	0:00:04.730437
1080	6	6	6	1	0:00:04.735340
1100	7	8	8	0	0:00:04.739066
1120	5	2	2	0	0:00:04.737591
1140	6	6	4	1	0:00:04.733690
1160	8	0	0	0	0:00:04.731833
1180	3	9	9	0	0:00:04.730293
1200	8	0	0	0	0:00:04.734310
1220	9	7	2	0	0:00:04.735434
1240	2	6	6	0	0:00:04.735249
1260	1	9	9	0	0:00:04.730564
1280	3	7	7	0	0:00:04.739086
1300	4	6	3	0	0:00:04.731009
1320	7	2	0	0	0:00:04.736059
1340	1	1	1	1	0:00:04.738342
1360	7	5	5	0	0:00:04.729862
1380	4	5	5	0	0:00:04.736109
1400	5	5	5	1	0:00:04.736501
1420	4	7	7	0	0:00:04.735630
1440	0	0	0	1	0:00:04.731054
1460	6	6	4	1	0:00:04.730183
1480	1	5	5	0	0:00:04.740005
1500	1	9	1	0	0:00:04.731893
1520	7	6	4	0	0:00:04.725240
1540	8	8	8	1	0:00:04.729688
1560	7	7	7	1	0:00:04.734694
1580	6	1	1	0	0:00:04.739293
1600	8	9	4	0	0:00:04.738543
1620	5	8	8	0	0:00:04.736232
1640	7	5	3	0	0:00:04.731373
1660	3	5	5	0	0:00:04.735253
1680	6	6	6	1	0:00:04.735644
1700	5	2	2	0	0:00:04.738098
1720	4	0	0	0	0:00:04.732746
1740	1	9	9	0	0:00:04.737460
1760	0	8	8	0	0:00:04.738995
1780	7	9	8	0	0:00:04.738960
1800	4	8	8	0	0:00:04.740259
1820	8	9	9	0	0:00:04.728087
1840	8	7	7	0	0:00:04.726728
1860	8	8	8	1	0:00:04.737211
1880	1	1	8	1	0:00:04.729368
1900	8	8	8	1	0:00:04.726263
1920	2	2	2	1	0:00:04.724920
1940	5	2	2	0	0:00:04.732402
1960	2	5	5	0	0:00:04.733469
1980	9	9	9	1	0:00:04.737688
2000	1	6	6	0	0:00:04.738849
2020	9	9	9	1	0:00:04.741108
2040	0	8	8	0	0:00:04.741468
2060	5	5	5	1	0:00:04.735604
2080	1	1	1	1	0:00:04.733371
2100	2	4	4	0	0:00:04.729563
2120	4	8	8	0	0:00:04.732022
2140	9	9	9	1	0:00:04.739733
2160	0	8	8	0	0:00:04.737278
2180	4	6	6	0	0:00:04.731709
2200	0	0	0	1	0:00:04.725707
2220	1	1	1	1	0:00:04.739707
2240	9	9	9	1	0:00:04.736614
2260	4	-1	4	0	0:00:04.735886
2280	4	8	8	0	0:00:04.737776
2300	3	6	4	0	0:00:04.731112
2320	5	0	0	0	0:00:04.738811
2340	7	7	7	1	0:00:04.730540
2360	7	7	7	1	0:00:04.731764
2380	8	8	8	1	0:00:04.727191
2400	0	0	0	1	0:00:04.730653
2420	8	5	5	0	0:00:04.731955
2440	7	1	8	0	0:00:04.731314
2460	9	9	3	1	0:00:04.733375
2480	8	8	8	1	0:00:04.726613
2500	4	6	4	0	0:00:04.731866
2520	1	9	8	0	0:00:04.731299
2540	2	3	3	0	0:00:04.733321
2560	7	4	4	0	0:00:04.733389
2580	6	-1	4	0	0:00:04.731275
2600	8	8	8	1	0:00:04.732592
2620	1	4	4	0	0:00:04.730132
2640	7	7	7	1	0:00:04.732033
2660	3	0	0	0	0:00:04.730695
2680	0	0	0	1	0:00:04.731524
2700	9	1	3	0	0:00:04.731858
2720	3	8	8	0	0:00:04.727622
2740	1	1	1	1	0:00:04.737303
2760	2	6	6	0	0:00:04.734067
2780	7	7	7	1	0:00:04.729170
2800	4	6	6	0	0:00:04.732019
2820	6	6	6	1	0:00:04.730347
2840	3	3	3	1	0:00:04.732932
2860	5	7	7	0	0:00:04.723132
2880	4	4	4	1	0:00:04.724339
2900	3	5	5	0	0:00:04.728790
2920	2	3	8	0	0:00:04.731733
2940	3	0	0	0	0:00:04.731827
2960	9	9	8	1	0:00:04.732591
2980	8	1	8	0	0:00:04.730179
3000	5	5	5	1	0:00:04.731076
3020	1	8	8	0	0:00:04.731006
3040	7	7	7	1	0:00:04.730357
3060	7	7	7	1	0:00:04.742642
3080	1	2	2	0	0:00:04.741346
3100	0	0	0	1	0:00:04.737914
3120	4	6	6	0	0:00:04.741271
3140	8	8	8	1	0:00:04.735668
3160	6	4	4	0	0:00:04.725271
3180	3	9	8	0	0:00:04.721880
3200	5	7	7	0	0:00:04.730196
3220	3	9	9	0	0:00:04.726992
3240	4	1	8	0	0:00:04.726588
3260	7	7	7	1	0:00:04.728710
3280	3	5	0	0	0:00:04.732897
3300	4	4	4	1	0:00:04.733324
3320	2	7	7	0	0:00:04.735081
3340	6	6	4	1	0:00:04.731727
3360	4	6	6	0	0:00:04.729327
3380	8	8	8	1	0:00:04.728584
3400	6	1	1	0	0:00:04.731733
3420	5	6	6	0	0:00:04.732093
3440	2	9	9	0	0:00:04.733618
3460	1	1	1	1	0:00:04.730368
3480	2	2	2	1	0:00:04.731585
3500	1	1	1	1	0:00:04.738472
3520	1	1	1	1	0:00:04.732235
3540	6	6	8	1	0:00:04.731933
3560	1	9	9	0	0:00:04.732872
3580	4	1	8	0	0:00:04.735765
3600	4	2	2	0	0:00:04.735282
3620	0	7	7	0	0:00:04.731200
3640	6	2	2	0	0:00:04.731081
3660	0	8	8	0	0:00:04.732074
3680	0	2	2	0	0:00:04.729899
3700	3	5	5	0	0:00:04.729091
3720	2	2	0	1	0:00:04.727303
3740	0	0	0	1	0:00:04.726201
3760	7	7	7	1	0:00:04.729034
3780	4	2	2	0	0:00:04.738880
3800	9	9	3	1	0:00:04.736437
3820	0	0	0	1	0:00:04.731302
3840	6	8	8	0	0:00:04.730490
3860	7	7	7	1	0:00:04.729770
3880	6	4	4	0	0:00:04.729227
3900	3	6	6	0	0:00:04.729577
3920	7	9	9	0	0:00:04.734826
3940	6	-1	4	0	0:00:04.737185
3960	2	5	5	0	0:00:04.733999
3980	9	9	7	1	0:00:04.721763
4000	8	7	0	0	0:00:04.730485
4020	8	-1	8	0	0:00:04.731937
4040	0	0	0	1	0:00:04.725879
4060	6	3	0	0	0:00:04.722897
4080	1	1	8	1	0:00:04.720799
4100	7	7	7	1	0:00:04.721525
4120	4	0	0	0	0:00:04.718512
4140	5	2	2	0	0:00:04.722664
4160	5	-1	2	0	0:00:04.720161
4180	0	-1	8	0	0:00:04.723019
4200	4	2	2	0	0:00:04.719121
4220	4	0	0	0	0:00:04.724755
4240	7	8	8	0	0:00:04.721969
4260	8	8	8	1	0:00:04.722715
4280	8	9	8	0	0:00:04.723016
4300	8	8	8	1	0:00:04.720875
4320	1	8	8	0	0:00:04.729550
4340	0	0	0	1	0:00:04.729378
4360	6	9	9	0	0:00:04.730591
4380	9	9	9	1	0:00:04.727072
4400	3	4	8	0	0:00:04.722003
4420	5	8	8	0	0:00:04.724452
4440	2	6	6	0	0:00:04.723893
4460	9	1	8	0	0:00:04.724260
4480	9	9	6	1	0:00:04.724574
4500	3	7	7	0	0:00:04.724526
4520	3	6	6	0	0:00:04.722472
4540	9	9	9	1	0:00:04.724150
4560	1	1	1	1	0:00:04.730155
4580	6	6	4	1	0:00:04.726919
4600	4	7	7	0	0:00:04.731522
4620	7	3	3	0	0:00:04.728842
4640	2	-1	4	0	0:00:04.724299
4660	7	2	2	0	0:00:04.724321
4680	9	1	1	0	0:00:04.725711
4700	6	1	4	0	0:00:04.724037
4720	8	8	8	1	0:00:04.722745
4740	5	6	6	0	0:00:04.733123
4760	3	2	2	0	0:00:04.733849
4780	0	0	0	1	0:00:04.739015
4800	9	9	9	1	0:00:04.730763
4820	3	5	5	0	0:00:04.735201
4840	0	0	0	1	0:00:04.737791
4860	5	5	5	1	0:00:04.731547
4880	0	-1	2	0	0:00:04.731015
4900	3	1	1	0	0:00:04.731581
4920	7	7	7	1	0:00:04.733079
4940	6	6	2	1	0:00:04.730247
4960	4	6	6	0	0:00:04.731101
4980	1	9	9	0	0:00:04.735224
5000	7	7	7	1	0:00:04.731167
5020	8	8	8	1	0:00:04.733240
5040	3	3	2	1	0:00:04.732236
5060	6	6	6	1	0:00:04.733617
5080	7	7	7	1	0:00:04.732852
5100	3	4	4	0	0:00:04.731525
5120	9	8	8	0	0:00:04.732554
5140	8	8	8	1	0:00:04.730091
5160	0	8	8	0	0:00:04.734956
5180	9	7	7	0	0:00:04.730822
5200	3	3	3	1	0:00:04.739156
5220	0	0	0	1	0:00:04.730929
5240	1	9	3	0	0:00:04.732865
5260	0	0	0	1	0:00:04.734955
5280	0	8	8	0	0:00:04.728801
5300	9	9	9	1	0:00:04.730019
5320	7	7	7	1	0:00:04.723933
5340	3	4	2	0	0:00:04.730311
5360	9	9	9	1	0:00:04.729079
5380	1	9	9	0	0:00:04.737699
5400	9	0	0	0	0:00:04.737782
5420	6	-1	6	0	0:00:04.734109
5440	9	9	9	1	0:00:04.732459
5460	0	2	2	0	0:00:04.730898
5480	1	1	8	1	0:00:04.736946
5500	8	1	8	0	0:00:04.735509
5520	4	5	5	0	0:00:04.735328
5540	5	6	2	0	0:00:04.733405
5560	3	6	5	0	0:00:04.727594
5580	5	6	6	0	0:00:04.723796
5600	6	9	8	0	0:00:04.722236
5620	3	2	2	0	0:00:04.722997
5640	2	3	3	0	0:00:04.725417
5660	9	9	8	1	0:00:04.723331
5680	2	8	8	0	0:00:04.725369
5700	3	6	2	0	0:00:04.721954
5720	9	9	9	1	0:00:04.726235
5740	6	6	4	1	0:00:04.730645
5760	2	2	8	1	0:00:04.730000
5780	7	7	7	1	0:00:04.729939
5800	2	4	4	0	0:00:04.728076
5820	5	6	6	0	0:00:04.735207
5840	2	6	6	0	0:00:04.727784
5860	0	8	8	0	0:00:04.733919
5880	0	0	0	1	0:00:04.729343
5900	4	-1	4	0	0:00:04.729594
5920	8	8	8	1	0:00:04.736298
5940	7	4	4	0	0:00:04.723640
5960	2	7	7	0	0:00:04.723608
5980	9	9	9	1	0:00:04.722273
6000	8	9	8	0	0:00:04.729570
6020	6	6	6	1	0:00:04.733711
6040	2	7	7	0	0:00:04.730764
6060	3	4	4	0	0:00:04.733880
6080	1	1	9	1	0:00:04.737040
6100	1	1	8	1	0:00:04.732162
6120	5	5	5	1	0:00:04.732818
6140	9	9	9	1	0:00:04.731168
6160	2	5	5	0	0:00:04.733828
6180	0	9	8	0	0:00:04.731179
6200	3	3	3	1	0:00:04.733690
6220	2	6	6	0	0:00:04.731707
6240	2	-1	4	0	0:00:04.732806
6260	2	9	1	0	0:00:04.729620
6280	8	5	5	0	0:00:04.733025
6300	1	1	4	1	0:00:04.735867
6320	0	0	0	1	0:00:04.732660
6340	3	7	3	0	0:00:04.729581
6360	2	2	2	1	0:00:04.729368
6380	3	1	4	0	0:00:04.732263
6400	0	1	8	0	0:00:04.733193
6420	7	5	5	0	0:00:04.731221
6440	3	8	8	0	0:00:04.732200
6460	3	1	0	0	0:00:04.733880
6480	0	-1	0	0	0:00:04.740010
6500	7	0	0	0	0:00:04.731582
6520	6	4	4	0	0:00:04.729046
6540	8	8	8	1	0:00:04.724143
6560	6	6	6	1	0:00:04.726435
6580	1	9	8	0	0:00:04.725155
6600	7	7	7	1	0:00:04.728228
6620	7	7	7	1	0:00:04.732920
6640	5	3	3	0	0:00:04.730318
6660	0	0	0	1	0:00:04.732814
6680	3	5	5	0	0:00:04.730302
6700	6	6	6	1	0:00:04.736807
6720	2	2	2	1	0:00:04.731769
6740	2	6	4	0	0:00:04.730114
6760	5	5	2	1	0:00:04.734107
6780	7	7	7	1	0:00:04.734847
6800	6	6	6	1	0:00:04.732531
6820	1	1	1	1	0:00:04.730451
6840	9	1	1	0	0:00:04.731970
6860	0	0	0	1	0:00:04.728975
6880	2	7	7	0	0:00:04.732627
6900	3	7	7	0	0:00:04.732699
6920	5	2	2	0	0:00:04.727615
6940	1	1	1	1	0:00:04.732732
6960	9	8	8	0	0:00:04.720436
6980	0	9	9	0	0:00:04.723972
7000	2	8	8	0	0:00:04.720229
7020	7	7	7	1	0:00:04.724926
7040	7	8	8	0	0:00:04.722310
7060	8	8	8	1	0:00:04.721099
7080	5	4	4	0	0:00:04.726102
7100	9	3	3	0	0:00:04.719364
7120	7	7	7	1	0:00:04.723161
7140	4	4	4	1	0:00:04.720316
7160	5	-1	4	0	0:00:04.722362
7180	6	6	6	1	0:00:04.728786
7200	4	6	2	0	0:00:04.726395
7220	9	9	0	1	0:00:04.730722
7240	0	8	8	0	0:00:04.720851
7260	1	8	8	0	0:00:04.729502
7280	1	1	7	1	0:00:04.728406
7300	3	7	7	0	0:00:04.728481
7320	8	0	0	0	0:00:04.726041
7340	2	4	4	0	0:00:04.728491
7360	2	7	5	0	0:00:04.736647
7380	7	7	7	1	0:00:04.740252
7400	3	9	3	0	0:00:04.733398
7420	3	0	0	0	0:00:04.730282
7440	3	6	6	0	0:00:04.729128
7460	5	5	5	1	0:00:04.729169
7480	1	5	5	0	0:00:04.850588
7500	6	6	6	1	0:00:04.729495
7520	4	6	4	0	0:00:04.724323
7540	5	5	5	1	0:00:04.738454
7560	0	2	2	0	0:00:04.734436
7580	8	8	8	1	0:00:04.728641
7600	8	9	9	0	0:00:04.736938
7620	5	3	3	0	0:00:04.731211
7640	9	9	8	1	0:00:04.730356
7660	7	1	7	0	0:00:04.731349
7680	3	9	9	0	0:00:04.734800
7700	6	6	6	1	0:00:04.738600
7720	5	4	4	0	0:00:04.733244
7740	4	6	2	0	0:00:04.735568
7760	2	9	9	0	0:00:04.733318
7780	3	9	9	0	0:00:04.726733
7800	0	0	0	1	0:00:04.722769
7820	5	8	8	0	0:00:04.724065
7840	1	1	1	1	0:00:04.722525
7860	8	1	8	0	0:00:04.724556
7880	0	2	2	0	0:00:04.728106
7900	0	2	8	0	0:00:04.723965
7920	9	8	8	0	0:00:04.726341
7940	2	6	6	0	0:00:04.726340
7960	0	0	2	1	0:00:04.723699
7980	3	7	4	0	0:00:04.723997
8000	9	9	9	1	0:00:04.726162
8020	6	6	6	1	0:00:04.726339
8040	2	6	6	0	0:00:04.722632
8060	6	6	6	1	0:00:04.728541
8080	4	6	4	0	0:00:04.724515
8100	6	2	2	0	0:00:04.733571
8120	8	9	8	0	0:00:04.725621
8140	5	-1	6	0	0:00:04.722454
8160	6	6	6	1	0:00:04.736487
8180	4	6	6	0	0:00:04.729980
8200	3	6	4	0	0:00:04.729981
8220	6	-1	2	0	0:00:04.722518
8240	7	7	7	1	0:00:04.728854
8260	1	1	1	1	0:00:04.724189
8280	4	5	5	0	0:00:04.730151
8300	5	2	2	0	0:00:04.733378
8320	7	9	4	0	0:00:04.730377
8340	5	5	5	1	0:00:04.732697
8360	7	7	7	1	0:00:04.730280
8380	9	9	9	1	0:00:04.732274
8400	0	8	8	0	0:00:04.728402
8420	3	6	4	0	0:00:04.729706
8440	5	3	4	0	0:00:04.731429
8460	8	8	8	1	0:00:04.723806
8480	2	1	8	0	0:00:04.726367
8500	4	2	2	0	0:00:04.728256
8520	8	4	4	0	0:00:04.734224
8540	4	-1	2	0	0:00:04.732342
8560	7	7	7	1	0:00:04.735866
8580	3	9	0	0	0:00:04.735601
8600	3	7	4	0	0:00:04.736060
8620	3	4	4	0	0:00:04.740888
8640	1	1	1	1	0:00:04.739332
8660	7	5	5	0	0:00:04.734611
8680	3	9	0	0	0:00:04.735287
8700	3	3	3	1	0:00:04.736655
8720	2	0	0	0	0:00:04.736415
8740	2	-1	4	0	0:00:04.734317
8760	8	8	8	1	0:00:04.736434
8780	4	4	4	1	0:00:04.733087
8800	0	0	0	1	0:00:04.735738
8820	2	2	2	1	0:00:04.734534
8840	2	1	8	0	0:00:04.733989
8860	2	2	2	1	0:00:04.737541
8880	1	1	1	1	0:00:04.731696
8900	2	4	4	0	0:00:04.737402
8920	6	6	6	1	0:00:04.735561
8940	6	3	3	0	0:00:04.736843
8960	0	0	0	1	0:00:04.735082
8980	9	9	9	1	0:00:04.735017
9000	8	8	8	1	0:00:04.739285
9020	7	7	7	1	0:00:04.736487
9040	2	5	5	0	0:00:04.734994
9060	9	5	5	0	0:00:04.726893
9080	3	0	0	0	0:00:04.728758
9100	9	6	6	0	0:00:04.727765
9120	3	0	0	0	0:00:04.727730
9140	7	7	8	1	0:00:04.729272
9160	5	5	5	1	0:00:04.728432
9180	5	5	5	1	0:00:04.733810
9200	8	8	8	1	0:00:04.729560
9220	8	8	8	1	0:00:04.732830
9240	8	8	8	1	0:00:04.726673
9260	5	5	5	1	0:00:04.729907
9280	9	8	8	0	0:00:04.727952
9300	5	5	2	1	0:00:04.723268
9320	9	9	9	1	0:00:04.733435
9340	1	1	1	1	0:00:04.728957
9360	5	0	0	0	0:00:04.730734
9380	5	9	5	0	0:00:04.728902
9400	6	6	2	1	0:00:04.728331
9420	5	5	5	1	0:00:04.726766
9440	8	8	8	1	0:00:04.731430
9460	3	6	4	0	0:00:04.728984
9480	2	-1	4	0	0:00:04.728492
9500	9	1	5	0	0:00:04.732279
9520	1	1	1	1	0:00:04.727096
9540	5	5	5	1	0:00:04.729155
9560	9	7	7	0	0:00:04.729203
9580	1	1	4	1	0:00:04.729862
9600	8	8	8	1	0:00:04.730008
9620	4	7	7	0	0:00:04.730171
9640	5	0	0	0	0:00:04.730117
9660	6	6	6	1	0:00:04.730484
9680	8	9	8	0	0:00:04.730609
9700	0	0	0	1	0:00:04.729904
9720	8	-1	8	0	0:00:04.730150
9740	3	6	6	0	0:00:04.727439
9760	9	9	7	1	0:00:04.728661
9780	4	6	6	0	0:00:04.732554
9800	1	1	1	1	0:00:04.729128
9820	0	8	8	0	0:00:04.735407
9840	4	3	3	0	0:00:04.736109
9860	0	5	8	0	0:00:04.737448
9880	7	7	4	1	0:00:04.738998
9900	8	0	0	0	0:00:04.734354
9920	6	6	6	1	0:00:04.734587
9940	4	5	5	0	0:00:04.736038
9960	2	0	0	0	0:00:04.740287
9980	0	0	0	1	0:00:04.737017
