idx	label	predict	basePredict	correct	time
0	3	2	2	0	0:00:02.883752
20	7	1	9	0	0:00:02.804193
40	4	1	8	0	0:00:02.798414
60	7	7	4	1	0:00:02.828618
80	8	8	8	1	0:00:02.791526
100	4	3	3	0	0:00:02.845705
120	8	8	8	1	0:00:02.816846
140	6	2	2	0	0:00:02.836796
160	2	0	2	0	0:00:02.818264
180	0	0	8	1	0:00:02.800854
200	5	7	3	0	0:00:02.804282
220	7	7	7	1	0:00:02.971779
240	1	1	8	1	0:00:02.914926
260	8	3	3	0	0:00:02.890738
280	9	9	9	1	0:00:02.828413
300	6	6	4	1	0:00:02.803648
320	3	2	2	0	0:00:02.790605
340	2	4	4	0	0:00:02.797874
360	9	7	6	0	0:00:02.806721
380	6	6	4	1	0:00:02.891222
400	9	1	8	0	0:00:02.803984
420	4	6	6	0	0:00:02.803020
440	1	1	6	1	0:00:02.880680
460	5	5	4	1	0:00:02.885473
480	8	9	8	0	0:00:02.793430
500	4	6	4	0	0:00:02.834332
520	5	7	7	0	0:00:02.814054
540	1	9	8	0	0:00:02.858975
560	0	0	8	1	0:00:02.837737
580	4	6	4	0	0:00:02.806485
600	8	8	8	1	0:00:02.874992
620	7	6	4	0	0:00:02.817604
640	5	3	3	0	0:00:02.847053
660	9	9	9	1	0:00:02.803403
680	9	7	4	0	0:00:02.794382
700	7	0	4	0	0:00:02.836477
720	4	9	7	0	0:00:02.801825
740	2	5	3	0	0:00:02.787129
760	3	9	7	0	0:00:02.783996
780	9	1	8	0	0:00:02.791520
800	7	7	7	1	0:00:02.796122
820	6	1	8	0	0:00:02.797635
840	7	7	7	1	0:00:02.806089
860	4	4	4	1	0:00:02.789554
880	8	8	8	1	0:00:02.831213
900	2	6	4	0	0:00:02.786697
920	6	4	2	0	0:00:02.798368
940	9	-1	9	0	0:00:02.813168
960	9	9	4	1	0:00:02.791213
980	2	6	6	0	0:00:02.775673
1000	5	5	5	1	0:00:02.105948
1020	1	1	8	1	0:00:02.089804
1040	7	5	5	0	0:00:02.120200
1060	9	9	8	1	0:00:02.166754
1080	6	6	6	1	0:00:02.186853
1100	7	8	8	0	0:00:02.209086
1120	5	2	2	0	0:00:02.163679
1140	6	4	4	0	0:00:02.102863
1160	8	0	8	0	0:00:02.086815
1180	3	3	8	1	0:00:02.094496
1200	8	0	0	0	0:00:02.087521
1220	9	6	6	0	0:00:02.089058
1240	2	6	6	0	0:00:02.090075
1260	1	9	9	0	0:00:02.085238
1280	3	7	7	0	0:00:02.085942
1300	4	3	3	0	0:00:02.094099
1320	7	2	2	0	0:00:02.093185
1340	1	1	1	1	0:00:02.092430
1360	7	7	4	1	0:00:02.090966
1380	4	5	5	0	0:00:02.091140
1400	5	6	2	0	0:00:02.083286
1420	4	7	7	0	0:00:02.093840
1440	0	8	8	0	0:00:02.089373
1460	6	6	4	1	0:00:02.088741
1480	1	7	7	0	0:00:02.081843
1500	1	9	8	0	0:00:02.085281
1520	7	7	4	1	0:00:02.089301
1540	8	8	8	1	0:00:02.093355
1560	7	7	7	1	0:00:02.089837
1580	6	1	1	0	0:00:02.098097
1600	8	9	6	0	0:00:02.088862
1620	5	8	8	0	0:00:02.091442
1640	7	5	3	0	0:00:02.094802
1660	3	-1	4	0	0:00:02.092837
1680	6	6	6	1	0:00:02.101216
1700	5	2	2	0	0:00:02.102947
1720	4	0	2	0	0:00:02.103856
1740	1	9	9	0	0:00:02.089773
1760	0	8	8	0	0:00:02.091165
1780	7	9	8	0	0:00:02.091411
1800	4	8	8	0	0:00:02.134497
1820	8	1	8	0	0:00:02.105075
1840	8	9	4	0	0:00:02.151029
1860	8	8	8	1	0:00:02.145315
1880	1	1	8	1	0:00:02.145842
1900	8	8	8	1	0:00:02.109680
1920	2	2	2	1	0:00:02.144665
1940	5	3	3	0	0:00:02.094294
1960	2	5	5	0	0:00:02.092933
1980	9	9	4	1	0:00:02.088917
2000	1	6	6	0	0:00:02.091333
2020	9	9	9	1	0:00:02.096793
2040	0	8	8	0	0:00:02.098980
2060	5	5	3	1	0:00:02.089097
2080	1	9	8	0	0:00:02.098822
2100	2	4	4	0	0:00:02.094369
2120	4	8	8	0	0:00:02.088675
2140	9	9	1	1	0:00:02.119112
2160	0	8	8	0	0:00:02.089373
2180	4	4	4	1	0:00:02.086720
2200	0	2	2	0	0:00:02.091743
2220	1	1	4	1	0:00:02.094597
2240	9	9	8	1	0:00:02.101366
2260	4	7	4	0	0:00:02.089246
2280	4	8	8	0	0:00:02.091279
2300	3	2	4	0	0:00:02.083020
2320	5	8	8	0	0:00:02.097676
2340	7	7	7	1	0:00:02.084470
2360	7	7	3	1	0:00:02.094094
2380	8	-1	8	0	0:00:02.088102
2400	0	0	0	1	0:00:02.091236
2420	8	5	5	0	0:00:02.092847
2440	7	7	8	1	0:00:02.091692
2460	9	3	3	0	0:00:02.097620
2480	8	8	8	1	0:00:02.095618
2500	4	2	4	0	0:00:02.087358
2520	1	9	8	0	0:00:02.088445
2540	2	3	3	0	0:00:02.145837
2560	7	7	4	1	0:00:02.181915
2580	6	4	4	0	0:00:02.162771
2600	8	8	8	1	0:00:02.100908
2620	1	4	4	0	0:00:02.103406
2640	7	7	6	1	0:00:02.176405
2660	3	2	2	0	0:00:02.082394
2680	0	0	0	1	0:00:02.092170
2700	9	7	0	0	0:00:02.102186
2720	3	2	2	0	0:00:02.114498
2740	1	1	1	1	0:00:02.152133
2760	2	4	4	0	0:00:02.092912
2780	7	7	7	1	0:00:02.102262
2800	4	6	4	0	0:00:02.109609
2820	6	6	6	1	0:00:02.096317
2840	3	3	3	1	0:00:02.103367
2860	5	7	6	0	0:00:02.090097
2880	4	4	4	1	0:00:02.093644
2900	3	2	2	0	0:00:02.082202
2920	2	5	5	0	0:00:02.092211
2940	3	0	0	0	0:00:02.088676
2960	9	9	8	1	0:00:02.098436
2980	8	1	8	0	0:00:02.095251
3000	5	5	5	1	0:00:02.095101
3020	1	1	8	1	0:00:02.091509
3040	7	7	7	1	0:00:02.088731
3060	7	7	7	1	0:00:02.090098
3080	1	6	2	0	0:00:02.093624
3100	0	0	0	1	0:00:02.084455
3120	4	6	2	0	0:00:02.093955
3140	8	8	8	1	0:00:02.092871
3160	6	4	4	0	0:00:02.088782
3180	3	9	8	0	0:00:02.083331
3200	5	7	7	0	0:00:02.091122
3220	3	9	9	0	0:00:02.086107
3240	4	1	8	0	0:00:02.094571
3260	7	0	2	0	0:00:02.092192
3280	3	0	0	0	0:00:02.090131
3300	4	6	4	0	0:00:02.092393
3320	2	7	7	0	0:00:02.085731
3340	6	6	4	1	0:00:02.089909
3360	4	-1	4	0	0:00:02.089709
3380	8	-1	8	0	0:00:02.098093
3400	6	4	4	0	0:00:02.102454
3420	5	4	4	0	0:00:02.095208
3440	2	9	3	0	0:00:02.088144
3460	1	1	4	1	0:00:02.084968
3480	2	2	2	1	0:00:02.113611
3500	1	1	4	1	0:00:02.082644
3520	1	1	1	1	0:00:02.154369
3540	6	6	2	1	0:00:02.138304
3560	1	9	7	0	0:00:02.149659
3580	4	1	4	0	0:00:02.146391
3600	4	2	2	0	0:00:02.132322
3620	0	7	7	0	0:00:02.109450
3640	6	2	2	0	0:00:02.089539
3660	0	8	8	0	0:00:02.088777
3680	0	2	2	0	0:00:02.085710
3700	3	6	4	0	0:00:02.083574
3720	2	2	2	1	0:00:02.087876
3740	0	0	8	1	0:00:02.088568
3760	7	7	7	1	0:00:02.082110
3780	4	4	2	1	0:00:02.077486
3800	9	3	3	0	0:00:02.082020
3820	0	2	2	0	0:00:02.087414
3840	6	8	3	0	0:00:02.125887
3860	7	7	7	1	0:00:02.104093
3880	6	4	4	0	0:00:02.090180
3900	3	6	6	0	0:00:02.086018
3920	7	9	8	0	0:00:02.093191
3940	6	7	4	0	0:00:02.090373
3960	2	5	5	0	0:00:02.105565
3980	9	7	7	0	0:00:02.098625
4000	8	7	4	0	0:00:02.101805
4020	8	1	8	0	0:00:02.110559
4040	0	0	0	1	0:00:02.093540
4060	6	3	3	0	0:00:02.091233
4080	1	8	8	0	0:00:02.092097
4100	7	7	7	1	0:00:02.100388
4120	4	0	0	0	0:00:02.105839
4140	5	3	3	0	0:00:02.091031
4160	5	2	2	0	0:00:02.096179
4180	0	8	8	0	0:00:02.079546
4200	4	4	2	1	0:00:02.087827
4220	4	0	0	0	0:00:02.089709
4240	7	0	0	0	0:00:02.095740
4260	8	1	8	0	0:00:02.085629
4280	8	9	8	0	0:00:02.096490
4300	8	8	8	1	0:00:02.080633
4320	1	8	8	0	0:00:02.082626
4340	0	0	8	1	0:00:02.081241
4360	6	9	6	0	0:00:02.086270
4380	9	-1	8	0	0:00:02.079003
4400	3	4	4	0	0:00:02.079788
4420	5	8	8	0	0:00:02.076251
4440	2	6	2	0	0:00:02.085634
4460	9	8	8	0	0:00:02.077372
4480	9	6	6	0	0:00:02.089077
4500	3	6	6	0	0:00:02.088521
4520	3	6	6	0	0:00:02.093905
4540	9	9	9	1	0:00:02.097776
4560	1	1	4	1	0:00:02.094292
4580	6	4	4	0	0:00:02.090915
4600	4	7	4	0	0:00:02.091978
4620	7	3	3	0	0:00:02.086783
4640	2	3	4	0	0:00:02.113724
4660	7	4	4	0	0:00:02.086890
4680	9	1	1	0	0:00:02.091993
4700	6	1	4	0	0:00:02.092423
4720	8	0	0	0	0:00:02.086654
4740	5	3	4	0	0:00:02.094075
4760	3	3	4	1	0:00:02.086675
4780	0	0	8	1	0:00:02.088388
4800	9	9	9	1	0:00:02.088933
4820	3	5	5	0	0:00:02.089857
4840	0	0	0	1	0:00:02.087565
4860	5	3	3	0	0:00:02.105060
4880	0	2	2	0	0:00:02.091611
4900	3	6	6	0	0:00:02.102363
4920	7	7	4	1	0:00:02.085263
4940	6	4	2	0	0:00:02.094985
4960	4	3	3	0	0:00:02.094256
4980	1	9	8	0	0:00:02.077636
5000	7	7	7	1	0:00:02.086345
5020	8	1	8	0	0:00:02.080977
5040	3	3	4	1	0:00:02.091592
5060	6	-1	4	0	0:00:02.082337
5080	7	7	7	1	0:00:02.085078
5100	3	3	3	1	0:00:02.094723
5120	9	9	8	1	0:00:02.098830
5140	8	8	8	1	0:00:02.092377
5160	0	8	8	0	0:00:02.089169
5180	9	6	4	0	0:00:02.081273
5200	3	3	3	1	0:00:02.086337
5220	0	0	0	1	0:00:02.084856
5240	1	9	2	0	0:00:02.085353
5260	0	0	0	1	0:00:02.091533
5280	0	8	8	0	0:00:02.086306
5300	9	1	9	0	0:00:02.076422
5320	7	7	3	1	0:00:02.096668
5340	3	4	4	0	0:00:02.078325
5360	9	9	3	1	0:00:02.081370
5380	1	9	9	0	0:00:02.087147
5400	9	0	8	0	0:00:02.080145
5420	6	6	6	1	0:00:02.084715
5440	9	9	9	1	0:00:02.129416
5460	0	7	7	0	0:00:02.121691
5480	1	1	8	1	0:00:02.084622
5500	8	1	8	0	0:00:02.087726
5520	4	3	3	0	0:00:02.095889
5540	5	6	2	0	0:00:02.101915
5560	3	6	4	0	0:00:02.084040
5580	5	6	6	0	0:00:02.080793
5600	6	-1	0	0	0:00:02.090380
5620	3	2	2	0	0:00:02.082432
5640	2	-1	3	0	0:00:02.078173
5660	9	-1	8	0	0:00:02.077875
5680	2	8	8	0	0:00:02.085572
5700	3	6	6	0	0:00:02.085039
5720	9	9	9	1	0:00:02.085896
5740	6	4	4	0	0:00:02.080425
5760	2	-1	2	0	0:00:02.079058
5780	7	7	4	1	0:00:02.079528
5800	2	4	4	0	0:00:02.080761
5820	5	6	6	0	0:00:02.079871
5840	2	6	6	0	0:00:02.083883
5860	0	-1	8	0	0:00:02.081891
5880	0	8	0	0	0:00:02.086988
5900	4	3	4	0	0:00:02.081186
5920	8	8	8	1	0:00:02.080156
5940	7	4	4	0	0:00:02.089280
5960	2	6	4	0	0:00:02.088691
5980	9	9	8	1	0:00:02.083781
6000	8	9	8	0	0:00:02.086616
6020	6	6	6	1	0:00:02.076501
6040	2	7	7	0	0:00:02.085262
6060	3	4	4	0	0:00:02.078824
6080	1	9	6	0	0:00:02.090543
6100	1	1	8	1	0:00:02.088980
6120	5	5	5	1	0:00:02.088385
6140	9	9	9	1	0:00:02.077955
6160	2	5	5	0	0:00:02.079384
6180	0	9	8	0	0:00:02.082119
6200	3	0	2	0	0:00:02.078676
6220	2	6	5	0	0:00:02.083631
6240	2	1	4	0	0:00:02.088792
6260	2	9	4	0	0:00:02.108186
6280	8	5	4	0	0:00:02.151262
6300	1	7	4	0	0:00:02.135026
6320	0	0	0	1	0:00:02.114641
6340	3	3	3	1	0:00:02.078775
6360	2	6	2	0	0:00:02.097050
6380	3	6	6	0	0:00:02.092052
6400	0	1	4	0	0:00:02.096087
6420	7	-1	8	0	0:00:02.112283
6440	3	0	8	0	0:00:02.087605
6460	3	1	4	0	0:00:02.082582
6480	0	0	0	1	0:00:02.086493
6500	7	6	6	0	0:00:02.091353
6520	6	4	4	0	0:00:02.088295
6540	8	8	8	1	0:00:02.093236
6560	6	6	4	1	0:00:02.092632
6580	1	2	2	0	0:00:02.098908
6600	7	7	7	1	0:00:02.086732
6620	7	7	7	1	0:00:02.090165
6640	5	3	8	0	0:00:02.088229
6660	0	0	8	1	0:00:02.084220
6680	3	5	5	0	0:00:02.086681
6700	6	-1	2	0	0:00:02.084189
6720	2	2	2	1	0:00:02.093244
6740	2	6	4	0	0:00:02.093805
6760	5	3	3	0	0:00:02.088321
6780	7	7	7	1	0:00:02.092730
6800	6	2	4	0	0:00:02.083980
6820	1	1	8	1	0:00:02.090769
6840	9	-1	9	0	0:00:02.091364
6860	0	-1	2	0	0:00:02.093408
6880	2	7	7	0	0:00:02.093503
6900	3	7	4	0	0:00:02.082514
6920	5	2	2	0	0:00:02.092453
6940	1	1	1	1	0:00:02.094016
6960	9	8	8	0	0:00:02.089494
6980	0	-1	8	0	0:00:02.092600
7000	2	8	8	0	0:00:02.095813
7020	7	-1	8	0	0:00:02.086135
7040	7	8	8	0	0:00:02.087196
7060	8	-1	8	0	0:00:02.091612
7080	5	4	4	0	0:00:02.091703
7100	9	3	3	0	0:00:02.086287
7120	7	5	6	0	0:00:02.094197
7140	4	1	4	0	0:00:02.083202
7160	5	4	4	0	0:00:02.089101
7180	6	6	6	1	0:00:02.093188
7200	4	6	2	0	0:00:02.093369
7220	9	9	8	1	0:00:02.089375
7240	0	8	8	0	0:00:02.082720
7260	1	8	8	0	0:00:02.088982
7280	1	-1	4	0	0:00:02.081614
7300	3	7	4	0	0:00:02.087814
7320	8	0	8	0	0:00:02.096865
7340	2	4	4	0	0:00:02.088870
7360	2	4	4	0	0:00:02.086654
7380	7	7	7	1	0:00:02.092402
7400	3	3	3	1	0:00:02.100658
7420	3	0	0	0	0:00:02.085700
7440	3	3	2	1	0:00:02.084576
7460	5	5	5	1	0:00:02.085950
7480	1	8	4	0	0:00:02.081784
7500	6	6	6	1	0:00:02.079309
7520	4	6	4	0	0:00:02.083623
7540	5	5	5	1	0:00:02.079574
7560	0	9	4	0	0:00:02.078353
7580	8	8	8	1	0:00:02.079060
7600	8	9	8	0	0:00:02.095392
7620	5	9	3	0	0:00:02.086565
7640	9	9	6	1	0:00:02.084540
7660	7	9	4	0	0:00:02.095791
7680	3	9	3	0	0:00:02.085815
7700	6	6	6	1	0:00:02.092794
7720	5	-1	4	0	0:00:02.084404
7740	4	6	2	0	0:00:02.079851
7760	2	9	6	0	0:00:02.086079
7780	3	1	8	0	0:00:02.078369
7800	0	0	8	1	0:00:02.084863
7820	5	8	8	0	0:00:02.090122
7840	1	1	1	1	0:00:02.087865
7860	8	1	4	0	0:00:02.082864
7880	0	0	0	1	0:00:02.093982
7900	0	4	2	0	0:00:02.085798
7920	9	8	8	0	0:00:02.087624
7940	2	6	6	0	0:00:02.093267
7960	0	0	2	1	0:00:02.093991
7980	3	7	4	0	0:00:02.098500
8000	9	9	9	1	0:00:02.085451
8020	6	3	3	0	0:00:02.082217
8040	2	2	4	1	0:00:02.083290
8060	6	6	4	1	0:00:02.086096
8080	4	6	2	0	0:00:02.077681
8100	6	2	2	0	0:00:02.079446
8120	8	9	8	0	0:00:02.086482
8140	5	4	4	0	0:00:02.107167
8160	6	9	6	0	0:00:02.076452
8180	4	4	4	1	0:00:02.079863
8200	3	7	2	0	0:00:02.083090
8220	6	7	2	0	0:00:02.089495
8240	7	7	4	1	0:00:02.090865
8260	1	3	3	0	0:00:02.082268
8280	4	5	3	0	0:00:02.089038
8300	5	2	2	0	0:00:02.093925
8320	7	4	4	0	0:00:02.094010
8340	5	3	4	0	0:00:02.089375
8360	7	7	4	1	0:00:02.091617
8380	9	9	8	1	0:00:02.091859
8400	0	8	8	0	0:00:02.090088
8420	3	4	4	0	0:00:02.092222
8440	5	3	4	0	0:00:02.093577
8460	8	8	8	1	0:00:02.090676
8480	2	1	8	0	0:00:02.096202
8500	4	4	4	1	0:00:02.088311
8520	8	1	4	0	0:00:02.093284
8540	4	2	2	0	0:00:02.127477
8560	7	7	4	1	0:00:02.129522
8580	3	0	2	0	0:00:02.096764
8600	3	6	4	0	0:00:02.088877
8620	3	1	4	0	0:00:02.089465
8640	1	1	1	1	0:00:02.087396
8660	7	-1	5	0	0:00:02.083007
8680	3	9	8	0	0:00:02.081949
8700	3	3	3	1	0:00:02.072836
8720	2	0	0	0	0:00:02.087159
8740	2	2	4	1	0:00:02.086093
8760	8	8	5	1	0:00:02.081441
8780	4	-1	4	0	0:00:02.087507
8800	0	0	0	1	0:00:02.077470
8820	2	2	3	1	0:00:02.075644
8840	2	1	7	0	0:00:02.086826
8860	2	2	2	1	0:00:02.082451
8880	1	9	6	0	0:00:02.081893
8900	2	6	4	0	0:00:02.077973
8920	6	6	6	1	0:00:02.076808
8940	6	3	3	0	0:00:02.076138
8960	0	0	0	1	0:00:02.089261
8980	9	9	8	1	0:00:02.083448
9000	8	8	8	1	0:00:02.078681
9020	7	9	8	0	0:00:02.090651
9040	2	5	5	0	0:00:02.088795
9060	9	5	5	0	0:00:02.080494
9080	3	0	0	0	0:00:02.088442
9100	9	6	6	0	0:00:02.088850
9120	3	0	0	0	0:00:02.173337
9140	7	-1	8	0	0:00:02.186031
9160	5	-1	4	0	0:00:02.165977
9180	5	5	5	1	0:00:02.185455
9200	8	8	8	1	0:00:02.152211
9220	8	8	8	1	0:00:02.178942
9240	8	8	8	1	0:00:02.151493
9260	5	-1	5	0	0:00:02.158348
9280	9	-1	8	0	0:00:02.122906
9300	5	3	2	0	0:00:02.165538
9320	9	9	8	1	0:00:02.151171
9340	1	1	1	1	0:00:02.136753
9360	5	6	6	0	0:00:02.101774
9380	5	9	3	0	0:00:02.150724
9400	6	6	2	1	0:00:02.183647
9420	5	-1	6	0	0:00:02.165260
9440	8	8	8	1	0:00:02.117553
9460	3	7	6	0	0:00:02.093716
9480	2	4	4	0	0:00:02.085052
9500	9	-1	4	0	0:00:02.117737
9520	1	1	1	1	0:00:02.097540
9540	5	3	4	0	0:00:02.091353
9560	9	7	7	0	0:00:02.090494
9580	1	4	4	0	0:00:02.088030
9600	8	8	8	1	0:00:02.088958
9620	4	7	4	0	0:00:02.094908
9640	5	-1	6	0	0:00:02.096842
9660	6	6	6	1	0:00:02.090870
9680	8	8	8	1	0:00:02.112990
9700	0	0	0	1	0:00:02.127742
9720	8	6	6	0	0:00:02.163062
9740	3	6	4	0	0:00:02.108337
9760	9	7	4	0	0:00:02.115318
9780	4	6	4	0	0:00:02.138234
9800	1	1	1	1	0:00:02.150177
9820	0	8	8	0	0:00:02.144672
9840	4	5	5	0	0:00:02.160608
9860	0	5	8	0	0:00:02.143338
9880	7	4	4	0	0:00:02.136523
9900	8	0	8	0	0:00:02.129413
9920	6	4	2	0	0:00:02.144685
9940	4	7	7	0	0:00:02.149352
9960	2	0	0	0	0:00:02.147499
9980	0	0	0	1	0:00:02.145870
