idx	label	predict	basePredict	correct	time
0	3	-1	4	0	0:00:01.455085
20	7	9	9	0	0:00:01.029191
40	4	-1	8	0	0:00:01.005515
60	7	7	4	1	0:00:00.985710
80	8	8	8	1	0:00:01.000674
100	4	5	5	0	0:00:01.010577
120	8	8	8	1	0:00:00.996185
140	6	2	2	0	0:00:01.013539
160	2	2	2	1	0:00:01.070200
180	0	0	0	1	0:00:00.998712
200	5	3	3	0	0:00:00.977673
220	7	7	7	1	0:00:01.036922
240	1	1	1	1	0:00:00.960193
260	8	5	5	0	0:00:00.961664
280	9	9	9	1	0:00:00.968750
300	6	-1	4	0	0:00:00.959445
320	3	5	2	0	0:00:00.962111
340	2	-1	4	0	0:00:00.968262
360	9	6	6	0	0:00:00.979062
380	6	6	8	1	0:00:00.986379
400	9	1	1	0	0:00:00.985392
420	4	6	6	0	0:00:00.965637
440	1	1	1	1	0:00:01.110970
460	5	5	5	1	0:00:00.982580
480	8	9	9	0	0:00:00.972068
500	4	6	6	0	0:00:01.007010
520	5	7	7	0	0:00:00.987827
540	1	8	8	0	0:00:00.999198
560	0	0	0	1	0:00:00.995858
580	4	6	6	0	0:00:01.027701
600	8	8	8	1	0:00:00.989121
620	7	6	6	0	0:00:00.994178
640	5	3	3	0	0:00:00.984705
660	9	9	9	1	0:00:01.016187
680	9	-1	1	0	0:00:00.968633
700	7	7	7	1	0:00:00.957324
720	4	9	9	0	0:00:00.987843
740	2	5	5	0	0:00:00.974102
760	3	9	9	0	0:00:00.997151
780	9	-1	8	0	0:00:00.999864
800	7	7	7	1	0:00:01.012576
820	6	9	9	0	0:00:01.007137
840	7	7	7	1	0:00:01.071098
860	4	6	6	0	0:00:01.025594
880	8	8	8	1	0:00:01.062864
900	2	6	6	0	0:00:01.006646
920	6	2	2	0	0:00:01.027238
940	9	1	1	0	0:00:01.024165
960	9	9	8	1	0:00:01.021891
980	2	6	6	0	0:00:01.040891
1000	5	5	5	1	0:00:00.943741
1020	1	1	1	1	0:00:00.938641
1040	7	5	5	0	0:00:00.947668
1060	9	9	8	1	0:00:00.960559
1080	6	6	6	1	0:00:00.960251
1100	7	8	8	0	0:00:01.072299
1120	5	2	2	0	0:00:01.035004
1140	6	6	6	1	0:00:00.967532
1160	8	0	0	0	0:00:00.957719
1180	3	9	9	0	0:00:00.959206
1200	8	0	0	0	0:00:00.950105
1220	9	-1	2	0	0:00:00.961146
1240	2	6	6	0	0:00:00.948962
1260	1	9	9	0	0:00:00.938237
1280	3	7	7	0	0:00:00.945842
1300	4	6	3	0	0:00:00.936091
1320	7	-1	2	0	0:00:00.965668
1340	1	1	1	1	0:00:00.936702
1360	7	-1	2	0	0:00:00.930946
1380	4	5	5	0	0:00:00.938703
1400	5	-1	2	0	0:00:00.929117
1420	4	7	7	0	0:00:00.938805
1440	0	8	0	0	0:00:00.935092
1460	6	6	6	1	0:00:00.954183
1480	1	5	5	0	0:00:00.929992
1500	1	9	9	0	0:00:00.929946
1520	7	6	6	0	0:00:00.934294
1540	8	8	8	1	0:00:00.944108
1560	7	7	7	1	0:00:00.985917
1580	6	1	1	0	0:00:00.936633
1600	8	-1	6	0	0:00:00.925520
1620	5	8	8	0	0:00:00.944167
1640	7	5	5	0	0:00:00.947374
1660	3	5	5	0	0:00:00.946993
1680	6	6	6	1	0:00:00.963251
1700	5	2	2	0	0:00:00.937781
1720	4	0	0	0	0:00:00.944114
1740	1	9	9	0	0:00:00.948529
1760	0	8	8	0	0:00:00.937489
1780	7	8	8	0	0:00:00.969174
1800	4	8	8	0	0:00:00.973943
1820	8	1	1	0	0:00:00.938103
1840	8	7	7	0	0:00:00.945499
1860	8	8	8	1	0:00:00.942567
1880	1	1	1	1	0:00:00.871388
1900	8	8	8	1	0:00:00.890761
1920	2	2	2	1	0:00:00.902656
1940	5	-1	2	0	0:00:00.893490
1960	2	5	5	0	0:00:00.901921
1980	9	9	9	1	0:00:00.917879
2000	1	6	6	0	0:00:00.912568
2020	9	9	9	1	0:00:00.960238
2040	0	8	8	0	0:00:00.948112
2060	5	5	5	1	0:00:00.938312
2080	1	1	1	1	0:00:00.933942
2100	2	4	4	0	0:00:00.880585
2120	4	8	8	0	0:00:00.866824
2140	9	-1	1	0	0:00:00.868593
2160	0	8	8	0	0:00:00.860628
2180	4	6	6	0	0:00:00.864608
2200	0	0	0	1	0:00:00.865945
2220	1	1	1	1	0:00:00.876277
2240	9	9	9	1	0:00:00.884041
2260	4	-1	4	0	0:00:00.908744
2280	4	8	8	0	0:00:00.959798
2300	3	6	6	0	0:00:00.936826
2320	5	-1	0	0	0:00:00.882460
2340	7	7	7	1	0:00:00.893516
2360	7	7	7	1	0:00:00.907295
2380	8	8	8	1	0:00:00.922265
2400	0	4	4	0	0:00:00.916588
2420	8	5	5	0	0:00:00.907329
2440	7	1	8	0	0:00:00.915790
2460	9	9	6	1	0:00:00.918332
2480	8	8	8	1	0:00:00.882821
2500	4	6	4	0	0:00:00.875963
2520	1	8	8	0	0:00:00.914887
2540	2	3	3	0	0:00:00.866942
2560	7	6	2	0	0:00:00.883479
2580	6	-1	4	0	0:00:00.875769
2600	8	8	8	1	0:00:00.896754
2620	1	6	6	0	0:00:00.900571
2640	7	7	7	1	0:00:00.912289
2660	3	0	0	0	0:00:00.930727
2680	0	0	0	1	0:00:00.928026
2700	9	3	3	0	0:00:00.939920
2720	3	8	8	0	0:00:00.934825
2740	1	1	1	1	0:00:00.922863
2760	2	6	6	0	0:00:00.971291
2780	7	7	7	1	0:00:00.937146
2800	4	6	6	0	0:00:00.929945
2820	6	6	6	1	0:00:00.928677
2840	3	7	7	0	0:00:00.935584
2860	5	7	7	0	0:00:00.940260
2880	4	4	4	1	0:00:00.955806
2900	3	5	5	0	0:00:00.937957
2920	2	3	3	0	0:00:00.928246
2940	3	0	0	0	0:00:00.950669
2960	9	-1	9	0	0:00:00.940510
2980	8	1	1	0	0:00:00.943221
3000	5	5	5	1	0:00:00.937080
3020	1	1	8	1	0:00:00.942851
3040	7	7	7	1	0:00:00.973718
3060	7	7	7	1	0:00:00.947695
3080	1	6	2	0	0:00:00.938360
3100	0	0	0	1	0:00:00.939759
3120	4	6	6	0	0:00:00.940288
3140	8	8	8	1	0:00:00.946386
3160	6	4	4	0	0:00:00.954133
3180	3	9	8	0	0:00:00.935924
3200	5	7	7	0	0:00:00.934397
3220	3	9	9	0	0:00:00.977613
3240	4	1	8	0	0:00:00.932105
3260	7	-1	7	0	0:00:00.940339
3280	3	-1	0	0	0:00:00.937812
3300	4	-1	6	0	0:00:00.934937
3320	2	7	7	0	0:00:00.938809
3340	6	6	6	1	0:00:00.921977
3360	4	6	6	0	0:00:00.930434
3380	8	8	8	1	0:00:00.945815
3400	6	1	1	0	0:00:00.912463
3420	5	6	6	0	0:00:00.934017
3440	2	9	9	0	0:00:00.952565
3460	1	1	1	1	0:00:00.945425
3480	2	2	2	1	0:00:00.924667
3500	1	1	1	1	0:00:00.917325
3520	1	1	1	1	0:00:00.963974
3540	6	-1	8	0	0:00:00.936704
3560	1	9	9	0	0:00:00.925545
3580	4	1	1	0	0:00:00.938255
3600	4	2	2	0	0:00:00.946754
3620	0	7	6	0	0:00:00.957700
3640	6	2	0	0	0:00:00.934369
3660	0	8	8	0	0:00:00.915346
3680	0	2	2	0	0:00:00.958000
3700	3	5	5	0	0:00:00.958827
3720	2	2	2	1	0:00:00.922353
3740	0	0	0	1	0:00:00.931159
3760	7	7	7	1	0:00:00.943896
3780	4	2	2	0	0:00:00.926837
3800	9	3	3	0	0:00:00.945773
3820	0	0	0	1	0:00:00.940089
3840	6	-1	8	0	0:00:00.911502
3860	7	7	7	1	0:00:00.877874
3880	6	4	4	0	0:00:00.943987
3900	3	0	0	0	0:00:00.950362
3920	7	-1	8	0	0:00:00.984173
3940	6	-1	7	0	0:00:00.914960
3960	2	5	5	0	0:00:00.908136
3980	9	-1	7	0	0:00:00.949575
4000	8	7	0	0	0:00:00.898890
4020	8	8	8	1	0:00:00.890338
4040	0	0	0	1	0:00:00.940566
4060	6	-1	0	0	0:00:00.936340
4080	1	-1	8	0	0:00:00.949032
4100	7	7	7	1	0:00:00.928801
4120	4	0	0	0	0:00:00.932263
4140	5	-1	3	0	0:00:00.965607
4160	5	2	2	0	0:00:00.967442
4180	0	-1	8	0	0:00:00.948844
4200	4	2	2	0	0:00:00.953585
4220	4	0	0	0	0:00:00.939184
4240	7	8	8	0	0:00:00.927503
4260	8	8	8	1	0:00:00.926663
4280	8	8	8	1	0:00:00.954464
4300	8	8	8	1	0:00:00.945576
4320	1	8	8	0	0:00:00.947544
4340	0	-1	0	0	0:00:00.943011
4360	6	9	9	0	0:00:00.929176
4380	9	9	9	1	0:00:00.947918
4400	3	-1	8	0	0:00:00.929145
4420	5	8	8	0	0:00:00.927561
4440	2	6	6	0	0:00:00.936217
4460	9	-1	8	0	0:00:00.908510
4480	9	9	6	1	0:00:00.908518
4500	3	7	7	0	0:00:00.923078
4520	3	6	6	0	0:00:00.927897
4540	9	9	9	1	0:00:00.934046
4560	1	1	1	1	0:00:00.895462
4580	6	6	6	1	0:00:00.920101
4600	4	7	7	0	0:00:00.925597
4620	7	3	3	0	0:00:00.966276
4640	2	5	5	0	0:00:00.950244
4660	7	6	2	0	0:00:00.942462
4680	9	1	1	0	0:00:00.916027
4700	6	1	1	0	0:00:00.908358
4720	8	0	0	0	0:00:00.938761
4740	5	6	6	0	0:00:00.947053
4760	3	2	2	0	0:00:00.890022
4780	0	-1	0	0	0:00:00.909763
4800	9	9	9	1	0:00:00.941408
4820	3	5	5	0	0:00:00.939134
4840	0	0	0	1	0:00:00.924396
4860	5	5	5	1	0:00:00.984397
4880	0	2	2	0	0:00:00.935875
4900	3	1	1	0	0:00:00.929800
4920	7	-1	0	0	0:00:00.914982
4940	6	6	2	1	0:00:00.918583
4960	4	6	6	0	0:00:00.932496
4980	1	9	9	0	0:00:00.948138
5000	7	7	7	1	0:00:00.900038
5020	8	8	8	1	0:00:00.914797
5040	3	4	4	0	0:00:00.913316
5060	6	6	6	1	0:00:00.925434
5080	7	7	7	1	0:00:00.960461
5100	3	4	4	0	0:00:00.963192
5120	9	8	8	0	0:00:00.945966
5140	8	8	8	1	0:00:00.943177
5160	0	8	8	0	0:00:00.920554
5180	9	6	6	0	0:00:00.950726
5200	3	3	3	1	0:00:00.941664
5220	0	0	0	1	0:00:00.950903
5240	1	9	3	0	0:00:00.917315
5260	0	0	0	1	0:00:00.943253
5280	0	8	8	0	0:00:00.933541
5300	9	1	1	0	0:00:00.931171
5320	7	7	7	1	0:00:00.962014
5340	3	-1	2	0	0:00:00.973255
5360	9	9	9	1	0:00:00.926770
5380	1	9	9	0	0:00:00.937873
5400	9	0	0	0	0:00:00.932890
5420	6	6	6	1	0:00:00.940791
5440	9	9	9	1	0:00:00.932227
5460	0	0	2	1	0:00:00.948852
5480	1	-1	8	0	0:00:00.939429
5500	8	1	8	0	0:00:00.930489
5520	4	5	5	0	0:00:00.939734
5540	5	6	6	0	0:00:00.941296
5560	3	6	6	0	0:00:00.996946
5580	5	6	6	0	0:00:00.933540
5600	6	8	8	0	0:00:00.934902
5620	3	4	4	0	0:00:00.929559
5640	2	3	3	0	0:00:00.948871
5660	9	-1	8	0	0:00:00.913928
5680	2	1	8	0	0:00:00.941699
5700	3	6	6	0	0:00:00.931683
5720	9	9	9	1	0:00:00.926149
5740	6	6	6	1	0:00:00.941274
5760	2	-1	8	0	0:00:00.914343
5780	7	7	7	1	0:00:00.950412
5800	2	6	6	0	0:00:00.910316
5820	5	6	6	0	0:00:00.897988
5840	2	6	6	0	0:00:00.901363
5860	0	8	8	0	0:00:00.859737
5880	0	8	0	0	0:00:00.859057
5900	4	5	4	0	0:00:00.858079
5920	8	8	8	1	0:00:00.869320
5940	7	4	4	0	0:00:00.887459
5960	2	-1	7	0	0:00:00.865016
5980	9	9	9	1	0:00:00.879604
6000	8	9	8	0	0:00:00.871044
6020	6	6	6	1	0:00:00.873661
6040	2	7	7	0	0:00:00.938432
6060	3	4	4	0	0:00:00.877171
6080	1	1	1	1	0:00:00.870247
6100	1	1	8	1	0:00:00.865594
6120	5	5	5	1	0:00:00.884054
6140	9	9	9	1	0:00:00.877925
6160	2	5	5	0	0:00:00.873609
6180	0	8	8	0	0:00:00.862499
6200	3	-1	3	0	0:00:00.874031
6220	2	6	6	0	0:00:00.885613
6240	2	1	6	0	0:00:00.890351
6260	2	9	9	0	0:00:00.893010
6280	8	5	5	0	0:00:00.920379
6300	1	-1	4	0	0:00:00.961059
6320	0	0	0	1	0:00:00.951778
6340	3	3	3	1	0:00:00.925005
6360	2	-1	2	0	0:00:00.927402
6380	3	1	6	0	0:00:00.954914
6400	0	1	1	0	0:00:00.958807
6420	7	-1	7	0	0:00:00.927853
6440	3	8	8	0	0:00:00.930041
6460	3	1	1	0	0:00:00.947544
6480	0	0	0	1	0:00:00.896120
6500	7	0	0	0	0:00:00.914918
6520	6	-1	4	0	0:00:00.944487
6540	8	8	8	1	0:00:00.922834
6560	6	6	6	1	0:00:00.917111
6580	1	8	8	0	0:00:00.917649
6600	7	7	7	1	0:00:00.905873
6620	7	7	7	1	0:00:00.870714
6640	5	3	3	0	0:00:00.873092
6660	0	0	8	1	0:00:00.872312
6680	3	3	3	1	0:00:00.897688
6700	6	6	6	1	0:00:00.886490
6720	2	-1	2	0	0:00:00.887415
6740	2	6	6	0	0:00:00.942828
6760	5	-1	2	0	0:00:00.984951
6780	7	7	7	1	0:00:00.954645
6800	6	6	6	1	0:00:00.929026
6820	1	1	1	1	0:00:00.939572
6840	9	1	1	0	0:00:00.939503
6860	0	0	0	1	0:00:00.931666
6880	2	7	7	0	0:00:00.948818
6900	3	7	7	0	0:00:00.952796
6920	5	2	2	0	0:00:00.938337
6940	1	1	1	1	0:00:00.940693
6960	9	8	8	0	0:00:00.946598
6980	0	9	9	0	0:00:00.928851
7000	2	8	8	0	0:00:00.943189
7020	7	7	7	1	0:00:00.883088
7040	7	8	8	0	0:00:00.890886
7060	8	-1	8	0	0:00:00.889101
7080	5	4	4	0	0:00:00.884750
7100	9	3	3	0	0:00:00.886543
7120	7	7	7	1	0:00:00.923406
7140	4	4	4	1	0:00:00.916713
7160	5	4	4	0	0:00:00.897691
7180	6	6	6	1	0:00:00.912784
7200	4	6	6	0	0:00:00.903075
7220	9	8	8	0	0:00:00.909598
7240	0	8	8	0	0:00:00.965675
7260	1	8	8	0	0:00:00.895450
7280	1	1	6	1	0:00:00.878111
7300	3	0	0	0	0:00:00.928107
7320	8	0	0	0	0:00:00.903178
7340	2	4	4	0	0:00:00.920067
7360	2	-1	5	0	0:00:00.923846
7380	7	7	7	1	0:00:00.942497
7400	3	9	9	0	0:00:00.932988
7420	3	0	0	0	0:00:00.936013
7440	3	6	6	0	0:00:00.930714
7460	5	5	5	1	0:00:00.930666
7480	1	5	5	0	0:00:00.978483
7500	6	6	6	1	0:00:00.947219
7520	4	6	6	0	0:00:00.934341
7540	5	5	5	1	0:00:00.928458
7560	0	6	2	0	0:00:00.927137
7580	8	8	8	1	0:00:00.929857
7600	8	9	9	0	0:00:00.937675
7620	5	3	3	0	0:00:00.932899
7640	9	-1	8	0	0:00:00.929328
7660	7	1	1	0	0:00:00.934880
7680	3	9	9	0	0:00:00.943825
7700	6	6	6	1	0:00:00.958973
7720	5	-1	6	0	0:00:00.954547
7740	4	6	2	0	0:00:00.925148
7760	2	9	9	0	0:00:00.937318
7780	3	1	1	0	0:00:00.943008
7800	0	0	0	1	0:00:00.930331
7820	5	8	8	0	0:00:00.925967
7840	1	1	1	1	0:00:00.929684
7860	8	-1	4	0	0:00:00.932039
7880	0	-1	2	0	0:00:00.878118
7900	0	8	8	0	0:00:00.897531
7920	9	8	8	0	0:00:00.916270
7940	2	6	6	0	0:00:00.957566
7960	0	0	0	1	0:00:00.938450
7980	3	7	4	0	0:00:00.907115
8000	9	9	8	1	0:00:00.914552
8020	6	6	6	1	0:00:00.911816
8040	2	6	6	0	0:00:00.918895
8060	6	6	6	1	0:00:00.918942
8080	4	6	6	0	0:00:00.915918
8100	6	2	2	0	0:00:00.914763
8120	8	9	8	0	0:00:00.915784
8140	5	6	6	0	0:00:00.917767
8160	6	-1	6	0	0:00:00.946008
8180	4	6	6	0	0:00:00.929198
8200	3	6	6	0	0:00:00.895655
8220	6	6	6	1	0:00:00.949893
8240	7	7	7	1	0:00:00.918505
8260	1	1	1	1	0:00:00.903524
8280	4	5	5	0	0:00:00.901555
8300	5	2	2	0	0:00:00.908411
8320	7	4	4	0	0:00:00.919137
8340	5	5	5	1	0:00:00.932039
8360	7	7	4	1	0:00:00.921994
8380	9	8	8	0	0:00:00.923896
8400	0	8	8	0	0:00:00.922461
8420	3	6	4	0	0:00:00.954072
8440	5	9	4	0	0:00:00.918932
8460	8	8	8	1	0:00:00.933463
8480	2	1	8	0	0:00:00.913359
8500	4	2	2	0	0:00:00.866762
8520	8	6	6	0	0:00:00.876906
8540	4	6	4	0	0:00:00.870783
8560	7	7	7	1	0:00:00.879769
8580	3	1	1	0	0:00:00.886858
8600	3	7	7	0	0:00:00.887212
8620	3	-1	4	0	0:00:00.892009
8640	1	1	1	1	0:00:00.858712
8660	7	5	5	0	0:00:00.879775
8680	3	9	0	0	0:00:00.941102
8700	3	5	5	0	0:00:00.906608
8720	2	0	0	0	0:00:00.901768
8740	2	6	6	0	0:00:00.924715
8760	8	8	8	1	0:00:00.925884
8780	4	4	4	1	0:00:00.919515
8800	0	0	0	1	0:00:00.937521
8820	2	2	2	1	0:00:00.936146
8840	2	1	1	0	0:00:00.951388
8860	2	-1	2	0	0:00:00.925394
8880	1	1	6	1	0:00:00.941574
8900	2	6	4	0	0:00:00.976544
8920	6	6	6	1	0:00:00.934291
8940	6	3	3	0	0:00:00.920683
8960	0	0	0	1	0:00:00.933636
8980	9	9	9	1	0:00:00.937445
9000	8	8	8	1	0:00:00.933249
9020	7	7	7	1	0:00:00.934286
9040	2	5	5	0	0:00:00.934963
9060	9	5	5	0	0:00:00.945297
9080	3	0	0	0	0:00:00.942442
9100	9	6	6	0	0:00:00.917521
9120	3	0	0	0	0:00:00.939505
9140	7	8	8	0	0:00:00.972037
9160	5	5	5	1	0:00:00.947619
9180	5	5	5	1	0:00:00.929495
9200	8	8	8	1	0:00:00.933182
9220	8	8	8	1	0:00:00.918724
9240	8	8	8	1	0:00:00.940534
9260	5	5	5	1	0:00:00.949246
9280	9	0	8	0	0:00:00.945613
9300	5	-1	2	0	0:00:00.936065
9320	9	9	8	1	0:00:00.942179
9340	1	1	1	1	0:00:00.940627
9360	5	0	6	0	0:00:00.967659
9380	5	9	9	0	0:00:00.961619
9400	6	6	6	1	0:00:00.938510
9420	5	6	6	0	0:00:00.939634
9440	8	8	8	1	0:00:00.930889
9460	3	6	6	0	0:00:00.932264
9480	2	-1	4	0	0:00:00.940421
9500	9	1	6	0	0:00:00.948706
9520	1	1	1	1	0:00:00.946907
9540	5	5	5	1	0:00:00.935601
9560	9	7	7	0	0:00:00.939728
9580	1	4	4	0	0:00:00.929414
9600	8	8	8	1	0:00:00.967139
9620	4	7	7	0	0:00:00.958815
9640	5	0	0	0	0:00:00.942129
9660	6	6	6	1	0:00:00.933792
9680	8	-1	8	0	0:00:00.942464
9700	0	0	0	1	0:00:00.941099
9720	8	6	6	0	0:00:00.940082
9740	3	6	6	0	0:00:00.921664
9760	9	-1	7	0	0:00:00.957899
9780	4	6	6	0	0:00:00.951647
9800	1	1	1	1	0:00:00.936605
9820	0	8	8	0	0:00:00.935027
9840	4	7	7	0	0:00:00.968169
9860	0	2	2	0	0:00:00.944099
9880	7	4	4	0	0:00:00.937449
9900	8	0	0	0	0:00:00.945315
9920	6	6	6	1	0:00:00.940509
9940	4	5	5	0	0:00:00.944891
9960	2	0	0	0	0:00:00.939232
9980	0	0	0	1	0:00:00.934934
