idx	label	predict	basePredict	correct	time
0	3	-1	2	0	0:00:01.140734
20	7	1	1	0	0:00:01.059316
40	4	8	8	0	0:00:01.052306
60	7	-1	2	0	0:00:01.049097
80	8	-1	8	0	0:00:01.043492
100	4	-1	3	0	0:00:01.044569
120	8	-1	0	0	0:00:01.048134
140	6	2	2	0	0:00:01.046628
160	2	0	0	0	0:00:01.072618
180	0	8	8	0	0:00:01.072967
200	5	-1	3	0	0:00:01.057396
220	7	7	4	1	0:00:01.052195
240	1	1	8	1	0:00:01.057060
260	8	-1	6	0	0:00:01.055571
280	9	9	8	1	0:00:01.063904
300	6	-1	4	0	0:00:01.044931
320	3	-1	4	0	0:00:01.063882
340	2	4	4	0	0:00:01.027432
360	9	-1	4	0	0:00:01.008173
380	6	-1	4	0	0:00:01.052832
400	9	9	8	1	0:00:01.061332
420	4	6	6	0	0:00:01.017066
440	1	-1	4	0	0:00:01.025228
460	5	-1	4	0	0:00:00.997597
480	8	9	9	0	0:00:00.997785
500	4	-1	6	0	0:00:01.010533
520	5	7	7	0	0:00:01.000240
540	1	8	8	0	0:00:01.027676
560	0	-1	8	0	0:00:01.051476
580	4	-1	4	0	0:00:01.066953
600	8	-1	4	0	0:00:01.029206
620	7	-1	2	0	0:00:01.036698
640	5	3	3	0	0:00:01.045185
660	9	9	8	1	0:00:01.038686
680	9	-1	4	0	0:00:01.068018
700	7	-1	4	0	0:00:01.062485
720	4	-1	7	0	0:00:01.047893
740	2	5	3	0	0:00:01.046091
760	3	-1	4	0	0:00:01.036076
780	9	0	0	0	0:00:01.033170
800	7	7	7	1	0:00:01.062810
820	6	1	8	0	0:00:01.036941
840	7	7	7	1	0:00:01.030484
860	4	-1	4	0	0:00:01.021145
880	8	8	8	1	0:00:01.022479
900	2	4	4	0	0:00:01.016389
920	6	2	2	0	0:00:01.030282
940	9	9	6	1	0:00:01.026503
960	9	9	2	1	0:00:01.022283
980	2	6	6	0	0:00:01.068509
1000	5	5	8	1	0:00:00.961023
1020	1	-1	8	0	0:00:00.945466
1040	7	5	5	0	0:00:00.945966
1060	9	9	8	1	0:00:00.952080
1080	6	-1	3	0	0:00:00.945602
1100	7	8	8	0	0:00:00.942034
1120	5	2	2	0	0:00:00.949125
1140	6	4	4	0	0:00:00.955230
1160	8	0	0	0	0:00:00.961916
1180	3	-1	8	0	0:00:00.941821
1200	8	0	0	0	0:00:00.958150
1220	9	-1	2	0	0:00:00.943389
1240	2	6	6	0	0:00:00.884509
1260	1	9	9	0	0:00:00.871532
1280	3	7	7	0	0:00:00.864287
1300	4	3	3	0	0:00:00.866564
1320	7	2	2	0	0:00:00.863487
1340	1	-1	8	0	0:00:00.885130
1360	7	-1	4	0	0:00:00.880981
1380	4	5	5	0	0:00:00.926608
1400	5	-1	2	0	0:00:00.923210
1420	4	7	7	0	0:00:00.935793
1440	0	8	8	0	0:00:00.927331
1460	6	-1	4	0	0:00:00.916996
1480	1	-1	5	0	0:00:00.909611
1500	1	-1	8	0	0:00:00.911757
1520	7	-1	2	0	0:00:00.894087
1540	8	-1	2	0	0:00:00.902117
1560	7	7	7	1	0:00:00.939352
1580	6	1	1	0	0:00:00.946591
1600	8	-1	6	0	0:00:00.963968
1620	5	8	8	0	0:00:00.953768
1640	7	5	3	0	0:00:00.944127
1660	3	-1	4	0	0:00:00.953420
1680	6	6	6	1	0:00:00.933862
1700	5	2	2	0	0:00:00.889448
1720	4	2	2	0	0:00:00.888727
1740	1	9	9	0	0:00:00.882120
1760	0	8	8	0	0:00:00.891913
1780	7	-1	8	0	0:00:00.882467
1800	4	8	8	0	0:00:00.893304
1820	8	9	9	0	0:00:00.891934
1840	8	-1	4	0	0:00:00.886368
1860	8	-1	8	0	0:00:00.877389
1880	1	-1	8	0	0:00:00.892466
1900	8	8	8	1	0:00:00.883049
1920	2	-1	2	0	0:00:00.920089
1940	5	-1	3	0	0:00:00.913312
1960	2	5	5	0	0:00:00.914783
1980	9	9	2	1	0:00:00.902368
2000	1	6	4	0	0:00:00.910450
2020	9	9	1	1	0:00:00.917145
2040	0	8	8	0	0:00:00.939692
2060	5	-1	3	0	0:00:00.945348
2080	1	6	4	0	0:00:00.930547
2100	2	4	4	0	0:00:00.942659
2120	4	8	8	0	0:00:00.917789
2140	9	-1	1	0	0:00:00.942940
2160	0	8	8	0	0:00:00.944192
2180	4	-1	0	0	0:00:00.945839
2200	0	2	2	0	0:00:00.914925
2220	1	1	4	1	0:00:00.916469
2240	9	-1	8	0	0:00:00.932923
2260	4	7	2	0	0:00:00.950907
2280	4	8	8	0	0:00:00.948818
2300	3	-1	4	0	0:00:00.963060
2320	5	-1	8	0	0:00:00.946018
2340	7	7	0	1	0:00:00.908247
2360	7	5	3	0	0:00:00.972779
2380	8	0	0	0	0:00:00.924196
2400	0	-1	4	0	0:00:00.903687
2420	8	-1	5	0	0:00:00.921111
2440	7	-1	8	0	0:00:00.898190
2460	9	3	2	0	0:00:00.906533
2480	8	8	8	1	0:00:00.942512
2500	4	2	2	0	0:00:00.946596
2520	1	-1	8	0	0:00:00.934886
2540	2	3	3	0	0:00:00.917439
2560	7	-1	2	0	0:00:00.922656
2580	6	-1	4	0	0:00:00.930848
2600	8	8	8	1	0:00:00.947499
2620	1	4	4	0	0:00:00.921005
2640	7	-1	6	0	0:00:00.914365
2660	3	2	2	0	0:00:00.942602
2680	0	0	8	1	0:00:00.943038
2700	9	0	0	0	0:00:00.953823
2720	3	2	2	0	0:00:00.927638
2740	1	1	4	1	0:00:00.922856
2760	2	4	4	0	0:00:00.908054
2780	7	7	6	1	0:00:00.910247
2800	4	6	6	0	0:00:00.921808
2820	6	6	4	1	0:00:00.949154
2840	3	3	3	1	0:00:00.934808
2860	5	6	4	0	0:00:00.923074
2880	4	4	4	1	0:00:00.936706
2900	3	2	2	0	0:00:00.930332
2920	2	5	8	0	0:00:00.949319
2940	3	0	0	0	0:00:00.910954
2960	9	-1	8	0	0:00:00.923230
2980	8	-1	5	0	0:00:00.933949
3000	5	5	5	1	0:00:00.938353
3020	1	-1	8	0	0:00:00.947565
3040	7	7	7	1	0:00:00.941476
3060	7	-1	4	0	0:00:00.917113
3080	1	-1	2	0	0:00:00.914687
3100	0	0	8	1	0:00:00.945400
3120	4	6	2	0	0:00:00.922210
3140	8	-1	8	0	0:00:00.923398
3160	6	4	4	0	0:00:00.936833
3180	3	-1	8	0	0:00:00.906057
3200	5	7	7	0	0:00:00.940979
3220	3	9	9	0	0:00:00.937070
3240	4	8	8	0	0:00:00.928378
3260	7	0	2	0	0:00:00.945071
3280	3	0	0	0	0:00:00.938926
3300	4	-1	4	0	0:00:00.940891
3320	2	7	8	0	0:00:00.938885
3340	6	4	4	0	0:00:00.955036
3360	4	6	6	0	0:00:00.922097
3380	8	-1	8	0	0:00:00.930135
3400	6	4	4	0	0:00:00.929173
3420	5	-1	4	0	0:00:00.950136
3440	2	9	3	0	0:00:00.928464
3460	1	1	4	1	0:00:00.917911
3480	2	2	2	1	0:00:00.911130
3500	1	-1	4	0	0:00:00.937852
3520	1	1	8	1	0:00:00.940000
3540	6	-1	4	0	0:00:00.934620
3560	1	7	7	0	0:00:00.918021
3580	4	1	8	0	0:00:00.938647
3600	4	2	2	0	0:00:00.935109
3620	0	6	6	0	0:00:00.943905
3640	6	2	2	0	0:00:00.978544
3660	0	8	8	0	0:00:00.931086
3680	0	2	2	0	0:00:00.934309
3700	3	-1	4	0	0:00:00.954562
3720	2	2	2	1	0:00:00.941675
3740	0	-1	8	0	0:00:00.918542
3760	7	7	7	1	0:00:00.908297
3780	4	2	2	0	0:00:00.925954
3800	9	-1	4	0	0:00:00.926347
3820	0	2	2	0	0:00:00.929296
3840	6	-1	8	0	0:00:00.928530
3860	7	7	7	1	0:00:00.917685
3880	6	4	4	0	0:00:00.951032
3900	3	1	1	0	0:00:00.925193
3920	7	8	8	0	0:00:00.938601
3940	6	-1	4	0	0:00:00.923978
3960	2	5	5	0	0:00:00.938430
3980	9	7	7	0	0:00:01.011753
4000	8	7	4	0	0:00:00.924826
4020	8	1	1	0	0:00:00.924040
4040	0	-1	8	0	0:00:00.932706
4060	6	3	3	0	0:00:00.928524
4080	1	8	8	0	0:00:00.940175
4100	7	7	7	1	0:00:00.941280
4120	4	0	0	0	0:00:00.906714
4140	5	3	3	0	0:00:00.918343
4160	5	2	2	0	0:00:00.929809
4180	0	8	8	0	0:00:00.955736
4200	4	2	2	0	0:00:00.921520
4220	4	0	0	0	0:00:00.923196
4240	7	0	0	0	0:00:00.914687
4260	8	1	1	0	0:00:00.934528
4280	8	0	0	0	0:00:00.912319
4300	8	8	8	1	0:00:00.922438
4320	1	8	8	0	0:00:00.922260
4340	0	8	8	0	0:00:00.927559
4360	6	9	9	0	0:00:00.933049
4380	9	-1	8	0	0:00:00.908557
4400	3	4	4	0	0:00:00.940362
4420	5	8	8	0	0:00:00.935671
4440	2	6	4	0	0:00:00.912034
4460	9	8	8	0	0:00:00.907787
4480	9	6	6	0	0:00:00.899065
4500	3	-1	4	0	0:00:00.923159
4520	3	6	6	0	0:00:00.923365
4540	9	9	1	1	0:00:00.907750
4560	1	-1	4	0	0:00:00.926043
4580	6	4	4	0	0:00:00.920621
4600	4	7	7	0	0:00:00.912042
4620	7	3	3	0	0:00:00.935160
4640	2	4	4	0	0:00:00.948647
4660	7	-1	2	0	0:00:00.912369
4680	9	1	1	0	0:00:00.893676
4700	6	-1	4	0	0:00:00.910190
4720	8	0	0	0	0:00:00.929107
4740	5	-1	4	0	0:00:00.938762
4760	3	-1	4	0	0:00:00.938160
4780	0	-1	8	0	0:00:00.937628
4800	9	9	9	1	0:00:00.928360
4820	3	5	5	0	0:00:00.928218
4840	0	0	0	1	0:00:00.910275
4860	5	-1	8	0	0:00:00.954732
4880	0	2	2	0	0:00:00.932752
4900	3	6	6	0	0:00:00.945560
4920	7	-1	2	0	0:00:00.938143
4940	6	4	4	0	0:00:00.951347
4960	4	3	3	0	0:00:00.936926
4980	1	9	8	0	0:00:00.927898
5000	7	7	7	1	0:00:00.947387
5020	8	1	1	0	0:00:00.934521
5040	3	-1	4	0	0:00:00.919307
5060	6	-1	4	0	0:00:00.937765
5080	7	7	7	1	0:00:00.949776
5100	3	-1	4	0	0:00:00.933644
5120	9	8	8	0	0:00:00.926831
5140	8	0	8	0	0:00:00.936083
5160	0	8	8	0	0:00:00.941871
5180	9	-1	4	0	0:00:00.948206
5200	3	3	3	1	0:00:00.943252
5220	0	-1	8	0	0:00:00.932188
5240	1	-1	2	0	0:00:00.947870
5260	0	0	0	1	0:00:00.930128
5280	0	8	8	0	0:00:00.947253
5300	9	9	5	1	0:00:00.963657
5320	7	-1	3	0	0:00:00.928037
5340	3	4	4	0	0:00:00.944796
5360	9	9	6	1	0:00:00.934008
5380	1	9	9	0	0:00:00.958839
5400	9	-1	2	0	0:00:00.954705
5420	6	-1	3	0	0:00:00.938147
5440	9	9	8	1	0:00:00.933962
5460	0	7	7	0	0:00:00.924178
5480	1	-1	8	0	0:00:00.928866
5500	8	1	0	0	0:00:00.933643
5520	4	-1	3	0	0:00:00.945438
5540	5	-1	2	0	0:00:00.940564
5560	3	6	4	0	0:00:00.938697
5580	5	6	6	0	0:00:00.943286
5600	6	-1	0	0	0:00:00.932533
5620	3	2	2	0	0:00:00.934315
5640	2	5	3	0	0:00:00.937825
5660	9	-1	8	0	0:00:00.928131
5680	2	8	8	0	0:00:00.927085
5700	3	-1	2	0	0:00:00.920764
5720	9	-1	7	0	0:00:00.931317
5740	6	4	4	0	0:00:00.936747
5760	2	0	8	0	0:00:00.959382
5780	7	7	4	1	0:00:00.933591
5800	2	-1	4	0	0:00:00.943503
5820	5	6	6	0	0:00:00.940644
5840	2	5	5	0	0:00:00.935131
5860	0	8	8	0	0:00:00.942024
5880	0	8	8	0	0:00:00.934408
5900	4	-1	0	0	0:00:00.939893
5920	8	8	6	1	0:00:00.947434
5940	7	4	4	0	0:00:00.935784
5960	2	-1	4	0	0:00:00.934751
5980	9	9	6	1	0:00:00.956208
6000	8	9	8	0	0:00:00.933420
6020	6	-1	6	0	0:00:00.948208
6040	2	7	7	0	0:00:00.944926
6060	3	4	4	0	0:00:00.946105
6080	1	-1	2	0	0:00:00.928031
6100	1	-1	4	0	0:00:00.938127
6120	5	3	3	0	0:00:00.948237
6140	9	-1	7	0	0:00:00.939997
6160	2	5	5	0	0:00:00.933274
6180	0	8	8	0	0:00:00.932648
6200	3	0	0	0	0:00:00.964095
6220	2	5	5	0	0:00:00.949790
6240	2	-1	4	0	0:00:00.944036
6260	2	9	8	0	0:00:00.924413
6280	8	-1	4	0	0:00:00.936981
6300	1	-1	4	0	0:00:00.928677
6320	0	0	0	1	0:00:00.925330
6340	3	-1	2	0	0:00:00.921739
6360	2	6	6	0	0:00:00.937649
6380	3	6	6	0	0:00:00.926504
6400	0	-1	4	0	0:00:00.919481
6420	7	-1	8	0	0:00:00.954239
6440	3	-1	8	0	0:00:00.937355
6460	3	-1	4	0	0:00:00.924770
6480	0	2	2	0	0:00:00.943388
6500	7	-1	8	0	0:00:00.931967
6520	6	4	4	0	0:00:00.928725
6540	8	8	8	1	0:00:00.930010
6560	6	-1	4	0	0:00:00.946610
6580	1	-1	2	0	0:00:00.943585
6600	7	7	7	1	0:00:00.929971
6620	7	-1	3	0	0:00:00.935320
6640	5	8	8	0	0:00:00.938838
6660	0	-1	8	0	0:00:00.956243
6680	3	5	5	0	0:00:00.934973
6700	6	-1	4	0	0:00:00.941339
6720	2	4	4	0	0:00:00.933495
6740	2	4	4	0	0:00:00.936288
6760	5	-1	2	0	0:00:00.927649
6780	7	7	4	1	0:00:00.943022
6800	6	-1	4	0	0:00:00.927081
6820	1	1	8	1	0:00:00.918082
6840	9	9	6	1	0:00:00.934341
6860	0	2	2	0	0:00:00.921818
6880	2	-1	6	0	0:00:00.955296
6900	3	-1	4	0	0:00:00.926255
6920	5	2	2	0	0:00:00.933202
6940	1	1	4	1	0:00:00.908880
6960	9	8	8	0	0:00:00.919755
6980	0	-1	1	0	0:00:00.923764
7000	2	8	8	0	0:00:00.915433
7020	7	1	8	0	0:00:00.919146
7040	7	8	8	0	0:00:00.912856
7060	8	0	0	0	0:00:00.916193
7080	5	4	4	0	0:00:00.922187
7100	9	3	3	0	0:00:00.941393
7120	7	-1	6	0	0:00:00.931513
7140	4	-1	3	0	0:00:00.941150
7160	5	4	4	0	0:00:00.938040
7180	6	6	3	1	0:00:00.922471
7200	4	6	6	0	0:00:00.929344
7220	9	-1	8	0	0:00:00.912805
7240	0	8	8	0	0:00:00.912942
7260	1	8	8	0	0:00:00.922722
7280	1	6	4	0	0:00:00.917044
7300	3	-1	4	0	0:00:00.920766
7320	8	0	0	0	0:00:00.953394
7340	2	4	4	0	0:00:00.933487
7360	2	-1	4	0	0:00:00.938933
7380	7	-1	5	0	0:00:00.933519
7400	3	-1	5	0	0:00:00.930174
7420	3	0	0	0	0:00:00.936321
7440	3	-1	2	0	0:00:00.912267
7460	5	5	5	1	0:00:00.926431
7480	1	-1	5	0	0:00:00.943910
7500	6	6	6	1	0:00:00.938113
7520	4	-1	2	0	0:00:00.934874
7540	5	5	5	1	0:00:00.919540
7560	0	-1	2	0	0:00:00.944020
7580	8	-1	8	0	0:00:00.932504
7600	8	9	2	0	0:00:00.927024
7620	5	-1	9	0	0:00:00.921885
7640	9	-1	6	0	0:00:00.928460
7660	7	-1	4	0	0:00:00.915904
7680	3	9	3	0	0:00:00.921966
7700	6	6	4	1	0:00:00.924927
7720	5	-1	4	0	0:00:00.930440
7740	4	-1	2	0	0:00:00.931720
7760	2	9	8	0	0:00:00.920634
7780	3	-1	8	0	0:00:00.951647
7800	0	-1	8	0	0:00:00.921449
7820	5	8	8	0	0:00:00.925967
7840	1	1	1	1	0:00:00.928944
7860	8	-1	4	0	0:00:00.934430
7880	0	-1	2	0	0:00:00.934291
7900	0	4	2	0	0:00:00.927860
7920	9	8	8	0	0:00:00.925130
7940	2	-1	4	0	0:00:00.922315
7960	0	-1	3	0	0:00:00.928707
7980	3	-1	4	0	0:00:00.919709
8000	9	-1	0	0	0:00:00.938747
8020	6	3	3	0	0:00:00.932942
8040	2	-1	4	0	0:00:00.927844
8060	6	-1	4	0	0:00:00.925627
8080	4	6	6	0	0:00:00.930498
8100	6	2	2	0	0:00:00.922706
8120	8	9	9	0	0:00:00.932633
8140	5	4	4	0	0:00:00.925437
8160	6	9	6	0	0:00:00.909464
8180	4	4	2	1	0:00:00.918653
8200	3	-1	2	0	0:00:00.920480
8220	6	-1	2	0	0:00:00.914917
8240	7	7	4	1	0:00:00.955837
8260	1	3	3	0	0:00:00.889249
8280	4	-1	3	0	0:00:00.903261
8300	5	2	2	0	0:00:00.905624
8320	7	-1	4	0	0:00:00.906368
8340	5	-1	4	0	0:00:00.909752
8360	7	-1	4	0	0:00:00.910739
8380	9	8	8	0	0:00:00.944216
8400	0	8	8	0	0:00:00.941012
8420	3	-1	4	0	0:00:00.923762
8440	5	-1	4	0	0:00:00.936835
8460	8	-1	8	0	0:00:00.943707
8480	2	8	8	0	0:00:00.911328
8500	4	2	2	0	0:00:00.928230
8520	8	-1	4	0	0:00:00.947446
8540	4	2	2	0	0:00:00.939208
8560	7	-1	4	0	0:00:00.955009
8580	3	-1	2	0	0:00:00.953916
8600	3	-1	4	0	0:00:00.945448
8620	3	-1	4	0	0:00:00.955254
8640	1	1	0	1	0:00:00.940533
8660	7	-1	5	0	0:00:00.947703
8680	3	-1	8	0	0:00:00.936640
8700	3	3	2	1	0:00:00.946034
8720	2	0	8	0	0:00:00.957963
8740	2	4	4	0	0:00:00.954061
8760	8	-1	5	0	0:00:00.959498
8780	4	-1	2	0	0:00:00.958770
8800	0	0	0	1	0:00:00.970563
8820	2	3	3	0	0:00:00.925293
8840	2	-1	7	0	0:00:00.956301
8860	2	-1	8	0	0:00:00.936877
8880	1	-1	2	0	0:00:00.947984
8900	2	-1	4	0	0:00:00.977004
8920	6	6	4	1	0:00:00.945581
8940	6	3	3	0	0:00:00.942348
8960	0	0	0	1	0:00:00.953304
8980	9	-1	8	0	0:00:00.942002
9000	8	8	8	1	0:00:00.929135
9020	7	9	8	0	0:00:00.952884
9040	2	5	5	0	0:00:00.940863
9060	9	5	5	0	0:00:00.917606
9080	3	0	0	0	0:00:00.952084
9100	9	6	6	0	0:00:00.935833
9120	3	0	0	0	0:00:00.965432
9140	7	-1	8	0	0:00:00.976807
9160	5	-1	4	0	0:00:00.945722
9180	5	5	5	1	0:00:00.927841
9200	8	8	8	1	0:00:00.953320
9220	8	8	8	1	0:00:00.924736
9240	8	-1	2	0	0:00:00.936005
9260	5	6	4	0	0:00:00.959613
9280	9	-1	8	0	0:00:00.950128
9300	5	-1	2	0	0:00:00.947827
9320	9	-1	8	0	0:00:00.948431
9340	1	1	1	1	0:00:00.959549
9360	5	-1	4	0	0:00:00.953621
9380	5	9	9	0	0:00:00.941532
9400	6	-1	2	0	0:00:00.948124
9420	5	6	6	0	0:00:00.950486
9440	8	8	8	1	0:00:00.939249
9460	3	-1	4	0	0:00:00.936421
9480	2	4	4	0	0:00:00.943468
9500	9	-1	4	0	0:00:00.947234
9520	1	-1	8	0	0:00:00.938484
9540	5	-1	4	0	0:00:00.953286
9560	9	7	7	0	0:00:01.006677
9580	1	4	4	0	0:00:00.944972
9600	8	-1	8	0	0:00:00.895250
9620	4	2	2	0	0:00:00.922053
9640	5	6	6	0	0:00:00.890730
9660	6	6	6	1	0:00:00.893544
9680	8	-1	8	0	0:00:00.908126
9700	0	-1	2	0	0:00:00.901072
9720	8	6	6	0	0:00:00.898684
9740	3	4	4	0	0:00:00.941726
9760	9	-1	4	0	0:00:00.959323
9780	4	6	6	0	0:00:00.896038
9800	1	1	1	1	0:00:00.952817
9820	0	8	8	0	0:00:00.897895
9840	4	-1	3	0	0:00:00.917628
9860	0	-1	2	0	0:00:00.920591
9880	7	-1	8	0	0:00:00.901129
9900	8	-1	6	0	0:00:00.917612
9920	6	4	2	0	0:00:00.899000
9940	4	-1	6	0	0:00:00.906448
9960	2	0	0	0	0:00:00.911088
9980	0	0	0	1	0:00:00.915070
