idx	label	predict	basePredict	correct	time
0	3	3	3	1	0:00:02.906059
20	7	9	9	0	0:00:02.814954
40	4	8	8	0	0:00:02.842465
60	7	7	7	1	0:00:02.800704
80	8	8	8	1	0:00:02.912773
100	4	5	5	0	0:00:02.835528
120	8	0	8	0	0:00:02.831114
140	6	-1	2	0	0:00:02.815395
160	2	0	2	0	0:00:02.818311
180	0	0	0	1	0:00:02.816716
200	5	7	5	0	0:00:02.821751
220	7	7	7	1	0:00:02.831206
240	1	1	1	1	0:00:02.806954
260	8	6	3	0	0:00:02.817093
280	9	9	9	1	0:00:02.873970
300	6	6	4	1	0:00:02.835197
320	3	3	2	1	0:00:02.800616
340	2	4	4	0	0:00:02.867184
360	9	7	5	0	0:00:02.798960
380	6	6	2	1	0:00:02.795405
400	9	9	9	1	0:00:02.811513
420	4	4	4	1	0:00:02.792488
440	1	9	9	0	0:00:02.888258
460	5	5	2	1	0:00:02.890900
480	8	9	9	0	0:00:02.796711
500	4	6	2	0	0:00:02.866186
520	5	7	7	0	0:00:02.812325
540	1	1	8	1	0:00:02.797379
560	0	0	0	1	0:00:02.805879
580	4	4	4	1	0:00:02.809482
600	8	8	8	1	0:00:02.807729
620	7	7	2	1	0:00:02.794379
640	5	3	3	0	0:00:02.805928
660	9	9	9	1	0:00:02.824912
680	9	7	7	0	0:00:02.806658
700	7	7	3	1	0:00:02.813684
720	4	9	4	0	0:00:02.879392
740	2	5	3	0	0:00:02.785026
760	3	4	3	0	0:00:02.806633
780	9	1	9	0	0:00:02.805088
800	7	7	7	1	0:00:02.795446
820	6	5	8	0	0:00:02.792529
840	7	7	7	1	0:00:02.798993
860	4	2	2	0	0:00:02.811213
880	8	8	8	1	0:00:02.804722
900	2	6	4	0	0:00:02.796292
920	6	6	3	1	0:00:02.829293
940	9	9	9	1	0:00:02.847450
960	9	9	9	1	0:00:02.802470
980	2	6	2	0	0:00:02.799506
1000	5	5	5	1	0:00:02.102612
1020	1	1	1	1	0:00:02.096971
1040	7	5	5	0	0:00:02.113693
1060	9	9	9	1	0:00:02.098011
1080	6	1	6	0	0:00:02.095622
1100	7	0	0	0	0:00:02.103158
1120	5	2	2	0	0:00:02.091393
1140	6	4	4	0	0:00:02.130975
1160	8	0	0	0	0:00:02.110219
1180	3	3	3	1	0:00:02.111765
1200	8	0	0	0	0:00:02.107239
1220	9	6	6	0	0:00:02.099446
1240	2	6	6	0	0:00:02.179498
1260	1	9	9	0	0:00:02.097153
1280	3	7	5	0	0:00:02.104352
1300	4	3	3	0	0:00:02.119835
1320	7	2	2	0	0:00:02.117470
1340	1	1	1	1	0:00:02.093485
1360	7	7	2	1	0:00:02.114156
1380	4	5	5	0	0:00:02.116051
1400	5	3	3	0	0:00:02.102871
1420	4	7	7	0	0:00:02.103842
1440	0	8	8	0	0:00:02.097482
1460	6	6	2	1	0:00:02.104025
1480	1	5	5	0	0:00:02.108898
1500	1	1	1	1	0:00:02.119052
1520	7	7	4	1	0:00:02.113380
1540	8	8	8	1	0:00:02.102949
1560	7	7	7	1	0:00:02.111989
1580	6	1	3	0	0:00:02.104959
1600	8	-1	6	0	0:00:02.103730
1620	5	8	8	0	0:00:02.101122
1640	7	3	3	0	0:00:02.109554
1660	3	5	5	0	0:00:02.093868
1680	6	6	3	1	0:00:02.101499
1700	5	2	2	0	0:00:02.139774
1720	4	3	2	0	0:00:02.092262
1740	1	9	9	0	0:00:02.120800
1760	0	8	8	0	0:00:02.129739
1780	7	7	2	1	0:00:02.119672
1800	4	0	8	0	0:00:02.095342
1820	8	9	8	0	0:00:02.111527
1840	8	-1	4	0	0:00:02.098683
1860	8	8	3	1	0:00:02.096971
1880	1	1	8	1	0:00:02.094690
1900	8	8	8	1	0:00:02.121003
1920	2	2	2	1	0:00:02.116178
1940	5	2	2	0	0:00:02.180100
1960	2	5	5	0	0:00:02.131756
1980	9	9	9	1	0:00:02.221066
2000	1	6	6	0	0:00:02.106724
2020	9	9	9	1	0:00:02.108416
2040	0	0	0	1	0:00:02.133937
2060	5	3	3	0	0:00:02.112162
2080	1	9	9	0	0:00:02.103960
2100	2	2	2	1	0:00:02.110089
2120	4	8	8	0	0:00:02.103766
2140	9	9	9	1	0:00:02.115900
2160	0	8	8	0	0:00:02.110595
2180	4	4	4	1	0:00:02.110764
2200	0	2	2	0	0:00:02.099472
2220	1	1	1	1	0:00:02.107183
2240	9	1	8	0	0:00:02.139274
2260	4	4	3	1	0:00:02.174359
2280	4	8	8	0	0:00:02.109152
2300	3	-1	2	0	0:00:02.114393
2320	5	2	2	0	0:00:02.120252
2340	7	7	7	1	0:00:02.115093
2360	7	5	5	0	0:00:02.091885
2380	8	8	8	1	0:00:02.149620
2400	0	0	0	1	0:00:02.094647
2420	8	5	5	0	0:00:02.108641
2440	7	7	0	1	0:00:02.128794
2460	9	7	7	0	0:00:02.177492
2480	8	8	8	1	0:00:02.124592
2500	4	6	4	0	0:00:02.095554
2520	1	1	7	1	0:00:02.148455
2540	2	5	5	0	0:00:02.094594
2560	7	4	4	0	0:00:02.146366
2580	6	5	5	0	0:00:02.110517
2600	8	8	8	1	0:00:02.100038
2620	1	1	8	1	0:00:02.094796
2640	7	7	4	1	0:00:02.108841
2660	3	5	2	0	0:00:02.108568
2680	0	0	0	1	0:00:02.098307
2700	9	1	1	0	0:00:02.127597
2720	3	3	3	1	0:00:02.204722
2740	1	1	7	1	0:00:02.097777
2760	2	2	2	1	0:00:02.112340
2780	7	7	7	1	0:00:02.115769
2800	4	6	6	0	0:00:02.142629
2820	6	6	2	1	0:00:02.106401
2840	3	3	3	1	0:00:02.100394
2860	5	7	6	0	0:00:02.121626
2880	4	4	4	1	0:00:02.174459
2900	3	5	5	0	0:00:02.208571
2920	2	3	3	0	0:00:02.143857
2940	3	0	0	0	0:00:02.098806
2960	9	9	9	1	0:00:02.113203
2980	8	1	8	0	0:00:02.102971
3000	5	5	5	1	0:00:02.103715
3020	1	1	8	1	0:00:02.102206
3040	7	7	7	1	0:00:02.106599
3060	7	7	7	1	0:00:02.098608
3080	1	1	0	1	0:00:02.111627
3100	0	0	0	1	0:00:02.099320
3120	4	6	2	0	0:00:02.093054
3140	8	8	8	1	0:00:02.091961
3160	6	2	2	0	0:00:02.102415
3180	3	9	3	0	0:00:02.115084
3200	5	7	7	0	0:00:02.104709
3220	3	9	3	0	0:00:02.102732
3240	4	1	8	0	0:00:02.117707
3260	7	7	7	1	0:00:02.115823
3280	3	5	5	0	0:00:02.123070
3300	4	-1	2	0	0:00:02.136773
3320	2	7	7	0	0:00:02.127335
3340	6	6	2	1	0:00:02.095999
3360	4	6	6	0	0:00:02.100576
3380	8	8	8	1	0:00:02.117413
3400	6	4	4	0	0:00:02.113674
3420	5	3	3	0	0:00:02.120126
3440	2	3	3	0	0:00:02.115605
3460	1	1	9	1	0:00:02.149433
3480	2	2	2	1	0:00:02.119598
3500	1	9	9	0	0:00:02.107276
3520	1	1	1	1	0:00:02.101994
3540	6	6	3	1	0:00:02.108217
3560	1	9	7	0	0:00:02.108393
3580	4	2	2	0	0:00:02.109510
3600	4	2	2	0	0:00:02.188568
3620	0	6	6	0	0:00:02.112795
3640	6	2	2	0	0:00:02.101807
3660	0	0	8	1	0:00:02.107337
3680	0	4	2	0	0:00:02.122116
3700	3	3	3	1	0:00:02.112319
3720	2	2	2	1	0:00:02.105096
3740	0	0	0	1	0:00:02.104801
3760	7	7	4	1	0:00:02.107191
3780	4	2	2	0	0:00:02.110925
3800	9	9	3	1	0:00:02.089753
3820	0	2	2	0	0:00:02.097785
3840	6	3	3	0	0:00:02.173345
3860	7	7	7	1	0:00:02.099631
3880	6	4	4	0	0:00:02.093616
3900	3	6	6	0	0:00:02.099402
3920	7	9	5	0	0:00:02.098572
3940	6	5	4	0	0:00:02.098905
3960	2	2	2	1	0:00:02.097176
3980	9	7	7	0	0:00:02.114620
4000	8	7	0	0	0:00:02.110430
4020	8	9	8	0	0:00:02.110320
4040	0	0	0	1	0:00:02.098883
4060	6	5	3	0	0:00:02.097848
4080	1	1	8	1	0:00:02.095620
4100	7	7	7	1	0:00:02.094108
4120	4	4	8	1	0:00:02.091426
4140	5	5	3	1	0:00:02.080495
4160	5	2	2	0	0:00:02.081452
4180	0	8	8	0	0:00:02.084339
4200	4	2	2	0	0:00:02.080637
4220	4	0	0	0	0:00:02.082439
4240	7	0	0	0	0:00:02.088301
4260	8	8	8	1	0:00:02.089669
4280	8	1	1	0	0:00:02.082937
4300	8	8	8	1	0:00:02.093853
4320	1	8	8	0	0:00:02.082008
4340	0	0	0	1	0:00:02.089080
4360	6	9	9	0	0:00:02.088805
4380	9	8	8	0	0:00:02.094185
4400	3	4	4	0	0:00:02.093805
4420	5	5	7	1	0:00:02.092288
4440	2	2	2	1	0:00:02.087052
4460	9	1	8	0	0:00:02.092174
4480	9	9	3	1	0:00:02.087700
4500	3	5	5	0	0:00:02.089293
4520	3	6	6	0	0:00:02.091425
4540	9	9	9	1	0:00:02.097463
4560	1	1	8	1	0:00:02.087068
4580	6	4	6	0	0:00:02.099133
4600	4	7	7	0	0:00:02.111521
4620	7	3	3	0	0:00:02.105977
4640	2	4	2	0	0:00:02.093390
4660	7	4	4	0	0:00:02.087269
4680	9	1	1	0	0:00:02.094158
4700	6	1	4	0	0:00:02.088776
4720	8	0	0	0	0:00:02.090800
4740	5	3	3	0	0:00:02.101738
4760	3	2	2	0	0:00:02.102114
4780	0	0	8	1	0:00:02.083122
4800	9	9	9	1	0:00:02.094510
4820	3	3	3	1	0:00:02.081751
4840	0	0	0	1	0:00:02.085955
4860	5	5	5	1	0:00:02.083010
4880	0	2	2	0	0:00:02.082192
4900	3	6	6	0	0:00:02.096405
4920	7	7	7	1	0:00:02.091764
4940	6	4	2	0	0:00:02.089614
4960	4	3	3	0	0:00:02.087044
4980	1	9	9	0	0:00:02.098834
5000	7	7	7	1	0:00:02.087929
5020	8	8	8	1	0:00:02.082939
5040	3	1	2	0	0:00:02.079327
5060	6	2	2	0	0:00:02.079309
5080	7	7	7	1	0:00:02.080915
5100	3	3	3	1	0:00:02.084419
5120	9	8	8	0	0:00:02.090344
5140	8	8	8	1	0:00:02.108058
5160	0	0	8	1	0:00:02.107369
5180	9	7	4	0	0:00:02.105696
5200	3	3	3	1	0:00:02.092958
5220	0	0	0	1	0:00:02.090202
5240	1	9	9	0	0:00:02.090932
5260	0	0	0	1	0:00:02.085041
5280	0	9	9	0	0:00:02.085803
5300	9	1	1	0	0:00:02.084815
5320	7	7	7	1	0:00:02.093772
5340	3	4	4	0	0:00:02.086123
5360	9	9	3	1	0:00:02.103106
5380	1	9	9	0	0:00:02.091918
5400	9	9	9	1	0:00:02.092971
5420	6	6	3	1	0:00:02.097095
5440	9	9	9	1	0:00:02.095167
5460	0	0	0	1	0:00:02.096105
5480	1	1	4	1	0:00:02.094124
5500	8	1	8	0	0:00:02.096325
5520	4	3	3	0	0:00:02.097272
5540	5	6	4	0	0:00:02.088563
5560	3	5	5	0	0:00:02.091781
5580	5	6	3	0	0:00:02.090973
5600	6	9	4	0	0:00:02.089057
5620	3	-1	6	0	0:00:02.090156
5640	2	2	2	1	0:00:02.088576
5660	9	8	8	0	0:00:02.096784
5680	2	3	3	0	0:00:02.085556
5700	3	5	5	0	0:00:02.086447
5720	9	9	9	1	0:00:02.110622
5740	6	4	6	0	0:00:02.099046
5760	2	0	0	0	0:00:02.102592
5780	7	7	7	1	0:00:02.092684
5800	2	4	4	0	0:00:02.086763
5820	5	3	3	0	0:00:02.088506
5840	2	2	2	1	0:00:02.091645
5860	0	1	8	0	0:00:02.102179
5880	0	0	0	1	0:00:02.098514
5900	4	3	0	0	0:00:02.090977
5920	8	8	8	1	0:00:02.087468
5940	7	4	4	0	0:00:02.086148
5960	2	6	6	0	0:00:02.081379
5980	9	9	2	1	0:00:02.088188
6000	8	9	8	0	0:00:02.091101
6020	6	6	6	1	0:00:02.087399
6040	2	7	5	0	0:00:02.097175
6060	3	4	2	0	0:00:02.092299
6080	1	9	9	0	0:00:02.092320
6100	1	1	8	1	0:00:02.092997
6120	5	5	5	1	0:00:02.082578
6140	9	9	9	1	0:00:02.082161
6160	2	5	5	0	0:00:02.080682
6180	0	0	0	1	0:00:02.083562
6200	3	3	3	1	0:00:02.089842
6220	2	5	5	0	0:00:02.076895
6240	2	1	2	0	0:00:02.077315
6260	2	9	6	0	0:00:02.075330
6280	8	5	5	0	0:00:02.082195
6300	1	1	2	1	0:00:02.103189
6320	0	-1	0	0	0:00:02.100231
6340	3	3	3	1	0:00:02.106513
6360	2	-1	2	0	0:00:02.086453
6380	3	-1	3	0	0:00:02.088687
6400	0	1	8	0	0:00:02.091354
6420	7	7	7	1	0:00:02.089829
6440	3	9	2	0	0:00:02.090452
6460	3	1	3	0	0:00:02.095315
6480	0	0	0	1	0:00:02.093195
6500	7	6	6	0	0:00:02.093538
6520	6	2	2	0	0:00:02.098623
6540	8	8	8	1	0:00:02.089353
6560	6	6	2	1	0:00:02.098294
6580	1	7	4	0	0:00:02.082294
6600	7	7	7	1	0:00:02.085073
6620	7	7	7	1	0:00:02.099934
6640	5	3	3	0	0:00:02.091103
6660	0	0	0	1	0:00:02.089510
6680	3	5	3	0	0:00:02.085226
6700	6	0	0	0	0:00:02.099711
6720	2	4	2	0	0:00:02.091111
6740	2	4	4	0	0:00:02.084308
6760	5	5	5	1	0:00:02.081474
6780	7	7	7	1	0:00:02.095485
6800	6	4	2	0	0:00:02.095310
6820	1	1	1	1	0:00:02.089305
6840	9	9	1	1	0:00:02.091480
6860	0	2	2	0	0:00:02.101435
6880	2	7	2	0	0:00:02.093714
6900	3	7	7	0	0:00:02.091748
6920	5	2	2	0	0:00:02.089233
6940	1	1	1	1	0:00:02.088201
6960	9	8	8	0	0:00:02.099625
6980	0	1	8	0	0:00:02.091228
7000	2	0	8	0	0:00:02.095021
7020	7	7	7	1	0:00:02.105302
7040	7	-1	8	0	0:00:02.101625
7060	8	8	8	1	0:00:02.098245
7080	5	4	4	0	0:00:02.091423
7100	9	5	3	0	0:00:02.110449
7120	7	5	5	0	0:00:02.097699
7140	4	9	3	0	0:00:02.091151
7160	5	5	5	1	0:00:02.096777
7180	6	6	3	1	0:00:02.100393
7200	4	6	2	0	0:00:02.093092
7220	9	9	8	1	0:00:02.091120
7240	0	8	8	0	0:00:02.105212
7260	1	1	8	1	0:00:02.091059
7280	1	9	9	0	0:00:02.093574
7300	3	4	4	0	0:00:02.106831
7320	8	0	0	0	0:00:02.100016
7340	2	4	4	0	0:00:02.093457
7360	2	7	4	0	0:00:02.102264
7380	7	7	7	1	0:00:02.100354
7400	3	3	3	1	0:00:02.092703
7420	3	4	2	0	0:00:02.095879
7440	3	3	3	1	0:00:02.098270
7460	5	5	5	1	0:00:02.104358
7480	1	8	8	0	0:00:02.106388
7500	6	6	6	1	0:00:02.093767
7520	4	4	2	1	0:00:02.083037
7540	5	5	5	1	0:00:02.082878
7560	0	0	4	1	0:00:02.087874
7580	8	8	8	1	0:00:02.092409
7600	8	9	2	0	0:00:02.087514
7620	5	3	3	0	0:00:02.092027
7640	9	8	8	0	0:00:02.090815
7660	7	9	4	0	0:00:02.088445
7680	3	9	3	0	0:00:02.089569
7700	6	6	6	1	0:00:02.091220
7720	5	2	2	0	0:00:02.091268
7740	4	2	2	0	0:00:02.102942
7760	2	9	9	0	0:00:02.089421
7780	3	-1	8	0	0:00:02.099200
7800	0	0	0	1	0:00:02.104766
7820	5	9	9	0	0:00:02.095949
7840	1	1	1	1	0:00:02.080920
7860	8	8	2	1	0:00:02.085774
7880	0	4	4	0	0:00:02.094414
7900	0	8	8	0	0:00:02.085969
7920	9	9	2	1	0:00:02.089219
7940	2	6	4	0	0:00:02.085552
7960	0	0	8	1	0:00:02.101130
7980	3	3	3	1	0:00:02.080625
8000	9	9	8	1	0:00:02.090992
8020	6	3	3	0	0:00:02.096350
8040	2	2	2	1	0:00:02.117777
8060	6	6	5	1	0:00:02.106173
8080	4	6	2	0	0:00:02.089281
8100	6	2	2	0	0:00:02.101452
8120	8	9	9	0	0:00:02.106222
8140	5	4	4	0	0:00:02.095394
8160	6	6	6	1	0:00:02.091993
8180	4	2	4	0	0:00:02.095567
8200	3	4	4	0	0:00:02.092802
8220	6	7	3	0	0:00:02.091746
8240	7	7	7	1	0:00:02.090482
8260	1	1	1	1	0:00:02.105454
8280	4	5	5	0	0:00:02.078949
8300	5	2	2	0	0:00:02.082219
8320	7	4	3	0	0:00:02.085030
8340	5	3	3	0	0:00:02.083572
8360	7	7	7	1	0:00:02.082667
8380	9	9	9	1	0:00:02.084293
8400	0	8	8	0	0:00:02.089121
8420	3	6	6	0	0:00:02.092242
8440	5	3	3	0	0:00:02.095608
8460	8	8	8	1	0:00:02.100756
8480	2	2	4	1	0:00:02.092418
8500	4	4	4	1	0:00:02.095750
8520	8	1	8	0	0:00:02.104568
8540	4	2	2	0	0:00:02.095176
8560	7	7	7	1	0:00:02.094973
8580	3	2	2	0	0:00:02.093112
8600	3	2	4	0	0:00:02.104258
8620	3	4	4	0	0:00:02.093121
8640	1	1	8	1	0:00:02.081465
8660	7	7	7	1	0:00:02.096712
8680	3	7	8	0	0:00:02.091226
8700	3	7	3	0	0:00:02.092642
8720	2	0	0	0	0:00:02.079735
8740	2	2	5	1	0:00:02.080301
8760	8	8	8	1	0:00:02.079401
8780	4	7	2	0	0:00:02.085032
8800	0	0	0	1	0:00:02.091866
8820	2	2	2	1	0:00:02.094256
8840	2	-1	7	0	0:00:02.082063
8860	2	2	2	1	0:00:02.083906
8880	1	1	1	1	0:00:02.087531
8900	2	4	4	0	0:00:02.087089
8920	6	6	2	1	0:00:02.099640
8940	6	3	3	0	0:00:02.093354
8960	0	0	0	1	0:00:02.085960
8980	9	9	9	1	0:00:02.094180
9000	8	8	8	1	0:00:02.093336
9020	7	7	7	1	0:00:02.087077
9040	2	5	5	0	0:00:02.089470
9060	9	9	3	1	0:00:02.090730
9080	3	2	2	0	0:00:02.082623
9100	9	1	3	0	0:00:02.085209
9120	3	0	3	0	0:00:02.085996
9140	7	9	2	0	0:00:02.097464
9160	5	3	3	0	0:00:02.093891
9180	5	5	5	1	0:00:02.106565
9200	8	8	8	1	0:00:02.105745
9220	8	8	8	1	0:00:02.110943
9240	8	8	8	1	0:00:02.100270
9260	5	5	5	1	0:00:02.100660
9280	9	8	8	0	0:00:02.101287
9300	5	2	2	0	0:00:02.093781
9320	9	9	9	1	0:00:02.090503
9340	1	1	1	1	0:00:02.114228
9360	5	0	5	0	0:00:02.097048
9380	5	3	3	0	0:00:02.093202
9400	6	6	2	1	0:00:02.094245
9420	5	5	5	1	0:00:02.104868
9440	8	8	8	1	0:00:02.096322
9460	3	7	7	0	0:00:02.111686
9480	2	-1	4	0	0:00:02.094414
9500	9	9	5	1	0:00:02.092861
9520	1	1	1	1	0:00:02.095105
9540	5	3	3	0	0:00:02.096538
9560	9	7	5	0	0:00:02.087321
9580	1	1	4	1	0:00:02.091613
9600	8	0	8	0	0:00:02.095227
9620	4	7	4	0	0:00:02.087141
9640	5	0	2	0	0:00:02.089888
9660	6	6	6	1	0:00:02.089360
9680	8	8	8	1	0:00:02.087883
9700	0	0	0	1	0:00:02.090946
9720	8	1	8	0	0:00:02.085564
9740	3	6	2	0	0:00:02.096406
9760	9	3	3	0	0:00:02.098168
9780	4	6	2	0	0:00:02.099454
9800	1	1	1	1	0:00:02.104296
9820	0	8	8	0	0:00:02.098451
9840	4	7	7	0	0:00:02.091714
9860	0	5	5	0	0:00:02.093668
9880	7	8	8	0	0:00:02.103155
9900	8	8	8	1	0:00:02.097944
9920	6	6	2	1	0:00:02.097808
9940	4	5	5	0	0:00:02.099311
9960	2	0	0	0	0:00:02.098272
9980	0	0	0	1	0:00:02.099204
